   1.0000000e+00   7.0000000e+00   0.0000000e+00
   2.0000000e+00   2.0000000e+00   3.4646900e-03
   3.0000000e+00   5.0000000e+00   5.8094731e-03
   4.0000000e+00   4.0000000e+00   7.3843376e-03
   5.0000000e+00   1.0000000e+00   8.4300238e-03
   6.0000000e+00   5.0000000e+00   9.1121239e-03
   7.0000000e+00   4.0000000e+00   9.5445383e-03
   8.0000000e+00   2.0000000e+00   9.8056109e-03
   9.0000000e+00   5.0000000e+00   9.9492270e-03
   1.0000000e+01   3.0000000e+00   1.0012448e-02
   1.1000000e+01   7.0000000e+00   1.0020763e-02
   1.2000000e+01   8.0000000e+00   9.9917000e-03
   1.3000000e+01   4.0000000e+00   9.9373124e-03
   1.4000000e+01   4.0000000e+00   9.8658867e-03
   1.5000000e+01   5.0000000e+00   9.7831184e-03
   1.6000000e+01   4.0000000e+00   9.6929215e-03
   1.7000000e+01   4.0000000e+00   9.5979839e-03
   1.8000000e+01   4.0000000e+00   9.5001504e-03
   1.9000000e+01   2.0000000e+00   9.4006860e-03
   2.0000000e+01   7.0000000e+00   9.3004568e-03
   2.1000000e+01   5.0000000e+00   9.2000547e-03
   2.2000000e+01   6.0000000e+00   9.0998828e-03
   2.3000000e+01   4.0000000e+00   9.0002145e-03
   2.4000000e+01   2.0000000e+00   8.9012342e-03
   2.5000000e+01   7.0000000e+00   8.8030648e-03
   2.6000000e+01   1.0000000e+00   8.7057871e-03
   2.7000000e+01   4.0000000e+00   8.6094530e-03
   2.8000000e+01   4.0000000e+00   8.5140945e-03
   2.9000000e+01   5.0000000e+00   8.4197301e-03
   3.0000000e+01   3.0000000e+00   8.3263688e-03
   3.1000000e+01   3.0000000e+00   8.2340134e-03
   3.2000000e+01   6.0000000e+00   8.1426621e-03
   3.3000000e+01   3.0000000e+00   8.0523103e-03
   3.4000000e+01   3.0000000e+00   7.9629516e-03
   3.5000000e+01   9.0000000e+00   7.8745779e-03
   3.6000000e+01   3.0000000e+00   7.7871805e-03
   3.7000000e+01   3.0000000e+00   7.7007499e-03
   3.8000000e+01   6.0000000e+00   7.6152765e-03
   3.9000000e+01   3.0000000e+00   7.5307504e-03
   4.0000000e+01   9.0000000e+00   7.4471614e-03
   4.1000000e+01   4.0000000e+00   7.3644995e-03
   4.2000000e+01   5.0000000e+00   7.2827547e-03
   4.3000000e+01   3.0000000e+00   7.2019169e-03
   4.4000000e+01   8.0000000e+00   7.1219762e-03
   4.5000000e+01   3.0000000e+00   7.0429227e-03
   4.6000000e+01   3.0000000e+00   6.9647465e-03
   4.7000000e+01   1.0000000e+00   6.8874380e-03
   4.8000000e+01   2.0000000e+00   6.8109876e-03
   4.9000000e+01   2.0000000e+00   6.7353858e-03
   5.0000000e+01   4.0000000e+00   6.6606231e-03
   5.1000000e+01   2.0000000e+00   6.5866902e-03
   5.2000000e+01   3.0000000e+00   6.5135780e-03
   5.3000000e+01   2.0000000e+00   6.4412773e-03
   5.4000000e+01   0.0000000e+00   6.3697792e-03
   5.5000000e+01   6.0000000e+00   6.2990747e-03
   5.6000000e+01   7.0000000e+00   6.2291550e-03
   5.7000000e+01   2.0000000e+00   6.1600114e-03
   5.8000000e+01   4.0000000e+00   6.0916353e-03
   5.9000000e+01   2.0000000e+00   6.0240182e-03
   6.0000000e+01   2.0000000e+00   5.9571516e-03
   6.1000000e+01   1.0000000e+00   5.8910273e-03
   6.2000000e+01   3.0000000e+00   5.8256369e-03
   6.3000000e+01   7.0000000e+00   5.7609724e-03
   6.4000000e+01   3.0000000e+00   5.6970256e-03
   6.5000000e+01   1.0000000e+00   5.6337886e-03
   6.6000000e+01   0.0000000e+00   5.5712536e-03
   6.7000000e+01   2.0000000e+00   5.5094127e-03
   6.8000000e+01   5.0000000e+00   5.4482583e-03
   6.9000000e+01   3.0000000e+00   5.3877826e-03
   7.0000000e+01   4.0000000e+00   5.3279783e-03
   7.1000000e+01   3.0000000e+00   5.2688377e-03
   7.2000000e+01   2.0000000e+00   5.2103537e-03
   7.3000000e+01   3.0000000e+00   5.1525188e-03
   7.4000000e+01   3.0000000e+00   5.0953258e-03
   7.5000000e+01   3.0000000e+00   5.0387677e-03
   7.6000000e+01   1.0000000e+00   4.9828374e-03
   7.7000000e+01   4.0000000e+00   4.9275280e-03
   7.8000000e+01   2.0000000e+00   4.8728324e-03
   7.9000000e+01   3.0000000e+00   4.8187440e-03
   8.0000000e+01   3.0000000e+00   4.7652560e-03
   8.1000000e+01   3.0000000e+00   4.7123617e-03
   8.2000000e+01   4.0000000e+00   4.6600545e-03
   8.3000000e+01   3.0000000e+00   4.6083279e-03
   8.4000000e+01   0.0000000e+00   4.5571755e-03
   8.5000000e+01   3.0000000e+00   4.5065908e-03
   8.6000000e+01   3.0000000e+00   4.4565677e-03
   8.7000000e+01   3.0000000e+00   4.4070998e-03
   8.8000000e+01   2.0000000e+00   4.3581810e-03
   8.9000000e+01   1.0000000e+00   4.3098052e-03
   9.0000000e+01   2.0000000e+00   4.2619664e-03
   9.1000000e+01   1.0000000e+00   4.2146586e-03
   9.2000000e+01   0.0000000e+00   4.1678759e-03
   9.3000000e+01   3.0000000e+00   4.1216125e-03
   9.4000000e+01   4.0000000e+00   4.0758627e-03
   9.5000000e+01   1.0000000e+00   4.0306206e-03
   9.6000000e+01   3.0000000e+00   3.9858807e-03
   9.7000000e+01   0.0000000e+00   3.9416375e-03
   9.8000000e+01   1.0000000e+00   3.8978853e-03
   9.9000000e+01   3.0000000e+00   3.8546188e-03
   1.0000000e+02   3.0000000e+00   3.8118326e-03
   1.0100000e+02   0.0000000e+00   3.7695212e-03
   1.0200000e+02   4.0000000e+00   3.7276796e-03
   1.0300000e+02   1.0000000e+00   3.6863023e-03
   1.0400000e+02   1.0000000e+00   3.6453844e-03
   1.0500000e+02   0.0000000e+00   3.6049207e-03
   1.0600000e+02   1.0000000e+00   3.5649060e-03
   1.0700000e+02   1.0000000e+00   3.5253356e-03
   1.0800000e+02   3.0000000e+00   3.4862044e-03
   1.0900000e+02   1.0000000e+00   3.4475075e-03
   1.1000000e+02   0.0000000e+00   3.4092402e-03
   1.1100000e+02   2.0000000e+00   3.3713977e-03
   1.1200000e+02   1.0000000e+00   3.3339752e-03
   1.1300000e+02   3.0000000e+00   3.2969681e-03
   1.1400000e+02   0.0000000e+00   3.2603717e-03
   1.1500000e+02   1.0000000e+00   3.2241816e-03
   1.1600000e+02   1.0000000e+00   3.1883932e-03
   1.1700000e+02   3.0000000e+00   3.1530021e-03
   1.1800000e+02   1.0000000e+00   3.1180038e-03
   1.1900000e+02   1.0000000e+00   3.0833939e-03
   1.2000000e+02   0.0000000e+00   3.0491683e-03
   1.2100000e+02   2.0000000e+00   3.0153225e-03
   1.2200000e+02   1.0000000e+00   2.9818525e-03
   1.2300000e+02   0.0000000e+00   2.9487539e-03
   1.2400000e+02   0.0000000e+00   2.9160228e-03
   1.2500000e+02   1.0000000e+00   2.8836549e-03
   1.2600000e+02   3.0000000e+00   2.8516464e-03
   1.2700000e+02   1.0000000e+00   2.8199931e-03
   1.2800000e+02   4.0000000e+00   2.7886912e-03
   1.2900000e+02   1.0000000e+00   2.7577367e-03
   1.3000000e+02   0.0000000e+00   2.7271259e-03
   1.3100000e+02   1.0000000e+00   2.6968548e-03
   1.3200000e+02   1.0000000e+00   2.6669197e-03
   1.3300000e+02   1.0000000e+00   2.6373169e-03
   1.3400000e+02   2.0000000e+00   2.6080427e-03
   1.3500000e+02   1.0000000e+00   2.5790935e-03
   1.3600000e+02   1.0000000e+00   2.5504655e-03
   1.3700000e+02   2.0000000e+00   2.5221554e-03
   1.3800000e+02   1.0000000e+00   2.4941595e-03
   1.3900000e+02   0.0000000e+00   2.4664743e-03
   1.4000000e+02   0.0000000e+00   2.4390965e-03
   1.4100000e+02   3.0000000e+00   2.4120225e-03
   1.4200000e+02   0.0000000e+00   2.3852491e-03
   1.4300000e+02   3.0000000e+00   2.3587728e-03
   1.4400000e+02   2.0000000e+00   2.3325904e-03
   1.4500000e+02   1.0000000e+00   2.3066987e-03
   1.4600000e+02   2.0000000e+00   2.2810944e-03
   1.4700000e+02   3.0000000e+00   2.2557742e-03
   1.4800000e+02   5.0000000e+00   2.2307351e-03
   1.4900000e+02   0.0000000e+00   2.2059740e-03
   1.5000000e+02   1.0000000e+00   2.1814877e-03
   1.5100000e+02   3.0000000e+00   2.1572732e-03
   1.5200000e+02   0.0000000e+00   2.1333275e-03
   1.5300000e+02   0.0000000e+00   2.1096475e-03
   1.5400000e+02   1.0000000e+00   2.0862305e-03
   1.5500000e+02   2.0000000e+00   2.0630733e-03
   1.5600000e+02   0.0000000e+00   2.0401732e-03
   1.5700000e+02   0.0000000e+00   2.0175273e-03
   1.5800000e+02   2.0000000e+00   1.9951327e-03
   1.5900000e+02   0.0000000e+00   1.9729868e-03
   1.6000000e+02   0.0000000e+00   1.9510866e-03
   1.6100000e+02   0.0000000e+00   1.9294296e-03
   1.6200000e+02   1.0000000e+00   1.9080129e-03
   1.6300000e+02   1.0000000e+00   1.8868340e-03
   1.6400000e+02   0.0000000e+00   1.8658901e-03
   1.6500000e+02   0.0000000e+00   1.8451788e-03
   1.6600000e+02   2.0000000e+00   1.8246973e-03
   1.6700000e+02   3.0000000e+00   1.8044432e-03
   1.6800000e+02   0.0000000e+00   1.7844139e-03
   1.6900000e+02   0.0000000e+00   1.7646069e-03
   1.7000000e+02   0.0000000e+00   1.7450197e-03
   1.7100000e+02   2.0000000e+00   1.7256500e-03
   1.7200000e+02   0.0000000e+00   1.7064953e-03
   1.7300000e+02   0.0000000e+00   1.6875532e-03
   1.7400000e+02   1.0000000e+00   1.6688214e-03
   1.7500000e+02   2.0000000e+00   1.6502975e-03
   1.7600000e+02   2.0000000e+00   1.6319792e-03
   1.7700000e+02   1.0000000e+00   1.6138642e-03
   1.7800000e+02   2.0000000e+00   1.5959504e-03
   1.7900000e+02   0.0000000e+00   1.5782353e-03
   1.8000000e+02   0.0000000e+00   1.5607169e-03
   1.8100000e+02   0.0000000e+00   1.5433930e-03
   1.8200000e+02   0.0000000e+00   1.5262613e-03
   1.8300000e+02   0.0000000e+00   1.5093198e-03
   1.8400000e+02   1.0000000e+00   1.4925664e-03
   1.8500000e+02   0.0000000e+00   1.4759989e-03
   1.8600000e+02   1.0000000e+00   1.4596153e-03
   1.8700000e+02   0.0000000e+00   1.4434136e-03
   1.8800000e+02   3.0000000e+00   1.4273917e-03
   1.8900000e+02   2.0000000e+00   1.4115477e-03
   1.9000000e+02   0.0000000e+00   1.3958795e-03
   1.9100000e+02   0.0000000e+00   1.3803852e-03
   1.9200000e+02   1.0000000e+00   1.3650630e-03
   1.9300000e+02   2.0000000e+00   1.3499108e-03
   1.9400000e+02   0.0000000e+00   1.3349268e-03
   1.9500000e+02   0.0000000e+00   1.3201091e-03
   1.9600000e+02   0.0000000e+00   1.3054559e-03
   1.9700000e+02   0.0000000e+00   1.2909653e-03
   1.9800000e+02   0.0000000e+00   1.2766356e-03
   1.9900000e+02   1.0000000e+00   1.2624650e-03
   2.0000000e+02   0.0000000e+00   1.2484516e-03
   2.0100000e+02   0.0000000e+00   1.2345938e-03
   2.0200000e+02   0.0000000e+00   1.2208898e-03
   2.0300000e+02   1.0000000e+00   1.2073379e-03
   2.0400000e+02   0.0000000e+00   1.1939365e-03
   2.0500000e+02   0.0000000e+00   1.1806838e-03
   2.0600000e+02   1.0000000e+00   1.1675782e-03
   2.0700000e+02   0.0000000e+00   1.1546181e-03
   2.0800000e+02   1.0000000e+00   1.1418019e-03
   2.0900000e+02   1.0000000e+00   1.1291279e-03
   2.1000000e+02   0.0000000e+00   1.1165946e-03
   2.1100000e+02   0.0000000e+00   1.1042004e-03
   2.1200000e+02   0.0000000e+00   1.0919437e-03
   2.1300000e+02   0.0000000e+00   1.0798232e-03
   2.1400000e+02   0.0000000e+00   1.0678371e-03
   2.1500000e+02   0.0000000e+00   1.0559842e-03
   2.1600000e+02   1.0000000e+00   1.0442627e-03
   2.1700000e+02   0.0000000e+00   1.0326714e-03
   2.1800000e+02   0.0000000e+00   1.0212088e-03
   2.1900000e+02   2.0000000e+00   1.0098734e-03
   2.2000000e+02   1.0000000e+00   9.9866377e-04
   2.2100000e+02   1.0000000e+00   9.8757861e-04
   2.2200000e+02   0.0000000e+00   9.7661649e-04
   2.2300000e+02   1.0000000e+00   9.6577605e-04
   2.2400000e+02   1.0000000e+00   9.5505594e-04
   2.2500000e+02   0.0000000e+00   9.4445483e-04
   2.2600000e+02   1.0000000e+00   9.3397138e-04
   2.2700000e+02   0.0000000e+00   9.2360430e-04
   2.2800000e+02   0.0000000e+00   9.1335230e-04
   2.2900000e+02   0.0000000e+00   9.0321409e-04
   2.3000000e+02   0.0000000e+00   8.9318842e-04
   2.3100000e+02   2.0000000e+00   8.8327403e-04
   2.3200000e+02   0.0000000e+00   8.7346970e-04
   2.3300000e+02   1.0000000e+00   8.6377419e-04
   2.3400000e+02   1.0000000e+00   8.5418630e-04
   2.3500000e+02   0.0000000e+00   8.4470483e-04
   2.3600000e+02   1.0000000e+00   8.3532862e-04
   2.3700000e+02   0.0000000e+00   8.2605647e-04
   2.3800000e+02   0.0000000e+00   8.1688725e-04
   2.3900000e+02   0.0000000e+00   8.0781980e-04
   2.4000000e+02   0.0000000e+00   7.9885301e-04
   2.4100000e+02   0.0000000e+00   7.8998574e-04
   2.4200000e+02   0.0000000e+00   7.8121691e-04
   2.4300000e+02   0.0000000e+00   7.7254540e-04
   2.4400000e+02   1.0000000e+00   7.6397015e-04
   2.4500000e+02   0.0000000e+00   7.5549009e-04
   2.4600000e+02   0.0000000e+00   7.4710415e-04
   2.4700000e+02   0.0000000e+00   7.3881130e-04
   2.4800000e+02   1.0000000e+00   7.3061050e-04
   2.4900000e+02   0.0000000e+00   7.2250072e-04
   2.5000000e+02   0.0000000e+00   7.1448097e-04
   2.5100000e+02   1.0000000e+00   7.0655023e-04
   2.5200000e+02   2.0000000e+00   6.9870753e-04
   2.5300000e+02   0.0000000e+00   6.9095188e-04
   2.5400000e+02   1.0000000e+00   6.8328232e-04
   2.5500000e+02   0.0000000e+00   6.7569789e-04
   2.5600000e+02   1.0000000e+00   6.6819764e-04
   2.5700000e+02   0.0000000e+00   6.6078065e-04
   2.5800000e+02   0.0000000e+00   6.5344599e-04
   2.5900000e+02   1.0000000e+00   6.4619274e-04
   2.6000000e+02   0.0000000e+00   6.3902001e-04
   2.6100000e+02   0.0000000e+00   6.3192689e-04
   2.6200000e+02   0.0000000e+00   6.2491250e-04
   2.6300000e+02   0.0000000e+00   6.1797598e-04
   2.6400000e+02   0.0000000e+00   6.1111645e-04
   2.6500000e+02   0.0000000e+00   6.0433306e-04
   2.6600000e+02   0.0000000e+00   5.9762496e-04
   2.6700000e+02   0.0000000e+00   5.9099133e-04
   2.6800000e+02   0.0000000e+00   5.8443133e-04
   2.6900000e+02   0.0000000e+00   5.7794414e-04
   2.7000000e+02   0.0000000e+00   5.7152896e-04
   2.7100000e+02   0.0000000e+00   5.6518500e-04
   2.7200000e+02   1.0000000e+00   5.5891144e-04
   2.7300000e+02   0.0000000e+00   5.5270753e-04
   2.7400000e+02   1.0000000e+00   5.4657248e-04
   2.7500000e+02   1.0000000e+00   5.4050553e-04
   2.7600000e+02   1.0000000e+00   5.3450592e-04
   2.7700000e+02   0.0000000e+00   5.2857291e-04
   2.7800000e+02   0.0000000e+00   5.2270575e-04
   2.7900000e+02   1.0000000e+00   5.1690372e-04
   2.8000000e+02   1.0000000e+00   5.1116609e-04
   2.8100000e+02   0.0000000e+00   5.0549215e-04
   2.8200000e+02   0.0000000e+00   4.9988119e-04
   2.8300000e+02   0.0000000e+00   4.9433251e-04
   2.8400000e+02   0.0000000e+00   4.8884542e-04
   2.8500000e+02   0.0000000e+00   4.8341924e-04
   2.8600000e+02   0.0000000e+00   4.7805329e-04
   2.8700000e+02   0.0000000e+00   4.7274690e-04
   2.8800000e+02   0.0000000e+00   4.6749941e-04
   2.8900000e+02   0.0000000e+00   4.6231017e-04
   2.9000000e+02   0.0000000e+00   4.5717853e-04
   2.9100000e+02   1.0000000e+00   4.5210385e-04
   2.9200000e+02   1.0000000e+00   4.4708550e-04
   2.9300000e+02   0.0000000e+00   4.4212285e-04
   2.9400000e+02   0.0000000e+00   4.3721529e-04
   2.9500000e+02   0.0000000e+00   4.3236220e-04
   2.9600000e+02   0.0000000e+00   4.2756298e-04
   2.9700000e+02   0.0000000e+00   4.2281704e-04
   2.9800000e+02   0.0000000e+00   4.1812377e-04
   2.9900000e+02   1.0000000e+00   4.1348260e-04
   3.0000000e+02   0.0000000e+00   4.0889294e-04
   3.0100000e+02   1.0000000e+00   4.0435423e-04
   3.0200000e+02   0.0000000e+00   3.9986590e-04
   3.0300000e+02   0.0000000e+00   3.9542739e-04
   3.0400000e+02   0.0000000e+00   3.9103815e-04
   3.0500000e+02   0.0000000e+00   3.8669763e-04
   3.0600000e+02   0.0000000e+00   3.8240529e-04
   3.0700000e+02   0.0000000e+00   3.7816059e-04
   3.0800000e+02   0.0000000e+00   3.7396301e-04
   3.0900000e+02   0.0000000e+00   3.6981202e-04
   3.1000000e+02   0.0000000e+00   3.6570711e-04
   3.1100000e+02   0.0000000e+00   3.6164776e-04
   3.1200000e+02   0.0000000e+00   3.5763348e-04
   3.1300000e+02   0.0000000e+00   3.5366375e-04
   3.1400000e+02   0.0000000e+00   3.4973808e-04
   3.1500000e+02   0.0000000e+00   3.4585599e-04
   3.1600000e+02   0.0000000e+00   3.4201699e-04
   3.1700000e+02   1.0000000e+00   3.3822060e-04
   3.1800000e+02   0.0000000e+00   3.3446635e-04
   3.1900000e+02   0.0000000e+00   3.3075378e-04
   3.2000000e+02   0.0000000e+00   3.2708241e-04
   3.2100000e+02   0.0000000e+00   3.2345180e-04
   3.2200000e+02   0.0000000e+00   3.1986149e-04
   3.2300000e+02   1.0000000e+00   3.1631103e-04
   3.2400000e+02   0.0000000e+00   3.1279998e-04
   3.2500000e+02   0.0000000e+00   3.0932790e-04
   3.2600000e+02   0.0000000e+00   3.0589436e-04
   3.2700000e+02   0.0000000e+00   3.0249893e-04
   3.2800000e+02   0.0000000e+00   2.9914120e-04
   3.2900000e+02   0.0000000e+00   2.9582073e-04
   3.3000000e+02   1.0000000e+00   2.9253712e-04
   3.3100000e+02   0.0000000e+00   2.8928996e-04
   3.3200000e+02   1.0000000e+00   2.8607884e-04
   3.3300000e+02   0.0000000e+00   2.8290337e-04
   3.3400000e+02   0.0000000e+00   2.7976314e-04
   3.3500000e+02   0.0000000e+00   2.7665778e-04
   3.3600000e+02   0.0000000e+00   2.7358688e-04
   3.3700000e+02   1.0000000e+00   2.7055006e-04
   3.3800000e+02   0.0000000e+00   2.6754696e-04
   3.3900000e+02   0.0000000e+00   2.6457719e-04
   3.4000000e+02   0.0000000e+00   2.6164038e-04
   3.4100000e+02   0.0000000e+00   2.5873618e-04
   3.4200000e+02   0.0000000e+00   2.5586420e-04
   3.4300000e+02   0.0000000e+00   2.5302411e-04
   3.4400000e+02   0.0000000e+00   2.5021555e-04
   3.4500000e+02   0.0000000e+00   2.4743816e-04
   3.4600000e+02   1.0000000e+00   2.4469159e-04
   3.4700000e+02   0.0000000e+00   2.4197552e-04
   3.4800000e+02   0.0000000e+00   2.3928959e-04
   3.4900000e+02   0.0000000e+00   2.3663348e-04
   3.5000000e+02   0.0000000e+00   2.3400685e-04
   3.5100000e+02   0.0000000e+00   2.3140937e-04
   3.5200000e+02   1.0000000e+00   2.2884073e-04
   3.5300000e+02   0.0000000e+00   2.2630060e-04
   3.5400000e+02   0.0000000e+00   2.2378866e-04
   3.5500000e+02   0.0000000e+00   2.2130461e-04
   3.5600000e+02   0.0000000e+00   2.1884813e-04
   3.5700000e+02   0.0000000e+00   2.1641892e-04
   3.5800000e+02   0.0000000e+00   2.1401667e-04
   3.5900000e+02   0.0000000e+00   2.1164108e-04
   3.6000000e+02   0.0000000e+00   2.0929187e-04
   3.6100000e+02   0.0000000e+00   2.0696873e-04
   3.6200000e+02   0.0000000e+00   2.0467138e-04
   3.6300000e+02   0.0000000e+00   2.0239953e-04
   3.6400000e+02   0.0000000e+00   2.0015289e-04
   3.6500000e+02   0.0000000e+00   1.9793120e-04
   3.6600000e+02   0.0000000e+00   1.9573416e-04
   3.6700000e+02   0.0000000e+00   1.9356151e-04
   3.6800000e+02   0.0000000e+00   1.9141298e-04
   3.6900000e+02   0.0000000e+00   1.8928830e-04
   3.7000000e+02   0.0000000e+00   1.8718720e-04
   3.7100000e+02   1.0000000e+00   1.8510942e-04
   3.7200000e+02   0.0000000e+00   1.8305471e-04
   3.7300000e+02   1.0000000e+00   1.8102280e-04
   3.7400000e+02   0.0000000e+00   1.7901345e-04
   3.7500000e+02   0.0000000e+00   1.7702640e-04
   3.7600000e+02   0.0000000e+00   1.7506141e-04
   3.7700000e+02   0.0000000e+00   1.7311823e-04
   3.7800000e+02   0.0000000e+00   1.7119662e-04
   3.7900000e+02   0.0000000e+00   1.6929633e-04
   3.8000000e+02   0.0000000e+00   1.6741715e-04
   3.8100000e+02   0.0000000e+00   1.6555882e-04
   3.8200000e+02   0.0000000e+00   1.6372111e-04
   3.8300000e+02   0.0000000e+00   1.6190381e-04
   3.8400000e+02   0.0000000e+00   1.6010668e-04
   3.8500000e+02   0.0000000e+00   1.5832950e-04
   3.8600000e+02   0.0000000e+00   1.5657204e-04
   3.8700000e+02   0.0000000e+00   1.5483409e-04
   3.8800000e+02   0.0000000e+00   1.5311543e-04
   3.8900000e+02   0.0000000e+00   1.5141585e-04
   3.9000000e+02   0.0000000e+00   1.4973514e-04
   3.9100000e+02   0.0000000e+00   1.4807308e-04
   3.9200000e+02   0.0000000e+00   1.4642947e-04
   3.9300000e+02   0.0000000e+00   1.4480410e-04
   3.9400000e+02   0.0000000e+00   1.4319678e-04
   3.9500000e+02   0.0000000e+00   1.4160729e-04
   3.9600000e+02   0.0000000e+00   1.4003545e-04
   3.9700000e+02   0.0000000e+00   1.3848106e-04
   3.9800000e+02   0.0000000e+00   1.3694392e-04
   3.9900000e+02   0.0000000e+00   1.3542384e-04
   4.0000000e+02   0.0000000e+00   1.3392064e-04
   4.0100000e+02   0.0000000e+00   1.3243412e-04
   4.0200000e+02   0.0000000e+00   1.3096410e-04
   4.0300000e+02   0.0000000e+00   1.2951040e-04
   4.0400000e+02   0.0000000e+00   1.2807284e-04
   4.0500000e+02   0.0000000e+00   1.2665123e-04
   4.0600000e+02   0.0000000e+00   1.2524540e-04
   4.0700000e+02   0.0000000e+00   1.2385518e-04
   4.0800000e+02   0.0000000e+00   1.2248039e-04
   4.0900000e+02   0.0000000e+00   1.2112085e-04
   4.1000000e+02   0.0000000e+00   1.1977641e-04
   4.1100000e+02   0.0000000e+00   1.1844690e-04
   4.1200000e+02   0.0000000e+00   1.1713214e-04
   4.1300000e+02   0.0000000e+00   1.1583197e-04
   4.1400000e+02   0.0000000e+00   1.1454624e-04
   4.1500000e+02   0.0000000e+00   1.1327477e-04
   4.1600000e+02   0.0000000e+00   1.1201742e-04
   4.1700000e+02   0.0000000e+00   1.1077403e-04
   4.1800000e+02   0.0000000e+00   1.0954444e-04
   4.1900000e+02   0.0000000e+00   1.0832850e-04
   4.2000000e+02   0.0000000e+00   1.0712605e-04
   4.2100000e+02   0.0000000e+00   1.0593695e-04
   4.2200000e+02   0.0000000e+00   1.0476105e-04
   4.2300000e+02   0.0000000e+00   1.0359821e-04
   4.2400000e+02   1.0000000e+00   1.0244827e-04
   4.2500000e+02   0.0000000e+00   1.0131109e-04
   4.2600000e+02   0.0000000e+00   1.0018654e-04
   4.2700000e+02   0.0000000e+00   9.9074468e-05
   4.2800000e+02   0.0000000e+00   9.7974742e-05
   4.2900000e+02   0.0000000e+00   9.6887222e-05
   4.3000000e+02   0.0000000e+00   9.5811775e-05
   4.3100000e+02   0.0000000e+00   9.4748265e-05
   4.3200000e+02   0.0000000e+00   9.3696559e-05
   4.3300000e+02   0.0000000e+00   9.2656528e-05
   4.3400000e+02   0.0000000e+00   9.1628041e-05
   4.3500000e+02   0.0000000e+00   9.0610970e-05
   4.3600000e+02   0.0000000e+00   8.9605189e-05
   4.3700000e+02   2.0000000e+00   8.8610572e-05
   4.3800000e+02   0.0000000e+00   8.7626995e-05
   4.3900000e+02   0.0000000e+00   8.6654335e-05
   4.4000000e+02   0.0000000e+00   8.5692473e-05
   4.4100000e+02   0.0000000e+00   8.4741287e-05
   4.4200000e+02   0.0000000e+00   8.3800659e-05
   4.4300000e+02   0.0000000e+00   8.2870472e-05
   4.4400000e+02   0.0000000e+00   8.1950610e-05
   4.4500000e+02   0.0000000e+00   8.1040959e-05
   4.4600000e+02   0.0000000e+00   8.0141404e-05
   4.4700000e+02   0.0000000e+00   7.9251835e-05
   4.4800000e+02   0.0000000e+00   7.8372140e-05
   4.4900000e+02   0.0000000e+00   7.7502210e-05
   4.5000000e+02   0.0000000e+00   7.6641936e-05
   4.5100000e+02   0.0000000e+00   7.5791211e-05
   4.5200000e+02   0.0000000e+00   7.4949929e-05
   4.5300000e+02   0.0000000e+00   7.4117985e-05
   4.5400000e+02   0.0000000e+00   7.3295275e-05
   4.5500000e+02   0.0000000e+00   7.2481698e-05
   4.5600000e+02   0.0000000e+00   7.1677152e-05
   4.5700000e+02   0.0000000e+00   7.0881536e-05
   4.5800000e+02   0.0000000e+00   7.0094751e-05
   4.5900000e+02   0.0000000e+00   6.9316700e-05
   4.6000000e+02   0.0000000e+00   6.8547285e-05
   4.6100000e+02   0.0000000e+00   6.7786410e-05
   4.6200000e+02   0.0000000e+00   6.7033981e-05
   4.6300000e+02   0.0000000e+00   6.6289904e-05
   4.6400000e+02   0.0000000e+00   6.5554087e-05
   4.6500000e+02   0.0000000e+00   6.4826437e-05
   4.6600000e+02   0.0000000e+00   6.4106863e-05
   4.6700000e+02   0.0000000e+00   6.3395278e-05
   4.6800000e+02   0.0000000e+00   6.2691590e-05
   4.6900000e+02   0.0000000e+00   6.1995714e-05
   4.7000000e+02   0.0000000e+00   6.1307562e-05
   4.7100000e+02   1.0000000e+00   6.0627048e-05
   4.7200000e+02   0.0000000e+00   5.9954088e-05
   4.7300000e+02   0.0000000e+00   5.9288598e-05
   4.7400000e+02   1.0000000e+00   5.8630495e-05
   4.7500000e+02   0.0000000e+00   5.7979697e-05
   4.7600000e+02   0.0000000e+00   5.7336122e-05
   4.7700000e+02   0.0000000e+00   5.6699692e-05
   4.7800000e+02   0.0000000e+00   5.6070325e-05
   4.7900000e+02   0.0000000e+00   5.5447945e-05
   4.8000000e+02   0.0000000e+00   5.4832473e-05
   4.8100000e+02   0.0000000e+00   5.4223833e-05
   4.8200000e+02   0.0000000e+00   5.3621949e-05
   4.8300000e+02   0.0000000e+00   5.3026745e-05
   4.8400000e+02   0.0000000e+00   5.2438149e-05
   4.8500000e+02   0.0000000e+00   5.1856086e-05
   4.8600000e+02   0.0000000e+00   5.1280483e-05
   4.8700000e+02   0.0000000e+00   5.0711270e-05
   4.8800000e+02   0.0000000e+00   5.0148375e-05
   4.8900000e+02   0.0000000e+00   4.9591729e-05
   4.9000000e+02   0.0000000e+00   4.9041261e-05
   4.9100000e+02   0.0000000e+00   4.8496903e-05
   4.9200000e+02   0.0000000e+00   4.7958587e-05
   4.9300000e+02   0.0000000e+00   4.7426247e-05
   4.9400000e+02   0.0000000e+00   4.6899816e-05
   4.9500000e+02   0.0000000e+00   4.6379228e-05
   4.9600000e+02   0.0000000e+00   4.5864419e-05
   4.9700000e+02   0.0000000e+00   4.5355324e-05
   4.9800000e+02   0.0000000e+00   4.4851881e-05
   4.9900000e+02   0.0000000e+00   4.4354025e-05
   5.0000000e+02   0.0000000e+00   4.3861695e-05
   5.0100000e+02   0.0000000e+00   4.3374831e-05
   5.0200000e+02   0.0000000e+00   4.2893370e-05
   5.0300000e+02   0.0000000e+00   4.2417254e-05
   5.0400000e+02   0.0000000e+00   4.1946423e-05
   5.0500000e+02   0.0000000e+00   4.1480818e-05
   5.0600000e+02   0.0000000e+00   4.1020381e-05
   5.0700000e+02   0.0000000e+00   4.0565055e-05
   5.0800000e+02   0.0000000e+00   4.0114783e-05
   5.0900000e+02   0.0000000e+00   3.9669509e-05
   5.1000000e+02   0.0000000e+00   3.9229178e-05
   5.1100000e+02   0.0000000e+00   3.8793734e-05
   5.1200000e+02   1.0000000e+00   3.8363124e-05
   5.1300000e+02   0.0000000e+00   3.7937293e-05
   5.1400000e+02   0.0000000e+00   3.7516190e-05
   5.1500000e+02   0.0000000e+00   3.7099760e-05
   5.1600000e+02   0.0000000e+00   3.6687953e-05
   5.1700000e+02   0.0000000e+00   3.6280717e-05
   5.1800000e+02   1.0000000e+00   3.5878001e-05
   5.1900000e+02   0.0000000e+00   3.5479755e-05
   5.2000000e+02   0.0000000e+00   3.5085930e-05
   5.2100000e+02   0.0000000e+00   3.4696477e-05
   5.2200000e+02   0.0000000e+00   3.4311346e-05
   5.2300000e+02   0.0000000e+00   3.3930490e-05
   5.2400000e+02   0.0000000e+00   3.3553862e-05
   5.2500000e+02   0.0000000e+00   3.3181414e-05
   5.2600000e+02   0.0000000e+00   3.2813101e-05
   5.2700000e+02   0.0000000e+00   3.2448875e-05
   5.2800000e+02   0.0000000e+00   3.2088693e-05
   5.2900000e+02   0.0000000e+00   3.1732509e-05
   5.3000000e+02   0.0000000e+00   3.1380278e-05
   5.3100000e+02   0.0000000e+00   3.1031957e-05
   5.3200000e+02   0.0000000e+00   3.0687502e-05
   5.3300000e+02   0.0000000e+00   3.0346871e-05
   5.3400000e+02   0.0000000e+00   3.0010021e-05
   5.3500000e+02   0.0000000e+00   2.9676910e-05
   5.3600000e+02   0.0000000e+00   2.9347496e-05
   5.3700000e+02   0.0000000e+00   2.9021739e-05
   5.3800000e+02   0.0000000e+00   2.8699598e-05
   5.3900000e+02   0.0000000e+00   2.8381033e-05
   5.4000000e+02   0.0000000e+00   2.8066003e-05
   5.4100000e+02   0.0000000e+00   2.7754471e-05
   5.4200000e+02   0.0000000e+00   2.7446396e-05
   5.4300000e+02   1.0000000e+00   2.7141742e-05
   5.4400000e+02   0.0000000e+00   2.6840468e-05
   5.4500000e+02   0.0000000e+00   2.6542539e-05
   5.4600000e+02   0.0000000e+00   2.6247917e-05
   5.4700000e+02   0.0000000e+00   2.5956566e-05
   5.4800000e+02   0.0000000e+00   2.5668448e-05
   5.4900000e+02   0.0000000e+00   2.5383528e-05
   5.5000000e+02   0.0000000e+00   2.5101771e-05
   5.5100000e+02   0.0000000e+00   2.4823142e-05
   5.5200000e+02   0.0000000e+00   2.4547605e-05
   5.5300000e+02   0.0000000e+00   2.4275127e-05
   5.5400000e+02   0.0000000e+00   2.4005673e-05
   5.5500000e+02   0.0000000e+00   2.3739210e-05
   5.5600000e+02   0.0000000e+00   2.3475705e-05
   5.5700000e+02   0.0000000e+00   2.3215125e-05
   5.5800000e+02   0.0000000e+00   2.2957437e-05
   5.5900000e+02   0.0000000e+00   2.2702609e-05
   5.6000000e+02   0.0000000e+00   2.2450610e-05
   5.6100000e+02   0.0000000e+00   2.2201409e-05
   5.6200000e+02   0.0000000e+00   2.1954973e-05
   5.6300000e+02   0.0000000e+00   2.1711273e-05
   5.6400000e+02   0.0000000e+00   2.1470278e-05
   5.6500000e+02   0.0000000e+00   2.1231958e-05
   5.6600000e+02   0.0000000e+00   2.0996284e-05
   5.6700000e+02   0.0000000e+00   2.0763225e-05
   5.6800000e+02   0.0000000e+00   2.0532753e-05
   5.6900000e+02   0.0000000e+00   2.0304840e-05
   5.7000000e+02   0.0000000e+00   2.0079456e-05
   5.7100000e+02   0.0000000e+00   1.9856574e-05
   5.7200000e+02   0.0000000e+00   1.9636166e-05
   5.7300000e+02   0.0000000e+00   1.9418205e-05
   5.7400000e+02   0.0000000e+00   1.9202663e-05
   5.7500000e+02   0.0000000e+00   1.8989514e-05
   5.7600000e+02   0.0000000e+00   1.8778730e-05
   5.7700000e+02   0.0000000e+00   1.8570286e-05
   5.7800000e+02   0.0000000e+00   1.8364156e-05
   5.7900000e+02   0.0000000e+00   1.8160314e-05
   5.8000000e+02   0.0000000e+00   1.7958735e-05
   5.8100000e+02   0.0000000e+00   1.7759393e-05
   5.8200000e+02   0.0000000e+00   1.7562264e-05
   5.8300000e+02   0.0000000e+00   1.7367323e-05
   5.8400000e+02   0.0000000e+00   1.7174545e-05
   5.8500000e+02   0.0000000e+00   1.6983908e-05
   5.8600000e+02   0.0000000e+00   1.6795387e-05
   5.8700000e+02   0.0000000e+00   1.6608958e-05
   5.8800000e+02   0.0000000e+00   1.6424599e-05
   5.8900000e+02   0.0000000e+00   1.6242286e-05
   5.9000000e+02   0.0000000e+00   1.6061996e-05
   5.9100000e+02   0.0000000e+00   1.5883708e-05
   5.9200000e+02   0.0000000e+00   1.5707399e-05
   5.9300000e+02   0.0000000e+00   1.5533047e-05
   5.9400000e+02   0.0000000e+00   1.5360630e-05
   5.9500000e+02   0.0000000e+00   1.5190128e-05
   5.9600000e+02   1.0000000e+00   1.5021517e-05
