   1.0000000e+00   9.0000000e+00   0.0000000e+00
   2.0000000e+00   4.0000000e+00   0.0000000e+00
   3.0000000e+00   2.0000000e+00   4.0524445e-03
   4.0000000e+00   3.0000000e+00   7.0351763e-03
   5.0000000e+00   5.0000000e+00   8.6556326e-03
   6.0000000e+00   5.0000000e+00   9.4087503e-03
   7.0000000e+00   2.0000000e+00   9.7046612e-03
   8.0000000e+00   6.0000000e+00   9.7805378e-03
   9.0000000e+00   5.0000000e+00   9.7562753e-03
   1.0000000e+01   9.0000000e+00   9.6883249e-03
   1.1000000e+01   3.0000000e+00   9.6021183e-03
   1.2000000e+01   3.0000000e+00   9.5087709e-03
   1.3000000e+01   6.0000000e+00   9.4130332e-03
   1.4000000e+01   6.0000000e+00   9.3168985e-03
   1.5000000e+01   8.0000000e+00   9.2211891e-03
   1.6000000e+01   9.0000000e+00   9.1262369e-03
   1.7000000e+01   4.0000000e+00   9.0321713e-03
   1.8000000e+01   5.0000000e+00   8.9390388e-03
   1.9000000e+01   3.0000000e+00   8.8468520e-03
   2.0000000e+01   8.0000000e+00   8.7556101e-03
   2.1000000e+01   2.0000000e+00   8.6653069e-03
   2.2000000e+01   3.0000000e+00   8.5759342e-03
   2.3000000e+01   3.0000000e+00   8.4874829e-03
   2.4000000e+01   3.0000000e+00   8.3999437e-03
   2.5000000e+01   2.0000000e+00   8.3133074e-03
   2.6000000e+01   2.0000000e+00   8.2275646e-03
   2.7000000e+01   1.0000000e+00   8.1427061e-03
   2.8000000e+01   6.0000000e+00   8.0587228e-03
   2.9000000e+01   1.0000000e+00   7.9756058e-03
   3.0000000e+01   4.0000000e+00   7.8933460e-03
   3.1000000e+01   1.0000000e+00   7.8119346e-03
   3.2000000e+01   6.0000000e+00   7.7313629e-03
   3.3000000e+01   2.0000000e+00   7.6516222e-03
   3.4000000e+01   4.0000000e+00   7.5727040e-03
   3.5000000e+01   4.0000000e+00   7.4945997e-03
   3.6000000e+01   5.0000000e+00   7.4173010e-03
   3.7000000e+01   4.0000000e+00   7.3407995e-03
   3.8000000e+01   1.0000000e+00   7.2650871e-03
   3.9000000e+01   4.0000000e+00   7.1901555e-03
   4.0000000e+01   2.0000000e+00   7.1159968e-03
   4.1000000e+01   3.0000000e+00   7.0426029e-03
   4.2000000e+01   0.0000000e+00   6.9699661e-03
   4.3000000e+01   4.0000000e+00   6.8980784e-03
   4.4000000e+01   4.0000000e+00   6.8269321e-03
   4.5000000e+01   0.0000000e+00   6.7565196e-03
   4.6000000e+01   5.0000000e+00   6.6868334e-03
   4.7000000e+01   2.0000000e+00   6.6178659e-03
   4.8000000e+01   2.0000000e+00   6.5496098e-03
   4.9000000e+01   6.0000000e+00   6.4820576e-03
   5.0000000e+01   5.0000000e+00   6.4152021e-03
   5.1000000e+01   2.0000000e+00   6.3490362e-03
   5.2000000e+01   4.0000000e+00   6.2835528e-03
   5.3000000e+01   5.0000000e+00   6.2187447e-03
   5.4000000e+01   4.0000000e+00   6.1546050e-03
   5.5000000e+01   5.0000000e+00   6.0911269e-03
   5.6000000e+01   3.0000000e+00   6.0283035e-03
   5.7000000e+01   2.0000000e+00   5.9661280e-03
   5.8000000e+01   1.0000000e+00   5.9045938e-03
   5.9000000e+01   1.0000000e+00   5.8436943e-03
   6.0000000e+01   1.0000000e+00   5.7834229e-03
   6.1000000e+01   3.0000000e+00   5.7237731e-03
   6.2000000e+01   0.0000000e+00   5.6647385e-03
   6.3000000e+01   3.0000000e+00   5.6063128e-03
   6.4000000e+01   2.0000000e+00   5.5484898e-03
   6.5000000e+01   3.0000000e+00   5.4912631e-03
   6.6000000e+01   4.0000000e+00   5.4346266e-03
   6.7000000e+01   4.0000000e+00   5.3785743e-03
   6.8000000e+01   2.0000000e+00   5.3231001e-03
   6.9000000e+01   0.0000000e+00   5.2681980e-03
   7.0000000e+01   2.0000000e+00   5.2138622e-03
   7.1000000e+01   2.0000000e+00   5.1600868e-03
   7.2000000e+01   5.0000000e+00   5.1068661e-03
   7.3000000e+01   1.0000000e+00   5.0541943e-03
   7.4000000e+01   2.0000000e+00   5.0020657e-03
   7.5000000e+01   3.0000000e+00   4.9504748e-03
   7.6000000e+01   4.0000000e+00   4.8994159e-03
   7.7000000e+01   2.0000000e+00   4.8488837e-03
   7.8000000e+01   1.0000000e+00   4.7988727e-03
   7.9000000e+01   1.0000000e+00   4.7493775e-03
   8.0000000e+01   3.0000000e+00   4.7003928e-03
   8.1000000e+01   3.0000000e+00   4.6519133e-03
   8.2000000e+01   4.0000000e+00   4.6039338e-03
   8.3000000e+01   2.0000000e+00   4.5564492e-03
   8.4000000e+01   2.0000000e+00   4.5094543e-03
   8.5000000e+01   3.0000000e+00   4.4629442e-03
   8.6000000e+01   1.0000000e+00   4.4169137e-03
   8.7000000e+01   2.0000000e+00   4.3713580e-03
   8.8000000e+01   3.0000000e+00   4.3262721e-03
   8.9000000e+01   7.0000000e+00   4.2816513e-03
   9.0000000e+01   3.0000000e+00   4.2374907e-03
   9.1000000e+01   1.0000000e+00   4.1937855e-03
   9.2000000e+01   2.0000000e+00   4.1505311e-03
   9.3000000e+01   3.0000000e+00   4.1077229e-03
   9.4000000e+01   2.0000000e+00   4.0653561e-03
   9.5000000e+01   1.0000000e+00   4.0234264e-03
   9.6000000e+01   1.0000000e+00   3.9819290e-03
   9.7000000e+01   3.0000000e+00   3.9408597e-03
   9.8000000e+01   1.0000000e+00   3.9002140e-03
   9.9000000e+01   1.0000000e+00   3.8599875e-03
   1.0000000e+02   3.0000000e+00   3.8201759e-03
   1.0100000e+02   3.0000000e+00   3.7807749e-03
   1.0200000e+02   3.0000000e+00   3.7417802e-03
   1.0300000e+02   2.0000000e+00   3.7031878e-03
   1.0400000e+02   2.0000000e+00   3.6649934e-03
   1.0500000e+02   0.0000000e+00   3.6271929e-03
   1.0600000e+02   2.0000000e+00   3.5897824e-03
   1.0700000e+02   1.0000000e+00   3.5527576e-03
   1.0800000e+02   2.0000000e+00   3.5161147e-03
   1.0900000e+02   2.0000000e+00   3.4798498e-03
   1.1000000e+02   2.0000000e+00   3.4439589e-03
   1.1100000e+02   3.0000000e+00   3.4084382e-03
   1.1200000e+02   2.0000000e+00   3.3732838e-03
   1.1300000e+02   1.0000000e+00   3.3384920e-03
   1.1400000e+02   3.0000000e+00   3.3040591e-03
   1.1500000e+02   3.0000000e+00   3.2699812e-03
   1.1600000e+02   2.0000000e+00   3.2362549e-03
   1.1700000e+02   2.0000000e+00   3.2028764e-03
   1.1800000e+02   0.0000000e+00   3.1698422e-03
   1.1900000e+02   3.0000000e+00   3.1371487e-03
   1.2000000e+02   0.0000000e+00   3.1047924e-03
   1.2100000e+02   1.0000000e+00   3.0727698e-03
   1.2200000e+02   1.0000000e+00   3.0410775e-03
   1.2300000e+02   0.0000000e+00   3.0097120e-03
   1.2400000e+02   1.0000000e+00   2.9786701e-03
   1.2500000e+02   3.0000000e+00   2.9479483e-03
   1.2600000e+02   4.0000000e+00   2.9175434e-03
   1.2700000e+02   2.0000000e+00   2.8874521e-03
   1.2800000e+02   0.0000000e+00   2.8576711e-03
   1.2900000e+02   2.0000000e+00   2.8281973e-03
   1.3000000e+02   1.0000000e+00   2.7990275e-03
   1.3100000e+02   0.0000000e+00   2.7701585e-03
   1.3200000e+02   3.0000000e+00   2.7415873e-03
   1.3300000e+02   2.0000000e+00   2.7133108e-03
   1.3400000e+02   1.0000000e+00   2.6853259e-03
   1.3500000e+02   1.0000000e+00   2.6576297e-03
   1.3600000e+02   1.0000000e+00   2.6302191e-03
   1.3700000e+02   1.0000000e+00   2.6030912e-03
   1.3800000e+02   2.0000000e+00   2.5762431e-03
   1.3900000e+02   0.0000000e+00   2.5496720e-03
   1.4000000e+02   1.0000000e+00   2.5233748e-03
   1.4100000e+02   2.0000000e+00   2.4973489e-03
   1.4200000e+02   1.0000000e+00   2.4715915e-03
   1.4300000e+02   0.0000000e+00   2.4460997e-03
   1.4400000e+02   0.0000000e+00   2.4208708e-03
   1.4500000e+02   2.0000000e+00   2.3959021e-03
   1.4600000e+02   0.0000000e+00   2.3711909e-03
   1.4700000e+02   0.0000000e+00   2.3467347e-03
   1.4800000e+02   0.0000000e+00   2.3225306e-03
   1.4900000e+02   0.0000000e+00   2.2985762e-03
   1.5000000e+02   1.0000000e+00   2.2748689e-03
   1.5100000e+02   1.0000000e+00   2.2514061e-03
   1.5200000e+02   1.0000000e+00   2.2281852e-03
   1.5300000e+02   0.0000000e+00   2.2052039e-03
   1.5400000e+02   1.0000000e+00   2.1824596e-03
   1.5500000e+02   1.0000000e+00   2.1599499e-03
   1.5600000e+02   0.0000000e+00   2.1376723e-03
   1.5700000e+02   1.0000000e+00   2.1156245e-03
   1.5800000e+02   1.0000000e+00   2.0938041e-03
   1.5900000e+02   1.0000000e+00   2.0722088e-03
   1.6000000e+02   0.0000000e+00   2.0508362e-03
   1.6100000e+02   2.0000000e+00   2.0296840e-03
   1.6200000e+02   0.0000000e+00   2.0087500e-03
   1.6300000e+02   0.0000000e+00   1.9880319e-03
   1.6400000e+02   2.0000000e+00   1.9675275e-03
   1.6500000e+02   1.0000000e+00   1.9472346e-03
   1.6600000e+02   0.0000000e+00   1.9271509e-03
   1.6700000e+02   1.0000000e+00   1.9072745e-03
   1.6800000e+02   0.0000000e+00   1.8876030e-03
   1.6900000e+02   1.0000000e+00   1.8681344e-03
   1.7000000e+02   0.0000000e+00   1.8488666e-03
   1.7100000e+02   0.0000000e+00   1.8297975e-03
   1.7200000e+02   2.0000000e+00   1.8109251e-03
   1.7300000e+02   1.0000000e+00   1.7922474e-03
   1.7400000e+02   0.0000000e+00   1.7737623e-03
   1.7500000e+02   2.0000000e+00   1.7554678e-03
   1.7600000e+02   1.0000000e+00   1.7373621e-03
   1.7700000e+02   2.0000000e+00   1.7194430e-03
   1.7800000e+02   0.0000000e+00   1.7017088e-03
   1.7900000e+02   0.0000000e+00   1.6841575e-03
   1.8000000e+02   1.0000000e+00   1.6667873e-03
   1.8100000e+02   1.0000000e+00   1.6495962e-03
   1.8200000e+02   0.0000000e+00   1.6325823e-03
   1.8300000e+02   4.0000000e+00   1.6157440e-03
   1.8400000e+02   2.0000000e+00   1.5990794e-03
   1.8500000e+02   1.0000000e+00   1.5825866e-03
   1.8600000e+02   0.0000000e+00   1.5662639e-03
   1.8700000e+02   0.0000000e+00   1.5501096e-03
   1.8800000e+02   1.0000000e+00   1.5341219e-03
   1.8900000e+02   2.0000000e+00   1.5182990e-03
   1.9000000e+02   1.0000000e+00   1.5026394e-03
   1.9100000e+02   0.0000000e+00   1.4871413e-03
   1.9200000e+02   1.0000000e+00   1.4718031e-03
   1.9300000e+02   0.0000000e+00   1.4566230e-03
   1.9400000e+02   0.0000000e+00   1.4415995e-03
   1.9500000e+02   0.0000000e+00   1.4267309e-03
   1.9600000e+02   0.0000000e+00   1.4120157e-03
   1.9700000e+02   0.0000000e+00   1.3974523e-03
   1.9800000e+02   1.0000000e+00   1.3830391e-03
   1.9900000e+02   1.0000000e+00   1.3687745e-03
   2.0000000e+02   0.0000000e+00   1.3546571e-03
   2.0100000e+02   2.0000000e+00   1.3406853e-03
   2.0200000e+02   2.0000000e+00   1.3268576e-03
   2.0300000e+02   2.0000000e+00   1.3131724e-03
   2.0400000e+02   1.0000000e+00   1.2996285e-03
   2.0500000e+02   1.0000000e+00   1.2862242e-03
   2.0600000e+02   0.0000000e+00   1.2729582e-03
   2.0700000e+02   0.0000000e+00   1.2598290e-03
   2.0800000e+02   0.0000000e+00   1.2468352e-03
   2.0900000e+02   0.0000000e+00   1.2339755e-03
   2.1000000e+02   1.0000000e+00   1.2212483e-03
   2.1100000e+02   0.0000000e+00   1.2086525e-03
   2.1200000e+02   0.0000000e+00   1.1961865e-03
   2.1300000e+02   1.0000000e+00   1.1838491e-03
   2.1400000e+02   2.0000000e+00   1.1716390e-03
   2.1500000e+02   0.0000000e+00   1.1595548e-03
   2.1600000e+02   0.0000000e+00   1.1475953e-03
   2.1700000e+02   1.0000000e+00   1.1357590e-03
   2.1800000e+02   0.0000000e+00   1.1240449e-03
   2.1900000e+02   0.0000000e+00   1.1124516e-03
   2.2000000e+02   0.0000000e+00   1.1009779e-03
   2.2100000e+02   1.0000000e+00   1.0896225e-03
   2.2200000e+02   3.0000000e+00   1.0783842e-03
   2.2300000e+02   0.0000000e+00   1.0672618e-03
   2.2400000e+02   1.0000000e+00   1.0562541e-03
   2.2500000e+02   1.0000000e+00   1.0453600e-03
   2.2600000e+02   0.0000000e+00   1.0345783e-03
   2.2700000e+02   1.0000000e+00   1.0239077e-03
   2.2800000e+02   0.0000000e+00   1.0133472e-03
   2.2900000e+02   0.0000000e+00   1.0028956e-03
   2.3000000e+02   0.0000000e+00   9.9255182e-04
   2.3100000e+02   0.0000000e+00   9.8231471e-04
   2.3200000e+02   0.0000000e+00   9.7218319e-04
   2.3300000e+02   0.0000000e+00   9.6215617e-04
   2.3400000e+02   0.0000000e+00   9.5223256e-04
   2.3500000e+02   2.0000000e+00   9.4241131e-04
   2.3600000e+02   1.0000000e+00   9.3269135e-04
   2.3700000e+02   0.0000000e+00   9.2307164e-04
   2.3800000e+02   0.0000000e+00   9.1355115e-04
   2.3900000e+02   0.0000000e+00   9.0412886e-04
   2.4000000e+02   1.0000000e+00   8.9480374e-04
   2.4100000e+02   0.0000000e+00   8.8557480e-04
   2.4200000e+02   0.0000000e+00   8.7644105e-04
   2.4300000e+02   2.0000000e+00   8.6740150e-04
   2.4400000e+02   0.0000000e+00   8.5845519e-04
   2.4500000e+02   1.0000000e+00   8.4960115e-04
   2.4600000e+02   1.0000000e+00   8.4083843e-04
   2.4700000e+02   0.0000000e+00   8.3216608e-04
   2.4800000e+02   0.0000000e+00   8.2358319e-04
   2.4900000e+02   0.0000000e+00   8.1508881e-04
   2.5000000e+02   1.0000000e+00   8.0668205e-04
   2.5100000e+02   0.0000000e+00   7.9836199e-04
   2.5200000e+02   0.0000000e+00   7.9012775e-04
   2.5300000e+02   1.0000000e+00   7.8197843e-04
   2.5400000e+02   0.0000000e+00   7.7391316e-04
   2.5500000e+02   0.0000000e+00   7.6593108e-04
   2.5600000e+02   0.0000000e+00   7.5803133e-04
   2.5700000e+02   0.0000000e+00   7.5021305e-04
   2.5800000e+02   0.0000000e+00   7.4247541e-04
   2.5900000e+02   1.0000000e+00   7.3481757e-04
   2.6000000e+02   2.0000000e+00   7.2723872e-04
   2.6100000e+02   0.0000000e+00   7.1973804e-04
   2.6200000e+02   0.0000000e+00   7.1231471e-04
   2.6300000e+02   0.0000000e+00   7.0496795e-04
   2.6400000e+02   0.0000000e+00   6.9769697e-04
   2.6500000e+02   1.0000000e+00   6.9050098e-04
   2.6600000e+02   0.0000000e+00   6.8337920e-04
   2.6700000e+02   0.0000000e+00   6.7633088e-04
   2.6800000e+02   0.0000000e+00   6.6935525e-04
   2.6900000e+02   0.0000000e+00   6.6245158e-04
   2.7000000e+02   1.0000000e+00   6.5561910e-04
   2.7100000e+02   0.0000000e+00   6.4885709e-04
   2.7200000e+02   1.0000000e+00   6.4216483e-04
   2.7300000e+02   0.0000000e+00   6.3554159e-04
   2.7400000e+02   1.0000000e+00   6.2898667e-04
   2.7500000e+02   0.0000000e+00   6.2249934e-04
   2.7600000e+02   0.0000000e+00   6.1607893e-04
   2.7700000e+02   0.0000000e+00   6.0972474e-04
   2.7800000e+02   0.0000000e+00   6.0343609e-04
   2.7900000e+02   1.0000000e+00   5.9721229e-04
   2.8000000e+02   0.0000000e+00   5.9105269e-04
   2.8100000e+02   0.0000000e+00   5.8495662e-04
   2.8200000e+02   1.0000000e+00   5.7892342e-04
   2.8300000e+02   0.0000000e+00   5.7295245e-04
   2.8400000e+02   0.0000000e+00   5.6704306e-04
   2.8500000e+02   0.0000000e+00   5.6119462e-04
   2.8600000e+02   0.0000000e+00   5.5540650e-04
   2.8700000e+02   0.0000000e+00   5.4967808e-04
   2.8800000e+02   1.0000000e+00   5.4400875e-04
   2.8900000e+02   0.0000000e+00   5.3839788e-04
   2.9000000e+02   1.0000000e+00   5.3284489e-04
   2.9100000e+02   1.0000000e+00   5.2734916e-04
   2.9200000e+02   0.0000000e+00   5.2191013e-04
   2.9300000e+02   2.0000000e+00   5.1652718e-04
   2.9400000e+02   1.0000000e+00   5.1119976e-04
   2.9500000e+02   0.0000000e+00   5.0592729e-04
   2.9600000e+02   0.0000000e+00   5.0070919e-04
   2.9700000e+02   0.0000000e+00   4.9554491e-04
   2.9800000e+02   0.0000000e+00   4.9043390e-04
   2.9900000e+02   0.0000000e+00   4.8537560e-04
   3.0000000e+02   0.0000000e+00   4.8036948e-04
   3.0100000e+02   0.0000000e+00   4.7541498e-04
   3.0200000e+02   1.0000000e+00   4.7051159e-04
   3.0300000e+02   0.0000000e+00   4.6565877e-04
   3.0400000e+02   1.0000000e+00   4.6085600e-04
   3.0500000e+02   0.0000000e+00   4.5610277e-04
   3.0600000e+02   0.0000000e+00   4.5139856e-04
   3.0700000e+02   0.0000000e+00   4.4674287e-04
   3.0800000e+02   0.0000000e+00   4.4213519e-04
   3.0900000e+02   0.0000000e+00   4.3757505e-04
   3.1000000e+02   0.0000000e+00   4.3306193e-04
   3.1100000e+02   0.0000000e+00   4.2859536e-04
   3.1200000e+02   0.0000000e+00   4.2417486e-04
   3.1300000e+02   0.0000000e+00   4.1979995e-04
   3.1400000e+02   0.0000000e+00   4.1547017e-04
   3.1500000e+02   0.0000000e+00   4.1118504e-04
   3.1600000e+02   0.0000000e+00   4.0694411e-04
   3.1700000e+02   0.0000000e+00   4.0274692e-04
   3.1800000e+02   0.0000000e+00   3.9859302e-04
   3.1900000e+02   1.0000000e+00   3.9448196e-04
   3.2000000e+02   0.0000000e+00   3.9041330e-04
   3.2100000e+02   1.0000000e+00   3.8638661e-04
   3.2200000e+02   1.0000000e+00   3.8240145e-04
   3.2300000e+02   0.0000000e+00   3.7845739e-04
   3.2400000e+02   0.0000000e+00   3.7455401e-04
   3.2500000e+02   0.0000000e+00   3.7069089e-04
   3.2600000e+02   0.0000000e+00   3.6686761e-04
   3.2700000e+02   0.0000000e+00   3.6308377e-04
   3.2800000e+02   1.0000000e+00   3.5933895e-04
   3.2900000e+02   2.0000000e+00   3.5563275e-04
   3.3000000e+02   0.0000000e+00   3.5196478e-04
   3.3100000e+02   0.0000000e+00   3.4833465e-04
   3.3200000e+02   0.0000000e+00   3.4474195e-04
   3.3300000e+02   0.0000000e+00   3.4118631e-04
   3.3400000e+02   1.0000000e+00   3.3766734e-04
   3.3500000e+02   1.0000000e+00   3.3418466e-04
   3.3600000e+02   0.0000000e+00   3.3073791e-04
   3.3700000e+02   0.0000000e+00   3.2732670e-04
   3.3800000e+02   0.0000000e+00   3.2395068e-04
   3.3900000e+02   0.0000000e+00   3.2060948e-04
   3.4000000e+02   1.0000000e+00   3.1730273e-04
   3.4100000e+02   0.0000000e+00   3.1403010e-04
   3.4200000e+02   0.0000000e+00   3.1079122e-04
   3.4300000e+02   0.0000000e+00   3.0758574e-04
   3.4400000e+02   0.0000000e+00   3.0441332e-04
   3.4500000e+02   0.0000000e+00   3.0127363e-04
   3.4600000e+02   1.0000000e+00   2.9816631e-04
   3.4700000e+02   0.0000000e+00   2.9509105e-04
   3.4800000e+02   0.0000000e+00   2.9204750e-04
   3.4900000e+02   0.0000000e+00   2.8903535e-04
   3.5000000e+02   0.0000000e+00   2.8605426e-04
   3.5100000e+02   0.0000000e+00   2.8310392e-04
   3.5200000e+02   0.0000000e+00   2.8018400e-04
   3.5300000e+02   0.0000000e+00   2.7729421e-04
   3.5400000e+02   0.0000000e+00   2.7443422e-04
   3.5500000e+02   0.0000000e+00   2.7160372e-04
   3.5600000e+02   0.0000000e+00   2.6880242e-04
   3.5700000e+02   0.0000000e+00   2.6603001e-04
   3.5800000e+02   0.0000000e+00   2.6328620e-04
   3.5900000e+02   0.0000000e+00   2.6057069e-04
   3.6000000e+02   0.0000000e+00   2.5788318e-04
   3.6100000e+02   1.0000000e+00   2.5522339e-04
   3.6200000e+02   0.0000000e+00   2.5259104e-04
   3.6300000e+02   0.0000000e+00   2.4998583e-04
   3.6400000e+02   0.0000000e+00   2.4740750e-04
   3.6500000e+02   0.0000000e+00   2.4485576e-04
   3.6600000e+02   0.0000000e+00   2.4233033e-04
   3.6700000e+02   0.0000000e+00   2.3983096e-04
   3.6800000e+02   1.0000000e+00   2.3735736e-04
   3.6900000e+02   0.0000000e+00   2.3490927e-04
   3.7000000e+02   0.0000000e+00   2.3248644e-04
   3.7100000e+02   0.0000000e+00   2.3008859e-04
   3.7200000e+02   0.0000000e+00   2.2771547e-04
   3.7300000e+02   0.0000000e+00   2.2536683e-04
   3.7400000e+02   0.0000000e+00   2.2304242e-04
   3.7500000e+02   0.0000000e+00   2.2074197e-04
   3.7600000e+02   1.0000000e+00   2.1846526e-04
   3.7700000e+02   0.0000000e+00   2.1621202e-04
   3.7800000e+02   1.0000000e+00   2.1398203e-04
   3.7900000e+02   0.0000000e+00   2.1177504e-04
   3.8000000e+02   0.0000000e+00   2.0959080e-04
   3.8100000e+02   0.0000000e+00   2.0742910e-04
   3.8200000e+02   0.0000000e+00   2.0528969e-04
   3.8300000e+02   1.0000000e+00   2.0317235e-04
   3.8400000e+02   0.0000000e+00   2.0107685e-04
   3.8500000e+02   0.0000000e+00   1.9900295e-04
   3.8600000e+02   0.0000000e+00   1.9695045e-04
   3.8700000e+02   0.0000000e+00   1.9491912e-04
   3.8800000e+02   0.0000000e+00   1.9290874e-04
   3.8900000e+02   0.0000000e+00   1.9091909e-04
   3.9000000e+02   0.0000000e+00   1.8894997e-04
   3.9100000e+02   0.0000000e+00   1.8700115e-04
   3.9200000e+02   1.0000000e+00   1.8507244e-04
   3.9300000e+02   0.0000000e+00   1.8316362e-04
   3.9400000e+02   0.0000000e+00   1.8127448e-04
   3.9500000e+02   0.0000000e+00   1.7940483e-04
   3.9600000e+02   0.0000000e+00   1.7755446e-04
   3.9700000e+02   0.0000000e+00   1.7572318e-04
   3.9800000e+02   0.0000000e+00   1.7391078e-04
   3.9900000e+02   0.0000000e+00   1.7211708e-04
   4.0000000e+02   0.0000000e+00   1.7034188e-04
   4.0100000e+02   0.0000000e+00   1.6858498e-04
   4.0200000e+02   0.0000000e+00   1.6684621e-04
   4.0300000e+02   0.0000000e+00   1.6512537e-04
   4.0400000e+02   0.0000000e+00   1.6342228e-04
   4.0500000e+02   0.0000000e+00   1.6173676e-04
   4.0600000e+02   0.0000000e+00   1.6006862e-04
   4.0700000e+02   0.0000000e+00   1.5841768e-04
   4.0800000e+02   0.0000000e+00   1.5678377e-04
   4.0900000e+02   0.0000000e+00   1.5516672e-04
   4.1000000e+02   0.0000000e+00   1.5356634e-04
   4.1100000e+02   0.0000000e+00   1.5198247e-04
   4.1200000e+02   0.0000000e+00   1.5041493e-04
   4.1300000e+02   0.0000000e+00   1.4886356e-04
   4.1400000e+02   0.0000000e+00   1.4732820e-04
   4.1500000e+02   0.0000000e+00   1.4580866e-04
   4.1600000e+02   0.0000000e+00   1.4430480e-04
   4.1700000e+02   0.0000000e+00   1.4281646e-04
   4.1800000e+02   0.0000000e+00   1.4134346e-04
   4.1900000e+02   0.0000000e+00   1.3988565e-04
   4.2000000e+02   0.0000000e+00   1.3844288e-04
   4.2100000e+02   0.0000000e+00   1.3701499e-04
   4.2200000e+02   0.0000000e+00   1.3560183e-04
   4.2300000e+02   0.0000000e+00   1.3420324e-04
   4.2400000e+02   0.0000000e+00   1.3281908e-04
   4.2500000e+02   0.0000000e+00   1.3144920e-04
   4.2600000e+02   0.0000000e+00   1.3009344e-04
   4.2700000e+02   0.0000000e+00   1.2875167e-04
   4.2800000e+02   0.0000000e+00   1.2742373e-04
   4.2900000e+02   0.0000000e+00   1.2610949e-04
   4.3000000e+02   0.0000000e+00   1.2480881e-04
   4.3100000e+02   0.0000000e+00   1.2352154e-04
   4.3200000e+02   0.0000000e+00   1.2224755e-04
   4.3300000e+02   0.0000000e+00   1.2098670e-04
   4.3400000e+02   0.0000000e+00   1.1973885e-04
   4.3500000e+02   0.0000000e+00   1.1850387e-04
   4.3600000e+02   0.0000000e+00   1.1728163e-04
   4.3700000e+02   0.0000000e+00   1.1607200e-04
   4.3800000e+02   0.0000000e+00   1.1487484e-04
   4.3900000e+02   0.0000000e+00   1.1369003e-04
   4.4000000e+02   0.0000000e+00   1.1251744e-04
   4.4100000e+02   0.0000000e+00   1.1135694e-04
   4.4200000e+02   0.0000000e+00   1.1020842e-04
   4.4300000e+02   0.0000000e+00   1.0907173e-04
   4.4400000e+02   0.0000000e+00   1.0794678e-04
   4.4500000e+02   1.0000000e+00   1.0683342e-04
   4.4600000e+02   0.0000000e+00   1.0573155e-04
   4.4700000e+02   0.0000000e+00   1.0464104e-04
   4.4800000e+02   0.0000000e+00   1.0356178e-04
   4.4900000e+02   0.0000000e+00   1.0249365e-04
   4.5000000e+02   0.0000000e+00   1.0143654e-04
   4.5100000e+02   0.0000000e+00   1.0039033e-04
   4.5200000e+02   0.0000000e+00   9.9354916e-05
   4.5300000e+02   0.0000000e+00   9.8330177e-05
   4.5400000e+02   0.0000000e+00   9.7316007e-05
   4.5500000e+02   0.0000000e+00   9.6312297e-05
   4.5600000e+02   0.0000000e+00   9.5318939e-05
   4.5700000e+02   0.0000000e+00   9.4335827e-05
   4.5800000e+02   0.0000000e+00   9.3362855e-05
   4.5900000e+02   0.0000000e+00   9.2399917e-05
   4.6000000e+02   0.0000000e+00   9.1446912e-05
   4.6100000e+02   0.0000000e+00   9.0503735e-05
   4.6200000e+02   0.0000000e+00   8.9570286e-05
   4.6300000e+02   0.0000000e+00   8.8646465e-05
   4.6400000e+02   0.0000000e+00   8.7732172e-05
   4.6500000e+02   0.0000000e+00   8.6827309e-05
   4.6600000e+02   0.0000000e+00   8.5931779e-05
   4.6700000e+02   0.0000000e+00   8.5045485e-05
   4.6800000e+02   0.0000000e+00   8.4168333e-05
   4.6900000e+02   1.0000000e+00   8.3300227e-05
   4.7000000e+02   0.0000000e+00   8.2441075e-05
   4.7100000e+02   0.0000000e+00   8.1590784e-05
   4.7200000e+02   0.0000000e+00   8.0749263e-05
   4.7300000e+02   0.0000000e+00   7.9916421e-05
   4.7400000e+02   0.0000000e+00   7.9092169e-05
   4.7500000e+02   0.0000000e+00   7.8276418e-05
   4.7600000e+02   0.0000000e+00   7.7469081e-05
   4.7700000e+02   0.0000000e+00   7.6670071e-05
   4.7800000e+02   0.0000000e+00   7.5879302e-05
   4.7900000e+02   0.0000000e+00   7.5096689e-05
   4.8000000e+02   0.0000000e+00   7.4322147e-05
   4.8100000e+02   0.0000000e+00   7.3555594e-05
   4.8200000e+02   0.0000000e+00   7.2796947e-05
   4.8300000e+02   0.0000000e+00   7.2046125e-05
   4.8400000e+02   0.0000000e+00   7.1303047e-05
   4.8500000e+02   0.0000000e+00   7.0567633e-05
   4.8600000e+02   0.0000000e+00   6.9839803e-05
   4.8700000e+02   0.0000000e+00   6.9119481e-05
   4.8800000e+02   0.0000000e+00   6.8406588e-05
   4.8900000e+02   0.0000000e+00   6.7701048e-05
   4.9000000e+02   0.0000000e+00   6.7002784e-05
   4.9100000e+02   0.0000000e+00   6.6311723e-05
   4.9200000e+02   0.0000000e+00   6.5627789e-05
   4.9300000e+02   0.0000000e+00   6.4950909e-05
   4.9400000e+02   0.0000000e+00   6.4281010e-05
   4.9500000e+02   0.0000000e+00   6.3618020e-05
   4.9600000e+02   0.0000000e+00   6.2961869e-05
   4.9700000e+02   0.0000000e+00   6.2312485e-05
   4.9800000e+02   0.0000000e+00   6.1669799e-05
   4.9900000e+02   0.0000000e+00   6.1033741e-05
   5.0000000e+02   0.0000000e+00   6.0404244e-05
   5.0100000e+02   0.0000000e+00   5.9781239e-05
   5.0200000e+02   0.0000000e+00   5.9164660e-05
   5.0300000e+02   0.0000000e+00   5.8554440e-05
   5.0400000e+02   0.0000000e+00   5.7950514e-05
   5.0500000e+02   0.0000000e+00   5.7352817e-05
   5.0600000e+02   0.0000000e+00   5.6761284e-05
   5.0700000e+02   0.0000000e+00   5.6175853e-05
   5.0800000e+02   0.0000000e+00   5.5596459e-05
   5.0900000e+02   0.0000000e+00   5.5023042e-05
   5.1000000e+02   0.0000000e+00   5.4455538e-05
   5.1100000e+02   0.0000000e+00   5.3893888e-05
   5.1200000e+02   0.0000000e+00   5.3338030e-05
   5.1300000e+02   0.0000000e+00   5.2787906e-05
   5.1400000e+02   0.0000000e+00   5.2243456e-05
   5.1500000e+02   0.0000000e+00   5.1704621e-05
   5.1600000e+02   0.0000000e+00   5.1171343e-05
   5.1700000e+02   0.0000000e+00   5.0643566e-05
   5.1800000e+02   0.0000000e+00   5.0121232e-05
   5.1900000e+02   0.0000000e+00   4.9604285e-05
   5.2000000e+02   0.0000000e+00   4.9092670e-05
   5.2100000e+02   0.0000000e+00   4.8586332e-05
   5.2200000e+02   0.0000000e+00   4.8085217e-05
   5.2300000e+02   0.0000000e+00   4.7589269e-05
   5.2400000e+02   0.0000000e+00   4.7098437e-05
   5.2500000e+02   0.0000000e+00   4.6612668e-05
   5.2600000e+02   0.0000000e+00   4.6131908e-05
   5.2700000e+02   0.0000000e+00   4.5656107e-05
   5.2800000e+02   0.0000000e+00   4.5185213e-05
   5.2900000e+02   0.0000000e+00   4.4719177e-05
   5.3000000e+02   0.0000000e+00   4.4257946e-05
   5.3100000e+02   0.0000000e+00   4.3801473e-05
   5.3200000e+02   0.0000000e+00   4.3349708e-05
   5.3300000e+02   0.0000000e+00   4.2902603e-05
   5.3400000e+02   0.0000000e+00   4.2460109e-05
   5.3500000e+02   0.0000000e+00   4.2022178e-05
   5.3600000e+02   0.0000000e+00   4.1588765e-05
   5.3700000e+02   1.0000000e+00   4.1159821e-05
   5.3800000e+02   0.0000000e+00   4.0735302e-05
   5.3900000e+02   0.0000000e+00   4.0315161e-05
   5.4000000e+02   0.0000000e+00   3.9899354e-05
   5.4100000e+02   0.0000000e+00   3.9487835e-05
   5.4200000e+02   0.0000000e+00   3.9080560e-05
   5.4300000e+02   0.0000000e+00   3.8677486e-05
   5.4400000e+02   0.0000000e+00   3.8278570e-05
   5.4500000e+02   0.0000000e+00   3.7883768e-05
   5.4600000e+02   0.0000000e+00   3.7493037e-05
   5.4700000e+02   0.0000000e+00   3.7106337e-05
   5.4800000e+02   0.0000000e+00   3.6723625e-05
   5.4900000e+02   0.0000000e+00   3.6344860e-05
   5.5000000e+02   0.0000000e+00   3.5970002e-05
   5.5100000e+02   0.0000000e+00   3.5599010e-05
   5.5200000e+02   0.0000000e+00   3.5231845e-05
   5.5300000e+02   0.0000000e+00   3.4868466e-05
   5.5400000e+02   0.0000000e+00   3.4508836e-05
   5.5500000e+02   0.0000000e+00   3.4152914e-05
   5.5600000e+02   0.0000000e+00   3.3800663e-05
   5.5700000e+02   0.0000000e+00   3.3452046e-05
   5.5800000e+02   0.0000000e+00   3.3107024e-05
   5.5900000e+02   0.0000000e+00   3.2765561e-05
   5.6000000e+02   0.0000000e+00   3.2427619e-05
   5.6100000e+02   0.0000000e+00   3.2093163e-05
   5.6200000e+02   0.0000000e+00   3.1762157e-05
   5.6300000e+02   0.0000000e+00   3.1434564e-05
   5.6400000e+02   0.0000000e+00   3.1110351e-05
   5.6500000e+02   0.0000000e+00   3.0789481e-05
   5.6600000e+02   0.0000000e+00   3.0471921e-05
   5.6700000e+02   0.0000000e+00   3.0157636e-05
   5.6800000e+02   0.0000000e+00   2.9846592e-05
   5.6900000e+02   0.0000000e+00   2.9538756e-05
   5.7000000e+02   0.0000000e+00   2.9234096e-05
   5.7100000e+02   0.0000000e+00   2.8932578e-05
   5.7200000e+02   0.0000000e+00   2.8634169e-05
   5.7300000e+02   0.0000000e+00   2.8338839e-05
   5.7400000e+02   0.0000000e+00   2.8046554e-05
   5.7500000e+02   0.0000000e+00   2.7757284e-05
   5.7600000e+02   0.0000000e+00   2.7470998e-05
   5.7700000e+02   0.0000000e+00   2.7187664e-05
   5.7800000e+02   0.0000000e+00   2.6907252e-05
   5.7900000e+02   1.0000000e+00   2.6629733e-05
   5.8000000e+02   0.0000000e+00   2.6355076e-05
   5.8100000e+02   0.0000000e+00   2.6083252e-05
   5.8200000e+02   0.0000000e+00   2.5814231e-05
   5.8300000e+02   0.0000000e+00   2.5547985e-05
   5.8400000e+02   0.0000000e+00   2.5284485e-05
   5.8500000e+02   0.0000000e+00   2.5023703e-05
   5.8600000e+02   0.0000000e+00   2.4765610e-05
   5.8700000e+02   0.0000000e+00   2.4510180e-05
   5.8800000e+02   0.0000000e+00   2.4257383e-05
   5.8900000e+02   0.0000000e+00   2.4007195e-05
   5.9000000e+02   0.0000000e+00   2.3759586e-05
   5.9100000e+02   0.0000000e+00   2.3514532e-05
   5.9200000e+02   0.0000000e+00   2.3272005e-05
   5.9300000e+02   0.0000000e+00   2.3031979e-05
   5.9400000e+02   0.0000000e+00   2.2794429e-05
   5.9500000e+02   0.0000000e+00   2.2559329e-05
   5.9600000e+02   0.0000000e+00   2.2326654e-05
   5.9700000e+02   0.0000000e+00   2.2096378e-05
   5.9800000e+02   0.0000000e+00   2.1868478e-05
   5.9900000e+02   0.0000000e+00   2.1642928e-05
   6.0000000e+02   0.0000000e+00   2.1419705e-05
   6.0100000e+02   0.0000000e+00   2.1198783e-05
   6.0200000e+02   0.0000000e+00   2.0980141e-05
   6.0300000e+02   0.0000000e+00   2.0763753e-05
   6.0400000e+02   0.0000000e+00   2.0549597e-05
   6.0500000e+02   0.0000000e+00   2.0337650e-05
   6.0600000e+02   0.0000000e+00   2.0127889e-05
   6.0700000e+02   0.0000000e+00   1.9920292e-05
   6.0800000e+02   1.0000000e+00   1.9714835e-05
