   1.0000000e+00   1.0000000e+01   1.0000098e-02
   2.0000000e+00   1.3000000e+01   9.9000961e-03
   3.0000000e+00   8.0000000e+00   9.8010941e-03
   4.0000000e+00   1.1000000e+01   9.7030822e-03
   5.0000000e+00   1.3000000e+01   9.6060505e-03
   6.0000000e+00   1.0000000e+01   9.5099890e-03
   7.0000000e+00   1.1000000e+01   9.4148882e-03
   8.0000000e+00   9.0000000e+00   9.3207384e-03
   9.0000000e+00   5.0000000e+00   9.2275301e-03
   1.0000000e+01   1.0000000e+01   9.1352539e-03
   1.1000000e+01   1.3000000e+01   9.0439005e-03
   1.2000000e+01   1.2000000e+01   8.9534606e-03
   1.3000000e+01   1.6000000e+01   8.8639251e-03
   1.4000000e+01   7.0000000e+00   8.7752850e-03
   1.5000000e+01   1.2000000e+01   8.6875313e-03
   1.6000000e+01   5.0000000e+00   8.6006551e-03
   1.7000000e+01   3.0000000e+00   8.5146477e-03
   1.8000000e+01   9.0000000e+00   8.4295004e-03
   1.9000000e+01   8.0000000e+00   8.3452046e-03
   2.0000000e+01   7.0000000e+00   8.2617517e-03
   2.1000000e+01   7.0000000e+00   8.1791334e-03
   2.2000000e+01   7.0000000e+00   8.0973412e-03
   2.3000000e+01   4.0000000e+00   8.0163670e-03
   2.4000000e+01   8.0000000e+00   7.9362026e-03
   2.5000000e+01   9.0000000e+00   7.8568398e-03
   2.6000000e+01   9.0000000e+00   7.7782706e-03
   2.7000000e+01   6.0000000e+00   7.7004871e-03
   2.8000000e+01   1.5000000e+01   7.6234815e-03
   2.9000000e+01   7.0000000e+00   7.5472459e-03
   3.0000000e+01   1.1000000e+01   7.4717727e-03
   3.1000000e+01   9.0000000e+00   7.3970543e-03
   3.2000000e+01   1.0000000e+01   7.3230830e-03
   3.3000000e+01   8.0000000e+00   7.2498515e-03
   3.4000000e+01   1.0000000e+01   7.1773522e-03
   3.5000000e+01   1.2000000e+01   7.1055780e-03
   3.6000000e+01   7.0000000e+00   7.0345215e-03
   3.7000000e+01   4.0000000e+00   6.9641756e-03
   3.8000000e+01   5.0000000e+00   6.8945332e-03
   3.9000000e+01   1.0000000e+01   6.8255872e-03
   4.0000000e+01   4.0000000e+00   6.7573306e-03
   4.1000000e+01   6.0000000e+00   6.6897567e-03
   4.2000000e+01   7.0000000e+00   6.6228584e-03
   4.3000000e+01   1.2000000e+01   6.5566292e-03
   4.4000000e+01   4.0000000e+00   6.4910623e-03
   4.5000000e+01   5.0000000e+00   6.4261510e-03
   4.6000000e+01   1.0000000e+01   6.3618889e-03
   4.7000000e+01   2.0000000e+00   6.2982694e-03
   4.8000000e+01   3.0000000e+00   6.2352861e-03
   4.9000000e+01   6.0000000e+00   6.1729326e-03
   5.0000000e+01   5.0000000e+00   6.1112027e-03
   5.1000000e+01   9.0000000e+00   6.0500900e-03
   5.2000000e+01   3.0000000e+00   5.9895885e-03
   5.3000000e+01   5.0000000e+00   5.9296921e-03
   5.4000000e+01   5.0000000e+00   5.8703946e-03
   5.5000000e+01   5.0000000e+00   5.8116900e-03
   5.6000000e+01   5.0000000e+00   5.7535726e-03
   5.7000000e+01   6.0000000e+00   5.6960363e-03
   5.8000000e+01   9.0000000e+00   5.6390754e-03
   5.9000000e+01   8.0000000e+00   5.5826841e-03
   6.0000000e+01   4.0000000e+00   5.5268567e-03
   6.1000000e+01   4.0000000e+00   5.4715876e-03
   6.2000000e+01   6.0000000e+00   5.4168711e-03
   6.3000000e+01   2.0000000e+00   5.3627019e-03
   6.4000000e+01   2.0000000e+00   5.3090744e-03
   6.5000000e+01   5.0000000e+00   5.2559831e-03
   6.6000000e+01   3.0000000e+00   5.2034227e-03
   6.7000000e+01   6.0000000e+00   5.1513880e-03
   6.8000000e+01   3.0000000e+00   5.0998736e-03
   6.9000000e+01   2.0000000e+00   5.0488744e-03
   7.0000000e+01   5.0000000e+00   4.9983851e-03
   7.1000000e+01   5.0000000e+00   4.9484008e-03
   7.2000000e+01   6.0000000e+00   4.8989163e-03
   7.3000000e+01   4.0000000e+00   4.8499267e-03
   7.4000000e+01   3.0000000e+00   4.8014269e-03
   7.5000000e+01   5.0000000e+00   4.7534122e-03
   7.6000000e+01   5.0000000e+00   4.7058776e-03
   7.7000000e+01   8.0000000e+00   4.6588184e-03
   7.8000000e+01   9.0000000e+00   4.6122297e-03
   7.9000000e+01   2.0000000e+00   4.5661070e-03
   8.0000000e+01   2.0000000e+00   4.5204455e-03
   8.1000000e+01   1.0000000e+00   4.4752406e-03
   8.2000000e+01   6.0000000e+00   4.4304877e-03
   8.3000000e+01   3.0000000e+00   4.3861824e-03
   8.4000000e+01   3.0000000e+00   4.3423201e-03
   8.5000000e+01   2.0000000e+00   4.2988965e-03
   8.6000000e+01   5.0000000e+00   4.2559071e-03
   8.7000000e+01   6.0000000e+00   4.2133476e-03
   8.8000000e+01   4.0000000e+00   4.1712138e-03
   8.9000000e+01   1.0000000e+00   4.1295012e-03
   9.0000000e+01   3.0000000e+00   4.0882058e-03
   9.1000000e+01   5.0000000e+00   4.0473233e-03
   9.2000000e+01   9.0000000e+00   4.0068497e-03
   9.3000000e+01   4.0000000e+00   3.9667808e-03
   9.4000000e+01   5.0000000e+00   3.9271126e-03
   9.5000000e+01   2.0000000e+00   3.8878411e-03
   9.6000000e+01   3.0000000e+00   3.8489623e-03
   9.7000000e+01   2.0000000e+00   3.8104723e-03
   9.8000000e+01   3.0000000e+00   3.7723672e-03
   9.9000000e+01   2.0000000e+00   3.7346432e-03
   1.0000000e+02   4.0000000e+00   3.6972964e-03
   1.0100000e+02   1.0000000e+00   3.6603231e-03
   1.0200000e+02   3.0000000e+00   3.6237195e-03
   1.0300000e+02   2.0000000e+00   3.5874819e-03
   1.0400000e+02   4.0000000e+00   3.5516067e-03
   1.0500000e+02   1.0000000e+00   3.5160903e-03
   1.0600000e+02   4.0000000e+00   3.4809291e-03
   1.0700000e+02   2.0000000e+00   3.4461194e-03
   1.0800000e+02   3.0000000e+00   3.4116579e-03
   1.0900000e+02   3.0000000e+00   3.3775410e-03
   1.1000000e+02   2.0000000e+00   3.3437653e-03
   1.1100000e+02   2.0000000e+00   3.3103273e-03
   1.1200000e+02   5.0000000e+00   3.2772237e-03
   1.1300000e+02   4.0000000e+00   3.2444511e-03
   1.1400000e+02   1.0000000e+00   3.2120063e-03
   1.1500000e+02   2.0000000e+00   3.1798859e-03
   1.1600000e+02   4.0000000e+00   3.1480867e-03
   1.1700000e+02   3.0000000e+00   3.1166056e-03
   1.1800000e+02   4.0000000e+00   3.0854392e-03
   1.1900000e+02   4.0000000e+00   3.0545845e-03
   1.2000000e+02   3.0000000e+00   3.0240384e-03
   1.2100000e+02   1.0000000e+00   2.9937977e-03
   1.2200000e+02   5.0000000e+00   2.9638594e-03
   1.2300000e+02   3.0000000e+00   2.9342205e-03
   1.2400000e+02   4.0000000e+00   2.9048780e-03
   1.2500000e+02   3.0000000e+00   2.8758290e-03
   1.2600000e+02   2.0000000e+00   2.8470704e-03
   1.2700000e+02   3.0000000e+00   2.8185994e-03
   1.2800000e+02   8.0000000e+00   2.7904131e-03
   1.2900000e+02   2.0000000e+00   2.7625087e-03
   1.3000000e+02   3.0000000e+00   2.7348834e-03
   1.3100000e+02   2.0000000e+00   2.7075343e-03
   1.3200000e+02   3.0000000e+00   2.6804587e-03
   1.3300000e+02   3.0000000e+00   2.6536538e-03
   1.3400000e+02   3.0000000e+00   2.6271170e-03
   1.3500000e+02   1.0000000e+00   2.6008456e-03
   1.3600000e+02   3.0000000e+00   2.5748369e-03
   1.3700000e+02   0.0000000e+00   2.5490883e-03
   1.3800000e+02   3.0000000e+00   2.5235971e-03
   1.3900000e+02   1.0000000e+00   2.4983609e-03
   1.4000000e+02   2.0000000e+00   2.4733771e-03
   1.4100000e+02   4.0000000e+00   2.4486430e-03
   1.4200000e+02   4.0000000e+00   2.4241564e-03
   1.4300000e+02   1.0000000e+00   2.3999146e-03
   1.4400000e+02   3.0000000e+00   2.3759152e-03
   1.4500000e+02   2.0000000e+00   2.3521558e-03
   1.4600000e+02   4.0000000e+00   2.3286340e-03
   1.4700000e+02   5.0000000e+00   2.3053475e-03
   1.4800000e+02   3.0000000e+00   2.2822938e-03
   1.4900000e+02   4.0000000e+00   2.2594706e-03
   1.5000000e+02   2.0000000e+00   2.2368757e-03
   1.5100000e+02   2.0000000e+00   2.2145067e-03
   1.5200000e+02   4.0000000e+00   2.1923614e-03
   1.5300000e+02   2.0000000e+00   2.1704376e-03
   1.5400000e+02   2.0000000e+00   2.1487330e-03
   1.5500000e+02   5.0000000e+00   2.1272454e-03
   1.5600000e+02   2.0000000e+00   2.1059728e-03
   1.5700000e+02   3.0000000e+00   2.0849128e-03
   1.5800000e+02   0.0000000e+00   2.0640635e-03
   1.5900000e+02   2.0000000e+00   2.0434227e-03
   1.6000000e+02   2.0000000e+00   2.0229883e-03
   1.6100000e+02   2.0000000e+00   2.0027582e-03
   1.6200000e+02   3.0000000e+00   1.9827304e-03
   1.6300000e+02   2.0000000e+00   1.9629029e-03
   1.6400000e+02   2.0000000e+00   1.9432737e-03
   1.6500000e+02   1.0000000e+00   1.9238407e-03
   1.6600000e+02   2.0000000e+00   1.9046021e-03
   1.6700000e+02   1.0000000e+00   1.8855559e-03
   1.6800000e+02   4.0000000e+00   1.8667002e-03
   1.6900000e+02   0.0000000e+00   1.8480330e-03
   1.7000000e+02   3.0000000e+00   1.8295525e-03
   1.7100000e+02   4.0000000e+00   1.8112568e-03
   1.7200000e+02   2.0000000e+00   1.7931441e-03
   1.7300000e+02   3.0000000e+00   1.7752124e-03
   1.7400000e+02   3.0000000e+00   1.7574601e-03
   1.7500000e+02   1.0000000e+00   1.7398854e-03
   1.7600000e+02   1.0000000e+00   1.7224863e-03
   1.7700000e+02   2.0000000e+00   1.7052613e-03
   1.7800000e+02   2.0000000e+00   1.6882085e-03
   1.7900000e+02   4.0000000e+00   1.6713263e-03
   1.8000000e+02   6.0000000e+00   1.6546128e-03
   1.8100000e+02   0.0000000e+00   1.6380666e-03
   1.8200000e+02   1.0000000e+00   1.6216857e-03
   1.8300000e+02   5.0000000e+00   1.6054687e-03
   1.8400000e+02   4.0000000e+00   1.5894139e-03
   1.8500000e+02   3.0000000e+00   1.5735196e-03
   1.8600000e+02   0.0000000e+00   1.5577842e-03
   1.8700000e+02   0.0000000e+00   1.5422062e-03
   1.8800000e+02   5.0000000e+00   1.5267840e-03
   1.8900000e+02   2.0000000e+00   1.5115160e-03
   1.9000000e+02   1.0000000e+00   1.4964007e-03
   1.9100000e+02   1.0000000e+00   1.4814366e-03
   1.9200000e+02   0.0000000e+00   1.4666221e-03
   1.9300000e+02   3.0000000e+00   1.4519557e-03
   1.9400000e+02   1.0000000e+00   1.4374360e-03
   1.9500000e+02   0.0000000e+00   1.4230615e-03
   1.9600000e+02   2.0000000e+00   1.4088307e-03
   1.9700000e+02   4.0000000e+00   1.3947423e-03
   1.9800000e+02   3.0000000e+00   1.3807947e-03
   1.9900000e+02   1.0000000e+00   1.3669866e-03
   2.0000000e+02   0.0000000e+00   1.3533166e-03
   2.0100000e+02   1.0000000e+00   1.3397833e-03
   2.0200000e+02   0.0000000e+00   1.3263854e-03
   2.0300000e+02   1.0000000e+00   1.3131214e-03
   2.0400000e+02   1.0000000e+00   1.2999901e-03
   2.0500000e+02   1.0000000e+00   1.2869900e-03
   2.0600000e+02   0.0000000e+00   1.2741200e-03
   2.0700000e+02   1.0000000e+00   1.2613787e-03
   2.0800000e+02   1.0000000e+00   1.2487648e-03
   2.0900000e+02   1.0000000e+00   1.2362770e-03
   2.1000000e+02   3.0000000e+00   1.2239141e-03
   2.1100000e+02   2.0000000e+00   1.2116748e-03
   2.1200000e+02   2.0000000e+00   1.1995580e-03
   2.1300000e+02   0.0000000e+00   1.1875623e-03
   2.1400000e+02   2.0000000e+00   1.1756865e-03
   2.1500000e+02   1.0000000e+00   1.1639296e-03
   2.1600000e+02   1.0000000e+00   1.1522902e-03
   2.1700000e+02   2.0000000e+00   1.1407671e-03
   2.1800000e+02   2.0000000e+00   1.1293594e-03
   2.1900000e+02   0.0000000e+00   1.1180656e-03
   2.2000000e+02   2.0000000e+00   1.1068849e-03
   2.2100000e+02   2.0000000e+00   1.0958159e-03
   2.2200000e+02   1.0000000e+00   1.0848577e-03
   2.2300000e+02   1.0000000e+00   1.0740090e-03
   2.2400000e+02   0.0000000e+00   1.0632688e-03
   2.2500000e+02   2.0000000e+00   1.0526360e-03
   2.2600000e+02   1.0000000e+00   1.0421095e-03
   2.2700000e+02   1.0000000e+00   1.0316883e-03
   2.2800000e+02   0.0000000e+00   1.0213713e-03
   2.2900000e+02   2.0000000e+00   1.0111575e-03
   2.3000000e+02   0.0000000e+00   1.0010459e-03
   2.3100000e+02   2.0000000e+00   9.9103530e-04
   2.3200000e+02   1.0000000e+00   9.8112485e-04
   2.3300000e+02   1.0000000e+00   9.7131350e-04
   2.3400000e+02   3.0000000e+00   9.6160027e-04
   2.3500000e+02   1.0000000e+00   9.5198418e-04
   2.3600000e+02   2.0000000e+00   9.4246424e-04
   2.3700000e+02   1.0000000e+00   9.3303951e-04
   2.3800000e+02   1.0000000e+00   9.2370902e-04
   2.3900000e+02   0.0000000e+00   9.1447184e-04
   2.4000000e+02   1.0000000e+00   9.0532703e-04
   2.4100000e+02   0.0000000e+00   8.9627367e-04
   2.4200000e+02   3.0000000e+00   8.8731085e-04
   2.4300000e+02   3.0000000e+00   8.7843765e-04
   2.4400000e+02   0.0000000e+00   8.6965319e-04
   2.4500000e+02   1.0000000e+00   8.6095657e-04
   2.4600000e+02   0.0000000e+00   8.5234692e-04
   2.4700000e+02   1.0000000e+00   8.4382337e-04
   2.4800000e+02   1.0000000e+00   8.3538505e-04
   2.4900000e+02   2.0000000e+00   8.2703112e-04
   2.5000000e+02   1.0000000e+00   8.1876073e-04
   2.5100000e+02   1.0000000e+00   8.1057304e-04
   2.5200000e+02   0.0000000e+00   8.0246723e-04
   2.5300000e+02   3.0000000e+00   7.9444248e-04
   2.5400000e+02   2.0000000e+00   7.8649798e-04
   2.5500000e+02   1.0000000e+00   7.7863292e-04
   2.5600000e+02   1.0000000e+00   7.7084651e-04
   2.5700000e+02   1.0000000e+00   7.6313797e-04
   2.5800000e+02   0.0000000e+00   7.5550652e-04
   2.5900000e+02   0.0000000e+00   7.4795138e-04
   2.6000000e+02   0.0000000e+00   7.4047179e-04
   2.6100000e+02   1.0000000e+00   7.3306700e-04
   2.6200000e+02   2.0000000e+00   7.2573626e-04
   2.6300000e+02   0.0000000e+00   7.1847883e-04
   2.6400000e+02   1.0000000e+00   7.1129397e-04
   2.6500000e+02   1.0000000e+00   7.0418096e-04
   2.6600000e+02   1.0000000e+00   6.9713908e-04
   2.6700000e+02   0.0000000e+00   6.9016762e-04
   2.6800000e+02   1.0000000e+00   6.8326588e-04
   2.6900000e+02   3.0000000e+00   6.7643315e-04
   2.7000000e+02   0.0000000e+00   6.6966875e-04
   2.7100000e+02   1.0000000e+00   6.6297200e-04
   2.7200000e+02   0.0000000e+00   6.5634222e-04
   2.7300000e+02   0.0000000e+00   6.4977873e-04
   2.7400000e+02   2.0000000e+00   6.4328088e-04
   2.7500000e+02   0.0000000e+00   6.3684801e-04
   2.7600000e+02   2.0000000e+00   6.3047946e-04
   2.7700000e+02   0.0000000e+00   6.2417461e-04
   2.7800000e+02   0.0000000e+00   6.1793280e-04
   2.7900000e+02   0.0000000e+00   6.1175341e-04
   2.8000000e+02   0.0000000e+00   6.0563582e-04
   2.8100000e+02   0.0000000e+00   5.9957940e-04
   2.8200000e+02   0.0000000e+00   5.9358355e-04
   2.8300000e+02   0.0000000e+00   5.8764765e-04
   2.8400000e+02   1.0000000e+00   5.8177112e-04
   2.8500000e+02   1.0000000e+00   5.7595335e-04
   2.8600000e+02   1.0000000e+00   5.7019376e-04
   2.8700000e+02   0.0000000e+00   5.6449177e-04
   2.8800000e+02   1.0000000e+00   5.5884679e-04
   2.8900000e+02   1.0000000e+00   5.5325827e-04
   2.9000000e+02   1.0000000e+00   5.4772563e-04
   2.9100000e+02   1.0000000e+00   5.4224832e-04
   2.9200000e+02   1.0000000e+00   5.3682579e-04
   2.9300000e+02   1.0000000e+00   5.3145748e-04
   2.9400000e+02   1.0000000e+00   5.2614285e-04
   2.9500000e+02   0.0000000e+00   5.2088137e-04
   2.9600000e+02   0.0000000e+00   5.1567251e-04
   2.9700000e+02   1.0000000e+00   5.1051573e-04
   2.9800000e+02   0.0000000e+00   5.0541052e-04
   2.9900000e+02   0.0000000e+00   5.0035637e-04
   3.0000000e+02   1.0000000e+00   4.9535276e-04
   3.0100000e+02   0.0000000e+00   4.9039918e-04
   3.0200000e+02   0.0000000e+00   4.8549514e-04
   3.0300000e+02   0.0000000e+00   4.8064014e-04
   3.0400000e+02   0.0000000e+00   4.7583369e-04
   3.0500000e+02   0.0000000e+00   4.7107531e-04
   3.0600000e+02   1.0000000e+00   4.6636451e-04
   3.0700000e+02   1.0000000e+00   4.6170082e-04
   3.0800000e+02   0.0000000e+00   4.5708376e-04
   3.0900000e+02   0.0000000e+00   4.5251288e-04
   3.1000000e+02   1.0000000e+00   4.4798771e-04
   3.1100000e+02   1.0000000e+00   4.4350779e-04
   3.1200000e+02   1.0000000e+00   4.3907267e-04
   3.1300000e+02   1.0000000e+00   4.3468190e-04
   3.1400000e+02   0.0000000e+00   4.3033504e-04
   3.1500000e+02   2.0000000e+00   4.2603164e-04
   3.1600000e+02   0.0000000e+00   4.2177128e-04
   3.1700000e+02   0.0000000e+00   4.1755353e-04
   3.1800000e+02   0.0000000e+00   4.1337795e-04
   3.1900000e+02   0.0000000e+00   4.0924413e-04
   3.2000000e+02   0.0000000e+00   4.0515165e-04
   3.2100000e+02   1.0000000e+00   4.0110010e-04
   3.2200000e+02   0.0000000e+00   3.9708906e-04
   3.2300000e+02   0.0000000e+00   3.9311813e-04
   3.2400000e+02   1.0000000e+00   3.8918691e-04
   3.2500000e+02   0.0000000e+00   3.8529500e-04
   3.2600000e+02   2.0000000e+00   3.8144201e-04
   3.2700000e+02   0.0000000e+00   3.7762755e-04
   3.2800000e+02   1.0000000e+00   3.7385124e-04
   3.2900000e+02   2.0000000e+00   3.7011269e-04
   3.3000000e+02   0.0000000e+00   3.6641153e-04
   3.3100000e+02   0.0000000e+00   3.6274738e-04
   3.3200000e+02   0.0000000e+00   3.5911987e-04
   3.3300000e+02   3.0000000e+00   3.5552863e-04
   3.3400000e+02   2.0000000e+00   3.5197331e-04
   3.3500000e+02   0.0000000e+00   3.4845355e-04
   3.3600000e+02   1.0000000e+00   3.4496898e-04
   3.3700000e+02   0.0000000e+00   3.4151925e-04
   3.3800000e+02   0.0000000e+00   3.3810403e-04
   3.3900000e+02   0.0000000e+00   3.3472295e-04
   3.4000000e+02   0.0000000e+00   3.3137569e-04
   3.4100000e+02   0.0000000e+00   3.2806190e-04
   3.4200000e+02   0.0000000e+00   3.2478125e-04
   3.4300000e+02   0.0000000e+00   3.2153341e-04
   3.4400000e+02   1.0000000e+00   3.1831804e-04
   3.4500000e+02   0.0000000e+00   3.1513483e-04
   3.4600000e+02   0.0000000e+00   3.1198345e-04
   3.4700000e+02   0.0000000e+00   3.0886358e-04
   3.4800000e+02   0.0000000e+00   3.0577492e-04
   3.4900000e+02   1.0000000e+00   3.0271714e-04
   3.5000000e+02   0.0000000e+00   2.9968994e-04
   3.5100000e+02   0.0000000e+00   2.9669301e-04
   3.5200000e+02   0.0000000e+00   2.9372605e-04
   3.5300000e+02   0.0000000e+00   2.9078876e-04
   3.5400000e+02   0.0000000e+00   2.8788085e-04
   3.5500000e+02   0.0000000e+00   2.8500201e-04
   3.5600000e+02   0.0000000e+00   2.8215196e-04
   3.5700000e+02   0.0000000e+00   2.7933041e-04
   3.5800000e+02   0.0000000e+00   2.7653708e-04
   3.5900000e+02   0.0000000e+00   2.7377168e-04
   3.6000000e+02   1.0000000e+00   2.7103394e-04
   3.6100000e+02   0.0000000e+00   2.6832357e-04
   3.6200000e+02   0.0000000e+00   2.6564031e-04
   3.6300000e+02   0.0000000e+00   2.6298388e-04
   3.6400000e+02   0.0000000e+00   2.6035402e-04
   3.6500000e+02   0.0000000e+00   2.5775045e-04
   3.6600000e+02   0.0000000e+00   2.5517292e-04
   3.6700000e+02   0.0000000e+00   2.5262117e-04
   3.6800000e+02   0.0000000e+00   2.5009493e-04
   3.6900000e+02   0.0000000e+00   2.4759396e-04
   3.7000000e+02   0.0000000e+00   2.4511799e-04
   3.7100000e+02   0.0000000e+00   2.4266679e-04
   3.7200000e+02   0.0000000e+00   2.4024010e-04
   3.7300000e+02   0.0000000e+00   2.3783767e-04
   3.7400000e+02   0.0000000e+00   2.3545927e-04
   3.7500000e+02   0.0000000e+00   2.3310466e-04
   3.7600000e+02   0.0000000e+00   2.3077359e-04
   3.7700000e+02   0.0000000e+00   2.2846583e-04
   3.7800000e+02   0.0000000e+00   2.2618115e-04
   3.7900000e+02   0.0000000e+00   2.2391932e-04
   3.8000000e+02   0.0000000e+00   2.2168010e-04
   3.8100000e+02   1.0000000e+00   2.1946328e-04
   3.8200000e+02   0.0000000e+00   2.1726862e-04
   3.8300000e+02   0.0000000e+00   2.1509592e-04
   3.8400000e+02   0.0000000e+00   2.1294494e-04
   3.8500000e+02   0.0000000e+00   2.1081547e-04
   3.8600000e+02   0.0000000e+00   2.0870729e-04
   3.8700000e+02   0.0000000e+00   2.0662020e-04
   3.8800000e+02   0.0000000e+00   2.0455397e-04
   3.8900000e+02   0.0000000e+00   2.0250841e-04
   3.9000000e+02   0.0000000e+00   2.0048331e-04
   3.9100000e+02   0.0000000e+00   1.9847846e-04
   3.9200000e+02   0.0000000e+00   1.9649365e-04
   3.9300000e+02   0.0000000e+00   1.9452870e-04
   3.9400000e+02   0.0000000e+00   1.9258339e-04
   3.9500000e+02   0.0000000e+00   1.9065754e-04
   3.9600000e+02   0.0000000e+00   1.8875095e-04
   3.9700000e+02   0.0000000e+00   1.8686342e-04
   3.9800000e+02   0.0000000e+00   1.8499476e-04
   3.9900000e+02   1.0000000e+00   1.8314480e-04
   4.0000000e+02   0.0000000e+00   1.8131333e-04
   4.0100000e+02   0.0000000e+00   1.7950018e-04
   4.0200000e+02   0.0000000e+00   1.7770516e-04
   4.0300000e+02   0.0000000e+00   1.7592809e-04
   4.0400000e+02   0.0000000e+00   1.7416880e-04
   4.0500000e+02   0.0000000e+00   1.7242709e-04
   4.0600000e+02   0.0000000e+00   1.7070280e-04
   4.0700000e+02   0.0000000e+00   1.6899576e-04
   4.0800000e+02   1.0000000e+00   1.6730578e-04
   4.0900000e+02   0.0000000e+00   1.6563271e-04
   4.1000000e+02   0.0000000e+00   1.6397637e-04
   4.1100000e+02   0.0000000e+00   1.6233659e-04
   4.1200000e+02   0.0000000e+00   1.6071320e-04
   4.1300000e+02   0.0000000e+00   1.5910606e-04
   4.1400000e+02   0.0000000e+00   1.5751498e-04
   4.1500000e+02   0.0000000e+00   1.5593982e-04
   4.1600000e+02   0.0000000e+00   1.5438040e-04
   4.1700000e+02   0.0000000e+00   1.5283658e-04
   4.1800000e+02   1.0000000e+00   1.5130820e-04
   4.1900000e+02   0.0000000e+00   1.4979511e-04
   4.2000000e+02   0.0000000e+00   1.4829714e-04
   4.2100000e+02   0.0000000e+00   1.4681415e-04
   4.2200000e+02   0.0000000e+00   1.4534600e-04
   4.2300000e+02   0.0000000e+00   1.4389252e-04
   4.2400000e+02   0.0000000e+00   1.4245358e-04
   4.2500000e+02   0.0000000e+00   1.4102903e-04
   4.2600000e+02   0.0000000e+00   1.3961873e-04
   4.2700000e+02   1.0000000e+00   1.3822253e-04
   4.2800000e+02   0.0000000e+00   1.3684029e-04
   4.2900000e+02   1.0000000e+00   1.3547187e-04
   4.3000000e+02   0.0000000e+00   1.3411714e-04
   4.3100000e+02   0.0000000e+00   1.3277596e-04
   4.3200000e+02   0.0000000e+00   1.3144818e-04
   4.3300000e+02   0.0000000e+00   1.3013369e-04
   4.3400000e+02   0.0000000e+00   1.2883234e-04
   4.3500000e+02   0.0000000e+00   1.2754400e-04
   4.3600000e+02   0.0000000e+00   1.2626855e-04
   4.3700000e+02   0.0000000e+00   1.2500585e-04
   4.3800000e+02   0.0000000e+00   1.2375578e-04
   4.3900000e+02   1.0000000e+00   1.2251821e-04
   4.4000000e+02   0.0000000e+00   1.2129302e-04
   4.4100000e+02   0.0000000e+00   1.2008008e-04
   4.4200000e+02   0.0000000e+00   1.1887926e-04
   4.4300000e+02   0.0000000e+00   1.1769046e-04
   4.4400000e+02   0.0000000e+00   1.1651354e-04
   4.4500000e+02   0.0000000e+00   1.1534840e-04
   4.4600000e+02   0.0000000e+00   1.1419490e-04
   4.4700000e+02   0.0000000e+00   1.1305294e-04
   4.4800000e+02   0.0000000e+00   1.1192240e-04
   4.4900000e+02   0.0000000e+00   1.1080317e-04
   4.5000000e+02   0.0000000e+00   1.0969512e-04
   4.5100000e+02   0.0000000e+00   1.0859816e-04
   4.5200000e+02   0.0000000e+00   1.0751217e-04
   4.5300000e+02   0.0000000e+00   1.0643704e-04
   4.5400000e+02   0.0000000e+00   1.0537266e-04
   4.5500000e+02   0.0000000e+00   1.0431892e-04
   4.5600000e+02   0.0000000e+00   1.0327572e-04
   4.5700000e+02   0.0000000e+00   1.0224295e-04
   4.5800000e+02   1.0000000e+00   1.0122051e-04
   4.5900000e+02   0.0000000e+00   1.0020830e-04
   4.6000000e+02   0.0000000e+00   9.9206205e-05
   4.6100000e+02   0.0000000e+00   9.8214133e-05
   4.6200000e+02   0.0000000e+00   9.7231982e-05
   4.6300000e+02   0.0000000e+00   9.6259653e-05
   4.6400000e+02   0.0000000e+00   9.5297047e-05
   4.6500000e+02   0.0000000e+00   9.4344067e-05
   4.6600000e+02   0.0000000e+00   9.3400617e-05
   4.6700000e+02   0.0000000e+00   9.2466602e-05
   4.6800000e+02   0.0000000e+00   9.1541927e-05
   4.6900000e+02   0.0000000e+00   9.0626499e-05
   4.7000000e+02   0.0000000e+00   8.9720225e-05
   4.7100000e+02   0.0000000e+00   8.8823014e-05
   4.7200000e+02   0.0000000e+00   8.7934775e-05
   4.7300000e+02   0.0000000e+00   8.7055419e-05
   4.7400000e+02   0.0000000e+00   8.6184856e-05
   4.7500000e+02   0.0000000e+00   8.5322999e-05
   4.7600000e+02   0.0000000e+00   8.4469760e-05
   4.7700000e+02   0.0000000e+00   8.3625055e-05
   4.7800000e+02   0.0000000e+00   8.2788796e-05
   4.7900000e+02   1.0000000e+00   8.1960900e-05
   4.8000000e+02   0.0000000e+00   8.1141283e-05
   4.8100000e+02   0.0000000e+00   8.0329862e-05
   4.8200000e+02   0.0000000e+00   7.9526555e-05
   4.8300000e+02   0.0000000e+00   7.8731282e-05
   4.8400000e+02   0.0000000e+00   7.7943962e-05
   4.8500000e+02   0.0000000e+00   7.7164514e-05
   4.8600000e+02   0.0000000e+00   7.6392862e-05
   4.8700000e+02   0.0000000e+00   7.5628925e-05
   4.8800000e+02   0.0000000e+00   7.4872629e-05
   4.8900000e+02   0.0000000e+00   7.4123895e-05
   4.9000000e+02   0.0000000e+00   7.3382649e-05
   4.9100000e+02   0.0000000e+00   7.2648815e-05
   4.9200000e+02   0.0000000e+00   7.1922320e-05
   4.9300000e+02   0.0000000e+00   7.1203090e-05
   4.9400000e+02   0.0000000e+00   7.0491052e-05
   4.9500000e+02   0.0000000e+00   6.9786134e-05
   4.9600000e+02   0.0000000e+00   6.9088266e-05
   4.9700000e+02   0.0000000e+00   6.8397377e-05
   4.9800000e+02   0.0000000e+00   6.7713396e-05
   4.9900000e+02   0.0000000e+00   6.7036256e-05
   5.0000000e+02   0.0000000e+00   6.6365887e-05
   5.0100000e+02   0.0000000e+00   6.5702221e-05
   5.0200000e+02   0.0000000e+00   6.5045193e-05
   5.0300000e+02   0.0000000e+00   6.4394734e-05
   5.0400000e+02   0.0000000e+00   6.3750781e-05
   5.0500000e+02   0.0000000e+00   6.3113267e-05
   5.0600000e+02   0.0000000e+00   6.2482128e-05
   5.0700000e+02   0.0000000e+00   6.1857300e-05
   5.0800000e+02   0.0000000e+00   6.1238721e-05
   5.0900000e+02   0.0000000e+00   6.0626328e-05
   5.1000000e+02   0.0000000e+00   6.0020059e-05
   5.1100000e+02   0.0000000e+00   5.9419852e-05
   5.1200000e+02   0.0000000e+00   5.8825648e-05
   5.1300000e+02   0.0000000e+00   5.8237386e-05
   5.1400000e+02   0.0000000e+00   5.7655006e-05
   5.1500000e+02   0.0000000e+00   5.7078450e-05
   5.1600000e+02   0.0000000e+00   5.6507660e-05
   5.1700000e+02   0.0000000e+00   5.5942578e-05
   5.1800000e+02   0.0000000e+00   5.5383147e-05
   5.1900000e+02   0.0000000e+00   5.4829310e-05
   5.2000000e+02   0.0000000e+00   5.4281012e-05
   5.2100000e+02   0.0000000e+00   5.3738196e-05
   5.2200000e+02   0.0000000e+00   5.3200809e-05
   5.2300000e+02   0.0000000e+00   5.2668796e-05
   5.2400000e+02   0.0000000e+00   5.2142102e-05
   5.2500000e+02   0.0000000e+00   5.1620676e-05
   5.2600000e+02   0.0000000e+00   5.1104465e-05
   5.2700000e+02   0.0000000e+00   5.0593415e-05
   5.2800000e+02   0.0000000e+00   5.0087476e-05
   5.2900000e+02   0.0000000e+00   4.9586596e-05
   5.3000000e+02   0.0000000e+00   4.9090725e-05
   5.3100000e+02   0.0000000e+00   4.8599813e-05
   5.3200000e+02   0.0000000e+00   4.8113810e-05
   5.3300000e+02   0.0000000e+00   4.7632667e-05
   5.3400000e+02   0.0000000e+00   4.7156336e-05
   5.3500000e+02   0.0000000e+00   4.6684768e-05
   5.3600000e+02   1.0000000e+00   4.6217916e-05
   5.3700000e+02   0.0000000e+00   4.5755732e-05
   5.3800000e+02   0.0000000e+00   4.5298170e-05
   5.3900000e+02   0.0000000e+00   4.4845184e-05
   5.4000000e+02   0.0000000e+00   4.4396728e-05
   5.4100000e+02   0.0000000e+00   4.3952756e-05
   5.4200000e+02   0.0000000e+00   4.3513225e-05
   5.4300000e+02   0.0000000e+00   4.3078088e-05
   5.4400000e+02   0.0000000e+00   4.2647303e-05
   5.4500000e+02   0.0000000e+00   4.2220826e-05
   5.4600000e+02   0.0000000e+00   4.1798613e-05
   5.4700000e+02   0.0000000e+00   4.1380623e-05
   5.4800000e+02   0.0000000e+00   4.0966813e-05
   5.4900000e+02   0.0000000e+00   4.0557141e-05
   5.5000000e+02   0.0000000e+00   4.0151565e-05
   5.5100000e+02   0.0000000e+00   3.9750046e-05
   5.5200000e+02   0.0000000e+00   3.9352541e-05
   5.5300000e+02   0.0000000e+00   3.8959012e-05
   5.5400000e+02   1.0000000e+00   3.8569418e-05
   5.5500000e+02   0.0000000e+00   3.8183720e-05
   5.5600000e+02   0.0000000e+00   3.7801879e-05
   5.5700000e+02   0.0000000e+00   3.7423857e-05
   5.5800000e+02   0.0000000e+00   3.7049614e-05
   5.5900000e+02   0.0000000e+00   3.6679115e-05
   5.6000000e+02   0.0000000e+00   3.6312320e-05
   5.6100000e+02   0.0000000e+00   3.5949193e-05
   5.6200000e+02   0.0000000e+00   3.5589698e-05
   5.6300000e+02   0.0000000e+00   3.5233797e-05
   5.6400000e+02   0.0000000e+00   3.4881456e-05
   5.6500000e+02   0.0000000e+00   3.4532638e-05
   5.6600000e+02   0.0000000e+00   3.4187308e-05
   5.6700000e+02   0.0000000e+00   3.3845432e-05
   5.6800000e+02   0.0000000e+00   3.3506974e-05
   5.6900000e+02   1.0000000e+00   3.3171901e-05
   5.7000000e+02   0.0000000e+00   3.2840179e-05
   5.7100000e+02   0.0000000e+00   3.2511774e-05
   5.7200000e+02   0.0000000e+00   3.2186653e-05
   5.7300000e+02   0.0000000e+00   3.1864783e-05
   5.7400000e+02   0.0000000e+00   3.1546132e-05
   5.7500000e+02   0.0000000e+00   3.1230668e-05
   5.7600000e+02   0.0000000e+00   3.0918358e-05
   5.7700000e+02   0.0000000e+00   3.0609171e-05
   5.7800000e+02   0.0000000e+00   3.0303077e-05
   5.7900000e+02   0.0000000e+00   3.0000043e-05
   5.8000000e+02   0.0000000e+00   2.9700040e-05
   5.8100000e+02   0.0000000e+00   2.9403036e-05
   5.8200000e+02   0.0000000e+00   2.9109003e-05
   5.8300000e+02   0.0000000e+00   2.8817910e-05
   5.8400000e+02   0.0000000e+00   2.8529728e-05
   5.8500000e+02   0.0000000e+00   2.8244428e-05
   5.8600000e+02   0.0000000e+00   2.7961981e-05
   5.8700000e+02   0.0000000e+00   2.7682359e-05
   5.8800000e+02   0.0000000e+00   2.7405532e-05
   5.8900000e+02   0.0000000e+00   2.7131474e-05
   5.9000000e+02   0.0000000e+00   2.6860157e-05
   5.9100000e+02   0.0000000e+00   2.6591553e-05
   5.9200000e+02   0.0000000e+00   2.6325634e-05
   5.9300000e+02   0.0000000e+00   2.6062376e-05
   5.9400000e+02   0.0000000e+00   2.5801749e-05
   5.9500000e+02   0.0000000e+00   2.5543729e-05
   5.9600000e+02   0.0000000e+00   2.5288289e-05
   5.9700000e+02   0.0000000e+00   2.5035404e-05
   5.9800000e+02   0.0000000e+00   2.4785048e-05
   5.9900000e+02   0.0000000e+00   2.4537195e-05
   6.0000000e+02   0.0000000e+00   2.4291820e-05
   6.0100000e+02   1.0000000e+00   2.4048900e-05
   6.0200000e+02   0.0000000e+00   2.3808408e-05
   6.0300000e+02   0.0000000e+00   2.3570322e-05
   6.0400000e+02   0.0000000e+00   2.3334616e-05
   6.0500000e+02   0.0000000e+00   2.3101268e-05
   6.0600000e+02   0.0000000e+00   2.2870253e-05
   6.0700000e+02   0.0000000e+00   2.2641548e-05
   6.0800000e+02   0.0000000e+00   2.2415131e-05
   6.0900000e+02   0.0000000e+00   2.2190977e-05
   6.1000000e+02   0.0000000e+00   2.1969065e-05
   6.1100000e+02   0.0000000e+00   2.1749372e-05
   6.1200000e+02   0.0000000e+00   2.1531876e-05
   6.1300000e+02   0.0000000e+00   2.1316556e-05
   6.1400000e+02   0.0000000e+00   2.1103388e-05
   6.1500000e+02   0.0000000e+00   2.0892352e-05
   6.1600000e+02   0.0000000e+00   2.0683426e-05
   6.1700000e+02   0.0000000e+00   2.0476590e-05
   6.1800000e+02   0.0000000e+00   2.0271822e-05
   6.1900000e+02   0.0000000e+00   2.0069102e-05
   6.2000000e+02   0.0000000e+00   1.9868409e-05
   6.2100000e+02   0.0000000e+00   1.9669723e-05
   6.2200000e+02   0.0000000e+00   1.9473024e-05
   6.2300000e+02   0.0000000e+00   1.9278292e-05
   6.2400000e+02   0.0000000e+00   1.9085507e-05
   6.2500000e+02   0.0000000e+00   1.8894650e-05
   6.2600000e+02   0.0000000e+00   1.8705702e-05
   6.2700000e+02   0.0000000e+00   1.8518643e-05
   6.2800000e+02   0.0000000e+00   1.8333454e-05
   6.2900000e+02   0.0000000e+00   1.8150118e-05
   6.3000000e+02   0.0000000e+00   1.7968615e-05
   6.3100000e+02   0.0000000e+00   1.7788927e-05
   6.3200000e+02   0.0000000e+00   1.7611036e-05
   6.3300000e+02   0.0000000e+00   1.7434924e-05
   6.3400000e+02   0.0000000e+00   1.7260573e-05
   6.3500000e+02   0.0000000e+00   1.7087966e-05
   6.3600000e+02   0.0000000e+00   1.6917084e-05
   6.3700000e+02   0.0000000e+00   1.6747912e-05
   6.3800000e+02   0.0000000e+00   1.6580431e-05
   6.3900000e+02   0.0000000e+00   1.6414625e-05
   6.4000000e+02   0.0000000e+00   1.6250477e-05
   6.4100000e+02   0.0000000e+00   1.6087971e-05
   6.4200000e+02   0.0000000e+00   1.5927090e-05
   6.4300000e+02   0.0000000e+00   1.5767817e-05
   6.4400000e+02   0.0000000e+00   1.5610138e-05
   6.4500000e+02   0.0000000e+00   1.5454035e-05
   6.4600000e+02   0.0000000e+00   1.5299493e-05
   6.4700000e+02   0.0000000e+00   1.5146496e-05
   6.4800000e+02   0.0000000e+00   1.4995030e-05
   6.4900000e+02   0.0000000e+00   1.4845078e-05
   6.5000000e+02   0.0000000e+00   1.4696626e-05
   6.5100000e+02   0.0000000e+00   1.4549658e-05
   6.5200000e+02   0.0000000e+00   1.4404160e-05
   6.5300000e+02   0.0000000e+00   1.4260117e-05
   6.5400000e+02   0.0000000e+00   1.4117515e-05
   6.5500000e+02   0.0000000e+00   1.3976338e-05
   6.5600000e+02   0.0000000e+00   1.3836573e-05
   6.5700000e+02   0.0000000e+00   1.3698206e-05
   6.5800000e+02   0.0000000e+00   1.3561223e-05
   6.5900000e+02   0.0000000e+00   1.3425609e-05
   6.6000000e+02   0.0000000e+00   1.3291352e-05
   6.6100000e+02   0.0000000e+00   1.3158437e-05
   6.6200000e+02   0.0000000e+00   1.3026851e-05
   6.6300000e+02   0.0000000e+00   1.2896582e-05
   6.6400000e+02   0.0000000e+00   1.2767615e-05
   6.6500000e+02   0.0000000e+00   1.2639937e-05
   6.6600000e+02   0.0000000e+00   1.2513536e-05
   6.6700000e+02   0.0000000e+00   1.2388400e-05
   6.6800000e+02   0.0000000e+00   1.2264515e-05
   6.6900000e+02   0.0000000e+00   1.2141868e-05
   6.7000000e+02   0.0000000e+00   1.2020448e-05
   6.7100000e+02   0.0000000e+00   1.1900243e-05
   6.7200000e+02   0.0000000e+00   1.1781239e-05
   6.7300000e+02   0.0000000e+00   1.1663426e-05
   6.7400000e+02   0.0000000e+00   1.1546790e-05
   6.7500000e+02   2.0000000e+00   1.1431321e-05
   6.7600000e+02   0.0000000e+00   1.1317007e-05
   6.7700000e+02   0.0000000e+00   1.1203836e-05
   6.7800000e+02   0.0000000e+00   1.1091796e-05
   6.7900000e+02   0.0000000e+00   1.0980877e-05
   6.8000000e+02   0.0000000e+00   1.0871067e-05
   6.8100000e+02   0.0000000e+00   1.0762356e-05
   6.8200000e+02   0.0000000e+00   1.0654731e-05
   6.8300000e+02   0.0000000e+00   1.0548183e-05
   6.8400000e+02   0.0000000e+00   1.0442700e-05
   6.8500000e+02   0.0000000e+00   1.0338272e-05
   6.8600000e+02   0.0000000e+00   1.0234888e-05
   6.8700000e+02   0.0000000e+00   1.0132538e-05
   6.8800000e+02   0.0000000e+00   1.0031212e-05
   6.8900000e+02   0.0000000e+00   9.9308987e-06
   6.9000000e+02   0.0000000e+00   9.8315887e-06
   6.9100000e+02   0.0000000e+00   9.7332719e-06
   6.9200000e+02   0.0000000e+00   9.6359382e-06
   6.9300000e+02   0.0000000e+00   9.5395779e-06
   6.9400000e+02   0.0000000e+00   9.4441812e-06
   6.9500000e+02   0.0000000e+00   9.3497384e-06
   6.9600000e+02   0.0000000e+00   9.2562401e-06
   6.9700000e+02   0.0000000e+00   9.1636768e-06
   6.9800000e+02   0.0000000e+00   9.0720391e-06
   6.9900000e+02   0.0000000e+00   8.9813179e-06
   7.0000000e+02   0.0000000e+00   8.8915038e-06
   7.0100000e+02   0.0000000e+00   8.8025879e-06
   7.0200000e+02   0.0000000e+00   8.7145612e-06
   7.0300000e+02   0.0000000e+00   8.6274147e-06
   7.0400000e+02   0.0000000e+00   8.5411397e-06
   7.0500000e+02   0.0000000e+00   8.4557275e-06
   7.0600000e+02   0.0000000e+00   8.3711694e-06
   7.0700000e+02   0.0000000e+00   8.2874568e-06
   7.0800000e+02   0.0000000e+00   8.2045815e-06
   7.0900000e+02   0.0000000e+00   8.1225348e-06
   7.1000000e+02   0.0000000e+00   8.0413087e-06
   7.1100000e+02   0.0000000e+00   7.9608948e-06
   7.1200000e+02   0.0000000e+00   7.8812851e-06
   7.1300000e+02   0.0000000e+00   7.8024715e-06
   7.1400000e+02   0.0000000e+00   7.7244460e-06
   7.1500000e+02   0.0000000e+00   7.6472008e-06
   7.1600000e+02   0.0000000e+00   7.5707280e-06
   7.1700000e+02   0.0000000e+00   7.4950200e-06
   7.1800000e+02   0.0000000e+00   7.4200691e-06
   7.1900000e+02   0.0000000e+00   7.3458676e-06
   7.2000000e+02   0.0000000e+00   7.2724082e-06
   7.2100000e+02   0.0000000e+00   7.1996834e-06
   7.2200000e+02   0.0000000e+00   7.1276859e-06
   7.2300000e+02   0.0000000e+00   7.0564083e-06
   7.2400000e+02   0.0000000e+00   6.9858436e-06
   7.2500000e+02   0.0000000e+00   6.9159845e-06
   7.2600000e+02   0.0000000e+00   6.8468239e-06
   7.2700000e+02   0.0000000e+00   6.7783550e-06
   7.2800000e+02   0.0000000e+00   6.7105708e-06
   7.2900000e+02   0.0000000e+00   6.6434644e-06
   7.3000000e+02   0.0000000e+00   6.5770291e-06
   7.3100000e+02   0.0000000e+00   6.5112582e-06
   7.3200000e+02   0.0000000e+00   6.4461450e-06
   7.3300000e+02   0.0000000e+00   6.3816829e-06
   7.3400000e+02   0.0000000e+00   6.3178655e-06
   7.3500000e+02   0.0000000e+00   6.2546862e-06
   7.3600000e+02   0.0000000e+00   6.1921387e-06
   7.3700000e+02   0.0000000e+00   6.1302167e-06
   7.3800000e+02   0.0000000e+00   6.0689139e-06
   7.3900000e+02   0.0000000e+00   6.0082242e-06
   7.4000000e+02   0.0000000e+00   5.9481414e-06
   7.4100000e+02   0.0000000e+00   5.8886594e-06
   7.4200000e+02   0.0000000e+00   5.8297722e-06
   7.4300000e+02   0.0000000e+00   5.7714739e-06
   7.4400000e+02   0.0000000e+00   5.7137586e-06
   7.4500000e+02   0.0000000e+00   5.6566205e-06
   7.4600000e+02   0.0000000e+00   5.6000537e-06
   7.4700000e+02   0.0000000e+00   5.5440526e-06
   7.4800000e+02   0.0000000e+00   5.4886115e-06
   7.4900000e+02   0.0000000e+00   5.4337249e-06
   7.5000000e+02   0.0000000e+00   5.3793871e-06
   7.5100000e+02   0.0000000e+00   5.3255927e-06
   7.5200000e+02   0.0000000e+00   5.2723363e-06
   7.5300000e+02   0.0000000e+00   5.2196124e-06
   7.5400000e+02   0.0000000e+00   5.1674157e-06
   7.5500000e+02   0.0000000e+00   5.1157411e-06
   7.5600000e+02   0.0000000e+00   5.0645832e-06
   7.5700000e+02   0.0000000e+00   5.0139368e-06
   7.5800000e+02   0.0000000e+00   4.9637970e-06
   7.5900000e+02   0.0000000e+00   4.9141585e-06
   7.6000000e+02   0.0000000e+00   4.8650165e-06
   7.6100000e+02   0.0000000e+00   4.8163658e-06
   7.6200000e+02   0.0000000e+00   4.7682017e-06
   7.6300000e+02   0.0000000e+00   4.7205192e-06
   7.6400000e+02   0.0000000e+00   4.6733135e-06
   7.6500000e+02   0.0000000e+00   4.6265800e-06
   7.6600000e+02   0.0000000e+00   4.5803137e-06
   7.6700000e+02   0.0000000e+00   4.5345101e-06
   7.6800000e+02   0.0000000e+00   4.4891646e-06
   7.6900000e+02   0.0000000e+00   4.4442725e-06
   7.7000000e+02   0.0000000e+00   4.3998293e-06
   7.7100000e+02   0.0000000e+00   4.3558306e-06
   7.7200000e+02   0.0000000e+00   4.3122719e-06
   7.7300000e+02   0.0000000e+00   4.2691487e-06
   7.7400000e+02   0.0000000e+00   4.2264568e-06
   7.7500000e+02   0.0000000e+00   4.1841918e-06
   7.7600000e+02   0.0000000e+00   4.1423495e-06
   7.7700000e+02   0.0000000e+00   4.1009256e-06
   7.7800000e+02   0.0000000e+00   4.0599159e-06
   7.7900000e+02   0.0000000e+00   4.0193164e-06
   7.8000000e+02   0.0000000e+00   3.9791228e-06
   7.8100000e+02   0.0000000e+00   3.9393312e-06
   7.8200000e+02   0.0000000e+00   3.8999375e-06
   7.8300000e+02   0.0000000e+00   3.8609378e-06
   7.8400000e+02   0.0000000e+00   3.8223280e-06
   7.8500000e+02   0.0000000e+00   3.7841043e-06
   7.8600000e+02   0.0000000e+00   3.7462629e-06
   7.8700000e+02   0.0000000e+00   3.7087999e-06
   7.8800000e+02   0.0000000e+00   3.6717116e-06
   7.8900000e+02   0.0000000e+00   3.6349941e-06
   7.9000000e+02   0.0000000e+00   3.5986438e-06
   7.9100000e+02   0.0000000e+00   3.5626570e-06
   7.9200000e+02   0.0000000e+00   3.5270301e-06
   7.9300000e+02   0.0000000e+00   3.4917594e-06
   7.9400000e+02   0.0000000e+00   3.4568415e-06
   7.9500000e+02   0.0000000e+00   3.4222728e-06
   7.9600000e+02   0.0000000e+00   3.3880497e-06
   7.9700000e+02   0.0000000e+00   3.3541689e-06
   7.9800000e+02   0.0000000e+00   3.3206268e-06
   7.9900000e+02   0.0000000e+00   3.2874202e-06
   8.0000000e+02   0.0000000e+00   3.2545457e-06
   8.0100000e+02   0.0000000e+00   3.2219999e-06
   8.0200000e+02   0.0000000e+00   3.1897796e-06
   8.0300000e+02   0.0000000e+00   3.1578815e-06
   8.0400000e+02   0.0000000e+00   3.1263024e-06
   8.0500000e+02   0.0000000e+00   3.0950391e-06
   8.0600000e+02   0.0000000e+00   3.0640884e-06
   8.0700000e+02   0.0000000e+00   3.0334472e-06
   8.0800000e+02   0.0000000e+00   3.0031124e-06
   8.0900000e+02   0.0000000e+00   2.9730810e-06
   8.1000000e+02   0.0000000e+00   2.9433499e-06
   8.1100000e+02   0.0000000e+00   2.9139161e-06
   8.1200000e+02   0.0000000e+00   2.8847767e-06
   8.1300000e+02   0.0000000e+00   2.8559286e-06
   8.1400000e+02   0.0000000e+00   2.8273691e-06
   8.1500000e+02   0.0000000e+00   2.7990951e-06
   8.1600000e+02   0.0000000e+00   2.7711039e-06
   8.1700000e+02   0.0000000e+00   2.7433925e-06
   8.1800000e+02   0.0000000e+00   2.7159584e-06
   8.1900000e+02   0.0000000e+00   2.6887985e-06
   8.2000000e+02   0.0000000e+00   2.6619103e-06
   8.2100000e+02   0.0000000e+00   2.6352909e-06
   8.2200000e+02   0.0000000e+00   2.6089377e-06
   8.2300000e+02   0.0000000e+00   2.5828481e-06
   8.2400000e+02   0.0000000e+00   2.5570194e-06
   8.2500000e+02   0.0000000e+00   2.5314489e-06
   8.2600000e+02   0.0000000e+00   2.5061342e-06
   8.2700000e+02   0.0000000e+00   2.4810726e-06
   8.2800000e+02   0.0000000e+00   2.4562616e-06
   8.2900000e+02   0.0000000e+00   2.4316988e-06
   8.3000000e+02   0.0000000e+00   2.4073815e-06
   8.3100000e+02   0.0000000e+00   2.3833075e-06
   8.3200000e+02   0.0000000e+00   2.3594742e-06
   8.3300000e+02   0.0000000e+00   2.3358792e-06
   8.3400000e+02   0.0000000e+00   2.3125202e-06
   8.3500000e+02   0.0000000e+00   2.2893948e-06
   8.3600000e+02   0.0000000e+00   2.2665006e-06
   8.3700000e+02   0.0000000e+00   2.2438354e-06
   8.3800000e+02   0.0000000e+00   2.2213968e-06
   8.3900000e+02   0.0000000e+00   2.1991826e-06
   8.4000000e+02   0.0000000e+00   2.1771906e-06
   8.4100000e+02   0.0000000e+00   2.1554184e-06
   8.4200000e+02   0.0000000e+00   2.1338640e-06
   8.4300000e+02   0.0000000e+00   2.1125252e-06
   8.4400000e+02   0.0000000e+00   2.0913997e-06
   8.4500000e+02   0.0000000e+00   2.0704855e-06
   8.4600000e+02   0.0000000e+00   2.0497805e-06
   8.4700000e+02   0.0000000e+00   2.0292825e-06
   8.4800000e+02   0.0000000e+00   2.0089894e-06
   8.4900000e+02   0.0000000e+00   1.9888993e-06
   8.5000000e+02   0.0000000e+00   1.9690102e-06
   8.5100000e+02   0.0000000e+00   1.9493199e-06
   8.5200000e+02   0.0000000e+00   1.9298265e-06
   8.5300000e+02   0.0000000e+00   1.9105280e-06
   8.5400000e+02   0.0000000e+00   1.8914226e-06
   8.5500000e+02   0.0000000e+00   1.8725081e-06
   8.5600000e+02   0.0000000e+00   1.8537829e-06
   8.5700000e+02   0.0000000e+00   1.8352449e-06
   8.5800000e+02   0.0000000e+00   1.8168922e-06
   8.5900000e+02   0.0000000e+00   1.7987231e-06
   8.6000000e+02   0.0000000e+00   1.7807357e-06
   8.6100000e+02   0.0000000e+00   1.7629282e-06
   8.6200000e+02   0.0000000e+00   1.7452987e-06
   8.6300000e+02   0.0000000e+00   1.7278456e-06
   8.6400000e+02   0.0000000e+00   1.7105670e-06
   8.6500000e+02   0.0000000e+00   1.6934611e-06
   8.6600000e+02   0.0000000e+00   1.6765263e-06
   8.6700000e+02   0.0000000e+00   1.6597609e-06
   8.6800000e+02   0.0000000e+00   1.6431631e-06
   8.6900000e+02   0.0000000e+00   1.6267314e-06
   8.7000000e+02   0.0000000e+00   1.6104639e-06
   8.7100000e+02   0.0000000e+00   1.5943591e-06
   8.7200000e+02   0.0000000e+00   1.5784153e-06
   8.7300000e+02   0.0000000e+00   1.5626310e-06
   8.7400000e+02   0.0000000e+00   1.5470046e-06
   8.7500000e+02   0.0000000e+00   1.5315344e-06
   8.7600000e+02   0.0000000e+00   1.5162189e-06
   8.7700000e+02   0.0000000e+00   1.5010565e-06
   8.7800000e+02   0.0000000e+00   1.4860458e-06
   8.7900000e+02   0.0000000e+00   1.4711852e-06
   8.8000000e+02   0.0000000e+00   1.4564732e-06
   8.8100000e+02   0.0000000e+00   1.4419083e-06
   8.8200000e+02   0.0000000e+00   1.4274891e-06
   8.8300000e+02   0.0000000e+00   1.4132141e-06
   8.8400000e+02   0.0000000e+00   1.3990818e-06
   8.8500000e+02   0.0000000e+00   1.3850909e-06
   8.8600000e+02   0.0000000e+00   1.3712398e-06
   8.8700000e+02   0.0000000e+00   1.3575273e-06
   8.8800000e+02   0.0000000e+00   1.3439519e-06
   8.8900000e+02   0.0000000e+00   1.3305122e-06
   8.9000000e+02   0.0000000e+00   1.3172070e-06
   8.9100000e+02   0.0000000e+00   1.3040348e-06
   8.9200000e+02   0.0000000e+00   1.2909943e-06
   8.9300000e+02   0.0000000e+00   1.2780842e-06
   8.9400000e+02   0.0000000e+00   1.2653033e-06
   8.9500000e+02   0.0000000e+00   1.2526501e-06
   8.9600000e+02   0.0000000e+00   1.2401235e-06
   8.9700000e+02   0.0000000e+00   1.2277221e-06
   8.9800000e+02   0.0000000e+00   1.2154448e-06
   8.9900000e+02   0.0000000e+00   1.2032902e-06
   9.0000000e+02   0.0000000e+00   1.1912572e-06
   9.0100000e+02   0.0000000e+00   1.1793445e-06
   9.0200000e+02   0.0000000e+00   1.1675509e-06
   9.0300000e+02   0.0000000e+00   1.1558753e-06
   9.0400000e+02   0.0000000e+00   1.1443165e-06
   9.0500000e+02   0.0000000e+00   1.1328732e-06
   9.0600000e+02   0.0000000e+00   1.1215443e-06
   9.0700000e+02   0.0000000e+00   1.1103288e-06
   9.0800000e+02   0.0000000e+00   1.0992254e-06
   9.0900000e+02   0.0000000e+00   1.0882330e-06
   9.1000000e+02   0.0000000e+00   1.0773506e-06
   9.1100000e+02   0.0000000e+00   1.0665770e-06
   9.1200000e+02   0.0000000e+00   1.0559111e-06
   9.1300000e+02   0.0000000e+00   1.0453519e-06
   9.1400000e+02   0.0000000e+00   1.0348983e-06
   9.1500000e+02   0.0000000e+00   1.0245492e-06
   9.1600000e+02   0.0000000e+00   1.0143036e-06
   9.1700000e+02   0.0000000e+00   1.0041605e-06
   9.1800000e+02   0.0000000e+00   9.9411875e-07
   9.1900000e+02   0.0000000e+00   9.8417747e-07
   9.2000000e+02   0.0000000e+00   9.7433559e-07
   9.2100000e+02   0.0000000e+00   9.6459214e-07
   9.2200000e+02   0.0000000e+00   9.5494613e-07
   9.2300000e+02   0.0000000e+00   9.4539657e-07
   9.2400000e+02   0.0000000e+00   9.3594251e-07
   9.2500000e+02   0.0000000e+00   9.2658300e-07
   9.2600000e+02   0.0000000e+00   9.1731708e-07
   9.2700000e+02   0.0000000e+00   9.0814381e-07
   9.2800000e+02   0.0000000e+00   8.9906229e-07
   9.2900000e+02   0.0000000e+00   8.9007158e-07
   9.3000000e+02   0.0000000e+00   8.8117077e-07
   9.3100000e+02   0.0000000e+00   8.7235898e-07
   9.3200000e+02   0.0000000e+00   8.6363530e-07
   9.3300000e+02   0.0000000e+00   8.5499887e-07
   9.3400000e+02   0.0000000e+00   8.4644879e-07
   9.3500000e+02   0.0000000e+00   8.3798422e-07
   9.3600000e+02   0.0000000e+00   8.2960430e-07
   9.3700000e+02   0.0000000e+00   8.2130817e-07
   9.3800000e+02   0.0000000e+00   8.1309501e-07
   9.3900000e+02   0.0000000e+00   8.0496398e-07
   9.4000000e+02   0.0000000e+00   7.9691426e-07
   9.4100000e+02   0.0000000e+00   7.8894504e-07
   9.4200000e+02   0.0000000e+00   7.8105551e-07
   9.4300000e+02   0.0000000e+00   7.7324488e-07
   9.4400000e+02   0.0000000e+00   7.6551236e-07
   9.4500000e+02   0.0000000e+00   7.5785716e-07
   9.4600000e+02   0.0000000e+00   7.5027851e-07
   9.4700000e+02   0.0000000e+00   7.4277566e-07
   9.4800000e+02   0.0000000e+00   7.3534783e-07
   9.4900000e+02   0.0000000e+00   7.2799428e-07
   9.5000000e+02   0.0000000e+00   7.2071426e-07
   9.5100000e+02   0.0000000e+00   7.1350705e-07
   9.5200000e+02   0.0000000e+00   7.0637191e-07
   9.5300000e+02   0.0000000e+00   6.9930812e-07
   9.5400000e+02   0.0000000e+00   6.9231497e-07
   9.5500000e+02   0.0000000e+00   6.8539175e-07
   9.5600000e+02   0.0000000e+00   6.7853777e-07
   9.5700000e+02   0.0000000e+00   6.7175232e-07
   9.5800000e+02   0.0000000e+00   6.6503473e-07
   9.5900000e+02   0.0000000e+00   6.5838432e-07
   9.6000000e+02   0.0000000e+00   6.5180041e-07
   9.6100000e+02   0.0000000e+00   6.4528235e-07
   9.6200000e+02   0.0000000e+00   6.3882946e-07
   9.6300000e+02   0.0000000e+00   6.3244110e-07
   9.6400000e+02   0.0000000e+00   6.2611663e-07
   9.6500000e+02   0.0000000e+00   6.1985540e-07
   9.6600000e+02   0.0000000e+00   6.1365679e-07
   9.6700000e+02   0.0000000e+00   6.0752016e-07
   9.6800000e+02   0.0000000e+00   6.0144490e-07
   9.6900000e+02   0.0000000e+00   5.9543039e-07
   9.7000000e+02   0.0000000e+00   5.8947603e-07
   9.7100000e+02   0.0000000e+00   5.8358121e-07
   9.7200000e+02   0.0000000e+00   5.7774534e-07
   9.7300000e+02   0.0000000e+00   5.7196783e-07
   9.7400000e+02   0.0000000e+00   5.6624810e-07
   9.7500000e+02   0.0000000e+00   5.6058556e-07
   9.7600000e+02   0.0000000e+00   5.5497965e-07
   9.7700000e+02   0.0000000e+00   5.4942980e-07
   9.7800000e+02   0.0000000e+00   5.4393545e-07
   9.7900000e+02   0.0000000e+00   5.3849604e-07
   9.8000000e+02   0.0000000e+00   5.3311102e-07
   9.8100000e+02   0.0000000e+00   5.2777986e-07
   9.8200000e+02   0.0000000e+00   5.2250201e-07
   9.8300000e+02   0.0000000e+00   5.1727694e-07
   9.8400000e+02   0.0000000e+00   5.1210412e-07
   9.8500000e+02   0.0000000e+00   5.0698303e-07
   9.8600000e+02   0.0000000e+00   5.0191315e-07
   9.8700000e+02   0.0000000e+00   4.9689397e-07
   9.8800000e+02   0.0000000e+00   4.9192498e-07
   9.8900000e+02   0.0000000e+00   4.8700568e-07
   9.9000000e+02   0.0000000e+00   4.8213558e-07
   9.9100000e+02   0.0000000e+00   4.7731417e-07
   9.9200000e+02   0.0000000e+00   4.7254099e-07
   9.9300000e+02   0.0000000e+00   4.6781553e-07
   9.9400000e+02   0.0000000e+00   4.6313733e-07
   9.9500000e+02   0.0000000e+00   4.5850591e-07
   9.9600000e+02   0.0000000e+00   4.5392081e-07
   9.9700000e+02   0.0000000e+00   4.4938155e-07
   9.9800000e+02   0.0000000e+00   4.4488769e-07
   9.9900000e+02   0.0000000e+00   4.4043877e-07
   1.0000000e+03   0.0000000e+00   4.3603434e-07
   1.0010000e+03   0.0000000e+00   4.3167396e-07
   1.0020000e+03   0.0000000e+00   4.2735717e-07
   1.0030000e+03   0.0000000e+00   4.2308356e-07
   1.0040000e+03   0.0000000e+00   4.1885268e-07
   1.0050000e+03   0.0000000e+00   4.1466412e-07
   1.0060000e+03   0.0000000e+00   4.1051743e-07
   1.0070000e+03   0.0000000e+00   4.0641222e-07
   1.0080000e+03   0.0000000e+00   4.0234806e-07
   1.0090000e+03   0.0000000e+00   3.9832454e-07
   1.0100000e+03   0.0000000e+00   3.9434125e-07
   1.0110000e+03   0.0000000e+00   3.9039780e-07
   1.0120000e+03   0.0000000e+00   3.8649378e-07
   1.0130000e+03   0.0000000e+00   3.8262881e-07
   1.0140000e+03   0.0000000e+00   3.7880248e-07
   1.0150000e+03   0.0000000e+00   3.7501442e-07
   1.0160000e+03   0.0000000e+00   3.7126424e-07
   1.0170000e+03   0.0000000e+00   3.6755156e-07
   1.0180000e+03   0.0000000e+00   3.6387601e-07
   1.0190000e+03   0.0000000e+00   3.6023721e-07
   1.0200000e+03   0.0000000e+00   3.5663481e-07
   1.0210000e+03   0.0000000e+00   3.5306842e-07
   1.0220000e+03   0.0000000e+00   3.4953770e-07
   1.0230000e+03   0.0000000e+00   3.4604229e-07
   1.0240000e+03   0.0000000e+00   3.4258184e-07
   1.0250000e+03   0.0000000e+00   3.3915598e-07
   1.0260000e+03   0.0000000e+00   3.3576439e-07
   1.0270000e+03   0.0000000e+00   3.3240671e-07
   1.0280000e+03   0.0000000e+00   3.2908262e-07
   1.0290000e+03   0.0000000e+00   3.2579176e-07
   1.0300000e+03   0.0000000e+00   3.2253381e-07
   1.0310000e+03   0.0000000e+00   3.1930844e-07
   1.0320000e+03   0.0000000e+00   3.1611532e-07
   1.0330000e+03   0.0000000e+00   3.1295414e-07
   1.0340000e+03   0.0000000e+00   3.0982457e-07
   1.0350000e+03   0.0000000e+00   3.0672629e-07
   1.0360000e+03   0.0000000e+00   3.0365900e-07
   1.0370000e+03   0.0000000e+00   3.0062238e-07
   1.0380000e+03   0.0000000e+00   2.9761612e-07
   1.0390000e+03   0.0000000e+00   2.9463993e-07
   1.0400000e+03   0.0000000e+00   2.9169350e-07
   1.0410000e+03   0.0000000e+00   2.8877654e-07
   1.0420000e+03   0.0000000e+00   2.8588875e-07
   1.0430000e+03   0.0000000e+00   2.8302983e-07
   1.0440000e+03   0.0000000e+00   2.8019951e-07
   1.0450000e+03   0.0000000e+00   2.7739748e-07
   1.0460000e+03   0.0000000e+00   2.7462348e-07
   1.0470000e+03   0.0000000e+00   2.7187722e-07
   1.0480000e+03   0.0000000e+00   2.6915842e-07
   1.0490000e+03   0.0000000e+00   2.6646681e-07
   1.0500000e+03   0.0000000e+00   2.6380212e-07
   1.0510000e+03   0.0000000e+00   2.6116407e-07
   1.0520000e+03   0.0000000e+00   2.5855240e-07
   1.0530000e+03   0.0000000e+00   2.5596685e-07
   1.0540000e+03   0.0000000e+00   2.5340716e-07
   1.0550000e+03   0.0000000e+00   2.5087306e-07
   1.0560000e+03   0.0000000e+00   2.4836431e-07
   1.0570000e+03   0.0000000e+00   2.4588064e-07
   1.0580000e+03   0.0000000e+00   2.4342181e-07
   1.0590000e+03   0.0000000e+00   2.4098757e-07
   1.0600000e+03   0.0000000e+00   2.3857767e-07
   1.0610000e+03   0.0000000e+00   2.3619187e-07
   1.0620000e+03   0.0000000e+00   2.3382993e-07
   1.0630000e+03   0.0000000e+00   2.3149160e-07
   1.0640000e+03   0.0000000e+00   2.2917667e-07
   1.0650000e+03   0.0000000e+00   2.2688488e-07
   1.0660000e+03   0.0000000e+00   2.2461601e-07
   1.0670000e+03   0.0000000e+00   2.2236982e-07
   1.0680000e+03   0.0000000e+00   2.2014610e-07
   1.0690000e+03   0.0000000e+00   2.1794462e-07
   1.0700000e+03   0.0000000e+00   2.1576515e-07
   1.0710000e+03   0.0000000e+00   2.1360748e-07
   1.0720000e+03   0.0000000e+00   2.1147139e-07
   1.0730000e+03   0.0000000e+00   2.0935665e-07
   1.0740000e+03   0.0000000e+00   2.0726306e-07
   1.0750000e+03   0.0000000e+00   2.0519041e-07
   1.0760000e+03   0.0000000e+00   2.0313849e-07
   1.0770000e+03   0.0000000e+00   2.0110708e-07
   1.0780000e+03   0.0000000e+00   1.9909599e-07
   1.0790000e+03   0.0000000e+00   1.9710501e-07
   1.0800000e+03   0.0000000e+00   1.9513394e-07
   1.0810000e+03   0.0000000e+00   1.9318259e-07
   1.0820000e+03   0.0000000e+00   1.9125074e-07
   1.0830000e+03   0.0000000e+00   1.8933821e-07
   1.0840000e+03   0.0000000e+00   1.8744481e-07
   1.0850000e+03   0.0000000e+00   1.8557035e-07
   1.0860000e+03   0.0000000e+00   1.8371463e-07
   1.0870000e+03   0.0000000e+00   1.8187746e-07
   1.0880000e+03   0.0000000e+00   1.8005867e-07
   1.0890000e+03   0.0000000e+00   1.7825806e-07
   1.0900000e+03   0.0000000e+00   1.7647547e-07
   1.0910000e+03   0.0000000e+00   1.7471069e-07
   1.0920000e+03   0.0000000e+00   1.7296357e-07
   1.0930000e+03   0.0000000e+00   1.7123392e-07
   1.0940000e+03   0.0000000e+00   1.6952156e-07
   1.0950000e+03   0.0000000e+00   1.6782633e-07
   1.0960000e+03   0.0000000e+00   1.6614805e-07
   1.0970000e+03   0.0000000e+00   1.6448655e-07
   1.0980000e+03   0.0000000e+00   1.6284167e-07
   1.0990000e+03   0.0000000e+00   1.6121324e-07
   1.1000000e+03   0.0000000e+00   1.5960109e-07
   1.1010000e+03   0.0000000e+00   1.5800506e-07
   1.1020000e+03   0.0000000e+00   1.5642500e-07
   1.1030000e+03   0.0000000e+00   1.5486073e-07
   1.1040000e+03   0.0000000e+00   1.5331211e-07
   1.1050000e+03   0.0000000e+00   1.5177897e-07
   1.1060000e+03   0.0000000e+00   1.5026117e-07
   1.1070000e+03   0.0000000e+00   1.4875854e-07
   1.1080000e+03   0.0000000e+00   1.4727094e-07
   1.1090000e+03   0.0000000e+00   1.4579822e-07
   1.1100000e+03   0.0000000e+00   1.4434022e-07
   1.1110000e+03   0.0000000e+00   1.4289681e-07
   1.1120000e+03   0.0000000e+00   1.4146782e-07
   1.1130000e+03   0.0000000e+00   1.4005313e-07
   1.1140000e+03   0.0000000e+00   1.3865259e-07
   1.1150000e+03   0.0000000e+00   1.3726605e-07
   1.1160000e+03   0.0000000e+00   1.3589337e-07
   1.1170000e+03   0.0000000e+00   1.3453443e-07
   1.1180000e+03   0.0000000e+00   1.3318907e-07
   1.1190000e+03   0.0000000e+00   1.3185717e-07
   1.1200000e+03   0.0000000e+00   1.3053858e-07
   1.1210000e+03   0.0000000e+00   1.2923318e-07
   1.1220000e+03   0.0000000e+00   1.2794084e-07
   1.1230000e+03   0.0000000e+00   1.2666142e-07
   1.1240000e+03   0.0000000e+00   1.2539479e-07
   1.1250000e+03   0.0000000e+00   1.2414083e-07
   1.1260000e+03   0.0000000e+00   1.2289941e-07
   1.1270000e+03   0.0000000e+00   1.2167040e-07
   1.1280000e+03   0.0000000e+00   1.2045369e-07
   1.1290000e+03   0.0000000e+00   1.1924914e-07
   1.1300000e+03   0.0000000e+00   1.1805664e-07
   1.1310000e+03   0.0000000e+00   1.1687606e-07
   1.1320000e+03   0.0000000e+00   1.1570729e-07
   1.1330000e+03   0.0000000e+00   1.1455020e-07
   1.1340000e+03   0.0000000e+00   1.1340469e-07
   1.1350000e+03   0.0000000e+00   1.1227063e-07
   1.1360000e+03   0.0000000e+00   1.1114791e-07
   1.1370000e+03   0.0000000e+00   1.1003642e-07
   1.1380000e+03   0.0000000e+00   1.0893605e-07
   1.1390000e+03   0.0000000e+00   1.0784668e-07
   1.1400000e+03   0.0000000e+00   1.0676820e-07
   1.1410000e+03   0.0000000e+00   1.0570051e-07
   1.1420000e+03   1.0000000e+00   1.0464349e-07
