   1.0000000e+00   4.5000000e+01   8.9577465e-02
   2.0000000e+00   3.5000000e+01   8.1553343e-02
   3.0000000e+00   3.5000000e+01   7.4248001e-02
   4.0000000e+00   2.9000000e+01   6.7597053e-02
   5.0000000e+00   2.0000000e+01   6.1541881e-02
   6.0000000e+00   2.9000000e+01   5.6029115e-02
   7.0000000e+00   2.9000000e+01   5.1010169e-02
   8.0000000e+00   2.5000000e+01   4.6440807e-02
   9.0000000e+00   1.7000000e+01   4.2280757e-02
   1.0000000e+01   1.5000000e+01   3.8493354e-02
   1.1000000e+01   1.3000000e+01   3.5045217e-02
   1.2000000e+01   2.3000000e+01   3.1905956e-02
   1.3000000e+01   1.4000000e+01   2.9047901e-02
   1.4000000e+01   2.2000000e+01   2.6445864e-02
   1.5000000e+01   1.7000000e+01   2.4076910e-02
   1.6000000e+01   1.4000000e+01   2.1920162e-02
   1.7000000e+01   1.0000000e+01   1.9956609e-02
   1.8000000e+01   7.0000000e+00   1.8168947e-02
   1.9000000e+01   8.0000000e+00   1.6541419e-02
   2.0000000e+01   9.0000000e+00   1.5059680e-02
   2.1000000e+01   7.0000000e+00   1.3710672e-02
   2.2000000e+01   6.0000000e+00   1.2482505e-02
   2.3000000e+01   2.0000000e+00   1.1364354e-02
   2.4000000e+01   3.0000000e+00   1.0346364e-02
   2.5000000e+01   0.0000000e+00   9.4195628e-03
   2.6000000e+01   3.0000000e+00   8.5757822e-03
   2.7000000e+01   1.0000000e+00   7.8075854e-03
   2.8000000e+01   3.0000000e+00   7.1082017e-03
   2.9000000e+01   4.0000000e+00   6.4714670e-03
   3.0000000e+01   0.0000000e+00   5.8917694e-03
   3.1000000e+01   1.0000000e+00   5.3639996e-03
   3.2000000e+01   3.0000000e+00   4.8835061e-03
   3.3000000e+01   4.0000000e+00   4.4460540e-03
   3.4000000e+01   4.0000000e+00   4.0477878e-03
   3.5000000e+01   2.0000000e+00   3.6851972e-03
   3.6000000e+01   2.0000000e+00   3.3550866e-03
   3.7000000e+01   0.0000000e+00   3.0545464e-03
   3.8000000e+01   0.0000000e+00   2.7809279e-03
   3.9000000e+01   1.0000000e+00   2.5318194e-03
   4.0000000e+01   3.0000000e+00   2.3050255e-03
   4.1000000e+01   0.0000000e+00   2.0985471e-03
   4.2000000e+01   2.0000000e+00   1.9105646e-03
   4.3000000e+01   0.0000000e+00   1.7394211e-03
   4.4000000e+01   0.0000000e+00   1.5836081e-03
   4.5000000e+01   1.0000000e+00   1.4417525e-03
   4.6000000e+01   1.0000000e+00   1.3126040e-03
   4.7000000e+01   0.0000000e+00   1.1950243e-03
   4.8000000e+01   1.0000000e+00   1.0879770e-03
   4.9000000e+01   0.0000000e+00   9.9051880e-04
   5.0000000e+01   1.0000000e+00   9.0179063e-04
   5.1000000e+01   0.0000000e+00   8.2101051e-04
   5.2000000e+01   0.0000000e+00   7.4746647e-04
   5.3000000e+01   1.0000000e+00   6.8051032e-04
   5.4000000e+01   1.0000000e+00   6.1955193e-04
   5.5000000e+01   0.0000000e+00   5.6405404e-04
   5.6000000e+01   0.0000000e+00   5.1352751e-04
   5.7000000e+01   0.0000000e+00   4.6752702e-04
   5.8000000e+01   1.0000000e+00   4.2564713e-04
   5.9000000e+01   0.0000000e+00   3.8751874e-04
   6.0000000e+01   0.0000000e+00   3.5280580e-04
   6.1000000e+01   0.0000000e+00   3.2120235e-04
   6.2000000e+01   1.0000000e+00   2.9242985e-04
   6.3000000e+01   2.0000000e+00   2.6623473e-04
