   1.0000000e+00   2.3000000e+01   1.7532763e-02
   2.0000000e+00   2.3000000e+01   1.7196054e-02
   3.0000000e+00   2.2000000e+01   1.6865909e-02
   4.0000000e+00   2.1000000e+01   1.6542199e-02
   5.0000000e+00   2.2000000e+01   1.6224799e-02
   6.0000000e+00   1.7000000e+01   1.5913586e-02
   7.0000000e+00   2.0000000e+01   1.5608438e-02
   8.0000000e+00   1.6000000e+01   1.5309237e-02
   9.0000000e+00   1.7000000e+01   1.5015867e-02
   1.0000000e+01   1.3000000e+01   1.4728214e-02
   1.1000000e+01   1.7000000e+01   1.4446166e-02
   1.2000000e+01   2.7000000e+01   1.4169613e-02
   1.3000000e+01   1.3000000e+01   1.3898450e-02
   1.4000000e+01   2.6000000e+01   1.3632569e-02
   1.5000000e+01   1.5000000e+01   1.3371868e-02
   1.6000000e+01   2.0000000e+01   1.3116245e-02
   1.7000000e+01   1.3000000e+01   1.2865602e-02
   1.8000000e+01   1.6000000e+01   1.2619841e-02
   1.9000000e+01   1.6000000e+01   1.2378867e-02
   2.0000000e+01   1.2000000e+01   1.2142587e-02
   2.1000000e+01   1.2000000e+01   1.1910907e-02
   2.2000000e+01   1.6000000e+01   1.1683740e-02
   2.3000000e+01   2.0000000e+01   1.1460996e-02
   2.4000000e+01   1.0000000e+01   1.1242589e-02
   2.5000000e+01   1.0000000e+01   1.1028435e-02
   2.6000000e+01   1.2000000e+01   1.0818449e-02
   2.7000000e+01   1.4000000e+01   1.0612552e-02
   2.8000000e+01   1.3000000e+01   1.0410663e-02
   2.9000000e+01   1.1000000e+01   1.0212703e-02
   3.0000000e+01   9.0000000e+00   1.0018597e-02
   3.1000000e+01   1.9000000e+01   9.8282680e-03
   3.2000000e+01   1.1000000e+01   9.6416431e-03
   3.3000000e+01   1.3000000e+01   9.4586497e-03
   3.4000000e+01   1.3000000e+01   9.2792169e-03
   3.5000000e+01   1.1000000e+01   9.1032752e-03
   3.6000000e+01   8.0000000e+00   8.9307564e-03
   3.7000000e+01   6.0000000e+00   8.7615936e-03
   3.8000000e+01   6.0000000e+00   8.5957213e-03
   3.9000000e+01   1.0000000e+01   8.4330752e-03
   4.0000000e+01   8.0000000e+00   8.2735923e-03
   4.1000000e+01   1.7000000e+01   8.1172108e-03
   4.2000000e+01   5.0000000e+00   7.9638701e-03
   4.3000000e+01   8.0000000e+00   7.8135109e-03
   4.4000000e+01   1.3000000e+01   7.6660749e-03
   4.5000000e+01   8.0000000e+00   7.5215050e-03
   4.6000000e+01   5.0000000e+00   7.3797452e-03
   4.7000000e+01   1.3000000e+01   7.2407408e-03
   4.8000000e+01   1.3000000e+01   7.1044377e-03
   4.9000000e+01   9.0000000e+00   6.9707834e-03
   5.0000000e+01   1.0000000e+01   6.8397260e-03
   5.1000000e+01   6.0000000e+00   6.7112149e-03
   5.2000000e+01   4.0000000e+00   6.5852003e-03
   5.3000000e+01   9.0000000e+00   6.4616335e-03
   5.4000000e+01   6.0000000e+00   6.3404666e-03
   5.5000000e+01   1.1000000e+01   6.2216529e-03
   5.6000000e+01   1.0000000e+01   6.1051463e-03
   5.7000000e+01   9.0000000e+00   5.9909018e-03
   5.8000000e+01   9.0000000e+00   5.8788753e-03
   5.9000000e+01   7.0000000e+00   5.7690234e-03
   6.0000000e+01   1.1000000e+01   5.6613037e-03
   6.1000000e+01   5.0000000e+00   5.5556745e-03
   6.2000000e+01   8.0000000e+00   5.4520950e-03
   6.3000000e+01   6.0000000e+00   5.3505252e-03
   6.4000000e+01   4.0000000e+00   5.2509258e-03
   6.5000000e+01   5.0000000e+00   5.1532585e-03
   6.6000000e+01   1.2000000e+01   5.0574854e-03
   6.7000000e+01   1.0000000e+01   4.9635696e-03
   6.8000000e+01   4.0000000e+00   4.8714748e-03
   6.9000000e+01   6.0000000e+00   4.7811655e-03
   7.0000000e+01   8.0000000e+00   4.6926068e-03
   7.1000000e+01   3.0000000e+00   4.6057646e-03
   7.2000000e+01   6.0000000e+00   4.5206053e-03
   7.3000000e+01   8.0000000e+00   4.4370960e-03
   7.4000000e+01   5.0000000e+00   4.3552047e-03
   7.5000000e+01   4.0000000e+00   4.2748996e-03
   7.6000000e+01   5.0000000e+00   4.1961499e-03
   7.7000000e+01   9.0000000e+00   4.1189251e-03
   7.8000000e+01   7.0000000e+00   4.0431955e-03
   7.9000000e+01   8.0000000e+00   3.9689319e-03
   8.0000000e+01   6.0000000e+00   3.8961058e-03
   8.1000000e+01   6.0000000e+00   3.8246890e-03
   8.2000000e+01   3.0000000e+00   3.7546540e-03
   8.3000000e+01   5.0000000e+00   3.6859740e-03
   8.4000000e+01   5.0000000e+00   3.6186223e-03
   8.5000000e+01   4.0000000e+00   3.5525732e-03
   8.6000000e+01   6.0000000e+00   3.4878011e-03
   8.7000000e+01   8.0000000e+00   3.4242813e-03
   8.8000000e+01   2.0000000e+00   3.3619891e-03
   8.9000000e+01   7.0000000e+00   3.3009008e-03
   9.0000000e+01   3.0000000e+00   3.2409927e-03
   9.1000000e+01   4.0000000e+00   3.1822419e-03
   9.2000000e+01   2.0000000e+00   3.1246258e-03
   9.3000000e+01   1.0000000e+00   3.0681222e-03
   9.4000000e+01   5.0000000e+00   3.0127095e-03
   9.5000000e+01   5.0000000e+00   2.9583663e-03
   9.6000000e+01   4.0000000e+00   2.9050718e-03
   9.7000000e+01   2.0000000e+00   2.8528056e-03
   9.8000000e+01   3.0000000e+00   2.8015475e-03
   9.9000000e+01   1.0000000e+00   2.7512779e-03
   1.0000000e+02   2.0000000e+00   2.7019776e-03
   1.0100000e+02   2.0000000e+00   2.6536275e-03
   1.0200000e+02   2.0000000e+00   2.6062093e-03
   1.0300000e+02   3.0000000e+00   2.5597046e-03
   1.0400000e+02   2.0000000e+00   2.5140958e-03
   1.0500000e+02   3.0000000e+00   2.4693653e-03
   1.0600000e+02   2.0000000e+00   2.4254959e-03
   1.0700000e+02   2.0000000e+00   2.3824710e-03
   1.0800000e+02   8.0000000e+00   2.3402740e-03
   1.0900000e+02   1.0000000e+00   2.2988888e-03
   1.1000000e+02   1.0000000e+00   2.2582995e-03
   1.1100000e+02   2.0000000e+00   2.2184907e-03
   1.1200000e+02   5.0000000e+00   2.1794471e-03
   1.1300000e+02   2.0000000e+00   2.1411538e-03
   1.1400000e+02   2.0000000e+00   2.1035962e-03
   1.1500000e+02   5.0000000e+00   2.0667600e-03
   1.1600000e+02   0.0000000e+00   2.0306309e-03
   1.1700000e+02   2.0000000e+00   1.9951954e-03
   1.1800000e+02   3.0000000e+00   1.9604399e-03
   1.1900000e+02   3.0000000e+00   1.9263510e-03
   1.2000000e+02   1.0000000e+00   1.8929159e-03
   1.2100000e+02   2.0000000e+00   1.8601218e-03
   1.2200000e+02   2.0000000e+00   1.8279561e-03
   1.2300000e+02   2.0000000e+00   1.7964067e-03
   1.2400000e+02   3.0000000e+00   1.7654616e-03
   1.2500000e+02   2.0000000e+00   1.7351088e-03
   1.2600000e+02   3.0000000e+00   1.7053370e-03
   1.2700000e+02   1.0000000e+00   1.6761348e-03
   1.2800000e+02   2.0000000e+00   1.6474911e-03
   1.2900000e+02   3.0000000e+00   1.6193950e-03
   1.3000000e+02   3.0000000e+00   1.5918359e-03
   1.3100000e+02   1.0000000e+00   1.5648033e-03
   1.3200000e+02   2.0000000e+00   1.5382869e-03
   1.3300000e+02   1.0000000e+00   1.5122767e-03
   1.3400000e+02   5.0000000e+00   1.4867628e-03
   1.3500000e+02   3.0000000e+00   1.4617355e-03
   1.3600000e+02   1.0000000e+00   1.4371855e-03
   1.3700000e+02   1.0000000e+00   1.4131033e-03
   1.3800000e+02   1.0000000e+00   1.3894800e-03
   1.3900000e+02   0.0000000e+00   1.3663064e-03
   1.4000000e+02   2.0000000e+00   1.3435740e-03
   1.4100000e+02   3.0000000e+00   1.3212741e-03
   1.4200000e+02   2.0000000e+00   1.2993983e-03
   1.4300000e+02   0.0000000e+00   1.2779382e-03
   1.4400000e+02   5.0000000e+00   1.2568860e-03
   1.4500000e+02   1.0000000e+00   1.2362335e-03
   1.4600000e+02   1.0000000e+00   1.2159731e-03
   1.4700000e+02   3.0000000e+00   1.1960970e-03
   1.4800000e+02   1.0000000e+00   1.1765979e-03
   1.4900000e+02   0.0000000e+00   1.1574684e-03
   1.5000000e+02   2.0000000e+00   1.1387012e-03
   1.5100000e+02   1.0000000e+00   1.1202895e-03
   1.5200000e+02   1.0000000e+00   1.1022261e-03
   1.5300000e+02   1.0000000e+00   1.0845044e-03
   1.5400000e+02   1.0000000e+00   1.0671177e-03
   1.5500000e+02   2.0000000e+00   1.0500595e-03
   1.5600000e+02   2.0000000e+00   1.0333234e-03
   1.5700000e+02   0.0000000e+00   1.0169032e-03
   1.5800000e+02   1.0000000e+00   1.0007927e-03
   1.5900000e+02   0.0000000e+00   9.8498582e-04
   1.6000000e+02   1.0000000e+00   9.6947677e-04
   1.6100000e+02   0.0000000e+00   9.5425971e-04
   1.6200000e+02   2.0000000e+00   9.3932898e-04
   1.6300000e+02   3.0000000e+00   9.2467902e-04
   1.6400000e+02   2.0000000e+00   9.1030435e-04
   1.6500000e+02   2.0000000e+00   8.9619965e-04
   1.6600000e+02   1.0000000e+00   8.8235966e-04
   1.6700000e+02   1.0000000e+00   8.6877923e-04
   1.6800000e+02   2.0000000e+00   8.5545334e-04
   1.6900000e+02   1.0000000e+00   8.4237704e-04
   1.7000000e+02   1.0000000e+00   8.2954548e-04
   1.7100000e+02   1.0000000e+00   8.1695391e-04
   1.7200000e+02   0.0000000e+00   8.0459767e-04
   1.7300000e+02   0.0000000e+00   7.9247219e-04
   1.7400000e+02   1.0000000e+00   7.8057300e-04
   1.7500000e+02   0.0000000e+00   7.6889570e-04
   1.7600000e+02   3.0000000e+00   7.5743600e-04
   1.7700000e+02   2.0000000e+00   7.4618965e-04
   1.7800000e+02   0.0000000e+00   7.3515254e-04
   1.7900000e+02   1.0000000e+00   7.2432060e-04
   1.8000000e+02   1.0000000e+00   7.1368984e-04
   1.8100000e+02   0.0000000e+00   7.0325638e-04
   1.8200000e+02   1.0000000e+00   6.9301638e-04
   1.8300000e+02   0.0000000e+00   6.8296609e-04
   1.8400000e+02   1.0000000e+00   6.7310185e-04
   1.8500000e+02   1.0000000e+00   6.6342003e-04
   1.8600000e+02   1.0000000e+00   6.5391711e-04
   1.8700000e+02   2.0000000e+00   6.4458962e-04
   1.8800000e+02   1.0000000e+00   6.3543417e-04
   1.8900000e+02   0.0000000e+00   6.2644741e-04
   1.9000000e+02   0.0000000e+00   6.1762609e-04
   1.9100000e+02   2.0000000e+00   6.0896700e-04
   1.9200000e+02   0.0000000e+00   6.0046699e-04
   1.9300000e+02   2.0000000e+00   5.9212300e-04
   1.9400000e+02   1.0000000e+00   5.8393200e-04
   1.9500000e+02   0.0000000e+00   5.7589103e-04
   1.9600000e+02   1.0000000e+00   5.6799718e-04
   1.9700000e+02   0.0000000e+00   5.6024762e-04
   1.9800000e+02   0.0000000e+00   5.5263955e-04
   1.9900000e+02   0.0000000e+00   5.4517024e-04
   2.0000000e+02   3.0000000e+00   5.3783699e-04
   2.0100000e+02   1.0000000e+00   5.3063720e-04
   2.0200000e+02   0.0000000e+00   5.2356826e-04
   2.0300000e+02   0.0000000e+00   5.1662766e-04
   2.0400000e+02   4.0000000e+00   5.0981292e-04
   2.0500000e+02   1.0000000e+00   5.0312160e-04
   2.0600000e+02   1.0000000e+00   4.9655132e-04
   2.0700000e+02   0.0000000e+00   4.9009975e-04
   2.0800000e+02   2.0000000e+00   4.8376459e-04
   2.0900000e+02   1.0000000e+00   4.7754360e-04
   2.1000000e+02   1.0000000e+00   4.7143458e-04
   2.1100000e+02   2.0000000e+00   4.6543535e-04
   2.1200000e+02   0.0000000e+00   4.5954382e-04
   2.1300000e+02   1.0000000e+00   4.5375789e-04
   2.1400000e+02   0.0000000e+00   4.4807554e-04
   2.1500000e+02   2.0000000e+00   4.4249477e-04
   2.1600000e+02   0.0000000e+00   4.3701362e-04
   2.1700000e+02   0.0000000e+00   4.3163017e-04
   2.1800000e+02   0.0000000e+00   4.2634254e-04
   2.1900000e+02   1.0000000e+00   4.2114888e-04
   2.2000000e+02   0.0000000e+00   4.1604740e-04
   2.2100000e+02   0.0000000e+00   4.1103630e-04
   2.2200000e+02   0.0000000e+00   4.0611386e-04
   2.2300000e+02   2.0000000e+00   4.0127837e-04
   2.2400000e+02   0.0000000e+00   3.9652815e-04
   2.2500000e+02   0.0000000e+00   3.9186157e-04
   2.2600000e+02   0.0000000e+00   3.8727702e-04
   2.2700000e+02   0.0000000e+00   3.8277292e-04
   2.2800000e+02   1.0000000e+00   3.7834774e-04
   2.2900000e+02   0.0000000e+00   3.7399994e-04
   2.3000000e+02   0.0000000e+00   3.6972805e-04
   2.3100000e+02   0.0000000e+00   3.6553062e-04
   2.3200000e+02   1.0000000e+00   3.6140620e-04
   2.3300000e+02   0.0000000e+00   3.5735341e-04
   2.3400000e+02   0.0000000e+00   3.5337087e-04
   2.3500000e+02   0.0000000e+00   3.4945723e-04
   2.3600000e+02   0.0000000e+00   3.4561117e-04
   2.3700000e+02   1.0000000e+00   3.4183140e-04
   2.3800000e+02   1.0000000e+00   3.3811664e-04
   2.3900000e+02   0.0000000e+00   3.3446567e-04
   2.4000000e+02   0.0000000e+00   3.3087724e-04
   2.4100000e+02   0.0000000e+00   3.2735017e-04
   2.4200000e+02   0.0000000e+00   3.2388329e-04
   2.4300000e+02   0.0000000e+00   3.2047544e-04
   2.4400000e+02   0.0000000e+00   3.1712550e-04
   2.4500000e+02   0.0000000e+00   3.1383236e-04
   2.4600000e+02   0.0000000e+00   3.1059493e-04
   2.4700000e+02   0.0000000e+00   3.0741215e-04
   2.4800000e+02   0.0000000e+00   3.0428299e-04
   2.4900000e+02   0.0000000e+00   3.0120641e-04
   2.5000000e+02   1.0000000e+00   2.9818142e-04
   2.5100000e+02   1.0000000e+00   2.9520703e-04
   2.5200000e+02   0.0000000e+00   2.9228228e-04
   2.5300000e+02   0.0000000e+00   2.8940622e-04
   2.5400000e+02   0.0000000e+00   2.8657793e-04
   2.5500000e+02   0.0000000e+00   2.8379649e-04
   2.5600000e+02   0.0000000e+00   2.8106103e-04
   2.5700000e+02   0.0000000e+00   2.7837066e-04
   2.5800000e+02   0.0000000e+00   2.7572453e-04
   2.5900000e+02   0.0000000e+00   2.7312179e-04
   2.6000000e+02   0.0000000e+00   2.7056163e-04
   2.6100000e+02   0.0000000e+00   2.6804324e-04
   2.6200000e+02   1.0000000e+00   2.6556582e-04
   2.6300000e+02   0.0000000e+00   2.6312860e-04
   2.6400000e+02   0.0000000e+00   2.6073082e-04
   2.6500000e+02   1.0000000e+00   2.5837173e-04
   2.6600000e+02   0.0000000e+00   2.5605059e-04
   2.6700000e+02   0.0000000e+00   2.5376670e-04
   2.6800000e+02   0.0000000e+00   2.5151935e-04
   2.6900000e+02   2.0000000e+00   2.4930785e-04
   2.7000000e+02   1.0000000e+00   2.4713151e-04
   2.7100000e+02   0.0000000e+00   2.4498969e-04
   2.7200000e+02   0.0000000e+00   2.4288172e-04
   2.7300000e+02   0.0000000e+00   2.4080697e-04
   2.7400000e+02   0.0000000e+00   2.3876481e-04
   2.7500000e+02   0.0000000e+00   2.3675464e-04
   2.7600000e+02   0.0000000e+00   2.3477584e-04
   2.7700000e+02   0.0000000e+00   2.3282783e-04
   2.7800000e+02   0.0000000e+00   2.3091003e-04
   2.7900000e+02   0.0000000e+00   2.2902188e-04
   2.8000000e+02   0.0000000e+00   2.2716281e-04
   2.8100000e+02   0.0000000e+00   2.2533229e-04
   2.8200000e+02   0.0000000e+00   2.2352977e-04
   2.8300000e+02   0.0000000e+00   2.2175474e-04
   2.8400000e+02   0.0000000e+00   2.2000667e-04
   2.8500000e+02   0.0000000e+00   2.1828507e-04
   2.8600000e+02   0.0000000e+00   2.1658944e-04
   2.8700000e+02   2.0000000e+00   2.1491930e-04
   2.8800000e+02   1.0000000e+00   2.1327417e-04
   2.8900000e+02   0.0000000e+00   2.1165358e-04
   2.9000000e+02   1.0000000e+00   2.1005708e-04
   2.9100000e+02   0.0000000e+00   2.0848421e-04
   2.9200000e+02   0.0000000e+00   2.0693455e-04
   2.9300000e+02   1.0000000e+00   2.0540766e-04
   2.9400000e+02   0.0000000e+00   2.0390311e-04
   2.9500000e+02   0.0000000e+00   2.0242049e-04
   2.9600000e+02   0.0000000e+00   2.0095940e-04
   2.9700000e+02   0.0000000e+00   1.9951943e-04
   2.9800000e+02   0.0000000e+00   1.9810020e-04
   2.9900000e+02   0.0000000e+00   1.9670132e-04
   3.0000000e+02   0.0000000e+00   1.9532242e-04
   3.0100000e+02   0.0000000e+00   1.9396313e-04
   3.0200000e+02   0.0000000e+00   1.9262308e-04
   3.0300000e+02   0.0000000e+00   1.9130193e-04
   3.0400000e+02   1.0000000e+00   1.8999932e-04
   3.0500000e+02   1.0000000e+00   1.8871492e-04
   3.0600000e+02   0.0000000e+00   1.8744838e-04
   3.0700000e+02   1.0000000e+00   1.8619939e-04
   3.0800000e+02   0.0000000e+00   1.8496761e-04
   3.0900000e+02   1.0000000e+00   1.8375275e-04
   3.1000000e+02   0.0000000e+00   1.8255447e-04
   3.1100000e+02   0.0000000e+00   1.8137250e-04
   3.1200000e+02   0.0000000e+00   1.8020651e-04
   3.1300000e+02   0.0000000e+00   1.7905624e-04
   3.1400000e+02   0.0000000e+00   1.7792138e-04
   3.1500000e+02   0.0000000e+00   1.7680166e-04
   3.1600000e+02   0.0000000e+00   1.7569680e-04
   3.1700000e+02   0.0000000e+00   1.7460653e-04
   3.1800000e+02   0.0000000e+00   1.7353060e-04
   3.1900000e+02   0.0000000e+00   1.7246874e-04
   3.2000000e+02   0.0000000e+00   1.7142069e-04
   3.2100000e+02   0.0000000e+00   1.7038620e-04
   3.2200000e+02   1.0000000e+00   1.6936504e-04
   3.2300000e+02   0.0000000e+00   1.6835697e-04
   3.2400000e+02   0.0000000e+00   1.6736173e-04
   3.2500000e+02   0.0000000e+00   1.6637912e-04
   3.2600000e+02   0.0000000e+00   1.6540889e-04
   3.2700000e+02   0.0000000e+00   1.6445083e-04
   3.2800000e+02   0.0000000e+00   1.6350473e-04
   3.2900000e+02   0.0000000e+00   1.6257036e-04
   3.3000000e+02   1.0000000e+00   1.6164751e-04
   3.3100000e+02   0.0000000e+00   1.6073599e-04
   3.3200000e+02   0.0000000e+00   1.5983559e-04
   3.3300000e+02   0.0000000e+00   1.5894612e-04
   3.3400000e+02   0.0000000e+00   1.5806737e-04
   3.3500000e+02   0.0000000e+00   1.5719916e-04
   3.3600000e+02   0.0000000e+00   1.5634131e-04
   3.3700000e+02   0.0000000e+00   1.5549363e-04
   3.3800000e+02   1.0000000e+00   1.5465594e-04
   3.3900000e+02   0.0000000e+00   1.5382807e-04
   3.4000000e+02   0.0000000e+00   1.5300984e-04
   3.4100000e+02   0.0000000e+00   1.5220109e-04
   3.4200000e+02   0.0000000e+00   1.5140164e-04
   3.4300000e+02   0.0000000e+00   1.5061134e-04
   3.4400000e+02   1.0000000e+00   1.4983003e-04
   3.4500000e+02   0.0000000e+00   1.4905755e-04
   3.4600000e+02   0.0000000e+00   1.4829375e-04
   3.4700000e+02   0.0000000e+00   1.4753847e-04
   3.4800000e+02   0.0000000e+00   1.4679157e-04
   3.4900000e+02   0.0000000e+00   1.4605291e-04
   3.5000000e+02   0.0000000e+00   1.4532234e-04
   3.5100000e+02   0.0000000e+00   1.4459972e-04
   3.5200000e+02   0.0000000e+00   1.4388492e-04
   3.5300000e+02   0.0000000e+00   1.4317780e-04
   3.5400000e+02   0.0000000e+00   1.4247823e-04
   3.5500000e+02   0.0000000e+00   1.4178609e-04
   3.5600000e+02   0.0000000e+00   1.4110124e-04
   3.5700000e+02   0.0000000e+00   1.4042356e-04
   3.5800000e+02   0.0000000e+00   1.3975293e-04
   3.5900000e+02   0.0000000e+00   1.3908923e-04
   3.6000000e+02   0.0000000e+00   1.3843235e-04
   3.6100000e+02   1.0000000e+00   1.3778216e-04
   3.6200000e+02   0.0000000e+00   1.3713856e-04
   3.6300000e+02   0.0000000e+00   1.3650144e-04
   3.6400000e+02   0.0000000e+00   1.3587068e-04
   3.6500000e+02   1.0000000e+00   1.3524618e-04
   3.6600000e+02   1.0000000e+00   1.3462784e-04
   3.6700000e+02   0.0000000e+00   1.3401556e-04
   3.6800000e+02   0.0000000e+00   1.3340922e-04
   3.6900000e+02   0.0000000e+00   1.3280875e-04
   3.7000000e+02   0.0000000e+00   1.3221403e-04
   3.7100000e+02   0.0000000e+00   1.3162498e-04
   3.7200000e+02   0.0000000e+00   1.3104149e-04
   3.7300000e+02   0.0000000e+00   1.3046349e-04
   3.7400000e+02   0.0000000e+00   1.2989088e-04
   3.7500000e+02   0.0000000e+00   1.2932357e-04
   3.7600000e+02   2.0000000e+00   1.2876147e-04
   3.7700000e+02   1.0000000e+00   1.2820451e-04
   3.7800000e+02   0.0000000e+00   1.2765260e-04
   3.7900000e+02   0.0000000e+00   1.2710566e-04
   3.8000000e+02   1.0000000e+00   1.2656360e-04
   3.8100000e+02   0.0000000e+00   1.2602635e-04
   3.8200000e+02   1.0000000e+00   1.2549384e-04
   3.8300000e+02   0.0000000e+00   1.2496599e-04
   3.8400000e+02   0.0000000e+00   1.2444271e-04
   3.8500000e+02   0.0000000e+00   1.2392395e-04
   3.8600000e+02   0.0000000e+00   1.2340963e-04
   3.8700000e+02   1.0000000e+00   1.2289968e-04
   3.8800000e+02   0.0000000e+00   1.2239404e-04
   3.8900000e+02   0.0000000e+00   1.2189262e-04
   3.9000000e+02   0.0000000e+00   1.2139538e-04
   3.9100000e+02   0.0000000e+00   1.2090224e-04
   3.9200000e+02   0.0000000e+00   1.2041314e-04
   3.9300000e+02   1.0000000e+00   1.1992801e-04
   3.9400000e+02   0.0000000e+00   1.1944681e-04
   3.9500000e+02   0.0000000e+00   1.1896946e-04
   3.9600000e+02   0.0000000e+00   1.1849591e-04
   3.9700000e+02   0.0000000e+00   1.1802610e-04
   3.9800000e+02   0.0000000e+00   1.1755997e-04
   3.9900000e+02   1.0000000e+00   1.1709748e-04
   4.0000000e+02   0.0000000e+00   1.1663855e-04
   4.0100000e+02   0.0000000e+00   1.1618315e-04
   4.0200000e+02   0.0000000e+00   1.1573121e-04
   4.0300000e+02   0.0000000e+00   1.1528269e-04
   4.0400000e+02   0.0000000e+00   1.1483753e-04
   4.0500000e+02   0.0000000e+00   1.1439569e-04
   4.0600000e+02   0.0000000e+00   1.1395712e-04
   4.0700000e+02   0.0000000e+00   1.1352176e-04
   4.0800000e+02   0.0000000e+00   1.1308958e-04
   4.0900000e+02   0.0000000e+00   1.1266052e-04
   4.1000000e+02   0.0000000e+00   1.1223455e-04
   4.1100000e+02   0.0000000e+00   1.1181161e-04
   4.1200000e+02   0.0000000e+00   1.1139166e-04
   4.1300000e+02   0.0000000e+00   1.1097466e-04
   4.1400000e+02   0.0000000e+00   1.1056057e-04
   4.1500000e+02   0.0000000e+00   1.1014934e-04
   4.1600000e+02   0.0000000e+00   1.0974095e-04
   4.1700000e+02   1.0000000e+00   1.0933533e-04
   4.1800000e+02   0.0000000e+00   1.0893247e-04
   4.1900000e+02   0.0000000e+00   1.0853231e-04
   4.2000000e+02   0.0000000e+00   1.0813483e-04
   4.2100000e+02   0.0000000e+00   1.0773998e-04
   4.2200000e+02   0.0000000e+00   1.0734773e-04
   4.2300000e+02   0.0000000e+00   1.0695804e-04
   4.2400000e+02   0.0000000e+00   1.0657088e-04
   4.2500000e+02   0.0000000e+00   1.0618622e-04
   4.2600000e+02   0.0000000e+00   1.0580401e-04
   4.2700000e+02   0.0000000e+00   1.0542423e-04
   4.2800000e+02   0.0000000e+00   1.0504685e-04
   4.2900000e+02   0.0000000e+00   1.0467183e-04
   4.3000000e+02   0.0000000e+00   1.0429914e-04
   4.3100000e+02   0.0000000e+00   1.0392875e-04
   4.3200000e+02   0.0000000e+00   1.0356063e-04
   4.3300000e+02   0.0000000e+00   1.0319475e-04
   4.3400000e+02   0.0000000e+00   1.0283109e-04
   4.3500000e+02   0.0000000e+00   1.0246961e-04
   4.3600000e+02   1.0000000e+00   1.0211028e-04
   4.3700000e+02   0.0000000e+00   1.0175309e-04
   4.3800000e+02   0.0000000e+00   1.0139799e-04
   4.3900000e+02   0.0000000e+00   1.0104497e-04
   4.4000000e+02   0.0000000e+00   1.0069400e-04
   4.4100000e+02   0.0000000e+00   1.0034505e-04
   4.4200000e+02   0.0000000e+00   9.9998094e-05
   4.4300000e+02   0.0000000e+00   9.9653114e-05
   4.4400000e+02   0.0000000e+00   9.9310084e-05
   4.4500000e+02   0.0000000e+00   9.8968978e-05
   4.4600000e+02   0.0000000e+00   9.8629774e-05
   4.4700000e+02   0.0000000e+00   9.8292449e-05
   4.4800000e+02   0.0000000e+00   9.7956980e-05
   4.4900000e+02   0.0000000e+00   9.7623345e-05
   4.5000000e+02   0.0000000e+00   9.7291522e-05
   4.5100000e+02   1.0000000e+00   9.6961490e-05
   4.5200000e+02   0.0000000e+00   9.6633227e-05
   4.5300000e+02   0.0000000e+00   9.6306714e-05
   4.5400000e+02   0.0000000e+00   9.5981929e-05
   4.5500000e+02   0.0000000e+00   9.5658854e-05
   4.5600000e+02   1.0000000e+00   9.5337467e-05
   4.5700000e+02   1.0000000e+00   9.5017751e-05
   4.5800000e+02   0.0000000e+00   9.4699685e-05
   4.5900000e+02   1.0000000e+00   9.4383253e-05
   4.6000000e+02   0.0000000e+00   9.4068434e-05
   4.6100000e+02   1.0000000e+00   9.3755212e-05
   4.6200000e+02   0.0000000e+00   9.3443569e-05
   4.6300000e+02   0.0000000e+00   9.3133487e-05
   4.6400000e+02   0.0000000e+00   9.2824949e-05
   4.6500000e+02   0.0000000e+00   9.2517939e-05
   4.6600000e+02   0.0000000e+00   9.2212441e-05
   4.6700000e+02   0.0000000e+00   9.1908437e-05
   4.6800000e+02   0.0000000e+00   9.1605912e-05
   4.6900000e+02   2.0000000e+00   9.1304851e-05
   4.7000000e+02   0.0000000e+00   9.1005238e-05
   4.7100000e+02   0.0000000e+00   9.0707058e-05
   4.7200000e+02   0.0000000e+00   9.0410297e-05
   4.7300000e+02   0.0000000e+00   9.0114939e-05
   4.7400000e+02   0.0000000e+00   8.9820970e-05
   4.7500000e+02   0.0000000e+00   8.9528377e-05
   4.7600000e+02   0.0000000e+00   8.9237145e-05
   4.7700000e+02   0.0000000e+00   8.8947261e-05
   4.7800000e+02   1.0000000e+00   8.8658711e-05
   4.7900000e+02   0.0000000e+00   8.8371482e-05
   4.8000000e+02   1.0000000e+00   8.8085561e-05
   4.8100000e+02   0.0000000e+00   8.7800936e-05
   4.8200000e+02   0.0000000e+00   8.7517593e-05
   4.8300000e+02   1.0000000e+00   8.7235522e-05
   4.8400000e+02   1.0000000e+00   8.6954708e-05
   4.8500000e+02   0.0000000e+00   8.6675141e-05
   4.8600000e+02   0.0000000e+00   8.6396810e-05
   4.8700000e+02   0.0000000e+00   8.6119701e-05
   4.8800000e+02   0.0000000e+00   8.5843804e-05
   4.8900000e+02   0.0000000e+00   8.5569108e-05
   4.9000000e+02   0.0000000e+00   8.5295602e-05
   4.9100000e+02   0.0000000e+00   8.5023274e-05
   4.9200000e+02   1.0000000e+00   8.4752115e-05
   4.9300000e+02   0.0000000e+00   8.4482114e-05
   4.9400000e+02   0.0000000e+00   8.4213260e-05
   4.9500000e+02   0.0000000e+00   8.3945544e-05
   4.9600000e+02   0.0000000e+00   8.3678955e-05
   4.9700000e+02   0.0000000e+00   8.3413484e-05
   4.9800000e+02   0.0000000e+00   8.3149121e-05
   4.9900000e+02   0.0000000e+00   8.2885857e-05
   5.0000000e+02   0.0000000e+00   8.2623681e-05
   5.0100000e+02   0.0000000e+00   8.2362586e-05
   5.0200000e+02   0.0000000e+00   8.2102561e-05
   5.0300000e+02   0.0000000e+00   8.1843599e-05
   5.0400000e+02   0.0000000e+00   8.1585689e-05
   5.0500000e+02   0.0000000e+00   8.1328824e-05
   5.0600000e+02   0.0000000e+00   8.1072995e-05
   5.0700000e+02   1.0000000e+00   8.0818194e-05
   5.0800000e+02   0.0000000e+00   8.0564412e-05
   5.0900000e+02   0.0000000e+00   8.0311642e-05
   5.1000000e+02   0.0000000e+00   8.0059874e-05
   5.1100000e+02   0.0000000e+00   7.9809102e-05
   5.1200000e+02   0.0000000e+00   7.9559318e-05
   5.1300000e+02   0.0000000e+00   7.9310513e-05
   5.1400000e+02   0.0000000e+00   7.9062681e-05
   5.1500000e+02   0.0000000e+00   7.8815814e-05
   5.1600000e+02   0.0000000e+00   7.8569905e-05
   5.1700000e+02   1.0000000e+00   7.8324946e-05
   5.1800000e+02   0.0000000e+00   7.8080931e-05
   5.1900000e+02   0.0000000e+00   7.7837852e-05
   5.2000000e+02   0.0000000e+00   7.7595703e-05
   5.2100000e+02   0.0000000e+00   7.7354476e-05
   5.2200000e+02   0.0000000e+00   7.7114165e-05
   5.2300000e+02   0.0000000e+00   7.6874764e-05
   5.2400000e+02   2.0000000e+00   7.6636266e-05
   5.2500000e+02   0.0000000e+00   7.6398664e-05
   5.2600000e+02   0.0000000e+00   7.6161953e-05
   5.2700000e+02   0.0000000e+00   7.5926126e-05
   5.2800000e+02   0.0000000e+00   7.5691176e-05
   5.2900000e+02   0.0000000e+00   7.5457099e-05
   5.3000000e+02   0.0000000e+00   7.5223887e-05
   5.3100000e+02   0.0000000e+00   7.4991536e-05
   5.3200000e+02   1.0000000e+00   7.4760038e-05
   5.3300000e+02   0.0000000e+00   7.4529389e-05
   5.3400000e+02   0.0000000e+00   7.4299583e-05
   5.3500000e+02   0.0000000e+00   7.4070615e-05
   5.3600000e+02   0.0000000e+00   7.3842478e-05
   5.3700000e+02   0.0000000e+00   7.3615168e-05
   5.3800000e+02   0.0000000e+00   7.3388678e-05
   5.3900000e+02   0.0000000e+00   7.3163005e-05
   5.4000000e+02   0.0000000e+00   7.2938142e-05
   5.4100000e+02   0.0000000e+00   7.2714085e-05
   5.4200000e+02   0.0000000e+00   7.2490828e-05
   5.4300000e+02   0.0000000e+00   7.2268367e-05
   5.4400000e+02   0.0000000e+00   7.2046696e-05
   5.4500000e+02   0.0000000e+00   7.1825812e-05
   5.4600000e+02   0.0000000e+00   7.1605707e-05
   5.4700000e+02   0.0000000e+00   7.1386380e-05
   5.4800000e+02   0.0000000e+00   7.1167823e-05
   5.4900000e+02   0.0000000e+00   7.0950034e-05
   5.5000000e+02   1.0000000e+00   7.0733007e-05
   5.5100000e+02   0.0000000e+00   7.0516738e-05
   5.5200000e+02   0.0000000e+00   7.0301222e-05
   5.5300000e+02   0.0000000e+00   7.0086455e-05
   5.5400000e+02   0.0000000e+00   6.9872433e-05
   5.5500000e+02   0.0000000e+00   6.9659152e-05
   5.5600000e+02   0.0000000e+00   6.9446607e-05
   5.5700000e+02   0.0000000e+00   6.9234793e-05
   5.5800000e+02   0.0000000e+00   6.9023708e-05
   5.5900000e+02   0.0000000e+00   6.8813347e-05
   5.6000000e+02   1.0000000e+00   6.8603705e-05
   5.6100000e+02   0.0000000e+00   6.8394780e-05
   5.6200000e+02   0.0000000e+00   6.8186566e-05
   5.6300000e+02   0.0000000e+00   6.7979061e-05
   5.6400000e+02   0.0000000e+00   6.7772260e-05
   5.6500000e+02   0.0000000e+00   6.7566159e-05
   5.6600000e+02   0.0000000e+00   6.7360755e-05
   5.6700000e+02   0.0000000e+00   6.7156044e-05
   5.6800000e+02   0.0000000e+00   6.6952023e-05
   5.6900000e+02   1.0000000e+00   6.6748687e-05
   5.7000000e+02   0.0000000e+00   6.6546034e-05
   5.7100000e+02   0.0000000e+00   6.6344059e-05
   5.7200000e+02   1.0000000e+00   6.6142759e-05
   5.7300000e+02   0.0000000e+00   6.5942132e-05
   5.7400000e+02   0.0000000e+00   6.5742172e-05
   5.7500000e+02   0.0000000e+00   6.5542878e-05
   5.7600000e+02   0.0000000e+00   6.5344245e-05
   5.7700000e+02   0.0000000e+00   6.5146271e-05
   5.7800000e+02   0.0000000e+00   6.4948951e-05
   5.7900000e+02   0.0000000e+00   6.4752284e-05
   5.8000000e+02   0.0000000e+00   6.4556265e-05
   5.8100000e+02   0.0000000e+00   6.4360891e-05
   5.8200000e+02   0.0000000e+00   6.4166160e-05
   5.8300000e+02   0.0000000e+00   6.3972069e-05
   5.8400000e+02   0.0000000e+00   6.3778613e-05
   5.8500000e+02   0.0000000e+00   6.3585791e-05
   5.8600000e+02   0.0000000e+00   6.3393599e-05
   5.8700000e+02   0.0000000e+00   6.3202034e-05
   5.8800000e+02   1.0000000e+00   6.3011093e-05
   5.8900000e+02   0.0000000e+00   6.2820774e-05
   5.9000000e+02   0.0000000e+00   6.2631073e-05
   5.9100000e+02   0.0000000e+00   6.2441987e-05
   5.9200000e+02   1.0000000e+00   6.2253515e-05
   5.9300000e+02   0.0000000e+00   6.2065653e-05
   5.9400000e+02   0.0000000e+00   6.1878397e-05
   5.9500000e+02   0.0000000e+00   6.1691747e-05
   5.9600000e+02   0.0000000e+00   6.1505698e-05
   5.9700000e+02   0.0000000e+00   6.1320248e-05
   5.9800000e+02   0.0000000e+00   6.1135395e-05
   5.9900000e+02   0.0000000e+00   6.0951135e-05
   6.0000000e+02   0.0000000e+00   6.0767467e-05
   6.0100000e+02   0.0000000e+00   6.0584387e-05
   6.0200000e+02   0.0000000e+00   6.0401893e-05
   6.0300000e+02   0.0000000e+00   6.0219983e-05
   6.0400000e+02   0.0000000e+00   6.0038653e-05
   6.0500000e+02   1.0000000e+00   5.9857903e-05
   6.0600000e+02   0.0000000e+00   5.9677728e-05
   6.0700000e+02   0.0000000e+00   5.9498126e-05
   6.0800000e+02   0.0000000e+00   5.9319096e-05
   6.0900000e+02   0.0000000e+00   5.9140635e-05
   6.1000000e+02   0.0000000e+00   5.8962740e-05
   6.1100000e+02   0.0000000e+00   5.8785408e-05
   6.1200000e+02   0.0000000e+00   5.8608639e-05
   6.1300000e+02   0.0000000e+00   5.8432429e-05
   6.1400000e+02   0.0000000e+00   5.8256775e-05
   6.1500000e+02   0.0000000e+00   5.8081677e-05
   6.1600000e+02   0.0000000e+00   5.7907130e-05
   6.1700000e+02   0.0000000e+00   5.7733134e-05
   6.1800000e+02   0.0000000e+00   5.7559686e-05
   6.1900000e+02   0.0000000e+00   5.7386784e-05
   6.2000000e+02   0.0000000e+00   5.7214425e-05
   6.2100000e+02   0.0000000e+00   5.7042608e-05
   6.2200000e+02   0.0000000e+00   5.6871330e-05
   6.2300000e+02   0.0000000e+00   5.6700588e-05
   6.2400000e+02   0.0000000e+00   5.6530382e-05
   6.2500000e+02   0.0000000e+00   5.6360709e-05
   6.2600000e+02   0.0000000e+00   5.6191566e-05
   6.2700000e+02   0.0000000e+00   5.6022952e-05
   6.2800000e+02   0.0000000e+00   5.5854865e-05
   6.2900000e+02   0.0000000e+00   5.5687302e-05
   6.3000000e+02   0.0000000e+00   5.5520261e-05
   6.3100000e+02   0.0000000e+00   5.5353741e-05
   6.3200000e+02   0.0000000e+00   5.5187740e-05
   6.3300000e+02   0.0000000e+00   5.5022255e-05
   6.3400000e+02   0.0000000e+00   5.4857285e-05
   6.3500000e+02   0.0000000e+00   5.4692827e-05
   6.3600000e+02   0.0000000e+00   5.4528880e-05
   6.3700000e+02   1.0000000e+00   5.4365442e-05
   6.3800000e+02   0.0000000e+00   5.4202510e-05
   6.3900000e+02   1.0000000e+00   5.4040084e-05
   6.4000000e+02   0.0000000e+00   5.3878160e-05
   6.4100000e+02   0.0000000e+00   5.3716738e-05
   6.4200000e+02   0.0000000e+00   5.3555815e-05
   6.4300000e+02   0.0000000e+00   5.3395389e-05
   6.4400000e+02   1.0000000e+00   5.3235459e-05
   6.4500000e+02   0.0000000e+00   5.3076023e-05
   6.4600000e+02   0.0000000e+00   5.2917078e-05
   6.4700000e+02   0.0000000e+00   5.2758624e-05
   6.4800000e+02   0.0000000e+00   5.2600658e-05
   6.4900000e+02   0.0000000e+00   5.2443179e-05
   6.5000000e+02   0.0000000e+00   5.2286185e-05
   6.5100000e+02   0.0000000e+00   5.2129674e-05
   6.5200000e+02   0.0000000e+00   5.1973644e-05
   6.5300000e+02   0.0000000e+00   5.1818093e-05
   6.5400000e+02   0.0000000e+00   5.1663021e-05
   6.5500000e+02   0.0000000e+00   5.1508425e-05
   6.5600000e+02   0.0000000e+00   5.1354303e-05
   6.5700000e+02   0.0000000e+00   5.1200654e-05
   6.5800000e+02   0.0000000e+00   5.1047476e-05
   6.5900000e+02   0.0000000e+00   5.0894768e-05
   6.6000000e+02   0.0000000e+00   5.0742528e-05
   6.6100000e+02   0.0000000e+00   5.0590753e-05
   6.6200000e+02   0.0000000e+00   5.0439443e-05
   6.6300000e+02   0.0000000e+00   5.0288596e-05
   6.6400000e+02   0.0000000e+00   5.0138211e-05
   6.6500000e+02   0.0000000e+00   4.9988285e-05
   6.6600000e+02   0.0000000e+00   4.9838817e-05
   6.6700000e+02   0.0000000e+00   4.9689805e-05
   6.6800000e+02   0.0000000e+00   4.9541249e-05
   6.6900000e+02   0.0000000e+00   4.9393146e-05
   6.7000000e+02   0.0000000e+00   4.9245494e-05
   6.7100000e+02   0.0000000e+00   4.9098293e-05
   6.7200000e+02   0.0000000e+00   4.8951540e-05
   6.7300000e+02   0.0000000e+00   4.8805235e-05
   6.7400000e+02   1.0000000e+00   4.8659375e-05
   6.7500000e+02   0.0000000e+00   4.8513959e-05
   6.7600000e+02   0.0000000e+00   4.8368986e-05
   6.7700000e+02   0.0000000e+00   4.8224454e-05
   6.7800000e+02   0.0000000e+00   4.8080361e-05
   6.7900000e+02   0.0000000e+00   4.7936707e-05
   6.8000000e+02   0.0000000e+00   4.7793489e-05
   6.8100000e+02   0.0000000e+00   4.7650706e-05
   6.8200000e+02   0.0000000e+00   4.7508357e-05
   6.8300000e+02   0.0000000e+00   4.7366440e-05
   6.8400000e+02   0.0000000e+00   4.7224954e-05
   6.8500000e+02   0.0000000e+00   4.7083898e-05
   6.8600000e+02   0.0000000e+00   4.6943269e-05
   6.8700000e+02   0.0000000e+00   4.6803066e-05
   6.8800000e+02   0.0000000e+00   4.6663289e-05
   6.8900000e+02   0.0000000e+00   4.6523936e-05
   6.9000000e+02   0.0000000e+00   4.6385004e-05
   6.9100000e+02   0.0000000e+00   4.6246493e-05
   6.9200000e+02   0.0000000e+00   4.6108402e-05
   6.9300000e+02   0.0000000e+00   4.5970729e-05
   6.9400000e+02   0.0000000e+00   4.5833473e-05
   6.9500000e+02   0.0000000e+00   4.5696632e-05
   6.9600000e+02   0.0000000e+00   4.5560205e-05
   6.9700000e+02   0.0000000e+00   4.5424190e-05
   6.9800000e+02   0.0000000e+00   4.5288587e-05
   6.9900000e+02   0.0000000e+00   4.5153393e-05
   7.0000000e+02   0.0000000e+00   4.5018608e-05
   7.0100000e+02   0.0000000e+00   4.4884231e-05
   7.0200000e+02   0.0000000e+00   4.4750259e-05
   7.0300000e+02   0.0000000e+00   4.4616692e-05
   7.0400000e+02   0.0000000e+00   4.4483528e-05
   7.0500000e+02   0.0000000e+00   4.4350766e-05
   7.0600000e+02   0.0000000e+00   4.4218405e-05
   7.0700000e+02   0.0000000e+00   4.4086443e-05
   7.0800000e+02   0.0000000e+00   4.3954879e-05
   7.0900000e+02   0.0000000e+00   4.3823712e-05
   7.1000000e+02   0.0000000e+00   4.3692941e-05
   7.1100000e+02   0.0000000e+00   4.3562563e-05
   7.1200000e+02   0.0000000e+00   4.3432579e-05
   7.1300000e+02   0.0000000e+00   4.3302987e-05
   7.1400000e+02   0.0000000e+00   4.3173784e-05
   7.1500000e+02   0.0000000e+00   4.3044972e-05
   7.1600000e+02   0.0000000e+00   4.2916547e-05
   7.1700000e+02   0.0000000e+00   4.2788508e-05
   7.1800000e+02   0.0000000e+00   4.2660856e-05
   7.1900000e+02   0.0000000e+00   4.2533587e-05
   7.2000000e+02   0.0000000e+00   4.2406702e-05
   7.2100000e+02   0.0000000e+00   4.2280198e-05
   7.2200000e+02   0.0000000e+00   4.2154075e-05
   7.2300000e+02   0.0000000e+00   4.2028331e-05
   7.2400000e+02   0.0000000e+00   4.1902966e-05
   7.2500000e+02   0.0000000e+00   4.1777977e-05
   7.2600000e+02   0.0000000e+00   4.1653365e-05
   7.2700000e+02   0.0000000e+00   4.1529127e-05
   7.2800000e+02   0.0000000e+00   4.1405262e-05
   7.2900000e+02   0.0000000e+00   4.1281770e-05
   7.3000000e+02   0.0000000e+00   4.1158648e-05
   7.3100000e+02   0.0000000e+00   4.1035897e-05
   7.3200000e+02   0.0000000e+00   4.0913514e-05
   7.3300000e+02   0.0000000e+00   4.0791499e-05
   7.3400000e+02   0.0000000e+00   4.0669851e-05
   7.3500000e+02   0.0000000e+00   4.0548567e-05
   7.3600000e+02   2.0000000e+00   4.0427648e-05
   7.3700000e+02   0.0000000e+00   4.0307092e-05
   7.3800000e+02   0.0000000e+00   4.0186898e-05
   7.3900000e+02   0.0000000e+00   4.0067064e-05
   7.4000000e+02   0.0000000e+00   3.9947590e-05
   7.4100000e+02   1.0000000e+00   3.9828474e-05
   7.4200000e+02   0.0000000e+00   3.9709716e-05
   7.4300000e+02   0.0000000e+00   3.9591314e-05
   7.4400000e+02   0.0000000e+00   3.9473267e-05
   7.4500000e+02   0.0000000e+00   3.9355575e-05
   7.4600000e+02   0.0000000e+00   3.9238235e-05
   7.4700000e+02   0.0000000e+00   3.9121247e-05
   7.4800000e+02   0.0000000e+00   3.9004609e-05
   7.4900000e+02   0.0000000e+00   3.8888322e-05
   7.5000000e+02   0.0000000e+00   3.8772382e-05
   7.5100000e+02   0.0000000e+00   3.8656791e-05
   7.5200000e+02   0.0000000e+00   3.8541546e-05
   7.5300000e+02   0.0000000e+00   3.8426646e-05
   7.5400000e+02   0.0000000e+00   3.8312090e-05
   7.5500000e+02   0.0000000e+00   3.8197877e-05
   7.5600000e+02   0.0000000e+00   3.8084007e-05
   7.5700000e+02   0.0000000e+00   3.7970478e-05
   7.5800000e+02   0.0000000e+00   3.7857289e-05
   7.5900000e+02   0.0000000e+00   3.7744438e-05
   7.6000000e+02   0.0000000e+00   3.7631926e-05
   7.6100000e+02   1.0000000e+00   3.7519750e-05
   7.6200000e+02   0.0000000e+00   3.7407911e-05
   7.6300000e+02   0.0000000e+00   3.7296406e-05
   7.6400000e+02   0.0000000e+00   3.7185235e-05
   7.6500000e+02   0.0000000e+00   3.7074397e-05
   7.6600000e+02   0.0000000e+00   3.6963890e-05
   7.6700000e+02   0.0000000e+00   3.6853714e-05
   7.6800000e+02   0.0000000e+00   3.6743868e-05
   7.6900000e+02   0.0000000e+00   3.6634351e-05
   7.7000000e+02   0.0000000e+00   3.6525161e-05
   7.7100000e+02   0.0000000e+00   3.6416298e-05
   7.7200000e+02   0.0000000e+00   3.6307760e-05
   7.7300000e+02   0.0000000e+00   3.6199548e-05
   7.7400000e+02   0.0000000e+00   3.6091658e-05
   7.7500000e+02   1.0000000e+00   3.5984092e-05
   7.7600000e+02   0.0000000e+00   3.5876847e-05
   7.7700000e+02   0.0000000e+00   3.5769923e-05
   7.7800000e+02   0.0000000e+00   3.5663319e-05
   7.7900000e+02   0.0000000e+00   3.5557034e-05
   7.8000000e+02   0.0000000e+00   3.5451066e-05
   7.8100000e+02   0.0000000e+00   3.5345415e-05
   7.8200000e+02   0.0000000e+00   3.5240080e-05
   7.8300000e+02   0.0000000e+00   3.5135060e-05
   7.8400000e+02   0.0000000e+00   3.5030354e-05
   7.8500000e+02   0.0000000e+00   3.4925960e-05
   7.8600000e+02   0.0000000e+00   3.4821879e-05
   7.8700000e+02   0.0000000e+00   3.4718109e-05
   7.8800000e+02   0.0000000e+00   3.4614649e-05
   7.8900000e+02   2.0000000e+00   3.4511498e-05
   7.9000000e+02   0.0000000e+00   3.4408655e-05
   7.9100000e+02   0.0000000e+00   3.4306120e-05
   7.9200000e+02   0.0000000e+00   3.4203891e-05
   7.9300000e+02   0.0000000e+00   3.4101967e-05
   7.9400000e+02   0.0000000e+00   3.4000348e-05
   7.9500000e+02   0.0000000e+00   3.3899033e-05
   7.9600000e+02   0.0000000e+00   3.3798020e-05
   7.9700000e+02   0.0000000e+00   3.3697309e-05
   7.9800000e+02   0.0000000e+00   3.3596898e-05
   7.9900000e+02   0.0000000e+00   3.3496788e-05
   8.0000000e+02   0.0000000e+00   3.3396976e-05
   8.0100000e+02   0.0000000e+00   3.3297463e-05
   8.0200000e+02   0.0000000e+00   3.3198247e-05
   8.0300000e+02   0.0000000e+00   3.3099327e-05
   8.0400000e+02   0.0000000e+00   3.3000703e-05
   8.0500000e+02   0.0000000e+00   3.2902373e-05
   8.0600000e+02   0.0000000e+00   3.2804336e-05
   8.0700000e+02   0.0000000e+00   3.2706593e-05
   8.0800000e+02   0.0000000e+00   3.2609141e-05
   8.0900000e+02   0.0000000e+00   3.2511980e-05
   8.1000000e+02   0.0000000e+00   3.2415109e-05
   8.1100000e+02   0.0000000e+00   3.2318528e-05
   8.1200000e+02   0.0000000e+00   3.2222234e-05
   8.1300000e+02   0.0000000e+00   3.2126228e-05
   8.1400000e+02   0.0000000e+00   3.2030509e-05
   8.1500000e+02   0.0000000e+00   3.1935076e-05
   8.1600000e+02   0.0000000e+00   3.1839927e-05
   8.1700000e+02   0.0000000e+00   3.1745062e-05
   8.1800000e+02   0.0000000e+00   3.1650480e-05
   8.1900000e+02   0.0000000e+00   3.1556181e-05
   8.2000000e+02   0.0000000e+00   3.1462163e-05
   8.2100000e+02   0.0000000e+00   3.1368426e-05
   8.2200000e+02   0.0000000e+00   3.1274968e-05
   8.2300000e+02   0.0000000e+00   3.1181789e-05
   8.2400000e+02   0.0000000e+00   3.1088889e-05
   8.2500000e+02   0.0000000e+00   3.0996265e-05
   8.2600000e+02   0.0000000e+00   3.0903918e-05
   8.2700000e+02   0.0000000e+00   3.0811847e-05
   8.2800000e+02   0.0000000e+00   3.0720050e-05
   8.2900000e+02   0.0000000e+00   3.0628527e-05
   8.3000000e+02   0.0000000e+00   3.0537277e-05
   8.3100000e+02   0.0000000e+00   3.0446299e-05
   8.3200000e+02   0.0000000e+00   3.0355593e-05
   8.3300000e+02   0.0000000e+00   3.0265157e-05
   8.3400000e+02   0.0000000e+00   3.0174991e-05
   8.3500000e+02   0.0000000e+00   3.0085094e-05
   8.3600000e+02   0.0000000e+00   2.9995465e-05
   8.3700000e+02   0.0000000e+00   2.9906104e-05
   8.3800000e+02   0.0000000e+00   2.9817009e-05
   8.3900000e+02   0.0000000e+00   2.9728180e-05
   8.4000000e+02   0.0000000e+00   2.9639616e-05
   8.4100000e+02   0.0000000e+00   2.9551316e-05
   8.4200000e+02   0.0000000e+00   2.9463279e-05
   8.4300000e+02   0.0000000e+00   2.9375505e-05
   8.4400000e+02   0.0000000e+00   2.9287992e-05
   8.4500000e+02   0.0000000e+00   2.9200741e-05
   8.4600000e+02   0.0000000e+00   2.9113750e-05
   8.4700000e+02   0.0000000e+00   2.9027018e-05
   8.4800000e+02   0.0000000e+00   2.8940545e-05
   8.4900000e+02   0.0000000e+00   2.8854330e-05
   8.5000000e+02   0.0000000e+00   2.8768372e-05
   8.5100000e+02   0.0000000e+00   2.8682670e-05
   8.5200000e+02   0.0000000e+00   2.8597224e-05
   8.5300000e+02   0.0000000e+00   2.8512032e-05
   8.5400000e+02   0.0000000e+00   2.8427095e-05
   8.5500000e+02   0.0000000e+00   2.8342411e-05
   8.5600000e+02   0.0000000e+00   2.8257979e-05
   8.5700000e+02   0.0000000e+00   2.8173799e-05
   8.5800000e+02   0.0000000e+00   2.8089870e-05
   8.5900000e+02   0.0000000e+00   2.8006192e-05
   8.6000000e+02   0.0000000e+00   2.7922763e-05
   8.6100000e+02   0.0000000e+00   2.7839582e-05
   8.6200000e+02   0.0000000e+00   2.7756650e-05
   8.6300000e+02   0.0000000e+00   2.7673965e-05
   8.6400000e+02   0.0000000e+00   2.7591526e-05
   8.6500000e+02   0.0000000e+00   2.7509333e-05
   8.6600000e+02   0.0000000e+00   2.7427385e-05
   8.6700000e+02   0.0000000e+00   2.7345681e-05
   8.6800000e+02   0.0000000e+00   2.7264221e-05
   8.6900000e+02   0.0000000e+00   2.7183004e-05
   8.7000000e+02   0.0000000e+00   2.7102029e-05
   8.7100000e+02   0.0000000e+00   2.7021296e-05
   8.7200000e+02   0.0000000e+00   2.6940803e-05
   8.7300000e+02   0.0000000e+00   2.6860549e-05
   8.7400000e+02   0.0000000e+00   2.6780536e-05
   8.7500000e+02   0.0000000e+00   2.6700760e-05
   8.7600000e+02   0.0000000e+00   2.6621223e-05
   8.7700000e+02   0.0000000e+00   2.6541922e-05
   8.7800000e+02   0.0000000e+00   2.6462858e-05
   8.7900000e+02   0.0000000e+00   2.6384030e-05
   8.8000000e+02   0.0000000e+00   2.6305436e-05
   8.8100000e+02   0.0000000e+00   2.6227077e-05
   8.8200000e+02   0.0000000e+00   2.6148951e-05
   8.8300000e+02   0.0000000e+00   2.6071059e-05
   8.8400000e+02   0.0000000e+00   2.5993398e-05
   8.8500000e+02   0.0000000e+00   2.5915969e-05
   8.8600000e+02   0.0000000e+00   2.5838770e-05
   8.8700000e+02   0.0000000e+00   2.5761802e-05
   8.8800000e+02   0.0000000e+00   2.5685063e-05
   8.8900000e+02   0.0000000e+00   2.5608553e-05
   8.9000000e+02   0.0000000e+00   2.5532271e-05
   8.9100000e+02   0.0000000e+00   2.5456216e-05
   8.9200000e+02   1.0000000e+00   2.5380388e-05
   8.9300000e+02   0.0000000e+00   2.5304786e-05
   8.9400000e+02   0.0000000e+00   2.5229409e-05
   8.9500000e+02   0.0000000e+00   2.5154256e-05
   8.9600000e+02   0.0000000e+00   2.5079328e-05
   8.9700000e+02   0.0000000e+00   2.5004623e-05
   8.9800000e+02   0.0000000e+00   2.4930141e-05
   8.9900000e+02   0.0000000e+00   2.4855880e-05
   9.0000000e+02   0.0000000e+00   2.4781841e-05
   9.0100000e+02   0.0000000e+00   2.4708023e-05
   9.0200000e+02   0.0000000e+00   2.4634424e-05
   9.0300000e+02   0.0000000e+00   2.4561045e-05
   9.0400000e+02   0.0000000e+00   2.4487885e-05
   9.0500000e+02   0.0000000e+00   2.4414942e-05
   9.0600000e+02   0.0000000e+00   2.4342217e-05
   9.0700000e+02   0.0000000e+00   2.4269709e-05
   9.0800000e+02   0.0000000e+00   2.4197416e-05
   9.0900000e+02   0.0000000e+00   2.4125339e-05
   9.1000000e+02   0.0000000e+00   2.4053477e-05
   9.1100000e+02   0.0000000e+00   2.3981829e-05
   9.1200000e+02   0.0000000e+00   2.3910395e-05
   9.1300000e+02   0.0000000e+00   2.3839173e-05
   9.1400000e+02   0.0000000e+00   2.3768164e-05
   9.1500000e+02   0.0000000e+00   2.3697366e-05
   9.1600000e+02   0.0000000e+00   2.3626779e-05
   9.1700000e+02   0.0000000e+00   2.3556402e-05
   9.1800000e+02   0.0000000e+00   2.3486235e-05
   9.1900000e+02   0.0000000e+00   2.3416277e-05
   9.2000000e+02   0.0000000e+00   2.3346528e-05
   9.2100000e+02   0.0000000e+00   2.3276986e-05
   9.2200000e+02   0.0000000e+00   2.3207652e-05
   9.2300000e+02   1.0000000e+00   2.3138524e-05
   9.2400000e+02   0.0000000e+00   2.3069603e-05
   9.2500000e+02   0.0000000e+00   2.3000886e-05
   9.2600000e+02   0.0000000e+00   2.2932374e-05
   9.2700000e+02   0.0000000e+00   2.2864067e-05
   9.2800000e+02   0.0000000e+00   2.2795963e-05
   9.2900000e+02   0.0000000e+00   2.2728062e-05
   9.3000000e+02   0.0000000e+00   2.2660363e-05
   9.3100000e+02   0.0000000e+00   2.2592866e-05
   9.3200000e+02   0.0000000e+00   2.2525570e-05
   9.3300000e+02   0.0000000e+00   2.2458474e-05
   9.3400000e+02   0.0000000e+00   2.2391578e-05
   9.3500000e+02   0.0000000e+00   2.2324882e-05
   9.3600000e+02   0.0000000e+00   2.2258385e-05
   9.3700000e+02   0.0000000e+00   2.2192085e-05
   9.3800000e+02   0.0000000e+00   2.2125983e-05
   9.3900000e+02   0.0000000e+00   2.2060078e-05
   9.4000000e+02   0.0000000e+00   2.1994369e-05
   9.4100000e+02   0.0000000e+00   2.1928856e-05
   9.4200000e+02   0.0000000e+00   2.1863539e-05
   9.4300000e+02   0.0000000e+00   2.1798416e-05
   9.4400000e+02   0.0000000e+00   2.1733486e-05
   9.4500000e+02   0.0000000e+00   2.1668751e-05
   9.4600000e+02   0.0000000e+00   2.1604208e-05
   9.4700000e+02   0.0000000e+00   2.1539857e-05
   9.4800000e+02   0.0000000e+00   2.1475699e-05
   9.4900000e+02   0.0000000e+00   2.1411731e-05
   9.5000000e+02   0.0000000e+00   2.1347954e-05
   9.5100000e+02   0.0000000e+00   2.1284367e-05
   9.5200000e+02   0.0000000e+00   2.1220969e-05
   9.5300000e+02   0.0000000e+00   2.1157760e-05
   9.5400000e+02   0.0000000e+00   2.1094740e-05
   9.5500000e+02   0.0000000e+00   2.1031907e-05
   9.5600000e+02   0.0000000e+00   2.0969261e-05
   9.5700000e+02   0.0000000e+00   2.0906803e-05
   9.5800000e+02   0.0000000e+00   2.0844530e-05
   9.5900000e+02   0.0000000e+00   2.0782442e-05
   9.6000000e+02   0.0000000e+00   2.0720540e-05
   9.6100000e+02   0.0000000e+00   2.0658822e-05
   9.6200000e+02   0.0000000e+00   2.0597288e-05
   9.6300000e+02   0.0000000e+00   2.0535937e-05
   9.6400000e+02   0.0000000e+00   2.0474769e-05
   9.6500000e+02   0.0000000e+00   2.0413783e-05
   9.6600000e+02   0.0000000e+00   2.0352979e-05
   9.6700000e+02   0.0000000e+00   2.0292356e-05
   9.6800000e+02   0.0000000e+00   2.0231914e-05
   9.6900000e+02   0.0000000e+00   2.0171651e-05
   9.7000000e+02   0.0000000e+00   2.0111568e-05
   9.7100000e+02   0.0000000e+00   2.0051665e-05
   9.7200000e+02   0.0000000e+00   1.9991939e-05
   9.7300000e+02   0.0000000e+00   1.9932392e-05
   9.7400000e+02   0.0000000e+00   1.9873022e-05
   9.7500000e+02   0.0000000e+00   1.9813828e-05
   9.7600000e+02   0.0000000e+00   1.9754811e-05
   9.7700000e+02   0.0000000e+00   1.9695970e-05
   9.7800000e+02   0.0000000e+00   1.9637305e-05
   9.7900000e+02   0.0000000e+00   1.9578814e-05
   9.8000000e+02   0.0000000e+00   1.9520497e-05
   9.8100000e+02   0.0000000e+00   1.9462354e-05
   9.8200000e+02   0.0000000e+00   1.9404384e-05
   9.8300000e+02   0.0000000e+00   1.9346587e-05
   9.8400000e+02   1.0000000e+00   1.9288962e-05
   9.8500000e+02   0.0000000e+00   1.9231508e-05
   9.8600000e+02   0.0000000e+00   1.9174226e-05
   9.8700000e+02   0.0000000e+00   1.9117114e-05
   9.8800000e+02   0.0000000e+00   1.9060173e-05
   9.8900000e+02   1.0000000e+00   1.9003401e-05
   9.9000000e+02   0.0000000e+00   1.8946798e-05
   9.9100000e+02   0.0000000e+00   1.8890364e-05
   9.9200000e+02   0.0000000e+00   1.8834098e-05
   9.9300000e+02   0.0000000e+00   1.8778000e-05
   9.9400000e+02   0.0000000e+00   1.8722069e-05
   9.9500000e+02   0.0000000e+00   1.8666304e-05
   9.9600000e+02   0.0000000e+00   1.8610705e-05
   9.9700000e+02   0.0000000e+00   1.8555272e-05
   9.9800000e+02   0.0000000e+00   1.8500005e-05
   9.9900000e+02   0.0000000e+00   1.8444901e-05
   1.0000000e+03   0.0000000e+00   1.8389962e-05
   1.0010000e+03   0.0000000e+00   1.8335187e-05
   1.0020000e+03   0.0000000e+00   1.8280575e-05
   1.0030000e+03   0.0000000e+00   1.8226125e-05
   1.0040000e+03   0.0000000e+00   1.8171838e-05
   1.0050000e+03   0.0000000e+00   1.8117712e-05
   1.0060000e+03   0.0000000e+00   1.8063748e-05
   1.0070000e+03   0.0000000e+00   1.8009944e-05
   1.0080000e+03   0.0000000e+00   1.7956301e-05
   1.0090000e+03   0.0000000e+00   1.7902817e-05
   1.0100000e+03   0.0000000e+00   1.7849493e-05
   1.0110000e+03   0.0000000e+00   1.7796327e-05
   1.0120000e+03   0.0000000e+00   1.7743320e-05
   1.0130000e+03   0.0000000e+00   1.7690471e-05
   1.0140000e+03   0.0000000e+00   1.7637779e-05
   1.0150000e+03   0.0000000e+00   1.7585244e-05
   1.0160000e+03   0.0000000e+00   1.7532866e-05
   1.0170000e+03   0.0000000e+00   1.7480644e-05
   1.0180000e+03   0.0000000e+00   1.7428577e-05
   1.0190000e+03   0.0000000e+00   1.7376665e-05
   1.0200000e+03   0.0000000e+00   1.7324908e-05
   1.0210000e+03   0.0000000e+00   1.7273305e-05
   1.0220000e+03   0.0000000e+00   1.7221856e-05
   1.0230000e+03   1.0000000e+00   1.7170560e-05
   1.0240000e+03   0.0000000e+00   1.7119417e-05
   1.0250000e+03   0.0000000e+00   1.7068426e-05
   1.0260000e+03   0.0000000e+00   1.7017587e-05
   1.0270000e+03   0.0000000e+00   1.6966900e-05
   1.0280000e+03   0.0000000e+00   1.6916363e-05
   1.0290000e+03   0.0000000e+00   1.6865977e-05
   1.0300000e+03   0.0000000e+00   1.6815741e-05
   1.0310000e+03   0.0000000e+00   1.6765655e-05
   1.0320000e+03   0.0000000e+00   1.6715718e-05
   1.0330000e+03   0.0000000e+00   1.6665930e-05
   1.0340000e+03   0.0000000e+00   1.6616290e-05
   1.0350000e+03   0.0000000e+00   1.6566798e-05
   1.0360000e+03   0.0000000e+00   1.6517453e-05
   1.0370000e+03   0.0000000e+00   1.6468255e-05
   1.0380000e+03   0.0000000e+00   1.6419204e-05
   1.0390000e+03   0.0000000e+00   1.6370299e-05
   1.0400000e+03   0.0000000e+00   1.6321540e-05
   1.0410000e+03   0.0000000e+00   1.6272926e-05
   1.0420000e+03   0.0000000e+00   1.6224456e-05
   1.0430000e+03   0.0000000e+00   1.6176131e-05
   1.0440000e+03   0.0000000e+00   1.6127950e-05
   1.0450000e+03   0.0000000e+00   1.6079913e-05
   1.0460000e+03   1.0000000e+00   1.6032018e-05
   1.0470000e+03   0.0000000e+00   1.5984266e-05
   1.0480000e+03   0.0000000e+00   1.5936657e-05
   1.0490000e+03   0.0000000e+00   1.5889189e-05
   1.0500000e+03   0.0000000e+00   1.5841863e-05
   1.0510000e+03   0.0000000e+00   1.5794677e-05
   1.0520000e+03   0.0000000e+00   1.5747632e-05
   1.0530000e+03   0.0000000e+00   1.5700728e-05
   1.0540000e+03   0.0000000e+00   1.5653963e-05
   1.0550000e+03   0.0000000e+00   1.5607337e-05
   1.0560000e+03   0.0000000e+00   1.5560850e-05
   1.0570000e+03   0.0000000e+00   1.5514502e-05
   1.0580000e+03   0.0000000e+00   1.5468292e-05
   1.0590000e+03   0.0000000e+00   1.5422219e-05
   1.0600000e+03   0.0000000e+00   1.5376283e-05
   1.0610000e+03   0.0000000e+00   1.5330485e-05
   1.0620000e+03   0.0000000e+00   1.5284823e-05
   1.0630000e+03   0.0000000e+00   1.5239297e-05
   1.0640000e+03   0.0000000e+00   1.5193906e-05
   1.0650000e+03   0.0000000e+00   1.5148651e-05
   1.0660000e+03   0.0000000e+00   1.5103530e-05
   1.0670000e+03   0.0000000e+00   1.5058544e-05
   1.0680000e+03   0.0000000e+00   1.5013692e-05
   1.0690000e+03   0.0000000e+00   1.4968973e-05
   1.0700000e+03   0.0000000e+00   1.4924388e-05
   1.0710000e+03   0.0000000e+00   1.4879935e-05
   1.0720000e+03   0.0000000e+00   1.4835615e-05
   1.0730000e+03   0.0000000e+00   1.4791427e-05
   1.0740000e+03   0.0000000e+00   1.4747370e-05
   1.0750000e+03   0.0000000e+00   1.4703445e-05
   1.0760000e+03   0.0000000e+00   1.4659650e-05
   1.0770000e+03   0.0000000e+00   1.4615986e-05
   1.0780000e+03   0.0000000e+00   1.4572452e-05
   1.0790000e+03   0.0000000e+00   1.4529048e-05
   1.0800000e+03   0.0000000e+00   1.4485773e-05
   1.0810000e+03   0.0000000e+00   1.4442627e-05
   1.0820000e+03   0.0000000e+00   1.4399609e-05
   1.0830000e+03   0.0000000e+00   1.4356720e-05
   1.0840000e+03   0.0000000e+00   1.4313958e-05
   1.0850000e+03   0.0000000e+00   1.4271324e-05
   1.0860000e+03   0.0000000e+00   1.4228816e-05
   1.0870000e+03   0.0000000e+00   1.4186436e-05
   1.0880000e+03   0.0000000e+00   1.4144181e-05
   1.0890000e+03   0.0000000e+00   1.4102052e-05
   1.0900000e+03   0.0000000e+00   1.4060049e-05
   1.0910000e+03   0.0000000e+00   1.4018171e-05
   1.0920000e+03   0.0000000e+00   1.3976418e-05
   1.0930000e+03   0.0000000e+00   1.3934789e-05
   1.0940000e+03   0.0000000e+00   1.3893284e-05
   1.0950000e+03   0.0000000e+00   1.3851902e-05
   1.0960000e+03   0.0000000e+00   1.3810644e-05
   1.0970000e+03   0.0000000e+00   1.3769509e-05
   1.0980000e+03   0.0000000e+00   1.3728496e-05
   1.0990000e+03   0.0000000e+00   1.3687606e-05
   1.1000000e+03   0.0000000e+00   1.3646837e-05
   1.1010000e+03   1.0000000e+00   1.3606190e-05
   1.1020000e+03   0.0000000e+00   1.3565664e-05
   1.1030000e+03   0.0000000e+00   1.3525258e-05
   1.1040000e+03   0.0000000e+00   1.3484973e-05
   1.1050000e+03   0.0000000e+00   1.3444808e-05
   1.1060000e+03   0.0000000e+00   1.3404762e-05
   1.1070000e+03   0.0000000e+00   1.3364836e-05
   1.1080000e+03   0.0000000e+00   1.3325028e-05
   1.1090000e+03   0.0000000e+00   1.3285340e-05
   1.1100000e+03   0.0000000e+00   1.3245769e-05
   1.1110000e+03   0.0000000e+00   1.3206316e-05
   1.1120000e+03   0.0000000e+00   1.3166981e-05
   1.1130000e+03   0.0000000e+00   1.3127763e-05
   1.1140000e+03   0.0000000e+00   1.3088662e-05
   1.1150000e+03   0.0000000e+00   1.3049677e-05
   1.1160000e+03   0.0000000e+00   1.3010809e-05
   1.1170000e+03   0.0000000e+00   1.2972056e-05
   1.1180000e+03   0.0000000e+00   1.2933418e-05
   1.1190000e+03   0.0000000e+00   1.2894896e-05
   1.1200000e+03   0.0000000e+00   1.2856488e-05
   1.1210000e+03   0.0000000e+00   1.2818195e-05
   1.1220000e+03   0.0000000e+00   1.2780016e-05
   1.1230000e+03   0.0000000e+00   1.2741951e-05
   1.1240000e+03   0.0000000e+00   1.2703999e-05
   1.1250000e+03   0.0000000e+00   1.2666159e-05
   1.1260000e+03   0.0000000e+00   1.2628433e-05
   1.1270000e+03   0.0000000e+00   1.2590819e-05
   1.1280000e+03   0.0000000e+00   1.2553317e-05
   1.1290000e+03   0.0000000e+00   1.2515927e-05
   1.1300000e+03   0.0000000e+00   1.2478648e-05
   1.1310000e+03   0.0000000e+00   1.2441481e-05
   1.1320000e+03   0.0000000e+00   1.2404423e-05
   1.1330000e+03   0.0000000e+00   1.2367477e-05
   1.1340000e+03   0.0000000e+00   1.2330640e-05
   1.1350000e+03   0.0000000e+00   1.2293913e-05
   1.1360000e+03   0.0000000e+00   1.2257296e-05
   1.1370000e+03   0.0000000e+00   1.2220787e-05
   1.1380000e+03   0.0000000e+00   1.2184387e-05
   1.1390000e+03   0.0000000e+00   1.2148096e-05
   1.1400000e+03   0.0000000e+00   1.2111913e-05
   1.1410000e+03   0.0000000e+00   1.2075837e-05
   1.1420000e+03   0.0000000e+00   1.2039869e-05
   1.1430000e+03   0.0000000e+00   1.2004008e-05
   1.1440000e+03   0.0000000e+00   1.1968254e-05
   1.1450000e+03   0.0000000e+00   1.1932607e-05
   1.1460000e+03   0.0000000e+00   1.1897065e-05
   1.1470000e+03   0.0000000e+00   1.1861630e-05
   1.1480000e+03   0.0000000e+00   1.1826300e-05
   1.1490000e+03   0.0000000e+00   1.1791075e-05
   1.1500000e+03   0.0000000e+00   1.1755955e-05
   1.1510000e+03   0.0000000e+00   1.1720940e-05
   1.1520000e+03   0.0000000e+00   1.1686029e-05
   1.1530000e+03   0.0000000e+00   1.1651222e-05
   1.1540000e+03   0.0000000e+00   1.1616519e-05
   1.1550000e+03   0.0000000e+00   1.1581919e-05
   1.1560000e+03   0.0000000e+00   1.1547422e-05
   1.1570000e+03   0.0000000e+00   1.1513028e-05
   1.1580000e+03   0.0000000e+00   1.1478736e-05
   1.1590000e+03   0.0000000e+00   1.1444547e-05
   1.1600000e+03   0.0000000e+00   1.1410459e-05
   1.1610000e+03   0.0000000e+00   1.1376473e-05
   1.1620000e+03   0.0000000e+00   1.1342588e-05
   1.1630000e+03   0.0000000e+00   1.1308804e-05
   1.1640000e+03   0.0000000e+00   1.1275121e-05
   1.1650000e+03   0.0000000e+00   1.1241537e-05
   1.1660000e+03   0.0000000e+00   1.1208054e-05
   1.1670000e+03   0.0000000e+00   1.1174671e-05
   1.1680000e+03   0.0000000e+00   1.1141387e-05
   1.1690000e+03   0.0000000e+00   1.1108203e-05
   1.1700000e+03   0.0000000e+00   1.1075117e-05
   1.1710000e+03   0.0000000e+00   1.1042129e-05
   1.1720000e+03   0.0000000e+00   1.1009240e-05
   1.1730000e+03   0.0000000e+00   1.0976449e-05
   1.1740000e+03   0.0000000e+00   1.0943756e-05
   1.1750000e+03   0.0000000e+00   1.0911160e-05
   1.1760000e+03   0.0000000e+00   1.0878661e-05
   1.1770000e+03   0.0000000e+00   1.0846258e-05
   1.1780000e+03   0.0000000e+00   1.0813953e-05
   1.1790000e+03   0.0000000e+00   1.0781743e-05
   1.1800000e+03   0.0000000e+00   1.0749630e-05
   1.1810000e+03   0.0000000e+00   1.0717612e-05
   1.1820000e+03   0.0000000e+00   1.0685689e-05
   1.1830000e+03   0.0000000e+00   1.0653862e-05
   1.1840000e+03   0.0000000e+00   1.0622129e-05
   1.1850000e+03   0.0000000e+00   1.0590491e-05
   1.1860000e+03   0.0000000e+00   1.0558947e-05
   1.1870000e+03   0.0000000e+00   1.0527497e-05
   1.1880000e+03   0.0000000e+00   1.0496141e-05
   1.1890000e+03   0.0000000e+00   1.0464878e-05
   1.1900000e+03   0.0000000e+00   1.0433709e-05
   1.1910000e+03   0.0000000e+00   1.0402632e-05
   1.1920000e+03   0.0000000e+00   1.0371647e-05
   1.1930000e+03   0.0000000e+00   1.0340755e-05
   1.1940000e+03   0.0000000e+00   1.0309955e-05
   1.1950000e+03   0.0000000e+00   1.0279247e-05
   1.1960000e+03   0.0000000e+00   1.0248630e-05
   1.1970000e+03   0.0000000e+00   1.0218105e-05
   1.1980000e+03   0.0000000e+00   1.0187670e-05
   1.1990000e+03   0.0000000e+00   1.0157326e-05
   1.2000000e+03   0.0000000e+00   1.0127072e-05
   1.2010000e+03   0.0000000e+00   1.0096909e-05
   1.2020000e+03   0.0000000e+00   1.0066835e-05
   1.2030000e+03   0.0000000e+00   1.0036851e-05
   1.2040000e+03   0.0000000e+00   1.0006956e-05
   1.2050000e+03   0.0000000e+00   9.9771501e-06
   1.2060000e+03   0.0000000e+00   9.9474331e-06
   1.2070000e+03   0.0000000e+00   9.9178046e-06
   1.2080000e+03   0.0000000e+00   9.8882643e-06
   1.2090000e+03   0.0000000e+00   9.8588120e-06
   1.2100000e+03   0.0000000e+00   9.8294475e-06
   1.2110000e+03   0.0000000e+00   9.8001704e-06
   1.2120000e+03   0.0000000e+00   9.7709805e-06
   1.2130000e+03   0.0000000e+00   9.7418775e-06
   1.2140000e+03   0.0000000e+00   9.7128613e-06
   1.2150000e+03   0.0000000e+00   9.6839315e-06
   1.2160000e+03   0.0000000e+00   9.6550878e-06
   1.2170000e+03   0.0000000e+00   9.6263300e-06
   1.2180000e+03   0.0000000e+00   9.5976579e-06
   1.2190000e+03   0.0000000e+00   9.5690712e-06
   1.2200000e+03   0.0000000e+00   9.5405697e-06
   1.2210000e+03   0.0000000e+00   9.5121530e-06
   1.2220000e+03   0.0000000e+00   9.4838210e-06
   1.2230000e+03   0.0000000e+00   9.4555734e-06
   1.2240000e+03   0.0000000e+00   9.4274099e-06
   1.2250000e+03   0.0000000e+00   9.3993302e-06
   1.2260000e+03   1.0000000e+00   9.3713343e-06
   1.2270000e+03   0.0000000e+00   9.3434217e-06
   1.2280000e+03   0.0000000e+00   9.3155922e-06
   1.2290000e+03   0.0000000e+00   9.2878457e-06
   1.2300000e+03   0.0000000e+00   9.2601817e-06
   1.2310000e+03   0.0000000e+00   9.2326002e-06
   1.2320000e+03   0.0000000e+00   9.2051008e-06
   1.2330000e+03   0.0000000e+00   9.1776834e-06
   1.2340000e+03   0.0000000e+00   9.1503476e-06
   1.2350000e+03   0.0000000e+00   9.1230932e-06
   1.2360000e+03   1.0000000e+00   9.0959200e-06
   1.2370000e+03   0.0000000e+00   9.0688277e-06
   1.2380000e+03   0.0000000e+00   9.0418162e-06
   1.2390000e+03   0.0000000e+00   9.0148850e-06
   1.2400000e+03   0.0000000e+00   8.9880341e-06
   1.2410000e+03   0.0000000e+00   8.9612632e-06
   1.2420000e+03   0.0000000e+00   8.9345720e-06
   1.2430000e+03   0.0000000e+00   8.9079603e-06
   1.2440000e+03   0.0000000e+00   8.8814279e-06
   1.2450000e+03   0.0000000e+00   8.8549745e-06
   1.2460000e+03   0.0000000e+00   8.8285999e-06
   1.2470000e+03   0.0000000e+00   8.8023038e-06
   1.2480000e+03   0.0000000e+00   8.7760861e-06
   1.2490000e+03   0.0000000e+00   8.7499465e-06
   1.2500000e+03   0.0000000e+00   8.7238847e-06
   1.2510000e+03   0.0000000e+00   8.6979005e-06
   1.2520000e+03   0.0000000e+00   8.6719938e-06
   1.2530000e+03   0.0000000e+00   8.6461642e-06
   1.2540000e+03   0.0000000e+00   8.6204115e-06
   1.2550000e+03   0.0000000e+00   8.5947356e-06
   1.2560000e+03   0.0000000e+00   8.5691361e-06
   1.2570000e+03   0.0000000e+00   8.5436128e-06
   1.2580000e+03   0.0000000e+00   8.5181656e-06
   1.2590000e+03   0.0000000e+00   8.4927942e-06
   1.2600000e+03   0.0000000e+00   8.4674983e-06
   1.2610000e+03   0.0000000e+00   8.4422778e-06
   1.2620000e+03   0.0000000e+00   8.4171325e-06
   1.2630000e+03   0.0000000e+00   8.3920620e-06
   1.2640000e+03   0.0000000e+00   8.3670661e-06
   1.2650000e+03   0.0000000e+00   8.3421448e-06
   1.2660000e+03   0.0000000e+00   8.3172976e-06
   1.2670000e+03   0.0000000e+00   8.2925245e-06
   1.2680000e+03   0.0000000e+00   8.2678252e-06
   1.2690000e+03   0.0000000e+00   8.2431994e-06
   1.2700000e+03   0.0000000e+00   8.2186470e-06
   1.2710000e+03   0.0000000e+00   8.1941677e-06
   1.2720000e+03   0.0000000e+00   8.1697613e-06
   1.2730000e+03   0.0000000e+00   8.1454276e-06
   1.2740000e+03   0.0000000e+00   8.1211664e-06
   1.2750000e+03   0.0000000e+00   8.0969774e-06
   1.2760000e+03   0.0000000e+00   8.0728605e-06
   1.2770000e+03   0.0000000e+00   8.0488154e-06
   1.2780000e+03   0.0000000e+00   8.0248420e-06
   1.2790000e+03   0.0000000e+00   8.0009399e-06
   1.2800000e+03   0.0000000e+00   7.9771091e-06
   1.2810000e+03   0.0000000e+00   7.9533492e-06
   1.2820000e+03   0.0000000e+00   7.9296601e-06
   1.2830000e+03   0.0000000e+00   7.9060415e-06
   1.2840000e+03   0.0000000e+00   7.8824933e-06
   1.2850000e+03   0.0000000e+00   7.8590153e-06
   1.2860000e+03   0.0000000e+00   7.8356071e-06
   1.2870000e+03   0.0000000e+00   7.8122687e-06
   1.2880000e+03   0.0000000e+00   7.7889998e-06
   1.2890000e+03   0.0000000e+00   7.7658002e-06
   1.2900000e+03   0.0000000e+00   7.7426697e-06
   1.2910000e+03   0.0000000e+00   7.7196081e-06
   1.2920000e+03   0.0000000e+00   7.6966152e-06
   1.2930000e+03   0.0000000e+00   7.6736908e-06
   1.2940000e+03   0.0000000e+00   7.6508347e-06
   1.2950000e+03   0.0000000e+00   7.6280466e-06
   1.2960000e+03   0.0000000e+00   7.6053264e-06
   1.2970000e+03   0.0000000e+00   7.5826739e-06
   1.2980000e+03   0.0000000e+00   7.5600888e-06
   1.2990000e+03   0.0000000e+00   7.5375711e-06
   1.3000000e+03   0.0000000e+00   7.5151204e-06
   1.3010000e+03   0.0000000e+00   7.4927365e-06
   1.3020000e+03   0.0000000e+00   7.4704193e-06
   1.3030000e+03   0.0000000e+00   7.4481687e-06
   1.3040000e+03   0.0000000e+00   7.4259842e-06
   1.3050000e+03   0.0000000e+00   7.4038659e-06
   1.3060000e+03   0.0000000e+00   7.3818134e-06
   1.3070000e+03   0.0000000e+00   7.3598266e-06
   1.3080000e+03   0.0000000e+00   7.3379053e-06
   1.3090000e+03   0.0000000e+00   7.3160493e-06
   1.3100000e+03   0.0000000e+00   7.2942584e-06
   1.3110000e+03   0.0000000e+00   7.2725324e-06
   1.3120000e+03   0.0000000e+00   7.2508711e-06
   1.3130000e+03   0.0000000e+00   7.2292744e-06
   1.3140000e+03   0.0000000e+00   7.2077419e-06
   1.3150000e+03   0.0000000e+00   7.1862736e-06
   1.3160000e+03   0.0000000e+00   7.1648692e-06
   1.3170000e+03   0.0000000e+00   7.1435286e-06
   1.3180000e+03   0.0000000e+00   7.1222516e-06
   1.3190000e+03   0.0000000e+00   7.1010379e-06
   1.3200000e+03   0.0000000e+00   7.0798874e-06
   1.3210000e+03   0.0000000e+00   7.0587999e-06
   1.3220000e+03   0.0000000e+00   7.0377752e-06
   1.3230000e+03   0.0000000e+00   7.0168132e-06
   1.3240000e+03   0.0000000e+00   6.9959135e-06
   1.3250000e+03   0.0000000e+00   6.9750762e-06
   1.3260000e+03   0.0000000e+00   6.9543009e-06
   1.3270000e+03   0.0000000e+00   6.9335874e-06
   1.3280000e+03   0.0000000e+00   6.9129357e-06
   1.3290000e+03   0.0000000e+00   6.8923455e-06
   1.3300000e+03   0.0000000e+00   6.8718166e-06
   1.3310000e+03   0.0000000e+00   6.8513488e-06
   1.3320000e+03   0.0000000e+00   6.8309420e-06
   1.3330000e+03   0.0000000e+00   6.8105960e-06
   1.3340000e+03   0.0000000e+00   6.7903106e-06
   1.3350000e+03   0.0000000e+00   6.7700856e-06
   1.3360000e+03   0.0000000e+00   6.7499209e-06
   1.3370000e+03   0.0000000e+00   6.7298162e-06
   1.3380000e+03   0.0000000e+00   6.7097714e-06
   1.3390000e+03   0.0000000e+00   6.6897863e-06
   1.3400000e+03   0.0000000e+00   6.6698607e-06
   1.3410000e+03   0.0000000e+00   6.6499945e-06
   1.3420000e+03   0.0000000e+00   6.6301874e-06
   1.3430000e+03   0.0000000e+00   6.6104394e-06
   1.3440000e+03   0.0000000e+00   6.5907501e-06
   1.3450000e+03   0.0000000e+00   6.5711195e-06
   1.3460000e+03   0.0000000e+00   6.5515474e-06
   1.3470000e+03   0.0000000e+00   6.5320336e-06
   1.3480000e+03   0.0000000e+00   6.5125779e-06
   1.3490000e+03   0.0000000e+00   6.4931801e-06
   1.3500000e+03   0.0000000e+00   6.4738401e-06
   1.3510000e+03   0.0000000e+00   6.4545577e-06
   1.3520000e+03   0.0000000e+00   6.4353328e-06
   1.3530000e+03   0.0000000e+00   6.4161651e-06
   1.3540000e+03   0.0000000e+00   6.3970545e-06
   1.3550000e+03   0.0000000e+00   6.3780008e-06
   1.3560000e+03   0.0000000e+00   6.3590039e-06
   1.3570000e+03   0.0000000e+00   6.3400636e-06
   1.3580000e+03   0.0000000e+00   6.3211797e-06
   1.3590000e+03   0.0000000e+00   6.3023520e-06
   1.3600000e+03   0.0000000e+00   6.2835804e-06
   1.3610000e+03   0.0000000e+00   6.2648647e-06
   1.3620000e+03   0.0000000e+00   6.2462048e-06
   1.3630000e+03   0.0000000e+00   6.2276004e-06
   1.3640000e+03   0.0000000e+00   6.2090514e-06
   1.3650000e+03   0.0000000e+00   6.1905577e-06
   1.3660000e+03   0.0000000e+00   6.1721191e-06
   1.3670000e+03   0.0000000e+00   6.1537354e-06
   1.3680000e+03   0.0000000e+00   6.1354065e-06
   1.3690000e+03   0.0000000e+00   6.1171321e-06
   1.3700000e+03   0.0000000e+00   6.0989122e-06
   1.3710000e+03   0.0000000e+00   6.0807466e-06
   1.3720000e+03   0.0000000e+00   6.0626350e-06
   1.3730000e+03   0.0000000e+00   6.0445774e-06
   1.3740000e+03   0.0000000e+00   6.0265736e-06
   1.3750000e+03   0.0000000e+00   6.0086234e-06
   1.3760000e+03   0.0000000e+00   5.9907267e-06
   1.3770000e+03   0.0000000e+00   5.9728833e-06
   1.3780000e+03   0.0000000e+00   5.9550930e-06
   1.3790000e+03   0.0000000e+00   5.9373557e-06
   1.3800000e+03   1.0000000e+00   5.9196712e-06
   1.3810000e+03   0.0000000e+00   5.9020395e-06
   1.3820000e+03   0.0000000e+00   5.8844602e-06
   1.3830000e+03   0.0000000e+00   5.8669333e-06
   1.3840000e+03   0.0000000e+00   5.8494586e-06
   1.3850000e+03   0.0000000e+00   5.8320359e-06
   1.3860000e+03   0.0000000e+00   5.8146652e-06
   1.3870000e+03   0.0000000e+00   5.7973462e-06
   1.3880000e+03   0.0000000e+00   5.7800787e-06
   1.3890000e+03   0.0000000e+00   5.7628627e-06
   1.3900000e+03   0.0000000e+00   5.7456980e-06
   1.3910000e+03   0.0000000e+00   5.7285844e-06
   1.3920000e+03   0.0000000e+00   5.7115218e-06
   1.3930000e+03   0.0000000e+00   5.6945100e-06
   1.3940000e+03   0.0000000e+00   5.6775488e-06
   1.3950000e+03   0.0000000e+00   5.6606382e-06
   1.3960000e+03   0.0000000e+00   5.6437780e-06
   1.3970000e+03   0.0000000e+00   5.6269679e-06
   1.3980000e+03   0.0000000e+00   5.6102080e-06
   1.3990000e+03   0.0000000e+00   5.5934979e-06
   1.4000000e+03   0.0000000e+00   5.5768376e-06
   1.4010000e+03   0.0000000e+00   5.5602270e-06
   1.4020000e+03   0.0000000e+00   5.5436658e-06
   1.4030000e+03   0.0000000e+00   5.5271540e-06
   1.4040000e+03   0.0000000e+00   5.5106913e-06
   1.4050000e+03   0.0000000e+00   5.4942777e-06
   1.4060000e+03   0.0000000e+00   5.4779129e-06
   1.4070000e+03   0.0000000e+00   5.4615969e-06
   1.4080000e+03   0.0000000e+00   5.4453295e-06
   1.4090000e+03   0.0000000e+00   5.4291106e-06
   1.4100000e+03   0.0000000e+00   5.4129399e-06
   1.4110000e+03   0.0000000e+00   5.3968175e-06
   1.4120000e+03   0.0000000e+00   5.3807430e-06
   1.4130000e+03   0.0000000e+00   5.3647164e-06
   1.4140000e+03   0.0000000e+00   5.3487376e-06
   1.4150000e+03   0.0000000e+00   5.3328063e-06
   1.4160000e+03   0.0000000e+00   5.3169225e-06
   1.4170000e+03   0.0000000e+00   5.3010860e-06
   1.4180000e+03   0.0000000e+00   5.2852967e-06
   1.4190000e+03   0.0000000e+00   5.2695544e-06
   1.4200000e+03   0.0000000e+00   5.2538590e-06
   1.4210000e+03   0.0000000e+00   5.2382104e-06
   1.4220000e+03   0.0000000e+00   5.2226083e-06
   1.4230000e+03   0.0000000e+00   5.2070527e-06
   1.4240000e+03   0.0000000e+00   5.1915435e-06
   1.4250000e+03   0.0000000e+00   5.1760804e-06
   1.4260000e+03   0.0000000e+00   5.1606635e-06
   1.4270000e+03   0.0000000e+00   5.1452924e-06
   1.4280000e+03   1.0000000e+00   5.1299671e-06
   1.4290000e+03   0.0000000e+00   5.1146875e-06
   1.4300000e+03   0.0000000e+00   5.0994533e-06
   1.4310000e+03   0.0000000e+00   5.0842646e-06
   1.4320000e+03   0.0000000e+00   5.0691210e-06
   1.4330000e+03   0.0000000e+00   5.0540226e-06
   1.4340000e+03   0.0000000e+00   5.0389692e-06
   1.4350000e+03   0.0000000e+00   5.0239606e-06
   1.4360000e+03   0.0000000e+00   5.0089967e-06
   1.4370000e+03   0.0000000e+00   4.9940774e-06
   1.4380000e+03   0.0000000e+00   4.9792025e-06
   1.4390000e+03   0.0000000e+00   4.9643719e-06
   1.4400000e+03   0.0000000e+00   4.9495855e-06
   1.4410000e+03   0.0000000e+00   4.9348431e-06
   1.4420000e+03   0.0000000e+00   4.9201446e-06
   1.4430000e+03   0.0000000e+00   4.9054899e-06
   1.4440000e+03   0.0000000e+00   4.8908789e-06
   1.4450000e+03   0.0000000e+00   4.8763114e-06
   1.4460000e+03   0.0000000e+00   4.8617873e-06
   1.4470000e+03   0.0000000e+00   4.8473064e-06
   1.4480000e+03   0.0000000e+00   4.8328687e-06
   1.4490000e+03   0.0000000e+00   4.8184739e-06
   1.4500000e+03   0.0000000e+00   4.8041221e-06
   1.4510000e+03   0.0000000e+00   4.7898130e-06
   1.4520000e+03   0.0000000e+00   4.7755465e-06
   1.4530000e+03   0.0000000e+00   4.7613225e-06
   1.4540000e+03   0.0000000e+00   4.7471408e-06
   1.4550000e+03   0.0000000e+00   4.7330014e-06
   1.4560000e+03   0.0000000e+00   4.7189042e-06
   1.4570000e+03   0.0000000e+00   4.7048489e-06
   1.4580000e+03   0.0000000e+00   4.6908355e-06
   1.4590000e+03   0.0000000e+00   4.6768638e-06
   1.4600000e+03   0.0000000e+00   4.6629337e-06
   1.4610000e+03   1.0000000e+00   4.6490451e-06
