   1.0000000e+00   6.2000000e+01   4.4823488e-02
   2.0000000e+00   4.8000000e+01   4.2604351e-02
   3.0000000e+00   5.1000000e+01   4.0496646e-02
   4.0000000e+00   4.4000000e+01   3.8494765e-02
   5.0000000e+00   5.5000000e+01   3.6593386e-02
   6.0000000e+00   4.1000000e+01   3.4787452e-02
   7.0000000e+00   4.4000000e+01   3.3072163e-02
   8.0000000e+00   3.3000000e+01   3.1442957e-02
   9.0000000e+00   2.7000000e+01   2.9895505e-02
   1.0000000e+01   3.1000000e+01   2.8425693e-02
   1.1000000e+01   4.0000000e+01   2.7029618e-02
   1.2000000e+01   3.0000000e+01   2.5703568e-02
   1.3000000e+01   2.7000000e+01   2.4444023e-02
   1.4000000e+01   3.1000000e+01   2.3247636e-02
   1.5000000e+01   2.9000000e+01   2.2111231e-02
   1.6000000e+01   2.6000000e+01   2.1031791e-02
   1.7000000e+01   2.4000000e+01   2.0006451e-02
   1.8000000e+01   2.7000000e+01   1.9032490e-02
   1.9000000e+01   1.7000000e+01   1.8107323e-02
   2.0000000e+01   3.1000000e+01   1.7228497e-02
   2.1000000e+01   1.7000000e+01   1.6393681e-02
   2.2000000e+01   2.3000000e+01   1.5600662e-02
   2.3000000e+01   1.9000000e+01   1.4847338e-02
   2.4000000e+01   1.1000000e+01   1.4131713e-02
   2.5000000e+01   1.9000000e+01   1.3451890e-02
   2.6000000e+01   1.4000000e+01   1.2806070e-02
   2.7000000e+01   1.4000000e+01   1.2192544e-02
   2.8000000e+01   1.6000000e+01   1.1609686e-02
   2.9000000e+01   1.4000000e+01   1.1055956e-02
   3.0000000e+01   1.2000000e+01   1.0529888e-02
   3.1000000e+01   1.6000000e+01   1.0030093e-02
   3.2000000e+01   6.0000000e+00   9.5552488e-03
   3.3000000e+01   1.3000000e+01   9.1041017e-03
   3.4000000e+01   1.4000000e+01   8.6754606e-03
   3.5000000e+01   1.3000000e+01   8.2681940e-03
   3.6000000e+01   5.0000000e+00   7.8812277e-03
   3.7000000e+01   9.0000000e+00   7.5135414e-03
   3.8000000e+01   1.0000000e+01   7.1641662e-03
   3.9000000e+01   9.0000000e+00   6.8321818e-03
   4.0000000e+01   7.0000000e+00   6.5167143e-03
   4.1000000e+01   1.0000000e+01   6.2169340e-03
   4.2000000e+01   2.0000000e+00   5.9320524e-03
   4.3000000e+01   6.0000000e+00   5.6613213e-03
   4.4000000e+01   7.0000000e+00   5.4040296e-03
   4.5000000e+01   6.0000000e+00   5.1595023e-03
   4.6000000e+01   7.0000000e+00   4.9270983e-03
   4.7000000e+01   1.1000000e+01   4.7062088e-03
   4.8000000e+01   9.0000000e+00   4.4962554e-03
   4.9000000e+01   7.0000000e+00   4.2966890e-03
   5.0000000e+01   8.0000000e+00   4.1069882e-03
   5.1000000e+01   5.0000000e+00   3.9266575e-03
   5.2000000e+01   4.0000000e+00   3.7552267e-03
   5.3000000e+01   4.0000000e+00   3.5922491e-03
   5.4000000e+01   4.0000000e+00   3.4373004e-03
   5.5000000e+01   2.0000000e+00   3.2899777e-03
   5.6000000e+01   6.0000000e+00   3.1498983e-03
   5.7000000e+01   2.0000000e+00   3.0166990e-03
   5.8000000e+01   2.0000000e+00   2.8900347e-03
   5.9000000e+01   4.0000000e+00   2.7695775e-03
   6.0000000e+01   5.0000000e+00   2.6550162e-03
   6.1000000e+01   3.0000000e+00   2.5460552e-03
   6.2000000e+01   1.0000000e+00   2.4424138e-03
   6.3000000e+01   2.0000000e+00   2.3438254e-03
   6.4000000e+01   4.0000000e+00   2.2500368e-03
   6.5000000e+01   6.0000000e+00   2.1608075e-03
   6.6000000e+01   2.0000000e+00   2.0759091e-03
   6.7000000e+01   3.0000000e+00   1.9951248e-03
   6.8000000e+01   0.0000000e+00   1.9182486e-03
   6.9000000e+01   3.0000000e+00   1.8450848e-03
   7.0000000e+01   1.0000000e+00   1.7754476e-03
   7.1000000e+01   2.0000000e+00   1.7091607e-03
   7.2000000e+01   1.0000000e+00   1.6460565e-03
   7.3000000e+01   2.0000000e+00   1.5859757e-03
   7.4000000e+01   0.0000000e+00   1.5287673e-03
   7.5000000e+01   3.0000000e+00   1.4742877e-03
   7.6000000e+01   2.0000000e+00   1.4224007e-03
   7.7000000e+01   0.0000000e+00   1.3729766e-03
   7.8000000e+01   2.0000000e+00   1.3258926e-03
   7.9000000e+01   2.0000000e+00   1.2810319e-03
   8.0000000e+01   1.0000000e+00   1.2382836e-03
   8.1000000e+01   1.0000000e+00   1.1975423e-03
   8.2000000e+01   0.0000000e+00   1.1587080e-03
   8.3000000e+01   2.0000000e+00   1.1216856e-03
   8.4000000e+01   2.0000000e+00   1.0863850e-03
   8.5000000e+01   0.0000000e+00   1.0527204e-03
   8.6000000e+01   1.0000000e+00   1.0206105e-03
   8.7000000e+01   2.0000000e+00   9.8997786e-04
   8.8000000e+01   3.0000000e+00   9.6074914e-04
   8.9000000e+01   1.0000000e+00   9.3285458e-04
   9.0000000e+01   2.0000000e+00   9.0622796e-04
   9.1000000e+01   0.0000000e+00   8.8080637e-04
   9.2000000e+01   1.0000000e+00   8.5653007e-04
   9.3000000e+01   0.0000000e+00   8.3334230e-04
   9.4000000e+01   2.0000000e+00   8.1118918e-04
   9.5000000e+01   3.0000000e+00   7.9001952e-04
   9.6000000e+01   1.0000000e+00   7.6978470e-04
   9.7000000e+01   0.0000000e+00   7.5043854e-04
   9.8000000e+01   0.0000000e+00   7.3193718e-04
   9.9000000e+01   1.0000000e+00   7.1423897e-04
   1.0000000e+02   0.0000000e+00   6.9730433e-04
   1.0100000e+02   3.0000000e+00   6.8109569e-04
   1.0200000e+02   0.0000000e+00   6.6557735e-04
   1.0300000e+02   4.0000000e+00   6.5071540e-04
   1.0400000e+02   1.0000000e+00   6.3647763e-04
   1.0500000e+02   0.0000000e+00   6.2283347e-04
   1.0600000e+02   0.0000000e+00   6.0975385e-04
   1.0700000e+02   0.0000000e+00   5.9721117e-04
   1.0800000e+02   1.0000000e+00   5.8517923e-04
   1.0900000e+02   1.0000000e+00   5.7363311e-04
   1.1000000e+02   0.0000000e+00   5.6254916e-04
   1.1100000e+02   0.0000000e+00   5.5190491e-04
   1.1200000e+02   1.0000000e+00   5.4167903e-04
   1.1300000e+02   0.0000000e+00   5.3185124e-04
   1.1400000e+02   0.0000000e+00   5.2240227e-04
   1.1500000e+02   0.0000000e+00   5.1331383e-04
   1.1600000e+02   3.0000000e+00   5.0456855e-04
   1.1700000e+02   0.0000000e+00   4.9614991e-04
   1.1800000e+02   0.0000000e+00   4.8804223e-04
   1.1900000e+02   0.0000000e+00   4.8023060e-04
   1.2000000e+02   1.0000000e+00   4.7270088e-04
   1.2100000e+02   0.0000000e+00   4.6543961e-04
   1.2200000e+02   0.0000000e+00   4.5843402e-04
   1.2300000e+02   1.0000000e+00   4.5167197e-04
   1.2400000e+02   1.0000000e+00   4.4514193e-04
   1.2500000e+02   0.0000000e+00   4.3883294e-04
   1.2600000e+02   0.0000000e+00   4.3273460e-04
   1.2700000e+02   0.0000000e+00   4.2683701e-04
   1.2800000e+02   0.0000000e+00   4.2113077e-04
   1.2900000e+02   1.0000000e+00   4.1560695e-04
   1.3000000e+02   0.0000000e+00   4.1025708e-04
   1.3100000e+02   1.0000000e+00   4.0507308e-04
   1.3200000e+02   0.0000000e+00   4.0004730e-04
   1.3300000e+02   0.0000000e+00   3.9517245e-04
   1.3400000e+02   1.0000000e+00   3.9044162e-04
   1.3500000e+02   1.0000000e+00   3.8584824e-04
   1.3600000e+02   0.0000000e+00   3.8138605e-04
   1.3700000e+02   0.0000000e+00   3.7704911e-04
   1.3800000e+02   0.0000000e+00   3.7283179e-04
   1.3900000e+02   0.0000000e+00   3.6872871e-04
   1.4000000e+02   1.0000000e+00   3.6473478e-04
   1.4100000e+02   1.0000000e+00   3.6084516e-04
   1.4200000e+02   0.0000000e+00   3.5705523e-04
   1.4300000e+02   1.0000000e+00   3.5336062e-04
   1.4400000e+02   0.0000000e+00   3.4975716e-04
   1.4500000e+02   1.0000000e+00   3.4624089e-04
   1.4600000e+02   0.0000000e+00   3.4280806e-04
   1.4700000e+02   0.0000000e+00   3.3945508e-04
   1.4800000e+02   0.0000000e+00   3.3617855e-04
   1.4900000e+02   0.0000000e+00   3.3297525e-04
   1.5000000e+02   0.0000000e+00   3.2984208e-04
   1.5100000e+02   0.0000000e+00   3.2677613e-04
   1.5200000e+02   1.0000000e+00   3.2377462e-04
   1.5300000e+02   0.0000000e+00   3.2083490e-04
   1.5400000e+02   0.0000000e+00   3.1795445e-04
   1.5500000e+02   1.0000000e+00   3.1513088e-04
   1.5600000e+02   0.0000000e+00   3.1236191e-04
   1.5700000e+02   0.0000000e+00   3.0964537e-04
   1.5800000e+02   0.0000000e+00   3.0697920e-04
   1.5900000e+02   0.0000000e+00   3.0436145e-04
   1.6000000e+02   0.0000000e+00   3.0179024e-04
   1.6100000e+02   1.0000000e+00   2.9926380e-04
   1.6200000e+02   0.0000000e+00   2.9678043e-04
   1.6300000e+02   0.0000000e+00   2.9433853e-04
   1.6400000e+02   0.0000000e+00   2.9193657e-04
   1.6500000e+02   2.0000000e+00   2.8957308e-04
   1.6600000e+02   0.0000000e+00   2.8724668e-04
   1.6700000e+02   0.0000000e+00   2.8495604e-04
   1.6800000e+02   0.0000000e+00   2.8269991e-04
   1.6900000e+02   1.0000000e+00   2.8047707e-04
   1.7000000e+02   0.0000000e+00   2.7828640e-04
   1.7100000e+02   0.0000000e+00   2.7612681e-04
   1.7200000e+02   0.0000000e+00   2.7399724e-04
   1.7300000e+02   0.0000000e+00   2.7189672e-04
   1.7400000e+02   0.0000000e+00   2.6982430e-04
   1.7500000e+02   0.0000000e+00   2.6777908e-04
   1.7600000e+02   0.0000000e+00   2.6576021e-04
   1.7700000e+02   0.0000000e+00   2.6376686e-04
   1.7800000e+02   0.0000000e+00   2.6179827e-04
   1.7900000e+02   0.0000000e+00   2.5985368e-04
   1.8000000e+02   0.0000000e+00   2.5793238e-04
   1.8100000e+02   0.0000000e+00   2.5603370e-04
   1.8200000e+02   0.0000000e+00   2.5415700e-04
   1.8300000e+02   0.0000000e+00   2.5230164e-04
   1.8400000e+02   0.0000000e+00   2.5046706e-04
   1.8500000e+02   1.0000000e+00   2.4865267e-04
   1.8600000e+02   1.0000000e+00   2.4685795e-04
   1.8700000e+02   0.0000000e+00   2.4508238e-04
   1.8800000e+02   0.0000000e+00   2.4332547e-04
   1.8900000e+02   0.0000000e+00   2.4158675e-04
   1.9000000e+02   1.0000000e+00   2.3986577e-04
   1.9100000e+02   1.0000000e+00   2.3816210e-04
   1.9200000e+02   0.0000000e+00   2.3647533e-04
   1.9300000e+02   0.0000000e+00   2.3480506e-04
   1.9400000e+02   0.0000000e+00   2.3315093e-04
   1.9500000e+02   0.0000000e+00   2.3151256e-04
   1.9600000e+02   0.0000000e+00   2.2988962e-04
   1.9700000e+02   1.0000000e+00   2.2828177e-04
   1.9800000e+02   0.0000000e+00   2.2668870e-04
   1.9900000e+02   0.0000000e+00   2.2511009e-04
   2.0000000e+02   0.0000000e+00   2.2354567e-04
   2.0100000e+02   1.0000000e+00   2.2199514e-04
   2.0200000e+02   0.0000000e+00   2.2045824e-04
   2.0300000e+02   0.0000000e+00   2.1893472e-04
   2.0400000e+02   0.0000000e+00   2.1742431e-04
   2.0500000e+02   1.0000000e+00   2.1592680e-04
   2.0600000e+02   0.0000000e+00   2.1444193e-04
   2.0700000e+02   0.0000000e+00   2.1296950e-04
   2.0800000e+02   0.0000000e+00   2.1150930e-04
   2.0900000e+02   0.0000000e+00   2.1006111e-04
   2.1000000e+02   1.0000000e+00   2.0862474e-04
   2.1100000e+02   1.0000000e+00   2.0720001e-04
   2.1200000e+02   0.0000000e+00   2.0578672e-04
   2.1300000e+02   0.0000000e+00   2.0438471e-04
   2.1400000e+02   1.0000000e+00   2.0299380e-04
   2.1500000e+02   0.0000000e+00   2.0161383e-04
   2.1600000e+02   0.0000000e+00   2.0024465e-04
   2.1700000e+02   0.0000000e+00   1.9888609e-04
   2.1800000e+02   1.0000000e+00   1.9753800e-04
   2.1900000e+02   0.0000000e+00   1.9620026e-04
   2.2000000e+02   0.0000000e+00   1.9487272e-04
   2.2100000e+02   0.0000000e+00   1.9355524e-04
   2.2200000e+02   0.0000000e+00   1.9224769e-04
   2.2300000e+02   0.0000000e+00   1.9094996e-04
   2.2400000e+02   0.0000000e+00   1.8966191e-04
   2.2500000e+02   1.0000000e+00   1.8838343e-04
   2.2600000e+02   0.0000000e+00   1.8711440e-04
   2.2700000e+02   1.0000000e+00   1.8585472e-04
   2.2800000e+02   0.0000000e+00   1.8460427e-04
   2.2900000e+02   0.0000000e+00   1.8336295e-04
   2.3000000e+02   0.0000000e+00   1.8213066e-04
   2.3100000e+02   0.0000000e+00   1.8090730e-04
   2.3200000e+02   1.0000000e+00   1.7969277e-04
   2.3300000e+02   1.0000000e+00   1.7848697e-04
   2.3400000e+02   1.0000000e+00   1.7728982e-04
   2.3500000e+02   0.0000000e+00   1.7610123e-04
   2.3600000e+02   1.0000000e+00   1.7492110e-04
   2.3700000e+02   0.0000000e+00   1.7374936e-04
   2.3800000e+02   0.0000000e+00   1.7258592e-04
   2.3900000e+02   0.0000000e+00   1.7143069e-04
   2.4000000e+02   0.0000000e+00   1.7028361e-04
   2.4100000e+02   0.0000000e+00   1.6914458e-04
   2.4200000e+02   0.0000000e+00   1.6801354e-04
   2.4300000e+02   0.0000000e+00   1.6689041e-04
   2.4400000e+02   0.0000000e+00   1.6577512e-04
   2.4500000e+02   1.0000000e+00   1.6466760e-04
   2.4600000e+02   0.0000000e+00   1.6356778e-04
   2.4700000e+02   1.0000000e+00   1.6247558e-04
   2.4800000e+02   0.0000000e+00   1.6139095e-04
   2.4900000e+02   0.0000000e+00   1.6031381e-04
   2.5000000e+02   1.0000000e+00   1.5924410e-04
   2.5100000e+02   0.0000000e+00   1.5818176e-04
   2.5200000e+02   0.0000000e+00   1.5712673e-04
   2.5300000e+02   0.0000000e+00   1.5607894e-04
   2.5400000e+02   0.0000000e+00   1.5503834e-04
   2.5500000e+02   0.0000000e+00   1.5400486e-04
   2.5600000e+02   1.0000000e+00   1.5297845e-04
   2.5700000e+02   0.0000000e+00   1.5195905e-04
   2.5800000e+02   0.0000000e+00   1.5094660e-04
   2.5900000e+02   0.0000000e+00   1.4994105e-04
   2.6000000e+02   0.0000000e+00   1.4894235e-04
   2.6100000e+02   1.0000000e+00   1.4795043e-04
   2.6200000e+02   0.0000000e+00   1.4696525e-04
   2.6300000e+02   0.0000000e+00   1.4598675e-04
   2.6400000e+02   0.0000000e+00   1.4501489e-04
   2.6500000e+02   1.0000000e+00   1.4404961e-04
   2.6600000e+02   0.0000000e+00   1.4309086e-04
   2.6700000e+02   1.0000000e+00   1.4213859e-04
   2.6800000e+02   0.0000000e+00   1.4119275e-04
   2.6900000e+02   0.0000000e+00   1.4025330e-04
   2.7000000e+02   0.0000000e+00   1.3932019e-04
   2.7100000e+02   1.0000000e+00   1.3839337e-04
   2.7200000e+02   0.0000000e+00   1.3747279e-04
   2.7300000e+02   0.0000000e+00   1.3655841e-04
   2.7400000e+02   0.0000000e+00   1.3565018e-04
   2.7500000e+02   0.0000000e+00   1.3474806e-04
   2.7600000e+02   1.0000000e+00   1.3385200e-04
   2.7700000e+02   0.0000000e+00   1.3296196e-04
   2.7800000e+02   0.0000000e+00   1.3207789e-04
   2.7900000e+02   0.0000000e+00   1.3119976e-04
   2.8000000e+02   0.0000000e+00   1.3032752e-04
   2.8100000e+02   0.0000000e+00   1.2946112e-04
   2.8200000e+02   1.0000000e+00   1.2860053e-04
   2.8300000e+02   0.0000000e+00   1.2774571e-04
   2.8400000e+02   0.0000000e+00   1.2689661e-04
   2.8500000e+02   0.0000000e+00   1.2605319e-04
   2.8600000e+02   0.0000000e+00   1.2521542e-04
   2.8700000e+02   0.0000000e+00   1.2438325e-04
   2.8800000e+02   0.0000000e+00   1.2355665e-04
   2.8900000e+02   0.0000000e+00   1.2273557e-04
   2.9000000e+02   0.0000000e+00   1.2191998e-04
   2.9100000e+02   0.0000000e+00   1.2110984e-04
   2.9200000e+02   0.0000000e+00   1.2030511e-04
   2.9300000e+02   0.0000000e+00   1.1950575e-04
   2.9400000e+02   0.0000000e+00   1.1871173e-04
   2.9500000e+02   1.0000000e+00   1.1792301e-04
   2.9600000e+02   0.0000000e+00   1.1713955e-04
   2.9700000e+02   0.0000000e+00   1.1636132e-04
   2.9800000e+02   0.0000000e+00   1.1558827e-04
   2.9900000e+02   1.0000000e+00   1.1482039e-04
   3.0000000e+02   0.0000000e+00   1.1405762e-04
   3.0100000e+02   1.0000000e+00   1.1329994e-04
   3.0200000e+02   1.0000000e+00   1.1254731e-04
   3.0300000e+02   1.0000000e+00   1.1179969e-04
   3.0400000e+02   0.0000000e+00   1.1105705e-04
   3.0500000e+02   0.0000000e+00   1.1031936e-04
   3.0600000e+02   0.0000000e+00   1.0958659e-04
   3.0700000e+02   0.0000000e+00   1.0885869e-04
   3.0800000e+02   0.0000000e+00   1.0813564e-04
   3.0900000e+02   0.0000000e+00   1.0741741e-04
   3.1000000e+02   0.0000000e+00   1.0670396e-04
   3.1100000e+02   1.0000000e+00   1.0599525e-04
   3.1200000e+02   0.0000000e+00   1.0529127e-04
   3.1300000e+02   0.0000000e+00   1.0459196e-04
   3.1400000e+02   0.0000000e+00   1.0389732e-04
   3.1500000e+02   0.0000000e+00   1.0320729e-04
   3.1600000e+02   1.0000000e+00   1.0252185e-04
   3.1700000e+02   0.0000000e+00   1.0184098e-04
   3.1800000e+02   0.0000000e+00   1.0116463e-04
   3.1900000e+02   0.0000000e+00   1.0049278e-04
   3.2000000e+02   0.0000000e+00   9.9825404e-05
   3.2100000e+02   0.0000000e+00   9.9162463e-05
   3.2200000e+02   0.0000000e+00   9.8503930e-05
   3.2300000e+02   2.0000000e+00   9.7849776e-05
   3.2400000e+02   1.0000000e+00   9.7199972e-05
   3.2500000e+02   1.0000000e+00   9.6554488e-05
   3.2600000e+02   0.0000000e+00   9.5913295e-05
   3.2700000e+02   0.0000000e+00   9.5276365e-05
   3.2800000e+02   0.0000000e+00   9.4643668e-05
   3.2900000e+02   0.0000000e+00   9.4015178e-05
   3.3000000e+02   0.0000000e+00   9.3390865e-05
   3.3100000e+02   0.0000000e+00   9.2770701e-05
   3.3200000e+02   0.0000000e+00   9.2154659e-05
   3.3300000e+02   1.0000000e+00   9.1542711e-05
   3.3400000e+02   0.0000000e+00   9.0934830e-05
   3.3500000e+02   1.0000000e+00   9.0330989e-05
   3.3600000e+02   0.0000000e+00   8.9731160e-05
   3.3700000e+02   1.0000000e+00   8.9135317e-05
   3.3800000e+02   0.0000000e+00   8.8543433e-05
   3.3900000e+02   0.0000000e+00   8.7955482e-05
   3.4000000e+02   1.0000000e+00   8.7371437e-05
   3.4100000e+02   1.0000000e+00   8.6791273e-05
   3.4200000e+02   0.0000000e+00   8.6214963e-05
   3.4300000e+02   0.0000000e+00   8.5642482e-05
   3.4400000e+02   0.0000000e+00   8.5073804e-05
   3.4500000e+02   1.0000000e+00   8.4508905e-05
   3.4600000e+02   0.0000000e+00   8.3947757e-05
   3.4700000e+02   0.0000000e+00   8.3390338e-05
   3.4800000e+02   0.0000000e+00   8.2836621e-05
   3.4900000e+02   0.0000000e+00   8.2286583e-05
   3.5000000e+02   0.0000000e+00   8.1740198e-05
   3.5100000e+02   0.0000000e+00   8.1197443e-05
   3.5200000e+02   0.0000000e+00   8.0658293e-05
   3.5300000e+02   0.0000000e+00   8.0122723e-05
   3.5400000e+02   0.0000000e+00   7.9590712e-05
   3.5500000e+02   0.0000000e+00   7.9062233e-05
   3.5600000e+02   0.0000000e+00   7.8537265e-05
   3.5700000e+02   0.0000000e+00   7.8015784e-05
   3.5800000e+02   0.0000000e+00   7.7497766e-05
   3.5900000e+02   0.0000000e+00   7.6983189e-05
   3.6000000e+02   0.0000000e+00   7.6472029e-05
   3.6100000e+02   0.0000000e+00   7.5964264e-05
   3.6200000e+02   0.0000000e+00   7.5459871e-05
   3.6300000e+02   0.0000000e+00   7.4958828e-05
   3.6400000e+02   0.0000000e+00   7.4461113e-05
   3.6500000e+02   1.0000000e+00   7.3966703e-05
   3.6600000e+02   0.0000000e+00   7.3475576e-05
   3.6700000e+02   0.0000000e+00   7.2987711e-05
   3.6800000e+02   0.0000000e+00   7.2503086e-05
   3.6900000e+02   1.0000000e+00   7.2021679e-05
   3.7000000e+02   1.0000000e+00   7.1543469e-05
   3.7100000e+02   0.0000000e+00   7.1068435e-05
   3.7200000e+02   0.0000000e+00   7.0596555e-05
   3.7300000e+02   0.0000000e+00   7.0127809e-05
   3.7400000e+02   0.0000000e+00   6.9662176e-05
   3.7500000e+02   0.0000000e+00   6.9199635e-05
   3.7600000e+02   0.0000000e+00   6.8740165e-05
   3.7700000e+02   0.0000000e+00   6.8283747e-05
   3.7800000e+02   0.0000000e+00   6.7830359e-05
   3.7900000e+02   0.0000000e+00   6.7379982e-05
   3.8000000e+02   0.0000000e+00   6.6932596e-05
   3.8100000e+02   1.0000000e+00   6.6488181e-05
   3.8200000e+02   0.0000000e+00   6.6046716e-05
   3.8300000e+02   0.0000000e+00   6.5608183e-05
   3.8400000e+02   0.0000000e+00   6.5172562e-05
   3.8500000e+02   1.0000000e+00   6.4739834e-05
   3.8600000e+02   0.0000000e+00   6.4309979e-05
   3.8700000e+02   0.0000000e+00   6.3882979e-05
   3.8800000e+02   0.0000000e+00   6.3458813e-05
   3.8900000e+02   0.0000000e+00   6.3037465e-05
   3.9000000e+02   0.0000000e+00   6.2618914e-05
   3.9100000e+02   0.0000000e+00   6.2203142e-05
   3.9200000e+02   0.0000000e+00   6.1790131e-05
   3.9300000e+02   0.0000000e+00   6.1379863e-05
   3.9400000e+02   0.0000000e+00   6.0972319e-05
   3.9500000e+02   0.0000000e+00   6.0567481e-05
   3.9600000e+02   0.0000000e+00   6.0165331e-05
   3.9700000e+02   0.0000000e+00   5.9765851e-05
   3.9800000e+02   0.0000000e+00   5.9369024e-05
   3.9900000e+02   1.0000000e+00   5.8974832e-05
   4.0000000e+02   0.0000000e+00   5.8583257e-05
   4.0100000e+02   0.0000000e+00   5.8194282e-05
   4.0200000e+02   0.0000000e+00   5.7807890e-05
   4.0300000e+02   0.0000000e+00   5.7424063e-05
   4.0400000e+02   1.0000000e+00   5.7042786e-05
   4.0500000e+02   0.0000000e+00   5.6664039e-05
   4.0600000e+02   0.0000000e+00   5.6287808e-05
   4.0700000e+02   0.0000000e+00   5.5914075e-05
   4.0800000e+02   0.0000000e+00   5.5542823e-05
   4.0900000e+02   0.0000000e+00   5.5174037e-05
   4.1000000e+02   0.0000000e+00   5.4807699e-05
   4.1100000e+02   0.0000000e+00   5.4443793e-05
   4.1200000e+02   0.0000000e+00   5.4082304e-05
   4.1300000e+02   0.0000000e+00   5.3723215e-05
   4.1400000e+02   0.0000000e+00   5.3366510e-05
   4.1500000e+02   0.0000000e+00   5.3012174e-05
   4.1600000e+02   0.0000000e+00   5.2660190e-05
   4.1700000e+02   0.0000000e+00   5.2310544e-05
   4.1800000e+02   0.0000000e+00   5.1963219e-05
   4.1900000e+02   0.0000000e+00   5.1618200e-05
   4.2000000e+02   0.0000000e+00   5.1275472e-05
   4.2100000e+02   0.0000000e+00   5.0935020e-05
   4.2200000e+02   0.0000000e+00   5.0596828e-05
   4.2300000e+02   0.0000000e+00   5.0260882e-05
   4.2400000e+02   0.0000000e+00   4.9927167e-05
   4.2500000e+02   0.0000000e+00   4.9595667e-05
   4.2600000e+02   0.0000000e+00   4.9266368e-05
   4.2700000e+02   0.0000000e+00   4.8939256e-05
   4.2800000e+02   0.0000000e+00   4.8614316e-05
   4.2900000e+02   0.0000000e+00   4.8291533e-05
   4.3000000e+02   0.0000000e+00   4.7970893e-05
   4.3100000e+02   0.0000000e+00   4.7652383e-05
   4.3200000e+02   0.0000000e+00   4.7335987e-05
   4.3300000e+02   0.0000000e+00   4.7021692e-05
   4.3400000e+02   0.0000000e+00   4.6709483e-05
   4.3500000e+02   0.0000000e+00   4.6399348e-05
   4.3600000e+02   0.0000000e+00   4.6091272e-05
   4.3700000e+02   0.0000000e+00   4.5785242e-05
   4.3800000e+02   0.0000000e+00   4.5481243e-05
   4.3900000e+02   0.0000000e+00   4.5179263e-05
   4.4000000e+02   0.0000000e+00   4.4879288e-05
   4.4100000e+02   0.0000000e+00   4.4581305e-05
   4.4200000e+02   0.0000000e+00   4.4285300e-05
   4.4300000e+02   0.0000000e+00   4.3991261e-05
   4.4400000e+02   0.0000000e+00   4.3699174e-05
   4.4500000e+02   0.0000000e+00   4.3409026e-05
   4.4600000e+02   0.0000000e+00   4.3120805e-05
   4.4700000e+02   0.0000000e+00   4.2834497e-05
   4.4800000e+02   0.0000000e+00   4.2550091e-05
   4.4900000e+02   0.0000000e+00   4.2267573e-05
   4.5000000e+02   0.0000000e+00   4.1986931e-05
   4.5100000e+02   0.0000000e+00   4.1708152e-05
   4.5200000e+02   0.0000000e+00   4.1431224e-05
   4.5300000e+02   0.0000000e+00   4.1156135e-05
   4.5400000e+02   0.0000000e+00   4.0882872e-05
   4.5500000e+02   0.0000000e+00   4.0611424e-05
   4.5600000e+02   0.0000000e+00   4.0341778e-05
   4.5700000e+02   0.0000000e+00   4.0073922e-05
   4.5800000e+02   0.0000000e+00   3.9807845e-05
   4.5900000e+02   0.0000000e+00   3.9543534e-05
   4.6000000e+02   0.0000000e+00   3.9280979e-05
   4.6100000e+02   0.0000000e+00   3.9020167e-05
   4.6200000e+02   0.0000000e+00   3.8761086e-05
   4.6300000e+02   0.0000000e+00   3.8503726e-05
   4.6400000e+02   0.0000000e+00   3.8248074e-05
   4.6500000e+02   0.0000000e+00   3.7994120e-05
   4.6600000e+02   0.0000000e+00   3.7741852e-05
   4.6700000e+02   1.0000000e+00   3.7491259e-05
   4.6800000e+02   0.0000000e+00   3.7242330e-05
   4.6900000e+02   0.0000000e+00   3.6995054e-05
   4.7000000e+02   0.0000000e+00   3.6749419e-05
   4.7100000e+02   0.0000000e+00   3.6505416e-05
   4.7200000e+02   0.0000000e+00   3.6263032e-05
   4.7300000e+02   0.0000000e+00   3.6022258e-05
   4.7400000e+02   0.0000000e+00   3.5783083e-05
   4.7500000e+02   0.0000000e+00   3.5545495e-05
   4.7600000e+02   0.0000000e+00   3.5309486e-05
   4.7700000e+02   0.0000000e+00   3.5075043e-05
   4.7800000e+02   0.0000000e+00   3.4842157e-05
   4.7900000e+02   0.0000000e+00   3.4610817e-05
   4.8000000e+02   0.0000000e+00   3.4381013e-05
   4.8100000e+02   0.0000000e+00   3.4152735e-05
   4.8200000e+02   0.0000000e+00   3.3925972e-05
   4.8300000e+02   0.0000000e+00   3.3700715e-05
   4.8400000e+02   0.0000000e+00   3.3476954e-05
   4.8500000e+02   0.0000000e+00   3.3254679e-05
   4.8600000e+02   0.0000000e+00   3.3033879e-05
   4.8700000e+02   0.0000000e+00   3.2814546e-05
   4.8800000e+02   0.0000000e+00   3.2596668e-05
   4.8900000e+02   0.0000000e+00   3.2380238e-05
   4.9000000e+02   0.0000000e+00   3.2165244e-05
   4.9100000e+02   0.0000000e+00   3.1951678e-05
   4.9200000e+02   0.0000000e+00   3.1739530e-05
   4.9300000e+02   0.0000000e+00   3.1528790e-05
   4.9400000e+02   0.0000000e+00   3.1319450e-05
   4.9500000e+02   0.0000000e+00   3.1111499e-05
   4.9600000e+02   0.0000000e+00   3.0904930e-05
   4.9700000e+02   0.0000000e+00   3.0699732e-05
   4.9800000e+02   0.0000000e+00   3.0495896e-05
   4.9900000e+02   0.0000000e+00   3.0293414e-05
   5.0000000e+02   0.0000000e+00   3.0092276e-05
   5.0100000e+02   0.0000000e+00   2.9892474e-05
   5.0200000e+02   0.0000000e+00   2.9693998e-05
   5.0300000e+02   0.0000000e+00   2.9496840e-05
   5.0400000e+02   0.0000000e+00   2.9300991e-05
   5.0500000e+02   0.0000000e+00   2.9106443e-05
   5.0600000e+02   0.0000000e+00   2.8913186e-05
   5.0700000e+02   0.0000000e+00   2.8721212e-05
   5.0800000e+02   0.0000000e+00   2.8530513e-05
   5.0900000e+02   0.0000000e+00   2.8341081e-05
   5.1000000e+02   0.0000000e+00   2.8152906e-05
   5.1100000e+02   0.0000000e+00   2.7965980e-05
   5.1200000e+02   0.0000000e+00   2.7780296e-05
   5.1300000e+02   0.0000000e+00   2.7595844e-05
   5.1400000e+02   0.0000000e+00   2.7412617e-05
   5.1500000e+02   0.0000000e+00   2.7230607e-05
   5.1600000e+02   0.0000000e+00   2.7049805e-05
   5.1700000e+02   0.0000000e+00   2.6870203e-05
   5.1800000e+02   0.0000000e+00   2.6691795e-05
   5.1900000e+02   0.0000000e+00   2.6514570e-05
   5.2000000e+02   0.0000000e+00   2.6338523e-05
   5.2100000e+02   0.0000000e+00   2.6163644e-05
   5.2200000e+02   1.0000000e+00   2.5989926e-05
   5.2300000e+02   0.0000000e+00   2.5817362e-05
   5.2400000e+02   0.0000000e+00   2.5645944e-05
   5.2500000e+02   0.0000000e+00   2.5475664e-05
   5.2600000e+02   1.0000000e+00   2.5306514e-05
   5.2700000e+02   0.0000000e+00   2.5138487e-05
   5.2800000e+02   0.0000000e+00   2.4971577e-05
   5.2900000e+02   0.0000000e+00   2.4805774e-05
   5.3000000e+02   0.0000000e+00   2.4641072e-05
   5.3100000e+02   0.0000000e+00   2.4477464e-05
   5.3200000e+02   0.0000000e+00   2.4314942e-05
   5.3300000e+02   1.0000000e+00   2.4153499e-05
   5.3400000e+02   0.0000000e+00   2.3993128e-05
   5.3500000e+02   0.0000000e+00   2.3833822e-05
   5.3600000e+02   0.0000000e+00   2.3675574e-05
   5.3700000e+02   0.0000000e+00   2.3518376e-05
   5.3800000e+02   0.0000000e+00   2.3362222e-05
   5.3900000e+02   0.0000000e+00   2.3207105e-05
   5.4000000e+02   0.0000000e+00   2.3053018e-05
   5.4100000e+02   0.0000000e+00   2.2899954e-05
   5.4200000e+02   0.0000000e+00   2.2747906e-05
   5.4300000e+02   0.0000000e+00   2.2596868e-05
   5.4400000e+02   0.0000000e+00   2.2446832e-05
   5.4500000e+02   0.0000000e+00   2.2297793e-05
   5.4600000e+02   0.0000000e+00   2.2149744e-05
   5.4700000e+02   0.0000000e+00   2.2002677e-05
   5.4800000e+02   0.0000000e+00   2.1856587e-05
   5.4900000e+02   0.0000000e+00   2.1711466e-05
   5.5000000e+02   0.0000000e+00   2.1567310e-05
   5.5100000e+02   1.0000000e+00   2.1424110e-05
