   1.0000000e+00   1.7000000e+01   4.0014925e-02
   2.0000000e+00   1.3000000e+01   3.8045903e-02
   3.0000000e+00   2.3000000e+01   3.6186991e-02
   4.0000000e+00   2.1000000e+01   3.4431645e-02
   5.0000000e+00   1.2000000e+01   3.2773720e-02
   6.0000000e+00   2.2000000e+01   3.1207445e-02
   7.0000000e+00   1.4000000e+01   2.9727401e-02
   8.0000000e+00   1.8000000e+01   2.8328498e-02
   9.0000000e+00   1.2000000e+01   2.7005956e-02
   1.0000000e+01   1.1000000e+01   2.5755284e-02
   1.1000000e+01   1.1000000e+01   2.4572266e-02
   1.2000000e+01   4.0000000e+00   2.3452938e-02
   1.3000000e+01   1.7000000e+01   2.2393580e-02
   1.4000000e+01   9.0000000e+00   2.1390695e-02
   1.5000000e+01   7.0000000e+00   2.0440998e-02
   1.6000000e+01   7.0000000e+00   1.9541402e-02
   1.7000000e+01   8.0000000e+00   1.8689007e-02
   1.8000000e+01   1.5000000e+01   1.7881088e-02
   1.9000000e+01   8.0000000e+00   1.7115084e-02
   2.0000000e+01   8.0000000e+00   1.6388587e-02
   2.1000000e+01   7.0000000e+00   1.5699336e-02
   2.2000000e+01   9.0000000e+00   1.5045203e-02
   2.3000000e+01   8.0000000e+00   1.4424191e-02
   2.4000000e+01   7.0000000e+00   1.3834418e-02
   2.5000000e+01   8.0000000e+00   1.3274120e-02
   2.6000000e+01   9.0000000e+00   1.2741633e-02
   2.7000000e+01   3.0000000e+00   1.2235396e-02
   2.8000000e+01   5.0000000e+00   1.1753940e-02
   2.9000000e+01   1.2000000e+01   1.1295882e-02
   3.0000000e+01   0.0000000e+00   1.0859922e-02
   3.1000000e+01   2.0000000e+00   1.0444838e-02
   3.2000000e+01   6.0000000e+00   1.0049480e-02
   3.3000000e+01   2.0000000e+00   9.6727639e-03
   3.4000000e+01   0.0000000e+00   9.3136717e-03
   3.5000000e+01   2.0000000e+00   8.9712445e-03
   3.6000000e+01   3.0000000e+00   8.6445796e-03
   3.7000000e+01   7.0000000e+00   8.3328274e-03
   3.8000000e+01   4.0000000e+00   8.0351879e-03
   3.9000000e+01   3.0000000e+00   7.7509079e-03
   4.0000000e+01   5.0000000e+00   7.4792778e-03
   4.1000000e+01   3.0000000e+00   7.2196294e-03
   4.2000000e+01   2.0000000e+00   6.9713330e-03
   4.3000000e+01   2.0000000e+00   6.7337956e-03
   4.4000000e+01   5.0000000e+00   6.5064581e-03
   4.5000000e+01   5.0000000e+00   6.2887936e-03
   4.6000000e+01   8.0000000e+00   6.0803055e-03
   4.7000000e+01   3.0000000e+00   5.8805253e-03
   4.8000000e+01   1.0000000e+00   5.6890116e-03
   4.9000000e+01   4.0000000e+00   5.5053477e-03
   5.0000000e+01   2.0000000e+00   5.3291407e-03
   5.1000000e+01   2.0000000e+00   5.1600197e-03
   5.2000000e+01   4.0000000e+00   4.9976349e-03
   5.3000000e+01   2.0000000e+00   4.8416559e-03
   5.4000000e+01   0.0000000e+00   4.6917708e-03
   5.5000000e+01   2.0000000e+00   4.5476850e-03
   5.6000000e+01   2.0000000e+00   4.4091202e-03
   5.7000000e+01   3.0000000e+00   4.2758137e-03
   5.8000000e+01   4.0000000e+00   4.1475169e-03
   5.9000000e+01   1.0000000e+00   4.0239950e-03
   6.0000000e+01   6.0000000e+00   3.9050259e-03
   6.1000000e+01   4.0000000e+00   3.7903997e-03
   6.2000000e+01   2.0000000e+00   3.6799176e-03
   6.3000000e+01   2.0000000e+00   3.5733916e-03
   6.4000000e+01   2.0000000e+00   3.4706437e-03
   6.5000000e+01   2.0000000e+00   3.3715055e-03
   6.6000000e+01   2.0000000e+00   3.2758174e-03
   6.7000000e+01   2.0000000e+00   3.1834282e-03
   6.8000000e+01   0.0000000e+00   3.0941945e-03
   6.9000000e+01   1.0000000e+00   3.0079807e-03
   7.0000000e+01   0.0000000e+00   2.9246578e-03
   7.1000000e+01   0.0000000e+00   2.8441037e-03
   7.2000000e+01   3.0000000e+00   2.7662025e-03
   7.3000000e+01   1.0000000e+00   2.6908442e-03
   7.4000000e+01   0.0000000e+00   2.6179242e-03
   7.5000000e+01   2.0000000e+00   2.5473434e-03
   7.6000000e+01   1.0000000e+00   2.4790073e-03
   7.7000000e+01   1.0000000e+00   2.4128265e-03
   7.8000000e+01   3.0000000e+00   2.3487156e-03
   7.9000000e+01   1.0000000e+00   2.2865936e-03
   8.0000000e+01   1.0000000e+00   2.2263833e-03
   8.1000000e+01   0.0000000e+00   2.1680113e-03
   8.2000000e+01   0.0000000e+00   2.1114077e-03
   8.3000000e+01   0.0000000e+00   2.0565058e-03
   8.4000000e+01   0.0000000e+00   2.0032421e-03
   8.5000000e+01   0.0000000e+00   1.9515562e-03
   8.6000000e+01   1.0000000e+00   1.9013902e-03
   8.7000000e+01   0.0000000e+00   1.8526891e-03
   8.8000000e+01   1.0000000e+00   1.8054003e-03
   8.9000000e+01   0.0000000e+00   1.7594736e-03
   9.0000000e+01   2.0000000e+00   1.7148609e-03
   9.1000000e+01   2.0000000e+00   1.6715166e-03
   9.2000000e+01   0.0000000e+00   1.6293967e-03
   9.3000000e+01   1.0000000e+00   1.5884593e-03
   9.4000000e+01   1.0000000e+00   1.5486643e-03
   9.5000000e+01   0.0000000e+00   1.5099733e-03
   9.6000000e+01   1.0000000e+00   1.4723496e-03
   9.7000000e+01   1.0000000e+00   1.4357578e-03
   9.8000000e+01   1.0000000e+00   1.4001643e-03
   9.9000000e+01   1.0000000e+00   1.3655367e-03
   1.0000000e+02   1.0000000e+00   1.3318438e-03
   1.0100000e+02   0.0000000e+00   1.2990560e-03
   1.0200000e+02   1.0000000e+00   1.2671446e-03
   1.0300000e+02   2.0000000e+00   1.2360821e-03
   1.0400000e+02   0.0000000e+00   1.2058422e-03
   1.0500000e+02   1.0000000e+00   1.1763995e-03
   1.0600000e+02   0.0000000e+00   1.1477296e-03
   1.0700000e+02   0.0000000e+00   1.1198089e-03
   1.0800000e+02   0.0000000e+00   1.0926151e-03
   1.0900000e+02   0.0000000e+00   1.0661263e-03
   1.1000000e+02   0.0000000e+00   1.0403216e-03
   1.1100000e+02   0.0000000e+00   1.0151809e-03
   1.1200000e+02   1.0000000e+00   9.9068468e-04
   1.1300000e+02   0.0000000e+00   9.6681429e-04
   1.1400000e+02   1.0000000e+00   9.4355166e-04
   1.1500000e+02   0.0000000e+00   9.2087935e-04
   1.1600000e+02   0.0000000e+00   8.9878057e-04
   1.1700000e+02   0.0000000e+00   8.7723908e-04
   1.1800000e+02   0.0000000e+00   8.5623921e-04
   1.1900000e+02   1.0000000e+00   8.3576584e-04
   1.2000000e+02   0.0000000e+00   8.1580432e-04
   1.2100000e+02   0.0000000e+00   7.9634051e-04
   1.2200000e+02   0.0000000e+00   7.7736076e-04
   1.2300000e+02   0.0000000e+00   7.5885182e-04
   1.2400000e+02   1.0000000e+00   7.4080092e-04
   1.2500000e+02   0.0000000e+00   7.2319566e-04
   1.2600000e+02   1.0000000e+00   7.0602407e-04
   1.2700000e+02   0.0000000e+00   6.8927453e-04
   1.2800000e+02   1.0000000e+00   6.7293580e-04
   1.2900000e+02   0.0000000e+00   6.5699700e-04
   1.3000000e+02   0.0000000e+00   6.4144756e-04
   1.3100000e+02   1.0000000e+00   6.2627727e-04
   1.3200000e+02   0.0000000e+00   6.1147618e-04
   1.3300000e+02   0.0000000e+00   5.9703469e-04
   1.3400000e+02   0.0000000e+00   5.8294347e-04
   1.3500000e+02   0.0000000e+00   5.6919345e-04
   1.3600000e+02   0.0000000e+00   5.5577586e-04
   1.3700000e+02   0.0000000e+00   5.4268215e-04
   1.3800000e+02   1.0000000e+00   5.2990405e-04
   1.3900000e+02   1.0000000e+00   5.1743352e-04
   1.4000000e+02   0.0000000e+00   5.0526274e-04
   1.4100000e+02   0.0000000e+00   4.9338413e-04
   1.4200000e+02   0.0000000e+00   4.8179030e-04
   1.4300000e+02   0.0000000e+00   4.7047411e-04
   1.4400000e+02   0.0000000e+00   4.5942857e-04
   1.4500000e+02   0.0000000e+00   4.4864692e-04
   1.4600000e+02   0.0000000e+00   4.3812258e-04
   1.4700000e+02   0.0000000e+00   4.2784913e-04
   1.4800000e+02   0.0000000e+00   4.1782036e-04
   1.4900000e+02   0.0000000e+00   4.0803020e-04
   1.5000000e+02   0.0000000e+00   3.9847276e-04
   1.5100000e+02   0.0000000e+00   3.8914231e-04
   1.5200000e+02   1.0000000e+00   3.8003326e-04
   1.5300000e+02   0.0000000e+00   3.7114017e-04
   1.5400000e+02   1.0000000e+00   3.6245777e-04
   1.5500000e+02   0.0000000e+00   3.5398090e-04
   1.5600000e+02   1.0000000e+00   3.4570454e-04
   1.5700000e+02   0.0000000e+00   3.3762382e-04
   1.5800000e+02   1.0000000e+00   3.2973397e-04
   1.5900000e+02   1.0000000e+00   3.2203038e-04
   1.6000000e+02   1.0000000e+00   3.1450851e-04
   1.6100000e+02   0.0000000e+00   3.0716399e-04
   1.6200000e+02   0.0000000e+00   2.9999253e-04
   1.6300000e+02   0.0000000e+00   2.9298995e-04
   1.6400000e+02   0.0000000e+00   2.8615219e-04
   1.6500000e+02   0.0000000e+00   2.7947528e-04
   1.6600000e+02   0.0000000e+00   2.7295537e-04
   1.6700000e+02   0.0000000e+00   2.6658868e-04
   1.6800000e+02   0.0000000e+00   2.6037156e-04
   1.6900000e+02   1.0000000e+00   2.5430041e-04
   1.7000000e+02   1.0000000e+00   2.4837175e-04
   1.7100000e+02   0.0000000e+00   2.4258218e-04
   1.7200000e+02   0.0000000e+00   2.3692838e-04
   1.7300000e+02   0.0000000e+00   2.3140712e-04
   1.7400000e+02   0.0000000e+00   2.2601524e-04
   1.7500000e+02   0.0000000e+00   2.2074967e-04
   1.7600000e+02   0.0000000e+00   2.1560740e-04
   1.7700000e+02   0.0000000e+00   2.1058552e-04
   1.7800000e+02   0.0000000e+00   2.0568116e-04
   1.7900000e+02   0.0000000e+00   2.0089154e-04
   1.8000000e+02   1.0000000e+00   1.9621395e-04
   1.8100000e+02   0.0000000e+00   1.9164573e-04
   1.8200000e+02   0.0000000e+00   1.8718429e-04
   1.8300000e+02   0.0000000e+00   1.8282713e-04
   1.8400000e+02   0.0000000e+00   1.7857176e-04
   1.8500000e+02   0.0000000e+00   1.7441580e-04
   1.8600000e+02   1.0000000e+00   1.7035689e-04
   1.8700000e+02   0.0000000e+00   1.6639275e-04
   1.8800000e+02   0.0000000e+00   1.6252116e-04
   1.8900000e+02   0.0000000e+00   1.5873992e-04
   1.9000000e+02   1.0000000e+00   1.5504691e-04
   1.9100000e+02   0.0000000e+00   1.5144006e-04
   1.9200000e+02   1.0000000e+00   1.4791735e-04
   1.9300000e+02   0.0000000e+00   1.4447679e-04
   1.9400000e+02   0.0000000e+00   1.4111646e-04
   1.9500000e+02   0.0000000e+00   1.3783448e-04
   1.9600000e+02   0.0000000e+00   1.3462900e-04
   1.9700000e+02   0.0000000e+00   1.3149824e-04
   1.9800000e+02   0.0000000e+00   1.2844043e-04
   1.9900000e+02   0.0000000e+00   1.2545387e-04
   2.0000000e+02   0.0000000e+00   1.2253690e-04
   2.0100000e+02   0.0000000e+00   1.1968788e-04
   2.0200000e+02   0.0000000e+00   1.1690522e-04
   2.0300000e+02   0.0000000e+00   1.1418736e-04
   2.0400000e+02   0.0000000e+00   1.1153280e-04
   2.0500000e+02   0.0000000e+00   1.0894005e-04
   2.0600000e+02   0.0000000e+00   1.0640766e-04
   2.0700000e+02   0.0000000e+00   1.0393423e-04
   2.0800000e+02   0.0000000e+00   1.0151838e-04
   2.0900000e+02   0.0000000e+00   9.9158753e-05
   2.1000000e+02   0.0000000e+00   9.6854046e-05
   2.1100000e+02   0.0000000e+00   9.4602975e-05
   2.1200000e+02   0.0000000e+00   9.2404286e-05
   2.1300000e+02   0.0000000e+00   9.0256757e-05
   2.1400000e+02   0.0000000e+00   8.8159194e-05
   2.1500000e+02   1.0000000e+00   8.6110430e-05
