   1.0000000e+00   2.5000000e+01   5.0113623e-02
   2.0000000e+00   2.7000000e+01   4.6091340e-02
   3.0000000e+00   2.1000000e+01   4.2483876e-02
   4.0000000e+00   1.5000000e+01   3.9244957e-02
   5.0000000e+00   1.5000000e+01   3.6333570e-02
   6.0000000e+00   1.6000000e+01   3.3713369e-02
   7.0000000e+00   1.4000000e+01   3.1352139e-02
   8.0000000e+00   1.6000000e+01   2.9221321e-02
   9.0000000e+00   1.3000000e+01   2.7295599e-02
   1.0000000e+01   1.2000000e+01   2.5552526e-02
   1.1000000e+01   1.8000000e+01   2.3972198e-02
   1.2000000e+01   9.0000000e+00   2.2536964e-02
   1.3000000e+01   9.0000000e+00   2.1231165e-02
   1.4000000e+01   9.0000000e+00   2.0040911e-02
   1.5000000e+01   1.0000000e+01   1.8953879e-02
   1.6000000e+01   1.1000000e+01   1.7959131e-02
   1.7000000e+01   5.0000000e+00   1.7046958e-02
   1.8000000e+01   1.1000000e+01   1.6208740e-02
   1.9000000e+01   1.0000000e+01   1.5436822e-02
   2.0000000e+01   1.0000000e+01   1.4724404e-02
   2.1000000e+01   5.0000000e+00   1.4065442e-02
   2.2000000e+01   9.0000000e+00   1.3454566e-02
   2.3000000e+01   4.0000000e+00   1.2886999e-02
   2.4000000e+01   2.0000000e+00   1.2358492e-02
   2.5000000e+01   4.0000000e+00   1.1865263e-02
   2.6000000e+01   7.0000000e+00   1.1403946e-02
   2.7000000e+01   6.0000000e+00   1.0971541e-02
   2.8000000e+01   6.0000000e+00   1.0565375e-02
   2.9000000e+01   7.0000000e+00   1.0183064e-02
   3.0000000e+01   7.0000000e+00   9.8224802e-03
   3.1000000e+01   2.0000000e+00   9.4817231e-03
   3.2000000e+01   1.0000000e+00   9.1590946e-03
   3.3000000e+01   3.0000000e+00   8.8530756e-03
   3.4000000e+01   5.0000000e+00   8.5623060e-03
   3.5000000e+01   6.0000000e+00   8.2855671e-03
   3.6000000e+01   4.0000000e+00   8.0217657e-03
   3.7000000e+01   6.0000000e+00   7.7699200e-03
   3.8000000e+01   1.0000000e+00   7.5291475e-03
   3.9000000e+01   1.0000000e+00   7.2986536e-03
   4.0000000e+01   4.0000000e+00   7.0777220e-03
   4.1000000e+01   5.0000000e+00   6.8657064e-03
   4.2000000e+01   4.0000000e+00   6.6620223e-03
   4.3000000e+01   4.0000000e+00   6.4661407e-03
   4.4000000e+01   6.0000000e+00   6.2775816e-03
   4.5000000e+01   0.0000000e+00   6.0959093e-03
   4.6000000e+01   3.0000000e+00   5.9207268e-03
   4.7000000e+01   2.0000000e+00   5.7516725e-03
   4.8000000e+01   4.0000000e+00   5.5884160e-03
   4.9000000e+01   1.0000000e+00   5.4306545e-03
   5.0000000e+01   2.0000000e+00   5.2781107e-03
   5.1000000e+01   1.0000000e+00   5.1305294e-03
   5.2000000e+01   1.0000000e+00   4.9876755e-03
   5.3000000e+01   3.0000000e+00   4.8493320e-03
   5.4000000e+01   5.0000000e+00   4.7152983e-03
   5.5000000e+01   0.0000000e+00   4.5853880e-03
   5.6000000e+01   0.0000000e+00   4.4594280e-03
   5.7000000e+01   3.0000000e+00   4.3372572e-03
   5.8000000e+01   3.0000000e+00   4.2187250e-03
   5.9000000e+01   2.0000000e+00   4.1036905e-03
   6.0000000e+01   1.0000000e+00   3.9920218e-03
   6.1000000e+01   2.0000000e+00   3.8835946e-03
   6.2000000e+01   4.0000000e+00   3.7782923e-03
   6.3000000e+01   2.0000000e+00   3.6760044e-03
   6.4000000e+01   1.0000000e+00   3.5766269e-03
   6.5000000e+01   0.0000000e+00   3.4800609e-03
   6.6000000e+01   2.0000000e+00   3.3862129e-03
   6.7000000e+01   3.0000000e+00   3.2949938e-03
   6.8000000e+01   1.0000000e+00   3.2063189e-03
   6.9000000e+01   0.0000000e+00   3.1201074e-03
   7.0000000e+01   1.0000000e+00   3.0362821e-03
   7.1000000e+01   2.0000000e+00   2.9547693e-03
   7.2000000e+01   1.0000000e+00   2.8754982e-03
   7.3000000e+01   0.0000000e+00   2.7984012e-03
   7.4000000e+01   0.0000000e+00   2.7234133e-03
   7.5000000e+01   3.0000000e+00   2.6504720e-03
   7.6000000e+01   1.0000000e+00   2.5795171e-03
   7.7000000e+01   5.0000000e+00   2.5104910e-03
   7.8000000e+01   2.0000000e+00   2.4433377e-03
   7.9000000e+01   1.0000000e+00   2.3780035e-03
   8.0000000e+01   1.0000000e+00   2.3144367e-03
   8.1000000e+01   2.0000000e+00   2.2525869e-03
   8.2000000e+01   3.0000000e+00   2.1924059e-03
   8.3000000e+01   0.0000000e+00   2.1338468e-03
   8.4000000e+01   0.0000000e+00   2.0768642e-03
   8.5000000e+01   1.0000000e+00   2.0214143e-03
   8.6000000e+01   0.0000000e+00   1.9674546e-03
   8.7000000e+01   1.0000000e+00   1.9149440e-03
   8.8000000e+01   1.0000000e+00   1.8638425e-03
   8.9000000e+01   0.0000000e+00   1.8141115e-03
   9.0000000e+01   1.0000000e+00   1.7657134e-03
   9.1000000e+01   2.0000000e+00   1.7186119e-03
   9.2000000e+01   1.0000000e+00   1.6727714e-03
   9.3000000e+01   1.0000000e+00   1.6281579e-03
   9.4000000e+01   0.0000000e+00   1.5847379e-03
   9.5000000e+01   1.0000000e+00   1.5424791e-03
   9.6000000e+01   0.0000000e+00   1.5013501e-03
   9.7000000e+01   1.0000000e+00   1.4613204e-03
   9.8000000e+01   1.0000000e+00   1.4223602e-03
   9.9000000e+01   1.0000000e+00   1.3844407e-03
   1.0000000e+02   1.0000000e+00   1.3475339e-03
   1.0100000e+02   3.0000000e+00   1.3116126e-03
   1.0200000e+02   2.0000000e+00   1.2766502e-03
   1.0300000e+02   3.0000000e+00   1.2426210e-03
   1.0400000e+02   1.0000000e+00   1.2094999e-03
   1.0500000e+02   0.0000000e+00   1.1772627e-03
   1.0600000e+02   1.0000000e+00   1.1458855e-03
   1.0700000e+02   0.0000000e+00   1.1153454e-03
   1.0800000e+02   0.0000000e+00   1.0856199e-03
   1.0900000e+02   0.0000000e+00   1.0566872e-03
   1.1000000e+02   1.0000000e+00   1.0285261e-03
   1.1100000e+02   1.0000000e+00   1.0011160e-03
   1.1200000e+02   0.0000000e+00   9.7443684e-04
   1.1300000e+02   0.0000000e+00   9.4846898e-04
   1.1400000e+02   1.0000000e+00   9.2319347e-04
   1.1500000e+02   0.0000000e+00   8.9859181e-04
   1.1600000e+02   0.0000000e+00   8.7464600e-04
   1.1700000e+02   1.0000000e+00   8.5133852e-04
   1.1800000e+02   0.0000000e+00   8.2865234e-04
   1.1900000e+02   0.0000000e+00   8.0657087e-04
   1.2000000e+02   0.0000000e+00   7.8507797e-04
   1.2100000e+02   0.0000000e+00   7.6415794e-04
   1.2200000e+02   0.0000000e+00   7.4379548e-04
   1.2300000e+02   1.0000000e+00   7.2397573e-04
   1.2400000e+02   1.0000000e+00   7.0468421e-04
   1.2500000e+02   0.0000000e+00   6.8590683e-04
   1.2600000e+02   1.0000000e+00   6.6762988e-04
   1.2700000e+02   1.0000000e+00   6.4984001e-04
   1.2800000e+02   0.0000000e+00   6.3252423e-04
   1.2900000e+02   0.0000000e+00   6.1566991e-04
   1.3000000e+02   0.0000000e+00   5.9926473e-04
   1.3100000e+02   0.0000000e+00   5.8329673e-04
   1.3200000e+02   0.0000000e+00   5.6775424e-04
   1.3300000e+02   0.0000000e+00   5.5262594e-04
   1.3400000e+02   0.0000000e+00   5.3790077e-04
   1.3500000e+02   0.0000000e+00   5.2356799e-04
   1.3600000e+02   0.0000000e+00   5.0961713e-04
   1.3700000e+02   1.0000000e+00   4.9603803e-04
   1.3800000e+02   0.0000000e+00   4.8282078e-04
   1.3900000e+02   0.0000000e+00   4.6995571e-04
   1.4000000e+02   0.0000000e+00   4.5743347e-04
   1.4100000e+02   0.0000000e+00   4.4524489e-04
   1.4200000e+02   0.0000000e+00   4.3338110e-04
   1.4300000e+02   0.0000000e+00   4.2183343e-04
   1.4400000e+02   0.0000000e+00   4.1059347e-04
   1.4500000e+02   0.0000000e+00   3.9965301e-04
   1.4600000e+02   0.0000000e+00   3.8900407e-04
   1.4700000e+02   1.0000000e+00   3.7863888e-04
   1.4800000e+02   0.0000000e+00   3.6854988e-04
   1.4900000e+02   0.0000000e+00   3.5872971e-04
   1.5000000e+02   0.0000000e+00   3.4917121e-04
   1.5100000e+02   0.0000000e+00   3.3986740e-04
   1.5200000e+02   0.0000000e+00   3.3081150e-04
   1.5300000e+02   0.0000000e+00   3.2199690e-04
   1.5400000e+02   0.0000000e+00   3.1341717e-04
   1.5500000e+02   1.0000000e+00   3.0506606e-04
   1.5600000e+02   0.0000000e+00   2.9693746e-04
   1.5700000e+02   0.0000000e+00   2.8902545e-04
   1.5800000e+02   0.0000000e+00   2.8132427e-04
   1.5900000e+02   0.0000000e+00   2.7382829e-04
   1.6000000e+02   0.0000000e+00   2.6653204e-04
   1.6100000e+02   0.0000000e+00   2.5943020e-04
   1.6200000e+02   0.0000000e+00   2.5251760e-04
   1.6300000e+02   0.0000000e+00   2.4578918e-04
   1.6400000e+02   0.0000000e+00   2.3924005e-04
   1.6500000e+02   0.0000000e+00   2.3286542e-04
   1.6600000e+02   0.0000000e+00   2.2666064e-04
   1.6700000e+02   0.0000000e+00   2.2062120e-04
   1.6800000e+02   1.0000000e+00   2.1474267e-04
   1.6900000e+02   0.0000000e+00   2.0902079e-04
   1.7000000e+02   0.0000000e+00   2.0345136e-04
   1.7100000e+02   0.0000000e+00   1.9803034e-04
   1.7200000e+02   1.0000000e+00   1.9275376e-04
   1.7300000e+02   1.0000000e+00   1.8761777e-04
   1.7400000e+02   0.0000000e+00   1.8261864e-04
   1.7500000e+02   0.0000000e+00   1.7775271e-04
   1.7600000e+02   0.0000000e+00   1.7301643e-04
   1.7700000e+02   0.0000000e+00   1.6840636e-04
   1.7800000e+02   0.0000000e+00   1.6391912e-04
   1.7900000e+02   0.0000000e+00   1.5955144e-04
   1.8000000e+02   0.0000000e+00   1.5530014e-04
   1.8100000e+02   0.0000000e+00   1.5116212e-04
   1.8200000e+02   0.0000000e+00   1.4713436e-04
   1.8300000e+02   0.0000000e+00   1.4321392e-04
   1.8400000e+02   0.0000000e+00   1.3939795e-04
   1.8500000e+02   0.0000000e+00   1.3568364e-04
   1.8600000e+02   0.0000000e+00   1.3206831e-04
   1.8700000e+02   0.0000000e+00   1.2854931e-04
   1.8800000e+02   0.0000000e+00   1.2512408e-04
   1.8900000e+02   0.0000000e+00   1.2179011e-04
   1.9000000e+02   0.0000000e+00   1.1854497e-04
   1.9100000e+02   0.0000000e+00   1.1538631e-04
   1.9200000e+02   0.0000000e+00   1.1231180e-04
   1.9300000e+02   0.0000000e+00   1.0931922e-04
   1.9400000e+02   0.0000000e+00   1.0640638e-04
   1.9500000e+02   0.0000000e+00   1.0357115e-04
   1.9600000e+02   0.0000000e+00   1.0081146e-04
   1.9700000e+02   1.0000000e+00   9.8125313e-05
   1.9800000e+02   0.0000000e+00   9.5510735e-05
   1.9900000e+02   0.0000000e+00   9.2965822e-05
   2.0000000e+02   0.0000000e+00   9.0488720e-05
   2.0100000e+02   0.0000000e+00   8.8077621e-05
   2.0200000e+02   0.0000000e+00   8.5730766e-05
   2.0300000e+02   0.0000000e+00   8.3446444e-05
   2.0400000e+02   0.0000000e+00   8.1222989e-05
   2.0500000e+02   0.0000000e+00   7.9058778e-05
   2.0600000e+02   0.0000000e+00   7.6952233e-05
   2.0700000e+02   0.0000000e+00   7.4901818e-05
   2.0800000e+02   0.0000000e+00   7.2906036e-05
   2.0900000e+02   0.0000000e+00   7.0963433e-05
   2.1000000e+02   0.0000000e+00   6.9072591e-05
   2.1100000e+02   0.0000000e+00   6.7232131e-05
   2.1200000e+02   0.0000000e+00   6.5440711e-05
   2.1300000e+02   0.0000000e+00   6.3697024e-05
   2.1400000e+02   0.0000000e+00   6.1999797e-05
   2.1500000e+02   0.0000000e+00   6.0347794e-05
   2.1600000e+02   0.0000000e+00   5.8739809e-05
   2.1700000e+02   0.0000000e+00   5.7174669e-05
   2.1800000e+02   0.0000000e+00   5.5651233e-05
   2.1900000e+02   0.0000000e+00   5.4168389e-05
   2.2000000e+02   0.0000000e+00   5.2725056e-05
   2.2100000e+02   0.0000000e+00   5.1320181e-05
   2.2200000e+02   0.0000000e+00   4.9952740e-05
   2.2300000e+02   0.0000000e+00   4.8621734e-05
   2.2400000e+02   0.0000000e+00   4.7326193e-05
   2.2500000e+02   0.0000000e+00   4.6065173e-05
   2.2600000e+02   0.0000000e+00   4.4837752e-05
   2.2700000e+02   0.0000000e+00   4.3643037e-05
   2.2800000e+02   1.0000000e+00   4.2480155e-05
