   1.0000000e+00   3.0000000e+00   9.4227374e-03
   2.0000000e+00   5.0000000e+00   9.3339494e-03
   3.0000000e+00   4.0000000e+00   9.2459981e-03
   4.0000000e+00   4.0000000e+00   9.1588754e-03
   5.0000000e+00   4.0000000e+00   9.0725738e-03
   6.0000000e+00   9.0000000e+00   8.9870853e-03
   7.0000000e+00   7.0000000e+00   8.9024023e-03
   8.0000000e+00   6.0000000e+00   8.8185173e-03
   9.0000000e+00   5.0000000e+00   8.7354228e-03
   1.0000000e+01   4.0000000e+00   8.6531112e-03
   1.1000000e+01   4.0000000e+00   8.5715752e-03
   1.2000000e+01   7.0000000e+00   8.4908075e-03
   1.3000000e+01   2.0000000e+00   8.4108008e-03
   1.4000000e+01   5.0000000e+00   8.3315481e-03
   1.5000000e+01   3.0000000e+00   8.2530421e-03
   1.6000000e+01   3.0000000e+00   8.1752758e-03
   1.7000000e+01   6.0000000e+00   8.0982423e-03
   1.8000000e+01   0.0000000e+00   8.0219347e-03
   1.9000000e+01   3.0000000e+00   7.9463462e-03
   2.0000000e+01   2.0000000e+00   7.8714698e-03
   2.1000000e+01   4.0000000e+00   7.7972990e-03
   2.2000000e+01   0.0000000e+00   7.7238271e-03
   2.3000000e+01   4.0000000e+00   7.6510475e-03
   2.4000000e+01   6.0000000e+00   7.5789537e-03
   2.5000000e+01   4.0000000e+00   7.5075392e-03
   2.6000000e+01   0.0000000e+00   7.4367977e-03
   2.7000000e+01   3.0000000e+00   7.3667227e-03
   2.8000000e+01   2.0000000e+00   7.2973080e-03
   2.9000000e+01   2.0000000e+00   7.2285474e-03
   3.0000000e+01   2.0000000e+00   7.1604347e-03
   3.1000000e+01   8.0000000e+00   7.0929638e-03
   3.2000000e+01   6.0000000e+00   7.0261286e-03
   3.3000000e+01   2.0000000e+00   6.9599233e-03
   3.4000000e+01   1.0000000e+00   6.8943417e-03
   3.5000000e+01   5.0000000e+00   6.8293782e-03
   3.6000000e+01   4.0000000e+00   6.7650267e-03
   3.7000000e+01   3.0000000e+00   6.7012817e-03
   3.8000000e+01   1.0000000e+00   6.6381372e-03
   3.9000000e+01   5.0000000e+00   6.5755878e-03
   4.0000000e+01   6.0000000e+00   6.5136278e-03
   4.1000000e+01   0.0000000e+00   6.4522516e-03
   4.2000000e+01   3.0000000e+00   6.3914537e-03
   4.3000000e+01   5.0000000e+00   6.3312287e-03
   4.4000000e+01   3.0000000e+00   6.2715712e-03
   4.5000000e+01   1.0000000e+00   6.2124758e-03
   4.6000000e+01   2.0000000e+00   6.1539373e-03
   4.7000000e+01   2.0000000e+00   6.0959504e-03
   4.8000000e+01   2.0000000e+00   6.0385098e-03
   4.9000000e+01   0.0000000e+00   5.9816105e-03
   5.0000000e+01   2.0000000e+00   5.9252474e-03
   5.1000000e+01   4.0000000e+00   5.8694153e-03
   5.2000000e+01   0.0000000e+00   5.8141094e-03
   5.3000000e+01   3.0000000e+00   5.7593246e-03
   5.4000000e+01   2.0000000e+00   5.7050560e-03
   5.5000000e+01   2.0000000e+00   5.6512987e-03
   5.6000000e+01   4.0000000e+00   5.5980480e-03
   5.7000000e+01   0.0000000e+00   5.5452991e-03
   5.8000000e+01   4.0000000e+00   5.4930472e-03
   5.9000000e+01   1.0000000e+00   5.4412876e-03
   6.0000000e+01   3.0000000e+00   5.3900158e-03
   6.1000000e+01   2.0000000e+00   5.3392271e-03
   6.2000000e+01   2.0000000e+00   5.2889170e-03
   6.3000000e+01   2.0000000e+00   5.2390809e-03
   6.4000000e+01   4.0000000e+00   5.1897144e-03
   6.5000000e+01   6.0000000e+00   5.1408131e-03
   6.6000000e+01   3.0000000e+00   5.0923726e-03
   6.7000000e+01   4.0000000e+00   5.0443885e-03
   6.8000000e+01   1.0000000e+00   4.9968565e-03
   6.9000000e+01   6.0000000e+00   4.9497725e-03
   7.0000000e+01   3.0000000e+00   4.9031321e-03
   7.1000000e+01   3.0000000e+00   4.8569311e-03
   7.2000000e+01   2.0000000e+00   4.8111655e-03
   7.3000000e+01   0.0000000e+00   4.7658312e-03
   7.4000000e+01   2.0000000e+00   4.7209240e-03
   7.5000000e+01   0.0000000e+00   4.6764400e-03
   7.6000000e+01   3.0000000e+00   4.6323751e-03
   7.7000000e+01   3.0000000e+00   4.5887255e-03
   7.8000000e+01   2.0000000e+00   4.5454871e-03
   7.9000000e+01   2.0000000e+00   4.5026562e-03
   8.0000000e+01   2.0000000e+00   4.4602288e-03
   8.1000000e+01   2.0000000e+00   4.4182013e-03
   8.2000000e+01   4.0000000e+00   4.3765697e-03
   8.3000000e+01   4.0000000e+00   4.3353305e-03
   8.4000000e+01   2.0000000e+00   4.2944798e-03
   8.5000000e+01   4.0000000e+00   4.2540140e-03
   8.6000000e+01   4.0000000e+00   4.2139296e-03
   8.7000000e+01   2.0000000e+00   4.1742228e-03
   8.8000000e+01   3.0000000e+00   4.1348902e-03
   8.9000000e+01   1.0000000e+00   4.0959282e-03
   9.0000000e+01   2.0000000e+00   4.0573334e-03
   9.1000000e+01   0.0000000e+00   4.0191022e-03
   9.2000000e+01   3.0000000e+00   3.9812312e-03
   9.3000000e+01   4.0000000e+00   3.9437171e-03
   9.4000000e+01   5.0000000e+00   3.9065565e-03
   9.5000000e+01   2.0000000e+00   3.8697461e-03
   9.6000000e+01   1.0000000e+00   3.8332825e-03
   9.7000000e+01   4.0000000e+00   3.7971625e-03
   9.8000000e+01   0.0000000e+00   3.7613828e-03
   9.9000000e+01   0.0000000e+00   3.7259403e-03
   1.0000000e+02   2.0000000e+00   3.6908317e-03
   1.0100000e+02   1.0000000e+00   3.6560540e-03
   1.0200000e+02   3.0000000e+00   3.6216039e-03
   1.0300000e+02   5.0000000e+00   3.5874785e-03
   1.0400000e+02   3.0000000e+00   3.5536746e-03
   1.0500000e+02   0.0000000e+00   3.5201893e-03
   1.0600000e+02   6.0000000e+00   3.4870195e-03
   1.0700000e+02   1.0000000e+00   3.4541622e-03
   1.0800000e+02   3.0000000e+00   3.4216145e-03
   1.0900000e+02   1.0000000e+00   3.3893736e-03
   1.1000000e+02   1.0000000e+00   3.3574364e-03
   1.1100000e+02   2.0000000e+00   3.3258002e-03
   1.1200000e+02   0.0000000e+00   3.2944620e-03
   1.1300000e+02   0.0000000e+00   3.2634192e-03
   1.1400000e+02   4.0000000e+00   3.2326688e-03
   1.1500000e+02   3.0000000e+00   3.2022082e-03
   1.1600000e+02   1.0000000e+00   3.1720347e-03
   1.1700000e+02   0.0000000e+00   3.1421454e-03
   1.1800000e+02   0.0000000e+00   3.1125378e-03
   1.1900000e+02   1.0000000e+00   3.0832092e-03
   1.2000000e+02   1.0000000e+00   3.0541569e-03
   1.2100000e+02   2.0000000e+00   3.0253784e-03
   1.2200000e+02   3.0000000e+00   2.9968710e-03
   1.2300000e+02   3.0000000e+00   2.9686323e-03
   1.2400000e+02   1.0000000e+00   2.9406597e-03
   1.2500000e+02   1.0000000e+00   2.9129506e-03
   1.2600000e+02   1.0000000e+00   2.8855026e-03
   1.2700000e+02   4.0000000e+00   2.8583133e-03
   1.2800000e+02   2.0000000e+00   2.8313802e-03
   1.2900000e+02   0.0000000e+00   2.8047008e-03
   1.3000000e+02   1.0000000e+00   2.7782729e-03
   1.3100000e+02   4.0000000e+00   2.7520939e-03
   1.3200000e+02   0.0000000e+00   2.7261617e-03
   1.3300000e+02   0.0000000e+00   2.7004738e-03
   1.3400000e+02   2.0000000e+00   2.6750279e-03
   1.3500000e+02   1.0000000e+00   2.6498218e-03
   1.3600000e+02   3.0000000e+00   2.6248532e-03
   1.3700000e+02   2.0000000e+00   2.6001199e-03
   1.3800000e+02   1.0000000e+00   2.5756197e-03
   1.3900000e+02   1.0000000e+00   2.5513503e-03
   1.4000000e+02   1.0000000e+00   2.5273096e-03
   1.4100000e+02   2.0000000e+00   2.5034954e-03
   1.4200000e+02   1.0000000e+00   2.4799056e-03
   1.4300000e+02   0.0000000e+00   2.4565381e-03
   1.4400000e+02   0.0000000e+00   2.4333908e-03
   1.4500000e+02   0.0000000e+00   2.4104616e-03
   1.4600000e+02   1.0000000e+00   2.3877485e-03
   1.4700000e+02   1.0000000e+00   2.3652494e-03
   1.4800000e+02   0.0000000e+00   2.3429622e-03
   1.4900000e+02   1.0000000e+00   2.3208851e-03
   1.5000000e+02   3.0000000e+00   2.2990160e-03
   1.5100000e+02   0.0000000e+00   2.2773530e-03
   1.5200000e+02   1.0000000e+00   2.2558941e-03
   1.5300000e+02   1.0000000e+00   2.2346374e-03
   1.5400000e+02   1.0000000e+00   2.2135810e-03
   1.5500000e+02   0.0000000e+00   2.1927230e-03
   1.5600000e+02   0.0000000e+00   2.1720616e-03
   1.5700000e+02   1.0000000e+00   2.1515948e-03
   1.5800000e+02   0.0000000e+00   2.1313209e-03
   1.5900000e+02   1.0000000e+00   2.1112380e-03
   1.6000000e+02   2.0000000e+00   2.0913444e-03
   1.6100000e+02   0.0000000e+00   2.0716382e-03
   1.6200000e+02   0.0000000e+00   2.0521177e-03
   1.6300000e+02   0.0000000e+00   2.0327811e-03
   1.6400000e+02   2.0000000e+00   2.0136267e-03
   1.6500000e+02   0.0000000e+00   1.9946529e-03
   1.6600000e+02   2.0000000e+00   1.9758578e-03
   1.6700000e+02   1.0000000e+00   1.9572398e-03
   1.6800000e+02   1.0000000e+00   1.9387972e-03
   1.6900000e+02   0.0000000e+00   1.9205285e-03
   1.7000000e+02   4.0000000e+00   1.9024318e-03
   1.7100000e+02   1.0000000e+00   1.8845057e-03
   1.7200000e+02   0.0000000e+00   1.8667485e-03
   1.7300000e+02   0.0000000e+00   1.8491586e-03
   1.7400000e+02   0.0000000e+00   1.8317345e-03
   1.7500000e+02   0.0000000e+00   1.8144745e-03
   1.7600000e+02   1.0000000e+00   1.7973772e-03
   1.7700000e+02   2.0000000e+00   1.7804410e-03
   1.7800000e+02   0.0000000e+00   1.7636644e-03
   1.7900000e+02   0.0000000e+00   1.7470458e-03
   1.8000000e+02   0.0000000e+00   1.7305839e-03
   1.8100000e+02   1.0000000e+00   1.7142770e-03
   1.8200000e+02   1.0000000e+00   1.6981239e-03
   1.8300000e+02   1.0000000e+00   1.6821229e-03
   1.8400000e+02   1.0000000e+00   1.6662727e-03
   1.8500000e+02   1.0000000e+00   1.6505718e-03
   1.8600000e+02   0.0000000e+00   1.6350189e-03
   1.8700000e+02   5.0000000e+00   1.6196126e-03
   1.8800000e+02   1.0000000e+00   1.6043514e-03
   1.8900000e+02   1.0000000e+00   1.5892340e-03
   1.9000000e+02   0.0000000e+00   1.5742591e-03
   1.9100000e+02   3.0000000e+00   1.5594252e-03
   1.9200000e+02   0.0000000e+00   1.5447312e-03
   1.9300000e+02   0.0000000e+00   1.5301756e-03
   1.9400000e+02   1.0000000e+00   1.5157571e-03
   1.9500000e+02   0.0000000e+00   1.5014746e-03
   1.9600000e+02   0.0000000e+00   1.4873266e-03
   1.9700000e+02   0.0000000e+00   1.4733119e-03
   1.9800000e+02   0.0000000e+00   1.4594292e-03
   1.9900000e+02   0.0000000e+00   1.4456774e-03
   2.0000000e+02   0.0000000e+00   1.4320552e-03
   2.0100000e+02   1.0000000e+00   1.4185613e-03
   2.0200000e+02   2.0000000e+00   1.4051946e-03
   2.0300000e+02   1.0000000e+00   1.3919538e-03
   2.0400000e+02   2.0000000e+00   1.3788378e-03
   2.0500000e+02   1.0000000e+00   1.3658454e-03
   2.0600000e+02   2.0000000e+00   1.3529753e-03
   2.0700000e+02   0.0000000e+00   1.3402266e-03
   2.0800000e+02   1.0000000e+00   1.3275980e-03
   2.0900000e+02   1.0000000e+00   1.3150884e-03
   2.1000000e+02   1.0000000e+00   1.3026967e-03
   2.1100000e+02   1.0000000e+00   1.2904217e-03
   2.1200000e+02   1.0000000e+00   1.2782624e-03
   2.1300000e+02   1.0000000e+00   1.2662177e-03
   2.1400000e+02   1.0000000e+00   1.2542864e-03
   2.1500000e+02   1.0000000e+00   1.2424676e-03
   2.1600000e+02   0.0000000e+00   1.2307602e-03
   2.1700000e+02   1.0000000e+00   1.2191630e-03
   2.1800000e+02   2.0000000e+00   1.2076752e-03
   2.1900000e+02   1.0000000e+00   1.1962956e-03
   2.2000000e+02   1.0000000e+00   1.1850232e-03
   2.2100000e+02   0.0000000e+00   1.1738570e-03
   2.2200000e+02   0.0000000e+00   1.1627961e-03
   2.2300000e+02   0.0000000e+00   1.1518394e-03
   2.2400000e+02   0.0000000e+00   1.1409859e-03
   2.2500000e+02   1.0000000e+00   1.1302347e-03
   2.2600000e+02   1.0000000e+00   1.1195848e-03
   2.2700000e+02   1.0000000e+00   1.1090352e-03
   2.2800000e+02   0.0000000e+00   1.0985851e-03
   2.2900000e+02   1.0000000e+00   1.0882334e-03
   2.3000000e+02   0.0000000e+00   1.0779793e-03
   2.3100000e+02   0.0000000e+00   1.0678217e-03
   2.3200000e+02   0.0000000e+00   1.0577599e-03
   2.3300000e+02   2.0000000e+00   1.0477930e-03
   2.3400000e+02   2.0000000e+00   1.0379199e-03
   2.3500000e+02   1.0000000e+00   1.0281398e-03
   2.3600000e+02   1.0000000e+00   1.0184519e-03
   2.3700000e+02   0.0000000e+00   1.0088553e-03
   2.3800000e+02   2.0000000e+00   9.9934915e-04
   2.3900000e+02   0.0000000e+00   9.8993255e-04
   2.4000000e+02   0.0000000e+00   9.8060467e-04
   2.4100000e+02   0.0000000e+00   9.7136469e-04
   2.4200000e+02   0.0000000e+00   9.6221178e-04
   2.4300000e+02   0.0000000e+00   9.5314511e-04
   2.4400000e+02   1.0000000e+00   9.4416387e-04
   2.4500000e+02   0.0000000e+00   9.3526726e-04
   2.4600000e+02   0.0000000e+00   9.2645449e-04
   2.4700000e+02   0.0000000e+00   9.1772475e-04
   2.4800000e+02   0.0000000e+00   9.0907727e-04
   2.4900000e+02   0.0000000e+00   9.0051127e-04
   2.5000000e+02   0.0000000e+00   8.9202599e-04
   2.5100000e+02   0.0000000e+00   8.8362066e-04
   2.5200000e+02   0.0000000e+00   8.7529454e-04
   2.5300000e+02   0.0000000e+00   8.6704687e-04
   2.5400000e+02   1.0000000e+00   8.5887691e-04
   2.5500000e+02   0.0000000e+00   8.5078394e-04
   2.5600000e+02   0.0000000e+00   8.4276723e-04
   2.5700000e+02   0.0000000e+00   8.3482605e-04
   2.5800000e+02   0.0000000e+00   8.2695971e-04
   2.5900000e+02   0.0000000e+00   8.1916748e-04
   2.6000000e+02   1.0000000e+00   8.1144868e-04
   2.6100000e+02   0.0000000e+00   8.0380262e-04
   2.6200000e+02   0.0000000e+00   7.9622859e-04
   2.6300000e+02   0.0000000e+00   7.8872594e-04
   2.6400000e+02   1.0000000e+00   7.8129398e-04
   2.6500000e+02   1.0000000e+00   7.7393206e-04
   2.6600000e+02   0.0000000e+00   7.6663950e-04
   2.6700000e+02   0.0000000e+00   7.5941565e-04
   2.6800000e+02   0.0000000e+00   7.5225988e-04
   2.6900000e+02   2.0000000e+00   7.4517153e-04
   2.7000000e+02   0.0000000e+00   7.3814998e-04
   2.7100000e+02   1.0000000e+00   7.3119458e-04
   2.7200000e+02   0.0000000e+00   7.2430473e-04
   2.7300000e+02   0.0000000e+00   7.1747980e-04
   2.7400000e+02   0.0000000e+00   7.1071917e-04
   2.7500000e+02   1.0000000e+00   7.0402225e-04
   2.7600000e+02   1.0000000e+00   6.9738844e-04
   2.7700000e+02   0.0000000e+00   6.9081713e-04
   2.7800000e+02   0.0000000e+00   6.8430774e-04
   2.7900000e+02   1.0000000e+00   6.7785969e-04
   2.8000000e+02   0.0000000e+00   6.7147239e-04
   2.8100000e+02   0.0000000e+00   6.6514529e-04
   2.8200000e+02   0.0000000e+00   6.5887780e-04
   2.8300000e+02   0.0000000e+00   6.5266936e-04
   2.8400000e+02   0.0000000e+00   6.4651943e-04
   2.8500000e+02   0.0000000e+00   6.4042745e-04
   2.8600000e+02   1.0000000e+00   6.3439287e-04
   2.8700000e+02   1.0000000e+00   6.2841515e-04
   2.8800000e+02   0.0000000e+00   6.2249376e-04
   2.8900000e+02   0.0000000e+00   6.1662817e-04
   2.9000000e+02   0.0000000e+00   6.1081784e-04
   2.9100000e+02   1.0000000e+00   6.0506226e-04
   2.9200000e+02   1.0000000e+00   5.9936092e-04
   2.9300000e+02   2.0000000e+00   5.9371330e-04
   2.9400000e+02   0.0000000e+00   5.8811890e-04
   2.9500000e+02   0.0000000e+00   5.8257721e-04
   2.9600000e+02   0.0000000e+00   5.7708773e-04
   2.9700000e+02   1.0000000e+00   5.7164999e-04
   2.9800000e+02   0.0000000e+00   5.6626348e-04
   2.9900000e+02   0.0000000e+00   5.6092773e-04
   3.0000000e+02   1.0000000e+00   5.5564225e-04
   3.0100000e+02   0.0000000e+00   5.5040658e-04
   3.0200000e+02   1.0000000e+00   5.4522025e-04
   3.0300000e+02   1.0000000e+00   5.4008278e-04
   3.0400000e+02   0.0000000e+00   5.3499372e-04
   3.0500000e+02   0.0000000e+00   5.2995262e-04
   3.0600000e+02   0.0000000e+00   5.2495901e-04
   3.0700000e+02   0.0000000e+00   5.2001246e-04
   3.0800000e+02   1.0000000e+00   5.1511252e-04
   3.0900000e+02   1.0000000e+00   5.1025875e-04
   3.1000000e+02   0.0000000e+00   5.0545071e-04
   3.1100000e+02   0.0000000e+00   5.0068799e-04
   3.1200000e+02   0.0000000e+00   4.9597013e-04
   3.1300000e+02   0.0000000e+00   4.9129674e-04
   3.1400000e+02   0.0000000e+00   4.8666738e-04
   3.1500000e+02   0.0000000e+00   4.8208164e-04
   3.1600000e+02   0.0000000e+00   4.7753911e-04
   3.1700000e+02   0.0000000e+00   4.7303938e-04
   3.1800000e+02   1.0000000e+00   4.6858206e-04
   3.1900000e+02   0.0000000e+00   4.6416673e-04
   3.2000000e+02   0.0000000e+00   4.5979301e-04
   3.2100000e+02   0.0000000e+00   4.5546050e-04
   3.2200000e+02   0.0000000e+00   4.5116882e-04
   3.2300000e+02   0.0000000e+00   4.4691757e-04
   3.2400000e+02   0.0000000e+00   4.4270639e-04
   3.2500000e+02   1.0000000e+00   4.3853488e-04
   3.2600000e+02   0.0000000e+00   4.3440268e-04
   3.2700000e+02   0.0000000e+00   4.3030942e-04
   3.2800000e+02   1.0000000e+00   4.2625473e-04
   3.2900000e+02   1.0000000e+00   4.2223824e-04
   3.3000000e+02   0.0000000e+00   4.1825960e-04
   3.3100000e+02   0.0000000e+00   4.1431845e-04
   3.3200000e+02   0.0000000e+00   4.1041444e-04
   3.3300000e+02   0.0000000e+00   4.0654721e-04
   3.3400000e+02   0.0000000e+00   4.0271642e-04
   3.3500000e+02   1.0000000e+00   3.9892173e-04
   3.3600000e+02   0.0000000e+00   3.9516279e-04
   3.3700000e+02   1.0000000e+00   3.9143928e-04
   3.3800000e+02   0.0000000e+00   3.8775085e-04
   3.3900000e+02   0.0000000e+00   3.8409718e-04
   3.4000000e+02   0.0000000e+00   3.8047793e-04
   3.4100000e+02   0.0000000e+00   3.7689278e-04
   3.4200000e+02   0.0000000e+00   3.7334142e-04
   3.4300000e+02   0.0000000e+00   3.6982352e-04
   3.4400000e+02   0.0000000e+00   3.6633877e-04
   3.4500000e+02   0.0000000e+00   3.6288686e-04
   3.4600000e+02   1.0000000e+00   3.5946747e-04
   3.4700000e+02   1.0000000e+00   3.5608031e-04
   3.4800000e+02   0.0000000e+00   3.5272505e-04
   3.4900000e+02   0.0000000e+00   3.4940142e-04
   3.5000000e+02   0.0000000e+00   3.4610910e-04
   3.5100000e+02   0.0000000e+00   3.4284781e-04
   3.5200000e+02   0.0000000e+00   3.3961724e-04
   3.5300000e+02   0.0000000e+00   3.3641712e-04
   3.5400000e+02   0.0000000e+00   3.3324715e-04
   3.5500000e+02   0.0000000e+00   3.3010705e-04
   3.5600000e+02   0.0000000e+00   3.2699653e-04
   3.5700000e+02   0.0000000e+00   3.2391533e-04
   3.5800000e+02   0.0000000e+00   3.2086316e-04
   3.5900000e+02   0.0000000e+00   3.1783975e-04
   3.6000000e+02   0.0000000e+00   3.1484483e-04
   3.6100000e+02   0.0000000e+00   3.1187813e-04
   3.6200000e+02   1.0000000e+00   3.0893939e-04
   3.6300000e+02   0.0000000e+00   3.0602833e-04
   3.6400000e+02   0.0000000e+00   3.0314471e-04
   3.6500000e+02   0.0000000e+00   3.0028825e-04
   3.6600000e+02   0.0000000e+00   2.9745872e-04
   3.6700000e+02   0.0000000e+00   2.9465584e-04
   3.6800000e+02   0.0000000e+00   2.9187938e-04
   3.6900000e+02   0.0000000e+00   2.8912907e-04
   3.7000000e+02   0.0000000e+00   2.8640469e-04
   3.7100000e+02   0.0000000e+00   2.8370597e-04
   3.7200000e+02   0.0000000e+00   2.8103268e-04
   3.7300000e+02   0.0000000e+00   2.7838459e-04
   3.7400000e+02   0.0000000e+00   2.7576144e-04
   3.7500000e+02   0.0000000e+00   2.7316301e-04
   3.7600000e+02   0.0000000e+00   2.7058907e-04
   3.7700000e+02   0.0000000e+00   2.6803938e-04
   3.7800000e+02   0.0000000e+00   2.6551372e-04
   3.7900000e+02   0.0000000e+00   2.6301185e-04
   3.8000000e+02   0.0000000e+00   2.6053356e-04
   3.8100000e+02   0.0000000e+00   2.5807862e-04
   3.8200000e+02   0.0000000e+00   2.5564681e-04
   3.8300000e+02   0.0000000e+00   2.5323792e-04
   3.8400000e+02   0.0000000e+00   2.5085173e-04
   3.8500000e+02   0.0000000e+00   2.4848802e-04
   3.8600000e+02   0.0000000e+00   2.4614658e-04
   3.8700000e+02   0.0000000e+00   2.4382720e-04
   3.8800000e+02   0.0000000e+00   2.4152968e-04
   3.8900000e+02   0.0000000e+00   2.3925381e-04
   3.9000000e+02   0.0000000e+00   2.3699939e-04
   3.9100000e+02   0.0000000e+00   2.3476620e-04
   3.9200000e+02   0.0000000e+00   2.3255406e-04
   3.9300000e+02   0.0000000e+00   2.3036277e-04
   3.9400000e+02   0.0000000e+00   2.2819212e-04
   3.9500000e+02   0.0000000e+00   2.2604193e-04
   3.9600000e+02   0.0000000e+00   2.2391199e-04
   3.9700000e+02   0.0000000e+00   2.2180213e-04
   3.9800000e+02   0.0000000e+00   2.1971215e-04
   3.9900000e+02   0.0000000e+00   2.1764186e-04
   4.0000000e+02   0.0000000e+00   2.1559107e-04
   4.0100000e+02   0.0000000e+00   2.1355962e-04
   4.0200000e+02   1.0000000e+00   2.1154730e-04
   4.0300000e+02   0.0000000e+00   2.0955394e-04
   4.0400000e+02   0.0000000e+00   2.0757937e-04
   4.0500000e+02   1.0000000e+00   2.0562341e-04
   4.0600000e+02   0.0000000e+00   2.0368587e-04
   4.0700000e+02   0.0000000e+00   2.0176659e-04
   4.0800000e+02   0.0000000e+00   1.9986540e-04
   4.0900000e+02   0.0000000e+00   1.9798212e-04
   4.1000000e+02   0.0000000e+00   1.9611659e-04
   4.1100000e+02   0.0000000e+00   1.9426863e-04
   4.1200000e+02   0.0000000e+00   1.9243809e-04
   4.1300000e+02   0.0000000e+00   1.9062480e-04
   4.1400000e+02   0.0000000e+00   1.8882859e-04
   4.1500000e+02   0.0000000e+00   1.8704931e-04
   4.1600000e+02   0.0000000e+00   1.8528679e-04
   4.1700000e+02   1.0000000e+00   1.8354088e-04
   4.1800000e+02   0.0000000e+00   1.8181142e-04
   4.1900000e+02   0.0000000e+00   1.8009826e-04
   4.2000000e+02   0.0000000e+00   1.7840124e-04
   4.2100000e+02   0.0000000e+00   1.7672022e-04
   4.2200000e+02   0.0000000e+00   1.7505503e-04
   4.2300000e+02   0.0000000e+00   1.7340553e-04
   4.2400000e+02   0.0000000e+00   1.7177157e-04
   4.2500000e+02   1.0000000e+00   1.7015302e-04
   4.2600000e+02   0.0000000e+00   1.6854971e-04
   4.2700000e+02   0.0000000e+00   1.6696151e-04
   4.2800000e+02   0.0000000e+00   1.6538828e-04
   4.2900000e+02   0.0000000e+00   1.6382986e-04
   4.3000000e+02   0.0000000e+00   1.6228614e-04
   4.3100000e+02   0.0000000e+00   1.6075696e-04
   4.3200000e+02   0.0000000e+00   1.5924219e-04
   4.3300000e+02   0.0000000e+00   1.5774169e-04
   4.3400000e+02   0.0000000e+00   1.5625533e-04
   4.3500000e+02   1.0000000e+00   1.5478298e-04
   4.3600000e+02   0.0000000e+00   1.5332450e-04
   4.3700000e+02   0.0000000e+00   1.5187976e-04
   4.3800000e+02   0.0000000e+00   1.5044864e-04
   4.3900000e+02   0.0000000e+00   1.4903100e-04
   4.4000000e+02   0.0000000e+00   1.4762672e-04
   4.4100000e+02   0.0000000e+00   1.4623567e-04
   4.4200000e+02   0.0000000e+00   1.4485773e-04
   4.4300000e+02   0.0000000e+00   1.4349278e-04
   4.4400000e+02   0.0000000e+00   1.4214068e-04
   4.4500000e+02   0.0000000e+00   1.4080133e-04
   4.4600000e+02   0.0000000e+00   1.3947460e-04
   4.4700000e+02   0.0000000e+00   1.3816036e-04
   4.4800000e+02   1.0000000e+00   1.3685851e-04
   4.4900000e+02   0.0000000e+00   1.3556893e-04
   4.5000000e+02   0.0000000e+00   1.3429150e-04
   4.5100000e+02   0.0000000e+00   1.3302611e-04
   4.5200000e+02   0.0000000e+00   1.3177264e-04
   4.5300000e+02   0.0000000e+00   1.3053098e-04
   4.5400000e+02   0.0000000e+00   1.2930102e-04
   4.5500000e+02   0.0000000e+00   1.2808265e-04
   4.5600000e+02   0.0000000e+00   1.2687576e-04
   4.5700000e+02   0.0000000e+00   1.2568024e-04
   4.5800000e+02   1.0000000e+00   1.2449599e-04
   4.5900000e+02   0.0000000e+00   1.2332290e-04
   4.6000000e+02   0.0000000e+00   1.2216086e-04
   4.6100000e+02   0.0000000e+00   1.2100977e-04
   4.6200000e+02   0.0000000e+00   1.1986953e-04
   4.6300000e+02   0.0000000e+00   1.1874003e-04
   4.6400000e+02   0.0000000e+00   1.1762117e-04
   4.6500000e+02   0.0000000e+00   1.1651286e-04
   4.6600000e+02   0.0000000e+00   1.1541499e-04
   4.6700000e+02   0.0000000e+00   1.1432746e-04
   4.6800000e+02   0.0000000e+00   1.1325019e-04
   4.6900000e+02   0.0000000e+00   1.1218306e-04
   4.7000000e+02   0.0000000e+00   1.1112599e-04
   4.7100000e+02   0.0000000e+00   1.1007888e-04
   4.7200000e+02   0.0000000e+00   1.0904163e-04
   4.7300000e+02   0.0000000e+00   1.0801416e-04
   4.7400000e+02   0.0000000e+00   1.0699637e-04
   4.7500000e+02   0.0000000e+00   1.0598817e-04
   4.7600000e+02   0.0000000e+00   1.0498947e-04
   4.7700000e+02   0.0000000e+00   1.0400019e-04
   4.7800000e+02   0.0000000e+00   1.0302022e-04
   4.7900000e+02   0.0000000e+00   1.0204949e-04
   4.8000000e+02   0.0000000e+00   1.0108790e-04
   4.8100000e+02   0.0000000e+00   1.0013538e-04
   4.8200000e+02   0.0000000e+00   9.9191828e-05
   4.8300000e+02   0.0000000e+00   9.8257169e-05
   4.8400000e+02   0.0000000e+00   9.7331318e-05
   4.8500000e+02   0.0000000e+00   9.6414190e-05
   4.8600000e+02   0.0000000e+00   9.5505705e-05
   4.8700000e+02   0.0000000e+00   9.4605780e-05
   4.8800000e+02   0.0000000e+00   9.3714334e-05
   4.8900000e+02   0.0000000e+00   9.2831289e-05
   4.9000000e+02   0.0000000e+00   9.1956564e-05
   4.9100000e+02   0.0000000e+00   9.1090081e-05
   4.9200000e+02   0.0000000e+00   9.0231763e-05
   4.9300000e+02   0.0000000e+00   8.9381533e-05
   4.9400000e+02   0.0000000e+00   8.8539314e-05
   4.9500000e+02   0.0000000e+00   8.7705032e-05
   4.9600000e+02   0.0000000e+00   8.6878610e-05
   4.9700000e+02   0.0000000e+00   8.6059976e-05
   4.9800000e+02   0.0000000e+00   8.5249055e-05
   4.9900000e+02   0.0000000e+00   8.4445776e-05
   5.0000000e+02   0.0000000e+00   8.3650065e-05
   5.0100000e+02   0.0000000e+00   8.2861853e-05
   5.0200000e+02   0.0000000e+00   8.2081067e-05
   5.0300000e+02   0.0000000e+00   8.1307639e-05
   5.0400000e+02   0.0000000e+00   8.0541498e-05
   5.0500000e+02   0.0000000e+00   7.9782577e-05
   5.0600000e+02   0.0000000e+00   7.9030807e-05
   5.0700000e+02   0.0000000e+00   7.8286120e-05
   5.0800000e+02   0.0000000e+00   7.7548451e-05
   5.0900000e+02   0.0000000e+00   7.6817732e-05
   5.1000000e+02   0.0000000e+00   7.6093899e-05
   5.1100000e+02   0.0000000e+00   7.5376886e-05
   5.1200000e+02   0.0000000e+00   7.4666629e-05
   5.1300000e+02   0.0000000e+00   7.3963065e-05
   5.1400000e+02   0.0000000e+00   7.3266131e-05
   5.1500000e+02   0.0000000e+00   7.2575763e-05
   5.1600000e+02   0.0000000e+00   7.1891901e-05
   5.1700000e+02   0.0000000e+00   7.1214482e-05
   5.1800000e+02   0.0000000e+00   7.0543447e-05
   5.1900000e+02   0.0000000e+00   6.9878735e-05
   5.2000000e+02   0.0000000e+00   6.9220286e-05
   5.2100000e+02   0.0000000e+00   6.8568041e-05
   5.2200000e+02   0.0000000e+00   6.7921942e-05
   5.2300000e+02   1.0000000e+00   6.7281932e-05
   5.2400000e+02   0.0000000e+00   6.6647952e-05
   5.2500000e+02   0.0000000e+00   6.6019946e-05
   5.2600000e+02   0.0000000e+00   6.5397857e-05
   5.2700000e+02   0.0000000e+00   6.4781630e-05
   5.2800000e+02   0.0000000e+00   6.4171210e-05
   5.2900000e+02   0.0000000e+00   6.3566541e-05
   5.3000000e+02   0.0000000e+00   6.2967571e-05
   5.3100000e+02   0.0000000e+00   6.2374244e-05
   5.3200000e+02   0.0000000e+00   6.1786508e-05
   5.3300000e+02   0.0000000e+00   6.1204310e-05
   5.3400000e+02   0.0000000e+00   6.0627597e-05
   5.3500000e+02   0.0000000e+00   6.0056320e-05
   5.3600000e+02   0.0000000e+00   5.9490425e-05
   5.3700000e+02   0.0000000e+00   5.8929862e-05
   5.3800000e+02   0.0000000e+00   5.8374581e-05
   5.3900000e+02   0.0000000e+00   5.7824533e-05
   5.4000000e+02   0.0000000e+00   5.7279668e-05
   5.4100000e+02   0.0000000e+00   5.6739936e-05
   5.4200000e+02   0.0000000e+00   5.6205291e-05
   5.4300000e+02   0.0000000e+00   5.5675683e-05
   5.4400000e+02   0.0000000e+00   5.5151066e-05
   5.4500000e+02   0.0000000e+00   5.4631392e-05
   5.4600000e+02   0.0000000e+00   5.4116615e-05
   5.4700000e+02   0.0000000e+00   5.3606688e-05
   5.4800000e+02   0.0000000e+00   5.3101566e-05
   5.4900000e+02   0.0000000e+00   5.2601204e-05
   5.5000000e+02   0.0000000e+00   5.2105557e-05
   5.5100000e+02   0.0000000e+00   5.1614580e-05
   5.5200000e+02   0.0000000e+00   5.1128229e-05
   5.5300000e+02   0.0000000e+00   5.0646461e-05
   5.5400000e+02   0.0000000e+00   5.0169233e-05
   5.5500000e+02   0.0000000e+00   4.9696501e-05
   5.5600000e+02   0.0000000e+00   4.9228224e-05
   5.5700000e+02   0.0000000e+00   4.8764360e-05
   5.5800000e+02   0.0000000e+00   4.8304866e-05
   5.5900000e+02   0.0000000e+00   4.7849702e-05
   5.6000000e+02   0.0000000e+00   4.7398827e-05
   5.6100000e+02   0.0000000e+00   4.6952200e-05
   5.6200000e+02   1.0000000e+00   4.6509782e-05
   5.6300000e+02   0.0000000e+00   4.6071532e-05
   5.6400000e+02   0.0000000e+00   4.5637412e-05
   5.6500000e+02   0.0000000e+00   4.5207383e-05
   5.6600000e+02   0.0000000e+00   4.4781406e-05
   5.6700000e+02   0.0000000e+00   4.4359442e-05
   5.6800000e+02   0.0000000e+00   4.3941455e-05
   5.6900000e+02   0.0000000e+00   4.3527406e-05
   5.7000000e+02   0.0000000e+00   4.3117259e-05
   5.7100000e+02   0.0000000e+00   4.2710976e-05
   5.7200000e+02   0.0000000e+00   4.2308522e-05
   5.7300000e+02   0.0000000e+00   4.1909860e-05
   5.7400000e+02   0.0000000e+00   4.1514954e-05
   5.7500000e+02   0.0000000e+00   4.1123770e-05
   5.7600000e+02   0.0000000e+00   4.0736271e-05
   5.7700000e+02   0.0000000e+00   4.0352424e-05
   5.7800000e+02   0.0000000e+00   3.9972194e-05
   5.7900000e+02   0.0000000e+00   3.9595546e-05
   5.8000000e+02   1.0000000e+00   3.9222448e-05
   5.8100000e+02   0.0000000e+00   3.8852865e-05
   5.8200000e+02   0.0000000e+00   3.8486765e-05
   5.8300000e+02   0.0000000e+00   3.8124114e-05
   5.8400000e+02   0.0000000e+00   3.7764880e-05
   5.8500000e+02   0.0000000e+00   3.7409032e-05
   5.8600000e+02   0.0000000e+00   3.7056536e-05
   5.8700000e+02   0.0000000e+00   3.6707362e-05
   5.8800000e+02   0.0000000e+00   3.6361479e-05
   5.8900000e+02   0.0000000e+00   3.6018854e-05
   5.9000000e+02   0.0000000e+00   3.5679458e-05
   5.9100000e+02   0.0000000e+00   3.5343260e-05
   5.9200000e+02   0.0000000e+00   3.5010229e-05
   5.9300000e+02   0.0000000e+00   3.4680337e-05
   5.9400000e+02   0.0000000e+00   3.4353553e-05
   5.9500000e+02   0.0000000e+00   3.4029849e-05
   5.9600000e+02   0.0000000e+00   3.3709195e-05
   5.9700000e+02   0.0000000e+00   3.3391562e-05
   5.9800000e+02   0.0000000e+00   3.3076922e-05
   5.9900000e+02   0.0000000e+00   3.2765247e-05
   6.0000000e+02   0.0000000e+00   3.2456508e-05
   6.0100000e+02   0.0000000e+00   3.2150679e-05
   6.0200000e+02   0.0000000e+00   3.1847732e-05
   6.0300000e+02   0.0000000e+00   3.1547639e-05
   6.0400000e+02   0.0000000e+00   3.1250374e-05
   6.0500000e+02   0.0000000e+00   3.0955910e-05
   6.0600000e+02   0.0000000e+00   3.0664220e-05
   6.0700000e+02   0.0000000e+00   3.0375279e-05
   6.0800000e+02   0.0000000e+00   3.0089061e-05
   6.0900000e+02   0.0000000e+00   2.9805540e-05
   6.1000000e+02   0.0000000e+00   2.9524690e-05
   6.1100000e+02   0.0000000e+00   2.9246487e-05
   6.1200000e+02   0.0000000e+00   2.8970905e-05
   6.1300000e+02   0.0000000e+00   2.8697919e-05
   6.1400000e+02   0.0000000e+00   2.8427506e-05
   6.1500000e+02   0.0000000e+00   2.8159642e-05
   6.1600000e+02   0.0000000e+00   2.7894301e-05
   6.1700000e+02   0.0000000e+00   2.7631460e-05
   6.1800000e+02   0.0000000e+00   2.7371096e-05
   6.1900000e+02   0.0000000e+00   2.7113185e-05
   6.2000000e+02   0.0000000e+00   2.6857705e-05
   6.2100000e+02   0.0000000e+00   2.6604632e-05
   6.2200000e+02   0.0000000e+00   2.6353943e-05
   6.2300000e+02   0.0000000e+00   2.6105617e-05
   6.2400000e+02   0.0000000e+00   2.5859631e-05
   6.2500000e+02   0.0000000e+00   2.5615962e-05
   6.2600000e+02   0.0000000e+00   2.5374590e-05
   6.2700000e+02   0.0000000e+00   2.5135492e-05
   6.2800000e+02   0.0000000e+00   2.4898646e-05
   6.2900000e+02   0.0000000e+00   2.4664033e-05
   6.3000000e+02   0.0000000e+00   2.4431630e-05
   6.3100000e+02   0.0000000e+00   2.4201418e-05
   6.3200000e+02   0.0000000e+00   2.3973374e-05
   6.3300000e+02   0.0000000e+00   2.3747479e-05
   6.3400000e+02   0.0000000e+00   2.3523713e-05
   6.3500000e+02   0.0000000e+00   2.3302055e-05
   6.3600000e+02   0.0000000e+00   2.3082486e-05
   6.3700000e+02   0.0000000e+00   2.2864986e-05
   6.3800000e+02   0.0000000e+00   2.2649535e-05
   6.3900000e+02   0.0000000e+00   2.2436114e-05
   6.4000000e+02   0.0000000e+00   2.2224705e-05
   6.4100000e+02   0.0000000e+00   2.2015287e-05
   6.4200000e+02   0.0000000e+00   2.1807843e-05
   6.4300000e+02   0.0000000e+00   2.1602353e-05
   6.4400000e+02   0.0000000e+00   2.1398800e-05
   6.4500000e+02   0.0000000e+00   2.1197165e-05
   6.4600000e+02   0.0000000e+00   2.0997429e-05
   6.4700000e+02   0.0000000e+00   2.0799576e-05
   6.4800000e+02   0.0000000e+00   2.0603587e-05
   6.4900000e+02   0.0000000e+00   2.0409445e-05
   6.5000000e+02   0.0000000e+00   2.0217132e-05
   6.5100000e+02   0.0000000e+00   2.0026631e-05
   6.5200000e+02   0.0000000e+00   1.9837926e-05
   6.5300000e+02   0.0000000e+00   1.9650998e-05
   6.5400000e+02   0.0000000e+00   1.9465832e-05
   6.5500000e+02   1.0000000e+00   1.9282411e-05
   6.5600000e+02   0.0000000e+00   1.9100718e-05
   6.5700000e+02   0.0000000e+00   1.8920736e-05
   6.5800000e+02   0.0000000e+00   1.8742451e-05
   6.5900000e+02   0.0000000e+00   1.8565846e-05
   6.6000000e+02   0.0000000e+00   1.8390905e-05
   6.6100000e+02   0.0000000e+00   1.8217612e-05
   6.6200000e+02   0.0000000e+00   1.8045953e-05
   6.6300000e+02   0.0000000e+00   1.7875910e-05
   6.6400000e+02   0.0000000e+00   1.7707470e-05
   6.6500000e+02   0.0000000e+00   1.7540617e-05
   6.6600000e+02   0.0000000e+00   1.7375337e-05
   6.6700000e+02   0.0000000e+00   1.7211614e-05
   6.6800000e+02   0.0000000e+00   1.7049433e-05
   6.6900000e+02   0.0000000e+00   1.6888781e-05
   6.7000000e+02   0.0000000e+00   1.6729642e-05
   6.7100000e+02   0.0000000e+00   1.6572003e-05
   6.7200000e+02   0.0000000e+00   1.6415850e-05
   6.7300000e+02   0.0000000e+00   1.6261167e-05
   6.7400000e+02   0.0000000e+00   1.6107943e-05
   6.7500000e+02   0.0000000e+00   1.5956162e-05
   6.7600000e+02   0.0000000e+00   1.5805811e-05
   6.7700000e+02   0.0000000e+00   1.5656877e-05
   6.7800000e+02   0.0000000e+00   1.5509346e-05
   6.7900000e+02   0.0000000e+00   1.5363206e-05
   6.8000000e+02   0.0000000e+00   1.5218442e-05
   6.8100000e+02   0.0000000e+00   1.5075043e-05
   6.8200000e+02   0.0000000e+00   1.4932995e-05
   6.8300000e+02   0.0000000e+00   1.4792285e-05
   6.8400000e+02   0.0000000e+00   1.4652901e-05
   6.8500000e+02   0.0000000e+00   1.4514831e-05
   6.8600000e+02   0.0000000e+00   1.4378061e-05
   6.8700000e+02   0.0000000e+00   1.4242581e-05
   6.8800000e+02   0.0000000e+00   1.4108377e-05
   6.8900000e+02   0.0000000e+00   1.3975437e-05
   6.9000000e+02   0.0000000e+00   1.3843750e-05
   6.9100000e+02   0.0000000e+00   1.3713304e-05
   6.9200000e+02   0.0000000e+00   1.3584087e-05
   6.9300000e+02   0.0000000e+00   1.3456088e-05
   6.9400000e+02   0.0000000e+00   1.3329295e-05
   6.9500000e+02   0.0000000e+00   1.3203696e-05
   6.9600000e+02   0.0000000e+00   1.3079281e-05
   6.9700000e+02   0.0000000e+00   1.2956039e-05
   6.9800000e+02   0.0000000e+00   1.2833957e-05
   6.9900000e+02   0.0000000e+00   1.2713026e-05
   7.0000000e+02   0.0000000e+00   1.2593235e-05
   7.0100000e+02   0.0000000e+00   1.2474572e-05
   7.0200000e+02   0.0000000e+00   1.2357028e-05
   7.0300000e+02   0.0000000e+00   1.2240591e-05
   7.0400000e+02   0.0000000e+00   1.2125251e-05
   7.0500000e+02   0.0000000e+00   1.2010998e-05
   7.0600000e+02   0.0000000e+00   1.1897821e-05
   7.0700000e+02   0.0000000e+00   1.1785711e-05
   7.0800000e+02   0.0000000e+00   1.1674657e-05
   7.0900000e+02   0.0000000e+00   1.1564650e-05
   7.1000000e+02   0.0000000e+00   1.1455680e-05
   7.1100000e+02   0.0000000e+00   1.1347736e-05
   7.1200000e+02   0.0000000e+00   1.1240809e-05
   7.1300000e+02   0.0000000e+00   1.1134890e-05
   7.1400000e+02   0.0000000e+00   1.1029969e-05
   7.1500000e+02   0.0000000e+00   1.0926036e-05
   7.1600000e+02   0.0000000e+00   1.0823083e-05
   7.1700000e+02   0.0000000e+00   1.0721100e-05
   7.1800000e+02   0.0000000e+00   1.0620078e-05
   7.1900000e+02   0.0000000e+00   1.0520008e-05
   7.2000000e+02   0.0000000e+00   1.0420880e-05
   7.2100000e+02   0.0000000e+00   1.0322687e-05
   7.2200000e+02   0.0000000e+00   1.0225419e-05
   7.2300000e+02   0.0000000e+00   1.0129068e-05
   7.2400000e+02   0.0000000e+00   1.0033624e-05
   7.2500000e+02   0.0000000e+00   9.9390799e-06
   7.2600000e+02   0.0000000e+00   9.8454266e-06
   7.2700000e+02   0.0000000e+00   9.7526557e-06
   7.2800000e+02   0.0000000e+00   9.6607590e-06
   7.2900000e+02   0.0000000e+00   9.5697282e-06
   7.3000000e+02   0.0000000e+00   9.4795552e-06
   7.3100000e+02   0.0000000e+00   9.3902318e-06
   7.3200000e+02   0.0000000e+00   9.3017501e-06
   7.3300000e+02   0.0000000e+00   9.2141022e-06
   7.3400000e+02   0.0000000e+00   9.1272801e-06
   7.3500000e+02   0.0000000e+00   9.0412762e-06
   7.3600000e+02   0.0000000e+00   8.9560826e-06
   7.3700000e+02   0.0000000e+00   8.8716918e-06
   7.3800000e+02   0.0000000e+00   8.7880962e-06
   7.3900000e+02   0.0000000e+00   8.7052882e-06
   7.4000000e+02   0.0000000e+00   8.6232606e-06
   7.4100000e+02   0.0000000e+00   8.5420059e-06
   7.4200000e+02   0.0000000e+00   8.4615168e-06
   7.4300000e+02   0.0000000e+00   8.3817861e-06
   7.4400000e+02   0.0000000e+00   8.3028068e-06
   7.4500000e+02   0.0000000e+00   8.2245716e-06
   7.4600000e+02   0.0000000e+00   8.1470736e-06
   7.4700000e+02   0.0000000e+00   8.0703059e-06
   7.4800000e+02   0.0000000e+00   7.9942615e-06
   7.4900000e+02   0.0000000e+00   7.9189337e-06
   7.5000000e+02   0.0000000e+00   7.8443157e-06
   7.5100000e+02   0.0000000e+00   7.7704007e-06
   7.5200000e+02   0.0000000e+00   7.6971823e-06
   7.5300000e+02   0.0000000e+00   7.6246538e-06
   7.5400000e+02   0.0000000e+00   7.5528086e-06
   7.5500000e+02   0.0000000e+00   7.4816405e-06
   7.5600000e+02   0.0000000e+00   7.4111430e-06
   7.5700000e+02   0.0000000e+00   7.3413097e-06
   7.5800000e+02   0.0000000e+00   7.2721345e-06
   7.5900000e+02   0.0000000e+00   7.2036111e-06
   7.6000000e+02   0.0000000e+00   7.1357333e-06
   7.6100000e+02   0.0000000e+00   7.0684952e-06
   7.6200000e+02   0.0000000e+00   7.0018906e-06
   7.6300000e+02   0.0000000e+00   6.9359137e-06
   7.6400000e+02   0.0000000e+00   6.8705584e-06
   7.6500000e+02   0.0000000e+00   6.8058189e-06
   7.6600000e+02   0.0000000e+00   6.7416894e-06
   7.6700000e+02   0.0000000e+00   6.6781643e-06
   7.6800000e+02   0.0000000e+00   6.6152377e-06
   7.6900000e+02   0.0000000e+00   6.5529040e-06
   7.7000000e+02   0.0000000e+00   6.4911577e-06
   7.7100000e+02   0.0000000e+00   6.4299933e-06
   7.7200000e+02   0.0000000e+00   6.3694051e-06
   7.7300000e+02   0.0000000e+00   6.3093879e-06
   7.7400000e+02   0.0000000e+00   6.2499362e-06
   7.7500000e+02   0.0000000e+00   6.1910447e-06
   7.7600000e+02   0.0000000e+00   6.1327081e-06
   7.7700000e+02   0.0000000e+00   6.0749212e-06
   7.7800000e+02   0.0000000e+00   6.0176788e-06
   7.7900000e+02   0.0000000e+00   5.9609758e-06
   7.8000000e+02   0.0000000e+00   5.9048071e-06
   7.8100000e+02   0.0000000e+00   5.8491677e-06
   7.8200000e+02   0.0000000e+00   5.7940525e-06
   7.8300000e+02   0.0000000e+00   5.7394566e-06
   7.8400000e+02   0.0000000e+00   5.6853753e-06
   7.8500000e+02   0.0000000e+00   5.6318035e-06
   7.8600000e+02   0.0000000e+00   5.5787365e-06
   7.8700000e+02   0.0000000e+00   5.5261695e-06
   7.8800000e+02   0.0000000e+00   5.4740978e-06
   7.8900000e+02   0.0000000e+00   5.4225169e-06
   7.9000000e+02   0.0000000e+00   5.3714219e-06
   7.9100000e+02   0.0000000e+00   5.3208084e-06
   7.9200000e+02   0.0000000e+00   5.2706718e-06
   7.9300000e+02   0.0000000e+00   5.2210077e-06
   7.9400000e+02   0.0000000e+00   5.1718115e-06
   7.9500000e+02   0.0000000e+00   5.1230789e-06
   7.9600000e+02   0.0000000e+00   5.0748054e-06
   7.9700000e+02   0.0000000e+00   5.0269869e-06
   7.9800000e+02   0.0000000e+00   4.9796189e-06
   7.9900000e+02   0.0000000e+00   4.9326973e-06
   8.0000000e+02   0.0000000e+00   4.8862177e-06
   8.0100000e+02   0.0000000e+00   4.8401762e-06
   8.0200000e+02   0.0000000e+00   4.7945685e-06
   8.0300000e+02   0.0000000e+00   4.7493905e-06
   8.0400000e+02   0.0000000e+00   4.7046383e-06
   8.0500000e+02   0.0000000e+00   4.6603077e-06
   8.0600000e+02   0.0000000e+00   4.6163948e-06
   8.0700000e+02   0.0000000e+00   4.5728958e-06
   8.0800000e+02   0.0000000e+00   4.5298066e-06
   8.0900000e+02   0.0000000e+00   4.4871234e-06
   8.1000000e+02   0.0000000e+00   4.4448424e-06
   8.1100000e+02   0.0000000e+00   4.4029598e-06
   8.1200000e+02   0.0000000e+00   4.3614719e-06
   8.1300000e+02   0.0000000e+00   4.3203749e-06
   8.1400000e+02   0.0000000e+00   4.2796651e-06
   8.1500000e+02   0.0000000e+00   4.2393390e-06
   8.1600000e+02   0.0000000e+00   4.1993928e-06
   8.1700000e+02   0.0000000e+00   4.1598230e-06
   8.1800000e+02   0.0000000e+00   4.1206261e-06
   8.1900000e+02   0.0000000e+00   4.0817985e-06
   8.2000000e+02   0.0000000e+00   4.0433368e-06
   8.2100000e+02   0.0000000e+00   4.0052375e-06
   8.2200000e+02   0.0000000e+00   3.9674972e-06
   8.2300000e+02   0.0000000e+00   3.9301125e-06
   8.2400000e+02   0.0000000e+00   3.8930801e-06
   8.2500000e+02   0.0000000e+00   3.8563966e-06
   8.2600000e+02   0.0000000e+00   3.8200588e-06
   8.2700000e+02   0.0000000e+00   3.7840634e-06
   8.2800000e+02   0.0000000e+00   3.7484072e-06
   8.2900000e+02   0.0000000e+00   3.7130869e-06
   8.3000000e+02   0.0000000e+00   3.6780995e-06
   8.3100000e+02   0.0000000e+00   3.6434417e-06
   8.3200000e+02   0.0000000e+00   3.6091105e-06
   8.3300000e+02   0.0000000e+00   3.5751028e-06
   8.3400000e+02   1.0000000e+00   3.5414156e-06
