   1.0000000e+00   4.0000000e+00   1.0452593e-02
   2.0000000e+00   4.0000000e+00   1.0343336e-02
   3.0000000e+00   3.0000000e+00   1.0235222e-02
   4.0000000e+00   6.0000000e+00   1.0128237e-02
   5.0000000e+00   9.0000000e+00   1.0022371e-02
   6.0000000e+00   5.0000000e+00   9.9176110e-03
   7.0000000e+00   2.0000000e+00   9.8139462e-03
   8.0000000e+00   4.0000000e+00   9.7113650e-03
   9.0000000e+00   4.0000000e+00   9.6098561e-03
   1.0000000e+01   7.0000000e+00   9.5094082e-03
   1.1000000e+01   6.0000000e+00   9.4100102e-03
   1.2000000e+01   1.0000000e+00   9.3116512e-03
   1.3000000e+01   7.0000000e+00   9.2143203e-03
   1.4000000e+01   4.0000000e+00   9.1180067e-03
   1.5000000e+01   2.0000000e+00   9.0226999e-03
   1.6000000e+01   5.0000000e+00   8.9283893e-03
   1.7000000e+01   2.0000000e+00   8.8350645e-03
   1.8000000e+01   6.0000000e+00   8.7427152e-03
   1.9000000e+01   6.0000000e+00   8.6513311e-03
   2.0000000e+01   2.0000000e+00   8.5609023e-03
   2.1000000e+01   0.0000000e+00   8.4714186e-03
   2.2000000e+01   6.0000000e+00   8.3828703e-03
   2.3000000e+01   3.0000000e+00   8.2952476e-03
   2.4000000e+01   2.0000000e+00   8.2085408e-03
   2.5000000e+01   2.0000000e+00   8.1227402e-03
   2.6000000e+01   2.0000000e+00   8.0378365e-03
   2.7000000e+01   5.0000000e+00   7.9538203e-03
   2.8000000e+01   4.0000000e+00   7.8706823e-03
   2.9000000e+01   3.0000000e+00   7.7884132e-03
   3.0000000e+01   5.0000000e+00   7.7070041e-03
   3.1000000e+01   4.0000000e+00   7.6264459e-03
   3.2000000e+01   6.0000000e+00   7.5467298e-03
   3.3000000e+01   2.0000000e+00   7.4678469e-03
   3.4000000e+01   7.0000000e+00   7.3897885e-03
   3.5000000e+01   6.0000000e+00   7.3125461e-03
   3.6000000e+01   5.0000000e+00   7.2361110e-03
   3.7000000e+01   4.0000000e+00   7.1604749e-03
   3.8000000e+01   3.0000000e+00   7.0856294e-03
   3.9000000e+01   7.0000000e+00   7.0115662e-03
   4.0000000e+01   2.0000000e+00   6.9382771e-03
   4.1000000e+01   6.0000000e+00   6.8657541e-03
   4.2000000e+01   6.0000000e+00   6.7939892e-03
   4.3000000e+01   6.0000000e+00   6.7229744e-03
   4.4000000e+01   1.0000000e+00   6.6527019e-03
   4.5000000e+01   6.0000000e+00   6.5831639e-03
   4.6000000e+01   2.0000000e+00   6.5143527e-03
   4.7000000e+01   5.0000000e+00   6.4462609e-03
   4.8000000e+01   2.0000000e+00   6.3788807e-03
   4.9000000e+01   3.0000000e+00   6.3122049e-03
   5.0000000e+01   3.0000000e+00   6.2462260e-03
   5.1000000e+01   1.0000000e+00   6.1809367e-03
   5.2000000e+01   6.0000000e+00   6.1163299e-03
   5.3000000e+01   4.0000000e+00   6.0523984e-03
   5.4000000e+01   4.0000000e+00   5.9891351e-03
   5.5000000e+01   0.0000000e+00   5.9265331e-03
   5.6000000e+01   2.0000000e+00   5.8645855e-03
   5.7000000e+01   2.0000000e+00   5.8032854e-03
   5.8000000e+01   2.0000000e+00   5.7426260e-03
   5.9000000e+01   2.0000000e+00   5.6826007e-03
   6.0000000e+01   8.0000000e+00   5.6232028e-03
   6.1000000e+01   4.0000000e+00   5.5644257e-03
   6.2000000e+01   4.0000000e+00   5.5062630e-03
   6.3000000e+01   2.0000000e+00   5.4487083e-03
   6.4000000e+01   3.0000000e+00   5.3917552e-03
   6.5000000e+01   2.0000000e+00   5.3353973e-03
   6.6000000e+01   1.0000000e+00   5.2796286e-03
   6.7000000e+01   5.0000000e+00   5.2244428e-03
   6.8000000e+01   5.0000000e+00   5.1698338e-03
   6.9000000e+01   2.0000000e+00   5.1157957e-03
   7.0000000e+01   3.0000000e+00   5.0623223e-03
   7.1000000e+01   2.0000000e+00   5.0094079e-03
   7.2000000e+01   5.0000000e+00   4.9570466e-03
   7.3000000e+01   0.0000000e+00   4.9052326e-03
   7.4000000e+01   1.0000000e+00   4.8539602e-03
   7.5000000e+01   2.0000000e+00   4.8032238e-03
   7.6000000e+01   1.0000000e+00   4.7530176e-03
   7.7000000e+01   5.0000000e+00   4.7033363e-03
   7.8000000e+01   2.0000000e+00   4.6541742e-03
   7.9000000e+01   5.0000000e+00   4.6055260e-03
   8.0000000e+01   0.0000000e+00   4.5573863e-03
   8.1000000e+01   3.0000000e+00   4.5097498e-03
   8.2000000e+01   2.0000000e+00   4.4626112e-03
   8.3000000e+01   1.0000000e+00   4.4159654e-03
   8.4000000e+01   5.0000000e+00   4.3698071e-03
   8.5000000e+01   1.0000000e+00   4.3241313e-03
   8.6000000e+01   2.0000000e+00   4.2789329e-03
   8.7000000e+01   2.0000000e+00   4.2342069e-03
   8.8000000e+01   0.0000000e+00   4.1899485e-03
   8.9000000e+01   3.0000000e+00   4.1461527e-03
   9.0000000e+01   3.0000000e+00   4.1028146e-03
   9.1000000e+01   0.0000000e+00   4.0599296e-03
   9.2000000e+01   0.0000000e+00   4.0174928e-03
   9.3000000e+01   1.0000000e+00   3.9754996e-03
   9.4000000e+01   5.0000000e+00   3.9339453e-03
   9.5000000e+01   4.0000000e+00   3.8928254e-03
   9.6000000e+01   0.0000000e+00   3.8521352e-03
   9.7000000e+01   3.0000000e+00   3.8118704e-03
   9.8000000e+01   2.0000000e+00   3.7720265e-03
   9.9000000e+01   2.0000000e+00   3.7325991e-03
   1.0000000e+02   2.0000000e+00   3.6935837e-03
   1.0100000e+02   0.0000000e+00   3.6549762e-03
   1.0200000e+02   1.0000000e+00   3.6167722e-03
   1.0300000e+02   1.0000000e+00   3.5789676e-03
   1.0400000e+02   3.0000000e+00   3.5415581e-03
   1.0500000e+02   0.0000000e+00   3.5045396e-03
   1.0600000e+02   3.0000000e+00   3.4679081e-03
   1.0700000e+02   2.0000000e+00   3.4316594e-03
   1.0800000e+02   0.0000000e+00   3.3957897e-03
   1.0900000e+02   2.0000000e+00   3.3602949e-03
   1.1000000e+02   2.0000000e+00   3.3251711e-03
   1.1100000e+02   1.0000000e+00   3.2904144e-03
   1.1200000e+02   1.0000000e+00   3.2560211e-03
   1.1300000e+02   3.0000000e+00   3.2219872e-03
   1.1400000e+02   0.0000000e+00   3.1883091e-03
   1.1500000e+02   1.0000000e+00   3.1549830e-03
   1.1600000e+02   1.0000000e+00   3.1220052e-03
   1.1700000e+02   2.0000000e+00   3.0893722e-03
   1.1800000e+02   0.0000000e+00   3.0570802e-03
   1.1900000e+02   1.0000000e+00   3.0251258e-03
   1.2000000e+02   0.0000000e+00   2.9935054e-03
   1.2100000e+02   1.0000000e+00   2.9622155e-03
   1.2200000e+02   1.0000000e+00   2.9312527e-03
   1.2300000e+02   0.0000000e+00   2.9006135e-03
   1.2400000e+02   3.0000000e+00   2.8702946e-03
   1.2500000e+02   0.0000000e+00   2.8402925e-03
   1.2600000e+02   3.0000000e+00   2.8106041e-03
   1.2700000e+02   2.0000000e+00   2.7812260e-03
   1.2800000e+02   0.0000000e+00   2.7521550e-03
   1.2900000e+02   0.0000000e+00   2.7233878e-03
   1.3000000e+02   2.0000000e+00   2.6949214e-03
   1.3100000e+02   4.0000000e+00   2.6667525e-03
   1.3200000e+02   2.0000000e+00   2.6388780e-03
   1.3300000e+02   1.0000000e+00   2.6112949e-03
   1.3400000e+02   1.0000000e+00   2.5840001e-03
   1.3500000e+02   1.0000000e+00   2.5569906e-03
   1.3600000e+02   2.0000000e+00   2.5302634e-03
   1.3700000e+02   0.0000000e+00   2.5038156e-03
   1.3800000e+02   1.0000000e+00   2.4776442e-03
   1.3900000e+02   0.0000000e+00   2.4517464e-03
   1.4000000e+02   0.0000000e+00   2.4261193e-03
   1.4100000e+02   2.0000000e+00   2.4007601e-03
   1.4200000e+02   0.0000000e+00   2.3756659e-03
   1.4300000e+02   1.0000000e+00   2.3508340e-03
   1.4400000e+02   1.0000000e+00   2.3262617e-03
   1.4500000e+02   0.0000000e+00   2.3019462e-03
   1.4600000e+02   1.0000000e+00   2.2778849e-03
   1.4700000e+02   0.0000000e+00   2.2540751e-03
   1.4800000e+02   1.0000000e+00   2.2305142e-03
   1.4900000e+02   2.0000000e+00   2.2071995e-03
   1.5000000e+02   1.0000000e+00   2.1841286e-03
   1.5100000e+02   3.0000000e+00   2.1612988e-03
   1.5200000e+02   2.0000000e+00   2.1387076e-03
   1.5300000e+02   1.0000000e+00   2.1163526e-03
   1.5400000e+02   1.0000000e+00   2.0942312e-03
   1.5500000e+02   1.0000000e+00   2.0723410e-03
   1.5600000e+02   2.0000000e+00   2.0506797e-03
   1.5700000e+02   2.0000000e+00   2.0292448e-03
   1.5800000e+02   3.0000000e+00   2.0080339e-03
   1.5900000e+02   2.0000000e+00   1.9870447e-03
   1.6000000e+02   1.0000000e+00   1.9662750e-03
   1.6100000e+02   1.0000000e+00   1.9457223e-03
   1.6200000e+02   0.0000000e+00   1.9253845e-03
   1.6300000e+02   1.0000000e+00   1.9052592e-03
   1.6400000e+02   0.0000000e+00   1.8853443e-03
   1.6500000e+02   0.0000000e+00   1.8656376e-03
   1.6600000e+02   1.0000000e+00   1.8461368e-03
   1.6700000e+02   1.0000000e+00   1.8268399e-03
   1.6800000e+02   1.0000000e+00   1.8077447e-03
   1.6900000e+02   1.0000000e+00   1.7888491e-03
   1.7000000e+02   1.0000000e+00   1.7701510e-03
   1.7100000e+02   0.0000000e+00   1.7516483e-03
   1.7200000e+02   1.0000000e+00   1.7333390e-03
   1.7300000e+02   1.0000000e+00   1.7152211e-03
   1.7400000e+02   0.0000000e+00   1.6972926e-03
   1.7500000e+02   1.0000000e+00   1.6795515e-03
   1.7600000e+02   0.0000000e+00   1.6619958e-03
   1.7700000e+02   0.0000000e+00   1.6446237e-03
   1.7800000e+02   1.0000000e+00   1.6274331e-03
   1.7900000e+02   2.0000000e+00   1.6104222e-03
   1.8000000e+02   0.0000000e+00   1.5935891e-03
   1.8100000e+02   0.0000000e+00   1.5769320e-03
   1.8200000e+02   1.0000000e+00   1.5604489e-03
   1.8300000e+02   2.0000000e+00   1.5441382e-03
   1.8400000e+02   1.0000000e+00   1.5279980e-03
   1.8500000e+02   0.0000000e+00   1.5120264e-03
   1.8600000e+02   1.0000000e+00   1.4962218e-03
   1.8700000e+02   1.0000000e+00   1.4805824e-03
   1.8800000e+02   2.0000000e+00   1.4651065e-03
   1.8900000e+02   0.0000000e+00   1.4497923e-03
   1.9000000e+02   0.0000000e+00   1.4346382e-03
   1.9100000e+02   0.0000000e+00   1.4196426e-03
   1.9200000e+02   2.0000000e+00   1.4048036e-03
   1.9300000e+02   2.0000000e+00   1.3901198e-03
   1.9400000e+02   1.0000000e+00   1.3755894e-03
   1.9500000e+02   0.0000000e+00   1.3612109e-03
   1.9600000e+02   1.0000000e+00   1.3469828e-03
   1.9700000e+02   1.0000000e+00   1.3329033e-03
   1.9800000e+02   1.0000000e+00   1.3189710e-03
   1.9900000e+02   1.0000000e+00   1.3051843e-03
   2.0000000e+02   0.0000000e+00   1.2915418e-03
   2.0100000e+02   0.0000000e+00   1.2780418e-03
   2.0200000e+02   0.0000000e+00   1.2646830e-03
   2.0300000e+02   1.0000000e+00   1.2514637e-03
   2.0400000e+02   0.0000000e+00   1.2383827e-03
   2.0500000e+02   1.0000000e+00   1.2254384e-03
   2.0600000e+02   0.0000000e+00   1.2126294e-03
   2.0700000e+02   0.0000000e+00   1.1999543e-03
   2.0800000e+02   0.0000000e+00   1.1874116e-03
   2.0900000e+02   1.0000000e+00   1.1750001e-03
   2.1000000e+02   1.0000000e+00   1.1627183e-03
   2.1100000e+02   0.0000000e+00   1.1505649e-03
   2.1200000e+02   1.0000000e+00   1.1385385e-03
   2.1300000e+02   0.0000000e+00   1.1266378e-03
   2.1400000e+02   2.0000000e+00   1.1148615e-03
   2.1500000e+02   2.0000000e+00   1.1032083e-03
   2.1600000e+02   1.0000000e+00   1.0916769e-03
   2.1700000e+02   0.0000000e+00   1.0802661e-03
   2.1800000e+02   2.0000000e+00   1.0689745e-03
   2.1900000e+02   0.0000000e+00   1.0578010e-03
   2.2000000e+02   0.0000000e+00   1.0467442e-03
   2.2100000e+02   0.0000000e+00   1.0358030e-03
   2.2200000e+02   0.0000000e+00   1.0249762e-03
   2.2300000e+02   0.0000000e+00   1.0142625e-03
   2.2400000e+02   0.0000000e+00   1.0036608e-03
   2.2500000e+02   0.0000000e+00   9.9316998e-04
   2.2600000e+02   1.0000000e+00   9.8278878e-04
   2.2700000e+02   0.0000000e+00   9.7251609e-04
   2.2800000e+02   1.0000000e+00   9.6235077e-04
   2.2900000e+02   0.0000000e+00   9.5229171e-04
   2.3000000e+02   0.0000000e+00   9.4233779e-04
   2.3100000e+02   0.0000000e+00   9.3248792e-04
   2.3200000e+02   1.0000000e+00   9.2274100e-04
   2.3300000e+02   0.0000000e+00   9.1309597e-04
   2.3400000e+02   1.0000000e+00   9.0355175e-04
   2.3500000e+02   0.0000000e+00   8.9410729e-04
   2.3600000e+02   0.0000000e+00   8.8476155e-04
   2.3700000e+02   0.0000000e+00   8.7551350e-04
   2.3800000e+02   0.0000000e+00   8.6636211e-04
   2.3900000e+02   2.0000000e+00   8.5730638e-04
   2.4000000e+02   1.0000000e+00   8.4834530e-04
   2.4100000e+02   1.0000000e+00   8.3947790e-04
   2.4200000e+02   0.0000000e+00   8.3070318e-04
   2.4300000e+02   0.0000000e+00   8.2202017e-04
   2.4400000e+02   0.0000000e+00   8.1342793e-04
   2.4500000e+02   0.0000000e+00   8.0492550e-04
   2.4600000e+02   0.0000000e+00   7.9651194e-04
   2.4700000e+02   0.0000000e+00   7.8818633e-04
   2.4800000e+02   0.0000000e+00   7.7994773e-04
   2.4900000e+02   0.0000000e+00   7.7179526e-04
   2.5000000e+02   0.0000000e+00   7.6372800e-04
   2.5100000e+02   0.0000000e+00   7.5574506e-04
   2.5200000e+02   0.0000000e+00   7.4784556e-04
   2.5300000e+02   0.0000000e+00   7.4002864e-04
   2.5400000e+02   0.0000000e+00   7.3229342e-04
   2.5500000e+02   0.0000000e+00   7.2463905e-04
   2.5600000e+02   0.0000000e+00   7.1706470e-04
   2.5700000e+02   0.0000000e+00   7.0956951e-04
   2.5800000e+02   0.0000000e+00   7.0215267e-04
   2.5900000e+02   1.0000000e+00   6.9481335e-04
   2.6000000e+02   0.0000000e+00   6.8755075e-04
   2.6100000e+02   0.0000000e+00   6.8036406e-04
   2.6200000e+02   1.0000000e+00   6.7325250e-04
   2.6300000e+02   2.0000000e+00   6.6621526e-04
   2.6400000e+02   0.0000000e+00   6.5925158e-04
   2.6500000e+02   1.0000000e+00   6.5236070e-04
   2.6600000e+02   1.0000000e+00   6.4554184e-04
   2.6700000e+02   0.0000000e+00   6.3879425e-04
   2.6800000e+02   1.0000000e+00   6.3211719e-04
   2.6900000e+02   0.0000000e+00   6.2550993e-04
   2.7000000e+02   0.0000000e+00   6.1897173e-04
   2.7100000e+02   0.0000000e+00   6.1250187e-04
   2.7200000e+02   0.0000000e+00   6.0609964e-04
   2.7300000e+02   0.0000000e+00   5.9976432e-04
   2.7400000e+02   0.0000000e+00   5.9349523e-04
   2.7500000e+02   0.0000000e+00   5.8729167e-04
   2.7600000e+02   0.0000000e+00   5.8115295e-04
   2.7700000e+02   1.0000000e+00   5.7507839e-04
   2.7800000e+02   0.0000000e+00   5.6906733e-04
   2.7900000e+02   0.0000000e+00   5.6311910e-04
   2.8000000e+02   0.0000000e+00   5.5723305e-04
   2.8100000e+02   0.0000000e+00   5.5140852e-04
   2.8200000e+02   0.0000000e+00   5.4564487e-04
   2.8300000e+02   0.0000000e+00   5.3994146e-04
   2.8400000e+02   0.0000000e+00   5.3429768e-04
   2.8500000e+02   0.0000000e+00   5.2871288e-04
   2.8600000e+02   1.0000000e+00   5.2318646e-04
   2.8700000e+02   1.0000000e+00   5.1771780e-04
   2.8800000e+02   0.0000000e+00   5.1230631e-04
   2.8900000e+02   0.0000000e+00   5.0695138e-04
   2.9000000e+02   0.0000000e+00   5.0165242e-04
   2.9100000e+02   0.0000000e+00   4.9640886e-04
   2.9200000e+02   0.0000000e+00   4.9122010e-04
   2.9300000e+02   0.0000000e+00   4.8608557e-04
   2.9400000e+02   0.0000000e+00   4.8100472e-04
   2.9500000e+02   0.0000000e+00   4.7597697e-04
   2.9600000e+02   0.0000000e+00   4.7100178e-04
   2.9700000e+02   0.0000000e+00   4.6607859e-04
   2.9800000e+02   0.0000000e+00   4.6120686e-04
   2.9900000e+02   0.0000000e+00   4.5638605e-04
   3.0000000e+02   0.0000000e+00   4.5161563e-04
   3.0100000e+02   0.0000000e+00   4.4689508e-04
   3.0200000e+02   0.0000000e+00   4.4222387e-04
   3.0300000e+02   0.0000000e+00   4.3760148e-04
   3.0400000e+02   1.0000000e+00   4.3302741e-04
   3.0500000e+02   0.0000000e+00   4.2850115e-04
   3.0600000e+02   0.0000000e+00   4.2402220e-04
   3.0700000e+02   0.0000000e+00   4.1959007e-04
   3.0800000e+02   0.0000000e+00   4.1520427e-04
   3.0900000e+02   0.0000000e+00   4.1086430e-04
   3.1000000e+02   0.0000000e+00   4.0656971e-04
   3.1100000e+02   0.0000000e+00   4.0232000e-04
   3.1200000e+02   0.0000000e+00   3.9811471e-04
   3.1300000e+02   0.0000000e+00   3.9395338e-04
   3.1400000e+02   0.0000000e+00   3.8983555e-04
   3.1500000e+02   0.0000000e+00   3.8576075e-04
   3.1600000e+02   1.0000000e+00   3.8172855e-04
   3.1700000e+02   0.0000000e+00   3.7773850e-04
   3.1800000e+02   1.0000000e+00   3.7379015e-04
   3.1900000e+02   0.0000000e+00   3.6988308e-04
   3.2000000e+02   1.0000000e+00   3.6601684e-04
   3.2100000e+02   0.0000000e+00   3.6219102e-04
   3.2200000e+02   0.0000000e+00   3.5840518e-04
   3.2300000e+02   0.0000000e+00   3.5465892e-04
   3.2400000e+02   0.0000000e+00   3.5095181e-04
   3.2500000e+02   0.0000000e+00   3.4728345e-04
   3.2600000e+02   2.0000000e+00   3.4365344e-04
   3.2700000e+02   0.0000000e+00   3.4006137e-04
   3.2800000e+02   0.0000000e+00   3.3650685e-04
   3.2900000e+02   0.0000000e+00   3.3298948e-04
   3.3000000e+02   0.0000000e+00   3.2950888e-04
   3.3100000e+02   0.0000000e+00   3.2606465e-04
   3.3200000e+02   0.0000000e+00   3.2265643e-04
   3.3300000e+02   0.0000000e+00   3.1928384e-04
   3.3400000e+02   0.0000000e+00   3.1594649e-04
   3.3500000e+02   0.0000000e+00   3.1264403e-04
   3.3600000e+02   0.0000000e+00   3.0937609e-04
   3.3700000e+02   0.0000000e+00   3.0614231e-04
   3.3800000e+02   0.0000000e+00   3.0294233e-04
   3.3900000e+02   0.0000000e+00   2.9977580e-04
   3.4000000e+02   0.0000000e+00   2.9664236e-04
   3.4100000e+02   0.0000000e+00   2.9354168e-04
   3.4200000e+02   1.0000000e+00   2.9047341e-04
   3.4300000e+02   0.0000000e+00   2.8743721e-04
   3.4400000e+02   0.0000000e+00   2.8443274e-04
   3.4500000e+02   0.0000000e+00   2.8145968e-04
   3.4600000e+02   0.0000000e+00   2.7851770e-04
   3.4700000e+02   0.0000000e+00   2.7560647e-04
   3.4800000e+02   0.0000000e+00   2.7272567e-04
   3.4900000e+02   0.0000000e+00   2.6987498e-04
   3.5000000e+02   0.0000000e+00   2.6705408e-04
   3.5100000e+02   1.0000000e+00   2.6426267e-04
   3.5200000e+02   0.0000000e+00   2.6150044e-04
   3.5300000e+02   0.0000000e+00   2.5876709e-04
   3.5400000e+02   0.0000000e+00   2.5606230e-04
   3.5500000e+02   1.0000000e+00   2.5338578e-04
   3.5600000e+02   1.0000000e+00   2.5073725e-04
   3.5700000e+02   0.0000000e+00   2.4811639e-04
   3.5800000e+02   0.0000000e+00   2.4552293e-04
   3.5900000e+02   1.0000000e+00   2.4295658e-04
   3.6000000e+02   0.0000000e+00   2.4041705e-04
   3.6100000e+02   1.0000000e+00   2.3790407e-04
   3.6200000e+02   0.0000000e+00   2.3541736e-04
   3.6300000e+02   0.0000000e+00   2.3295664e-04
   3.6400000e+02   0.0000000e+00   2.3052164e-04
   3.6500000e+02   0.0000000e+00   2.2811209e-04
   3.6600000e+02   0.0000000e+00   2.2572772e-04
   3.6700000e+02   0.0000000e+00   2.2336828e-04
   3.6800000e+02   0.0000000e+00   2.2103351e-04
   3.6900000e+02   0.0000000e+00   2.1872313e-04
   3.7000000e+02   0.0000000e+00   2.1643691e-04
   3.7100000e+02   0.0000000e+00   2.1417458e-04
   3.7200000e+02   0.0000000e+00   2.1193590e-04
   3.7300000e+02   1.0000000e+00   2.0972062e-04
   3.7400000e+02   0.0000000e+00   2.0752850e-04
   3.7500000e+02   0.0000000e+00   2.0535929e-04
   3.7600000e+02   0.0000000e+00   2.0321275e-04
   3.7700000e+02   0.0000000e+00   2.0108865e-04
   3.7800000e+02   0.0000000e+00   1.9898675e-04
   3.7900000e+02   1.0000000e+00   1.9690682e-04
   3.8000000e+02   0.0000000e+00   1.9484864e-04
   3.8100000e+02   0.0000000e+00   1.9281196e-04
   3.8200000e+02   0.0000000e+00   1.9079658e-04
   3.8300000e+02   1.0000000e+00   1.8880226e-04
   3.8400000e+02   1.0000000e+00   1.8682879e-04
   3.8500000e+02   0.0000000e+00   1.8487594e-04
   3.8600000e+02   0.0000000e+00   1.8294351e-04
   3.8700000e+02   0.0000000e+00   1.8103127e-04
   3.8800000e+02   0.0000000e+00   1.7913903e-04
   3.8900000e+02   0.0000000e+00   1.7726656e-04
   3.9000000e+02   0.0000000e+00   1.7541367e-04
   3.9100000e+02   0.0000000e+00   1.7358014e-04
   3.9200000e+02   0.0000000e+00   1.7176578e-04
   3.9300000e+02   0.0000000e+00   1.6997038e-04
   3.9400000e+02   1.0000000e+00   1.6819375e-04
   3.9500000e+02   0.0000000e+00   1.6643569e-04
   3.9600000e+02   0.0000000e+00   1.6469600e-04
   3.9700000e+02   0.0000000e+00   1.6297450e-04
   3.9800000e+02   0.0000000e+00   1.6127099e-04
   3.9900000e+02   0.0000000e+00   1.5958529e-04
   4.0000000e+02   0.0000000e+00   1.5791721e-04
   4.0100000e+02   0.0000000e+00   1.5626657e-04
   4.0200000e+02   0.0000000e+00   1.5463318e-04
   4.0300000e+02   0.0000000e+00   1.5301686e-04
   4.0400000e+02   0.0000000e+00   1.5141744e-04
   4.0500000e+02   0.0000000e+00   1.4983473e-04
   4.0600000e+02   0.0000000e+00   1.4826857e-04
   4.0700000e+02   0.0000000e+00   1.4671878e-04
   4.0800000e+02   1.0000000e+00   1.4518519e-04
   4.0900000e+02   0.0000000e+00   1.4366763e-04
   4.1000000e+02   0.0000000e+00   1.4216593e-04
   4.1100000e+02   0.0000000e+00   1.4067993e-04
   4.1200000e+02   0.0000000e+00   1.3920946e-04
   4.1300000e+02   0.0000000e+00   1.3775436e-04
   4.1400000e+02   0.0000000e+00   1.3631447e-04
   4.1500000e+02   0.0000000e+00   1.3488963e-04
   4.1600000e+02   0.0000000e+00   1.3347968e-04
   4.1700000e+02   0.0000000e+00   1.3208447e-04
   4.1800000e+02   0.0000000e+00   1.3070385e-04
   4.1900000e+02   0.0000000e+00   1.2933765e-04
   4.2000000e+02   0.0000000e+00   1.2798574e-04
   4.2100000e+02   0.0000000e+00   1.2664796e-04
   4.2200000e+02   0.0000000e+00   1.2532416e-04
   4.2300000e+02   0.0000000e+00   1.2401419e-04
   4.2400000e+02   0.0000000e+00   1.2271792e-04
   4.2500000e+02   0.0000000e+00   1.2143520e-04
   4.2600000e+02   0.0000000e+00   1.2016589e-04
   4.2700000e+02   0.0000000e+00   1.1890985e-04
   4.2800000e+02   0.0000000e+00   1.1766693e-04
   4.2900000e+02   0.0000000e+00   1.1643700e-04
   4.3000000e+02   0.0000000e+00   1.1521994e-04
   4.3100000e+02   0.0000000e+00   1.1401559e-04
   4.3200000e+02   0.0000000e+00   1.1282383e-04
   4.3300000e+02   0.0000000e+00   1.1164453e-04
   4.3400000e+02   0.0000000e+00   1.1047755e-04
   4.3500000e+02   0.0000000e+00   1.0932278e-04
   4.3600000e+02   0.0000000e+00   1.0818007e-04
   4.3700000e+02   1.0000000e+00   1.0704931e-04
   4.3800000e+02   0.0000000e+00   1.0593037e-04
   4.3900000e+02   0.0000000e+00   1.0482312e-04
   4.4000000e+02   0.0000000e+00   1.0372744e-04
   4.4100000e+02   1.0000000e+00   1.0264322e-04
   4.4200000e+02   0.0000000e+00   1.0157034e-04
   4.4300000e+02   0.0000000e+00   1.0050866e-04
   4.4400000e+02   0.0000000e+00   9.9458087e-05
   4.4500000e+02   0.0000000e+00   9.8418492e-05
   4.4600000e+02   0.0000000e+00   9.7389763e-05
   4.4700000e+02   0.0000000e+00   9.6371788e-05
   4.4800000e+02   0.0000000e+00   9.5364453e-05
   4.4900000e+02   0.0000000e+00   9.4367647e-05
   4.5000000e+02   1.0000000e+00   9.3381260e-05
   4.5100000e+02   0.0000000e+00   9.2405184e-05
   4.5200000e+02   0.0000000e+00   9.1439310e-05
   4.5300000e+02   0.0000000e+00   9.0483532e-05
   4.5400000e+02   0.0000000e+00   8.9537745e-05
   4.5500000e+02   0.0000000e+00   8.8601843e-05
   4.5600000e+02   0.0000000e+00   8.7675724e-05
   4.5700000e+02   0.0000000e+00   8.6759285e-05
   4.5800000e+02   0.0000000e+00   8.5852426e-05
   4.5900000e+02   0.0000000e+00   8.4955045e-05
   4.6000000e+02   0.0000000e+00   8.4067045e-05
   4.6100000e+02   0.0000000e+00   8.3188326e-05
   4.6200000e+02   0.0000000e+00   8.2318793e-05
   4.6300000e+02   0.0000000e+00   8.1458348e-05
   4.6400000e+02   0.0000000e+00   8.0606897e-05
   4.6500000e+02   0.0000000e+00   7.9764346e-05
   4.6600000e+02   0.0000000e+00   7.8930601e-05
   4.6700000e+02   0.0000000e+00   7.8105572e-05
   4.6800000e+02   0.0000000e+00   7.7289166e-05
   4.6900000e+02   0.0000000e+00   7.6481294e-05
   4.7000000e+02   0.0000000e+00   7.5681866e-05
   4.7100000e+02   0.0000000e+00   7.4890794e-05
   4.7200000e+02   0.0000000e+00   7.4107991e-05
   4.7300000e+02   0.0000000e+00   7.3333371e-05
   4.7400000e+02   0.0000000e+00   7.2566847e-05
   4.7500000e+02   0.0000000e+00   7.1808335e-05
   4.7600000e+02   0.0000000e+00   7.1057752e-05
   4.7700000e+02   0.0000000e+00   7.0315014e-05
   4.7800000e+02   0.0000000e+00   6.9580040e-05
   4.7900000e+02   0.0000000e+00   6.8852748e-05
   4.8000000e+02   0.0000000e+00   6.8133058e-05
   4.8100000e+02   0.0000000e+00   6.7420891e-05
   4.8200000e+02   0.0000000e+00   6.6716168e-05
   4.8300000e+02   0.0000000e+00   6.6018811e-05
   4.8400000e+02   0.0000000e+00   6.5328743e-05
   4.8500000e+02   0.0000000e+00   6.4645888e-05
   4.8600000e+02   0.0000000e+00   6.3970171e-05
   4.8700000e+02   0.0000000e+00   6.3301517e-05
   4.8800000e+02   0.0000000e+00   6.2639852e-05
   4.8900000e+02   0.0000000e+00   6.1985103e-05
   4.9000000e+02   0.0000000e+00   6.1337198e-05
   4.9100000e+02   0.0000000e+00   6.0696065e-05
   4.9200000e+02   1.0000000e+00   6.0061634e-05
   4.9300000e+02   0.0000000e+00   5.9433834e-05
   4.9400000e+02   0.0000000e+00   5.8812597e-05
   4.9500000e+02   0.0000000e+00   5.8197853e-05
   4.9600000e+02   0.0000000e+00   5.7589534e-05
   4.9700000e+02   0.0000000e+00   5.6987574e-05
   4.9800000e+02   0.0000000e+00   5.6391906e-05
   4.9900000e+02   0.0000000e+00   5.5802465e-05
   5.0000000e+02   0.0000000e+00   5.5219184e-05
   5.0100000e+02   0.0000000e+00   5.4642000e-05
   5.0200000e+02   1.0000000e+00   5.4070850e-05
   5.0300000e+02   0.0000000e+00   5.3505669e-05
   5.0400000e+02   0.0000000e+00   5.2946396e-05
   5.0500000e+02   0.0000000e+00   5.2392969e-05
   5.0600000e+02   0.0000000e+00   5.1845327e-05
   5.0700000e+02   0.0000000e+00   5.1303409e-05
   5.0800000e+02   0.0000000e+00   5.0767155e-05
   5.0900000e+02   0.0000000e+00   5.0236507e-05
   5.1000000e+02   0.0000000e+00   4.9711405e-05
   5.1100000e+02   0.0000000e+00   4.9191792e-05
   5.1200000e+02   0.0000000e+00   4.8677610e-05
   5.1300000e+02   0.0000000e+00   4.8168803e-05
   5.1400000e+02   0.0000000e+00   4.7665314e-05
   5.1500000e+02   0.0000000e+00   4.7167088e-05
   5.1600000e+02   0.0000000e+00   4.6674069e-05
   5.1700000e+02   0.0000000e+00   4.6186204e-05
   5.1800000e+02   0.0000000e+00   4.5703439e-05
   5.1900000e+02   0.0000000e+00   4.5225719e-05
   5.2000000e+02   0.0000000e+00   4.4752993e-05
   5.2100000e+02   0.0000000e+00   4.4285208e-05
   5.2200000e+02   0.0000000e+00   4.3822313e-05
   5.2300000e+02   0.0000000e+00   4.3364256e-05
   5.2400000e+02   0.0000000e+00   4.2910987e-05
   5.2500000e+02   0.0000000e+00   4.2462456e-05
   5.2600000e+02   0.0000000e+00   4.2018613e-05
   5.2700000e+02   0.0000000e+00   4.1579410e-05
   5.2800000e+02   0.0000000e+00   4.1144797e-05
   5.2900000e+02   0.0000000e+00   4.0714728e-05
   5.3000000e+02   0.0000000e+00   4.0289153e-05
   5.3100000e+02   0.0000000e+00   3.9868027e-05
   5.3200000e+02   0.0000000e+00   3.9451303e-05
   5.3300000e+02   0.0000000e+00   3.9038934e-05
   5.3400000e+02   0.0000000e+00   3.8630876e-05
   5.3500000e+02   0.0000000e+00   3.8227083e-05
   5.3600000e+02   0.0000000e+00   3.7827511e-05
   5.3700000e+02   0.0000000e+00   3.7432116e-05
   5.3800000e+02   0.0000000e+00   3.7040853e-05
   5.3900000e+02   0.0000000e+00   3.6653680e-05
   5.4000000e+02   0.0000000e+00   3.6270554e-05
   5.4100000e+02   0.0000000e+00   3.5891433e-05
   5.4200000e+02   0.0000000e+00   3.5516274e-05
   5.4300000e+02   0.0000000e+00   3.5145037e-05
   5.4400000e+02   0.0000000e+00   3.4777680e-05
   5.4500000e+02   1.0000000e+00   3.4414163e-05
   5.4600000e+02   0.0000000e+00   3.4054446e-05
   5.4700000e+02   0.0000000e+00   3.3698489e-05
   5.4800000e+02   0.0000000e+00   3.3346252e-05
   5.4900000e+02   0.0000000e+00   3.2997697e-05
   5.5000000e+02   0.0000000e+00   3.2652786e-05
   5.5100000e+02   0.0000000e+00   3.2311480e-05
   5.5200000e+02   0.0000000e+00   3.1973741e-05
   5.5300000e+02   0.0000000e+00   3.1639532e-05
   5.5400000e+02   0.0000000e+00   3.1308817e-05
   5.5500000e+02   0.0000000e+00   3.0981559e-05
   5.5600000e+02   0.0000000e+00   3.0657721e-05
   5.5700000e+02   0.0000000e+00   3.0337269e-05
   5.5800000e+02   0.0000000e+00   3.0020165e-05
   5.5900000e+02   0.0000000e+00   2.9706377e-05
   5.6000000e+02   0.0000000e+00   2.9395868e-05
   5.6100000e+02   0.0000000e+00   2.9088605e-05
   5.6200000e+02   0.0000000e+00   2.8784554e-05
   5.6300000e+02   0.0000000e+00   2.8483681e-05
   5.6400000e+02   0.0000000e+00   2.8185952e-05
   5.6500000e+02   0.0000000e+00   2.7891336e-05
   5.6600000e+02   0.0000000e+00   2.7599799e-05
   5.6700000e+02   0.0000000e+00   2.7311310e-05
   5.6800000e+02   0.0000000e+00   2.7025836e-05
   5.6900000e+02   0.0000000e+00   2.6743346e-05
   5.7000000e+02   0.0000000e+00   2.6463808e-05
   5.7100000e+02   0.0000000e+00   2.6187193e-05
   5.7200000e+02   0.0000000e+00   2.5913469e-05
   5.7300000e+02   0.0000000e+00   2.5642606e-05
   5.7400000e+02   0.0000000e+00   2.5374574e-05
   5.7500000e+02   0.0000000e+00   2.5109344e-05
   5.7600000e+02   0.0000000e+00   2.4846886e-05
   5.7700000e+02   0.0000000e+00   2.4587172e-05
   5.7800000e+02   0.0000000e+00   2.4330172e-05
   5.7900000e+02   0.0000000e+00   2.4075859e-05
   5.8000000e+02   0.0000000e+00   2.3824204e-05
   5.8100000e+02   0.0000000e+00   2.3575179e-05
   5.8200000e+02   0.0000000e+00   2.3328757e-05
   5.8300000e+02   0.0000000e+00   2.3084911e-05
   5.8400000e+02   0.0000000e+00   2.2843614e-05
   5.8500000e+02   0.0000000e+00   2.2604839e-05
   5.8600000e+02   0.0000000e+00   2.2368560e-05
   5.8700000e+02   0.0000000e+00   2.2134750e-05
   5.8800000e+02   0.0000000e+00   2.1903385e-05
   5.8900000e+02   0.0000000e+00   2.1674438e-05
   5.9000000e+02   0.0000000e+00   2.1447884e-05
   5.9100000e+02   0.0000000e+00   2.1223698e-05
   5.9200000e+02   0.0000000e+00   2.1001855e-05
   5.9300000e+02   0.0000000e+00   2.0782331e-05
   5.9400000e+02   0.0000000e+00   2.0565102e-05
   5.9500000e+02   0.0000000e+00   2.0350143e-05
   5.9600000e+02   0.0000000e+00   2.0137431e-05
   5.9700000e+02   0.0000000e+00   1.9926943e-05
   5.9800000e+02   0.0000000e+00   1.9718655e-05
   5.9900000e+02   0.0000000e+00   1.9512544e-05
   6.0000000e+02   0.0000000e+00   1.9308587e-05
   6.0100000e+02   0.0000000e+00   1.9106762e-05
   6.0200000e+02   0.0000000e+00   1.8907047e-05
   6.0300000e+02   0.0000000e+00   1.8709419e-05
   6.0400000e+02   0.0000000e+00   1.8513857e-05
   6.0500000e+02   0.0000000e+00   1.8320340e-05
   6.0600000e+02   0.0000000e+00   1.8128845e-05
   6.0700000e+02   0.0000000e+00   1.7939351e-05
   6.0800000e+02   0.0000000e+00   1.7751838e-05
   6.0900000e+02   0.0000000e+00   1.7566286e-05
   6.1000000e+02   0.0000000e+00   1.7382672e-05
   6.1100000e+02   0.0000000e+00   1.7200978e-05
   6.1200000e+02   0.0000000e+00   1.7021184e-05
   6.1300000e+02   0.0000000e+00   1.6843268e-05
   6.1400000e+02   0.0000000e+00   1.6667212e-05
   6.1500000e+02   0.0000000e+00   1.6492997e-05
   6.1600000e+02   0.0000000e+00   1.6320602e-05
   6.1700000e+02   0.0000000e+00   1.6150009e-05
   6.1800000e+02   0.0000000e+00   1.5981200e-05
   6.1900000e+02   0.0000000e+00   1.5814155e-05
   6.2000000e+02   0.0000000e+00   1.5648856e-05
   6.2100000e+02   0.0000000e+00   1.5485285e-05
   6.2200000e+02   0.0000000e+00   1.5323424e-05
   6.2300000e+02   1.0000000e+00   1.5163254e-05
   6.2400000e+02   0.0000000e+00   1.5004759e-05
   6.2500000e+02   0.0000000e+00   1.4847920e-05
   6.2600000e+02   0.0000000e+00   1.4692721e-05
   6.2700000e+02   0.0000000e+00   1.4539144e-05
   6.2800000e+02   0.0000000e+00   1.4387172e-05
   6.2900000e+02   0.0000000e+00   1.4236789e-05
   6.3000000e+02   0.0000000e+00   1.4087977e-05
   6.3100000e+02   0.0000000e+00   1.3940722e-05
   6.3200000e+02   1.0000000e+00   1.3795005e-05
