   1.0000000e+00   4.3000000e+01   8.6102276e-02
   2.0000000e+00   3.2000000e+01   7.7272314e-02
   3.0000000e+00   4.1000000e+01   6.9429450e-02
   4.0000000e+00   2.6000000e+01   6.2459392e-02
   5.0000000e+00   2.2000000e+01   5.6261257e-02
   6.0000000e+00   3.5000000e+01   5.0745991e-02
   7.0000000e+00   1.6000000e+01   4.5834971e-02
   8.0000000e+00   1.8000000e+01   4.1458781e-02
   9.0000000e+00   1.4000000e+01   3.7556123e-02
   1.0000000e+01   1.7000000e+01   3.4072866e-02
   1.1000000e+01   1.9000000e+01   3.0961198e-02
   1.2000000e+01   1.2000000e+01   2.8178884e-02
   1.3000000e+01   1.5000000e+01   2.5688609e-02
   1.4000000e+01   1.2000000e+01   2.3457404e-02
   1.5000000e+01   1.7000000e+01   2.1456128e-02
   1.6000000e+01   1.1000000e+01   1.9659024e-02
   1.7000000e+01   1.0000000e+01   1.8043319e-02
   1.8000000e+01   6.0000000e+00   1.6588874e-02
   1.9000000e+01   4.0000000e+00   1.5277877e-02
   2.0000000e+01   5.0000000e+00   1.4094567e-02
   2.1000000e+01   5.0000000e+00   1.3024998e-02
   2.2000000e+01   1.1000000e+01   1.2056822e-02
   2.3000000e+01   4.0000000e+00   1.1179106e-02
   2.4000000e+01   4.0000000e+00   1.0382164e-02
   2.5000000e+01   3.0000000e+00   9.6574130e-03
   2.6000000e+01   7.0000000e+00   8.9972438e-03
   2.7000000e+01   2.0000000e+00   8.3949080e-03
   2.8000000e+01   2.0000000e+00   7.8444176e-03
   2.9000000e+01   0.0000000e+00   7.3404568e-03
   3.0000000e+01   2.0000000e+00   6.8783038e-03
   3.1000000e+01   3.0000000e+00   6.4537624e-03
   3.2000000e+01   1.0000000e+00   6.0631011e-03
   3.3000000e+01   1.0000000e+00   5.7029994e-03
   3.4000000e+01   4.0000000e+00   5.3705006e-03
   3.5000000e+01   1.0000000e+00   5.0629699e-03
   3.6000000e+01   2.0000000e+00   4.7780575e-03
   3.7000000e+01   6.0000000e+00   4.5136663e-03
   3.8000000e+01   4.0000000e+00   4.2679228e-03
   3.9000000e+01   4.0000000e+00   4.0391516e-03
   4.0000000e+01   3.0000000e+00   3.8258534e-03
   4.1000000e+01   3.0000000e+00   3.6266846e-03
   4.2000000e+01   1.0000000e+00   3.4404402e-03
   4.3000000e+01   2.0000000e+00   3.2660381e-03
   4.4000000e+01   2.0000000e+00   3.1025053e-03
   4.5000000e+01   1.0000000e+00   2.9489660e-03
   4.6000000e+01   1.0000000e+00   2.8046307e-03
   4.7000000e+01   1.0000000e+00   2.6687868e-03
   4.8000000e+01   4.0000000e+00   2.5407901e-03
   4.9000000e+01   0.0000000e+00   2.4200577e-03
   5.0000000e+01   1.0000000e+00   2.3060608e-03
   5.1000000e+01   1.0000000e+00   2.1983196e-03
   5.2000000e+01   0.0000000e+00   2.0963974e-03
   5.3000000e+01   1.0000000e+00   1.9998966e-03
   5.4000000e+01   0.0000000e+00   1.9084545e-03
   5.5000000e+01   0.0000000e+00   1.8217394e-03
   5.6000000e+01   0.0000000e+00   1.7394478e-03
   5.7000000e+01   0.0000000e+00   1.6613012e-03
   5.8000000e+01   1.0000000e+00   1.5870440e-03
   5.9000000e+01   2.0000000e+00   1.5164408e-03
   6.0000000e+01   3.0000000e+00   1.4492746e-03
   6.1000000e+01   1.0000000e+00   1.3853451e-03
   6.2000000e+01   1.0000000e+00   1.3244670e-03
   6.3000000e+01   1.0000000e+00   1.2664687e-03
   6.4000000e+01   0.0000000e+00   1.2111909e-03
   6.5000000e+01   0.0000000e+00   1.1584854e-03
   6.6000000e+01   0.0000000e+00   1.1082145e-03
   6.7000000e+01   0.0000000e+00   1.0602497e-03
   6.8000000e+01   2.0000000e+00   1.0144708e-03
   6.9000000e+01   0.0000000e+00   9.7076569e-04
   7.0000000e+01   1.0000000e+00   9.2902927e-04
   7.1000000e+01   0.0000000e+00   8.8916296e-04
   7.2000000e+01   0.0000000e+00   8.5107424e-04
   7.3000000e+01   0.0000000e+00   8.1467613e-04
   7.4000000e+01   0.0000000e+00   7.7988675e-04
   7.5000000e+01   2.0000000e+00   7.4662896e-04
   7.6000000e+01   1.0000000e+00   7.1483000e-04
   7.7000000e+01   0.0000000e+00   6.8442115e-04
   7.8000000e+01   0.0000000e+00   6.5533749e-04
   7.9000000e+01   0.0000000e+00   6.2751757e-04
   8.0000000e+01   0.0000000e+00   6.0090324e-04
   8.1000000e+01   0.0000000e+00   5.7543937e-04
   8.2000000e+01   0.0000000e+00   5.5107371e-04
   8.3000000e+01   0.0000000e+00   5.2775664e-04
   8.4000000e+01   1.0000000e+00   5.0544106e-04
   8.5000000e+01   0.0000000e+00   4.8408220e-04
   8.6000000e+01   0.0000000e+00   4.6363753e-04
   8.7000000e+01   1.0000000e+00   4.4406653e-04
   8.8000000e+01   0.0000000e+00   4.2533068e-04
   8.9000000e+01   0.0000000e+00   4.0739329e-04
   9.0000000e+01   0.0000000e+00   3.9021938e-04
   9.1000000e+01   0.0000000e+00   3.7377563e-04
   9.2000000e+01   0.0000000e+00   3.5803028e-04
   9.3000000e+01   0.0000000e+00   3.4295302e-04
   9.4000000e+01   0.0000000e+00   3.2851494e-04
   9.5000000e+01   0.0000000e+00   3.1468843e-04
   9.6000000e+01   0.0000000e+00   3.0144716e-04
   9.7000000e+01   1.0000000e+00   2.8876596e-04
   9.8000000e+01   0.0000000e+00   2.7662079e-04
   9.9000000e+01   0.0000000e+00   2.6498871e-04
   1.0000000e+02   0.0000000e+00   2.5384775e-04
   1.0100000e+02   0.0000000e+00   2.4317697e-04
   1.0200000e+02   0.0000000e+00   2.3295629e-04
   1.0300000e+02   0.0000000e+00   2.2316656e-04
   1.0400000e+02   0.0000000e+00   2.1378944e-04
   1.0500000e+02   0.0000000e+00   2.0480739e-04
   1.0600000e+02   0.0000000e+00   1.9620366e-04
   1.0700000e+02   0.0000000e+00   1.8796219e-04
   1.0800000e+02   0.0000000e+00   1.8006762e-04
   1.0900000e+02   0.0000000e+00   1.7250528e-04
   1.1000000e+02   0.0000000e+00   1.6526111e-04
   1.1100000e+02   0.0000000e+00   1.5832165e-04
   1.1200000e+02   0.0000000e+00   1.5167403e-04
   1.1300000e+02   0.0000000e+00   1.4530591e-04
   1.1400000e+02   0.0000000e+00   1.3920551e-04
   1.1500000e+02   0.0000000e+00   1.3336153e-04
   1.1600000e+02   0.0000000e+00   1.2776315e-04
   1.1700000e+02   0.0000000e+00   1.2240002e-04
   1.1800000e+02   0.0000000e+00   1.1726222e-04
   1.1900000e+02   0.0000000e+00   1.1234027e-04
   1.2000000e+02   0.0000000e+00   1.0762508e-04
   1.2100000e+02   0.0000000e+00   1.0310794e-04
   1.2200000e+02   0.0000000e+00   9.8780507e-05
   1.2300000e+02   0.0000000e+00   9.4634811e-05
   1.2400000e+02   0.0000000e+00   9.0663203e-05
   1.2500000e+02   0.0000000e+00   8.6858360e-05
   1.2600000e+02   0.0000000e+00   8.3213270e-05
   1.2700000e+02   0.0000000e+00   7.9721217e-05
   1.2800000e+02   0.0000000e+00   7.6375767e-05
   1.2900000e+02   0.0000000e+00   7.3170759e-05
   1.3000000e+02   0.0000000e+00   7.0100291e-05
   1.3100000e+02   0.0000000e+00   6.7158710e-05
   1.3200000e+02   0.0000000e+00   6.4340600e-05
   1.3300000e+02   0.0000000e+00   6.1640776e-05
   1.3400000e+02   0.0000000e+00   5.9054267e-05
   1.3500000e+02   0.0000000e+00   5.6576316e-05
   1.3600000e+02   0.0000000e+00   5.4202362e-05
   1.3700000e+02   0.0000000e+00   5.1928039e-05
   1.3800000e+02   0.0000000e+00   4.9749164e-05
   1.3900000e+02   0.0000000e+00   4.7661727e-05
   1.4000000e+02   0.0000000e+00   4.5661891e-05
   1.4100000e+02   0.0000000e+00   4.3745978e-05
   1.4200000e+02   0.0000000e+00   4.1910463e-05
   1.4300000e+02   0.0000000e+00   4.0151974e-05
   1.4400000e+02   0.0000000e+00   3.8467275e-05
   1.4500000e+02   0.0000000e+00   3.6853270e-05
   1.4600000e+02   0.0000000e+00   3.5306991e-05
   1.4700000e+02   0.0000000e+00   3.3825596e-05
   1.4800000e+02   0.0000000e+00   3.2406361e-05
   1.4900000e+02   0.0000000e+00   3.1046678e-05
   1.5000000e+02   0.0000000e+00   2.9744048e-05
   1.5100000e+02   0.0000000e+00   2.8496075e-05
   1.5200000e+02   1.0000000e+00   2.7300467e-05
   1.5300000e+02   0.0000000e+00   2.6155025e-05
   1.5400000e+02   0.0000000e+00   2.5057644e-05
   1.5500000e+02   0.0000000e+00   2.4006309e-05
   1.5600000e+02   0.0000000e+00   2.2999085e-05
   1.5700000e+02   0.0000000e+00   2.2034123e-05
   1.5800000e+02   0.0000000e+00   2.1109648e-05
   1.5900000e+02   0.0000000e+00   2.0223962e-05
   1.6000000e+02   1.0000000e+00   1.9375438e-05
