   1.0000000e+00   6.0000000e+00   9.9411729e-03
   2.0000000e+00   7.0000000e+00   9.8423459e-03
   3.0000000e+00   4.0000000e+00   9.7445015e-03
   4.0000000e+00   5.0000000e+00   9.6476297e-03
   5.0000000e+00   3.0000000e+00   9.5517209e-03
   6.0000000e+00   7.0000000e+00   9.4567656e-03
   7.0000000e+00   2.0000000e+00   9.3627543e-03
   8.0000000e+00   5.0000000e+00   9.2696775e-03
   9.0000000e+00   2.0000000e+00   9.1775261e-03
   1.0000000e+01   8.0000000e+00   9.0862907e-03
   1.1000000e+01   5.0000000e+00   8.9959623e-03
   1.2000000e+01   4.0000000e+00   8.9065319e-03
   1.3000000e+01   8.0000000e+00   8.8179905e-03
   1.4000000e+01   7.0000000e+00   8.7303294e-03
   1.5000000e+01   1.0000000e+00   8.6435396e-03
   1.6000000e+01   4.0000000e+00   8.5576127e-03
   1.7000000e+01   2.0000000e+00   8.4725400e-03
   1.8000000e+01   2.0000000e+00   8.3883130e-03
   1.9000000e+01   4.0000000e+00   8.3049234e-03
   2.0000000e+01   1.0000000e+00   8.2223627e-03
   2.1000000e+01   3.0000000e+00   8.1406227e-03
   2.2000000e+01   2.0000000e+00   8.0596954e-03
   2.3000000e+01   6.0000000e+00   7.9795726e-03
   2.4000000e+01   1.0000000e+00   7.9002463e-03
   2.5000000e+01   6.0000000e+00   7.8217086e-03
   2.6000000e+01   1.0000000e+00   7.7439516e-03
   2.7000000e+01   1.0000000e+00   7.6669676e-03
   2.8000000e+01   9.0000000e+00   7.5907490e-03
   2.9000000e+01   2.0000000e+00   7.5152880e-03
   3.0000000e+01   5.0000000e+00   7.4405773e-03
   3.1000000e+01   5.0000000e+00   7.3666092e-03
   3.2000000e+01   6.0000000e+00   7.2933765e-03
   3.3000000e+01   5.0000000e+00   7.2208718e-03
   3.4000000e+01   4.0000000e+00   7.1490878e-03
   3.5000000e+01   5.0000000e+00   7.0780175e-03
   3.6000000e+01   2.0000000e+00   7.0076537e-03
   3.7000000e+01   3.0000000e+00   6.9379894e-03
   3.8000000e+01   6.0000000e+00   6.8690177e-03
   3.9000000e+01   4.0000000e+00   6.8007316e-03
   4.0000000e+01   2.0000000e+00   6.7331243e-03
   4.1000000e+01   3.0000000e+00   6.6661892e-03
   4.2000000e+01   8.0000000e+00   6.5999194e-03
   4.3000000e+01   0.0000000e+00   6.5343085e-03
   4.4000000e+01   2.0000000e+00   6.4693498e-03
   4.5000000e+01   0.0000000e+00   6.4050369e-03
   4.6000000e+01   2.0000000e+00   6.3413633e-03
   4.7000000e+01   3.0000000e+00   6.2783227e-03
   4.8000000e+01   0.0000000e+00   6.2159088e-03
   4.9000000e+01   7.0000000e+00   6.1541154e-03
   5.0000000e+01   3.0000000e+00   6.0929363e-03
   5.1000000e+01   4.0000000e+00   6.0323653e-03
   5.2000000e+01   2.0000000e+00   5.9723965e-03
   5.3000000e+01   4.0000000e+00   5.9130239e-03
   5.4000000e+01   3.0000000e+00   5.8542415e-03
   5.5000000e+01   2.0000000e+00   5.7960435e-03
   5.6000000e+01   1.0000000e+00   5.7384240e-03
   5.7000000e+01   1.0000000e+00   5.6813774e-03
   5.8000000e+01   1.0000000e+00   5.6248978e-03
   5.9000000e+01   2.0000000e+00   5.5689797e-03
   6.0000000e+01   2.0000000e+00   5.5136175e-03
   6.1000000e+01   3.0000000e+00   5.4588057e-03
   6.2000000e+01   3.0000000e+00   5.4045388e-03
   6.3000000e+01   0.0000000e+00   5.3508113e-03
   6.4000000e+01   4.0000000e+00   5.2976180e-03
   6.5000000e+01   1.0000000e+00   5.2449534e-03
   6.6000000e+01   5.0000000e+00   5.1928125e-03
   6.7000000e+01   2.0000000e+00   5.1411898e-03
   6.8000000e+01   0.0000000e+00   5.0900804e-03
   6.9000000e+01   3.0000000e+00   5.0394790e-03
   7.0000000e+01   4.0000000e+00   4.9893807e-03
   7.1000000e+01   1.0000000e+00   4.9397804e-03
   7.2000000e+01   3.0000000e+00   4.8906732e-03
   7.3000000e+01   4.0000000e+00   4.8420541e-03
   7.4000000e+01   3.0000000e+00   4.7939184e-03
   7.5000000e+01   5.0000000e+00   4.7462613e-03
   7.6000000e+01   6.0000000e+00   4.6990779e-03
   7.7000000e+01   4.0000000e+00   4.6523635e-03
   7.8000000e+01   1.0000000e+00   4.6061136e-03
   7.9000000e+01   1.0000000e+00   4.5603234e-03
   8.0000000e+01   3.0000000e+00   4.5149884e-03
   8.1000000e+01   3.0000000e+00   4.4701041e-03
   8.2000000e+01   4.0000000e+00   4.4256661e-03
   8.3000000e+01   3.0000000e+00   4.3816698e-03
   8.4000000e+01   0.0000000e+00   4.3381108e-03
   8.5000000e+01   0.0000000e+00   4.2949849e-03
   8.6000000e+01   0.0000000e+00   4.2522877e-03
   8.7000000e+01   0.0000000e+00   4.2100150e-03
   8.8000000e+01   3.0000000e+00   4.1681625e-03
   8.9000000e+01   3.0000000e+00   4.1267261e-03
   9.0000000e+01   1.0000000e+00   4.0857016e-03
   9.1000000e+01   2.0000000e+00   4.0450849e-03
   9.2000000e+01   2.0000000e+00   4.0048720e-03
   9.3000000e+01   1.0000000e+00   3.9650589e-03
   9.4000000e+01   0.0000000e+00   3.9256416e-03
   9.5000000e+01   2.0000000e+00   3.8866161e-03
   9.6000000e+01   1.0000000e+00   3.8479786e-03
   9.7000000e+01   1.0000000e+00   3.8097251e-03
   9.8000000e+01   1.0000000e+00   3.7718520e-03
   9.9000000e+01   0.0000000e+00   3.7343554e-03
   1.0000000e+02   1.0000000e+00   3.6972315e-03
   1.0100000e+02   0.0000000e+00   3.6604767e-03
   1.0200000e+02   3.0000000e+00   3.6240873e-03
   1.0300000e+02   5.0000000e+00   3.5880596e-03
   1.0400000e+02   4.0000000e+00   3.5523901e-03
   1.0500000e+02   3.0000000e+00   3.5170751e-03
   1.0600000e+02   1.0000000e+00   3.4821113e-03
   1.0700000e+02   1.0000000e+00   3.4474950e-03
   1.0800000e+02   1.0000000e+00   3.4132229e-03
   1.0900000e+02   3.0000000e+00   3.3792914e-03
   1.1000000e+02   2.0000000e+00   3.3456973e-03
   1.1100000e+02   0.0000000e+00   3.3124372e-03
   1.1200000e+02   1.0000000e+00   3.2795076e-03
   1.1300000e+02   0.0000000e+00   3.2469055e-03
   1.1400000e+02   1.0000000e+00   3.2146274e-03
   1.1500000e+02   1.0000000e+00   3.1826703e-03
   1.1600000e+02   1.0000000e+00   3.1510308e-03
   1.1700000e+02   2.0000000e+00   3.1197059e-03
   1.1800000e+02   0.0000000e+00   3.0886923e-03
   1.1900000e+02   2.0000000e+00   3.0579871e-03
   1.2000000e+02   0.0000000e+00   3.0275871e-03
   1.2100000e+02   3.0000000e+00   2.9974894e-03
   1.2200000e+02   2.0000000e+00   2.9676908e-03
   1.2300000e+02   3.0000000e+00   2.9381885e-03
   1.2400000e+02   0.0000000e+00   2.9089794e-03
   1.2500000e+02   0.0000000e+00   2.8800608e-03
   1.2600000e+02   2.0000000e+00   2.8514296e-03
   1.2700000e+02   1.0000000e+00   2.8230830e-03
   1.2800000e+02   1.0000000e+00   2.7950183e-03
   1.2900000e+02   4.0000000e+00   2.7672325e-03
   1.3000000e+02   2.0000000e+00   2.7397230e-03
   1.3100000e+02   2.0000000e+00   2.7124869e-03
   1.3200000e+02   1.0000000e+00   2.6855216e-03
   1.3300000e+02   0.0000000e+00   2.6588244e-03
   1.3400000e+02   1.0000000e+00   2.6323925e-03
   1.3500000e+02   1.0000000e+00   2.6062235e-03
   1.3600000e+02   1.0000000e+00   2.5803146e-03
   1.3700000e+02   1.0000000e+00   2.5546632e-03
   1.3800000e+02   1.0000000e+00   2.5292669e-03
   1.3900000e+02   1.0000000e+00   2.5041230e-03
   1.4000000e+02   2.0000000e+00   2.4792291e-03
   1.4100000e+02   1.0000000e+00   2.4545826e-03
   1.4200000e+02   4.0000000e+00   2.4301812e-03
   1.4300000e+02   2.0000000e+00   2.4060223e-03
   1.4400000e+02   1.0000000e+00   2.3821036e-03
   1.4500000e+02   0.0000000e+00   2.3584227e-03
   1.4600000e+02   1.0000000e+00   2.3349773e-03
   1.4700000e+02   0.0000000e+00   2.3117648e-03
   1.4800000e+02   2.0000000e+00   2.2887832e-03
   1.4900000e+02   1.0000000e+00   2.2660300e-03
   1.5000000e+02   1.0000000e+00   2.2435030e-03
   1.5100000e+02   1.0000000e+00   2.2212000e-03
   1.5200000e+02   1.0000000e+00   2.1991186e-03
   1.5300000e+02   1.0000000e+00   2.1772568e-03
   1.5400000e+02   0.0000000e+00   2.1556123e-03
   1.5500000e+02   1.0000000e+00   2.1341830e-03
   1.5600000e+02   1.0000000e+00   2.1129667e-03
   1.5700000e+02   1.0000000e+00   2.0919613e-03
   1.5800000e+02   0.0000000e+00   2.0711648e-03
   1.5900000e+02   1.0000000e+00   2.0505750e-03
   1.6000000e+02   1.0000000e+00   2.0301899e-03
   1.6100000e+02   1.0000000e+00   2.0100074e-03
   1.6200000e+02   1.0000000e+00   1.9900256e-03
   1.6300000e+02   1.0000000e+00   1.9702424e-03
   1.6400000e+02   0.0000000e+00   1.9506559e-03
   1.6500000e+02   1.0000000e+00   1.9312641e-03
   1.6600000e+02   0.0000000e+00   1.9120650e-03
   1.6700000e+02   1.0000000e+00   1.8930569e-03
   1.6800000e+02   0.0000000e+00   1.8742377e-03
   1.6900000e+02   1.0000000e+00   1.8556055e-03
   1.7000000e+02   1.0000000e+00   1.8371586e-03
   1.7100000e+02   2.0000000e+00   1.8188951e-03
   1.7200000e+02   2.0000000e+00   1.8008132e-03
   1.7300000e+02   2.0000000e+00   1.7829110e-03
   1.7400000e+02   1.0000000e+00   1.7651868e-03
   1.7500000e+02   2.0000000e+00   1.7476387e-03
   1.7600000e+02   2.0000000e+00   1.7302651e-03
   1.7700000e+02   0.0000000e+00   1.7130643e-03
   1.7800000e+02   3.0000000e+00   1.6960344e-03
   1.7900000e+02   1.0000000e+00   1.6791738e-03
   1.8000000e+02   0.0000000e+00   1.6624809e-03
   1.8100000e+02   1.0000000e+00   1.6459539e-03
   1.8200000e+02   0.0000000e+00   1.6295912e-03
   1.8300000e+02   1.0000000e+00   1.6133911e-03
   1.8400000e+02   1.0000000e+00   1.5973521e-03
   1.8500000e+02   0.0000000e+00   1.5814726e-03
   1.8600000e+02   2.0000000e+00   1.5657509e-03
   1.8700000e+02   0.0000000e+00   1.5501855e-03
   1.8800000e+02   0.0000000e+00   1.5347748e-03
   1.8900000e+02   0.0000000e+00   1.5195173e-03
   1.9000000e+02   1.0000000e+00   1.5044116e-03
   1.9100000e+02   0.0000000e+00   1.4894559e-03
   1.9200000e+02   1.0000000e+00   1.4746490e-03
   1.9300000e+02   1.0000000e+00   1.4599893e-03
   1.9400000e+02   1.0000000e+00   1.4454753e-03
   1.9500000e+02   0.0000000e+00   1.4311055e-03
   1.9600000e+02   0.0000000e+00   1.4168787e-03
   1.9700000e+02   0.0000000e+00   1.4027932e-03
   1.9800000e+02   0.0000000e+00   1.3888478e-03
   1.9900000e+02   0.0000000e+00   1.3750411e-03
   2.0000000e+02   2.0000000e+00   1.3613715e-03
   2.0100000e+02   2.0000000e+00   1.3478379e-03
   2.0200000e+02   2.0000000e+00   1.3344388e-03
   2.0300000e+02   1.0000000e+00   1.3211729e-03
   2.0400000e+02   0.0000000e+00   1.3080389e-03
   2.0500000e+02   1.0000000e+00   1.2950355e-03
   2.0600000e+02   0.0000000e+00   1.2821613e-03
   2.0700000e+02   1.0000000e+00   1.2694151e-03
   2.0800000e+02   1.0000000e+00   1.2567956e-03
   2.0900000e+02   3.0000000e+00   1.2443016e-03
   2.1000000e+02   0.0000000e+00   1.2319318e-03
   2.1100000e+02   0.0000000e+00   1.2196850e-03
   2.1200000e+02   0.0000000e+00   1.2075599e-03
   2.1300000e+02   0.0000000e+00   1.1955553e-03
   2.1400000e+02   0.0000000e+00   1.1836701e-03
   2.1500000e+02   1.0000000e+00   1.1719030e-03
   2.1600000e+02   0.0000000e+00   1.1602529e-03
   2.1700000e+02   1.0000000e+00   1.1487186e-03
   2.1800000e+02   2.0000000e+00   1.1372990e-03
   2.1900000e+02   2.0000000e+00   1.1259929e-03
   2.2000000e+02   0.0000000e+00   1.1147993e-03
   2.2100000e+02   1.0000000e+00   1.1037168e-03
   2.2200000e+02   0.0000000e+00   1.0927446e-03
   2.2300000e+02   1.0000000e+00   1.0818814e-03
   2.2400000e+02   0.0000000e+00   1.0711263e-03
   2.2500000e+02   0.0000000e+00   1.0604780e-03
   2.2600000e+02   0.0000000e+00   1.0499356e-03
   2.2700000e+02   1.0000000e+00   1.0394980e-03
   2.2800000e+02   0.0000000e+00   1.0291642e-03
   2.2900000e+02   0.0000000e+00   1.0189331e-03
   2.3000000e+02   2.0000000e+00   1.0088037e-03
   2.3100000e+02   1.0000000e+00   9.9877502e-04
   2.3200000e+02   3.0000000e+00   9.8884602e-04
   2.3300000e+02   1.0000000e+00   9.7901573e-04
   2.3400000e+02   0.0000000e+00   9.6928317e-04
   2.3500000e+02   1.0000000e+00   9.5964736e-04
   2.3600000e+02   0.0000000e+00   9.5010734e-04
   2.3700000e+02   1.0000000e+00   9.4066216e-04
   2.3800000e+02   1.0000000e+00   9.3131087e-04
   2.3900000e+02   1.0000000e+00   9.2205255e-04
   2.4000000e+02   0.0000000e+00   9.1288627e-04
   2.4100000e+02   1.0000000e+00   9.0381110e-04
   2.4200000e+02   1.0000000e+00   8.9482616e-04
   2.4300000e+02   1.0000000e+00   8.8593054e-04
   2.4400000e+02   1.0000000e+00   8.7712335e-04
   2.4500000e+02   0.0000000e+00   8.6840372e-04
   2.4600000e+02   0.0000000e+00   8.5977077e-04
   2.4700000e+02   0.0000000e+00   8.5122364e-04
   2.4800000e+02   0.0000000e+00   8.4276147e-04
   2.4900000e+02   1.0000000e+00   8.3438344e-04
   2.5000000e+02   1.0000000e+00   8.2608869e-04
   2.5100000e+02   0.0000000e+00   8.1787640e-04
   2.5200000e+02   0.0000000e+00   8.0974575e-04
   2.5300000e+02   0.0000000e+00   8.0169592e-04
   2.5400000e+02   0.0000000e+00   7.9372613e-04
   2.5500000e+02   1.0000000e+00   7.8583556e-04
   2.5600000e+02   1.0000000e+00   7.7802343e-04
   2.5700000e+02   0.0000000e+00   7.7028897e-04
   2.5800000e+02   0.0000000e+00   7.6263139e-04
   2.5900000e+02   0.0000000e+00   7.5504994e-04
   2.6000000e+02   0.0000000e+00   7.4754386e-04
   2.6100000e+02   1.0000000e+00   7.4011239e-04
   2.6200000e+02   0.0000000e+00   7.3275481e-04
   2.6300000e+02   0.0000000e+00   7.2547037e-04
   2.6400000e+02   0.0000000e+00   7.1825834e-04
   2.6500000e+02   0.0000000e+00   7.1111801e-04
   2.6600000e+02   1.0000000e+00   7.0404866e-04
   2.6700000e+02   0.0000000e+00   6.9704959e-04
   2.6800000e+02   0.0000000e+00   6.9012010e-04
   2.6900000e+02   0.0000000e+00   6.8325950e-04
   2.7000000e+02   1.0000000e+00   6.7646710e-04
   2.7100000e+02   0.0000000e+00   6.6974222e-04
   2.7200000e+02   1.0000000e+00   6.6308420e-04
   2.7300000e+02   1.0000000e+00   6.5649236e-04
   2.7400000e+02   0.0000000e+00   6.4996606e-04
   2.7500000e+02   1.0000000e+00   6.4350464e-04
   2.7600000e+02   0.0000000e+00   6.3710745e-04
   2.7700000e+02   0.0000000e+00   6.3077385e-04
   2.7800000e+02   1.0000000e+00   6.2450322e-04
   2.7900000e+02   0.0000000e+00   6.1829492e-04
   2.8000000e+02   1.0000000e+00   6.1214835e-04
   2.8100000e+02   0.0000000e+00   6.0606287e-04
   2.8200000e+02   0.0000000e+00   6.0003790e-04
   2.8300000e+02   0.0000000e+00   5.9407282e-04
   2.8400000e+02   1.0000000e+00   5.8816704e-04
   2.8500000e+02   0.0000000e+00   5.8231997e-04
   2.8600000e+02   0.0000000e+00   5.7653102e-04
   2.8700000e+02   0.0000000e+00   5.7079963e-04
   2.8800000e+02   0.0000000e+00   5.6512521e-04
   2.8900000e+02   0.0000000e+00   5.5950720e-04
   2.9000000e+02   0.0000000e+00   5.5394505e-04
   2.9100000e+02   0.0000000e+00   5.4843818e-04
   2.9200000e+02   0.0000000e+00   5.4298606e-04
   2.9300000e+02   0.0000000e+00   5.3758815e-04
   2.9400000e+02   0.0000000e+00   5.3224389e-04
   2.9500000e+02   0.0000000e+00   5.2695276e-04
   2.9600000e+02   0.0000000e+00   5.2171423e-04
   2.9700000e+02   1.0000000e+00   5.1652778e-04
   2.9800000e+02   0.0000000e+00   5.1139289e-04
   2.9900000e+02   0.0000000e+00   5.0630904e-04
   3.0000000e+02   0.0000000e+00   5.0127574e-04
   3.0100000e+02   0.0000000e+00   4.9629247e-04
   3.0200000e+02   1.0000000e+00   4.9135874e-04
   3.0300000e+02   0.0000000e+00   4.8647406e-04
   3.0400000e+02   0.0000000e+00   4.8163794e-04
   3.0500000e+02   0.0000000e+00   4.7684989e-04
   3.0600000e+02   0.0000000e+00   4.7210944e-04
   3.0700000e+02   0.0000000e+00   4.6741612e-04
   3.0800000e+02   0.0000000e+00   4.6276946e-04
   3.0900000e+02   0.0000000e+00   4.5816898e-04
   3.1000000e+02   0.0000000e+00   4.5361425e-04
   3.1100000e+02   0.0000000e+00   4.4910479e-04
   3.1200000e+02   1.0000000e+00   4.4464016e-04
   3.1300000e+02   1.0000000e+00   4.4021992e-04
   3.1400000e+02   1.0000000e+00   4.3584361e-04
   3.1500000e+02   0.0000000e+00   4.3151082e-04
   3.1600000e+02   0.0000000e+00   4.2722109e-04
   3.1700000e+02   0.0000000e+00   4.2297402e-04
   3.1800000e+02   0.0000000e+00   4.1876916e-04
   3.1900000e+02   1.0000000e+00   4.1460610e-04
   3.2000000e+02   0.0000000e+00   4.1048443e-04
   3.2100000e+02   0.0000000e+00   4.0640373e-04
   3.2200000e+02   0.0000000e+00   4.0236360e-04
   3.2300000e+02   0.0000000e+00   3.9836364e-04
   3.2400000e+02   1.0000000e+00   3.9440344e-04
   3.2500000e+02   0.0000000e+00   3.9048260e-04
   3.2600000e+02   1.0000000e+00   3.8660075e-04
   3.2700000e+02   0.0000000e+00   3.8275748e-04
   3.2800000e+02   0.0000000e+00   3.7895242e-04
   3.2900000e+02   0.0000000e+00   3.7518519e-04
   3.3000000e+02   0.0000000e+00   3.7145541e-04
   3.3100000e+02   0.0000000e+00   3.6776271e-04
   3.3200000e+02   0.0000000e+00   3.6410672e-04
   3.3300000e+02   0.0000000e+00   3.6048707e-04
   3.3400000e+02   0.0000000e+00   3.5690341e-04
   3.3500000e+02   0.0000000e+00   3.5335537e-04
   3.3600000e+02   1.0000000e+00   3.4984260e-04
   3.3700000e+02   0.0000000e+00   3.4636475e-04
   3.3800000e+02   0.0000000e+00   3.4292148e-04
   3.3900000e+02   0.0000000e+00   3.3951244e-04
   3.4000000e+02   1.0000000e+00   3.3613729e-04
   3.4100000e+02   0.0000000e+00   3.3279569e-04
   3.4200000e+02   0.0000000e+00   3.2948731e-04
   3.4300000e+02   0.0000000e+00   3.2621182e-04
   3.4400000e+02   0.0000000e+00   3.2296889e-04
   3.4500000e+02   1.0000000e+00   3.1975820e-04
   3.4600000e+02   0.0000000e+00   3.1657943e-04
   3.4700000e+02   0.0000000e+00   3.1343226e-04
   3.4800000e+02   0.0000000e+00   3.1031638e-04
   3.4900000e+02   1.0000000e+00   3.0723147e-04
   3.5000000e+02   0.0000000e+00   3.0417723e-04
   3.5100000e+02   0.0000000e+00   3.0115335e-04
   3.5200000e+02   0.0000000e+00   2.9815953e-04
   3.5300000e+02   0.0000000e+00   2.9519547e-04
   3.5400000e+02   0.0000000e+00   2.9226089e-04
   3.5500000e+02   0.0000000e+00   2.8935547e-04
   3.5600000e+02   0.0000000e+00   2.8647894e-04
   3.5700000e+02   1.0000000e+00   2.8363100e-04
   3.5800000e+02   1.0000000e+00   2.8081138e-04
   3.5900000e+02   0.0000000e+00   2.7801978e-04
   3.6000000e+02   0.0000000e+00   2.7525594e-04
   3.6100000e+02   0.0000000e+00   2.7251957e-04
   3.6200000e+02   0.0000000e+00   2.6981041e-04
   3.6300000e+02   0.0000000e+00   2.6712818e-04
   3.6400000e+02   0.0000000e+00   2.6447261e-04
   3.6500000e+02   0.0000000e+00   2.6184344e-04
   3.6600000e+02   0.0000000e+00   2.5924041e-04
   3.6700000e+02   0.0000000e+00   2.5666326e-04
   3.6800000e+02   0.0000000e+00   2.5411172e-04
   3.6900000e+02   0.0000000e+00   2.5158555e-04
   3.7000000e+02   0.0000000e+00   2.4908450e-04
   3.7100000e+02   0.0000000e+00   2.4660831e-04
   3.7200000e+02   0.0000000e+00   2.4415673e-04
   3.7300000e+02   0.0000000e+00   2.4172953e-04
   3.7400000e+02   0.0000000e+00   2.3932645e-04
   3.7500000e+02   0.0000000e+00   2.3694726e-04
   3.7600000e+02   0.0000000e+00   2.3459173e-04
   3.7700000e+02   0.0000000e+00   2.3225961e-04
   3.7800000e+02   0.0000000e+00   2.2995068e-04
   3.7900000e+02   0.0000000e+00   2.2766470e-04
   3.8000000e+02   0.0000000e+00   2.2540145e-04
   3.8100000e+02   0.0000000e+00   2.2316069e-04
   3.8200000e+02   0.0000000e+00   2.2094221e-04
   3.8300000e+02   0.0000000e+00   2.1874579e-04
   3.8400000e+02   0.0000000e+00   2.1657120e-04
   3.8500000e+02   0.0000000e+00   2.1441823e-04
   3.8600000e+02   0.0000000e+00   2.1228666e-04
   3.8700000e+02   0.0000000e+00   2.1017628e-04
   3.8800000e+02   0.0000000e+00   2.0808688e-04
   3.8900000e+02   0.0000000e+00   2.0601825e-04
   3.9000000e+02   0.0000000e+00   2.0397019e-04
   3.9100000e+02   0.0000000e+00   2.0194249e-04
   3.9200000e+02   0.0000000e+00   1.9993494e-04
   3.9300000e+02   0.0000000e+00   1.9794736e-04
   3.9400000e+02   0.0000000e+00   1.9597953e-04
   3.9500000e+02   0.0000000e+00   1.9403126e-04
   3.9600000e+02   0.0000000e+00   1.9210236e-04
   3.9700000e+02   0.0000000e+00   1.9019264e-04
   3.9800000e+02   0.0000000e+00   1.8830190e-04
   3.9900000e+02   0.0000000e+00   1.8642996e-04
   4.0000000e+02   0.0000000e+00   1.8457663e-04
   4.0100000e+02   0.0000000e+00   1.8274172e-04
   4.0200000e+02   0.0000000e+00   1.8092505e-04
   4.0300000e+02   0.0000000e+00   1.7912644e-04
   4.0400000e+02   0.0000000e+00   1.7734572e-04
   4.0500000e+02   0.0000000e+00   1.7558269e-04
   4.0600000e+02   1.0000000e+00   1.7383720e-04
   4.0700000e+02   0.0000000e+00   1.7210905e-04
   4.0800000e+02   1.0000000e+00   1.7039808e-04
   4.0900000e+02   0.0000000e+00   1.6870413e-04
   4.1000000e+02   0.0000000e+00   1.6702701e-04
   4.1100000e+02   0.0000000e+00   1.6536657e-04
   4.1200000e+02   0.0000000e+00   1.6372263e-04
   4.1300000e+02   0.0000000e+00   1.6209503e-04
   4.1400000e+02   0.0000000e+00   1.6048362e-04
   4.1500000e+02   0.0000000e+00   1.5888822e-04
   4.1600000e+02   0.0000000e+00   1.5730869e-04
   4.1700000e+02   0.0000000e+00   1.5574485e-04
   4.1800000e+02   0.0000000e+00   1.5419657e-04
   4.1900000e+02   0.0000000e+00   1.5266367e-04
   4.2000000e+02   0.0000000e+00   1.5114602e-04
   4.2100000e+02   0.0000000e+00   1.4964345e-04
   4.2200000e+02   1.0000000e+00   1.4815582e-04
   4.2300000e+02   0.0000000e+00   1.4668297e-04
   4.2400000e+02   0.0000000e+00   1.4522477e-04
   4.2500000e+02   1.0000000e+00   1.4378107e-04
   4.2600000e+02   0.0000000e+00   1.4235172e-04
   4.2700000e+02   0.0000000e+00   1.4093657e-04
   4.2800000e+02   0.0000000e+00   1.3953550e-04
   4.2900000e+02   0.0000000e+00   1.3814835e-04
   4.3000000e+02   0.0000000e+00   1.3677500e-04
   4.3100000e+02   0.0000000e+00   1.3541529e-04
   4.3200000e+02   0.0000000e+00   1.3406911e-04
   4.3300000e+02   0.0000000e+00   1.3273630e-04
   4.3400000e+02   0.0000000e+00   1.3141675e-04
   4.3500000e+02   0.0000000e+00   1.3011031e-04
   4.3600000e+02   0.0000000e+00   1.2881686e-04
   4.3700000e+02   0.0000000e+00   1.2753627e-04
   4.3800000e+02   0.0000000e+00   1.2626841e-04
   4.3900000e+02   1.0000000e+00   1.2501315e-04
   4.4000000e+02   0.0000000e+00   1.2377038e-04
   4.4100000e+02   0.0000000e+00   1.2253995e-04
   4.4200000e+02   0.0000000e+00   1.2132176e-04
   4.4300000e+02   0.0000000e+00   1.2011568e-04
   4.4400000e+02   0.0000000e+00   1.1892159e-04
   4.4500000e+02   0.0000000e+00   1.1773937e-04
   4.4600000e+02   0.0000000e+00   1.1656890e-04
   4.4700000e+02   0.0000000e+00   1.1541007e-04
   4.4800000e+02   0.0000000e+00   1.1426276e-04
   4.4900000e+02   0.0000000e+00   1.1312686e-04
   4.5000000e+02   0.0000000e+00   1.1200224e-04
   4.5100000e+02   0.0000000e+00   1.1088881e-04
   4.5200000e+02   1.0000000e+00   1.0978644e-04
   4.5300000e+02   0.0000000e+00   1.0869504e-04
   4.5400000e+02   0.0000000e+00   1.0761448e-04
   4.5500000e+02   0.0000000e+00   1.0654467e-04
   4.5600000e+02   0.0000000e+00   1.0548549e-04
   4.5700000e+02   0.0000000e+00   1.0443684e-04
   4.5800000e+02   0.0000000e+00   1.0339861e-04
   4.5900000e+02   0.0000000e+00   1.0237071e-04
   4.6000000e+02   0.0000000e+00   1.0135303e-04
   4.6100000e+02   0.0000000e+00   1.0034546e-04
   4.6200000e+02   0.0000000e+00   9.9347906e-05
   4.6300000e+02   0.0000000e+00   9.8360271e-05
   4.6400000e+02   0.0000000e+00   9.7382455e-05
   4.6500000e+02   0.0000000e+00   9.6414359e-05
   4.6600000e+02   0.0000000e+00   9.5455887e-05
   4.6700000e+02   0.0000000e+00   9.4506944e-05
   4.6800000e+02   0.0000000e+00   9.3567434e-05
   4.6900000e+02   0.0000000e+00   9.2637264e-05
   4.7000000e+02   0.0000000e+00   9.1716341e-05
   4.7100000e+02   0.0000000e+00   9.0804573e-05
   4.7200000e+02   0.0000000e+00   8.9901869e-05
   4.7300000e+02   0.0000000e+00   8.9008139e-05
   4.7400000e+02   0.0000000e+00   8.8123293e-05
   4.7500000e+02   0.0000000e+00   8.7247245e-05
   4.7600000e+02   0.0000000e+00   8.6379905e-05
   4.7700000e+02   0.0000000e+00   8.5521187e-05
   4.7800000e+02   0.0000000e+00   8.4671006e-05
   4.7900000e+02   0.0000000e+00   8.3829277e-05
   4.8000000e+02   0.0000000e+00   8.2995916e-05
   4.8100000e+02   0.0000000e+00   8.2170839e-05
   4.8200000e+02   0.0000000e+00   8.1353964e-05
   4.8300000e+02   0.0000000e+00   8.0545211e-05
   4.8400000e+02   0.0000000e+00   7.9744497e-05
   4.8500000e+02   0.0000000e+00   7.8951743e-05
   4.8600000e+02   0.0000000e+00   7.8166870e-05
   4.8700000e+02   0.0000000e+00   7.7389800e-05
   4.8800000e+02   0.0000000e+00   7.6620454e-05
   4.8900000e+02   1.0000000e+00   7.5858757e-05
   4.9000000e+02   0.0000000e+00   7.5104632e-05
   4.9100000e+02   0.0000000e+00   7.4358004e-05
   4.9200000e+02   0.0000000e+00   7.3618798e-05
   4.9300000e+02   0.0000000e+00   7.2886941e-05
   4.9400000e+02   0.0000000e+00   7.2162359e-05
   4.9500000e+02   1.0000000e+00   7.1444981e-05
   4.9600000e+02   0.0000000e+00   7.0734734e-05
   4.9700000e+02   0.0000000e+00   7.0031548e-05
   4.9800000e+02   0.0000000e+00   6.9335352e-05
   4.9900000e+02   0.0000000e+00   6.8646077e-05
   5.0000000e+02   0.0000000e+00   6.7963655e-05
   5.0100000e+02   0.0000000e+00   6.7288016e-05
   5.0200000e+02   0.0000000e+00   6.6619094e-05
   5.0300000e+02   0.0000000e+00   6.5956823e-05
   5.0400000e+02   0.0000000e+00   6.5301134e-05
   5.0500000e+02   0.0000000e+00   6.4651965e-05
   5.0600000e+02   0.0000000e+00   6.4009248e-05
   5.0700000e+02   0.0000000e+00   6.3372921e-05
   5.0800000e+02   0.0000000e+00   6.2742920e-05
   5.0900000e+02   0.0000000e+00   6.2119182e-05
   5.1000000e+02   0.0000000e+00   6.1501644e-05
   5.1100000e+02   0.0000000e+00   6.0890246e-05
   5.1200000e+02   0.0000000e+00   6.0284925e-05
   5.1300000e+02   0.0000000e+00   5.9685622e-05
   5.1400000e+02   0.0000000e+00   5.9092277e-05
   5.1500000e+02   0.0000000e+00   5.8504831e-05
   5.1600000e+02   0.0000000e+00   5.7923224e-05
   5.1700000e+02   0.0000000e+00   5.7347399e-05
   5.1800000e+02   0.0000000e+00   5.6777299e-05
   5.1900000e+02   0.0000000e+00   5.6212866e-05
   5.2000000e+02   0.0000000e+00   5.5654044e-05
   5.2100000e+02   0.0000000e+00   5.5100778e-05
   5.2200000e+02   0.0000000e+00   5.4553011e-05
   5.2300000e+02   0.0000000e+00   5.4010690e-05
   5.2400000e+02   0.0000000e+00   5.3473761e-05
   5.2500000e+02   0.0000000e+00   5.2942169e-05
   5.2600000e+02   0.0000000e+00   5.2415862e-05
   5.2700000e+02   0.0000000e+00   5.1894787e-05
   5.2800000e+02   0.0000000e+00   5.1378892e-05
   5.2900000e+02   0.0000000e+00   5.0868125e-05
   5.3000000e+02   0.0000000e+00   5.0362436e-05
   5.3100000e+02   0.0000000e+00   4.9861775e-05
   5.3200000e+02   0.0000000e+00   4.9366090e-05
   5.3300000e+02   0.0000000e+00   4.8875333e-05
   5.3400000e+02   0.0000000e+00   4.8389455e-05
   5.3500000e+02   0.0000000e+00   4.7908407e-05
   5.3600000e+02   0.0000000e+00   4.7432141e-05
   5.3700000e+02   0.0000000e+00   4.6960610e-05
   5.3800000e+02   0.0000000e+00   4.6493767e-05
   5.3900000e+02   0.0000000e+00   4.6031564e-05
   5.4000000e+02   0.0000000e+00   4.5573956e-05
   5.4100000e+02   0.0000000e+00   4.5120898e-05
   5.4200000e+02   0.0000000e+00   4.4672343e-05
   5.4300000e+02   0.0000000e+00   4.4228248e-05
   5.4400000e+02   0.0000000e+00   4.3788567e-05
   5.4500000e+02   0.0000000e+00   4.3353257e-05
   5.4600000e+02   0.0000000e+00   4.2922275e-05
   5.4700000e+02   0.0000000e+00   4.2495577e-05
   5.4800000e+02   0.0000000e+00   4.2073121e-05
   5.4900000e+02   0.0000000e+00   4.1654865e-05
   5.5000000e+02   0.0000000e+00   4.1240767e-05
   5.5100000e+02   0.0000000e+00   4.0830786e-05
   5.5200000e+02   0.0000000e+00   4.0424880e-05
   5.5300000e+02   0.0000000e+00   4.0023009e-05
   5.5400000e+02   0.0000000e+00   3.9625133e-05
   5.5500000e+02   0.0000000e+00   3.9231213e-05
   5.5600000e+02   1.0000000e+00   3.8841209e-05
   5.5700000e+02   0.0000000e+00   3.8455082e-05
   5.5800000e+02   0.0000000e+00   3.8072793e-05
   5.5900000e+02   0.0000000e+00   3.7694305e-05
   5.6000000e+02   0.0000000e+00   3.7319579e-05
   5.6100000e+02   0.0000000e+00   3.6948579e-05
   5.6200000e+02   0.0000000e+00   3.6581266e-05
   5.6300000e+02   0.0000000e+00   3.6217606e-05
   5.6400000e+02   0.0000000e+00   3.5857560e-05
   5.6500000e+02   0.0000000e+00   3.5501094e-05
   5.6600000e+02   0.0000000e+00   3.5148172e-05
   5.6700000e+02   0.0000000e+00   3.4798758e-05
   5.6800000e+02   0.0000000e+00   3.4452817e-05
   5.6900000e+02   0.0000000e+00   3.4110316e-05
   5.7000000e+02   0.0000000e+00   3.3771219e-05
   5.7100000e+02   0.0000000e+00   3.3435494e-05
   5.7200000e+02   0.0000000e+00   3.3103106e-05
   5.7300000e+02   0.0000000e+00   3.2774022e-05
   5.7400000e+02   0.0000000e+00   3.2448210e-05
   5.7500000e+02   0.0000000e+00   3.2125636e-05
   5.7600000e+02   0.0000000e+00   3.1806270e-05
   5.7700000e+02   0.0000000e+00   3.1490078e-05
   5.7800000e+02   0.0000000e+00   3.1177030e-05
   5.7900000e+02   0.0000000e+00   3.0867094e-05
   5.8000000e+02   0.0000000e+00   3.0560239e-05
   5.8100000e+02   0.0000000e+00   3.0256434e-05
   5.8200000e+02   0.0000000e+00   2.9955650e-05
   5.8300000e+02   0.0000000e+00   2.9657855e-05
   5.8400000e+02   0.0000000e+00   2.9363021e-05
   5.8500000e+02   0.0000000e+00   2.9071119e-05
   5.8600000e+02   0.0000000e+00   2.8782118e-05
   5.8700000e+02   0.0000000e+00   2.8495990e-05
   5.8800000e+02   0.0000000e+00   2.8212706e-05
   5.8900000e+02   0.0000000e+00   2.7932239e-05
   5.9000000e+02   0.0000000e+00   2.7654559e-05
   5.9100000e+02   0.0000000e+00   2.7379641e-05
   5.9200000e+02   0.0000000e+00   2.7107455e-05
   5.9300000e+02   0.0000000e+00   2.6837975e-05
   5.9400000e+02   0.0000000e+00   2.6571174e-05
   5.9500000e+02   0.0000000e+00   2.6307025e-05
   5.9600000e+02   0.0000000e+00   2.6045503e-05
   5.9700000e+02   0.0000000e+00   2.5786580e-05
   5.9800000e+02   0.0000000e+00   2.5530231e-05
   5.9900000e+02   0.0000000e+00   2.5276431e-05
   6.0000000e+02   0.0000000e+00   2.5025153e-05
   6.0100000e+02   0.0000000e+00   2.4776374e-05
   6.0200000e+02   0.0000000e+00   2.4530068e-05
   6.0300000e+02   0.0000000e+00   2.4286210e-05
   6.0400000e+02   0.0000000e+00   2.4044777e-05
   6.0500000e+02   0.0000000e+00   2.3805743e-05
   6.0600000e+02   0.0000000e+00   2.3569086e-05
   6.0700000e+02   0.0000000e+00   2.3334782e-05
   6.0800000e+02   0.0000000e+00   2.3102807e-05
   6.0900000e+02   0.0000000e+00   2.2873138e-05
   6.1000000e+02   0.0000000e+00   2.2645752e-05
   6.1100000e+02   0.0000000e+00   2.2420627e-05
   6.1200000e+02   0.0000000e+00   2.2197739e-05
   6.1300000e+02   0.0000000e+00   2.1977068e-05
   6.1400000e+02   0.0000000e+00   2.1758590e-05
   6.1500000e+02   0.0000000e+00   2.1542284e-05
   6.1600000e+02   0.0000000e+00   2.1328128e-05
   6.1700000e+02   0.0000000e+00   2.1116102e-05
   6.1800000e+02   0.0000000e+00   2.0906183e-05
   6.1900000e+02   0.0000000e+00   2.0698351e-05
   6.2000000e+02   0.0000000e+00   2.0492585e-05
   6.2100000e+02   0.0000000e+00   2.0288865e-05
   6.2200000e+02   0.0000000e+00   2.0087170e-05
   6.2300000e+02   0.0000000e+00   1.9887480e-05
   6.2400000e+02   0.0000000e+00   1.9689775e-05
   6.2500000e+02   0.0000000e+00   1.9494035e-05
   6.2600000e+02   0.0000000e+00   1.9300242e-05
   6.2700000e+02   0.0000000e+00   1.9108375e-05
   6.2800000e+02   0.0000000e+00   1.8918415e-05
   6.2900000e+02   0.0000000e+00   1.8730344e-05
   6.3000000e+02   0.0000000e+00   1.8544142e-05
   6.3100000e+02   0.0000000e+00   1.8359792e-05
   6.3200000e+02   0.0000000e+00   1.8177274e-05
   6.3300000e+02   0.0000000e+00   1.7996570e-05
   6.3400000e+02   0.0000000e+00   1.7817663e-05
   6.3500000e+02   0.0000000e+00   1.7640535e-05
   6.3600000e+02   0.0000000e+00   1.7465167e-05
   6.3700000e+02   0.0000000e+00   1.7291543e-05
   6.3800000e+02   0.0000000e+00   1.7119645e-05
   6.3900000e+02   0.0000000e+00   1.6949456e-05
   6.4000000e+02   0.0000000e+00   1.6780958e-05
   6.4100000e+02   0.0000000e+00   1.6614136e-05
   6.4200000e+02   0.0000000e+00   1.6448972e-05
   6.4300000e+02   1.0000000e+00   1.6285450e-05
