   1.0000000e+00   2.0000000e+01   4.4677554e-02
   2.0000000e+00   1.9000000e+01   4.0760099e-02
   3.0000000e+00   1.8000000e+01   3.7205881e-02
   4.0000000e+00   2.1000000e+01   3.3981118e-02
   5.0000000e+00   1.4000000e+01   3.1055168e-02
   6.0000000e+00   1.7000000e+01   2.8400240e-02
   7.0000000e+00   1.3000000e+01   2.5991128e-02
   8.0000000e+00   1.0000000e+01   2.3804972e-02
   9.0000000e+00   9.0000000e+00   2.1821037e-02
   1.0000000e+01   3.0000000e+00   2.0020517e-02
   1.1000000e+01   1.0000000e+01   1.8386356e-02
   1.2000000e+01   7.0000000e+00   1.6903085e-02
   1.3000000e+01   9.0000000e+00   1.5556671e-02
   1.4000000e+01   5.0000000e+00   1.4334391e-02
   1.5000000e+01   9.0000000e+00   1.3224702e-02
   1.6000000e+01   3.0000000e+00   1.2217136e-02
   1.7000000e+01   1.0000000e+01   1.1302199e-02
   1.8000000e+01   1.0000000e+00   1.0471278e-02
   1.9000000e+01   4.0000000e+00   9.7165655e-03
   2.0000000e+01   9.0000000e+00   9.0309761e-03
   2.1000000e+01   7.0000000e+00   8.4080853e-03
   2.2000000e+01   4.0000000e+00   7.8420661e-03
   2.3000000e+01   3.0000000e+00   7.3276333e-03
   2.4000000e+01   4.0000000e+00   6.8599935e-03
   2.5000000e+01   2.0000000e+00   6.4347991e-03
   2.6000000e+01   3.0000000e+00   6.0481067e-03
   2.7000000e+01   2.0000000e+00   5.6963401e-03
   2.8000000e+01   5.0000000e+00   5.3762554e-03
   2.9000000e+01   1.0000000e+00   5.0849107e-03
   3.0000000e+01   3.0000000e+00   4.8196375e-03
   3.1000000e+01   1.0000000e+00   4.5780156e-03
   3.2000000e+01   2.0000000e+00   4.3578501e-03
   3.3000000e+01   6.0000000e+00   4.1571499e-03
   3.4000000e+01   1.0000000e+00   3.9741093e-03
   3.5000000e+01   2.0000000e+00   3.8070907e-03
   3.6000000e+01   2.0000000e+00   3.6546084e-03
   3.7000000e+01   0.0000000e+00   3.5153153e-03
   3.8000000e+01   1.0000000e+00   3.3879893e-03
   3.9000000e+01   0.0000000e+00   3.2715221e-03
   4.0000000e+01   1.0000000e+00   3.1649084e-03
   4.1000000e+01   1.0000000e+00   3.0672365e-03
   4.2000000e+01   1.0000000e+00   2.9776794e-03
   4.3000000e+01   2.0000000e+00   2.8954870e-03
   4.4000000e+01   1.0000000e+00   2.8199790e-03
   4.5000000e+01   1.0000000e+00   2.7505383e-03
   4.6000000e+01   2.0000000e+00   2.6866053e-03
   4.7000000e+01   0.0000000e+00   2.6276722e-03
   4.8000000e+01   0.0000000e+00   2.5732787e-03
   4.9000000e+01   4.0000000e+00   2.5230072e-03
   5.0000000e+01   2.0000000e+00   2.4764787e-03
   5.1000000e+01   2.0000000e+00   2.4333498e-03
   5.2000000e+01   0.0000000e+00   2.3933088e-03
   5.3000000e+01   2.0000000e+00   2.3560729e-03
   5.4000000e+01   0.0000000e+00   2.3213858e-03
   5.5000000e+01   0.0000000e+00   2.2890150e-03
   5.6000000e+01   0.0000000e+00   2.2587493e-03
   5.7000000e+01   1.0000000e+00   2.2303975e-03
   5.8000000e+01   0.0000000e+00   2.2037860e-03
   5.9000000e+01   1.0000000e+00   2.1787574e-03
   6.0000000e+01   0.0000000e+00   2.1551687e-03
   6.1000000e+01   0.0000000e+00   2.1328904e-03
   6.2000000e+01   2.0000000e+00   2.1118050e-03
   6.3000000e+01   0.0000000e+00   2.0918059e-03
   6.4000000e+01   1.0000000e+00   2.0727963e-03
   6.5000000e+01   2.0000000e+00   2.0546884e-03
   6.6000000e+01   2.0000000e+00   2.0374028e-03
   6.7000000e+01   1.0000000e+00   2.0208670e-03
   6.8000000e+01   1.0000000e+00   2.0050157e-03
   6.9000000e+01   0.0000000e+00   1.9897894e-03
   7.0000000e+01   1.0000000e+00   1.9751341e-03
   7.1000000e+01   0.0000000e+00   1.9610008e-03
   7.2000000e+01   0.0000000e+00   1.9473452e-03
   7.3000000e+01   0.0000000e+00   1.9341270e-03
   7.4000000e+01   2.0000000e+00   1.9213095e-03
   7.5000000e+01   2.0000000e+00   1.9088597e-03
   7.6000000e+01   2.0000000e+00   1.8967473e-03
   7.7000000e+01   2.0000000e+00   1.8849450e-03
   7.8000000e+01   1.0000000e+00   1.8734280e-03
   7.9000000e+01   3.0000000e+00   1.8621739e-03
   8.0000000e+01   0.0000000e+00   1.8511620e-03
   8.1000000e+01   1.0000000e+00   1.8403739e-03
   8.2000000e+01   0.0000000e+00   1.8297927e-03
   8.3000000e+01   1.0000000e+00   1.8194030e-03
   8.4000000e+01   1.0000000e+00   1.8091911e-03
   8.5000000e+01   1.0000000e+00   1.7991441e-03
   8.6000000e+01   0.0000000e+00   1.7892507e-03
   8.7000000e+01   0.0000000e+00   1.7795005e-03
   8.8000000e+01   1.0000000e+00   1.7698839e-03
   8.9000000e+01   3.0000000e+00   1.7603923e-03
   9.0000000e+01   2.0000000e+00   1.7510179e-03
   9.1000000e+01   0.0000000e+00   1.7417536e-03
   9.2000000e+01   0.0000000e+00   1.7325929e-03
   9.3000000e+01   1.0000000e+00   1.7235299e-03
   9.4000000e+01   0.0000000e+00   1.7145592e-03
   9.5000000e+01   0.0000000e+00   1.7056760e-03
   9.6000000e+01   0.0000000e+00   1.6968758e-03
   9.7000000e+01   2.0000000e+00   1.6881545e-03
   9.8000000e+01   1.0000000e+00   1.6795085e-03
   9.9000000e+01   0.0000000e+00   1.6709344e-03
   1.0000000e+02   1.0000000e+00   1.6624291e-03
   1.0100000e+02   0.0000000e+00   1.6539899e-03
   1.0200000e+02   0.0000000e+00   1.6456140e-03
   1.0300000e+02   2.0000000e+00   1.6372993e-03
   1.0400000e+02   0.0000000e+00   1.6290436e-03
   1.0500000e+02   0.0000000e+00   1.6208448e-03
   1.0600000e+02   1.0000000e+00   1.6127013e-03
   1.0700000e+02   0.0000000e+00   1.6046114e-03
   1.0800000e+02   0.0000000e+00   1.5965735e-03
   1.0900000e+02   0.0000000e+00   1.5885863e-03
   1.1000000e+02   0.0000000e+00   1.5806485e-03
   1.1100000e+02   0.0000000e+00   1.5727589e-03
   1.1200000e+02   1.0000000e+00   1.5649165e-03
   1.1300000e+02   0.0000000e+00   1.5571202e-03
   1.1400000e+02   1.0000000e+00   1.5493692e-03
   1.1500000e+02   3.0000000e+00   1.5416625e-03
   1.1600000e+02   0.0000000e+00   1.5339994e-03
   1.1700000e+02   0.0000000e+00   1.5263792e-03
   1.1800000e+02   0.0000000e+00   1.5188012e-03
   1.1900000e+02   0.0000000e+00   1.5112647e-03
   1.2000000e+02   0.0000000e+00   1.5037692e-03
   1.2100000e+02   0.0000000e+00   1.4963141e-03
   1.2200000e+02   2.0000000e+00   1.4888988e-03
   1.2300000e+02   2.0000000e+00   1.4815230e-03
   1.2400000e+02   1.0000000e+00   1.4741861e-03
   1.2500000e+02   2.0000000e+00   1.4668878e-03
   1.2600000e+02   1.0000000e+00   1.4596275e-03
   1.2700000e+02   0.0000000e+00   1.4524050e-03
   1.2800000e+02   1.0000000e+00   1.4452199e-03
   1.2900000e+02   0.0000000e+00   1.4380717e-03
   1.3000000e+02   0.0000000e+00   1.4309603e-03
   1.3100000e+02   2.0000000e+00   1.4238853e-03
   1.3200000e+02   1.0000000e+00   1.4168463e-03
   1.3300000e+02   1.0000000e+00   1.4098432e-03
   1.3400000e+02   0.0000000e+00   1.4028755e-03
   1.3500000e+02   1.0000000e+00   1.3959431e-03
   1.3600000e+02   1.0000000e+00   1.3890457e-03
   1.3700000e+02   0.0000000e+00   1.3821831e-03
   1.3800000e+02   0.0000000e+00   1.3753550e-03
   1.3900000e+02   1.0000000e+00   1.3685612e-03
   1.4000000e+02   0.0000000e+00   1.3618015e-03
   1.4100000e+02   0.0000000e+00   1.3550756e-03
   1.4200000e+02   1.0000000e+00   1.3483833e-03
   1.4300000e+02   0.0000000e+00   1.3417244e-03
   1.4400000e+02   0.0000000e+00   1.3350988e-03
   1.4500000e+02   1.0000000e+00   1.3285062e-03
   1.4600000e+02   0.0000000e+00   1.3219465e-03
   1.4700000e+02   2.0000000e+00   1.3154194e-03
   1.4800000e+02   0.0000000e+00   1.3089247e-03
   1.4900000e+02   1.0000000e+00   1.3024624e-03
   1.5000000e+02   0.0000000e+00   1.2960321e-03
   1.5100000e+02   0.0000000e+00   1.2896337e-03
   1.5200000e+02   3.0000000e+00   1.2832671e-03
   1.5300000e+02   1.0000000e+00   1.2769321e-03
   1.5400000e+02   0.0000000e+00   1.2706284e-03
   1.5500000e+02   0.0000000e+00   1.2643560e-03
   1.5600000e+02   1.0000000e+00   1.2581147e-03
   1.5700000e+02   2.0000000e+00   1.2519043e-03
   1.5800000e+02   2.0000000e+00   1.2457246e-03
   1.5900000e+02   1.0000000e+00   1.2395755e-03
   1.6000000e+02   1.0000000e+00   1.2334568e-03
   1.6100000e+02   3.0000000e+00   1.2273684e-03
   1.6200000e+02   3.0000000e+00   1.2213101e-03
   1.6300000e+02   2.0000000e+00   1.2152818e-03
   1.6400000e+02   0.0000000e+00   1.2092832e-03
   1.6500000e+02   0.0000000e+00   1.2033143e-03
   1.6600000e+02   0.0000000e+00   1.1973750e-03
   1.6700000e+02   2.0000000e+00   1.1914649e-03
   1.6800000e+02   1.0000000e+00   1.1855841e-03
   1.6900000e+02   0.0000000e+00   1.1797323e-03
   1.7000000e+02   1.0000000e+00   1.1739095e-03
   1.7100000e+02   1.0000000e+00   1.1681154e-03
   1.7200000e+02   0.0000000e+00   1.1623499e-03
   1.7300000e+02   0.0000000e+00   1.1566129e-03
   1.7400000e+02   0.0000000e+00   1.1509042e-03
   1.7500000e+02   1.0000000e+00   1.1452238e-03
   1.7600000e+02   0.0000000e+00   1.1395713e-03
   1.7700000e+02   4.0000000e+00   1.1339468e-03
   1.7800000e+02   0.0000000e+00   1.1283501e-03
   1.7900000e+02   0.0000000e+00   1.1227810e-03
   1.8000000e+02   0.0000000e+00   1.1172394e-03
   1.8100000e+02   1.0000000e+00   1.1117252e-03
   1.8200000e+02   1.0000000e+00   1.1062381e-03
   1.8300000e+02   1.0000000e+00   1.1007782e-03
   1.8400000e+02   0.0000000e+00   1.0953452e-03
   1.8500000e+02   0.0000000e+00   1.0899391e-03
   1.8600000e+02   0.0000000e+00   1.0845596e-03
   1.8700000e+02   0.0000000e+00   1.0792067e-03
   1.8800000e+02   0.0000000e+00   1.0738802e-03
   1.8900000e+02   1.0000000e+00   1.0685800e-03
   1.9000000e+02   1.0000000e+00   1.0633060e-03
   1.9100000e+02   1.0000000e+00   1.0580580e-03
   1.9200000e+02   0.0000000e+00   1.0528359e-03
   1.9300000e+02   0.0000000e+00   1.0476396e-03
   1.9400000e+02   0.0000000e+00   1.0424689e-03
   1.9500000e+02   1.0000000e+00   1.0373238e-03
   1.9600000e+02   0.0000000e+00   1.0322040e-03
   1.9700000e+02   1.0000000e+00   1.0271096e-03
   1.9800000e+02   0.0000000e+00   1.0220402e-03
   1.9900000e+02   1.0000000e+00   1.0169959e-03
   2.0000000e+02   0.0000000e+00   1.0119765e-03
   2.0100000e+02   1.0000000e+00   1.0069819e-03
   2.0200000e+02   1.0000000e+00   1.0020119e-03
   2.0300000e+02   0.0000000e+00   9.9706646e-04
   2.0400000e+02   1.0000000e+00   9.9214541e-04
   2.0500000e+02   1.0000000e+00   9.8724866e-04
   2.0600000e+02   0.0000000e+00   9.8237607e-04
   2.0700000e+02   1.0000000e+00   9.7752754e-04
   2.0800000e+02   0.0000000e+00   9.7270293e-04
   2.0900000e+02   1.0000000e+00   9.6790214e-04
   2.1000000e+02   0.0000000e+00   9.6312504e-04
   2.1100000e+02   2.0000000e+00   9.5837152e-04
   2.1200000e+02   0.0000000e+00   9.5364146e-04
   2.1300000e+02   1.0000000e+00   9.4893475e-04
   2.1400000e+02   0.0000000e+00   9.4425127e-04
   2.1500000e+02   0.0000000e+00   9.3959090e-04
   2.1600000e+02   0.0000000e+00   9.3495354e-04
   2.1700000e+02   0.0000000e+00   9.3033906e-04
   2.1800000e+02   0.0000000e+00   9.2574736e-04
   2.1900000e+02   0.0000000e+00   9.2117832e-04
   2.2000000e+02   0.0000000e+00   9.1663183e-04
   2.2100000e+02   0.0000000e+00   9.1210778e-04
   2.2200000e+02   1.0000000e+00   9.0760606e-04
   2.2300000e+02   0.0000000e+00   9.0312656e-04
   2.2400000e+02   0.0000000e+00   8.9866917e-04
   2.2500000e+02   0.0000000e+00   8.9423378e-04
   2.2600000e+02   0.0000000e+00   8.8982027e-04
   2.2700000e+02   0.0000000e+00   8.8542856e-04
   2.2800000e+02   0.0000000e+00   8.8105851e-04
   2.2900000e+02   0.0000000e+00   8.7671004e-04
   2.3000000e+02   1.0000000e+00   8.7238302e-04
   2.3100000e+02   0.0000000e+00   8.6807737e-04
   2.3200000e+02   0.0000000e+00   8.6379296e-04
   2.3300000e+02   1.0000000e+00   8.5952970e-04
   2.3400000e+02   0.0000000e+00   8.5528748e-04
   2.3500000e+02   1.0000000e+00   8.5106620e-04
   2.3600000e+02   2.0000000e+00   8.4686575e-04
   2.3700000e+02   0.0000000e+00   8.4268604e-04
   2.3800000e+02   0.0000000e+00   8.3852695e-04
   2.3900000e+02   0.0000000e+00   8.3438839e-04
   2.4000000e+02   1.0000000e+00   8.3027025e-04
   2.4100000e+02   0.0000000e+00   8.2617245e-04
   2.4200000e+02   0.0000000e+00   8.2209486e-04
   2.4300000e+02   0.0000000e+00   8.1803740e-04
   2.4400000e+02   1.0000000e+00   8.1399997e-04
   2.4500000e+02   0.0000000e+00   8.0998246e-04
   2.4600000e+02   0.0000000e+00   8.0598479e-04
   2.4700000e+02   0.0000000e+00   8.0200684e-04
   2.4800000e+02   1.0000000e+00   7.9804853e-04
   2.4900000e+02   1.0000000e+00   7.9410975e-04
   2.5000000e+02   0.0000000e+00   7.9019041e-04
   2.5100000e+02   0.0000000e+00   7.8629042e-04
   2.5200000e+02   0.0000000e+00   7.8240967e-04
   2.5300000e+02   0.0000000e+00   7.7854808e-04
   2.5400000e+02   0.0000000e+00   7.7470555e-04
   2.5500000e+02   0.0000000e+00   7.7088198e-04
   2.5600000e+02   0.0000000e+00   7.6707728e-04
   2.5700000e+02   0.0000000e+00   7.6329136e-04
   2.5800000e+02   0.0000000e+00   7.5952413e-04
   2.5900000e+02   1.0000000e+00   7.5577549e-04
   2.6000000e+02   0.0000000e+00   7.5204535e-04
   2.6100000e+02   1.0000000e+00   7.4833362e-04
   2.6200000e+02   0.0000000e+00   7.4464021e-04
   2.6300000e+02   1.0000000e+00   7.4096503e-04
   2.6400000e+02   1.0000000e+00   7.3730799e-04
   2.6500000e+02   0.0000000e+00   7.3366900e-04
   2.6600000e+02   0.0000000e+00   7.3004797e-04
   2.6700000e+02   0.0000000e+00   7.2644481e-04
   2.6800000e+02   2.0000000e+00   7.2285943e-04
   2.6900000e+02   0.0000000e+00   7.1929175e-04
   2.7000000e+02   1.0000000e+00   7.1574168e-04
   2.7100000e+02   0.0000000e+00   7.1220912e-04
   2.7200000e+02   0.0000000e+00   7.0869401e-04
   2.7300000e+02   0.0000000e+00   7.0519624e-04
   2.7400000e+02   0.0000000e+00   7.0171574e-04
   2.7500000e+02   0.0000000e+00   6.9825241e-04
   2.7600000e+02   1.0000000e+00   6.9480618e-04
   2.7700000e+02   0.0000000e+00   6.9137695e-04
   2.7800000e+02   0.0000000e+00   6.8796466e-04
   2.7900000e+02   0.0000000e+00   6.8456920e-04
   2.8000000e+02   0.0000000e+00   6.8119050e-04
   2.8100000e+02   0.0000000e+00   6.7782848e-04
   2.8200000e+02   0.0000000e+00   6.7448305e-04
   2.8300000e+02   1.0000000e+00   6.7115413e-04
   2.8400000e+02   0.0000000e+00   6.6784164e-04
   2.8500000e+02   1.0000000e+00   6.6454550e-04
   2.8600000e+02   1.0000000e+00   6.6126563e-04
   2.8700000e+02   0.0000000e+00   6.5800194e-04
   2.8800000e+02   0.0000000e+00   6.5475437e-04
   2.8900000e+02   0.0000000e+00   6.5152282e-04
   2.9000000e+02   0.0000000e+00   6.4830722e-04
   2.9100000e+02   0.0000000e+00   6.4510749e-04
   2.9200000e+02   1.0000000e+00   6.4192356e-04
   2.9300000e+02   0.0000000e+00   6.3875534e-04
   2.9400000e+02   0.0000000e+00   6.3560275e-04
   2.9500000e+02   0.0000000e+00   6.3246573e-04
   2.9600000e+02   0.0000000e+00   6.2934418e-04
   2.9700000e+02   0.0000000e+00   6.2623805e-04
   2.9800000e+02   0.0000000e+00   6.2314724e-04
   2.9900000e+02   0.0000000e+00   6.2007169e-04
   3.0000000e+02   1.0000000e+00   6.1701132e-04
   3.0100000e+02   0.0000000e+00   6.1396606e-04
   3.0200000e+02   1.0000000e+00   6.1093582e-04
   3.0300000e+02   0.0000000e+00   6.0792054e-04
   3.0400000e+02   0.0000000e+00   6.0492014e-04
   3.0500000e+02   0.0000000e+00   6.0193455e-04
   3.0600000e+02   0.0000000e+00   5.9896370e-04
   3.0700000e+02   0.0000000e+00   5.9600750e-04
   3.0800000e+02   0.0000000e+00   5.9306590e-04
   3.0900000e+02   0.0000000e+00   5.9013882e-04
   3.1000000e+02   0.0000000e+00   5.8722618e-04
   3.1100000e+02   1.0000000e+00   5.8432792e-04
   3.1200000e+02   0.0000000e+00   5.8144396e-04
   3.1300000e+02   0.0000000e+00   5.7857424e-04
   3.1400000e+02   0.0000000e+00   5.7571868e-04
   3.1500000e+02   0.0000000e+00   5.7287721e-04
   3.1600000e+02   0.0000000e+00   5.7004977e-04
   3.1700000e+02   1.0000000e+00   5.6723628e-04
   3.1800000e+02   0.0000000e+00   5.6443668e-04
   3.1900000e+02   1.0000000e+00   5.6165090e-04
   3.2000000e+02   0.0000000e+00   5.5887886e-04
   3.2100000e+02   1.0000000e+00   5.5612051e-04
   3.2200000e+02   0.0000000e+00   5.5337577e-04
   3.2300000e+02   0.0000000e+00   5.5064458e-04
   3.2400000e+02   1.0000000e+00   5.4792687e-04
   3.2500000e+02   0.0000000e+00   5.4522257e-04
   3.2600000e+02   0.0000000e+00   5.4253162e-04
   3.2700000e+02   0.0000000e+00   5.3985395e-04
   3.2800000e+02   0.0000000e+00   5.3718949e-04
   3.2900000e+02   0.0000000e+00   5.3453819e-04
   3.3000000e+02   1.0000000e+00   5.3189997e-04
   3.3100000e+02   0.0000000e+00   5.2927477e-04
   3.3200000e+02   0.0000000e+00   5.2666253e-04
   3.3300000e+02   1.0000000e+00   5.2406318e-04
   3.3400000e+02   0.0000000e+00   5.2147666e-04
   3.3500000e+02   0.0000000e+00   5.1890290e-04
   3.3600000e+02   0.0000000e+00   5.1634185e-04
   3.3700000e+02   0.0000000e+00   5.1379344e-04
   3.3800000e+02   0.0000000e+00   5.1125761e-04
   3.3900000e+02   0.0000000e+00   5.0873429e-04
   3.4000000e+02   0.0000000e+00   5.0622343e-04
   3.4100000e+02   0.0000000e+00   5.0372495e-04
   3.4200000e+02   1.0000000e+00   5.0123881e-04
   3.4300000e+02   0.0000000e+00   4.9876494e-04
   3.4400000e+02   0.0000000e+00   4.9630328e-04
   3.4500000e+02   0.0000000e+00   4.9385377e-04
   3.4600000e+02   0.0000000e+00   4.9141635e-04
   3.4700000e+02   0.0000000e+00   4.8899096e-04
   3.4800000e+02   0.0000000e+00   4.8657754e-04
   3.4900000e+02   1.0000000e+00   4.8417603e-04
   3.5000000e+02   1.0000000e+00   4.8178638e-04
   3.5100000e+02   0.0000000e+00   4.7940851e-04
   3.5200000e+02   0.0000000e+00   4.7704239e-04
   3.5300000e+02   0.0000000e+00   4.7468794e-04
   3.5400000e+02   1.0000000e+00   4.7234511e-04
   3.5500000e+02   0.0000000e+00   4.7001385e-04
   3.5600000e+02   0.0000000e+00   4.6769409e-04
   3.5700000e+02   0.0000000e+00   4.6538578e-04
   3.5800000e+02   0.0000000e+00   4.6308886e-04
   3.5900000e+02   0.0000000e+00   4.6080328e-04
   3.6000000e+02   1.0000000e+00   4.5852898e-04
   3.6100000e+02   0.0000000e+00   4.5626591e-04
   3.6200000e+02   0.0000000e+00   4.5401400e-04
   3.6300000e+02   0.0000000e+00   4.5177321e-04
   3.6400000e+02   0.0000000e+00   4.4954348e-04
   3.6500000e+02   0.0000000e+00   4.4732475e-04
   3.6600000e+02   0.0000000e+00   4.4511697e-04
   3.6700000e+02   1.0000000e+00   4.4292009e-04
   3.6800000e+02   0.0000000e+00   4.4073406e-04
   3.6900000e+02   1.0000000e+00   4.3855881e-04
   3.7000000e+02   0.0000000e+00   4.3639430e-04
   3.7100000e+02   2.0000000e+00   4.3424047e-04
   3.7200000e+02   0.0000000e+00   4.3209727e-04
   3.7300000e+02   0.0000000e+00   4.2996465e-04
   3.7400000e+02   0.0000000e+00   4.2784255e-04
   3.7500000e+02   0.0000000e+00   4.2573093e-04
   3.7600000e+02   0.0000000e+00   4.2362973e-04
   3.7700000e+02   0.0000000e+00   4.2153890e-04
   3.7800000e+02   0.0000000e+00   4.1945839e-04
   3.7900000e+02   0.0000000e+00   4.1738815e-04
   3.8000000e+02   0.0000000e+00   4.1532813e-04
   3.8100000e+02   0.0000000e+00   4.1327827e-04
   3.8200000e+02   0.0000000e+00   4.1123853e-04
   3.8300000e+02   1.0000000e+00   4.0920886e-04
   3.8400000e+02   0.0000000e+00   4.0718920e-04
   3.8500000e+02   1.0000000e+00   4.0517952e-04
   3.8600000e+02   1.0000000e+00   4.0317975e-04
   3.8700000e+02   1.0000000e+00   4.0118985e-04
   3.8800000e+02   0.0000000e+00   3.9920977e-04
   3.8900000e+02   0.0000000e+00   3.9723947e-04
   3.9000000e+02   0.0000000e+00   3.9527889e-04
   3.9100000e+02   0.0000000e+00   3.9332798e-04
   3.9200000e+02   0.0000000e+00   3.9138671e-04
   3.9300000e+02   0.0000000e+00   3.8945502e-04
   3.9400000e+02   0.0000000e+00   3.8753286e-04
   3.9500000e+02   0.0000000e+00   3.8562018e-04
   3.9600000e+02   0.0000000e+00   3.8371695e-04
   3.9700000e+02   0.0000000e+00   3.8182311e-04
   3.9800000e+02   0.0000000e+00   3.7993862e-04
   3.9900000e+02   0.0000000e+00   3.7806343e-04
   4.0000000e+02   0.0000000e+00   3.7619749e-04
   4.0100000e+02   0.0000000e+00   3.7434076e-04
   4.0200000e+02   0.0000000e+00   3.7249320e-04
   4.0300000e+02   0.0000000e+00   3.7065476e-04
   4.0400000e+02   0.0000000e+00   3.6882539e-04
   4.0500000e+02   1.0000000e+00   3.6700504e-04
   4.0600000e+02   1.0000000e+00   3.6519369e-04
   4.0700000e+02   0.0000000e+00   3.6339127e-04
   4.0800000e+02   0.0000000e+00   3.6159775e-04
   4.0900000e+02   1.0000000e+00   3.5981308e-04
   4.1000000e+02   0.0000000e+00   3.5803722e-04
   4.1100000e+02   1.0000000e+00   3.5627012e-04
   4.1200000e+02   0.0000000e+00   3.5451174e-04
   4.1300000e+02   0.0000000e+00   3.5276205e-04
   4.1400000e+02   2.0000000e+00   3.5102099e-04
   4.1500000e+02   0.0000000e+00   3.4928852e-04
   4.1600000e+02   0.0000000e+00   3.4756460e-04
   4.1700000e+02   0.0000000e+00   3.4584919e-04
   4.1800000e+02   1.0000000e+00   3.4414225e-04
   4.1900000e+02   1.0000000e+00   3.4244373e-04
   4.2000000e+02   0.0000000e+00   3.4075360e-04
   4.2100000e+02   0.0000000e+00   3.3907180e-04
   4.2200000e+02   0.0000000e+00   3.3739831e-04
   4.2300000e+02   0.0000000e+00   3.3573308e-04
   4.2400000e+02   0.0000000e+00   3.3407606e-04
   4.2500000e+02   0.0000000e+00   3.3242723e-04
   4.2600000e+02   0.0000000e+00   3.3078653e-04
   4.2700000e+02   1.0000000e+00   3.2915393e-04
   4.2800000e+02   0.0000000e+00   3.2752938e-04
   4.2900000e+02   0.0000000e+00   3.2591286e-04
   4.3000000e+02   0.0000000e+00   3.2430431e-04
   4.3100000e+02   0.0000000e+00   3.2270370e-04
   4.3200000e+02   0.0000000e+00   3.2111100e-04
   4.3300000e+02   0.0000000e+00   3.1952615e-04
   4.3400000e+02   0.0000000e+00   3.1794912e-04
   4.3500000e+02   0.0000000e+00   3.1637988e-04
   4.3600000e+02   0.0000000e+00   3.1481839e-04
   4.3700000e+02   0.0000000e+00   3.1326460e-04
   4.3800000e+02   0.0000000e+00   3.1171848e-04
   4.3900000e+02   0.0000000e+00   3.1017999e-04
   4.4000000e+02   1.0000000e+00   3.0864909e-04
   4.4100000e+02   0.0000000e+00   3.0712575e-04
   4.4200000e+02   1.0000000e+00   3.0560993e-04
   4.4300000e+02   0.0000000e+00   3.0410158e-04
   4.4400000e+02   0.0000000e+00   3.0260069e-04
   4.4500000e+02   0.0000000e+00   3.0110720e-04
   4.4600000e+02   0.0000000e+00   2.9962108e-04
   4.4700000e+02   0.0000000e+00   2.9814230e-04
   4.4800000e+02   0.0000000e+00   2.9667081e-04
   4.4900000e+02   0.0000000e+00   2.9520659e-04
   4.5000000e+02   0.0000000e+00   2.9374959e-04
   4.5100000e+02   0.0000000e+00   2.9229979e-04
   4.5200000e+02   0.0000000e+00   2.9085714e-04
   4.5300000e+02   1.0000000e+00   2.8942161e-04
   4.5400000e+02   0.0000000e+00   2.8799317e-04
   4.5500000e+02   0.0000000e+00   2.8657177e-04
   4.5600000e+02   0.0000000e+00   2.8515740e-04
   4.5700000e+02   0.0000000e+00   2.8375000e-04
   4.5800000e+02   0.0000000e+00   2.8234955e-04
   4.5900000e+02   0.0000000e+00   2.8095601e-04
   4.6000000e+02   2.0000000e+00   2.7956935e-04
   4.6100000e+02   0.0000000e+00   2.7818953e-04
   4.6200000e+02   0.0000000e+00   2.7681652e-04
   4.6300000e+02   0.0000000e+00   2.7545029e-04
   4.6400000e+02   0.0000000e+00   2.7409080e-04
   4.6500000e+02   0.0000000e+00   2.7273802e-04
   4.6600000e+02   0.0000000e+00   2.7139192e-04
   4.6700000e+02   0.0000000e+00   2.7005246e-04
   4.6800000e+02   0.0000000e+00   2.6871962e-04
   4.6900000e+02   0.0000000e+00   2.6739335e-04
   4.7000000e+02   0.0000000e+00   2.6607363e-04
   4.7100000e+02   0.0000000e+00   2.6476042e-04
   4.7200000e+02   0.0000000e+00   2.6345369e-04
   4.7300000e+02   1.0000000e+00   2.6215341e-04
   4.7400000e+02   0.0000000e+00   2.6085955e-04
   4.7500000e+02   1.0000000e+00   2.5957207e-04
   4.7600000e+02   0.0000000e+00   2.5829095e-04
   4.7700000e+02   0.0000000e+00   2.5701615e-04
   4.7800000e+02   0.0000000e+00   2.5574765e-04
   4.7900000e+02   0.0000000e+00   2.5448540e-04
   4.8000000e+02   0.0000000e+00   2.5322939e-04
   4.8100000e+02   0.0000000e+00   2.5197957e-04
   4.8200000e+02   0.0000000e+00   2.5073592e-04
   4.8300000e+02   0.0000000e+00   2.4949841e-04
   4.8400000e+02   0.0000000e+00   2.4826701e-04
   4.8500000e+02   1.0000000e+00   2.4704169e-04
   4.8600000e+02   1.0000000e+00   2.4582241e-04
   4.8700000e+02   0.0000000e+00   2.4460915e-04
   4.8800000e+02   1.0000000e+00   2.4340188e-04
   4.8900000e+02   0.0000000e+00   2.4220057e-04
   4.9000000e+02   1.0000000e+00   2.4100518e-04
   4.9100000e+02   0.0000000e+00   2.3981570e-04
   4.9200000e+02   0.0000000e+00   2.3863208e-04
   4.9300000e+02   1.0000000e+00   2.3745431e-04
   4.9400000e+02   0.0000000e+00   2.3628235e-04
   4.9500000e+02   1.0000000e+00   2.3511618e-04
   4.9600000e+02   1.0000000e+00   2.3395576e-04
   4.9700000e+02   0.0000000e+00   2.3280107e-04
   4.9800000e+02   0.0000000e+00   2.3165208e-04
   4.9900000e+02   0.0000000e+00   2.3050876e-04
   5.0000000e+02   0.0000000e+00   2.2937108e-04
   5.0100000e+02   0.0000000e+00   2.2823901e-04
   5.0200000e+02   0.0000000e+00   2.2711254e-04
   5.0300000e+02   0.0000000e+00   2.2599162e-04
   5.0400000e+02   0.0000000e+00   2.2487624e-04
   5.0500000e+02   0.0000000e+00   2.2376636e-04
   5.0600000e+02   0.0000000e+00   2.2266196e-04
   5.0700000e+02   1.0000000e+00   2.2156301e-04
   5.0800000e+02   0.0000000e+00   2.2046948e-04
   5.0900000e+02   0.0000000e+00   2.1938135e-04
   5.1000000e+02   0.0000000e+00   2.1829859e-04
   5.1100000e+02   0.0000000e+00   2.1722118e-04
   5.1200000e+02   0.0000000e+00   2.1614908e-04
   5.1300000e+02   0.0000000e+00   2.1508227e-04
   5.1400000e+02   0.0000000e+00   2.1402073e-04
   5.1500000e+02   0.0000000e+00   2.1296443e-04
   5.1600000e+02   0.0000000e+00   2.1191334e-04
   5.1700000e+02   0.0000000e+00   2.1086744e-04
   5.1800000e+02   0.0000000e+00   2.0982670e-04
   5.1900000e+02   0.0000000e+00   2.0879110e-04
   5.2000000e+02   0.0000000e+00   2.0776061e-04
   5.2100000e+02   0.0000000e+00   2.0673520e-04
   5.2200000e+02   1.0000000e+00   2.0571486e-04
   5.2300000e+02   0.0000000e+00   2.0469955e-04
   5.2400000e+02   0.0000000e+00   2.0368925e-04
   5.2500000e+02   0.0000000e+00   2.0268394e-04
   5.2600000e+02   0.0000000e+00   2.0168359e-04
   5.2700000e+02   0.0000000e+00   2.0068818e-04
   5.2800000e+02   0.0000000e+00   1.9969768e-04
   5.2900000e+02   0.0000000e+00   1.9871207e-04
   5.3000000e+02   0.0000000e+00   1.9773133e-04
   5.3100000e+02   0.0000000e+00   1.9675542e-04
   5.3200000e+02   0.0000000e+00   1.9578433e-04
   5.3300000e+02   0.0000000e+00   1.9481804e-04
   5.3400000e+02   1.0000000e+00   1.9385651e-04
   5.3500000e+02   0.0000000e+00   1.9289973e-04
   5.3600000e+02   0.0000000e+00   1.9194767e-04
   5.3700000e+02   0.0000000e+00   1.9100031e-04
   5.3800000e+02   0.0000000e+00   1.9005763e-04
   5.3900000e+02   0.0000000e+00   1.8911960e-04
   5.4000000e+02   1.0000000e+00   1.8818619e-04
   5.4100000e+02   0.0000000e+00   1.8725740e-04
   5.4200000e+02   0.0000000e+00   1.8633319e-04
   5.4300000e+02   0.0000000e+00   1.8541354e-04
   5.4400000e+02   0.0000000e+00   1.8449843e-04
   5.4500000e+02   0.0000000e+00   1.8358783e-04
   5.4600000e+02   0.0000000e+00   1.8268173e-04
   5.4700000e+02   0.0000000e+00   1.8178011e-04
   5.4800000e+02   0.0000000e+00   1.8088293e-04
   5.4900000e+02   1.0000000e+00   1.7999018e-04
   5.5000000e+02   0.0000000e+00   1.7910184e-04
   5.5100000e+02   0.0000000e+00   1.7821788e-04
   5.5200000e+02   0.0000000e+00   1.7733828e-04
   5.5300000e+02   0.0000000e+00   1.7646302e-04
   5.5400000e+02   0.0000000e+00   1.7559209e-04
   5.5500000e+02   1.0000000e+00   1.7472545e-04
   5.5600000e+02   0.0000000e+00   1.7386309e-04
   5.5700000e+02   1.0000000e+00   1.7300499e-04
   5.5800000e+02   0.0000000e+00   1.7215112e-04
   5.5900000e+02   0.0000000e+00   1.7130147e-04
   5.6000000e+02   1.0000000e+00   1.7045601e-04
   5.6100000e+02   0.0000000e+00   1.6961472e-04
   5.6200000e+02   1.0000000e+00   1.6877758e-04
   5.6300000e+02   0.0000000e+00   1.6794458e-04
   5.6400000e+02   0.0000000e+00   1.6711569e-04
   5.6500000e+02   0.0000000e+00   1.6629089e-04
   5.6600000e+02   1.0000000e+00   1.6547016e-04
   5.6700000e+02   0.0000000e+00   1.6465348e-04
   5.6800000e+02   0.0000000e+00   1.6384083e-04
   5.6900000e+02   0.0000000e+00   1.6303219e-04
   5.7000000e+02   0.0000000e+00   1.6222754e-04
   5.7100000e+02   0.0000000e+00   1.6142687e-04
   5.7200000e+02   0.0000000e+00   1.6063014e-04
   5.7300000e+02   0.0000000e+00   1.5983735e-04
   5.7400000e+02   0.0000000e+00   1.5904847e-04
   5.7500000e+02   0.0000000e+00   1.5826349e-04
   5.7600000e+02   0.0000000e+00   1.5748237e-04
   5.7700000e+02   0.0000000e+00   1.5670512e-04
   5.7800000e+02   0.0000000e+00   1.5593170e-04
   5.7900000e+02   1.0000000e+00   1.5516210e-04
   5.8000000e+02   1.0000000e+00   1.5439629e-04
   5.8100000e+02   0.0000000e+00   1.5363427e-04
   5.8200000e+02   0.0000000e+00   1.5287600e-04
   5.8300000e+02   0.0000000e+00   1.5212148e-04
   5.8400000e+02   1.0000000e+00   1.5137068e-04
   5.8500000e+02   0.0000000e+00   1.5062359e-04
   5.8600000e+02   0.0000000e+00   1.4988019e-04
   5.8700000e+02   0.0000000e+00   1.4914045e-04
   5.8800000e+02   0.0000000e+00   1.4840437e-04
   5.8900000e+02   0.0000000e+00   1.4767192e-04
   5.9000000e+02   0.0000000e+00   1.4694308e-04
   5.9100000e+02   0.0000000e+00   1.4621784e-04
   5.9200000e+02   0.0000000e+00   1.4549618e-04
   5.9300000e+02   0.0000000e+00   1.4477808e-04
   5.9400000e+02   0.0000000e+00   1.4406353e-04
   5.9500000e+02   0.0000000e+00   1.4335250e-04
   5.9600000e+02   0.0000000e+00   1.4264498e-04
   5.9700000e+02   0.0000000e+00   1.4194096e-04
   5.9800000e+02   0.0000000e+00   1.4124041e-04
   5.9900000e+02   0.0000000e+00   1.4054331e-04
   6.0000000e+02   0.0000000e+00   1.3984966e-04
   6.0100000e+02   0.0000000e+00   1.3915943e-04
   6.0200000e+02   0.0000000e+00   1.3847261e-04
   6.0300000e+02   0.0000000e+00   1.3778917e-04
   6.0400000e+02   0.0000000e+00   1.3710911e-04
   6.0500000e+02   0.0000000e+00   1.3643241e-04
   6.0600000e+02   0.0000000e+00   1.3575905e-04
   6.0700000e+02   1.0000000e+00   1.3508901e-04
   6.0800000e+02   0.0000000e+00   1.3442227e-04
   6.0900000e+02   0.0000000e+00   1.3375883e-04
   6.1000000e+02   0.0000000e+00   1.3309866e-04
   6.1100000e+02   0.0000000e+00   1.3244175e-04
   6.1200000e+02   0.0000000e+00   1.3178809e-04
   6.1300000e+02   0.0000000e+00   1.3113764e-04
   6.1400000e+02   0.0000000e+00   1.3049041e-04
   6.1500000e+02   1.0000000e+00   1.2984638e-04
   6.1600000e+02   0.0000000e+00   1.2920552e-04
   6.1700000e+02   0.0000000e+00   1.2856782e-04
   6.1800000e+02   0.0000000e+00   1.2793327e-04
   6.1900000e+02   1.0000000e+00   1.2730186e-04
   6.2000000e+02   0.0000000e+00   1.2667356e-04
   6.2100000e+02   0.0000000e+00   1.2604836e-04
   6.2200000e+02   0.0000000e+00   1.2542625e-04
   6.2300000e+02   0.0000000e+00   1.2480720e-04
   6.2400000e+02   0.0000000e+00   1.2419122e-04
   6.2500000e+02   0.0000000e+00   1.2357827e-04
   6.2600000e+02   0.0000000e+00   1.2296835e-04
   6.2700000e+02   0.0000000e+00   1.2236144e-04
   6.2800000e+02   0.0000000e+00   1.2175752e-04
   6.2900000e+02   0.0000000e+00   1.2115658e-04
   6.3000000e+02   0.0000000e+00   1.2055861e-04
   6.3100000e+02   0.0000000e+00   1.1996360e-04
   6.3200000e+02   0.0000000e+00   1.1937151e-04
   6.3300000e+02   0.0000000e+00   1.1878235e-04
   6.3400000e+02   0.0000000e+00   1.1819610e-04
   6.3500000e+02   0.0000000e+00   1.1761274e-04
   6.3600000e+02   0.0000000e+00   1.1703227e-04
   6.3700000e+02   0.0000000e+00   1.1645465e-04
   6.3800000e+02   0.0000000e+00   1.1587989e-04
   6.3900000e+02   0.0000000e+00   1.1530796e-04
   6.4000000e+02   0.0000000e+00   1.1473886e-04
   6.4100000e+02   0.0000000e+00   1.1417256e-04
   6.4200000e+02   1.0000000e+00   1.1360906e-04
   6.4300000e+02   0.0000000e+00   1.1304834e-04
   6.4400000e+02   0.0000000e+00   1.1249039e-04
   6.4500000e+02   0.0000000e+00   1.1193519e-04
   6.4600000e+02   0.0000000e+00   1.1138274e-04
   6.4700000e+02   0.0000000e+00   1.1083301e-04
   6.4800000e+02   0.0000000e+00   1.1028599e-04
   6.4900000e+02   0.0000000e+00   1.0974167e-04
   6.5000000e+02   0.0000000e+00   1.0920004e-04
   6.5100000e+02   0.0000000e+00   1.0866108e-04
   6.5200000e+02   0.0000000e+00   1.0812478e-04
   6.5300000e+02   0.0000000e+00   1.0759113e-04
   6.5400000e+02   0.0000000e+00   1.0706012e-04
   6.5500000e+02   0.0000000e+00   1.0653172e-04
   6.5600000e+02   0.0000000e+00   1.0600593e-04
   6.5700000e+02   0.0000000e+00   1.0548274e-04
   6.5800000e+02   0.0000000e+00   1.0496213e-04
   6.5900000e+02   0.0000000e+00   1.0444408e-04
   6.6000000e+02   0.0000000e+00   1.0392860e-04
   6.6100000e+02   0.0000000e+00   1.0341566e-04
   6.6200000e+02   0.0000000e+00   1.0290525e-04
   6.6300000e+02   0.0000000e+00   1.0239736e-04
   6.6400000e+02   0.0000000e+00   1.0189198e-04
   6.6500000e+02   0.0000000e+00   1.0138909e-04
   6.6600000e+02   0.0000000e+00   1.0088868e-04
   6.6700000e+02   0.0000000e+00   1.0039074e-04
   6.6800000e+02   0.0000000e+00   9.9895263e-05
   6.6900000e+02   0.0000000e+00   9.9402229e-05
   6.7000000e+02   0.0000000e+00   9.8911628e-05
   6.7100000e+02   0.0000000e+00   9.8423448e-05
   6.7200000e+02   0.0000000e+00   9.7937678e-05
   6.7300000e+02   0.0000000e+00   9.7454306e-05
   6.7400000e+02   0.0000000e+00   9.6973319e-05
   6.7500000e+02   0.0000000e+00   9.6494706e-05
   6.7600000e+02   0.0000000e+00   9.6018455e-05
   6.7700000e+02   0.0000000e+00   9.5544555e-05
   6.7800000e+02   0.0000000e+00   9.5072994e-05
   6.7900000e+02   0.0000000e+00   9.4603760e-05
   6.8000000e+02   0.0000000e+00   9.4136842e-05
   6.8100000e+02   0.0000000e+00   9.3672229e-05
   6.8200000e+02   1.0000000e+00   9.3209908e-05
   6.8300000e+02   0.0000000e+00   9.2749870e-05
   6.8400000e+02   0.0000000e+00   9.2292102e-05
   6.8500000e+02   0.0000000e+00   9.1836593e-05
   6.8600000e+02   0.0000000e+00   9.1383332e-05
   6.8700000e+02   0.0000000e+00   9.0932309e-05
   6.8800000e+02   1.0000000e+00   9.0483511e-05
   6.8900000e+02   0.0000000e+00   9.0036929e-05
   6.9000000e+02   0.0000000e+00   8.9592551e-05
   6.9100000e+02   0.0000000e+00   8.9150366e-05
   6.9200000e+02   0.0000000e+00   8.8710363e-05
   6.9300000e+02   0.0000000e+00   8.8272532e-05
   6.9400000e+02   0.0000000e+00   8.7836862e-05
   6.9500000e+02   0.0000000e+00   8.7403342e-05
   6.9600000e+02   0.0000000e+00   8.6971962e-05
   6.9700000e+02   0.0000000e+00   8.6542711e-05
   6.9800000e+02   0.0000000e+00   8.6115578e-05
   6.9900000e+02   0.0000000e+00   8.5690554e-05
   7.0000000e+02   0.0000000e+00   8.5267627e-05
   7.0100000e+02   0.0000000e+00   8.4846788e-05
   7.0200000e+02   0.0000000e+00   8.4428025e-05
   7.0300000e+02   0.0000000e+00   8.4011330e-05
   7.0400000e+02   0.0000000e+00   8.3596691e-05
   7.0500000e+02   0.0000000e+00   8.3184099e-05
   7.0600000e+02   0.0000000e+00   8.2773543e-05
   7.0700000e+02   0.0000000e+00   8.2365013e-05
   7.0800000e+02   0.0000000e+00   8.1958499e-05
   7.0900000e+02   0.0000000e+00   8.1553992e-05
   7.1000000e+02   0.0000000e+00   8.1151482e-05
   7.1100000e+02   0.0000000e+00   8.0750958e-05
   7.1200000e+02   0.0000000e+00   8.0352410e-05
   7.1300000e+02   0.0000000e+00   7.9955830e-05
   7.1400000e+02   0.0000000e+00   7.9561207e-05
   7.1500000e+02   0.0000000e+00   7.9168532e-05
   7.1600000e+02   0.0000000e+00   7.8777795e-05
   7.1700000e+02   0.0000000e+00   7.8388986e-05
   7.1800000e+02   0.0000000e+00   7.8002096e-05
   7.1900000e+02   0.0000000e+00   7.7617116e-05
   7.2000000e+02   0.0000000e+00   7.7234036e-05
   7.2100000e+02   0.0000000e+00   7.6852846e-05
   7.2200000e+02   0.0000000e+00   7.6473538e-05
   7.2300000e+02   1.0000000e+00   7.6096102e-05
   7.2400000e+02   0.0000000e+00   7.5720529e-05
   7.2500000e+02   0.0000000e+00   7.5346810e-05
   7.2600000e+02   0.0000000e+00   7.4974935e-05
   7.2700000e+02   0.0000000e+00   7.4604895e-05
   7.2800000e+02   0.0000000e+00   7.4236682e-05
   7.2900000e+02   0.0000000e+00   7.3870286e-05
   7.3000000e+02   0.0000000e+00   7.3505698e-05
   7.3100000e+02   0.0000000e+00   7.3142910e-05
   7.3200000e+02   1.0000000e+00   7.2781912e-05
   7.3300000e+02   0.0000000e+00   7.2422696e-05
   7.3400000e+02   0.0000000e+00   7.2065253e-05
   7.3500000e+02   0.0000000e+00   7.1709574e-05
   7.3600000e+02   0.0000000e+00   7.1355651e-05
   7.3700000e+02   0.0000000e+00   7.1003474e-05
   7.3800000e+02   0.0000000e+00   7.0653036e-05
   7.3900000e+02   0.0000000e+00   7.0304327e-05
   7.4000000e+02   0.0000000e+00   6.9957339e-05
   7.4100000e+02   0.0000000e+00   6.9612064e-05
   7.4200000e+02   0.0000000e+00   6.9268493e-05
   7.4300000e+02   0.0000000e+00   6.8926617e-05
   7.4400000e+02   0.0000000e+00   6.8586429e-05
   7.4500000e+02   0.0000000e+00   6.8247920e-05
   7.4600000e+02   0.0000000e+00   6.7911082e-05
   7.4700000e+02   0.0000000e+00   6.7575906e-05
   7.4800000e+02   0.0000000e+00   6.7242384e-05
   7.4900000e+02   0.0000000e+00   6.6910508e-05
   7.5000000e+02   0.0000000e+00   6.6580271e-05
   7.5100000e+02   0.0000000e+00   6.6251663e-05
   7.5200000e+02   0.0000000e+00   6.5924677e-05
   7.5300000e+02   0.0000000e+00   6.5599305e-05
   7.5400000e+02   0.0000000e+00   6.5275539e-05
   7.5500000e+02   0.0000000e+00   6.4953371e-05
   7.5600000e+02   0.0000000e+00   6.4632793e-05
   7.5700000e+02   0.0000000e+00   6.4313797e-05
   7.5800000e+02   0.0000000e+00   6.3996376e-05
   7.5900000e+02   0.0000000e+00   6.3680521e-05
   7.6000000e+02   0.0000000e+00   6.3366225e-05
   7.6100000e+02   0.0000000e+00   6.3053480e-05
   7.6200000e+02   0.0000000e+00   6.2742279e-05
   7.6300000e+02   0.0000000e+00   6.2432614e-05
   7.6400000e+02   0.0000000e+00   6.2124477e-05
   7.6500000e+02   0.0000000e+00   6.1817861e-05
   7.6600000e+02   0.0000000e+00   6.1512758e-05
   7.6700000e+02   0.0000000e+00   6.1209161e-05
   7.6800000e+02   0.0000000e+00   6.0907063e-05
   7.6900000e+02   0.0000000e+00   6.0606455e-05
   7.7000000e+02   0.0000000e+00   6.0307331e-05
   7.7100000e+02   0.0000000e+00   6.0009684e-05
   7.7200000e+02   0.0000000e+00   5.9713505e-05
   7.7300000e+02   0.0000000e+00   5.9418789e-05
   7.7400000e+02   0.0000000e+00   5.9125526e-05
   7.7500000e+02   0.0000000e+00   5.8833712e-05
   7.7600000e+02   0.0000000e+00   5.8543337e-05
   7.7700000e+02   0.0000000e+00   5.8254396e-05
   7.7800000e+02   0.0000000e+00   5.7966881e-05
   7.7900000e+02   0.0000000e+00   5.7680784e-05
   7.8000000e+02   0.0000000e+00   5.7396100e-05
   7.8100000e+02   0.0000000e+00   5.7112821e-05
   7.8200000e+02   0.0000000e+00   5.6830940e-05
   7.8300000e+02   0.0000000e+00   5.6550450e-05
   7.8400000e+02   0.0000000e+00   5.6271345e-05
   7.8500000e+02   0.0000000e+00   5.5993617e-05
   7.8600000e+02   0.0000000e+00   5.5717260e-05
   7.8700000e+02   0.0000000e+00   5.5442267e-05
   7.8800000e+02   0.0000000e+00   5.5168631e-05
   7.8900000e+02   0.0000000e+00   5.4896346e-05
   7.9000000e+02   0.0000000e+00   5.4625404e-05
   7.9100000e+02   0.0000000e+00   5.4355800e-05
   7.9200000e+02   0.0000000e+00   5.4087526e-05
   7.9300000e+02   0.0000000e+00   5.3820576e-05
   7.9400000e+02   0.0000000e+00   5.3554944e-05
   7.9500000e+02   0.0000000e+00   5.3290623e-05
   7.9600000e+02   0.0000000e+00   5.3027607e-05
   7.9700000e+02   0.0000000e+00   5.2765888e-05
   7.9800000e+02   0.0000000e+00   5.2505462e-05
   7.9900000e+02   0.0000000e+00   5.2246321e-05
   8.0000000e+02   0.0000000e+00   5.1988458e-05
   8.0100000e+02   0.0000000e+00   5.1731869e-05
   8.0200000e+02   0.0000000e+00   5.1476545e-05
   8.0300000e+02   0.0000000e+00   5.1222482e-05
   8.0400000e+02   0.0000000e+00   5.0969673e-05
   8.0500000e+02   0.0000000e+00   5.0718112e-05
   8.0600000e+02   0.0000000e+00   5.0467792e-05
   8.0700000e+02   0.0000000e+00   5.0218708e-05
   8.0800000e+02   0.0000000e+00   4.9970853e-05
   8.0900000e+02   0.0000000e+00   4.9724221e-05
   8.1000000e+02   0.0000000e+00   4.9478806e-05
   8.1100000e+02   0.0000000e+00   4.9234603e-05
   8.1200000e+02   0.0000000e+00   4.8991605e-05
   8.1300000e+02   0.0000000e+00   4.8749807e-05
   8.1400000e+02   0.0000000e+00   4.8509201e-05
   8.1500000e+02   0.0000000e+00   4.8269784e-05
   8.1600000e+02   0.0000000e+00   4.8031548e-05
   8.1700000e+02   0.0000000e+00   4.7794487e-05
   8.1800000e+02   0.0000000e+00   4.7558597e-05
   8.1900000e+02   0.0000000e+00   4.7323871e-05
   8.2000000e+02   0.0000000e+00   4.7090304e-05
   8.2100000e+02   0.0000000e+00   4.6857889e-05
   8.2200000e+02   0.0000000e+00   4.6626621e-05
   8.2300000e+02   0.0000000e+00   4.6396495e-05
   8.2400000e+02   0.0000000e+00   4.6167505e-05
   8.2500000e+02   0.0000000e+00   4.5939644e-05
   8.2600000e+02   0.0000000e+00   4.5712909e-05
   8.2700000e+02   0.0000000e+00   4.5487292e-05
   8.2800000e+02   0.0000000e+00   4.5262789e-05
   8.2900000e+02   0.0000000e+00   4.5039394e-05
   8.3000000e+02   0.0000000e+00   4.4817102e-05
   8.3100000e+02   0.0000000e+00   4.4595906e-05
   8.3200000e+02   0.0000000e+00   4.4375803e-05
   8.3300000e+02   0.0000000e+00   4.4156785e-05
   8.3400000e+02   0.0000000e+00   4.3938849e-05
   8.3500000e+02   0.0000000e+00   4.3721988e-05
   8.3600000e+02   0.0000000e+00   4.3506198e-05
   8.3700000e+02   0.0000000e+00   4.3291473e-05
   8.3800000e+02   0.0000000e+00   4.3077807e-05
   8.3900000e+02   0.0000000e+00   4.2865196e-05
   8.4000000e+02   0.0000000e+00   4.2653634e-05
   8.4100000e+02   0.0000000e+00   4.2443117e-05
   8.4200000e+02   0.0000000e+00   4.2233638e-05
   8.4300000e+02   0.0000000e+00   4.2025194e-05
   8.4400000e+02   0.0000000e+00   4.1817778e-05
   8.4500000e+02   0.0000000e+00   4.1611386e-05
   8.4600000e+02   0.0000000e+00   4.1406012e-05
   8.4700000e+02   0.0000000e+00   4.1201653e-05
   8.4800000e+02   0.0000000e+00   4.0998301e-05
   8.4900000e+02   0.0000000e+00   4.0795954e-05
   8.5000000e+02   0.0000000e+00   4.0594605e-05
   8.5100000e+02   0.0000000e+00   4.0394250e-05
   8.5200000e+02   0.0000000e+00   4.0194883e-05
   8.5300000e+02   0.0000000e+00   3.9996501e-05
   8.5400000e+02   0.0000000e+00   3.9799098e-05
   8.5500000e+02   0.0000000e+00   3.9602669e-05
   8.5600000e+02   0.0000000e+00   3.9407210e-05
   8.5700000e+02   0.0000000e+00   3.9212715e-05
   8.5800000e+02   0.0000000e+00   3.9019180e-05
   8.5900000e+02   0.0000000e+00   3.8826600e-05
   8.6000000e+02   0.0000000e+00   3.8634971e-05
   8.6100000e+02   0.0000000e+00   3.8444288e-05
   8.6200000e+02   0.0000000e+00   3.8254546e-05
   8.6300000e+02   0.0000000e+00   3.8065740e-05
   8.6400000e+02   0.0000000e+00   3.7877866e-05
   8.6500000e+02   0.0000000e+00   3.7690920e-05
   8.6600000e+02   0.0000000e+00   3.7504896e-05
   8.6700000e+02   0.0000000e+00   3.7319790e-05
   8.6800000e+02   0.0000000e+00   3.7135597e-05
   8.6900000e+02   0.0000000e+00   3.6952314e-05
   8.7000000e+02   0.0000000e+00   3.6769936e-05
   8.7100000e+02   0.0000000e+00   3.6588457e-05
   8.7200000e+02   0.0000000e+00   3.6407875e-05
   8.7300000e+02   0.0000000e+00   3.6228183e-05
   8.7400000e+02   0.0000000e+00   3.6049378e-05
   8.7500000e+02   0.0000000e+00   3.5871456e-05
   8.7600000e+02   0.0000000e+00   3.5694412e-05
   8.7700000e+02   0.0000000e+00   3.5518242e-05
   8.7800000e+02   0.0000000e+00   3.5342941e-05
   8.7900000e+02   0.0000000e+00   3.5168506e-05
   8.8000000e+02   0.0000000e+00   3.4994931e-05
   8.8100000e+02   0.0000000e+00   3.4822214e-05
   8.8200000e+02   0.0000000e+00   3.4650348e-05
   8.8300000e+02   0.0000000e+00   3.4479331e-05
   8.8400000e+02   0.0000000e+00   3.4309158e-05
   8.8500000e+02   0.0000000e+00   3.4139825e-05
   8.8600000e+02   0.0000000e+00   3.3971327e-05
   8.8700000e+02   0.0000000e+00   3.3803661e-05
   8.8800000e+02   0.0000000e+00   3.3636823e-05
   8.8900000e+02   0.0000000e+00   3.3470808e-05
   8.9000000e+02   0.0000000e+00   3.3305612e-05
   8.9100000e+02   0.0000000e+00   3.3141232e-05
   8.9200000e+02   0.0000000e+00   3.2977663e-05
   8.9300000e+02   0.0000000e+00   3.2814902e-05
   8.9400000e+02   0.0000000e+00   3.2652943e-05
   8.9500000e+02   0.0000000e+00   3.2491784e-05
   8.9600000e+02   0.0000000e+00   3.2331421e-05
   8.9700000e+02   0.0000000e+00   3.2171849e-05
   8.9800000e+02   0.0000000e+00   3.2013064e-05
   8.9900000e+02   0.0000000e+00   3.1855063e-05
   9.0000000e+02   0.0000000e+00   3.1697842e-05
   9.0100000e+02   0.0000000e+00   3.1541397e-05
   9.0200000e+02   0.0000000e+00   3.1385724e-05
   9.0300000e+02   0.0000000e+00   3.1230820e-05
   9.0400000e+02   0.0000000e+00   3.1076680e-05
   9.0500000e+02   0.0000000e+00   3.0923300e-05
   9.0600000e+02   0.0000000e+00   3.0770678e-05
   9.0700000e+02   0.0000000e+00   3.0618809e-05
   9.0800000e+02   0.0000000e+00   3.0467689e-05
   9.0900000e+02   0.0000000e+00   3.0317316e-05
   9.1000000e+02   0.0000000e+00   3.0167684e-05
   9.1100000e+02   0.0000000e+00   3.0018791e-05
   9.1200000e+02   0.0000000e+00   2.9870633e-05
   9.1300000e+02   0.0000000e+00   2.9723206e-05
   9.1400000e+02   0.0000000e+00   2.9576507e-05
   9.1500000e+02   0.0000000e+00   2.9430532e-05
   9.1600000e+02   0.0000000e+00   2.9285277e-05
   9.1700000e+02   0.0000000e+00   2.9140739e-05
   9.1800000e+02   0.0000000e+00   2.8996915e-05
   9.1900000e+02   0.0000000e+00   2.8853800e-05
   9.2000000e+02   0.0000000e+00   2.8711392e-05
   9.2100000e+02   0.0000000e+00   2.8569687e-05
   9.2200000e+02   0.0000000e+00   2.8428681e-05
   9.2300000e+02   0.0000000e+00   2.8288371e-05
   9.2400000e+02   0.0000000e+00   2.8148753e-05
   9.2500000e+02   0.0000000e+00   2.8009825e-05
   9.2600000e+02   0.0000000e+00   2.7871582e-05
   9.2700000e+02   0.0000000e+00   2.7734021e-05
   9.2800000e+02   0.0000000e+00   2.7597140e-05
   9.2900000e+02   0.0000000e+00   2.7460934e-05
   9.3000000e+02   0.0000000e+00   2.7325400e-05
   9.3100000e+02   0.0000000e+00   2.7190535e-05
   9.3200000e+02   0.0000000e+00   2.7056336e-05
   9.3300000e+02   0.0000000e+00   2.6922799e-05
   9.3400000e+02   0.0000000e+00   2.6789921e-05
   9.3500000e+02   0.0000000e+00   2.6657699e-05
   9.3600000e+02   0.0000000e+00   2.6526130e-05
   9.3700000e+02   0.0000000e+00   2.6395210e-05
   9.3800000e+02   0.0000000e+00   2.6264936e-05
   9.3900000e+02   0.0000000e+00   2.6135305e-05
   9.4000000e+02   0.0000000e+00   2.6006314e-05
   9.4100000e+02   0.0000000e+00   2.5877960e-05
   9.4200000e+02   0.0000000e+00   2.5750239e-05
   9.4300000e+02   0.0000000e+00   2.5623148e-05
   9.4400000e+02   0.0000000e+00   2.5496685e-05
   9.4500000e+02   0.0000000e+00   2.5370846e-05
   9.4600000e+02   0.0000000e+00   2.5245627e-05
   9.4700000e+02   0.0000000e+00   2.5121027e-05
   9.4800000e+02   0.0000000e+00   2.4997042e-05
   9.4900000e+02   0.0000000e+00   2.4873669e-05
   9.5000000e+02   0.0000000e+00   2.4750905e-05
   9.5100000e+02   0.0000000e+00   2.4628746e-05
   9.5200000e+02   0.0000000e+00   2.4507191e-05
   9.5300000e+02   0.0000000e+00   2.4386235e-05
   9.5400000e+02   0.0000000e+00   2.4265877e-05
   9.5500000e+02   0.0000000e+00   2.4146112e-05
   9.5600000e+02   0.0000000e+00   2.4026939e-05
   9.5700000e+02   0.0000000e+00   2.3908354e-05
   9.5800000e+02   0.0000000e+00   2.3790354e-05
   9.5900000e+02   0.0000000e+00   2.3672936e-05
   9.6000000e+02   0.0000000e+00   2.3556098e-05
   9.6100000e+02   0.0000000e+00   2.3439837e-05
   9.6200000e+02   0.0000000e+00   2.3324149e-05
   9.6300000e+02   0.0000000e+00   2.3209033e-05
   9.6400000e+02   0.0000000e+00   2.3094484e-05
   9.6500000e+02   0.0000000e+00   2.2980501e-05
   9.6600000e+02   0.0000000e+00   2.2867081e-05
   9.6700000e+02   0.0000000e+00   2.2754220e-05
   9.6800000e+02   0.0000000e+00   2.2641916e-05
   9.6900000e+02   0.0000000e+00   2.2530167e-05
   9.7000000e+02   0.0000000e+00   2.2418969e-05
   9.7100000e+02   0.0000000e+00   2.2308320e-05
   9.7200000e+02   0.0000000e+00   2.2198217e-05
   9.7300000e+02   0.0000000e+00   2.2088657e-05
   9.7400000e+02   0.0000000e+00   2.1979638e-05
   9.7500000e+02   0.0000000e+00   2.1871158e-05
   9.7600000e+02   0.0000000e+00   2.1763212e-05
   9.7700000e+02   0.0000000e+00   2.1655800e-05
   9.7800000e+02   0.0000000e+00   2.1548917e-05
   9.7900000e+02   0.0000000e+00   2.1442562e-05
   9.8000000e+02   0.0000000e+00   2.1336732e-05
   9.8100000e+02   0.0000000e+00   2.1231425e-05
   9.8200000e+02   0.0000000e+00   2.1126637e-05
   9.8300000e+02   0.0000000e+00   2.1022366e-05
   9.8400000e+02   0.0000000e+00   2.0918610e-05
   9.8500000e+02   0.0000000e+00   2.0815366e-05
   9.8600000e+02   0.0000000e+00   2.0712631e-05
   9.8700000e+02   0.0000000e+00   2.0610404e-05
   9.8800000e+02   0.0000000e+00   2.0508681e-05
   9.8900000e+02   0.0000000e+00   2.0407460e-05
   9.9000000e+02   0.0000000e+00   2.0306739e-05
   9.9100000e+02   0.0000000e+00   2.0206515e-05
   9.9200000e+02   0.0000000e+00   2.0106785e-05
   9.9300000e+02   0.0000000e+00   2.0007548e-05
   9.9400000e+02   0.0000000e+00   1.9908800e-05
   9.9500000e+02   0.0000000e+00   1.9810540e-05
   9.9600000e+02   1.0000000e+00   1.9712765e-05
