   1.0000000e+00   9.0000000e+00   2.2676700e-02
   2.0000000e+00   1.2000000e+01   2.0451728e-02
   3.0000000e+00   9.0000000e+00   1.8478519e-02
   4.0000000e+00   1.3000000e+01   1.6728434e-02
   5.0000000e+00   4.0000000e+00   1.5176092e-02
   6.0000000e+00   6.0000000e+00   1.3799000e-02
   7.0000000e+00   5.0000000e+00   1.2577225e-02
   8.0000000e+00   3.0000000e+00   1.1493101e-02
   9.0000000e+00   4.0000000e+00   1.0530971e-02
   1.0000000e+01   7.0000000e+00   9.6769614e-03
   1.1000000e+01   3.0000000e+00   8.9187754e-03
   1.2000000e+01   7.0000000e+00   8.2455161e-03
   1.3000000e+01   6.0000000e+00   7.6475261e-03
   1.4000000e+01   3.0000000e+00   7.1162468e-03
   1.5000000e+01   4.0000000e+00   6.6440934e-03
   1.6000000e+01   5.0000000e+00   6.2243439e-03
   1.7000000e+01   4.0000000e+00   5.8510412e-03
   1.8000000e+01   3.0000000e+00   5.5189059e-03
   1.9000000e+01   3.0000000e+00   5.2232592e-03
   2.0000000e+01   4.0000000e+00   4.9599548e-03
   2.1000000e+01   1.0000000e+00   4.7253178e-03
   2.2000000e+01   1.0000000e+00   4.5160918e-03
   2.3000000e+01   2.0000000e+00   4.3293904e-03
   2.4000000e+01   1.0000000e+00   4.1626561e-03
   2.5000000e+01   0.0000000e+00   4.0136220e-03
   2.6000000e+01   3.0000000e+00   3.8802792e-03
   2.7000000e+01   0.0000000e+00   3.7608474e-03
   2.8000000e+01   1.0000000e+00   3.6537486e-03
   2.9000000e+01   0.0000000e+00   3.5575848e-03
   3.0000000e+01   1.0000000e+00   3.4711165e-03
   3.1000000e+01   2.0000000e+00   3.3932455e-03
   3.2000000e+01   1.0000000e+00   3.3229986e-03
   3.3000000e+01   1.0000000e+00   3.2595130e-03
   3.4000000e+01   1.0000000e+00   3.2020243e-03
   3.5000000e+01   3.0000000e+00   3.1498550e-03
   3.6000000e+01   0.0000000e+00   3.1024047e-03
   3.7000000e+01   2.0000000e+00   3.0591411e-03
   3.8000000e+01   1.0000000e+00   3.0195927e-03
   3.9000000e+01   2.0000000e+00   2.9833415e-03
   4.0000000e+01   2.0000000e+00   2.9500169e-03
   4.1000000e+01   2.0000000e+00   2.9192908e-03
   4.2000000e+01   1.0000000e+00   2.8908721e-03
   4.3000000e+01   1.0000000e+00   2.8645028e-03
   4.4000000e+01   1.0000000e+00   2.8399546e-03
   4.5000000e+01   4.0000000e+00   2.8170247e-03
   4.6000000e+01   2.0000000e+00   2.7955336e-03
   4.7000000e+01   3.0000000e+00   2.7753222e-03
   4.8000000e+01   3.0000000e+00   2.7562494e-03
   4.9000000e+01   3.0000000e+00   2.7381902e-03
   5.0000000e+01   1.0000000e+00   2.7210337e-03
   5.1000000e+01   2.0000000e+00   2.7046819e-03
   5.2000000e+01   0.0000000e+00   2.6890475e-03
   5.3000000e+01   1.0000000e+00   2.6740535e-03
   5.4000000e+01   3.0000000e+00   2.6596313e-03
   5.5000000e+01   4.0000000e+00   2.6457204e-03
   5.6000000e+01   1.0000000e+00   2.6322670e-03
   5.7000000e+01   3.0000000e+00   2.6192234e-03
   5.8000000e+01   1.0000000e+00   2.6065473e-03
   5.9000000e+01   1.0000000e+00   2.5942014e-03
   6.0000000e+01   0.0000000e+00   2.5821523e-03
   6.1000000e+01   0.0000000e+00   2.5703707e-03
   6.2000000e+01   0.0000000e+00   2.5588303e-03
   6.3000000e+01   0.0000000e+00   2.5475081e-03
   6.4000000e+01   0.0000000e+00   2.5363834e-03
   6.5000000e+01   2.0000000e+00   2.5254381e-03
   6.6000000e+01   1.0000000e+00   2.5146560e-03
   6.7000000e+01   1.0000000e+00   2.5040226e-03
   6.8000000e+01   0.0000000e+00   2.4935254e-03
   6.9000000e+01   2.0000000e+00   2.4831530e-03
   7.0000000e+01   3.0000000e+00   2.4728953e-03
   7.1000000e+01   4.0000000e+00   2.4627435e-03
   7.2000000e+01   1.0000000e+00   2.4526897e-03
   7.3000000e+01   3.0000000e+00   2.4427267e-03
   7.4000000e+01   0.0000000e+00   2.4328485e-03
   7.5000000e+01   0.0000000e+00   2.4230494e-03
   7.6000000e+01   2.0000000e+00   2.4133245e-03
   7.7000000e+01   0.0000000e+00   2.4036694e-03
   7.8000000e+01   0.0000000e+00   2.3940803e-03
   7.9000000e+01   1.0000000e+00   2.3845536e-03
   8.0000000e+01   0.0000000e+00   2.3750862e-03
   8.1000000e+01   1.0000000e+00   2.3656754e-03
   8.2000000e+01   1.0000000e+00   2.3563188e-03
   8.3000000e+01   1.0000000e+00   2.3470141e-03
   8.4000000e+01   0.0000000e+00   2.3377594e-03
   8.5000000e+01   0.0000000e+00   2.3285528e-03
   8.6000000e+01   2.0000000e+00   2.3193929e-03
   8.7000000e+01   0.0000000e+00   2.3102783e-03
   8.8000000e+01   2.0000000e+00   2.3012077e-03
   8.9000000e+01   0.0000000e+00   2.2921798e-03
   9.0000000e+01   0.0000000e+00   2.2831939e-03
   9.1000000e+01   2.0000000e+00   2.2742488e-03
   9.2000000e+01   3.0000000e+00   2.2653438e-03
   9.3000000e+01   0.0000000e+00   2.2564781e-03
   9.4000000e+01   1.0000000e+00   2.2476511e-03
   9.5000000e+01   1.0000000e+00   2.2388621e-03
   9.6000000e+01   3.0000000e+00   2.2301106e-03
   9.7000000e+01   1.0000000e+00   2.2213960e-03
   9.8000000e+01   0.0000000e+00   2.2127180e-03
   9.9000000e+01   2.0000000e+00   2.2040760e-03
   1.0000000e+02   2.0000000e+00   2.1954697e-03
   1.0100000e+02   1.0000000e+00   2.1868987e-03
   1.0200000e+02   1.0000000e+00   2.1783626e-03
   1.0300000e+02   1.0000000e+00   2.1698612e-03
   1.0400000e+02   3.0000000e+00   2.1613941e-03
   1.0500000e+02   0.0000000e+00   2.1529612e-03
   1.0600000e+02   3.0000000e+00   2.1445621e-03
   1.0700000e+02   0.0000000e+00   2.1361965e-03
   1.0800000e+02   1.0000000e+00   2.1278643e-03
   1.0900000e+02   1.0000000e+00   2.1195653e-03
   1.1000000e+02   3.0000000e+00   2.1112992e-03
   1.1100000e+02   0.0000000e+00   2.1030659e-03
   1.1200000e+02   0.0000000e+00   2.0948651e-03
   1.1300000e+02   1.0000000e+00   2.0866967e-03
   1.1400000e+02   2.0000000e+00   2.0785605e-03
   1.1500000e+02   1.0000000e+00   2.0704563e-03
   1.1600000e+02   0.0000000e+00   2.0623840e-03
   1.1700000e+02   0.0000000e+00   2.0543434e-03
   1.1800000e+02   1.0000000e+00   2.0463344e-03
   1.1900000e+02   3.0000000e+00   2.0383568e-03
   1.2000000e+02   3.0000000e+00   2.0304105e-03
   1.2100000e+02   1.0000000e+00   2.0224953e-03
   1.2200000e+02   0.0000000e+00   2.0146111e-03
   1.2300000e+02   1.0000000e+00   2.0067577e-03
   1.2400000e+02   0.0000000e+00   1.9989351e-03
   1.2500000e+02   2.0000000e+00   1.9911431e-03
   1.2600000e+02   1.0000000e+00   1.9833815e-03
   1.2700000e+02   1.0000000e+00   1.9756502e-03
   1.2800000e+02   0.0000000e+00   1.9679492e-03
   1.2900000e+02   0.0000000e+00   1.9602782e-03
   1.3000000e+02   1.0000000e+00   1.9526371e-03
   1.3100000e+02   0.0000000e+00   1.9450259e-03
   1.3200000e+02   2.0000000e+00   1.9374445e-03
   1.3300000e+02   0.0000000e+00   1.9298926e-03
   1.3400000e+02   0.0000000e+00   1.9223701e-03
   1.3500000e+02   0.0000000e+00   1.9148770e-03
   1.3600000e+02   2.0000000e+00   1.9074132e-03
   1.3700000e+02   0.0000000e+00   1.8999784e-03
   1.3800000e+02   2.0000000e+00   1.8925727e-03
   1.3900000e+02   0.0000000e+00   1.8851958e-03
   1.4000000e+02   1.0000000e+00   1.8778477e-03
   1.4100000e+02   3.0000000e+00   1.8705283e-03
   1.4200000e+02   1.0000000e+00   1.8632374e-03
   1.4300000e+02   1.0000000e+00   1.8559750e-03
   1.4400000e+02   0.0000000e+00   1.8487408e-03
   1.4500000e+02   0.0000000e+00   1.8415349e-03
   1.4600000e+02   1.0000000e+00   1.8343570e-03
   1.4700000e+02   0.0000000e+00   1.8272072e-03
   1.4800000e+02   0.0000000e+00   1.8200852e-03
   1.4900000e+02   1.0000000e+00   1.8129909e-03
   1.5000000e+02   2.0000000e+00   1.8059244e-03
   1.5100000e+02   3.0000000e+00   1.7988853e-03
   1.5200000e+02   2.0000000e+00   1.7918738e-03
   1.5300000e+02   1.0000000e+00   1.7848895e-03
   1.5400000e+02   0.0000000e+00   1.7779325e-03
   1.5500000e+02   2.0000000e+00   1.7710026e-03
   1.5600000e+02   1.0000000e+00   1.7640997e-03
   1.5700000e+02   0.0000000e+00   1.7572237e-03
   1.5800000e+02   2.0000000e+00   1.7503745e-03
   1.5900000e+02   2.0000000e+00   1.7435521e-03
   1.6000000e+02   1.0000000e+00   1.7367562e-03
   1.6100000e+02   2.0000000e+00   1.7299868e-03
   1.6200000e+02   1.0000000e+00   1.7232438e-03
   1.6300000e+02   1.0000000e+00   1.7165270e-03
   1.6400000e+02   0.0000000e+00   1.7098365e-03
   1.6500000e+02   0.0000000e+00   1.7031720e-03
   1.6600000e+02   2.0000000e+00   1.6965335e-03
   1.6700000e+02   1.0000000e+00   1.6899209e-03
   1.6800000e+02   0.0000000e+00   1.6833340e-03
   1.6900000e+02   1.0000000e+00   1.6767729e-03
   1.7000000e+02   4.0000000e+00   1.6702373e-03
   1.7100000e+02   0.0000000e+00   1.6637272e-03
   1.7200000e+02   1.0000000e+00   1.6572424e-03
   1.7300000e+02   0.0000000e+00   1.6507829e-03
   1.7400000e+02   1.0000000e+00   1.6443487e-03
   1.7500000e+02   0.0000000e+00   1.6379394e-03
   1.7600000e+02   0.0000000e+00   1.6315552e-03
   1.7700000e+02   1.0000000e+00   1.6251959e-03
   1.7800000e+02   0.0000000e+00   1.6188613e-03
   1.7900000e+02   0.0000000e+00   1.6125514e-03
   1.8000000e+02   1.0000000e+00   1.6062662e-03
   1.8100000e+02   2.0000000e+00   1.6000054e-03
   1.8200000e+02   0.0000000e+00   1.5937690e-03
   1.8300000e+02   1.0000000e+00   1.5875569e-03
   1.8400000e+02   0.0000000e+00   1.5813691e-03
   1.8500000e+02   2.0000000e+00   1.5752054e-03
   1.8600000e+02   0.0000000e+00   1.5690656e-03
   1.8700000e+02   0.0000000e+00   1.5629499e-03
   1.8800000e+02   1.0000000e+00   1.5568579e-03
   1.8900000e+02   0.0000000e+00   1.5507897e-03
   1.9000000e+02   2.0000000e+00   1.5447452e-03
   1.9100000e+02   0.0000000e+00   1.5387242e-03
   1.9200000e+02   1.0000000e+00   1.5327267e-03
   1.9300000e+02   1.0000000e+00   1.5267525e-03
   1.9400000e+02   0.0000000e+00   1.5208017e-03
   1.9500000e+02   2.0000000e+00   1.5148740e-03
   1.9600000e+02   1.0000000e+00   1.5089695e-03
   1.9700000e+02   0.0000000e+00   1.5030879e-03
   1.9800000e+02   1.0000000e+00   1.4972293e-03
   1.9900000e+02   1.0000000e+00   1.4913935e-03
   2.0000000e+02   0.0000000e+00   1.4855805e-03
   2.0100000e+02   1.0000000e+00   1.4797901e-03
   2.0200000e+02   0.0000000e+00   1.4740223e-03
   2.0300000e+02   0.0000000e+00   1.4682770e-03
   2.0400000e+02   0.0000000e+00   1.4625540e-03
   2.0500000e+02   1.0000000e+00   1.4568534e-03
   2.0600000e+02   0.0000000e+00   1.4511750e-03
   2.0700000e+02   1.0000000e+00   1.4455187e-03
   2.0800000e+02   4.0000000e+00   1.4398845e-03
   2.0900000e+02   0.0000000e+00   1.4342722e-03
   2.1000000e+02   0.0000000e+00   1.4286818e-03
   2.1100000e+02   0.0000000e+00   1.4231132e-03
   2.1200000e+02   1.0000000e+00   1.4175663e-03
   2.1300000e+02   1.0000000e+00   1.4120411e-03
   2.1400000e+02   1.0000000e+00   1.4065373e-03
   2.1500000e+02   1.0000000e+00   1.4010550e-03
   2.1600000e+02   3.0000000e+00   1.3955941e-03
   2.1700000e+02   1.0000000e+00   1.3901545e-03
   2.1800000e+02   0.0000000e+00   1.3847361e-03
   2.1900000e+02   1.0000000e+00   1.3793387e-03
   2.2000000e+02   0.0000000e+00   1.3739625e-03
   2.2100000e+02   0.0000000e+00   1.3686071e-03
   2.2200000e+02   1.0000000e+00   1.3632727e-03
   2.2300000e+02   0.0000000e+00   1.3579590e-03
   2.2400000e+02   0.0000000e+00   1.3526661e-03
   2.2500000e+02   3.0000000e+00   1.3473938e-03
   2.2600000e+02   0.0000000e+00   1.3421420e-03
   2.2700000e+02   0.0000000e+00   1.3369107e-03
   2.2800000e+02   2.0000000e+00   1.3316998e-03
   2.2900000e+02   0.0000000e+00   1.3265092e-03
   2.3000000e+02   0.0000000e+00   1.3213389e-03
   2.3100000e+02   1.0000000e+00   1.3161886e-03
   2.3200000e+02   1.0000000e+00   1.3110585e-03
   2.3300000e+02   0.0000000e+00   1.3059484e-03
   2.3400000e+02   2.0000000e+00   1.3008582e-03
   2.3500000e+02   0.0000000e+00   1.2957878e-03
   2.3600000e+02   2.0000000e+00   1.2907372e-03
   2.3700000e+02   0.0000000e+00   1.2857062e-03
   2.3800000e+02   0.0000000e+00   1.2806949e-03
   2.3900000e+02   0.0000000e+00   1.2757031e-03
   2.4000000e+02   0.0000000e+00   1.2707308e-03
   2.4100000e+02   0.0000000e+00   1.2657778e-03
   2.4200000e+02   0.0000000e+00   1.2608442e-03
   2.4300000e+02   0.0000000e+00   1.2559298e-03
   2.4400000e+02   1.0000000e+00   1.2510345e-03
   2.4500000e+02   0.0000000e+00   1.2461583e-03
   2.4600000e+02   0.0000000e+00   1.2413011e-03
   2.4700000e+02   2.0000000e+00   1.2364629e-03
   2.4800000e+02   2.0000000e+00   1.2316435e-03
   2.4900000e+02   0.0000000e+00   1.2268429e-03
   2.5000000e+02   0.0000000e+00   1.2220610e-03
   2.5100000e+02   0.0000000e+00   1.2172978e-03
   2.5200000e+02   0.0000000e+00   1.2125531e-03
   2.5300000e+02   0.0000000e+00   1.2078269e-03
   2.5400000e+02   0.0000000e+00   1.2031191e-03
   2.5500000e+02   1.0000000e+00   1.1984297e-03
   2.5600000e+02   1.0000000e+00   1.1937585e-03
   2.5700000e+02   0.0000000e+00   1.1891056e-03
   2.5800000e+02   1.0000000e+00   1.1844708e-03
   2.5900000e+02   1.0000000e+00   1.1798541e-03
   2.6000000e+02   0.0000000e+00   1.1752553e-03
   2.6100000e+02   0.0000000e+00   1.1706745e-03
   2.6200000e+02   0.0000000e+00   1.1661115e-03
   2.6300000e+02   0.0000000e+00   1.1615664e-03
   2.6400000e+02   0.0000000e+00   1.1570389e-03
   2.6500000e+02   0.0000000e+00   1.1525291e-03
   2.6600000e+02   1.0000000e+00   1.1480369e-03
   2.6700000e+02   0.0000000e+00   1.1435621e-03
   2.6800000e+02   0.0000000e+00   1.1391048e-03
   2.6900000e+02   1.0000000e+00   1.1346649e-03
   2.7000000e+02   0.0000000e+00   1.1302423e-03
   2.7100000e+02   0.0000000e+00   1.1258370e-03
   2.7200000e+02   0.0000000e+00   1.1214488e-03
   2.7300000e+02   0.0000000e+00   1.1170777e-03
   2.7400000e+02   1.0000000e+00   1.1127236e-03
   2.7500000e+02   0.0000000e+00   1.1083865e-03
   2.7600000e+02   0.0000000e+00   1.1040663e-03
   2.7700000e+02   0.0000000e+00   1.0997630e-03
   2.7800000e+02   1.0000000e+00   1.0954764e-03
   2.7900000e+02   0.0000000e+00   1.0912066e-03
   2.8000000e+02   2.0000000e+00   1.0869534e-03
   2.8100000e+02   0.0000000e+00   1.0827167e-03
   2.8200000e+02   0.0000000e+00   1.0784966e-03
   2.8300000e+02   1.0000000e+00   1.0742929e-03
   2.8400000e+02   1.0000000e+00   1.0701056e-03
   2.8500000e+02   1.0000000e+00   1.0659346e-03
   2.8600000e+02   1.0000000e+00   1.0617799e-03
   2.8700000e+02   1.0000000e+00   1.0576414e-03
   2.8800000e+02   0.0000000e+00   1.0535190e-03
   2.8900000e+02   0.0000000e+00   1.0494127e-03
   2.9000000e+02   0.0000000e+00   1.0453224e-03
   2.9100000e+02   0.0000000e+00   1.0412480e-03
   2.9200000e+02   0.0000000e+00   1.0371895e-03
   2.9300000e+02   0.0000000e+00   1.0331468e-03
   2.9400000e+02   0.0000000e+00   1.0291199e-03
   2.9500000e+02   0.0000000e+00   1.0251087e-03
   2.9600000e+02   0.0000000e+00   1.0211131e-03
   2.9700000e+02   0.0000000e+00   1.0171331e-03
   2.9800000e+02   2.0000000e+00   1.0131686e-03
   2.9900000e+02   0.0000000e+00   1.0092195e-03
   3.0000000e+02   0.0000000e+00   1.0052859e-03
   3.0100000e+02   0.0000000e+00   1.0013676e-03
   3.0200000e+02   0.0000000e+00   9.9746452e-04
   3.0300000e+02   1.0000000e+00   9.9357668e-04
   3.0400000e+02   1.0000000e+00   9.8970400e-04
   3.0500000e+02   0.0000000e+00   9.8584641e-04
   3.0600000e+02   2.0000000e+00   9.8200385e-04
   3.0700000e+02   2.0000000e+00   9.7817628e-04
   3.0800000e+02   3.0000000e+00   9.7436362e-04
   3.0900000e+02   0.0000000e+00   9.7056582e-04
   3.1000000e+02   0.0000000e+00   9.6678283e-04
   3.1100000e+02   0.0000000e+00   9.6301458e-04
   3.1200000e+02   1.0000000e+00   9.5926102e-04
   3.1300000e+02   1.0000000e+00   9.5552209e-04
   3.1400000e+02   1.0000000e+00   9.5179773e-04
   3.1500000e+02   0.0000000e+00   9.4808789e-04
   3.1600000e+02   0.0000000e+00   9.4439251e-04
   3.1700000e+02   0.0000000e+00   9.4071153e-04
   3.1800000e+02   1.0000000e+00   9.3704490e-04
   3.1900000e+02   0.0000000e+00   9.3339256e-04
   3.2000000e+02   0.0000000e+00   9.2975446e-04
   3.2100000e+02   1.0000000e+00   9.2613053e-04
   3.2200000e+02   0.0000000e+00   9.2252073e-04
   3.2300000e+02   0.0000000e+00   9.1892501e-04
   3.2400000e+02   0.0000000e+00   9.1534329e-04
   3.2500000e+02   1.0000000e+00   9.1177554e-04
   3.2600000e+02   0.0000000e+00   9.0822170e-04
   3.2700000e+02   0.0000000e+00   9.0468170e-04
   3.2800000e+02   1.0000000e+00   9.0115551e-04
   3.2900000e+02   0.0000000e+00   8.9764305e-04
   3.3000000e+02   1.0000000e+00   8.9414429e-04
   3.3100000e+02   0.0000000e+00   8.9065917e-04
   3.3200000e+02   0.0000000e+00   8.8718763e-04
   3.3300000e+02   2.0000000e+00   8.8372962e-04
   3.3400000e+02   0.0000000e+00   8.8028509e-04
   3.3500000e+02   1.0000000e+00   8.7685398e-04
   3.3600000e+02   0.0000000e+00   8.7343625e-04
   3.3700000e+02   2.0000000e+00   8.7003184e-04
   3.3800000e+02   1.0000000e+00   8.6664070e-04
   3.3900000e+02   1.0000000e+00   8.6326278e-04
   3.4000000e+02   3.0000000e+00   8.5989802e-04
   3.4100000e+02   1.0000000e+00   8.5654638e-04
   3.4200000e+02   1.0000000e+00   8.5320780e-04
   3.4300000e+02   0.0000000e+00   8.4988223e-04
   3.4400000e+02   0.0000000e+00   8.4656963e-04
   3.4500000e+02   0.0000000e+00   8.4326994e-04
   3.4600000e+02   0.0000000e+00   8.3998311e-04
   3.4700000e+02   0.0000000e+00   8.3670909e-04
   3.4800000e+02   1.0000000e+00   8.3344783e-04
   3.4900000e+02   1.0000000e+00   8.3019928e-04
   3.5000000e+02   0.0000000e+00   8.2696340e-04
   3.5100000e+02   0.0000000e+00   8.2374013e-04
   3.5200000e+02   0.0000000e+00   8.2052942e-04
   3.5300000e+02   0.0000000e+00   8.1733122e-04
   3.5400000e+02   0.0000000e+00   8.1414550e-04
   3.5500000e+02   1.0000000e+00   8.1097218e-04
   3.5600000e+02   0.0000000e+00   8.0781124e-04
   3.5700000e+02   0.0000000e+00   8.0466262e-04
   3.5800000e+02   0.0000000e+00   8.0152627e-04
   3.5900000e+02   1.0000000e+00   7.9840214e-04
   3.6000000e+02   0.0000000e+00   7.9529020e-04
   3.6100000e+02   1.0000000e+00   7.9219038e-04
   3.6200000e+02   0.0000000e+00   7.8910264e-04
   3.6300000e+02   2.0000000e+00   7.8602694e-04
   3.6400000e+02   0.0000000e+00   7.8296323e-04
   3.6500000e+02   0.0000000e+00   7.7991145e-04
   3.6600000e+02   1.0000000e+00   7.7687158e-04
   3.6700000e+02   0.0000000e+00   7.7384355e-04
   3.6800000e+02   0.0000000e+00   7.7082732e-04
   3.6900000e+02   0.0000000e+00   7.6782285e-04
   3.7000000e+02   1.0000000e+00   7.6483009e-04
   3.7100000e+02   0.0000000e+00   7.6184900e-04
   3.7200000e+02   0.0000000e+00   7.5887953e-04
   3.7300000e+02   0.0000000e+00   7.5592163e-04
   3.7400000e+02   0.0000000e+00   7.5297526e-04
   3.7500000e+02   0.0000000e+00   7.5004037e-04
   3.7600000e+02   0.0000000e+00   7.4711692e-04
   3.7700000e+02   2.0000000e+00   7.4420487e-04
   3.7800000e+02   0.0000000e+00   7.4130417e-04
   3.7900000e+02   0.0000000e+00   7.3841477e-04
   3.8000000e+02   0.0000000e+00   7.3553663e-04
   3.8100000e+02   1.0000000e+00   7.3266972e-04
   3.8200000e+02   0.0000000e+00   7.2981398e-04
   3.8300000e+02   0.0000000e+00   7.2696937e-04
   3.8400000e+02   0.0000000e+00   7.2413584e-04
   3.8500000e+02   1.0000000e+00   7.2131336e-04
   3.8600000e+02   0.0000000e+00   7.1850189e-04
   3.8700000e+02   0.0000000e+00   7.1570137e-04
   3.8800000e+02   0.0000000e+00   7.1291176e-04
   3.8900000e+02   0.0000000e+00   7.1013303e-04
   3.9000000e+02   0.0000000e+00   7.0736513e-04
   3.9100000e+02   1.0000000e+00   7.0460802e-04
   3.9200000e+02   0.0000000e+00   7.0186166e-04
   3.9300000e+02   0.0000000e+00   6.9912600e-04
   3.9400000e+02   0.0000000e+00   6.9640100e-04
   3.9500000e+02   0.0000000e+00   6.9368662e-04
   3.9600000e+02   0.0000000e+00   6.9098282e-04
   3.9700000e+02   0.0000000e+00   6.8828957e-04
   3.9800000e+02   1.0000000e+00   6.8560681e-04
   3.9900000e+02   1.0000000e+00   6.8293450e-04
   4.0000000e+02   0.0000000e+00   6.8027262e-04
   4.0100000e+02   0.0000000e+00   6.7762110e-04
   4.0200000e+02   1.0000000e+00   6.7497993e-04
   4.0300000e+02   1.0000000e+00   6.7234904e-04
   4.0400000e+02   0.0000000e+00   6.6972841e-04
   4.0500000e+02   1.0000000e+00   6.6711800e-04
   4.0600000e+02   0.0000000e+00   6.6451776e-04
   4.0700000e+02   2.0000000e+00   6.6192766e-04
   4.0800000e+02   1.0000000e+00   6.5934765e-04
   4.0900000e+02   0.0000000e+00   6.5677769e-04
   4.1000000e+02   2.0000000e+00   6.5421776e-04
   4.1100000e+02   0.0000000e+00   6.5166780e-04
   4.1200000e+02   0.0000000e+00   6.4912778e-04
   4.1300000e+02   0.0000000e+00   6.4659766e-04
   4.1400000e+02   0.0000000e+00   6.4407741e-04
   4.1500000e+02   2.0000000e+00   6.4156697e-04
   4.1600000e+02   0.0000000e+00   6.3906632e-04
   4.1700000e+02   0.0000000e+00   6.3657542e-04
   4.1800000e+02   0.0000000e+00   6.3409423e-04
   4.1900000e+02   1.0000000e+00   6.3162271e-04
   4.2000000e+02   1.0000000e+00   6.2916082e-04
   4.2100000e+02   0.0000000e+00   6.2670853e-04
   4.2200000e+02   0.0000000e+00   6.2426579e-04
   4.2300000e+02   0.0000000e+00   6.2183258e-04
   4.2400000e+02   0.0000000e+00   6.1940885e-04
   4.2500000e+02   1.0000000e+00   6.1699457e-04
   4.2600000e+02   0.0000000e+00   6.1458969e-04
   4.2700000e+02   0.0000000e+00   6.1219419e-04
   4.2800000e+02   0.0000000e+00   6.0980803e-04
   4.2900000e+02   0.0000000e+00   6.0743117e-04
   4.3000000e+02   0.0000000e+00   6.0506357e-04
   4.3100000e+02   1.0000000e+00   6.0270521e-04
   4.3200000e+02   0.0000000e+00   6.0035603e-04
   4.3300000e+02   0.0000000e+00   5.9801601e-04
   4.3400000e+02   0.0000000e+00   5.9568511e-04
   4.3500000e+02   0.0000000e+00   5.9336330e-04
   4.3600000e+02   0.0000000e+00   5.9105053e-04
   4.3700000e+02   0.0000000e+00   5.8874678e-04
   4.3800000e+02   0.0000000e+00   5.8645201e-04
   4.3900000e+02   0.0000000e+00   5.8416619e-04
   4.4000000e+02   0.0000000e+00   5.8188927e-04
   4.4100000e+02   0.0000000e+00   5.7962123e-04
   4.4200000e+02   0.0000000e+00   5.7736203e-04
   4.4300000e+02   1.0000000e+00   5.7511163e-04
   4.4400000e+02   0.0000000e+00   5.7287001e-04
   4.4500000e+02   0.0000000e+00   5.7063712e-04
   4.4600000e+02   0.0000000e+00   5.6841294e-04
   4.4700000e+02   0.0000000e+00   5.6619742e-04
   4.4800000e+02   0.0000000e+00   5.6399054e-04
   4.4900000e+02   1.0000000e+00   5.6179226e-04
   4.5000000e+02   0.0000000e+00   5.5960256e-04
   4.5100000e+02   0.0000000e+00   5.5742138e-04
   4.5200000e+02   0.0000000e+00   5.5524871e-04
   4.5300000e+02   1.0000000e+00   5.5308450e-04
   4.5400000e+02   0.0000000e+00   5.5092874e-04
   4.5500000e+02   0.0000000e+00   5.4878137e-04
   4.5600000e+02   0.0000000e+00   5.4664237e-04
   4.5700000e+02   0.0000000e+00   5.4451171e-04
   4.5800000e+02   0.0000000e+00   5.4238936e-04
   4.5900000e+02   0.0000000e+00   5.4027528e-04
   4.6000000e+02   0.0000000e+00   5.3816944e-04
   4.6100000e+02   0.0000000e+00   5.3607180e-04
   4.6200000e+02   3.0000000e+00   5.3398234e-04
   4.6300000e+02   0.0000000e+00   5.3190103e-04
   4.6400000e+02   0.0000000e+00   5.2982783e-04
   4.6500000e+02   0.0000000e+00   5.2776271e-04
   4.6600000e+02   1.0000000e+00   5.2570564e-04
   4.6700000e+02   1.0000000e+00   5.2365658e-04
   4.6800000e+02   0.0000000e+00   5.2161552e-04
   4.6900000e+02   1.0000000e+00   5.1958240e-04
   4.7000000e+02   0.0000000e+00   5.1755722e-04
   4.7100000e+02   0.0000000e+00   5.1553992e-04
   4.7200000e+02   0.0000000e+00   5.1353049e-04
   4.7300000e+02   1.0000000e+00   5.1152890e-04
   4.7400000e+02   0.0000000e+00   5.0953510e-04
   4.7500000e+02   0.0000000e+00   5.0754907e-04
   4.7600000e+02   1.0000000e+00   5.0557079e-04
   4.7700000e+02   0.0000000e+00   5.0360022e-04
   4.7800000e+02   1.0000000e+00   5.0163732e-04
   4.7900000e+02   0.0000000e+00   4.9968208e-04
   4.8000000e+02   0.0000000e+00   4.9773446e-04
   4.8100000e+02   0.0000000e+00   4.9579443e-04
   4.8200000e+02   0.0000000e+00   4.9386196e-04
   4.8300000e+02   1.0000000e+00   4.9193703e-04
   4.8400000e+02   0.0000000e+00   4.9001959e-04
   4.8500000e+02   0.0000000e+00   4.8810963e-04
   4.8600000e+02   1.0000000e+00   4.8620712e-04
   4.8700000e+02   0.0000000e+00   4.8431202e-04
   4.8800000e+02   0.0000000e+00   4.8242431e-04
   4.8900000e+02   1.0000000e+00   4.8054395e-04
   4.9000000e+02   0.0000000e+00   4.7867093e-04
   4.9100000e+02   1.0000000e+00   4.7680520e-04
   4.9200000e+02   0.0000000e+00   4.7494675e-04
   4.9300000e+02   0.0000000e+00   4.7309554e-04
   4.9400000e+02   0.0000000e+00   4.7125154e-04
   4.9500000e+02   1.0000000e+00   4.6941474e-04
   4.9600000e+02   0.0000000e+00   4.6758509e-04
   4.9700000e+02   0.0000000e+00   4.6576257e-04
   4.9800000e+02   1.0000000e+00   4.6394716e-04
   4.9900000e+02   0.0000000e+00   4.6213882e-04
   5.0000000e+02   0.0000000e+00   4.6033754e-04
   5.0100000e+02   0.0000000e+00   4.5854327e-04
   5.0200000e+02   0.0000000e+00   4.5675600e-04
   5.0300000e+02   0.0000000e+00   4.5497569e-04
   5.0400000e+02   0.0000000e+00   4.5320232e-04
   5.0500000e+02   1.0000000e+00   4.5143587e-04
   5.0600000e+02   0.0000000e+00   4.4967629e-04
   5.0700000e+02   0.0000000e+00   4.4792358e-04
   5.0800000e+02   1.0000000e+00   4.4617770e-04
   5.0900000e+02   0.0000000e+00   4.4443863e-04
   5.1000000e+02   0.0000000e+00   4.4270633e-04
   5.1100000e+02   1.0000000e+00   4.4098078e-04
   5.1200000e+02   0.0000000e+00   4.3926196e-04
   5.1300000e+02   0.0000000e+00   4.3754984e-04
   5.1400000e+02   0.0000000e+00   4.3584440e-04
   5.1500000e+02   0.0000000e+00   4.3414560e-04
   5.1600000e+02   0.0000000e+00   4.3245342e-04
   5.1700000e+02   0.0000000e+00   4.3076784e-04
   5.1800000e+02   0.0000000e+00   4.2908882e-04
   5.1900000e+02   0.0000000e+00   4.2741635e-04
   5.2000000e+02   0.0000000e+00   4.2575040e-04
   5.2100000e+02   0.0000000e+00   4.2409095e-04
   5.2200000e+02   0.0000000e+00   4.2243796e-04
   5.2300000e+02   0.0000000e+00   4.2079142e-04
   5.2400000e+02   0.0000000e+00   4.1915129e-04
   5.2500000e+02   0.0000000e+00   4.1751755e-04
   5.2600000e+02   0.0000000e+00   4.1589019e-04
   5.2700000e+02   0.0000000e+00   4.1426916e-04
   5.2800000e+02   0.0000000e+00   4.1265446e-04
   5.2900000e+02   0.0000000e+00   4.1104605e-04
   5.3000000e+02   0.0000000e+00   4.0944390e-04
   5.3100000e+02   0.0000000e+00   4.0784801e-04
   5.3200000e+02   0.0000000e+00   4.0625833e-04
   5.3300000e+02   0.0000000e+00   4.0467485e-04
   5.3400000e+02   0.0000000e+00   4.0309754e-04
   5.3500000e+02   0.0000000e+00   4.0152638e-04
   5.3600000e+02   0.0000000e+00   3.9996134e-04
   5.3700000e+02   1.0000000e+00   3.9840240e-04
   5.3800000e+02   1.0000000e+00   3.9684954e-04
   5.3900000e+02   0.0000000e+00   3.9530273e-04
   5.4000000e+02   0.0000000e+00   3.9376195e-04
   5.4100000e+02   1.0000000e+00   3.9222718e-04
   5.4200000e+02   0.0000000e+00   3.9069839e-04
   5.4300000e+02   0.0000000e+00   3.8917555e-04
   5.4400000e+02   0.0000000e+00   3.8765866e-04
   5.4500000e+02   0.0000000e+00   3.8614767e-04
   5.4600000e+02   0.0000000e+00   3.8464258e-04
   5.4700000e+02   0.0000000e+00   3.8314335e-04
   5.4800000e+02   1.0000000e+00   3.8164996e-04
   5.4900000e+02   0.0000000e+00   3.8016240e-04
   5.5000000e+02   1.0000000e+00   3.7868063e-04
   5.5100000e+02   0.0000000e+00   3.7720464e-04
   5.5200000e+02   1.0000000e+00   3.7573440e-04
   5.5300000e+02   0.0000000e+00   3.7426989e-04
   5.5400000e+02   0.0000000e+00   3.7281109e-04
   5.5500000e+02   0.0000000e+00   3.7135798e-04
   5.5600000e+02   0.0000000e+00   3.6991053e-04
   5.5700000e+02   1.0000000e+00   3.6846872e-04
   5.5800000e+02   0.0000000e+00   3.6703253e-04
   5.5900000e+02   0.0000000e+00   3.6560194e-04
   5.6000000e+02   0.0000000e+00   3.6417693e-04
   5.6100000e+02   0.0000000e+00   3.6275747e-04
   5.6200000e+02   0.0000000e+00   3.6134354e-04
   5.6300000e+02   0.0000000e+00   3.5993513e-04
   5.6400000e+02   0.0000000e+00   3.5853220e-04
   5.6500000e+02   0.0000000e+00   3.5713474e-04
   5.6600000e+02   1.0000000e+00   3.5574273e-04
   5.6700000e+02   0.0000000e+00   3.5435614e-04
   5.6800000e+02   0.0000000e+00   3.5297496e-04
   5.6900000e+02   0.0000000e+00   3.5159917e-04
   5.7000000e+02   0.0000000e+00   3.5022873e-04
   5.7100000e+02   0.0000000e+00   3.4886364e-04
   5.7200000e+02   0.0000000e+00   3.4750386e-04
   5.7300000e+02   1.0000000e+00   3.4614939e-04
   5.7400000e+02   0.0000000e+00   3.4480020e-04
   5.7500000e+02   0.0000000e+00   3.4345626e-04
   5.7600000e+02   0.0000000e+00   3.4211757e-04
   5.7700000e+02   0.0000000e+00   3.4078409e-04
   5.7800000e+02   0.0000000e+00   3.3945581e-04
   5.7900000e+02   0.0000000e+00   3.3813270e-04
   5.8000000e+02   1.0000000e+00   3.3681476e-04
   5.8100000e+02   0.0000000e+00   3.3550195e-04
   5.8200000e+02   1.0000000e+00   3.3419425e-04
   5.8300000e+02   0.0000000e+00   3.3289166e-04
   5.8400000e+02   0.0000000e+00   3.3159414e-04
   5.8500000e+02   0.0000000e+00   3.3030168e-04
   5.8600000e+02   0.0000000e+00   3.2901425e-04
   5.8700000e+02   0.0000000e+00   3.2773185e-04
   5.8800000e+02   0.0000000e+00   3.2645444e-04
   5.8900000e+02   0.0000000e+00   3.2518201e-04
   5.9000000e+02   0.0000000e+00   3.2391455e-04
   5.9100000e+02   0.0000000e+00   3.2265202e-04
   5.9200000e+02   0.0000000e+00   3.2139441e-04
   5.9300000e+02   0.0000000e+00   3.2014170e-04
   5.9400000e+02   0.0000000e+00   3.1889388e-04
   5.9500000e+02   0.0000000e+00   3.1765092e-04
   5.9600000e+02   0.0000000e+00   3.1641281e-04
   5.9700000e+02   0.0000000e+00   3.1517952e-04
   5.9800000e+02   0.0000000e+00   3.1395104e-04
   5.9900000e+02   1.0000000e+00   3.1272734e-04
   6.0000000e+02   0.0000000e+00   3.1150842e-04
   6.0100000e+02   1.0000000e+00   3.1029425e-04
   6.0200000e+02   0.0000000e+00   3.0908481e-04
   6.0300000e+02   1.0000000e+00   3.0788008e-04
   6.0400000e+02   0.0000000e+00   3.0668005e-04
   6.0500000e+02   0.0000000e+00   3.0548470e-04
   6.0600000e+02   0.0000000e+00   3.0429400e-04
   6.0700000e+02   0.0000000e+00   3.0310795e-04
   6.0800000e+02   0.0000000e+00   3.0192652e-04
   6.0900000e+02   0.0000000e+00   3.0074970e-04
   6.1000000e+02   0.0000000e+00   2.9957746e-04
   6.1100000e+02   0.0000000e+00   2.9840979e-04
   6.1200000e+02   1.0000000e+00   2.9724667e-04
   6.1300000e+02   0.0000000e+00   2.9608809e-04
   6.1400000e+02   0.0000000e+00   2.9493402e-04
   6.1500000e+02   0.0000000e+00   2.9378445e-04
   6.1600000e+02   0.0000000e+00   2.9263936e-04
   6.1700000e+02   0.0000000e+00   2.9149873e-04
   6.1800000e+02   0.0000000e+00   2.9036255e-04
   6.1900000e+02   0.0000000e+00   2.8923080e-04
   6.2000000e+02   0.0000000e+00   2.8810346e-04
   6.2100000e+02   1.0000000e+00   2.8698051e-04
   6.2200000e+02   0.0000000e+00   2.8586194e-04
   6.2300000e+02   0.0000000e+00   2.8474773e-04
   6.2400000e+02   0.0000000e+00   2.8363786e-04
   6.2500000e+02   0.0000000e+00   2.8253232e-04
   6.2600000e+02   0.0000000e+00   2.8143109e-04
   6.2700000e+02   0.0000000e+00   2.8033415e-04
   6.2800000e+02   0.0000000e+00   2.7924149e-04
   6.2900000e+02   0.0000000e+00   2.7815308e-04
   6.3000000e+02   0.0000000e+00   2.7706892e-04
   6.3100000e+02   1.0000000e+00   2.7598898e-04
   6.3200000e+02   1.0000000e+00   2.7491325e-04
   6.3300000e+02   0.0000000e+00   2.7384172e-04
   6.3400000e+02   0.0000000e+00   2.7277436e-04
   6.3500000e+02   0.0000000e+00   2.7171116e-04
   6.3600000e+02   0.0000000e+00   2.7065211e-04
   6.3700000e+02   0.0000000e+00   2.6959718e-04
   6.3800000e+02   0.0000000e+00   2.6854637e-04
   6.3900000e+02   1.0000000e+00   2.6749965e-04
   6.4000000e+02   0.0000000e+00   2.6645701e-04
   6.4100000e+02   0.0000000e+00   2.6541844e-04
   6.4200000e+02   0.0000000e+00   2.6438391e-04
   6.4300000e+02   0.0000000e+00   2.6335341e-04
   6.4400000e+02   0.0000000e+00   2.6232694e-04
   6.4500000e+02   0.0000000e+00   2.6130446e-04
   6.4600000e+02   0.0000000e+00   2.6028597e-04
   6.4700000e+02   0.0000000e+00   2.5927145e-04
   6.4800000e+02   0.0000000e+00   2.5826088e-04
   6.4900000e+02   0.0000000e+00   2.5725425e-04
   6.5000000e+02   0.0000000e+00   2.5625154e-04
   6.5100000e+02   0.0000000e+00   2.5525275e-04
   6.5200000e+02   1.0000000e+00   2.5425784e-04
   6.5300000e+02   0.0000000e+00   2.5326682e-04
   6.5400000e+02   1.0000000e+00   2.5227965e-04
   6.5500000e+02   1.0000000e+00   2.5129634e-04
   6.5600000e+02   0.0000000e+00   2.5031686e-04
   6.5700000e+02   0.0000000e+00   2.4934119e-04
   6.5800000e+02   0.0000000e+00   2.4836933e-04
   6.5900000e+02   0.0000000e+00   2.4740125e-04
   6.6000000e+02   0.0000000e+00   2.4643695e-04
   6.6100000e+02   0.0000000e+00   2.4547641e-04
   6.6200000e+02   0.0000000e+00   2.4451961e-04
   6.6300000e+02   0.0000000e+00   2.4356654e-04
   6.6400000e+02   0.0000000e+00   2.4261719e-04
   6.6500000e+02   0.0000000e+00   2.4167154e-04
   6.6600000e+02   0.0000000e+00   2.4072957e-04
   6.6700000e+02   0.0000000e+00   2.3979127e-04
   6.6800000e+02   0.0000000e+00   2.3885663e-04
   6.6900000e+02   0.0000000e+00   2.3792563e-04
   6.7000000e+02   0.0000000e+00   2.3699827e-04
   6.7100000e+02   0.0000000e+00   2.3607451e-04
   6.7200000e+02   0.0000000e+00   2.3515436e-04
   6.7300000e+02   0.0000000e+00   2.3423780e-04
   6.7400000e+02   0.0000000e+00   2.3332480e-04
   6.7500000e+02   0.0000000e+00   2.3241537e-04
   6.7600000e+02   1.0000000e+00   2.3150948e-04
   6.7700000e+02   0.0000000e+00   2.3060712e-04
   6.7800000e+02   1.0000000e+00   2.2970828e-04
   6.7900000e+02   0.0000000e+00   2.2881294e-04
   6.8000000e+02   0.0000000e+00   2.2792109e-04
   6.8100000e+02   0.0000000e+00   2.2703272e-04
   6.8200000e+02   0.0000000e+00   2.2614781e-04
   6.8300000e+02   1.0000000e+00   2.2526635e-04
   6.8400000e+02   1.0000000e+00   2.2438832e-04
   6.8500000e+02   0.0000000e+00   2.2351372e-04
   6.8600000e+02   0.0000000e+00   2.2264252e-04
   6.8700000e+02   1.0000000e+00   2.2177472e-04
   6.8800000e+02   0.0000000e+00   2.2091031e-04
   6.8900000e+02   0.0000000e+00   2.2004926e-04
   6.9000000e+02   0.0000000e+00   2.1919157e-04
   6.9100000e+02   0.0000000e+00   2.1833722e-04
   6.9200000e+02   0.0000000e+00   2.1748621e-04
   6.9300000e+02   0.0000000e+00   2.1663851e-04
   6.9400000e+02   0.0000000e+00   2.1579411e-04
   6.9500000e+02   0.0000000e+00   2.1495301e-04
   6.9600000e+02   0.0000000e+00   2.1411518e-04
   6.9700000e+02   0.0000000e+00   2.1328062e-04
   6.9800000e+02   0.0000000e+00   2.1244931e-04
   6.9900000e+02   0.0000000e+00   2.1162124e-04
   7.0000000e+02   0.0000000e+00   2.1079640e-04
   7.0100000e+02   1.0000000e+00   2.0997478e-04
   7.0200000e+02   0.0000000e+00   2.0915635e-04
   7.0300000e+02   0.0000000e+00   2.0834112e-04
   7.0400000e+02   0.0000000e+00   2.0752906e-04
   7.0500000e+02   0.0000000e+00   2.0672017e-04
   7.0600000e+02   0.0000000e+00   2.0591444e-04
   7.0700000e+02   0.0000000e+00   2.0511184e-04
   7.0800000e+02   0.0000000e+00   2.0431237e-04
   7.0900000e+02   0.0000000e+00   2.0351602e-04
   7.1000000e+02   0.0000000e+00   2.0272277e-04
   7.1100000e+02   0.0000000e+00   2.0193261e-04
   7.1200000e+02   1.0000000e+00   2.0114554e-04
   7.1300000e+02   0.0000000e+00   2.0036153e-04
   7.1400000e+02   0.0000000e+00   1.9958057e-04
   7.1500000e+02   0.0000000e+00   1.9880266e-04
   7.1600000e+02   0.0000000e+00   1.9802779e-04
   7.1700000e+02   0.0000000e+00   1.9725593e-04
   7.1800000e+02   1.0000000e+00   1.9648708e-04
   7.1900000e+02   1.0000000e+00   1.9572123e-04
   7.2000000e+02   0.0000000e+00   1.9495836e-04
   7.2100000e+02   0.0000000e+00   1.9419847e-04
   7.2200000e+02   0.0000000e+00   1.9344154e-04
   7.2300000e+02   0.0000000e+00   1.9268756e-04
   7.2400000e+02   0.0000000e+00   1.9193652e-04
   7.2500000e+02   0.0000000e+00   1.9118840e-04
   7.2600000e+02   0.0000000e+00   1.9044320e-04
   7.2700000e+02   1.0000000e+00   1.8970091e-04
   7.2800000e+02   0.0000000e+00   1.8896151e-04
   7.2900000e+02   2.0000000e+00   1.8822499e-04
   7.3000000e+02   0.0000000e+00   1.8749134e-04
   7.3100000e+02   0.0000000e+00   1.8676055e-04
   7.3200000e+02   0.0000000e+00   1.8603261e-04
   7.3300000e+02   1.0000000e+00   1.8530751e-04
   7.3400000e+02   0.0000000e+00   1.8458523e-04
   7.3500000e+02   0.0000000e+00   1.8386577e-04
   7.3600000e+02   0.0000000e+00   1.8314911e-04
   7.3700000e+02   0.0000000e+00   1.8243525e-04
   7.3800000e+02   0.0000000e+00   1.8172417e-04
   7.3900000e+02   0.0000000e+00   1.8101586e-04
   7.4000000e+02   0.0000000e+00   1.8031031e-04
   7.4100000e+02   0.0000000e+00   1.7960751e-04
   7.4200000e+02   0.0000000e+00   1.7890745e-04
   7.4300000e+02   0.0000000e+00   1.7821012e-04
   7.4400000e+02   0.0000000e+00   1.7751550e-04
   7.4500000e+02   0.0000000e+00   1.7682360e-04
   7.4600000e+02   0.0000000e+00   1.7613439e-04
   7.4700000e+02   0.0000000e+00   1.7544787e-04
   7.4800000e+02   0.0000000e+00   1.7476402e-04
   7.4900000e+02   0.0000000e+00   1.7408284e-04
   7.5000000e+02   0.0000000e+00   1.7340431e-04
   7.5100000e+02   0.0000000e+00   1.7272843e-04
   7.5200000e+02   0.0000000e+00   1.7205518e-04
   7.5300000e+02   0.0000000e+00   1.7138456e-04
   7.5400000e+02   0.0000000e+00   1.7071655e-04
   7.5500000e+02   0.0000000e+00   1.7005115e-04
   7.5600000e+02   0.0000000e+00   1.6938833e-04
   7.5700000e+02   0.0000000e+00   1.6872811e-04
   7.5800000e+02   0.0000000e+00   1.6807045e-04
   7.5900000e+02   0.0000000e+00   1.6741536e-04
   7.6000000e+02   0.0000000e+00   1.6676282e-04
   7.6100000e+02   0.0000000e+00   1.6611283e-04
   7.6200000e+02   0.0000000e+00   1.6546536e-04
   7.6300000e+02   0.0000000e+00   1.6482043e-04
   7.6400000e+02   0.0000000e+00   1.6417800e-04
   7.6500000e+02   0.0000000e+00   1.6353808e-04
   7.6600000e+02   0.0000000e+00   1.6290066e-04
   7.6700000e+02   0.0000000e+00   1.6226572e-04
   7.6800000e+02   0.0000000e+00   1.6163325e-04
   7.6900000e+02   0.0000000e+00   1.6100325e-04
   7.7000000e+02   0.0000000e+00   1.6037570e-04
   7.7100000e+02   0.0000000e+00   1.5975060e-04
   7.7200000e+02   0.0000000e+00   1.5912794e-04
   7.7300000e+02   0.0000000e+00   1.5850770e-04
   7.7400000e+02   0.0000000e+00   1.5788988e-04
   7.7500000e+02   0.0000000e+00   1.5727447e-04
   7.7600000e+02   0.0000000e+00   1.5666146e-04
   7.7700000e+02   0.0000000e+00   1.5605084e-04
   7.7800000e+02   0.0000000e+00   1.5544260e-04
   7.7900000e+02   0.0000000e+00   1.5483673e-04
   7.8000000e+02   0.0000000e+00   1.5423321e-04
   7.8100000e+02   0.0000000e+00   1.5363206e-04
   7.8200000e+02   0.0000000e+00   1.5303324e-04
   7.8300000e+02   0.0000000e+00   1.5243676e-04
   7.8400000e+02   0.0000000e+00   1.5184261e-04
   7.8500000e+02   0.0000000e+00   1.5125077e-04
   7.8600000e+02   0.0000000e+00   1.5066123e-04
   7.8700000e+02   0.0000000e+00   1.5007400e-04
   7.8800000e+02   0.0000000e+00   1.4948905e-04
   7.8900000e+02   0.0000000e+00   1.4890638e-04
   7.9000000e+02   0.0000000e+00   1.4832599e-04
   7.9100000e+02   0.0000000e+00   1.4774786e-04
   7.9200000e+02   0.0000000e+00   1.4717198e-04
   7.9300000e+02   0.0000000e+00   1.4659834e-04
   7.9400000e+02   1.0000000e+00   1.4602694e-04
   7.9500000e+02   0.0000000e+00   1.4545777e-04
   7.9600000e+02   0.0000000e+00   1.4489082e-04
   7.9700000e+02   0.0000000e+00   1.4432607e-04
   7.9800000e+02   0.0000000e+00   1.4376353e-04
   7.9900000e+02   0.0000000e+00   1.4320318e-04
   8.0000000e+02   0.0000000e+00   1.4264501e-04
   8.0100000e+02   0.0000000e+00   1.4208902e-04
   8.0200000e+02   0.0000000e+00   1.4153520e-04
   8.0300000e+02   0.0000000e+00   1.4098353e-04
   8.0400000e+02   0.0000000e+00   1.4043402e-04
   8.0500000e+02   0.0000000e+00   1.3988665e-04
   8.0600000e+02   0.0000000e+00   1.3934141e-04
   8.0700000e+02   0.0000000e+00   1.3879829e-04
   8.0800000e+02   0.0000000e+00   1.3825730e-04
   8.0900000e+02   0.0000000e+00   1.3771841e-04
   8.1000000e+02   0.0000000e+00   1.3718162e-04
   8.1100000e+02   0.0000000e+00   1.3664693e-04
   8.1200000e+02   0.0000000e+00   1.3611431e-04
   8.1300000e+02   0.0000000e+00   1.3558378e-04
   8.1400000e+02   0.0000000e+00   1.3505531e-04
   8.1500000e+02   0.0000000e+00   1.3452890e-04
   8.1600000e+02   0.0000000e+00   1.3400455e-04
   8.1700000e+02   0.0000000e+00   1.3348223e-04
   8.1800000e+02   0.0000000e+00   1.3296196e-04
   8.1900000e+02   1.0000000e+00   1.3244371e-04
   8.2000000e+02   0.0000000e+00   1.3192748e-04
   8.2100000e+02   0.0000000e+00   1.3141327e-04
   8.2200000e+02   0.0000000e+00   1.3090105e-04
   8.2300000e+02   0.0000000e+00   1.3039084e-04
   8.2400000e+02   0.0000000e+00   1.2988261e-04
   8.2500000e+02   0.0000000e+00   1.2937636e-04
   8.2600000e+02   0.0000000e+00   1.2887209e-04
   8.2700000e+02   0.0000000e+00   1.2836978e-04
   8.2800000e+02   0.0000000e+00   1.2786943e-04
   8.2900000e+02   1.0000000e+00   1.2737104e-04
   8.3000000e+02   1.0000000e+00   1.2687458e-04
   8.3100000e+02   0.0000000e+00   1.2638006e-04
   8.3200000e+02   0.0000000e+00   1.2588746e-04
   8.3300000e+02   0.0000000e+00   1.2539679e-04
   8.3400000e+02   0.0000000e+00   1.2490803e-04
   8.3500000e+02   0.0000000e+00   1.2442117e-04
   8.3600000e+02   0.0000000e+00   1.2393621e-04
   8.3700000e+02   0.0000000e+00   1.2345314e-04
   8.3800000e+02   0.0000000e+00   1.2297196e-04
   8.3900000e+02   0.0000000e+00   1.2249265e-04
   8.4000000e+02   0.0000000e+00   1.2201520e-04
   8.4100000e+02   0.0000000e+00   1.2153962e-04
   8.4200000e+02   0.0000000e+00   1.2106590e-04
   8.4300000e+02   0.0000000e+00   1.2059401e-04
   8.4400000e+02   0.0000000e+00   1.2012397e-04
   8.4500000e+02   0.0000000e+00   1.1965576e-04
   8.4600000e+02   0.0000000e+00   1.1918938e-04
   8.4700000e+02   0.0000000e+00   1.1872481e-04
   8.4800000e+02   0.0000000e+00   1.1826206e-04
   8.4900000e+02   0.0000000e+00   1.1780110e-04
   8.5000000e+02   0.0000000e+00   1.1734195e-04
   8.5100000e+02   0.0000000e+00   1.1688458e-04
   8.5200000e+02   0.0000000e+00   1.1642900e-04
   8.5300000e+02   0.0000000e+00   1.1597519e-04
   8.5400000e+02   0.0000000e+00   1.1552315e-04
   8.5500000e+02   0.0000000e+00   1.1507287e-04
   8.5600000e+02   0.0000000e+00   1.1462435e-04
   8.5700000e+02   0.0000000e+00   1.1417758e-04
   8.5800000e+02   0.0000000e+00   1.1373255e-04
   8.5900000e+02   0.0000000e+00   1.1328925e-04
   8.6000000e+02   0.0000000e+00   1.1284768e-04
   8.6100000e+02   0.0000000e+00   1.1240783e-04
   8.6200000e+02   0.0000000e+00   1.1196970e-04
   8.6300000e+02   0.0000000e+00   1.1153327e-04
   8.6400000e+02   0.0000000e+00   1.1109854e-04
   8.6500000e+02   0.0000000e+00   1.1066551e-04
   8.6600000e+02   0.0000000e+00   1.1023417e-04
   8.6700000e+02   0.0000000e+00   1.0980451e-04
   8.6800000e+02   0.0000000e+00   1.0937652e-04
   8.6900000e+02   0.0000000e+00   1.0895020e-04
   8.7000000e+02   0.0000000e+00   1.0852554e-04
   8.7100000e+02   0.0000000e+00   1.0810254e-04
   8.7200000e+02   0.0000000e+00   1.0768119e-04
   8.7300000e+02   0.0000000e+00   1.0726148e-04
   8.7400000e+02   0.0000000e+00   1.0684340e-04
   8.7500000e+02   0.0000000e+00   1.0642696e-04
   8.7600000e+02   1.0000000e+00   1.0601213e-04
   8.7700000e+02   0.0000000e+00   1.0559893e-04
   8.7800000e+02   0.0000000e+00   1.0518733e-04
   8.7900000e+02   0.0000000e+00   1.0477734e-04
   8.8000000e+02   0.0000000e+00   1.0436895e-04
   8.8100000e+02   0.0000000e+00   1.0396215e-04
   8.8200000e+02   0.0000000e+00   1.0355693e-04
   8.8300000e+02   0.0000000e+00   1.0315330e-04
   8.8400000e+02   0.0000000e+00   1.0275123e-04
   8.8500000e+02   0.0000000e+00   1.0235074e-04
   8.8600000e+02   0.0000000e+00   1.0195180e-04
   8.8700000e+02   0.0000000e+00   1.0155442e-04
   8.8800000e+02   0.0000000e+00   1.0115859e-04
   8.8900000e+02   0.0000000e+00   1.0076431e-04
   8.9000000e+02   0.0000000e+00   1.0037155e-04
   8.9100000e+02   0.0000000e+00   9.9980335e-05
   8.9200000e+02   0.0000000e+00   9.9590639e-05
   8.9300000e+02   0.0000000e+00   9.9202463e-05
   8.9400000e+02   0.0000000e+00   9.8815799e-05
   8.9500000e+02   0.0000000e+00   9.8430643e-05
   8.9600000e+02   0.0000000e+00   9.8046988e-05
   8.9700000e+02   0.0000000e+00   9.7664828e-05
   8.9800000e+02   0.0000000e+00   9.7284158e-05
   8.9900000e+02   0.0000000e+00   9.6904972e-05
   9.0000000e+02   0.0000000e+00   9.6527263e-05
   9.0100000e+02   0.0000000e+00   9.6151027e-05
   9.0200000e+02   0.0000000e+00   9.5776257e-05
   9.0300000e+02   0.0000000e+00   9.5402948e-05
   9.0400000e+02   0.0000000e+00   9.5031094e-05
   9.0500000e+02   0.0000000e+00   9.4660689e-05
   9.0600000e+02   0.0000000e+00   9.4291728e-05
   9.0700000e+02   0.0000000e+00   9.3924206e-05
   9.0800000e+02   0.0000000e+00   9.3558115e-05
   9.0900000e+02   0.0000000e+00   9.3193452e-05
   9.1000000e+02   0.0000000e+00   9.2830210e-05
   9.1100000e+02   0.0000000e+00   9.2468384e-05
   9.1200000e+02   0.0000000e+00   9.2107968e-05
   9.1300000e+02   0.0000000e+00   9.1748957e-05
   9.1400000e+02   0.0000000e+00   9.1391345e-05
   9.1500000e+02   0.0000000e+00   9.1035127e-05
   9.1600000e+02   0.0000000e+00   9.0680298e-05
   9.1700000e+02   0.0000000e+00   9.0326851e-05
   9.1800000e+02   0.0000000e+00   8.9974782e-05
   9.1900000e+02   1.0000000e+00   8.9624086e-05
   9.2000000e+02   0.0000000e+00   8.9274756e-05
   9.2100000e+02   0.0000000e+00   8.8926788e-05
   9.2200000e+02   0.0000000e+00   8.8580176e-05
   9.2300000e+02   0.0000000e+00   8.8234916e-05
   9.2400000e+02   0.0000000e+00   8.7891001e-05
   9.2500000e+02   1.0000000e+00   8.7548426e-05
   9.2600000e+02   0.0000000e+00   8.7207187e-05
   9.2700000e+02   0.0000000e+00   8.6867278e-05
   9.2800000e+02   0.0000000e+00   8.6528693e-05
   9.2900000e+02   0.0000000e+00   8.6191429e-05
   9.3000000e+02   0.0000000e+00   8.5855478e-05
   9.3100000e+02   0.0000000e+00   8.5520838e-05
   9.3200000e+02   0.0000000e+00   8.5187501e-05
   9.3300000e+02   0.0000000e+00   8.4855464e-05
   9.3400000e+02   0.0000000e+00   8.4524722e-05
   9.3500000e+02   0.0000000e+00   8.4195268e-05
   9.3600000e+02   0.0000000e+00   8.3867098e-05
   9.3700000e+02   0.0000000e+00   8.3540208e-05
   9.3800000e+02   0.0000000e+00   8.3214591e-05
   9.3900000e+02   0.0000000e+00   8.2890244e-05
   9.4000000e+02   0.0000000e+00   8.2567161e-05
   9.4100000e+02   0.0000000e+00   8.2245337e-05
   9.4200000e+02   0.0000000e+00   8.1924768e-05
   9.4300000e+02   0.0000000e+00   8.1605448e-05
   9.4400000e+02   0.0000000e+00   8.1287373e-05
   9.4500000e+02   0.0000000e+00   8.0970538e-05
   9.4600000e+02   1.0000000e+00   8.0654937e-05
   9.4700000e+02   0.0000000e+00   8.0340567e-05
   9.4800000e+02   0.0000000e+00   8.0027422e-05
   9.4900000e+02   0.0000000e+00   7.9715497e-05
   9.5000000e+02   0.0000000e+00   7.9404788e-05
   9.5100000e+02   0.0000000e+00   7.9095291e-05
   9.5200000e+02   0.0000000e+00   7.8786999e-05
   9.5300000e+02   0.0000000e+00   7.8479910e-05
   9.5400000e+02   0.0000000e+00   7.8174017e-05
   9.5500000e+02   0.0000000e+00   7.7869317e-05
   9.5600000e+02   0.0000000e+00   7.7565804e-05
   9.5700000e+02   0.0000000e+00   7.7263474e-05
   9.5800000e+02   0.0000000e+00   7.6962322e-05
   9.5900000e+02   0.0000000e+00   7.6662345e-05
   9.6000000e+02   0.0000000e+00   7.6363536e-05
   9.6100000e+02   0.0000000e+00   7.6065893e-05
   9.6200000e+02   0.0000000e+00   7.5769409e-05
   9.6300000e+02   0.0000000e+00   7.5474081e-05
   9.6400000e+02   0.0000000e+00   7.5179904e-05
   9.6500000e+02   0.0000000e+00   7.4886874e-05
   9.6600000e+02   0.0000000e+00   7.4594986e-05
   9.6700000e+02   0.0000000e+00   7.4304236e-05
   9.6800000e+02   0.0000000e+00   7.4014618e-05
   9.6900000e+02   0.0000000e+00   7.3726130e-05
   9.7000000e+02   0.0000000e+00   7.3438766e-05
   9.7100000e+02   0.0000000e+00   7.3152523e-05
   9.7200000e+02   0.0000000e+00   7.2867395e-05
   9.7300000e+02   0.0000000e+00   7.2583378e-05
   9.7400000e+02   0.0000000e+00   7.2300468e-05
   9.7500000e+02   0.0000000e+00   7.2018661e-05
   9.7600000e+02   0.0000000e+00   7.1737952e-05
   9.7700000e+02   0.0000000e+00   7.1458338e-05
   9.7800000e+02   0.0000000e+00   7.1179813e-05
   9.7900000e+02   0.0000000e+00   7.0902374e-05
   9.8000000e+02   0.0000000e+00   7.0626017e-05
   9.8100000e+02   0.0000000e+00   7.0350736e-05
   9.8200000e+02   0.0000000e+00   7.0076529e-05
   9.8300000e+02   0.0000000e+00   6.9803390e-05
   9.8400000e+02   0.0000000e+00   6.9531316e-05
   9.8500000e+02   0.0000000e+00   6.9260302e-05
   9.8600000e+02   0.0000000e+00   6.8990345e-05
   9.8700000e+02   0.0000000e+00   6.8721440e-05
   9.8800000e+02   0.0000000e+00   6.8453583e-05
   9.8900000e+02   0.0000000e+00   6.8186770e-05
   9.9000000e+02   0.0000000e+00   6.7920997e-05
   9.9100000e+02   0.0000000e+00   6.7656260e-05
   9.9200000e+02   0.0000000e+00   6.7392555e-05
   9.9300000e+02   0.0000000e+00   6.7129878e-05
   9.9400000e+02   0.0000000e+00   6.6868224e-05
   9.9500000e+02   0.0000000e+00   6.6607590e-05
   9.9600000e+02   0.0000000e+00   6.6347973e-05
   9.9700000e+02   0.0000000e+00   6.6089367e-05
   9.9800000e+02   0.0000000e+00   6.5831769e-05
   9.9900000e+02   0.0000000e+00   6.5575175e-05
   1.0000000e+03   0.0000000e+00   6.5319581e-05
   1.0010000e+03   0.0000000e+00   6.5064984e-05
   1.0020000e+03   0.0000000e+00   6.4811379e-05
   1.0030000e+03   0.0000000e+00   6.4558762e-05
   1.0040000e+03   0.0000000e+00   6.4307130e-05
   1.0050000e+03   0.0000000e+00   6.4056479e-05
   1.0060000e+03   0.0000000e+00   6.3806805e-05
   1.0070000e+03   0.0000000e+00   6.3558104e-05
   1.0080000e+03   0.0000000e+00   6.3310372e-05
   1.0090000e+03   0.0000000e+00   6.3063606e-05
   1.0100000e+03   0.0000000e+00   6.2817802e-05
   1.0110000e+03   0.0000000e+00   6.2572955e-05
   1.0120000e+03   0.0000000e+00   6.2329063e-05
   1.0130000e+03   0.0000000e+00   6.2086122e-05
   1.0140000e+03   0.0000000e+00   6.1844128e-05
   1.0150000e+03   0.0000000e+00   6.1603077e-05
   1.0160000e+03   0.0000000e+00   6.1362965e-05
   1.0170000e+03   0.0000000e+00   6.1123789e-05
   1.0180000e+03   0.0000000e+00   6.0885546e-05
   1.0190000e+03   0.0000000e+00   6.0648231e-05
   1.0200000e+03   0.0000000e+00   6.0411841e-05
   1.0210000e+03   0.0000000e+00   6.0176373e-05
   1.0220000e+03   0.0000000e+00   5.9941822e-05
   1.0230000e+03   0.0000000e+00   5.9708186e-05
   1.0240000e+03   0.0000000e+00   5.9475460e-05
   1.0250000e+03   0.0000000e+00   5.9243641e-05
   1.0260000e+03   1.0000000e+00   5.9012726e-05
   1.0270000e+03   0.0000000e+00   5.8782711e-05
   1.0280000e+03   1.0000000e+00   5.8553592e-05
   1.0290000e+03   0.0000000e+00   5.8325367e-05
   1.0300000e+03   0.0000000e+00   5.8098031e-05
   1.0310000e+03   0.0000000e+00   5.7871581e-05
   1.0320000e+03   0.0000000e+00   5.7646014e-05
   1.0330000e+03   0.0000000e+00   5.7421326e-05
   1.0340000e+03   0.0000000e+00   5.7197513e-05
   1.0350000e+03   0.0000000e+00   5.6974574e-05
   1.0360000e+03   0.0000000e+00   5.6752503e-05
   1.0370000e+03   0.0000000e+00   5.6531297e-05
   1.0380000e+03   0.0000000e+00   5.6310954e-05
   1.0390000e+03   0.0000000e+00   5.6091470e-05
   1.0400000e+03   0.0000000e+00   5.5872841e-05
   1.0410000e+03   0.0000000e+00   5.5655064e-05
   1.0420000e+03   0.0000000e+00   5.5438136e-05
   1.0430000e+03   0.0000000e+00   5.5222054e-05
   1.0440000e+03   0.0000000e+00   5.5006814e-05
   1.0450000e+03   0.0000000e+00   5.4792413e-05
   1.0460000e+03   0.0000000e+00   5.4578847e-05
   1.0470000e+03   0.0000000e+00   5.4366114e-05
   1.0480000e+03   0.0000000e+00   5.4154210e-05
   1.0490000e+03   0.0000000e+00   5.3943132e-05
   1.0500000e+03   0.0000000e+00   5.3732877e-05
   1.0510000e+03   0.0000000e+00   5.3523441e-05
   1.0520000e+03   0.0000000e+00   5.3314822e-05
   1.0530000e+03   0.0000000e+00   5.3107015e-05
   1.0540000e+03   0.0000000e+00   5.2900019e-05
   1.0550000e+03   0.0000000e+00   5.2693830e-05
   1.0560000e+03   0.0000000e+00   5.2488444e-05
   1.0570000e+03   0.0000000e+00   5.2283859e-05
   1.0580000e+03   0.0000000e+00   5.2080071e-05
   1.0590000e+03   0.0000000e+00   5.1877077e-05
   1.0600000e+03   0.0000000e+00   5.1674875e-05
   1.0610000e+03   0.0000000e+00   5.1473461e-05
   1.0620000e+03   0.0000000e+00   5.1272831e-05
   1.0630000e+03   0.0000000e+00   5.1072984e-05
   1.0640000e+03   0.0000000e+00   5.0873916e-05
   1.0650000e+03   0.0000000e+00   5.0675624e-05
   1.0660000e+03   0.0000000e+00   5.0478104e-05
   1.0670000e+03   0.0000000e+00   5.0281355e-05
   1.0680000e+03   0.0000000e+00   5.0085372e-05
   1.0690000e+03   0.0000000e+00   4.9890153e-05
   1.0700000e+03   0.0000000e+00   4.9695696e-05
   1.0710000e+03   0.0000000e+00   4.9501996e-05
   1.0720000e+03   1.0000000e+00   4.9309051e-05
   1.0730000e+03   0.0000000e+00   4.9116858e-05
   1.0740000e+03   0.0000000e+00   4.8925414e-05
   1.0750000e+03   0.0000000e+00   4.8734716e-05
   1.0760000e+03   0.0000000e+00   4.8544762e-05
   1.0770000e+03   0.0000000e+00   4.8355548e-05
   1.0780000e+03   0.0000000e+00   4.8167072e-05
   1.0790000e+03   0.0000000e+00   4.7979330e-05
   1.0800000e+03   0.0000000e+00   4.7792320e-05
   1.0810000e+03   0.0000000e+00   4.7606039e-05
   1.0820000e+03   0.0000000e+00   4.7420484e-05
   1.0830000e+03   0.0000000e+00   4.7235652e-05
   1.0840000e+03   0.0000000e+00   4.7051541e-05
   1.0850000e+03   0.0000000e+00   4.6868147e-05
   1.0860000e+03   0.0000000e+00   4.6685468e-05
   1.0870000e+03   0.0000000e+00   4.6503501e-05
   1.0880000e+03   0.0000000e+00   4.6322244e-05
   1.0890000e+03   0.0000000e+00   4.6141692e-05
   1.0900000e+03   0.0000000e+00   4.5961845e-05
   1.0910000e+03   0.0000000e+00   4.5782699e-05
   1.0920000e+03   0.0000000e+00   4.5604250e-05
   1.0930000e+03   0.0000000e+00   4.5426498e-05
   1.0940000e+03   1.0000000e+00   4.5249438e-05
   1.0950000e+03   0.0000000e+00   4.5073068e-05
   1.0960000e+03   0.0000000e+00   4.4897386e-05
   1.0970000e+03   0.0000000e+00   4.4722389e-05
   1.0980000e+03   0.0000000e+00   4.4548073e-05
   1.0990000e+03   0.0000000e+00   4.4374437e-05
   1.1000000e+03   0.0000000e+00   4.4201478e-05
   1.1010000e+03   0.0000000e+00   4.4029193e-05
   1.1020000e+03   0.0000000e+00   4.3857580e-05
   1.1030000e+03   0.0000000e+00   4.3686635e-05
   1.1040000e+03   0.0000000e+00   4.3516357e-05
   1.1050000e+03   0.0000000e+00   4.3346742e-05
   1.1060000e+03   0.0000000e+00   4.3177789e-05
   1.1070000e+03   0.0000000e+00   4.3009494e-05
   1.1080000e+03   0.0000000e+00   4.2841855e-05
   1.1090000e+03   0.0000000e+00   4.2674869e-05
   1.1100000e+03   0.0000000e+00   4.2508535e-05
   1.1110000e+03   0.0000000e+00   4.2342848e-05
   1.1120000e+03   0.0000000e+00   4.2177808e-05
   1.1130000e+03   0.0000000e+00   4.2013410e-05
   1.1140000e+03   1.0000000e+00   4.1849654e-05
   1.1150000e+03   0.0000000e+00   4.1686536e-05
   1.1160000e+03   0.0000000e+00   4.1524053e-05
   1.1170000e+03   0.0000000e+00   4.1362204e-05
   1.1180000e+03   0.0000000e+00   4.1200986e-05
   1.1190000e+03   0.0000000e+00   4.1040396e-05
   1.1200000e+03   0.0000000e+00   4.0880432e-05
   1.1210000e+03   1.0000000e+00   4.0721091e-05
   1.1220000e+03   0.0000000e+00   4.0562372e-05
   1.1230000e+03   0.0000000e+00   4.0404271e-05
   1.1240000e+03   0.0000000e+00   4.0246787e-05
   1.1250000e+03   0.0000000e+00   4.0089916e-05
   1.1260000e+03   0.0000000e+00   3.9933657e-05
   1.1270000e+03   0.0000000e+00   3.9778006e-05
   1.1280000e+03   0.0000000e+00   3.9622963e-05
   1.1290000e+03   0.0000000e+00   3.9468524e-05
   1.1300000e+03   0.0000000e+00   3.9314686e-05
   1.1310000e+03   0.0000000e+00   3.9161449e-05
   1.1320000e+03   0.0000000e+00   3.9008808e-05
   1.1330000e+03   0.0000000e+00   3.8856763e-05
   1.1340000e+03   0.0000000e+00   3.8705310e-05
   1.1350000e+03   0.0000000e+00   3.8554448e-05
   1.1360000e+03   0.0000000e+00   3.8404173e-05
   1.1370000e+03   0.0000000e+00   3.8254484e-05
   1.1380000e+03   0.0000000e+00   3.8105379e-05
   1.1390000e+03   0.0000000e+00   3.7956855e-05
   1.1400000e+03   0.0000000e+00   3.7808910e-05
   1.1410000e+03   0.0000000e+00   3.7661541e-05
   1.1420000e+03   0.0000000e+00   3.7514747e-05
   1.1430000e+03   0.0000000e+00   3.7368525e-05
   1.1440000e+03   0.0000000e+00   3.7222873e-05
   1.1450000e+03   0.0000000e+00   3.7077789e-05
   1.1460000e+03   0.0000000e+00   3.6933270e-05
   1.1470000e+03   0.0000000e+00   3.6789314e-05
   1.1480000e+03   0.0000000e+00   3.6645920e-05
   1.1490000e+03   0.0000000e+00   3.6503084e-05
   1.1500000e+03   0.0000000e+00   3.6360805e-05
   1.1510000e+03   0.0000000e+00   3.6219081e-05
   1.1520000e+03   0.0000000e+00   3.6077909e-05
   1.1530000e+03   0.0000000e+00   3.5937288e-05
   1.1540000e+03   0.0000000e+00   3.5797214e-05
   1.1550000e+03   0.0000000e+00   3.5657687e-05
   1.1560000e+03   0.0000000e+00   3.5518703e-05
   1.1570000e+03   0.0000000e+00   3.5380261e-05
   1.1580000e+03   0.0000000e+00   3.5242359e-05
   1.1590000e+03   0.0000000e+00   3.5104994e-05
   1.1600000e+03   0.0000000e+00   3.4968164e-05
   1.1610000e+03   0.0000000e+00   3.4831868e-05
   1.1620000e+03   0.0000000e+00   3.4696103e-05
   1.1630000e+03   0.0000000e+00   3.4560868e-05
   1.1640000e+03   0.0000000e+00   3.4426159e-05
   1.1650000e+03   0.0000000e+00   3.4291975e-05
   1.1660000e+03   0.0000000e+00   3.4158315e-05
   1.1670000e+03   0.0000000e+00   3.4025175e-05
   1.1680000e+03   0.0000000e+00   3.3892555e-05
   1.1690000e+03   0.0000000e+00   3.3760451e-05
   1.1700000e+03   0.0000000e+00   3.3628862e-05
   1.1710000e+03   0.0000000e+00   3.3497786e-05
   1.1720000e+03   0.0000000e+00   3.3367221e-05
   1.1730000e+03   0.0000000e+00   3.3237165e-05
   1.1740000e+03   0.0000000e+00   3.3107616e-05
   1.1750000e+03   0.0000000e+00   3.2978572e-05
   1.1760000e+03   0.0000000e+00   3.2850031e-05
   1.1770000e+03   0.0000000e+00   3.2721990e-05
   1.1780000e+03   0.0000000e+00   3.2594449e-05
   1.1790000e+03   0.0000000e+00   3.2467405e-05
   1.1800000e+03   0.0000000e+00   3.2340856e-05
   1.1810000e+03   0.0000000e+00   3.2214801e-05
   1.1820000e+03   0.0000000e+00   3.2089236e-05
   1.1830000e+03   0.0000000e+00   3.1964162e-05
   1.1840000e+03   0.0000000e+00   3.1839574e-05
   1.1850000e+03   0.0000000e+00   3.1715472e-05
   1.1860000e+03   0.0000000e+00   3.1591854e-05
   1.1870000e+03   0.0000000e+00   3.1468718e-05
   1.1880000e+03   0.0000000e+00   3.1346062e-05
   1.1890000e+03   0.0000000e+00   3.1223884e-05
   1.1900000e+03   0.0000000e+00   3.1102182e-05
   1.1910000e+03   0.0000000e+00   3.0980954e-05
   1.1920000e+03   0.0000000e+00   3.0860199e-05
   1.1930000e+03   0.0000000e+00   3.0739915e-05
   1.1940000e+03   0.0000000e+00   3.0620099e-05
   1.1950000e+03   0.0000000e+00   3.0500750e-05
   1.1960000e+03   1.0000000e+00   3.0381867e-05
   1.1970000e+03   0.0000000e+00   3.0263447e-05
   1.1980000e+03   0.0000000e+00   3.0145489e-05
   1.1990000e+03   0.0000000e+00   3.0027990e-05
   1.2000000e+03   0.0000000e+00   2.9910949e-05
   1.2010000e+03   1.0000000e+00   2.9794365e-05
   1.2020000e+03   0.0000000e+00   2.9678235e-05
   1.2030000e+03   0.0000000e+00   2.9562557e-05
   1.2040000e+03   0.0000000e+00   2.9447331e-05
   1.2050000e+03   0.0000000e+00   2.9332553e-05
   1.2060000e+03   0.0000000e+00   2.9218223e-05
   1.2070000e+03   0.0000000e+00   2.9104338e-05
   1.2080000e+03   0.0000000e+00   2.8990898e-05
   1.2090000e+03   0.0000000e+00   2.8877900e-05
   1.2100000e+03   0.0000000e+00   2.8765342e-05
   1.2110000e+03   0.0000000e+00   2.8653222e-05
   1.2120000e+03   0.0000000e+00   2.8541540e-05
   1.2130000e+03   0.0000000e+00   2.8430293e-05
   1.2140000e+03   0.0000000e+00   2.8319480e-05
   1.2150000e+03   0.0000000e+00   2.8209098e-05
   1.2160000e+03   0.0000000e+00   2.8099147e-05
   1.2170000e+03   0.0000000e+00   2.7989625e-05
   1.2180000e+03   0.0000000e+00   2.7880529e-05
   1.2190000e+03   0.0000000e+00   2.7771858e-05
   1.2200000e+03   0.0000000e+00   2.7663611e-05
   1.2210000e+03   0.0000000e+00   2.7555786e-05
   1.2220000e+03   0.0000000e+00   2.7448382e-05
   1.2230000e+03   1.0000000e+00   2.7341395e-05
   1.2240000e+03   0.0000000e+00   2.7234826e-05
   1.2250000e+03   0.0000000e+00   2.7128673e-05
   1.2260000e+03   0.0000000e+00   2.7022933e-05
   1.2270000e+03   0.0000000e+00   2.6917605e-05
   1.2280000e+03   0.0000000e+00   2.6812688e-05
   1.2290000e+03   0.0000000e+00   2.6708179e-05
   1.2300000e+03   0.0000000e+00   2.6604078e-05
   1.2310000e+03   0.0000000e+00   2.6500383e-05
   1.2320000e+03   0.0000000e+00   2.6397092e-05
   1.2330000e+03   0.0000000e+00   2.6294203e-05
   1.2340000e+03   0.0000000e+00   2.6191716e-05
   1.2350000e+03   0.0000000e+00   2.6089628e-05
   1.2360000e+03   0.0000000e+00   2.5987938e-05
   1.2370000e+03   0.0000000e+00   2.5886644e-05
   1.2380000e+03   0.0000000e+00   2.5785745e-05
   1.2390000e+03   0.0000000e+00   2.5685240e-05
   1.2400000e+03   0.0000000e+00   2.5585126e-05
   1.2410000e+03   0.0000000e+00   2.5485402e-05
   1.2420000e+03   0.0000000e+00   2.5386067e-05
   1.2430000e+03   0.0000000e+00   2.5287119e-05
   1.2440000e+03   0.0000000e+00   2.5188557e-05
   1.2450000e+03   0.0000000e+00   2.5090379e-05
   1.2460000e+03   0.0000000e+00   2.4992584e-05
   1.2470000e+03   0.0000000e+00   2.4895170e-05
   1.2480000e+03   0.0000000e+00   2.4798135e-05
   1.2490000e+03   0.0000000e+00   2.4701479e-05
   1.2500000e+03   0.0000000e+00   2.4605200e-05
   1.2510000e+03   0.0000000e+00   2.4509296e-05
   1.2520000e+03   0.0000000e+00   2.4413765e-05
   1.2530000e+03   0.0000000e+00   2.4318607e-05
   1.2540000e+03   0.0000000e+00   2.4223820e-05
   1.2550000e+03   0.0000000e+00   2.4129402e-05
   1.2560000e+03   0.0000000e+00   2.4035353e-05
   1.2570000e+03   0.0000000e+00   2.3941670e-05
   1.2580000e+03   0.0000000e+00   2.3848352e-05
   1.2590000e+03   0.0000000e+00   2.3755397e-05
   1.2600000e+03   0.0000000e+00   2.3662806e-05
   1.2610000e+03   0.0000000e+00   2.3570575e-05
   1.2620000e+03   0.0000000e+00   2.3478703e-05
   1.2630000e+03   0.0000000e+00   2.3387190e-05
   1.2640000e+03   0.0000000e+00   2.3296033e-05
   1.2650000e+03   0.0000000e+00   2.3205231e-05
   1.2660000e+03   0.0000000e+00   2.3114784e-05
   1.2670000e+03   0.0000000e+00   2.3024689e-05
   1.2680000e+03   0.0000000e+00   2.2934945e-05
   1.2690000e+03   0.0000000e+00   2.2845551e-05
   1.2700000e+03   0.0000000e+00   2.2756506e-05
   1.2710000e+03   0.0000000e+00   2.2667807e-05
   1.2720000e+03   0.0000000e+00   2.2579454e-05
   1.2730000e+03   0.0000000e+00   2.2491446e-05
   1.2740000e+03   0.0000000e+00   2.2403781e-05
   1.2750000e+03   0.0000000e+00   2.2316457e-05
   1.2760000e+03   0.0000000e+00   2.2229474e-05
   1.2770000e+03   0.0000000e+00   2.2142829e-05
   1.2780000e+03   0.0000000e+00   2.2056523e-05
   1.2790000e+03   0.0000000e+00   2.1970553e-05
   1.2800000e+03   0.0000000e+00   2.1884918e-05
   1.2810000e+03   0.0000000e+00   2.1799616e-05
   1.2820000e+03   0.0000000e+00   2.1714647e-05
   1.2830000e+03   0.0000000e+00   2.1630010e-05
   1.2840000e+03   0.0000000e+00   2.1545702e-05
   1.2850000e+03   0.0000000e+00   2.1461723e-05
   1.2860000e+03   0.0000000e+00   2.1378071e-05
   1.2870000e+03   0.0000000e+00   2.1294745e-05
   1.2880000e+03   0.0000000e+00   2.1211745e-05
   1.2890000e+03   0.0000000e+00   2.1129067e-05
   1.2900000e+03   0.0000000e+00   2.1046712e-05
   1.2910000e+03   0.0000000e+00   2.0964678e-05
   1.2920000e+03   0.0000000e+00   2.0882963e-05
   1.2930000e+03   0.0000000e+00   2.0801567e-05
   1.2940000e+03   0.0000000e+00   2.0720489e-05
   1.2950000e+03   0.0000000e+00   2.0639726e-05
   1.2960000e+03   0.0000000e+00   2.0559278e-05
   1.2970000e+03   0.0000000e+00   2.0479144e-05
   1.2980000e+03   0.0000000e+00   2.0399322e-05
   1.2990000e+03   0.0000000e+00   2.0319811e-05
   1.3000000e+03   0.0000000e+00   2.0240610e-05
   1.3010000e+03   0.0000000e+00   2.0161718e-05
   1.3020000e+03   0.0000000e+00   2.0083133e-05
   1.3030000e+03   0.0000000e+00   2.0004855e-05
   1.3040000e+03   0.0000000e+00   1.9926881e-05
   1.3050000e+03   0.0000000e+00   1.9849212e-05
   1.3060000e+03   0.0000000e+00   1.9771845e-05
   1.3070000e+03   0.0000000e+00   1.9694780e-05
   1.3080000e+03   0.0000000e+00   1.9618015e-05
   1.3090000e+03   0.0000000e+00   1.9541550e-05
   1.3100000e+03   0.0000000e+00   1.9465382e-05
   1.3110000e+03   0.0000000e+00   1.9389512e-05
   1.3120000e+03   0.0000000e+00   1.9313937e-05
   1.3130000e+03   0.0000000e+00   1.9238656e-05
   1.3140000e+03   0.0000000e+00   1.9163669e-05
   1.3150000e+03   0.0000000e+00   1.9088975e-05
   1.3160000e+03   0.0000000e+00   1.9014571e-05
   1.3170000e+03   0.0000000e+00   1.8940458e-05
   1.3180000e+03   0.0000000e+00   1.8866633e-05
   1.3190000e+03   0.0000000e+00   1.8793096e-05
   1.3200000e+03   0.0000000e+00   1.8719846e-05
   1.3210000e+03   0.0000000e+00   1.8646881e-05
   1.3220000e+03   0.0000000e+00   1.8574201e-05
   1.3230000e+03   0.0000000e+00   1.8501804e-05
   1.3240000e+03   0.0000000e+00   1.8429689e-05
   1.3250000e+03   0.0000000e+00   1.8357855e-05
   1.3260000e+03   0.0000000e+00   1.8286302e-05
   1.3270000e+03   0.0000000e+00   1.8215027e-05
   1.3280000e+03   0.0000000e+00   1.8144030e-05
   1.3290000e+03   0.0000000e+00   1.8073309e-05
   1.3300000e+03   0.0000000e+00   1.8002865e-05
   1.3310000e+03   0.0000000e+00   1.7932694e-05
   1.3320000e+03   0.0000000e+00   1.7862798e-05
   1.3330000e+03   0.0000000e+00   1.7793174e-05
   1.3340000e+03   0.0000000e+00   1.7723821e-05
   1.3350000e+03   0.0000000e+00   1.7654738e-05
   1.3360000e+03   0.0000000e+00   1.7585925e-05
   1.3370000e+03   0.0000000e+00   1.7517380e-05
   1.3380000e+03   0.0000000e+00   1.7449102e-05
   1.3390000e+03   0.0000000e+00   1.7381091e-05
   1.3400000e+03   0.0000000e+00   1.7313344e-05
   1.3410000e+03   0.0000000e+00   1.7245861e-05
   1.3420000e+03   0.0000000e+00   1.7178642e-05
   1.3430000e+03   0.0000000e+00   1.7111684e-05
   1.3440000e+03   0.0000000e+00   1.7044988e-05
   1.3450000e+03   0.0000000e+00   1.6978551e-05
   1.3460000e+03   0.0000000e+00   1.6912373e-05
   1.3470000e+03   0.0000000e+00   1.6846454e-05
   1.3480000e+03   0.0000000e+00   1.6780791e-05
   1.3490000e+03   0.0000000e+00   1.6715384e-05
   1.3500000e+03   0.0000000e+00   1.6650232e-05
   1.3510000e+03   0.0000000e+00   1.6585334e-05
   1.3520000e+03   0.0000000e+00   1.6520689e-05
   1.3530000e+03   0.0000000e+00   1.6456296e-05
   1.3540000e+03   0.0000000e+00   1.6392154e-05
   1.3550000e+03   0.0000000e+00   1.6328262e-05
   1.3560000e+03   0.0000000e+00   1.6264619e-05
   1.3570000e+03   0.0000000e+00   1.6201224e-05
   1.3580000e+03   0.0000000e+00   1.6138076e-05
   1.3590000e+03   0.0000000e+00   1.6075175e-05
   1.3600000e+03   0.0000000e+00   1.6012518e-05
   1.3610000e+03   0.0000000e+00   1.5950106e-05
   1.3620000e+03   0.0000000e+00   1.5887937e-05
   1.3630000e+03   0.0000000e+00   1.5826010e-05
   1.3640000e+03   0.0000000e+00   1.5764325e-05
   1.3650000e+03   0.0000000e+00   1.5702880e-05
   1.3660000e+03   0.0000000e+00   1.5641674e-05
   1.3670000e+03   0.0000000e+00   1.5580707e-05
   1.3680000e+03   0.0000000e+00   1.5519978e-05
   1.3690000e+03   0.0000000e+00   1.5459486e-05
   1.3700000e+03   0.0000000e+00   1.5399229e-05
   1.3710000e+03   0.0000000e+00   1.5339207e-05
   1.3720000e+03   0.0000000e+00   1.5279419e-05
   1.3730000e+03   0.0000000e+00   1.5219864e-05
   1.3740000e+03   0.0000000e+00   1.5160541e-05
   1.3750000e+03   0.0000000e+00   1.5101450e-05
   1.3760000e+03   0.0000000e+00   1.5042589e-05
   1.3770000e+03   0.0000000e+00   1.4983957e-05
   1.3780000e+03   0.0000000e+00   1.4925554e-05
   1.3790000e+03   0.0000000e+00   1.4867378e-05
   1.3800000e+03   0.0000000e+00   1.4809429e-05
   1.3810000e+03   0.0000000e+00   1.4751706e-05
   1.3820000e+03   0.0000000e+00   1.4694208e-05
   1.3830000e+03   0.0000000e+00   1.4636934e-05
   1.3840000e+03   0.0000000e+00   1.4579883e-05
   1.3850000e+03   0.0000000e+00   1.4523055e-05
   1.3860000e+03   0.0000000e+00   1.4466448e-05
   1.3870000e+03   0.0000000e+00   1.4410062e-05
   1.3880000e+03   1.0000000e+00   1.4353896e-05
   1.3890000e+03   0.0000000e+00   1.4297948e-05
   1.3900000e+03   0.0000000e+00   1.4242219e-05
   1.3910000e+03   0.0000000e+00   1.4186707e-05
   1.3920000e+03   0.0000000e+00   1.4131411e-05
   1.3930000e+03   0.0000000e+00   1.4076331e-05
   1.3940000e+03   0.0000000e+00   1.4021465e-05
   1.3950000e+03   0.0000000e+00   1.3966813e-05
   1.3960000e+03   0.0000000e+00   1.3912375e-05
   1.3970000e+03   0.0000000e+00   1.3858148e-05
   1.3980000e+03   0.0000000e+00   1.3804133e-05
   1.3990000e+03   0.0000000e+00   1.3750328e-05
   1.4000000e+03   0.0000000e+00   1.3696733e-05
   1.4010000e+03   0.0000000e+00   1.3643347e-05
   1.4020000e+03   0.0000000e+00   1.3590169e-05
   1.4030000e+03   0.0000000e+00   1.3537199e-05
   1.4040000e+03   0.0000000e+00   1.3484434e-05
   1.4050000e+03   0.0000000e+00   1.3431876e-05
   1.4060000e+03   0.0000000e+00   1.3379522e-05
   1.4070000e+03   0.0000000e+00   1.3327372e-05
   1.4080000e+03   0.0000000e+00   1.3275426e-05
   1.4090000e+03   0.0000000e+00   1.3223682e-05
   1.4100000e+03   0.0000000e+00   1.3172140e-05
   1.4110000e+03   0.0000000e+00   1.3120799e-05
   1.4120000e+03   0.0000000e+00   1.3069657e-05
   1.4130000e+03   0.0000000e+00   1.3018716e-05
   1.4140000e+03   0.0000000e+00   1.2967972e-05
   1.4150000e+03   0.0000000e+00   1.2917427e-05
   1.4160000e+03   0.0000000e+00   1.2867078e-05
   1.4170000e+03   0.0000000e+00   1.2816926e-05
   1.4180000e+03   0.0000000e+00   1.2766969e-05
   1.4190000e+03   0.0000000e+00   1.2717207e-05
   1.4200000e+03   0.0000000e+00   1.2667639e-05
   1.4210000e+03   0.0000000e+00   1.2618264e-05
   1.4220000e+03   0.0000000e+00   1.2569082e-05
   1.4230000e+03   0.0000000e+00   1.2520091e-05
   1.4240000e+03   0.0000000e+00   1.2471291e-05
   1.4250000e+03   0.0000000e+00   1.2422681e-05
   1.4260000e+03   0.0000000e+00   1.2374261e-05
   1.4270000e+03   0.0000000e+00   1.2326030e-05
   1.4280000e+03   0.0000000e+00   1.2277986e-05
   1.4290000e+03   0.0000000e+00   1.2230130e-05
   1.4300000e+03   0.0000000e+00   1.2182461e-05
   1.4310000e+03   0.0000000e+00   1.2134977e-05
   1.4320000e+03   0.0000000e+00   1.2087678e-05
   1.4330000e+03   0.0000000e+00   1.2040564e-05
   1.4340000e+03   0.0000000e+00   1.1993633e-05
   1.4350000e+03   0.0000000e+00   1.1946885e-05
   1.4360000e+03   0.0000000e+00   1.1900319e-05
   1.4370000e+03   0.0000000e+00   1.1853935e-05
   1.4380000e+03   0.0000000e+00   1.1807732e-05
   1.4390000e+03   0.0000000e+00   1.1761709e-05
   1.4400000e+03   0.0000000e+00   1.1715865e-05
   1.4410000e+03   0.0000000e+00   1.1670200e-05
   1.4420000e+03   0.0000000e+00   1.1624713e-05
   1.4430000e+03   0.0000000e+00   1.1579403e-05
   1.4440000e+03   0.0000000e+00   1.1534269e-05
   1.4450000e+03   0.0000000e+00   1.1489312e-05
   1.4460000e+03   0.0000000e+00   1.1444530e-05
   1.4470000e+03   0.0000000e+00   1.1399922e-05
   1.4480000e+03   0.0000000e+00   1.1355489e-05
   1.4490000e+03   0.0000000e+00   1.1311228e-05
   1.4500000e+03   0.0000000e+00   1.1267140e-05
   1.4510000e+03   0.0000000e+00   1.1223224e-05
   1.4520000e+03   0.0000000e+00   1.1179479e-05
   1.4530000e+03   0.0000000e+00   1.1135905e-05
   1.4540000e+03   0.0000000e+00   1.1092500e-05
   1.4550000e+03   0.0000000e+00   1.1049264e-05
   1.4560000e+03   0.0000000e+00   1.1006197e-05
   1.4570000e+03   0.0000000e+00   1.0963298e-05
   1.4580000e+03   0.0000000e+00   1.0920567e-05
   1.4590000e+03   0.0000000e+00   1.0878001e-05
   1.4600000e+03   0.0000000e+00   1.0835602e-05
   1.4610000e+03   0.0000000e+00   1.0793368e-05
   1.4620000e+03   0.0000000e+00   1.0751298e-05
   1.4630000e+03   0.0000000e+00   1.0709393e-05
   1.4640000e+03   0.0000000e+00   1.0667650e-05
   1.4650000e+03   0.0000000e+00   1.0626071e-05
   1.4660000e+03   0.0000000e+00   1.0584653e-05
   1.4670000e+03   0.0000000e+00   1.0543397e-05
   1.4680000e+03   0.0000000e+00   1.0502302e-05
   1.4690000e+03   0.0000000e+00   1.0461367e-05
   1.4700000e+03   0.0000000e+00   1.0420592e-05
   1.4710000e+03   0.0000000e+00   1.0379975e-05
   1.4720000e+03   0.0000000e+00   1.0339517e-05
   1.4730000e+03   0.0000000e+00   1.0299216e-05
   1.4740000e+03   0.0000000e+00   1.0259073e-05
   1.4750000e+03   0.0000000e+00   1.0219086e-05
   1.4760000e+03   0.0000000e+00   1.0179255e-05
   1.4770000e+03   0.0000000e+00   1.0139579e-05
   1.4780000e+03   0.0000000e+00   1.0100058e-05
   1.4790000e+03   0.0000000e+00   1.0060690e-05
   1.4800000e+03   0.0000000e+00   1.0021477e-05
   1.4810000e+03   0.0000000e+00   9.9824157e-06
   1.4820000e+03   0.0000000e+00   9.9435070e-06
   1.4830000e+03   0.0000000e+00   9.9047500e-06
   1.4840000e+03   0.0000000e+00   9.8661441e-06
   1.4850000e+03   0.0000000e+00   9.8276886e-06
   1.4860000e+03   0.0000000e+00   9.7893830e-06
   1.4870000e+03   0.0000000e+00   9.7512267e-06
   1.4880000e+03   0.0000000e+00   9.7132192e-06
   1.4890000e+03   0.0000000e+00   9.6753598e-06
   1.4900000e+03   0.0000000e+00   9.6376479e-06
   1.4910000e+03   0.0000000e+00   9.6000831e-06
   1.4920000e+03   0.0000000e+00   9.5626646e-06
   1.4930000e+03   0.0000000e+00   9.5253920e-06
   1.4940000e+03   0.0000000e+00   9.4882647e-06
   1.4950000e+03   0.0000000e+00   9.4512821e-06
   1.4960000e+03   0.0000000e+00   9.4144437e-06
   1.4970000e+03   0.0000000e+00   9.3777488e-06
   1.4980000e+03   0.0000000e+00   9.3411970e-06
   1.4990000e+03   0.0000000e+00   9.3047876e-06
   1.5000000e+03   0.0000000e+00   9.2685201e-06
   1.5010000e+03   0.0000000e+00   9.2323940e-06
   1.5020000e+03   0.0000000e+00   9.1964087e-06
   1.5030000e+03   0.0000000e+00   9.1605637e-06
   1.5040000e+03   0.0000000e+00   9.1248584e-06
   1.5050000e+03   0.0000000e+00   9.0892922e-06
   1.5060000e+03   0.0000000e+00   9.0538647e-06
   1.5070000e+03   0.0000000e+00   9.0185753e-06
   1.5080000e+03   0.0000000e+00   8.9834234e-06
   1.5090000e+03   0.0000000e+00   8.9484085e-06
   1.5100000e+03   0.0000000e+00   8.9135301e-06
   1.5110000e+03   0.0000000e+00   8.8787877e-06
   1.5120000e+03   0.0000000e+00   8.8441807e-06
   1.5130000e+03   0.0000000e+00   8.8097085e-06
   1.5140000e+03   0.0000000e+00   8.7753707e-06
   1.5150000e+03   0.0000000e+00   8.7411668e-06
   1.5160000e+03   0.0000000e+00   8.7070962e-06
   1.5170000e+03   0.0000000e+00   8.6731583e-06
   1.5180000e+03   0.0000000e+00   8.6393528e-06
   1.5190000e+03   0.0000000e+00   8.6056790e-06
   1.5200000e+03   0.0000000e+00   8.5721365e-06
   1.5210000e+03   0.0000000e+00   8.5387247e-06
   1.5220000e+03   0.0000000e+00   8.5054431e-06
   1.5230000e+03   0.0000000e+00   8.4722913e-06
   1.5240000e+03   0.0000000e+00   8.4392687e-06
   1.5250000e+03   0.0000000e+00   8.4063748e-06
   1.5260000e+03   0.0000000e+00   8.3736091e-06
   1.5270000e+03   0.0000000e+00   8.3409711e-06
   1.5280000e+03   0.0000000e+00   8.3084603e-06
   1.5290000e+03   0.0000000e+00   8.2760762e-06
   1.5300000e+03   0.0000000e+00   8.2438184e-06
   1.5310000e+03   0.0000000e+00   8.2116863e-06
   1.5320000e+03   0.0000000e+00   8.1796795e-06
   1.5330000e+03   0.0000000e+00   8.1477974e-06
   1.5340000e+03   0.0000000e+00   8.1160395e-06
   1.5350000e+03   0.0000000e+00   8.0844055e-06
   1.5360000e+03   0.0000000e+00   8.0528947e-06
   1.5370000e+03   0.0000000e+00   8.0215068e-06
   1.5380000e+03   0.0000000e+00   7.9902412e-06
   1.5390000e+03   0.0000000e+00   7.9590975e-06
   1.5400000e+03   0.0000000e+00   7.9280751e-06
   1.5410000e+03   0.0000000e+00   7.8971737e-06
   1.5420000e+03   0.0000000e+00   7.8663927e-06
   1.5430000e+03   0.0000000e+00   7.8357317e-06
   1.5440000e+03   0.0000000e+00   7.8051902e-06
   1.5450000e+03   0.0000000e+00   7.7747678e-06
   1.5460000e+03   0.0000000e+00   7.7444639e-06
   1.5470000e+03   0.0000000e+00   7.7142782e-06
   1.5480000e+03   0.0000000e+00   7.6842101e-06
   1.5490000e+03   0.0000000e+00   7.6542592e-06
   1.5500000e+03   0.0000000e+00   7.6244250e-06
   1.5510000e+03   0.0000000e+00   7.5947071e-06
   1.5520000e+03   0.0000000e+00   7.5651051e-06
   1.5530000e+03   0.0000000e+00   7.5356184e-06
   1.5540000e+03   0.0000000e+00   7.5062467e-06
   1.5550000e+03   0.0000000e+00   7.4769894e-06
   1.5560000e+03   0.0000000e+00   7.4478462e-06
   1.5570000e+03   0.0000000e+00   7.4188166e-06
   1.5580000e+03   0.0000000e+00   7.3899001e-06
   1.5590000e+03   0.0000000e+00   7.3610964e-06
   1.5600000e+03   0.0000000e+00   7.3324049e-06
   1.5610000e+03   0.0000000e+00   7.3038252e-06
   1.5620000e+03   0.0000000e+00   7.2753569e-06
   1.5630000e+03   0.0000000e+00   7.2469996e-06
   1.5640000e+03   0.0000000e+00   7.2187529e-06
   1.5650000e+03   0.0000000e+00   7.1906162e-06
   1.5660000e+03   0.0000000e+00   7.1625892e-06
   1.5670000e+03   0.0000000e+00   7.1346714e-06
   1.5680000e+03   0.0000000e+00   7.1068624e-06
   1.5690000e+03   0.0000000e+00   7.0791619e-06
   1.5700000e+03   0.0000000e+00   7.0515693e-06
   1.5710000e+03   0.0000000e+00   7.0240842e-06
   1.5720000e+03   0.0000000e+00   6.9967063e-06
   1.5730000e+03   0.0000000e+00   6.9694351e-06
   1.5740000e+03   0.0000000e+00   6.9422702e-06
   1.5750000e+03   0.0000000e+00   6.9152112e-06
   1.5760000e+03   0.0000000e+00   6.8882576e-06
   1.5770000e+03   0.0000000e+00   6.8614091e-06
   1.5780000e+03   0.0000000e+00   6.8346653e-06
   1.5790000e+03   0.0000000e+00   6.8080257e-06
   1.5800000e+03   0.0000000e+00   6.7814899e-06
   1.5810000e+03   0.0000000e+00   6.7550575e-06
   1.5820000e+03   0.0000000e+00   6.7287282e-06
   1.5830000e+03   0.0000000e+00   6.7025015e-06
   1.5840000e+03   0.0000000e+00   6.6763770e-06
   1.5850000e+03   0.0000000e+00   6.6503544e-06
   1.5860000e+03   0.0000000e+00   6.6244331e-06
   1.5870000e+03   0.0000000e+00   6.5986130e-06
   1.5880000e+03   0.0000000e+00   6.5728934e-06
   1.5890000e+03   0.0000000e+00   6.5472741e-06
   1.5900000e+03   0.0000000e+00   6.5217547e-06
   1.5910000e+03   0.0000000e+00   6.4963347e-06
   1.5920000e+03   0.0000000e+00   6.4710138e-06
   1.5930000e+03   0.0000000e+00   6.4457916e-06
   1.5940000e+03   0.0000000e+00   6.4206677e-06
   1.5950000e+03   0.0000000e+00   6.3956417e-06
   1.5960000e+03   0.0000000e+00   6.3707133e-06
   1.5970000e+03   0.0000000e+00   6.3458820e-06
   1.5980000e+03   0.0000000e+00   6.3211476e-06
   1.5990000e+03   0.0000000e+00   6.2965095e-06
   1.6000000e+03   0.0000000e+00   6.2719675e-06
   1.6010000e+03   1.0000000e+00   6.2475211e-06
