   1.0000000e+00   0.0000000e+00   0.0000000e+00
   2.0000000e+00   1.0000000e+00   5.0306926e-04
   3.0000000e+00   2.0000000e+00   9.5123203e-04
   4.0000000e+00   2.0000000e+00   1.3502279e-03
   5.0000000e+00   2.0000000e+00   1.7051976e-03
   6.0000000e+00   2.0000000e+00   2.0207456e-03
   7.0000000e+00   1.0000000e+00   2.3009959e-03
   8.0000000e+00   4.0000000e+00   2.5496423e-03
   9.0000000e+00   4.0000000e+00   2.7699931e-03
   1.0000000e+01   3.0000000e+00   2.9650115e-03
   1.1000000e+01   4.0000000e+00   3.1373515e-03
   1.2000000e+01   4.0000000e+00   3.2893902e-03
   1.3000000e+01   2.0000000e+00   3.4232567e-03
   1.4000000e+01   5.0000000e+00   3.5408577e-03
   1.5000000e+01   5.0000000e+00   3.6439013e-03
   1.6000000e+01   3.0000000e+00   3.7339171e-03
   1.7000000e+01   3.0000000e+00   3.8122752e-03
   1.8000000e+01   3.0000000e+00   3.8802026e-03
   1.9000000e+01   7.0000000e+00   3.9387984e-03
   2.0000000e+01   5.0000000e+00   3.9890469e-03
   2.1000000e+01   5.0000000e+00   4.0318296e-03
   2.2000000e+01   9.0000000e+00   4.0679360e-03
   2.3000000e+01   7.0000000e+00   4.0980735e-03
   2.4000000e+01   7.0000000e+00   4.1228752e-03
   2.5000000e+01   0.0000000e+00   4.1429083e-03
   2.6000000e+01   2.0000000e+00   4.1586809e-03
   2.7000000e+01   5.0000000e+00   4.1706478e-03
   2.8000000e+01   6.0000000e+00   4.1792166e-03
   2.9000000e+01   7.0000000e+00   4.1847520e-03
   3.0000000e+01   9.0000000e+00   4.1875808e-03
   3.1000000e+01   6.0000000e+00   4.1879956e-03
   3.2000000e+01   9.0000000e+00   4.1862585e-03
   3.3000000e+01   8.0000000e+00   4.1826042e-03
   3.4000000e+01   1.1000000e+01   4.1772427e-03
   3.5000000e+01   5.0000000e+00   4.1703623e-03
   3.6000000e+01   8.0000000e+00   4.1621313e-03
   3.7000000e+01   9.0000000e+00   4.1527007e-03
   3.8000000e+01   6.0000000e+00   4.1422056e-03
   3.9000000e+01   1.2000000e+01   4.1307669e-03
   4.0000000e+01   4.0000000e+00   4.1184928e-03
   4.1000000e+01   5.0000000e+00   4.1054802e-03
   4.2000000e+01   6.0000000e+00   4.0918160e-03
   4.3000000e+01   6.0000000e+00   4.0775778e-03
   4.4000000e+01   5.0000000e+00   4.0628352e-03
   4.5000000e+01   5.0000000e+00   4.0476503e-03
   4.6000000e+01   6.0000000e+00   4.0320788e-03
   4.7000000e+01   4.0000000e+00   4.0161706e-03
   4.8000000e+01   4.0000000e+00   3.9999703e-03
   4.9000000e+01   8.0000000e+00   3.9835177e-03
   5.0000000e+01   6.0000000e+00   3.9668485e-03
   5.1000000e+01   3.0000000e+00   3.9499947e-03
   5.2000000e+01   3.0000000e+00   3.9329847e-03
   5.3000000e+01   3.0000000e+00   3.9158441e-03
   5.4000000e+01   8.0000000e+00   3.8985958e-03
   5.5000000e+01   2.0000000e+00   3.8812600e-03
   5.6000000e+01   8.0000000e+00   3.8638551e-03
   5.7000000e+01   4.0000000e+00   3.8463972e-03
   5.8000000e+01   3.0000000e+00   3.8289010e-03
   5.9000000e+01   1.0000000e+00   3.8113793e-03
   6.0000000e+01   5.0000000e+00   3.7938438e-03
   6.1000000e+01   5.0000000e+00   3.7763048e-03
   6.2000000e+01   6.0000000e+00   3.7587715e-03
   6.3000000e+01   4.0000000e+00   3.7412521e-03
   6.4000000e+01   8.0000000e+00   3.7237539e-03
   6.5000000e+01   5.0000000e+00   3.7062834e-03
   6.6000000e+01   2.0000000e+00   3.6888463e-03
   6.7000000e+01   6.0000000e+00   3.6714479e-03
   6.8000000e+01   4.0000000e+00   3.6540927e-03
   6.9000000e+01   3.0000000e+00   3.6367846e-03
   7.0000000e+01   2.0000000e+00   3.6195274e-03
   7.1000000e+01   2.0000000e+00   3.6023241e-03
   7.2000000e+01   6.0000000e+00   3.5851775e-03
   7.3000000e+01   2.0000000e+00   3.5680902e-03
   7.4000000e+01   6.0000000e+00   3.5510642e-03
   7.5000000e+01   3.0000000e+00   3.5341015e-03
   7.6000000e+01   4.0000000e+00   3.5172037e-03
   7.7000000e+01   1.0000000e+00   3.5003723e-03
   7.8000000e+01   7.0000000e+00   3.4836086e-03
   7.9000000e+01   6.0000000e+00   3.4669135e-03
   8.0000000e+01   2.0000000e+00   3.4502881e-03
   8.1000000e+01   4.0000000e+00   3.4337332e-03
   8.2000000e+01   1.0000000e+00   3.4172493e-03
   8.3000000e+01   8.0000000e+00   3.4008372e-03
   8.4000000e+01   7.0000000e+00   3.3844972e-03
   8.5000000e+01   6.0000000e+00   3.3682298e-03
   8.6000000e+01   3.0000000e+00   3.3520352e-03
   8.7000000e+01   4.0000000e+00   3.3359137e-03
   8.8000000e+01   8.0000000e+00   3.3198654e-03
   8.9000000e+01   6.0000000e+00   3.3038905e-03
   9.0000000e+01   4.0000000e+00   3.2879890e-03
   9.1000000e+01   2.0000000e+00   3.2721609e-03
   9.2000000e+01   7.0000000e+00   3.2564063e-03
   9.3000000e+01   5.0000000e+00   3.2407251e-03
   9.4000000e+01   6.0000000e+00   3.2251172e-03
   9.5000000e+01   4.0000000e+00   3.2095824e-03
   9.6000000e+01   8.0000000e+00   3.1941207e-03
   9.7000000e+01   4.0000000e+00   3.1787319e-03
   9.8000000e+01   4.0000000e+00   3.1634159e-03
   9.9000000e+01   6.0000000e+00   3.1481723e-03
   1.0000000e+02   3.0000000e+00   3.1330011e-03
   1.0100000e+02   5.0000000e+00   3.1179019e-03
   1.0200000e+02   3.0000000e+00   3.1028746e-03
   1.0300000e+02   7.0000000e+00   3.0879189e-03
   1.0400000e+02   3.0000000e+00   3.0730345e-03
   1.0500000e+02   2.0000000e+00   3.0582213e-03
   1.0600000e+02   5.0000000e+00   3.0434788e-03
   1.0700000e+02   3.0000000e+00   3.0288069e-03
   1.0800000e+02   1.0000000e+00   3.0142052e-03
   1.0900000e+02   2.0000000e+00   2.9996735e-03
   1.1000000e+02   3.0000000e+00   2.9852115e-03
   1.1100000e+02   3.0000000e+00   2.9708189e-03
   1.1200000e+02   3.0000000e+00   2.9564954e-03
   1.1300000e+02   4.0000000e+00   2.9422406e-03
   1.1400000e+02   3.0000000e+00   2.9280543e-03
   1.1500000e+02   7.0000000e+00   2.9139362e-03
   1.1600000e+02   7.0000000e+00   2.8998860e-03
   1.1700000e+02   7.0000000e+00   2.8859034e-03
   1.1800000e+02   4.0000000e+00   2.8719880e-03
   1.1900000e+02   4.0000000e+00   2.8581396e-03
   1.2000000e+02   1.0000000e+00   2.8443578e-03
   1.2100000e+02   4.0000000e+00   2.8306424e-03
   1.2200000e+02   2.0000000e+00   2.8169930e-03
   1.2300000e+02   0.0000000e+00   2.8034093e-03
   1.2400000e+02   6.0000000e+00   2.7898911e-03
   1.2500000e+02   2.0000000e+00   2.7764379e-03
   1.2600000e+02   6.0000000e+00   2.7630496e-03
   1.2700000e+02   3.0000000e+00   2.7497258e-03
   1.2800000e+02   1.0000000e+00   2.7364662e-03
   1.2900000e+02   1.0000000e+00   2.7232704e-03
   1.3000000e+02   2.0000000e+00   2.7101383e-03
   1.3100000e+02   4.0000000e+00   2.6970694e-03
   1.3200000e+02   4.0000000e+00   2.6840635e-03
   1.3300000e+02   4.0000000e+00   2.6711204e-03
   1.3400000e+02   4.0000000e+00   2.6582396e-03
   1.3500000e+02   0.0000000e+00   2.6454209e-03
   1.3600000e+02   2.0000000e+00   2.6326639e-03
   1.3700000e+02   5.0000000e+00   2.6199685e-03
   1.3800000e+02   3.0000000e+00   2.6073343e-03
   1.3900000e+02   4.0000000e+00   2.5947610e-03
   1.4000000e+02   3.0000000e+00   2.5822483e-03
   1.4100000e+02   2.0000000e+00   2.5697960e-03
   1.4200000e+02   9.0000000e+00   2.5574037e-03
   1.4300000e+02   7.0000000e+00   2.5450711e-03
   1.4400000e+02   2.0000000e+00   2.5327980e-03
   1.4500000e+02   0.0000000e+00   2.5205841e-03
   1.4600000e+02   2.0000000e+00   2.5084290e-03
   1.4700000e+02   0.0000000e+00   2.4963326e-03
   1.4800000e+02   3.0000000e+00   2.4842945e-03
   1.4900000e+02   2.0000000e+00   2.4723144e-03
   1.5000000e+02   2.0000000e+00   2.4603922e-03
   1.5100000e+02   3.0000000e+00   2.4485274e-03
   1.5200000e+02   2.0000000e+00   2.4367198e-03
   1.5300000e+02   3.0000000e+00   2.4249691e-03
   1.5400000e+02   5.0000000e+00   2.4132751e-03
   1.5500000e+02   3.0000000e+00   2.4016375e-03
   1.5600000e+02   1.0000000e+00   2.3900560e-03
   1.5700000e+02   0.0000000e+00   2.3785304e-03
   1.5800000e+02   3.0000000e+00   2.3670604e-03
   1.5900000e+02   2.0000000e+00   2.3556456e-03
   1.6000000e+02   2.0000000e+00   2.3442859e-03
   1.6100000e+02   3.0000000e+00   2.3329810e-03
   1.6200000e+02   3.0000000e+00   2.3217306e-03
   1.6300000e+02   3.0000000e+00   2.3105344e-03
   1.6400000e+02   3.0000000e+00   2.2993923e-03
   1.6500000e+02   2.0000000e+00   2.2883038e-03
   1.6600000e+02   3.0000000e+00   2.2772689e-03
   1.6700000e+02   4.0000000e+00   2.2662871e-03
   1.6800000e+02   3.0000000e+00   2.2553583e-03
   1.6900000e+02   5.0000000e+00   2.2444823e-03
   1.7000000e+02   2.0000000e+00   2.2336586e-03
   1.7100000e+02   4.0000000e+00   2.2228872e-03
   1.7200000e+02   4.0000000e+00   2.2121677e-03
   1.7300000e+02   3.0000000e+00   2.2014998e-03
   1.7400000e+02   5.0000000e+00   2.1908835e-03
   1.7500000e+02   5.0000000e+00   2.1803183e-03
   1.7600000e+02   2.0000000e+00   2.1698041e-03
   1.7700000e+02   2.0000000e+00   2.1593406e-03
   1.7800000e+02   2.0000000e+00   2.1489275e-03
   1.7900000e+02   4.0000000e+00   2.1385647e-03
   1.8000000e+02   2.0000000e+00   2.1282518e-03
   1.8100000e+02   1.0000000e+00   2.1179886e-03
   1.8200000e+02   3.0000000e+00   2.1077750e-03
   1.8300000e+02   4.0000000e+00   2.0976106e-03
   1.8400000e+02   2.0000000e+00   2.0874952e-03
   1.8500000e+02   4.0000000e+00   2.0774286e-03
   1.8600000e+02   1.0000000e+00   2.0674105e-03
   1.8700000e+02   4.0000000e+00   2.0574408e-03
   1.8800000e+02   6.0000000e+00   2.0475191e-03
   1.8900000e+02   1.0000000e+00   2.0376453e-03
   1.9000000e+02   3.0000000e+00   2.0278191e-03
   1.9100000e+02   1.0000000e+00   2.0180403e-03
   1.9200000e+02   3.0000000e+00   2.0083086e-03
   1.9300000e+02   1.0000000e+00   1.9986239e-03
   1.9400000e+02   1.0000000e+00   1.9889858e-03
   1.9500000e+02   2.0000000e+00   1.9793943e-03
   1.9600000e+02   2.0000000e+00   1.9698490e-03
   1.9700000e+02   2.0000000e+00   1.9603497e-03
   1.9800000e+02   2.0000000e+00   1.9508962e-03
   1.9900000e+02   3.0000000e+00   1.9414884e-03
   2.0000000e+02   3.0000000e+00   1.9321259e-03
   2.0100000e+02   3.0000000e+00   1.9228085e-03
   2.0200000e+02   3.0000000e+00   1.9135361e-03
   2.0300000e+02   2.0000000e+00   1.9043084e-03
   2.0400000e+02   5.0000000e+00   1.8951251e-03
   2.0500000e+02   1.0000000e+00   1.8859862e-03
   2.0600000e+02   2.0000000e+00   1.8768914e-03
   2.0700000e+02   3.0000000e+00   1.8678404e-03
   2.0800000e+02   3.0000000e+00   1.8588330e-03
   2.0900000e+02   5.0000000e+00   1.8498691e-03
   2.1000000e+02   2.0000000e+00   1.8409484e-03
   2.1100000e+02   1.0000000e+00   1.8320707e-03
   2.1200000e+02   1.0000000e+00   1.8232359e-03
   2.1300000e+02   2.0000000e+00   1.8144436e-03
   2.1400000e+02   1.0000000e+00   1.8056938e-03
   2.1500000e+02   4.0000000e+00   1.7969861e-03
   2.1600000e+02   3.0000000e+00   1.7883204e-03
   2.1700000e+02   3.0000000e+00   1.7796965e-03
   2.1800000e+02   2.0000000e+00   1.7711142e-03
   2.1900000e+02   0.0000000e+00   1.7625733e-03
   2.2000000e+02   2.0000000e+00   1.7540736e-03
   2.2100000e+02   3.0000000e+00   1.7456149e-03
   2.2200000e+02   1.0000000e+00   1.7371969e-03
   2.2300000e+02   4.0000000e+00   1.7288196e-03
   2.2400000e+02   1.0000000e+00   1.7204827e-03
   2.2500000e+02   3.0000000e+00   1.7121859e-03
   2.2600000e+02   2.0000000e+00   1.7039292e-03
   2.2700000e+02   1.0000000e+00   1.6957123e-03
   2.2800000e+02   3.0000000e+00   1.6875350e-03
   2.2900000e+02   4.0000000e+00   1.6793971e-03
   2.3000000e+02   1.0000000e+00   1.6712985e-03
   2.3100000e+02   1.0000000e+00   1.6632389e-03
   2.3200000e+02   2.0000000e+00   1.6552182e-03
   2.3300000e+02   5.0000000e+00   1.6472362e-03
   2.3400000e+02   1.0000000e+00   1.6392927e-03
   2.3500000e+02   3.0000000e+00   1.6313875e-03
   2.3600000e+02   3.0000000e+00   1.6235204e-03
   2.3700000e+02   2.0000000e+00   1.6156912e-03
   2.3800000e+02   2.0000000e+00   1.6078998e-03
   2.3900000e+02   0.0000000e+00   1.6001460e-03
   2.4000000e+02   1.0000000e+00   1.5924295e-03
   2.4100000e+02   2.0000000e+00   1.5847503e-03
   2.4200000e+02   3.0000000e+00   1.5771081e-03
   2.4300000e+02   0.0000000e+00   1.5695028e-03
   2.4400000e+02   2.0000000e+00   1.5619341e-03
   2.4500000e+02   2.0000000e+00   1.5544019e-03
   2.4600000e+02   2.0000000e+00   1.5469061e-03
   2.4700000e+02   2.0000000e+00   1.5394464e-03
   2.4800000e+02   2.0000000e+00   1.5320226e-03
   2.4900000e+02   2.0000000e+00   1.5246347e-03
   2.5000000e+02   3.0000000e+00   1.5172824e-03
   2.5100000e+02   0.0000000e+00   1.5099656e-03
   2.5200000e+02   0.0000000e+00   1.5026840e-03
   2.5300000e+02   3.0000000e+00   1.4954376e-03
   2.5400000e+02   3.0000000e+00   1.4882261e-03
   2.5500000e+02   2.0000000e+00   1.4810493e-03
   2.5600000e+02   4.0000000e+00   1.4739072e-03
   2.5700000e+02   2.0000000e+00   1.4667995e-03
   2.5800000e+02   3.0000000e+00   1.4597261e-03
   2.5900000e+02   0.0000000e+00   1.4526869e-03
   2.6000000e+02   2.0000000e+00   1.4456815e-03
   2.6100000e+02   0.0000000e+00   1.4387100e-03
   2.6200000e+02   1.0000000e+00   1.4317720e-03
   2.6300000e+02   2.0000000e+00   1.4248675e-03
   2.6400000e+02   0.0000000e+00   1.4179963e-03
   2.6500000e+02   0.0000000e+00   1.4111583e-03
   2.6600000e+02   1.0000000e+00   1.4043532e-03
   2.6700000e+02   4.0000000e+00   1.3975809e-03
   2.6800000e+02   3.0000000e+00   1.3908413e-03
   2.6900000e+02   1.0000000e+00   1.3841342e-03
   2.7000000e+02   4.0000000e+00   1.3774595e-03
   2.7100000e+02   1.0000000e+00   1.3708169e-03
   2.7200000e+02   5.0000000e+00   1.3642064e-03
   2.7300000e+02   3.0000000e+00   1.3576277e-03
   2.7400000e+02   2.0000000e+00   1.3510808e-03
   2.7500000e+02   4.0000000e+00   1.3445654e-03
   2.7600000e+02   3.0000000e+00   1.3380815e-03
   2.7700000e+02   3.0000000e+00   1.3316288e-03
   2.7800000e+02   2.0000000e+00   1.3252072e-03
   2.7900000e+02   5.0000000e+00   1.3188166e-03
   2.8000000e+02   2.0000000e+00   1.3124568e-03
   2.8100000e+02   0.0000000e+00   1.3061277e-03
   2.8200000e+02   0.0000000e+00   1.2998292e-03
   2.8300000e+02   1.0000000e+00   1.2935609e-03
   2.8400000e+02   1.0000000e+00   1.2873230e-03
   2.8500000e+02   0.0000000e+00   1.2811151e-03
   2.8600000e+02   3.0000000e+00   1.2749371e-03
   2.8700000e+02   2.0000000e+00   1.2687889e-03
   2.8800000e+02   2.0000000e+00   1.2626704e-03
   2.8900000e+02   3.0000000e+00   1.2565814e-03
   2.9000000e+02   2.0000000e+00   1.2505217e-03
   2.9100000e+02   0.0000000e+00   1.2444913e-03
   2.9200000e+02   0.0000000e+00   1.2384899e-03
   2.9300000e+02   0.0000000e+00   1.2325175e-03
   2.9400000e+02   0.0000000e+00   1.2265739e-03
   2.9500000e+02   1.0000000e+00   1.2206589e-03
   2.9600000e+02   2.0000000e+00   1.2147725e-03
   2.9700000e+02   0.0000000e+00   1.2089145e-03
   2.9800000e+02   0.0000000e+00   1.2030847e-03
   2.9900000e+02   2.0000000e+00   1.1972830e-03
   3.0000000e+02   1.0000000e+00   1.1915093e-03
   3.0100000e+02   2.0000000e+00   1.1857634e-03
   3.0200000e+02   0.0000000e+00   1.1800453e-03
   3.0300000e+02   0.0000000e+00   1.1743547e-03
   3.0400000e+02   3.0000000e+00   1.1686916e-03
   3.0500000e+02   0.0000000e+00   1.1630558e-03
   3.0600000e+02   0.0000000e+00   1.1574471e-03
   3.0700000e+02   0.0000000e+00   1.1518655e-03
   3.0800000e+02   0.0000000e+00   1.1463108e-03
   3.0900000e+02   1.0000000e+00   1.1407829e-03
   3.1000000e+02   3.0000000e+00   1.1352817e-03
   3.1100000e+02   3.0000000e+00   1.1298070e-03
   3.1200000e+02   2.0000000e+00   1.1243587e-03
   3.1300000e+02   1.0000000e+00   1.1189367e-03
   3.1400000e+02   4.0000000e+00   1.1135408e-03
   3.1500000e+02   2.0000000e+00   1.1081709e-03
   3.1600000e+02   2.0000000e+00   1.1028269e-03
   3.1700000e+02   2.0000000e+00   1.0975087e-03
   3.1800000e+02   1.0000000e+00   1.0922162e-03
   3.1900000e+02   2.0000000e+00   1.0869491e-03
   3.2000000e+02   1.0000000e+00   1.0817075e-03
   3.2100000e+02   1.0000000e+00   1.0764911e-03
   3.2200000e+02   1.0000000e+00   1.0712999e-03
   3.2300000e+02   3.0000000e+00   1.0661338e-03
   3.2400000e+02   2.0000000e+00   1.0609925e-03
   3.2500000e+02   0.0000000e+00   1.0558761e-03
   3.2600000e+02   0.0000000e+00   1.0507843e-03
   3.2700000e+02   3.0000000e+00   1.0457170e-03
   3.2800000e+02   1.0000000e+00   1.0406742e-03
   3.2900000e+02   3.0000000e+00   1.0356558e-03
   3.3000000e+02   1.0000000e+00   1.0306615e-03
   3.3100000e+02   1.0000000e+00   1.0256913e-03
   3.3200000e+02   2.0000000e+00   1.0207451e-03
   3.3300000e+02   5.0000000e+00   1.0158227e-03
   3.3400000e+02   1.0000000e+00   1.0109240e-03
   3.3500000e+02   1.0000000e+00   1.0060490e-03
   3.3600000e+02   3.0000000e+00   1.0011975e-03
   3.3700000e+02   1.0000000e+00   9.9636942e-04
   3.3800000e+02   1.0000000e+00   9.9156459e-04
   3.3900000e+02   1.0000000e+00   9.8678293e-04
   3.4000000e+02   1.0000000e+00   9.8202433e-04
   3.4100000e+02   0.0000000e+00   9.7728868e-04
   3.4200000e+02   1.0000000e+00   9.7257587e-04
   3.4300000e+02   0.0000000e+00   9.6788578e-04
   3.4400000e+02   1.0000000e+00   9.6321831e-04
   3.4500000e+02   1.0000000e+00   9.5857335e-04
   3.4600000e+02   0.0000000e+00   9.5395079e-04
   3.4700000e+02   2.0000000e+00   9.4935052e-04
   3.4800000e+02   2.0000000e+00   9.4477243e-04
   3.4900000e+02   1.0000000e+00   9.4021642e-04
   3.5000000e+02   2.0000000e+00   9.3568238e-04
   3.5100000e+02   1.0000000e+00   9.3117021e-04
   3.5200000e+02   1.0000000e+00   9.2667979e-04
   3.5300000e+02   1.0000000e+00   9.2221103e-04
   3.5400000e+02   0.0000000e+00   9.1776382e-04
   3.5500000e+02   0.0000000e+00   9.1333805e-04
   3.5600000e+02   1.0000000e+00   9.0893363e-04
   3.5700000e+02   1.0000000e+00   9.0455045e-04
   3.5800000e+02   0.0000000e+00   9.0018840e-04
   3.5900000e+02   1.0000000e+00   8.9584739e-04
   3.6000000e+02   0.0000000e+00   8.9152731e-04
   3.6100000e+02   2.0000000e+00   8.8722807e-04
   3.6200000e+02   1.0000000e+00   8.8294956e-04
   3.6300000e+02   1.0000000e+00   8.7869168e-04
   3.6400000e+02   1.0000000e+00   8.7445433e-04
   3.6500000e+02   1.0000000e+00   8.7023742e-04
   3.6600000e+02   0.0000000e+00   8.6604085e-04
   3.6700000e+02   2.0000000e+00   8.6186451e-04
   3.6800000e+02   1.0000000e+00   8.5770831e-04
   3.6900000e+02   6.0000000e+00   8.5357215e-04
   3.7000000e+02   2.0000000e+00   8.4945594e-04
   3.7100000e+02   1.0000000e+00   8.4535958e-04
   3.7200000e+02   2.0000000e+00   8.4128297e-04
   3.7300000e+02   3.0000000e+00   8.3722602e-04
   3.7400000e+02   2.0000000e+00   8.3318864e-04
   3.7500000e+02   1.0000000e+00   8.2917072e-04
   3.7600000e+02   0.0000000e+00   8.2517218e-04
   3.7700000e+02   2.0000000e+00   8.2119292e-04
   3.7800000e+02   2.0000000e+00   8.1723286e-04
   3.7900000e+02   0.0000000e+00   8.1329188e-04
   3.8000000e+02   0.0000000e+00   8.0936992e-04
   3.8100000e+02   1.0000000e+00   8.0546686e-04
   3.8200000e+02   1.0000000e+00   8.0158263e-04
   3.8300000e+02   0.0000000e+00   7.9771713e-04
   3.8400000e+02   2.0000000e+00   7.9387027e-04
   3.8500000e+02   0.0000000e+00   7.9004196e-04
   3.8600000e+02   0.0000000e+00   7.8623212e-04
   3.8700000e+02   1.0000000e+00   7.8244064e-04
   3.8800000e+02   1.0000000e+00   7.7866745e-04
   3.8900000e+02   1.0000000e+00   7.7491246e-04
   3.9000000e+02   1.0000000e+00   7.7117557e-04
   3.9100000e+02   0.0000000e+00   7.6745670e-04
   3.9200000e+02   0.0000000e+00   7.6375577e-04
   3.9300000e+02   1.0000000e+00   7.6007268e-04
   3.9400000e+02   0.0000000e+00   7.5640735e-04
   3.9500000e+02   0.0000000e+00   7.5275970e-04
   3.9600000e+02   2.0000000e+00   7.4912964e-04
   3.9700000e+02   1.0000000e+00   7.4551709e-04
   3.9800000e+02   0.0000000e+00   7.4192196e-04
   3.9900000e+02   0.0000000e+00   7.3834416e-04
   4.0000000e+02   1.0000000e+00   7.3478362e-04
   4.0100000e+02   0.0000000e+00   7.3124024e-04
   4.0200000e+02   0.0000000e+00   7.2771396e-04
   4.0300000e+02   0.0000000e+00   7.2420468e-04
   4.0400000e+02   1.0000000e+00   7.2071232e-04
   4.0500000e+02   3.0000000e+00   7.1723680e-04
   4.0600000e+02   0.0000000e+00   7.1377805e-04
   4.0700000e+02   1.0000000e+00   7.1033597e-04
   4.0800000e+02   0.0000000e+00   7.0691049e-04
   4.0900000e+02   0.0000000e+00   7.0350153e-04
   4.1000000e+02   2.0000000e+00   7.0010901e-04
   4.1100000e+02   2.0000000e+00   6.9673285e-04
   4.1200000e+02   1.0000000e+00   6.9337297e-04
   4.1300000e+02   0.0000000e+00   6.9002929e-04
   4.1400000e+02   2.0000000e+00   6.8670174e-04
   4.1500000e+02   0.0000000e+00   6.8339023e-04
   4.1600000e+02   1.0000000e+00   6.8009470e-04
   4.1700000e+02   2.0000000e+00   6.7681505e-04
   4.1800000e+02   0.0000000e+00   6.7355122e-04
   4.1900000e+02   3.0000000e+00   6.7030313e-04
   4.2000000e+02   0.0000000e+00   6.6707071e-04
   4.2100000e+02   2.0000000e+00   6.6385387e-04
   4.2200000e+02   0.0000000e+00   6.6065254e-04
   4.2300000e+02   1.0000000e+00   6.5746665e-04
   4.2400000e+02   0.0000000e+00   6.5429613e-04
   4.2500000e+02   0.0000000e+00   6.5114089e-04
   4.2600000e+02   1.0000000e+00   6.4800087e-04
   4.2700000e+02   0.0000000e+00   6.4487600e-04
   4.2800000e+02   0.0000000e+00   6.4176619e-04
   4.2900000e+02   0.0000000e+00   6.3867137e-04
   4.3000000e+02   0.0000000e+00   6.3559149e-04
   4.3100000e+02   2.0000000e+00   6.3252645e-04
   4.3200000e+02   2.0000000e+00   6.2947620e-04
   4.3300000e+02   1.0000000e+00   6.2644065e-04
   4.3400000e+02   3.0000000e+00   6.2341974e-04
   4.3500000e+02   1.0000000e+00   6.2041341e-04
   4.3600000e+02   2.0000000e+00   6.1742156e-04
   4.3700000e+02   0.0000000e+00   6.1444415e-04
   4.3800000e+02   0.0000000e+00   6.1148109e-04
   4.3900000e+02   0.0000000e+00   6.0853233e-04
   4.4000000e+02   0.0000000e+00   6.0559778e-04
   4.4100000e+02   0.0000000e+00   6.0267738e-04
   4.4200000e+02   2.0000000e+00   5.9977107e-04
   4.4300000e+02   0.0000000e+00   5.9687877e-04
   4.4400000e+02   1.0000000e+00   5.9400042e-04
   4.4500000e+02   0.0000000e+00   5.9113596e-04
   4.4600000e+02   0.0000000e+00   5.8828530e-04
   4.4700000e+02   2.0000000e+00   5.8544839e-04
   4.4800000e+02   0.0000000e+00   5.8262516e-04
   4.4900000e+02   0.0000000e+00   5.7981555e-04
   4.5000000e+02   0.0000000e+00   5.7701948e-04
   4.5100000e+02   1.0000000e+00   5.7423690e-04
   4.5200000e+02   0.0000000e+00   5.7146774e-04
   4.5300000e+02   0.0000000e+00   5.6871193e-04
   4.5400000e+02   0.0000000e+00   5.6596941e-04
   4.5500000e+02   0.0000000e+00   5.6324011e-04
   4.5600000e+02   1.0000000e+00   5.6052398e-04
   4.5700000e+02   1.0000000e+00   5.5782095e-04
   4.5800000e+02   1.0000000e+00   5.5513095e-04
   4.5900000e+02   0.0000000e+00   5.5245392e-04
   4.6000000e+02   0.0000000e+00   5.4978980e-04
   4.6100000e+02   1.0000000e+00   5.4713853e-04
   4.6200000e+02   0.0000000e+00   5.4450005e-04
   4.6300000e+02   2.0000000e+00   5.4187428e-04
   4.6400000e+02   1.0000000e+00   5.3926118e-04
   4.6500000e+02   0.0000000e+00   5.3666069e-04
   4.6600000e+02   0.0000000e+00   5.3407273e-04
   4.6700000e+02   0.0000000e+00   5.3149725e-04
   4.6800000e+02   0.0000000e+00   5.2893419e-04
   4.6900000e+02   0.0000000e+00   5.2638349e-04
   4.7000000e+02   1.0000000e+00   5.2384510e-04
   4.7100000e+02   0.0000000e+00   5.2131894e-04
   4.7200000e+02   1.0000000e+00   5.1880496e-04
   4.7300000e+02   2.0000000e+00   5.1630311e-04
   4.7400000e+02   2.0000000e+00   5.1381333e-04
   4.7500000e+02   0.0000000e+00   5.1133555e-04
   4.7600000e+02   2.0000000e+00   5.0886971e-04
   4.7700000e+02   2.0000000e+00   5.0641577e-04
   4.7800000e+02   0.0000000e+00   5.0397367e-04
   4.7900000e+02   1.0000000e+00   5.0154334e-04
   4.8000000e+02   1.0000000e+00   4.9912473e-04
   4.8100000e+02   1.0000000e+00   4.9671778e-04
   4.8200000e+02   1.0000000e+00   4.9432244e-04
   4.8300000e+02   1.0000000e+00   4.9193865e-04
   4.8400000e+02   0.0000000e+00   4.8956636e-04
   4.8500000e+02   2.0000000e+00   4.8720550e-04
   4.8600000e+02   0.0000000e+00   4.8485604e-04
   4.8700000e+02   0.0000000e+00   4.8251790e-04
   4.8800000e+02   1.0000000e+00   4.8019103e-04
   4.8900000e+02   0.0000000e+00   4.7787539e-04
   4.9000000e+02   1.0000000e+00   4.7557092e-04
   4.9100000e+02   0.0000000e+00   4.7327755e-04
   4.9200000e+02   1.0000000e+00   4.7099525e-04
   4.9300000e+02   1.0000000e+00   4.6872395e-04
   4.9400000e+02   1.0000000e+00   4.6646361e-04
   4.9500000e+02   1.0000000e+00   4.6421417e-04
   4.9600000e+02   0.0000000e+00   4.6197557e-04
   4.9700000e+02   1.0000000e+00   4.5974777e-04
   4.9800000e+02   0.0000000e+00   4.5753071e-04
   4.9900000e+02   0.0000000e+00   4.5532434e-04
   5.0000000e+02   0.0000000e+00   4.5312862e-04
   5.0100000e+02   1.0000000e+00   4.5094348e-04
   5.0200000e+02   0.0000000e+00   4.4876888e-04
   5.0300000e+02   0.0000000e+00   4.4660476e-04
   5.0400000e+02   0.0000000e+00   4.4445109e-04
   5.0500000e+02   2.0000000e+00   4.4230779e-04
   5.0600000e+02   0.0000000e+00   4.4017484e-04
   5.0700000e+02   1.0000000e+00   4.3805217e-04
   5.0800000e+02   0.0000000e+00   4.3593973e-04
   5.0900000e+02   0.0000000e+00   4.3383748e-04
   5.1000000e+02   2.0000000e+00   4.3174537e-04
   5.1100000e+02   1.0000000e+00   4.2966335e-04
   5.1200000e+02   0.0000000e+00   4.2759137e-04
   5.1300000e+02   1.0000000e+00   4.2552938e-04
   5.1400000e+02   0.0000000e+00   4.2347734e-04
   5.1500000e+02   0.0000000e+00   4.2143519e-04
   5.1600000e+02   0.0000000e+00   4.1940289e-04
   5.1700000e+02   0.0000000e+00   4.1738038e-04
   5.1800000e+02   0.0000000e+00   4.1536764e-04
   5.1900000e+02   0.0000000e+00   4.1336459e-04
   5.2000000e+02   1.0000000e+00   4.1137121e-04
   5.2100000e+02   0.0000000e+00   4.0938744e-04
   5.2200000e+02   1.0000000e+00   4.0741324e-04
   5.2300000e+02   1.0000000e+00   4.0544855e-04
   5.2400000e+02   1.0000000e+00   4.0349335e-04
   5.2500000e+02   1.0000000e+00   4.0154756e-04
   5.2600000e+02   1.0000000e+00   3.9961117e-04
   5.2700000e+02   1.0000000e+00   3.9768411e-04
   5.2800000e+02   1.0000000e+00   3.9576634e-04
   5.2900000e+02   2.0000000e+00   3.9385782e-04
   5.3000000e+02   0.0000000e+00   3.9195851e-04
   5.3100000e+02   1.0000000e+00   3.9006835e-04
   5.3200000e+02   0.0000000e+00   3.8818731e-04
   5.3300000e+02   0.0000000e+00   3.8631534e-04
   5.3400000e+02   0.0000000e+00   3.8445240e-04
   5.3500000e+02   0.0000000e+00   3.8259844e-04
   5.3600000e+02   0.0000000e+00   3.8075343e-04
   5.3700000e+02   1.0000000e+00   3.7891730e-04
   5.3800000e+02   0.0000000e+00   3.7709004e-04
   5.3900000e+02   0.0000000e+00   3.7527158e-04
   5.4000000e+02   1.0000000e+00   3.7346190e-04
   5.4100000e+02   0.0000000e+00   3.7166094e-04
   5.4200000e+02   0.0000000e+00   3.6986867e-04
   5.4300000e+02   3.0000000e+00   3.6808504e-04
   5.4400000e+02   0.0000000e+00   3.6631001e-04
   5.4500000e+02   0.0000000e+00   3.6454354e-04
   5.4600000e+02   2.0000000e+00   3.6278558e-04
   5.4700000e+02   2.0000000e+00   3.6103611e-04
   5.4800000e+02   0.0000000e+00   3.5929507e-04
   5.4900000e+02   0.0000000e+00   3.5756243e-04
   5.5000000e+02   1.0000000e+00   3.5583815e-04
   5.5100000e+02   0.0000000e+00   3.5412218e-04
   5.5200000e+02   0.0000000e+00   3.5241448e-04
   5.5300000e+02   0.0000000e+00   3.5071502e-04
   5.5400000e+02   0.0000000e+00   3.4902375e-04
   5.5500000e+02   0.0000000e+00   3.4734064e-04
   5.5600000e+02   0.0000000e+00   3.4566565e-04
   5.5700000e+02   0.0000000e+00   3.4399873e-04
   5.5800000e+02   0.0000000e+00   3.4233986e-04
   5.5900000e+02   0.0000000e+00   3.4068898e-04
   5.6000000e+02   0.0000000e+00   3.3904606e-04
   5.6100000e+02   0.0000000e+00   3.3741107e-04
   5.6200000e+02   0.0000000e+00   3.3578396e-04
   5.6300000e+02   0.0000000e+00   3.3416470e-04
   5.6400000e+02   0.0000000e+00   3.3255324e-04
   5.6500000e+02   1.0000000e+00   3.3094956e-04
   5.6600000e+02   0.0000000e+00   3.2935361e-04
   5.6700000e+02   0.0000000e+00   3.2776536e-04
   5.6800000e+02   2.0000000e+00   3.2618476e-04
   5.6900000e+02   0.0000000e+00   3.2461179e-04
   5.7000000e+02   0.0000000e+00   3.2304640e-04
   5.7100000e+02   0.0000000e+00   3.2148856e-04
   5.7200000e+02   0.0000000e+00   3.1993824e-04
   5.7300000e+02   1.0000000e+00   3.1839539e-04
   5.7400000e+02   0.0000000e+00   3.1685998e-04
   5.7500000e+02   0.0000000e+00   3.1533197e-04
   5.7600000e+02   0.0000000e+00   3.1381134e-04
   5.7700000e+02   1.0000000e+00   3.1229803e-04
   5.7800000e+02   0.0000000e+00   3.1079203e-04
   5.7900000e+02   1.0000000e+00   3.0929328e-04
   5.8000000e+02   0.0000000e+00   3.0780177e-04
   5.8100000e+02   0.0000000e+00   3.0631745e-04
   5.8200000e+02   1.0000000e+00   3.0484028e-04
   5.8300000e+02   0.0000000e+00   3.0337024e-04
   5.8400000e+02   2.0000000e+00   3.0190728e-04
   5.8500000e+02   0.0000000e+00   3.0045139e-04
   5.8600000e+02   0.0000000e+00   2.9900251e-04
   5.8700000e+02   0.0000000e+00   2.9756062e-04
   5.8800000e+02   0.0000000e+00   2.9612568e-04
   5.8900000e+02   0.0000000e+00   2.9469766e-04
   5.9000000e+02   0.0000000e+00   2.9327653e-04
   5.9100000e+02   0.0000000e+00   2.9186226e-04
   5.9200000e+02   1.0000000e+00   2.9045480e-04
   5.9300000e+02   1.0000000e+00   2.8905413e-04
   5.9400000e+02   0.0000000e+00   2.8766021e-04
   5.9500000e+02   0.0000000e+00   2.8627302e-04
   5.9600000e+02   0.0000000e+00   2.8489251e-04
   5.9700000e+02   1.0000000e+00   2.8351866e-04
   5.9800000e+02   0.0000000e+00   2.8215144e-04
   5.9900000e+02   1.0000000e+00   2.8079081e-04
   6.0000000e+02   0.0000000e+00   2.7943675e-04
   6.0100000e+02   0.0000000e+00   2.7808921e-04
   6.0200000e+02   1.0000000e+00   2.7674817e-04
   6.0300000e+02   0.0000000e+00   2.7541360e-04
   6.0400000e+02   0.0000000e+00   2.7408546e-04
   6.0500000e+02   0.0000000e+00   2.7276373e-04
   6.0600000e+02   0.0000000e+00   2.7144837e-04
   6.0700000e+02   0.0000000e+00   2.7013935e-04
   6.0800000e+02   0.0000000e+00   2.6883665e-04
   6.0900000e+02   0.0000000e+00   2.6754023e-04
   6.1000000e+02   0.0000000e+00   2.6625006e-04
   6.1100000e+02   0.0000000e+00   2.6496612e-04
   6.1200000e+02   0.0000000e+00   2.6368836e-04
   6.1300000e+02   0.0000000e+00   2.6241677e-04
   6.1400000e+02   1.0000000e+00   2.6115130e-04
   6.1500000e+02   0.0000000e+00   2.5989195e-04
   6.1600000e+02   0.0000000e+00   2.5863866e-04
   6.1700000e+02   0.0000000e+00   2.5739142e-04
   6.1800000e+02   0.0000000e+00   2.5615019e-04
   6.1900000e+02   1.0000000e+00   2.5491495e-04
   6.2000000e+02   0.0000000e+00   2.5368566e-04
   6.2100000e+02   0.0000000e+00   2.5246230e-04
   6.2200000e+02   0.0000000e+00   2.5124485e-04
   6.2300000e+02   0.0000000e+00   2.5003326e-04
   6.2400000e+02   0.0000000e+00   2.4882751e-04
   6.2500000e+02   0.0000000e+00   2.4762759e-04
   6.2600000e+02   0.0000000e+00   2.4643344e-04
   6.2700000e+02   1.0000000e+00   2.4524506e-04
   6.2800000e+02   0.0000000e+00   2.4406240e-04
   6.2900000e+02   0.0000000e+00   2.4288545e-04
   6.3000000e+02   2.0000000e+00   2.4171418e-04
   6.3100000e+02   0.0000000e+00   2.4054855e-04
   6.3200000e+02   0.0000000e+00   2.3938854e-04
   6.3300000e+02   0.0000000e+00   2.3823413e-04
   6.3400000e+02   0.0000000e+00   2.3708529e-04
   6.3500000e+02   1.0000000e+00   2.3594198e-04
   6.3600000e+02   0.0000000e+00   2.3480419e-04
   6.3700000e+02   0.0000000e+00   2.3367189e-04
   6.3800000e+02   0.0000000e+00   2.3254504e-04
   6.3900000e+02   1.0000000e+00   2.3142363e-04
   6.4000000e+02   0.0000000e+00   2.3030763e-04
   6.4100000e+02   0.0000000e+00   2.2919701e-04
   6.4200000e+02   1.0000000e+00   2.2809174e-04
   6.4300000e+02   1.0000000e+00   2.2699181e-04
   6.4400000e+02   1.0000000e+00   2.2589718e-04
   6.4500000e+02   0.0000000e+00   2.2480783e-04
   6.4600000e+02   0.0000000e+00   2.2372373e-04
   6.4700000e+02   0.0000000e+00   2.2264486e-04
   6.4800000e+02   1.0000000e+00   2.2157119e-04
   6.4900000e+02   0.0000000e+00   2.2050270e-04
   6.5000000e+02   0.0000000e+00   2.1943936e-04
   6.5100000e+02   0.0000000e+00   2.1838115e-04
   6.5200000e+02   0.0000000e+00   2.1732804e-04
   6.5300000e+02   0.0000000e+00   2.1628001e-04
   6.5400000e+02   1.0000000e+00   2.1523704e-04
   6.5500000e+02   0.0000000e+00   2.1419909e-04
   6.5600000e+02   0.0000000e+00   2.1316615e-04
   6.5700000e+02   0.0000000e+00   2.1213820e-04
   6.5800000e+02   0.0000000e+00   2.1111519e-04
   6.5900000e+02   1.0000000e+00   2.1009713e-04
   6.6000000e+02   1.0000000e+00   2.0908397e-04
   6.6100000e+02   0.0000000e+00   2.0807569e-04
   6.6200000e+02   1.0000000e+00   2.0707228e-04
   6.6300000e+02   0.0000000e+00   2.0607371e-04
   6.6400000e+02   0.0000000e+00   2.0507995e-04
   6.6500000e+02   0.0000000e+00   2.0409099e-04
   6.6600000e+02   0.0000000e+00   2.0310679e-04
   6.6700000e+02   0.0000000e+00   2.0212735e-04
   6.6800000e+02   0.0000000e+00   2.0115262e-04
   6.6900000e+02   0.0000000e+00   2.0018259e-04
   6.7000000e+02   0.0000000e+00   1.9921725e-04
   6.7100000e+02   0.0000000e+00   1.9825655e-04
   6.7200000e+02   0.0000000e+00   1.9730049e-04
   6.7300000e+02   0.0000000e+00   1.9634905e-04
   6.7400000e+02   0.0000000e+00   1.9540218e-04
   6.7500000e+02   0.0000000e+00   1.9445989e-04
   6.7600000e+02   1.0000000e+00   1.9352214e-04
   6.7700000e+02   1.0000000e+00   1.9258891e-04
   6.7800000e+02   0.0000000e+00   1.9166018e-04
   6.7900000e+02   0.0000000e+00   1.9073593e-04
   6.8000000e+02   1.0000000e+00   1.8981614e-04
   6.8100000e+02   0.0000000e+00   1.8890078e-04
   6.8200000e+02   0.0000000e+00   1.8798984e-04
   6.8300000e+02   1.0000000e+00   1.8708329e-04
   6.8400000e+02   1.0000000e+00   1.8618111e-04
   6.8500000e+02   0.0000000e+00   1.8528328e-04
   6.8600000e+02   0.0000000e+00   1.8438979e-04
   6.8700000e+02   0.0000000e+00   1.8350060e-04
   6.8800000e+02   3.0000000e+00   1.8261569e-04
   6.8900000e+02   0.0000000e+00   1.8173506e-04
   6.9000000e+02   0.0000000e+00   1.8085867e-04
   6.9100000e+02   1.0000000e+00   1.7998651e-04
   6.9200000e+02   0.0000000e+00   1.7911856e-04
   6.9300000e+02   0.0000000e+00   1.7825479e-04
   6.9400000e+02   0.0000000e+00   1.7739518e-04
   6.9500000e+02   0.0000000e+00   1.7653972e-04
   6.9600000e+02   0.0000000e+00   1.7568839e-04
   6.9700000e+02   0.0000000e+00   1.7484116e-04
   6.9800000e+02   3.0000000e+00   1.7399802e-04
   6.9900000e+02   0.0000000e+00   1.7315894e-04
   7.0000000e+02   0.0000000e+00   1.7232391e-04
   7.0100000e+02   0.0000000e+00   1.7149291e-04
   7.0200000e+02   1.0000000e+00   1.7066591e-04
   7.0300000e+02   0.0000000e+00   1.6984290e-04
   7.0400000e+02   0.0000000e+00   1.6902386e-04
   7.0500000e+02   0.0000000e+00   1.6820877e-04
   7.0600000e+02   0.0000000e+00   1.6739761e-04
   7.0700000e+02   0.0000000e+00   1.6659037e-04
   7.0800000e+02   0.0000000e+00   1.6578701e-04
   7.0900000e+02   0.0000000e+00   1.6498753e-04
   7.1000000e+02   1.0000000e+00   1.6419191e-04
   7.1100000e+02   1.0000000e+00   1.6340012e-04
   7.1200000e+02   0.0000000e+00   1.6261215e-04
   7.1300000e+02   0.0000000e+00   1.6182798e-04
   7.1400000e+02   0.0000000e+00   1.6104759e-04
   7.1500000e+02   0.0000000e+00   1.6027096e-04
   7.1600000e+02   0.0000000e+00   1.5949808e-04
   7.1700000e+02   0.0000000e+00   1.5872893e-04
   7.1800000e+02   0.0000000e+00   1.5796348e-04
   7.1900000e+02   1.0000000e+00   1.5720173e-04
   7.2000000e+02   0.0000000e+00   1.5644365e-04
   7.2100000e+02   0.0000000e+00   1.5568923e-04
   7.2200000e+02   1.0000000e+00   1.5493844e-04
   7.2300000e+02   0.0000000e+00   1.5419128e-04
   7.2400000e+02   0.0000000e+00   1.5344772e-04
   7.2500000e+02   0.0000000e+00   1.5270774e-04
   7.2600000e+02   0.0000000e+00   1.5197133e-04
   7.2700000e+02   0.0000000e+00   1.5123847e-04
   7.2800000e+02   1.0000000e+00   1.5050915e-04
   7.2900000e+02   0.0000000e+00   1.4978335e-04
   7.3000000e+02   0.0000000e+00   1.4906104e-04
   7.3100000e+02   0.0000000e+00   1.4834222e-04
   7.3200000e+02   0.0000000e+00   1.4762686e-04
   7.3300000e+02   1.0000000e+00   1.4691496e-04
   7.3400000e+02   0.0000000e+00   1.4620648e-04
   7.3500000e+02   1.0000000e+00   1.4550143e-04
   7.3600000e+02   0.0000000e+00   1.4479977e-04
   7.3700000e+02   1.0000000e+00   1.4410150e-04
   7.3800000e+02   1.0000000e+00   1.4340659e-04
   7.3900000e+02   1.0000000e+00   1.4271504e-04
   7.4000000e+02   0.0000000e+00   1.4202682e-04
   7.4100000e+02   0.0000000e+00   1.4134192e-04
   7.4200000e+02   0.0000000e+00   1.4066032e-04
   7.4300000e+02   0.0000000e+00   1.3998201e-04
   7.4400000e+02   0.0000000e+00   1.3930697e-04
   7.4500000e+02   0.0000000e+00   1.3863518e-04
   7.4600000e+02   1.0000000e+00   1.3796664e-04
   7.4700000e+02   0.0000000e+00   1.3730131e-04
   7.4800000e+02   0.0000000e+00   1.3663920e-04
   7.4900000e+02   0.0000000e+00   1.3598028e-04
   7.5000000e+02   1.0000000e+00   1.3532454e-04
   7.5100000e+02   0.0000000e+00   1.3467196e-04
   7.5200000e+02   0.0000000e+00   1.3402252e-04
   7.5300000e+02   0.0000000e+00   1.3337622e-04
   7.5400000e+02   0.0000000e+00   1.3273304e-04
   7.5500000e+02   0.0000000e+00   1.3209296e-04
   7.5600000e+02   0.0000000e+00   1.3145596e-04
   7.5700000e+02   0.0000000e+00   1.3082203e-04
   7.5800000e+02   0.0000000e+00   1.3019117e-04
   7.5900000e+02   2.0000000e+00   1.2956334e-04
   7.6000000e+02   0.0000000e+00   1.2893854e-04
   7.6100000e+02   1.0000000e+00   1.2831676e-04
   7.6200000e+02   0.0000000e+00   1.2769797e-04
   7.6300000e+02   0.0000000e+00   1.2708217e-04
   7.6400000e+02   0.0000000e+00   1.2646934e-04
   7.6500000e+02   0.0000000e+00   1.2585946e-04
   7.6600000e+02   0.0000000e+00   1.2525252e-04
   7.6700000e+02   0.0000000e+00   1.2464851e-04
   7.6800000e+02   1.0000000e+00   1.2404742e-04
   7.6900000e+02   0.0000000e+00   1.2344922e-04
   7.7000000e+02   0.0000000e+00   1.2285390e-04
   7.7100000e+02   0.0000000e+00   1.2226146e-04
   7.7200000e+02   0.0000000e+00   1.2167187e-04
   7.7300000e+02   0.0000000e+00   1.2108513e-04
   7.7400000e+02   1.0000000e+00   1.2050122e-04
   7.7500000e+02   0.0000000e+00   1.1992012e-04
   7.7600000e+02   1.0000000e+00   1.1934183e-04
   7.7700000e+02   0.0000000e+00   1.1876632e-04
   7.7800000e+02   0.0000000e+00   1.1819359e-04
   7.7900000e+02   0.0000000e+00   1.1762362e-04
   7.8000000e+02   0.0000000e+00   1.1705640e-04
   7.8100000e+02   0.0000000e+00   1.1649191e-04
   7.8200000e+02   0.0000000e+00   1.1593015e-04
   7.8300000e+02   0.0000000e+00   1.1537110e-04
   7.8400000e+02   1.0000000e+00   1.1481474e-04
   7.8500000e+02   0.0000000e+00   1.1426106e-04
   7.8600000e+02   0.0000000e+00   1.1371006e-04
   7.8700000e+02   0.0000000e+00   1.1316171e-04
   7.8800000e+02   1.0000000e+00   1.1261601e-04
   7.8900000e+02   0.0000000e+00   1.1207293e-04
   7.9000000e+02   0.0000000e+00   1.1153248e-04
   7.9100000e+02   0.0000000e+00   1.1099463e-04
   7.9200000e+02   0.0000000e+00   1.1045938e-04
   7.9300000e+02   0.0000000e+00   1.0992671e-04
   7.9400000e+02   0.0000000e+00   1.0939661e-04
   7.9500000e+02   0.0000000e+00   1.0886906e-04
   7.9600000e+02   0.0000000e+00   1.0834406e-04
   7.9700000e+02   0.0000000e+00   1.0782158e-04
   7.9800000e+02   0.0000000e+00   1.0730163e-04
   7.9900000e+02   0.0000000e+00   1.0678419e-04
   8.0000000e+02   0.0000000e+00   1.0626924e-04
   8.0100000e+02   0.0000000e+00   1.0575677e-04
   8.0200000e+02   1.0000000e+00   1.0524678e-04
   8.0300000e+02   0.0000000e+00   1.0473924e-04
   8.0400000e+02   0.0000000e+00   1.0423415e-04
   8.0500000e+02   1.0000000e+00   1.0373150e-04
   8.0600000e+02   0.0000000e+00   1.0323127e-04
   8.0700000e+02   1.0000000e+00   1.0273346e-04
   8.0800000e+02   0.0000000e+00   1.0223804e-04
   8.0900000e+02   0.0000000e+00   1.0174502e-04
   8.1000000e+02   0.0000000e+00   1.0125437e-04
   8.1100000e+02   0.0000000e+00   1.0076609e-04
   8.1200000e+02   0.0000000e+00   1.0028016e-04
   8.1300000e+02   0.0000000e+00   9.9796574e-05
   8.1400000e+02   0.0000000e+00   9.9315321e-05
   8.1500000e+02   1.0000000e+00   9.8836389e-05
   8.1600000e+02   0.0000000e+00   9.8359767e-05
   8.1700000e+02   0.0000000e+00   9.7885443e-05
   8.1800000e+02   0.0000000e+00   9.7413407e-05
   8.1900000e+02   0.0000000e+00   9.6943647e-05
   8.2000000e+02   1.0000000e+00   9.6476152e-05
   8.2100000e+02   0.0000000e+00   9.6010912e-05
   8.2200000e+02   0.0000000e+00   9.5547915e-05
   8.2300000e+02   0.0000000e+00   9.5087151e-05
   8.2400000e+02   0.0000000e+00   9.4628609e-05
   8.2500000e+02   0.0000000e+00   9.4172278e-05
   8.2600000e+02   0.0000000e+00   9.3718147e-05
   8.2700000e+02   1.0000000e+00   9.3266207e-05
   8.2800000e+02   0.0000000e+00   9.2816446e-05
   8.2900000e+02   0.0000000e+00   9.2368854e-05
   8.3000000e+02   0.0000000e+00   9.1923420e-05
   8.3100000e+02   0.0000000e+00   9.1480135e-05
   8.3200000e+02   0.0000000e+00   9.1038987e-05
   8.3300000e+02   0.0000000e+00   9.0599966e-05
   8.3400000e+02   0.0000000e+00   9.0163063e-05
   8.3500000e+02   1.0000000e+00   8.9728266e-05
   8.3600000e+02   1.0000000e+00   8.9295567e-05
   8.3700000e+02   0.0000000e+00   8.8864953e-05
   8.3800000e+02   0.0000000e+00   8.8436417e-05
   8.3900000e+02   1.0000000e+00   8.8009947e-05
   8.4000000e+02   1.0000000e+00   8.7585533e-05
   8.4100000e+02   0.0000000e+00   8.7163166e-05
   8.4200000e+02   0.0000000e+00   8.6742836e-05
   8.4300000e+02   0.0000000e+00   8.6324533e-05
   8.4400000e+02   0.0000000e+00   8.5908247e-05
   8.4500000e+02   0.0000000e+00   8.5493969e-05
   8.4600000e+02   0.0000000e+00   8.5081688e-05
   8.4700000e+02   0.0000000e+00   8.4671396e-05
   8.4800000e+02   1.0000000e+00   8.4263082e-05
   8.4900000e+02   0.0000000e+00   8.3856737e-05
   8.5000000e+02   0.0000000e+00   8.3452352e-05
   8.5100000e+02   1.0000000e+00   8.3049917e-05
   8.5200000e+02   0.0000000e+00   8.2649422e-05
   8.5300000e+02   0.0000000e+00   8.2250859e-05
   8.5400000e+02   0.0000000e+00   8.1854218e-05
   8.5500000e+02   0.0000000e+00   8.1459489e-05
   8.5600000e+02   0.0000000e+00   8.1066664e-05
   8.5700000e+02   0.0000000e+00   8.0675733e-05
   8.5800000e+02   0.0000000e+00   8.0286688e-05
   8.5900000e+02   0.0000000e+00   7.9899519e-05
   8.6000000e+02   0.0000000e+00   7.9514216e-05
   8.6100000e+02   0.0000000e+00   7.9130772e-05
   8.6200000e+02   0.0000000e+00   7.8749177e-05
   8.6300000e+02   0.0000000e+00   7.8369422e-05
   8.6400000e+02   0.0000000e+00   7.7991498e-05
   8.6500000e+02   0.0000000e+00   7.7615397e-05
   8.6600000e+02   0.0000000e+00   7.7241110e-05
   8.6700000e+02   0.0000000e+00   7.6868627e-05
   8.6800000e+02   0.0000000e+00   7.6497941e-05
   8.6900000e+02   0.0000000e+00   7.6129042e-05
   8.7000000e+02   0.0000000e+00   7.5761922e-05
   8.7100000e+02   0.0000000e+00   7.5396573e-05
   8.7200000e+02   0.0000000e+00   7.5032985e-05
   8.7300000e+02   0.0000000e+00   7.4671151e-05
   8.7400000e+02   0.0000000e+00   7.4311062e-05
   8.7500000e+02   0.0000000e+00   7.3952709e-05
   8.7600000e+02   0.0000000e+00   7.3596084e-05
   8.7700000e+02   0.0000000e+00   7.3241179e-05
   8.7800000e+02   1.0000000e+00   7.2887986e-05
   8.7900000e+02   0.0000000e+00   7.2536495e-05
   8.8000000e+02   0.0000000e+00   7.2186700e-05
   8.8100000e+02   0.0000000e+00   7.1838592e-05
   8.8200000e+02   0.0000000e+00   7.1492162e-05
   8.8300000e+02   0.0000000e+00   7.1147403e-05
   8.8400000e+02   0.0000000e+00   7.0804306e-05
   8.8500000e+02   0.0000000e+00   7.0462864e-05
   8.8600000e+02   0.0000000e+00   7.0123068e-05
   8.8700000e+02   0.0000000e+00   6.9784911e-05
   8.8800000e+02   0.0000000e+00   6.9448385e-05
   8.8900000e+02   0.0000000e+00   6.9113482e-05
   8.9000000e+02   0.0000000e+00   6.8780193e-05
   8.9100000e+02   0.0000000e+00   6.8448512e-05
   8.9200000e+02   0.0000000e+00   6.8118430e-05
   8.9300000e+02   0.0000000e+00   6.7789940e-05
   8.9400000e+02   0.0000000e+00   6.7463035e-05
   8.9500000e+02   1.0000000e+00   6.7137705e-05
   8.9600000e+02   0.0000000e+00   6.6813945e-05
   8.9700000e+02   0.0000000e+00   6.6491745e-05
   8.9800000e+02   0.0000000e+00   6.6171100e-05
   8.9900000e+02   1.0000000e+00   6.5852001e-05
   9.0000000e+02   0.0000000e+00   6.5534440e-05
   9.0100000e+02   0.0000000e+00   6.5218411e-05
   9.0200000e+02   0.0000000e+00   6.4903906e-05
   9.0300000e+02   0.0000000e+00   6.4590918e-05
   9.0400000e+02   0.0000000e+00   6.4279439e-05
   9.0500000e+02   0.0000000e+00   6.3969462e-05
   9.0600000e+02   0.0000000e+00   6.3660979e-05
   9.0700000e+02   0.0000000e+00   6.3353985e-05
   9.0800000e+02   0.0000000e+00   6.3048471e-05
   9.0900000e+02   0.0000000e+00   6.2744430e-05
   9.1000000e+02   0.0000000e+00   6.2441855e-05
   9.1100000e+02   1.0000000e+00   6.2140739e-05
   9.1200000e+02   0.0000000e+00   6.1841076e-05
   9.1300000e+02   0.0000000e+00   6.1542857e-05
   9.1400000e+02   0.0000000e+00   6.1246077e-05
   9.1500000e+02   0.0000000e+00   6.0950728e-05
   9.1600000e+02   0.0000000e+00   6.0656803e-05
   9.1700000e+02   0.0000000e+00   6.0364296e-05
   9.1800000e+02   0.0000000e+00   6.0073199e-05
   9.1900000e+02   0.0000000e+00   5.9783506e-05
   9.2000000e+02   0.0000000e+00   5.9495210e-05
   9.2100000e+02   0.0000000e+00   5.9208304e-05
   9.2200000e+02   0.0000000e+00   5.8922781e-05
   9.2300000e+02   0.0000000e+00   5.8638636e-05
   9.2400000e+02   0.0000000e+00   5.8355861e-05
   9.2500000e+02   0.0000000e+00   5.8074449e-05
   9.2600000e+02   0.0000000e+00   5.7794395e-05
   9.2700000e+02   0.0000000e+00   5.7515691e-05
   9.2800000e+02   0.0000000e+00   5.7238331e-05
   9.2900000e+02   0.0000000e+00   5.6962308e-05
   9.3000000e+02   0.0000000e+00   5.6687617e-05
   9.3100000e+02   0.0000000e+00   5.6414250e-05
   9.3200000e+02   0.0000000e+00   5.6142202e-05
   9.3300000e+02   0.0000000e+00   5.5871465e-05
   9.3400000e+02   0.0000000e+00   5.5602034e-05
   9.3500000e+02   0.0000000e+00   5.5333903e-05
   9.3600000e+02   1.0000000e+00   5.5067064e-05
   9.3700000e+02   0.0000000e+00   5.4801512e-05
   9.3800000e+02   0.0000000e+00   5.4537241e-05
   9.3900000e+02   0.0000000e+00   5.4274244e-05
   9.4000000e+02   0.0000000e+00   5.4012516e-05
   9.4100000e+02   0.0000000e+00   5.3752049e-05
   9.4200000e+02   0.0000000e+00   5.3492839e-05
   9.4300000e+02   0.0000000e+00   5.3234878e-05
   9.4400000e+02   0.0000000e+00   5.2978162e-05
   9.4500000e+02   1.0000000e+00   5.2722683e-05
   9.4600000e+02   0.0000000e+00   5.2468437e-05
   9.4700000e+02   0.0000000e+00   5.2215416e-05
   9.4800000e+02   0.0000000e+00   5.1963616e-05
   9.4900000e+02   0.0000000e+00   5.1713030e-05
   9.5000000e+02   0.0000000e+00   5.1463653e-05
   9.5100000e+02   0.0000000e+00   5.1215478e-05
   9.5200000e+02   0.0000000e+00   5.0968499e-05
   9.5300000e+02   0.0000000e+00   5.0722712e-05
   9.5400000e+02   1.0000000e+00   5.0478110e-05
   9.5500000e+02   0.0000000e+00   5.0234688e-05
   9.5600000e+02   0.0000000e+00   4.9992439e-05
   9.5700000e+02   0.0000000e+00   4.9751359e-05
   9.5800000e+02   0.0000000e+00   4.9511441e-05
   9.5900000e+02   0.0000000e+00   4.9272680e-05
   9.6000000e+02   0.0000000e+00   4.9035071e-05
   9.6100000e+02   0.0000000e+00   4.8798608e-05
   9.6200000e+02   0.0000000e+00   4.8563284e-05
   9.6300000e+02   0.0000000e+00   4.8329096e-05
   9.6400000e+02   0.0000000e+00   4.8096037e-05
   9.6500000e+02   0.0000000e+00   4.7864101e-05
   9.6600000e+02   0.0000000e+00   4.7633285e-05
   9.6700000e+02   0.0000000e+00   4.7403581e-05
   9.6800000e+02   0.0000000e+00   4.7174985e-05
   9.6900000e+02   1.0000000e+00   4.6947491e-05
   9.7000000e+02   0.0000000e+00   4.6721095e-05
   9.7100000e+02   0.0000000e+00   4.6495790e-05
   9.7200000e+02   0.0000000e+00   4.6271572e-05
   9.7300000e+02   0.0000000e+00   4.6048435e-05
   9.7400000e+02   0.0000000e+00   4.5826374e-05
   9.7500000e+02   0.0000000e+00   4.5605384e-05
   9.7600000e+02   0.0000000e+00   4.5385459e-05
   9.7700000e+02   0.0000000e+00   4.5166595e-05
   9.7800000e+02   0.0000000e+00   4.4948787e-05
   9.7900000e+02   1.0000000e+00   4.4732029e-05
   9.8000000e+02   0.0000000e+00   4.4516316e-05
   9.8100000e+02   0.0000000e+00   4.4301643e-05
   9.8200000e+02   0.0000000e+00   4.4088006e-05
   9.8300000e+02   0.0000000e+00   4.3875399e-05
   9.8400000e+02   0.0000000e+00   4.3663817e-05
   9.8500000e+02   0.0000000e+00   4.3453255e-05
   9.8600000e+02   0.0000000e+00   4.3243709e-05
   9.8700000e+02   0.0000000e+00   4.3035173e-05
   9.8800000e+02   0.0000000e+00   4.2827643e-05
   9.8900000e+02   0.0000000e+00   4.2621114e-05
   9.9000000e+02   0.0000000e+00   4.2415581e-05
   9.9100000e+02   0.0000000e+00   4.2211039e-05
   9.9200000e+02   0.0000000e+00   4.2007483e-05
   9.9300000e+02   0.0000000e+00   4.1804909e-05
   9.9400000e+02   0.0000000e+00   4.1603311e-05
   9.9500000e+02   0.0000000e+00   4.1402686e-05
   9.9600000e+02   0.0000000e+00   4.1203028e-05
   9.9700000e+02   0.0000000e+00   4.1004334e-05
   9.9800000e+02   0.0000000e+00   4.0806597e-05
   9.9900000e+02   0.0000000e+00   4.0609814e-05
   1.0000000e+03   0.0000000e+00   4.0413980e-05
   1.0010000e+03   0.0000000e+00   4.0219090e-05
   1.0020000e+03   0.0000000e+00   4.0025140e-05
   1.0030000e+03   0.0000000e+00   3.9832125e-05
   1.0040000e+03   0.0000000e+00   3.9640042e-05
   1.0050000e+03   0.0000000e+00   3.9448884e-05
   1.0060000e+03   0.0000000e+00   3.9258648e-05
   1.0070000e+03   0.0000000e+00   3.9069330e-05
   1.0080000e+03   0.0000000e+00   3.8880924e-05
   1.0090000e+03   1.0000000e+00   3.8693428e-05
   1.0100000e+03   0.0000000e+00   3.8506835e-05
   1.0110000e+03   0.0000000e+00   3.8321142e-05
   1.0120000e+03   0.0000000e+00   3.8136345e-05
   1.0130000e+03   0.0000000e+00   3.7952438e-05
   1.0140000e+03   0.0000000e+00   3.7769419e-05
   1.0150000e+03   0.0000000e+00   3.7587282e-05
   1.0160000e+03   0.0000000e+00   3.7406024e-05
   1.0170000e+03   0.0000000e+00   3.7225639e-05
   1.0180000e+03   1.0000000e+00   3.7046125e-05
   1.0190000e+03   0.0000000e+00   3.6867476e-05
   1.0200000e+03   0.0000000e+00   3.6689689e-05
   1.0210000e+03   0.0000000e+00   3.6512759e-05
   1.0220000e+03   0.0000000e+00   3.6336682e-05
   1.0230000e+03   0.0000000e+00   3.6161454e-05
   1.0240000e+03   0.0000000e+00   3.5987071e-05
   1.0250000e+03   0.0000000e+00   3.5813530e-05
   1.0260000e+03   0.0000000e+00   3.5640825e-05
   1.0270000e+03   0.0000000e+00   3.5468953e-05
   1.0280000e+03   0.0000000e+00   3.5297910e-05
   1.0290000e+03   0.0000000e+00   3.5127691e-05
   1.0300000e+03   0.0000000e+00   3.4958294e-05
   1.0310000e+03   0.0000000e+00   3.4789713e-05
   1.0320000e+03   0.0000000e+00   3.4621945e-05
   1.0330000e+03   0.0000000e+00   3.4454987e-05
   1.0340000e+03   0.0000000e+00   3.4288833e-05
   1.0350000e+03   0.0000000e+00   3.4123481e-05
   1.0360000e+03   0.0000000e+00   3.3958926e-05
   1.0370000e+03   0.0000000e+00   3.3795165e-05
   1.0380000e+03   0.0000000e+00   3.3632193e-05
   1.0390000e+03   0.0000000e+00   3.3470008e-05
   1.0400000e+03   0.0000000e+00   3.3308604e-05
   1.0410000e+03   0.0000000e+00   3.3147979e-05
   1.0420000e+03   0.0000000e+00   3.2988128e-05
   1.0430000e+03   0.0000000e+00   3.2829048e-05
   1.0440000e+03   0.0000000e+00   3.2670735e-05
   1.0450000e+03   0.0000000e+00   3.2513186e-05
   1.0460000e+03   0.0000000e+00   3.2356397e-05
   1.0470000e+03   0.0000000e+00   3.2200363e-05
   1.0480000e+03   1.0000000e+00   3.2045082e-05
   1.0490000e+03   0.0000000e+00   3.1890550e-05
   1.0500000e+03   0.0000000e+00   3.1736763e-05
   1.0510000e+03   0.0000000e+00   3.1583718e-05
   1.0520000e+03   0.0000000e+00   3.1431411e-05
   1.0530000e+03   0.0000000e+00   3.1279838e-05
   1.0540000e+03   0.0000000e+00   3.1128996e-05
   1.0550000e+03   0.0000000e+00   3.0978882e-05
   1.0560000e+03   0.0000000e+00   3.0829491e-05
   1.0570000e+03   1.0000000e+00   3.0680821e-05
   1.0580000e+03   0.0000000e+00   3.0532868e-05
   1.0590000e+03   0.0000000e+00   3.0385628e-05
   1.0600000e+03   0.0000000e+00   3.0239098e-05
   1.0610000e+03   0.0000000e+00   3.0093275e-05
   1.0620000e+03   0.0000000e+00   2.9948155e-05
   1.0630000e+03   0.0000000e+00   2.9803735e-05
   1.0640000e+03   0.0000000e+00   2.9660012e-05
   1.0650000e+03   0.0000000e+00   2.9516981e-05
   1.0660000e+03   0.0000000e+00   2.9374640e-05
   1.0670000e+03   0.0000000e+00   2.9232986e-05
   1.0680000e+03   1.0000000e+00   2.9092015e-05
   1.0690000e+03   0.0000000e+00   2.8951723e-05
   1.0700000e+03   0.0000000e+00   2.8812108e-05
   1.0710000e+03   0.0000000e+00   2.8673167e-05
   1.0720000e+03   0.0000000e+00   2.8534895e-05
   1.0730000e+03   0.0000000e+00   2.8397290e-05
   1.0740000e+03   0.0000000e+00   2.8260349e-05
   1.0750000e+03   1.0000000e+00   2.8124068e-05
   1.0760000e+03   0.0000000e+00   2.7988444e-05
   1.0770000e+03   1.0000000e+00   2.7853475e-05
   1.0780000e+03   0.0000000e+00   2.7719156e-05
   1.0790000e+03   0.0000000e+00   2.7585485e-05
   1.0800000e+03   0.0000000e+00   2.7452458e-05
   1.0810000e+03   0.0000000e+00   2.7320073e-05
   1.0820000e+03   0.0000000e+00   2.7188327e-05
   1.0830000e+03   0.0000000e+00   2.7057216e-05
   1.0840000e+03   0.0000000e+00   2.6926737e-05
   1.0850000e+03   0.0000000e+00   2.6796887e-05
   1.0860000e+03   0.0000000e+00   2.6667663e-05
   1.0870000e+03   0.0000000e+00   2.6539063e-05
   1.0880000e+03   0.0000000e+00   2.6411083e-05
   1.0890000e+03   0.0000000e+00   2.6283719e-05
   1.0900000e+03   0.0000000e+00   2.6156971e-05
   1.0910000e+03   0.0000000e+00   2.6030833e-05
   1.0920000e+03   0.0000000e+00   2.5905303e-05
   1.0930000e+03   0.0000000e+00   2.5780379e-05
   1.0940000e+03   0.0000000e+00   2.5656058e-05
   1.0950000e+03   0.0000000e+00   2.5532336e-05
   1.0960000e+03   0.0000000e+00   2.5409210e-05
   1.0970000e+03   0.0000000e+00   2.5286678e-05
   1.0980000e+03   0.0000000e+00   2.5164738e-05
   1.0990000e+03   0.0000000e+00   2.5043385e-05
   1.1000000e+03   0.0000000e+00   2.4922617e-05
   1.1010000e+03   0.0000000e+00   2.4802432e-05
   1.1020000e+03   0.0000000e+00   2.4682826e-05
   1.1030000e+03   0.0000000e+00   2.4563797e-05
   1.1040000e+03   0.0000000e+00   2.4445343e-05
   1.1050000e+03   0.0000000e+00   2.4327459e-05
   1.1060000e+03   0.0000000e+00   2.4210144e-05
   1.1070000e+03   0.0000000e+00   2.4093394e-05
   1.1080000e+03   0.0000000e+00   2.3977208e-05
   1.1090000e+03   0.0000000e+00   2.3861582e-05
   1.1100000e+03   0.0000000e+00   2.3746513e-05
   1.1110000e+03   0.0000000e+00   2.3631999e-05
   1.1120000e+03   0.0000000e+00   2.3518038e-05
   1.1130000e+03   0.0000000e+00   2.3404626e-05
   1.1140000e+03   0.0000000e+00   2.3291761e-05
   1.1150000e+03   0.0000000e+00   2.3179441e-05
   1.1160000e+03   0.0000000e+00   2.3067661e-05
   1.1170000e+03   0.0000000e+00   2.2956421e-05
   1.1180000e+03   0.0000000e+00   2.2845718e-05
   1.1190000e+03   0.0000000e+00   2.2735548e-05
   1.1200000e+03   0.0000000e+00   2.2625910e-05
   1.1210000e+03   0.0000000e+00   2.2516800e-05
   1.1220000e+03   0.0000000e+00   2.2408216e-05
   1.1230000e+03   0.0000000e+00   2.2300157e-05
   1.1240000e+03   0.0000000e+00   2.2192618e-05
   1.1250000e+03   0.0000000e+00   2.2085597e-05
   1.1260000e+03   0.0000000e+00   2.1979093e-05
   1.1270000e+03   0.0000000e+00   2.1873103e-05
   1.1280000e+03   0.0000000e+00   2.1767623e-05
   1.1290000e+03   0.0000000e+00   2.1662652e-05
   1.1300000e+03   0.0000000e+00   2.1558188e-05
   1.1310000e+03   0.0000000e+00   2.1454227e-05
   1.1320000e+03   0.0000000e+00   2.1350768e-05
   1.1330000e+03   0.0000000e+00   2.1247807e-05
   1.1340000e+03   0.0000000e+00   2.1145343e-05
   1.1350000e+03   0.0000000e+00   2.1043373e-05
   1.1360000e+03   0.0000000e+00   2.0941895e-05
   1.1370000e+03   0.0000000e+00   2.0840906e-05
   1.1380000e+03   0.0000000e+00   2.0740404e-05
   1.1390000e+03   0.0000000e+00   2.0640387e-05
   1.1400000e+03   0.0000000e+00   2.0540852e-05
   1.1410000e+03   0.0000000e+00   2.0441797e-05
   1.1420000e+03   0.0000000e+00   2.0343220e-05
   1.1430000e+03   0.0000000e+00   2.0245118e-05
   1.1440000e+03   0.0000000e+00   2.0147489e-05
   1.1450000e+03   0.0000000e+00   2.0050331e-05
   1.1460000e+03   0.0000000e+00   1.9953642e-05
   1.1470000e+03   0.0000000e+00   1.9857419e-05
   1.1480000e+03   0.0000000e+00   1.9761660e-05
   1.1490000e+03   0.0000000e+00   1.9666362e-05
   1.1500000e+03   0.0000000e+00   1.9571525e-05
   1.1510000e+03   0.0000000e+00   1.9477144e-05
   1.1520000e+03   0.0000000e+00   1.9383219e-05
   1.1530000e+03   0.0000000e+00   1.9289746e-05
   1.1540000e+03   0.0000000e+00   1.9196725e-05
   1.1550000e+03   0.0000000e+00   1.9104152e-05
   1.1560000e+03   0.0000000e+00   1.9012025e-05
   1.1570000e+03   0.0000000e+00   1.8920343e-05
   1.1580000e+03   0.0000000e+00   1.8829103e-05
   1.1590000e+03   0.0000000e+00   1.8738302e-05
   1.1600000e+03   0.0000000e+00   1.8647940e-05
   1.1610000e+03   0.0000000e+00   1.8558013e-05
   1.1620000e+03   0.0000000e+00   1.8468520e-05
   1.1630000e+03   0.0000000e+00   1.8379459e-05
   1.1640000e+03   0.0000000e+00   1.8290827e-05
   1.1650000e+03   0.0000000e+00   1.8202622e-05
   1.1660000e+03   0.0000000e+00   1.8114843e-05
   1.1670000e+03   0.0000000e+00   1.8027487e-05
   1.1680000e+03   0.0000000e+00   1.7940553e-05
   1.1690000e+03   0.0000000e+00   1.7854038e-05
   1.1700000e+03   0.0000000e+00   1.7767939e-05
   1.1710000e+03   0.0000000e+00   1.7682256e-05
   1.1720000e+03   0.0000000e+00   1.7596987e-05
   1.1730000e+03   0.0000000e+00   1.7512128e-05
   1.1740000e+03   0.0000000e+00   1.7427679e-05
   1.1750000e+03   0.0000000e+00   1.7343637e-05
   1.1760000e+03   0.0000000e+00   1.7260000e-05
   1.1770000e+03   0.0000000e+00   1.7176766e-05
   1.1780000e+03   0.0000000e+00   1.7093934e-05
   1.1790000e+03   0.0000000e+00   1.7011501e-05
   1.1800000e+03   0.0000000e+00   1.6929466e-05
   1.1810000e+03   0.0000000e+00   1.6847827e-05
   1.1820000e+03   0.0000000e+00   1.6766581e-05
   1.1830000e+03   0.0000000e+00   1.6685727e-05
   1.1840000e+03   0.0000000e+00   1.6605263e-05
   1.1850000e+03   0.0000000e+00   1.6525186e-05
   1.1860000e+03   0.0000000e+00   1.6445496e-05
   1.1870000e+03   0.0000000e+00   1.6366191e-05
   1.1880000e+03   0.0000000e+00   1.6287267e-05
   1.1890000e+03   0.0000000e+00   1.6208725e-05
   1.1900000e+03   0.0000000e+00   1.6130561e-05
   1.1910000e+03   0.0000000e+00   1.6052774e-05
   1.1920000e+03   0.0000000e+00   1.5975362e-05
   1.1930000e+03   0.0000000e+00   1.5898323e-05
   1.1940000e+03   0.0000000e+00   1.5821656e-05
   1.1950000e+03   0.0000000e+00   1.5745359e-05
   1.1960000e+03   0.0000000e+00   1.5669430e-05
   1.1970000e+03   0.0000000e+00   1.5593866e-05
   1.1980000e+03   0.0000000e+00   1.5518668e-05
   1.1990000e+03   0.0000000e+00   1.5443831e-05
   1.2000000e+03   0.0000000e+00   1.5369356e-05
   1.2010000e+03   0.0000000e+00   1.5295240e-05
   1.2020000e+03   1.0000000e+00   1.5221481e-05
   1.2030000e+03   0.0000000e+00   1.5148078e-05
   1.2040000e+03   0.0000000e+00   1.5075029e-05
   1.2050000e+03   0.0000000e+00   1.5002332e-05
   1.2060000e+03   0.0000000e+00   1.4929986e-05
   1.2070000e+03   0.0000000e+00   1.4857988e-05
   1.2080000e+03   0.0000000e+00   1.4786338e-05
   1.2090000e+03   0.0000000e+00   1.4715033e-05
   1.2100000e+03   0.0000000e+00   1.4644073e-05
   1.2110000e+03   0.0000000e+00   1.4573454e-05
   1.2120000e+03   0.0000000e+00   1.4503176e-05
   1.2130000e+03   0.0000000e+00   1.4433237e-05
   1.2140000e+03   0.0000000e+00   1.4363635e-05
   1.2150000e+03   0.0000000e+00   1.4294369e-05
   1.2160000e+03   0.0000000e+00   1.4225436e-05
   1.2170000e+03   0.0000000e+00   1.4156836e-05
   1.2180000e+03   0.0000000e+00   1.4088567e-05
   1.2190000e+03   0.0000000e+00   1.4020628e-05
   1.2200000e+03   0.0000000e+00   1.3953015e-05
   1.2210000e+03   0.0000000e+00   1.3885729e-05
   1.2220000e+03   0.0000000e+00   1.3818768e-05
   1.2230000e+03   0.0000000e+00   1.3752129e-05
   1.2240000e+03   0.0000000e+00   1.3685812e-05
   1.2250000e+03   0.0000000e+00   1.3619814e-05
   1.2260000e+03   0.0000000e+00   1.3554135e-05
   1.2270000e+03   0.0000000e+00   1.3488772e-05
   1.2280000e+03   0.0000000e+00   1.3423725e-05
   1.2290000e+03   0.0000000e+00   1.3358991e-05
   1.2300000e+03   0.0000000e+00   1.3294570e-05
   1.2310000e+03   0.0000000e+00   1.3230459e-05
   1.2320000e+03   0.0000000e+00   1.3166657e-05
   1.2330000e+03   0.0000000e+00   1.3103163e-05
   1.2340000e+03   0.0000000e+00   1.3039975e-05
   1.2350000e+03   0.0000000e+00   1.2977092e-05
   1.2360000e+03   0.0000000e+00   1.2914512e-05
   1.2370000e+03   0.0000000e+00   1.2852234e-05
   1.2380000e+03   0.0000000e+00   1.2790256e-05
   1.2390000e+03   0.0000000e+00   1.2728577e-05
   1.2400000e+03   0.0000000e+00   1.2667196e-05
   1.2410000e+03   0.0000000e+00   1.2606110e-05
   1.2420000e+03   0.0000000e+00   1.2545319e-05
   1.2430000e+03   0.0000000e+00   1.2484822e-05
   1.2440000e+03   0.0000000e+00   1.2424616e-05
   1.2450000e+03   0.0000000e+00   1.2364700e-05
   1.2460000e+03   0.0000000e+00   1.2305073e-05
   1.2470000e+03   0.0000000e+00   1.2245734e-05
   1.2480000e+03   0.0000000e+00   1.2186681e-05
   1.2490000e+03   0.0000000e+00   1.2127913e-05
   1.2500000e+03   0.0000000e+00   1.2069428e-05
   1.2510000e+03   0.0000000e+00   1.2011225e-05
   1.2520000e+03   0.0000000e+00   1.1953303e-05
   1.2530000e+03   0.0000000e+00   1.1895660e-05
   1.2540000e+03   0.0000000e+00   1.1838295e-05
   1.2550000e+03   0.0000000e+00   1.1781207e-05
   1.2560000e+03   0.0000000e+00   1.1724394e-05
   1.2570000e+03   0.0000000e+00   1.1667855e-05
   1.2580000e+03   0.0000000e+00   1.1611589e-05
   1.2590000e+03   0.0000000e+00   1.1555594e-05
   1.2600000e+03   0.0000000e+00   1.1499869e-05
   1.2610000e+03   0.0000000e+00   1.1444413e-05
   1.2620000e+03   0.0000000e+00   1.1389224e-05
   1.2630000e+03   0.0000000e+00   1.1334301e-05
   1.2640000e+03   0.0000000e+00   1.1279643e-05
   1.2650000e+03   0.0000000e+00   1.1225249e-05
   1.2660000e+03   0.0000000e+00   1.1171117e-05
   1.2670000e+03   0.0000000e+00   1.1117246e-05
   1.2680000e+03   0.0000000e+00   1.1063635e-05
   1.2690000e+03   0.0000000e+00   1.1010283e-05
   1.2700000e+03   0.0000000e+00   1.0957187e-05
   1.2710000e+03   0.0000000e+00   1.0904348e-05
   1.2720000e+03   0.0000000e+00   1.0851764e-05
   1.2730000e+03   0.0000000e+00   1.0799433e-05
   1.2740000e+03   0.0000000e+00   1.0747354e-05
   1.2750000e+03   0.0000000e+00   1.0695527e-05
   1.2760000e+03   0.0000000e+00   1.0643950e-05
   1.2770000e+03   0.0000000e+00   1.0592621e-05
   1.2780000e+03   0.0000000e+00   1.0541540e-05
   1.2790000e+03   0.0000000e+00   1.0490705e-05
   1.2800000e+03   0.0000000e+00   1.0440115e-05
   1.2810000e+03   0.0000000e+00   1.0389769e-05
   1.2820000e+03   0.0000000e+00   1.0339667e-05
   1.2830000e+03   0.0000000e+00   1.0289805e-05
   1.2840000e+03   0.0000000e+00   1.0240184e-05
   1.2850000e+03   0.0000000e+00   1.0190803e-05
   1.2860000e+03   0.0000000e+00   1.0141659e-05
   1.2870000e+03   0.0000000e+00   1.0092753e-05
   1.2880000e+03   0.0000000e+00   1.0044082e-05
   1.2890000e+03   0.0000000e+00   9.9956462e-06
   1.2900000e+03   0.0000000e+00   9.9474438e-06
   1.2910000e+03   0.0000000e+00   9.8994739e-06
   1.2920000e+03   0.0000000e+00   9.8517353e-06
   1.2930000e+03   0.0000000e+00   9.8042269e-06
   1.2940000e+03   0.0000000e+00   9.7569477e-06
   1.2950000e+03   0.0000000e+00   9.7098964e-06
   1.2960000e+03   0.0000000e+00   9.6630720e-06
   1.2970000e+03   0.0000000e+00   9.6164734e-06
   1.2980000e+03   0.0000000e+00   9.5700996e-06
   1.2990000e+03   0.0000000e+00   9.5239493e-06
   1.3000000e+03   0.0000000e+00   9.4780217e-06
   1.3010000e+03   0.0000000e+00   9.4323155e-06
   1.3020000e+03   0.0000000e+00   9.3868297e-06
   1.3030000e+03   0.0000000e+00   9.3415632e-06
   1.3040000e+03   0.0000000e+00   9.2965151e-06
   1.3050000e+03   0.0000000e+00   9.2516842e-06
   1.3060000e+03   0.0000000e+00   9.2070694e-06
   1.3070000e+03   0.0000000e+00   9.1626699e-06
   1.3080000e+03   0.0000000e+00   9.1184844e-06
   1.3090000e+03   0.0000000e+00   9.0745120e-06
   1.3100000e+03   0.0000000e+00   9.0307517e-06
   1.3110000e+03   0.0000000e+00   8.9872024e-06
   1.3120000e+03   0.0000000e+00   8.9438630e-06
   1.3130000e+03   0.0000000e+00   8.9007327e-06
   1.3140000e+03   0.0000000e+00   8.8578104e-06
   1.3150000e+03   0.0000000e+00   8.8150951e-06
   1.3160000e+03   0.0000000e+00   8.7725857e-06
   1.3170000e+03   0.0000000e+00   8.7302814e-06
   1.3180000e+03   0.0000000e+00   8.6881810e-06
   1.3190000e+03   0.0000000e+00   8.6462837e-06
   1.3200000e+03   0.0000000e+00   8.6045884e-06
   1.3210000e+03   0.0000000e+00   8.5630942e-06
   1.3220000e+03   0.0000000e+00   8.5218001e-06
   1.3230000e+03   0.0000000e+00   8.4807051e-06
   1.3240000e+03   0.0000000e+00   8.4398083e-06
   1.3250000e+03   0.0000000e+00   8.3991087e-06
   1.3260000e+03   0.0000000e+00   8.3586054e-06
   1.3270000e+03   0.0000000e+00   8.3182974e-06
   1.3280000e+03   0.0000000e+00   8.2781838e-06
   1.3290000e+03   0.0000000e+00   8.2382636e-06
   1.3300000e+03   0.0000000e+00   8.1985359e-06
   1.3310000e+03   0.0000000e+00   8.1589999e-06
   1.3320000e+03   0.0000000e+00   8.1196544e-06
   1.3330000e+03   0.0000000e+00   8.0804987e-06
   1.3340000e+03   0.0000000e+00   8.0415318e-06
   1.3350000e+03   0.0000000e+00   8.0027529e-06
   1.3360000e+03   0.0000000e+00   7.9641609e-06
   1.3370000e+03   0.0000000e+00   7.9257551e-06
   1.3380000e+03   0.0000000e+00   7.8875344e-06
   1.3390000e+03   0.0000000e+00   7.8494981e-06
   1.3400000e+03   0.0000000e+00   7.8116452e-06
   1.3410000e+03   0.0000000e+00   7.7739748e-06
   1.3420000e+03   0.0000000e+00   7.7364861e-06
   1.3430000e+03   0.0000000e+00   7.6991781e-06
   1.3440000e+03   0.0000000e+00   7.6620501e-06
   1.3450000e+03   0.0000000e+00   7.6251011e-06
   1.3460000e+03   0.0000000e+00   7.5883304e-06
   1.3470000e+03   0.0000000e+00   7.5517369e-06
   1.3480000e+03   0.0000000e+00   7.5153199e-06
   1.3490000e+03   0.0000000e+00   7.4790785e-06
   1.3500000e+03   0.0000000e+00   7.4430118e-06
   1.3510000e+03   0.0000000e+00   7.4071191e-06
   1.3520000e+03   0.0000000e+00   7.3713995e-06
   1.3530000e+03   0.0000000e+00   7.3358522e-06
   1.3540000e+03   0.0000000e+00   7.3004762e-06
   1.3550000e+03   0.0000000e+00   7.2652709e-06
   1.3560000e+03   0.0000000e+00   7.2302353e-06
   1.3570000e+03   0.0000000e+00   7.1953687e-06
   1.3580000e+03   0.0000000e+00   7.1606702e-06
   1.3590000e+03   0.0000000e+00   7.1261391e-06
   1.3600000e+03   0.0000000e+00   7.0917744e-06
   1.3610000e+03   0.0000000e+00   7.0575755e-06
   1.3620000e+03   0.0000000e+00   7.0235415e-06
   1.3630000e+03   0.0000000e+00   6.9896716e-06
   1.3640000e+03   0.0000000e+00   6.9559651e-06
   1.3650000e+03   0.0000000e+00   6.9224211e-06
   1.3660000e+03   0.0000000e+00   6.8890389e-06
   1.3670000e+03   0.0000000e+00   6.8558176e-06
   1.3680000e+03   0.0000000e+00   6.8227565e-06
   1.3690000e+03   0.0000000e+00   6.7898549e-06
   1.3700000e+03   0.0000000e+00   6.7571120e-06
   1.3710000e+03   0.0000000e+00   6.7245269e-06
   1.3720000e+03   0.0000000e+00   6.6920990e-06
   1.3730000e+03   0.0000000e+00   6.6598274e-06
   1.3740000e+03   0.0000000e+00   6.6277115e-06
   1.3750000e+03   0.0000000e+00   6.5957505e-06
   1.3760000e+03   0.0000000e+00   6.5639435e-06
   1.3770000e+03   0.0000000e+00   6.5322900e-06
   1.3780000e+03   0.0000000e+00   6.5007891e-06
   1.3790000e+03   0.0000000e+00   6.4694401e-06
   1.3800000e+03   0.0000000e+00   6.4382423e-06
   1.3810000e+03   0.0000000e+00   6.4071949e-06
   1.3820000e+03   0.0000000e+00   6.3762973e-06
   1.3830000e+03   0.0000000e+00   6.3455487e-06
   1.3840000e+03   0.0000000e+00   6.3149483e-06
   1.3850000e+03   0.0000000e+00   6.2844955e-06
   1.3860000e+03   0.0000000e+00   6.2541896e-06
   1.3870000e+03   0.0000000e+00   6.2240298e-06
   1.3880000e+03   0.0000000e+00   6.1940154e-06
   1.3890000e+03   0.0000000e+00   6.1641458e-06
   1.3900000e+03   1.0000000e+00   6.1344202e-06
   1.3910000e+03   0.0000000e+00   6.1048380e-06
   1.3920000e+03   0.0000000e+00   6.0753984e-06
   1.3930000e+03   0.0000000e+00   6.0461008e-06
   1.3940000e+03   0.0000000e+00   6.0169444e-06
   1.3950000e+03   0.0000000e+00   5.9879287e-06
   1.3960000e+03   0.0000000e+00   5.9590529e-06
   1.3970000e+03   0.0000000e+00   5.9303164e-06
   1.3980000e+03   0.0000000e+00   5.9017184e-06
   1.3990000e+03   0.0000000e+00   5.8732583e-06
   1.4000000e+03   0.0000000e+00   5.8449355e-06
   1.4010000e+03   0.0000000e+00   5.8167493e-06
   1.4020000e+03   0.0000000e+00   5.7886989e-06
   1.4030000e+03   0.0000000e+00   5.7607839e-06
   1.4040000e+03   0.0000000e+00   5.7330035e-06
   1.4050000e+03   0.0000000e+00   5.7053570e-06
   1.4060000e+03   0.0000000e+00   5.6778439e-06
   1.4070000e+03   0.0000000e+00   5.6504634e-06
   1.4080000e+03   0.0000000e+00   5.6232150e-06
   1.4090000e+03   0.0000000e+00   5.5960979e-06
   1.4100000e+03   0.0000000e+00   5.5691117e-06
   1.4110000e+03   0.0000000e+00   5.5422555e-06
   1.4120000e+03   1.0000000e+00   5.5155289e-06
   1.4130000e+03   0.0000000e+00   5.4889312e-06
   1.4140000e+03   0.0000000e+00   5.4624617e-06
   1.4150000e+03   0.0000000e+00   5.4361199e-06
   1.4160000e+03   0.0000000e+00   5.4099051e-06
   1.4170000e+03   0.0000000e+00   5.3838167e-06
   1.4180000e+03   0.0000000e+00   5.3578542e-06
   1.4190000e+03   0.0000000e+00   5.3320168e-06
   1.4200000e+03   0.0000000e+00   5.3063040e-06
   1.4210000e+03   0.0000000e+00   5.2807152e-06
   1.4220000e+03   0.0000000e+00   5.2552499e-06
   1.4230000e+03   0.0000000e+00   5.2299073e-06
   1.4240000e+03   0.0000000e+00   5.2046869e-06
   1.4250000e+03   0.0000000e+00   5.1795882e-06
   1.4260000e+03   0.0000000e+00   5.1546105e-06
   1.4270000e+03   0.0000000e+00   5.1297532e-06
   1.4280000e+03   0.0000000e+00   5.1050158e-06
   1.4290000e+03   0.0000000e+00   5.0803977e-06
   1.4300000e+03   0.0000000e+00   5.0558983e-06
   1.4310000e+03   0.0000000e+00   5.0315171e-06
   1.4320000e+03   0.0000000e+00   5.0072534e-06
   1.4330000e+03   0.0000000e+00   4.9831068e-06
   1.4340000e+03   0.0000000e+00   4.9590765e-06
   1.4350000e+03   0.0000000e+00   4.9351622e-06
   1.4360000e+03   0.0000000e+00   4.9113632e-06
   1.4370000e+03   0.0000000e+00   4.8876790e-06
   1.4380000e+03   0.0000000e+00   4.8641089e-06
   1.4390000e+03   0.0000000e+00   4.8406526e-06
   1.4400000e+03   0.0000000e+00   4.8173093e-06
   1.4410000e+03   0.0000000e+00   4.7940786e-06
   1.4420000e+03   0.0000000e+00   4.7709600e-06
   1.4430000e+03   0.0000000e+00   4.7479528e-06
   1.4440000e+03   0.0000000e+00   4.7250566e-06
   1.4450000e+03   0.0000000e+00   4.7022708e-06
   1.4460000e+03   0.0000000e+00   4.6795949e-06
   1.4470000e+03   0.0000000e+00   4.6570283e-06
   1.4480000e+03   0.0000000e+00   4.6345705e-06
   1.4490000e+03   0.0000000e+00   4.6122211e-06
   1.4500000e+03   0.0000000e+00   4.5899794e-06
   1.4510000e+03   0.0000000e+00   4.5678450e-06
   1.4520000e+03   0.0000000e+00   4.5458173e-06
   1.4530000e+03   0.0000000e+00   4.5238958e-06
   1.4540000e+03   0.0000000e+00   4.5020801e-06
   1.4550000e+03   0.0000000e+00   4.4803696e-06
   1.4560000e+03   0.0000000e+00   4.4587637e-06
   1.4570000e+03   0.0000000e+00   4.4372621e-06
   1.4580000e+03   0.0000000e+00   4.4158641e-06
   1.4590000e+03   0.0000000e+00   4.3945693e-06
   1.4600000e+03   0.0000000e+00   4.3733772e-06
   1.4610000e+03   0.0000000e+00   4.3522873e-06
   1.4620000e+03   0.0000000e+00   4.3312991e-06
   1.4630000e+03   0.0000000e+00   4.3104122e-06
   1.4640000e+03   0.0000000e+00   4.2896259e-06
   1.4650000e+03   0.0000000e+00   4.2689399e-06
   1.4660000e+03   0.0000000e+00   4.2483536e-06
   1.4670000e+03   0.0000000e+00   4.2278666e-06
   1.4680000e+03   0.0000000e+00   4.2074785e-06
   1.4690000e+03   0.0000000e+00   4.1871886e-06
   1.4700000e+03   0.0000000e+00   4.1669966e-06
   1.4710000e+03   0.0000000e+00   4.1469019e-06
   1.4720000e+03   0.0000000e+00   4.1269041e-06
   1.4730000e+03   0.0000000e+00   4.1070028e-06
   1.4740000e+03   0.0000000e+00   4.0871975e-06
   1.4750000e+03   0.0000000e+00   4.0674876e-06
   1.4760000e+03   0.0000000e+00   4.0478729e-06
   1.4770000e+03   0.0000000e+00   4.0283527e-06
   1.4780000e+03   0.0000000e+00   4.0089266e-06
   1.4790000e+03   0.0000000e+00   3.9895942e-06
   1.4800000e+03   0.0000000e+00   3.9703550e-06
   1.4810000e+03   0.0000000e+00   3.9512087e-06
   1.4820000e+03   0.0000000e+00   3.9321546e-06
   1.4830000e+03   0.0000000e+00   3.9131924e-06
   1.4840000e+03   0.0000000e+00   3.8943217e-06
   1.4850000e+03   0.0000000e+00   3.8755420e-06
   1.4860000e+03   0.0000000e+00   3.8568528e-06
   1.4870000e+03   0.0000000e+00   3.8382538e-06
   1.4880000e+03   0.0000000e+00   3.8197444e-06
   1.4890000e+03   0.0000000e+00   3.8013243e-06
   1.4900000e+03   0.0000000e+00   3.7829931e-06
   1.4910000e+03   0.0000000e+00   3.7647502e-06
   1.4920000e+03   0.0000000e+00   3.7465953e-06
   1.4930000e+03   0.0000000e+00   3.7285280e-06
   1.4940000e+03   0.0000000e+00   3.7105478e-06
   1.4950000e+03   0.0000000e+00   3.6926543e-06
   1.4960000e+03   1.0000000e+00   3.6748471e-06
   1.4970000e+03   0.0000000e+00   3.6571257e-06
   1.4980000e+03   0.0000000e+00   3.6394898e-06
   1.4990000e+03   0.0000000e+00   3.6219390e-06
   1.5000000e+03   0.0000000e+00   3.6044728e-06
   1.5010000e+03   0.0000000e+00   3.5870908e-06
   1.5020000e+03   0.0000000e+00   3.5697926e-06
   1.5030000e+03   0.0000000e+00   3.5525779e-06
   1.5040000e+03   0.0000000e+00   3.5354462e-06
   1.5050000e+03   0.0000000e+00   3.5183971e-06
   1.5060000e+03   0.0000000e+00   3.5014302e-06
   1.5070000e+03   0.0000000e+00   3.4845451e-06
   1.5080000e+03   0.0000000e+00   3.4677415e-06
   1.5090000e+03   0.0000000e+00   3.4510189e-06
   1.5100000e+03   0.0000000e+00   3.4343769e-06
   1.5110000e+03   0.0000000e+00   3.4178152e-06
   1.5120000e+03   0.0000000e+00   3.4013333e-06
   1.5130000e+03   0.0000000e+00   3.3849309e-06
   1.5140000e+03   0.0000000e+00   3.3686077e-06
   1.5150000e+03   0.0000000e+00   3.3523631e-06
   1.5160000e+03   0.0000000e+00   3.3361969e-06
   1.5170000e+03   0.0000000e+00   3.3201086e-06
   1.5180000e+03   0.0000000e+00   3.3040980e-06
   1.5190000e+03   0.0000000e+00   3.2881645e-06
   1.5200000e+03   0.0000000e+00   3.2723079e-06
   1.5210000e+03   0.0000000e+00   3.2565277e-06
   1.5220000e+03   0.0000000e+00   3.2408236e-06
   1.5230000e+03   0.0000000e+00   3.2251953e-06
   1.5240000e+03   0.0000000e+00   3.2096423e-06
   1.5250000e+03   0.0000000e+00   3.1941643e-06
   1.5260000e+03   0.0000000e+00   3.1787610e-06
   1.5270000e+03   0.0000000e+00   3.1634319e-06
   1.5280000e+03   0.0000000e+00   3.1481768e-06
   1.5290000e+03   0.0000000e+00   3.1329953e-06
   1.5300000e+03   0.0000000e+00   3.1178869e-06
   1.5310000e+03   0.0000000e+00   3.1028514e-06
   1.5320000e+03   0.0000000e+00   3.0878884e-06
   1.5330000e+03   0.0000000e+00   3.0729976e-06
   1.5340000e+03   0.0000000e+00   3.0581786e-06
   1.5350000e+03   0.0000000e+00   3.0434310e-06
   1.5360000e+03   0.0000000e+00   3.0287545e-06
   1.5370000e+03   0.0000000e+00   3.0141489e-06
   1.5380000e+03   0.0000000e+00   2.9996136e-06
   1.5390000e+03   0.0000000e+00   2.9851485e-06
   1.5400000e+03   0.0000000e+00   2.9707531e-06
   1.5410000e+03   0.0000000e+00   2.9564271e-06
   1.5420000e+03   0.0000000e+00   2.9421703e-06
   1.5430000e+03   0.0000000e+00   2.9279821e-06
   1.5440000e+03   0.0000000e+00   2.9138624e-06
   1.5450000e+03   0.0000000e+00   2.8998108e-06
   1.5460000e+03   0.0000000e+00   2.8858269e-06
   1.5470000e+03   0.0000000e+00   2.8719105e-06
   1.5480000e+03   0.0000000e+00   2.8580612e-06
   1.5490000e+03   0.0000000e+00   2.8442787e-06
   1.5500000e+03   0.0000000e+00   2.8305626e-06
   1.5510000e+03   0.0000000e+00   2.8169127e-06
   1.5520000e+03   0.0000000e+00   2.8033286e-06
   1.5530000e+03   0.0000000e+00   2.7898100e-06
   1.5540000e+03   0.0000000e+00   2.7763566e-06
   1.5550000e+03   0.0000000e+00   2.7629681e-06
   1.5560000e+03   0.0000000e+00   2.7496441e-06
   1.5570000e+03   0.0000000e+00   2.7363844e-06
   1.5580000e+03   0.0000000e+00   2.7231886e-06
   1.5590000e+03   0.0000000e+00   2.7100565e-06
   1.5600000e+03   0.0000000e+00   2.6969877e-06
   1.5610000e+03   0.0000000e+00   2.6839819e-06
   1.5620000e+03   0.0000000e+00   2.6710389e-06
   1.5630000e+03   0.0000000e+00   2.6581582e-06
   1.5640000e+03   0.0000000e+00   2.6453397e-06
   1.5650000e+03   0.0000000e+00   2.6325830e-06
   1.5660000e+03   0.0000000e+00   2.6198878e-06
   1.5670000e+03   0.0000000e+00   2.6072538e-06
   1.5680000e+03   0.0000000e+00   2.5946807e-06
   1.5690000e+03   0.0000000e+00   2.5821683e-06
   1.5700000e+03   0.0000000e+00   2.5697162e-06
   1.5710000e+03   0.0000000e+00   2.5573242e-06
   1.5720000e+03   0.0000000e+00   2.5449919e-06
   1.5730000e+03   0.0000000e+00   2.5327191e-06
   1.5740000e+03   0.0000000e+00   2.5205055e-06
   1.5750000e+03   0.0000000e+00   2.5083508e-06
   1.5760000e+03   0.0000000e+00   2.4962547e-06
   1.5770000e+03   0.0000000e+00   2.4842169e-06
   1.5780000e+03   0.0000000e+00   2.4722372e-06
   1.5790000e+03   0.0000000e+00   2.4603152e-06
   1.5800000e+03   0.0000000e+00   2.4484507e-06
   1.5810000e+03   0.0000000e+00   2.4366435e-06
   1.5820000e+03   0.0000000e+00   2.4248932e-06
   1.5830000e+03   0.0000000e+00   2.4131995e-06
   1.5840000e+03   0.0000000e+00   2.4015623e-06
   1.5850000e+03   0.0000000e+00   2.3899811e-06
   1.5860000e+03   0.0000000e+00   2.3784558e-06
   1.5870000e+03   0.0000000e+00   2.3669861e-06
   1.5880000e+03   0.0000000e+00   2.3555717e-06
   1.5890000e+03   0.0000000e+00   2.3442124e-06
   1.5900000e+03   0.0000000e+00   2.3329078e-06
   1.5910000e+03   0.0000000e+00   2.3216577e-06
   1.5920000e+03   0.0000000e+00   2.3104619e-06
   1.5930000e+03   0.0000000e+00   2.2993201e-06
   1.5940000e+03   0.0000000e+00   2.2882320e-06
   1.5950000e+03   0.0000000e+00   2.2771974e-06
   1.5960000e+03   0.0000000e+00   2.2662160e-06
   1.5970000e+03   0.0000000e+00   2.2552875e-06
   1.5980000e+03   0.0000000e+00   2.2444118e-06
   1.5990000e+03   0.0000000e+00   2.2335884e-06
   1.6000000e+03   0.0000000e+00   2.2228173e-06
   1.6010000e+03   0.0000000e+00   2.2120982e-06
   1.6020000e+03   0.0000000e+00   2.2014307e-06
   1.6030000e+03   0.0000000e+00   2.1908146e-06
   1.6040000e+03   0.0000000e+00   2.1802498e-06
   1.6050000e+03   0.0000000e+00   2.1697359e-06
   1.6060000e+03   0.0000000e+00   2.1592727e-06
   1.6070000e+03   0.0000000e+00   2.1488600e-06
   1.6080000e+03   0.0000000e+00   2.1384975e-06
   1.6090000e+03   0.0000000e+00   2.1281849e-06
   1.6100000e+03   0.0000000e+00   2.1179221e-06
   1.6110000e+03   0.0000000e+00   2.1077087e-06
   1.6120000e+03   0.0000000e+00   2.0975447e-06
   1.6130000e+03   0.0000000e+00   2.0874296e-06
   1.6140000e+03   1.0000000e+00   2.0773633e-06
