   1.0000000e+00   1.0000000e+00   1.0624448e-03
   2.0000000e+00   3.0000000e+00   1.4726806e-03
   3.0000000e+00   2.0000000e+00   1.8357602e-03
   4.0000000e+00   2.0000000e+00   2.1568214e-03
   5.0000000e+00   2.0000000e+00   2.4404438e-03
   6.0000000e+00   6.0000000e+00   2.6907090e-03
   7.0000000e+00   2.0000000e+00   2.9112549e-03
   8.0000000e+00   7.0000000e+00   3.1053239e-03
   9.0000000e+00   5.0000000e+00   3.2758061e-03
   1.0000000e+01   6.0000000e+00   3.4252774e-03
   1.1000000e+01   3.0000000e+00   3.5560334e-03
   1.2000000e+01   7.0000000e+00   3.6701205e-03
   1.3000000e+01   4.0000000e+00   3.7693623e-03
   1.4000000e+01   6.0000000e+00   3.8553843e-03
   1.5000000e+01   6.0000000e+00   3.9296353e-03
   1.6000000e+01   3.0000000e+00   3.9934064e-03
   1.7000000e+01   4.0000000e+00   4.0478486e-03
   1.8000000e+01   3.0000000e+00   4.0939874e-03
   1.9000000e+01   9.0000000e+00   4.1327370e-03
   2.0000000e+01   7.0000000e+00   4.1649122e-03
   2.1000000e+01   6.0000000e+00   4.1912390e-03
   2.2000000e+01   1.0000000e+00   4.2123646e-03
   2.3000000e+01   5.0000000e+00   4.2288658e-03
   2.4000000e+01   8.0000000e+00   4.2412565e-03
   2.5000000e+01   8.0000000e+00   4.2499948e-03
   2.6000000e+01   2.0000000e+00   4.2554890e-03
   2.7000000e+01   7.0000000e+00   4.2581028e-03
   2.8000000e+01   4.0000000e+00   4.2581606e-03
   2.9000000e+01   7.0000000e+00   4.2559511e-03
   3.0000000e+01   3.0000000e+00   4.2517319e-03
   3.1000000e+01   3.0000000e+00   4.2457324e-03
   3.2000000e+01   4.0000000e+00   4.2381571e-03
   3.3000000e+01   8.0000000e+00   4.2291880e-03
   3.4000000e+01   8.0000000e+00   4.2189876e-03
   3.5000000e+01   5.0000000e+00   4.2077004e-03
   3.6000000e+01   7.0000000e+00   4.1954552e-03
   3.7000000e+01   2.0000000e+00   4.1823669e-03
   3.8000000e+01   3.0000000e+00   4.1685377e-03
   3.9000000e+01   9.0000000e+00   4.1540587e-03
   4.0000000e+01   5.0000000e+00   4.1390111e-03
   4.1000000e+01   6.0000000e+00   4.1234671e-03
   4.2000000e+01   6.0000000e+00   4.1074911e-03
   4.3000000e+01   1.0000000e+00   4.0911404e-03
   4.4000000e+01   3.0000000e+00   4.0744660e-03
   4.5000000e+01   8.0000000e+00   4.0575134e-03
   4.6000000e+01   4.0000000e+00   4.0403231e-03
   4.7000000e+01   7.0000000e+00   4.0229310e-03
   4.8000000e+01   6.0000000e+00   4.0053691e-03
   4.9000000e+01   6.0000000e+00   3.9876661e-03
   5.0000000e+01   2.0000000e+00   3.9698472e-03
   5.1000000e+01   1.4000000e+01   3.9519350e-03
   5.2000000e+01   9.0000000e+00   3.9339496e-03
   5.3000000e+01   7.0000000e+00   3.9159087e-03
   5.4000000e+01   7.0000000e+00   3.8978283e-03
   5.5000000e+01   6.0000000e+00   3.8797224e-03
   5.6000000e+01   7.0000000e+00   3.8616035e-03
   5.7000000e+01   5.0000000e+00   3.8434827e-03
   5.8000000e+01   7.0000000e+00   3.8253698e-03
   5.9000000e+01   8.0000000e+00   3.8072735e-03
   6.0000000e+01   4.0000000e+00   3.7892017e-03
   6.1000000e+01   8.0000000e+00   3.7711610e-03
   6.2000000e+01   3.0000000e+00   3.7531576e-03
   6.3000000e+01   3.0000000e+00   3.7351968e-03
   6.4000000e+01   3.0000000e+00   3.7172833e-03
   6.5000000e+01   2.0000000e+00   3.6994213e-03
   6.6000000e+01   2.0000000e+00   3.6816144e-03
   6.7000000e+01   2.0000000e+00   3.6638659e-03
   6.8000000e+01   4.0000000e+00   3.6461786e-03
   6.9000000e+01   6.0000000e+00   3.6285550e-03
   7.0000000e+01   5.0000000e+00   3.6109972e-03
   7.1000000e+01   3.0000000e+00   3.5935071e-03
   7.2000000e+01   6.0000000e+00   3.5760864e-03
   7.3000000e+01   8.0000000e+00   3.5587363e-03
   7.4000000e+01   6.0000000e+00   3.5414583e-03
   7.5000000e+01   9.0000000e+00   3.5242532e-03
   7.6000000e+01   7.0000000e+00   3.5071221e-03
   7.7000000e+01   4.0000000e+00   3.4900655e-03
   7.8000000e+01   6.0000000e+00   3.4730842e-03
   7.9000000e+01   4.0000000e+00   3.4561787e-03
   8.0000000e+01   7.0000000e+00   3.4393493e-03
   8.1000000e+01   5.0000000e+00   3.4225964e-03
   8.2000000e+01   9.0000000e+00   3.4059203e-03
   8.3000000e+01   4.0000000e+00   3.3893210e-03
   8.4000000e+01   2.0000000e+00   3.3727988e-03
   8.5000000e+01   7.0000000e+00   3.3563537e-03
   8.6000000e+01   2.0000000e+00   3.3399857e-03
   8.7000000e+01   2.0000000e+00   3.3236948e-03
   8.8000000e+01   7.0000000e+00   3.3074809e-03
   8.9000000e+01   2.0000000e+00   3.2913440e-03
   9.0000000e+01   2.0000000e+00   3.2752838e-03
   9.1000000e+01   5.0000000e+00   3.2593003e-03
   9.2000000e+01   4.0000000e+00   3.2433932e-03
   9.3000000e+01   4.0000000e+00   3.2275624e-03
   9.4000000e+01   3.0000000e+00   3.2118076e-03
   9.5000000e+01   5.0000000e+00   3.1961287e-03
   9.6000000e+01   1.0000000e+00   3.1805253e-03
   9.7000000e+01   5.0000000e+00   3.1649972e-03
   9.8000000e+01   6.0000000e+00   3.1495442e-03
   9.9000000e+01   3.0000000e+00   3.1341659e-03
   1.0000000e+02   3.0000000e+00   3.1188621e-03
   1.0100000e+02   3.0000000e+00   3.1036325e-03
   1.0200000e+02   5.0000000e+00   3.0884768e-03
   1.0300000e+02   3.0000000e+00   3.0733946e-03
   1.0400000e+02   6.0000000e+00   3.0583857e-03
   1.0500000e+02   4.0000000e+00   3.0434498e-03
   1.0600000e+02   7.0000000e+00   3.0285865e-03
   1.0700000e+02   5.0000000e+00   3.0137955e-03
   1.0800000e+02   5.0000000e+00   2.9990765e-03
   1.0900000e+02   7.0000000e+00   2.9844291e-03
   1.1000000e+02   5.0000000e+00   2.9698532e-03
   1.1100000e+02   5.0000000e+00   2.9553482e-03
   1.1200000e+02   2.0000000e+00   2.9409139e-03
   1.1300000e+02   4.0000000e+00   2.9265500e-03
   1.1400000e+02   2.0000000e+00   2.9122561e-03
   1.1500000e+02   2.0000000e+00   2.8980319e-03
   1.1600000e+02   5.0000000e+00   2.8838771e-03
   1.1700000e+02   3.0000000e+00   2.8697913e-03
   1.1800000e+02   7.0000000e+00   2.8557743e-03
   1.1900000e+02   5.0000000e+00   2.8418256e-03
   1.2000000e+02   5.0000000e+00   2.8279451e-03
   1.2100000e+02   2.0000000e+00   2.8141322e-03
   1.2200000e+02   2.0000000e+00   2.8003868e-03
   1.2300000e+02   1.0000000e+00   2.7867085e-03
   1.2400000e+02   2.0000000e+00   2.7730969e-03
   1.2500000e+02   6.0000000e+00   2.7595519e-03
   1.2600000e+02   6.0000000e+00   2.7460729e-03
   1.2700000e+02   1.0000000e+00   2.7326597e-03
   1.2800000e+02   6.0000000e+00   2.7193121e-03
   1.2900000e+02   3.0000000e+00   2.7060296e-03
   1.3000000e+02   5.0000000e+00   2.6928120e-03
   1.3100000e+02   1.0000000e+00   2.6796589e-03
   1.3200000e+02   2.0000000e+00   2.6665700e-03
   1.3300000e+02   4.0000000e+00   2.6535451e-03
   1.3400000e+02   7.0000000e+00   2.6405838e-03
   1.3500000e+02   4.0000000e+00   2.6276857e-03
   1.3600000e+02   3.0000000e+00   2.6148507e-03
   1.3700000e+02   3.0000000e+00   2.6020783e-03
   1.3800000e+02   4.0000000e+00   2.5893684e-03
   1.3900000e+02   1.0000000e+00   2.5767205e-03
   1.4000000e+02   8.0000000e+00   2.5641343e-03
   1.4100000e+02   5.0000000e+00   2.5516097e-03
   1.4200000e+02   0.0000000e+00   2.5391462e-03
   1.4300000e+02   4.0000000e+00   2.5267436e-03
   1.4400000e+02   1.0000000e+00   2.5144016e-03
   1.4500000e+02   0.0000000e+00   2.5021198e-03
   1.4600000e+02   3.0000000e+00   2.4898981e-03
   1.4700000e+02   5.0000000e+00   2.4777360e-03
   1.4800000e+02   4.0000000e+00   2.4656334e-03
   1.4900000e+02   3.0000000e+00   2.4535898e-03
   1.5000000e+02   3.0000000e+00   2.4416051e-03
   1.5100000e+02   5.0000000e+00   2.4296789e-03
   1.5200000e+02   1.0000000e+00   2.4178110e-03
   1.5300000e+02   5.0000000e+00   2.4060010e-03
   1.5400000e+02   2.0000000e+00   2.3942488e-03
   1.5500000e+02   3.0000000e+00   2.3825539e-03
   1.5600000e+02   3.0000000e+00   2.3709161e-03
   1.5700000e+02   3.0000000e+00   2.3593352e-03
   1.5800000e+02   0.0000000e+00   2.3478109e-03
   1.5900000e+02   1.0000000e+00   2.3363429e-03
   1.6000000e+02   1.0000000e+00   2.3249308e-03
   1.6100000e+02   3.0000000e+00   2.3135745e-03
   1.6200000e+02   4.0000000e+00   2.3022737e-03
   1.6300000e+02   5.0000000e+00   2.2910281e-03
   1.6400000e+02   5.0000000e+00   2.2798374e-03
   1.6500000e+02   4.0000000e+00   2.2687014e-03
   1.6600000e+02   5.0000000e+00   2.2576198e-03
   1.6700000e+02   3.0000000e+00   2.2465922e-03
   1.6800000e+02   3.0000000e+00   2.2356186e-03
   1.6900000e+02   5.0000000e+00   2.2246986e-03
   1.7000000e+02   0.0000000e+00   2.2138319e-03
   1.7100000e+02   4.0000000e+00   2.2030183e-03
   1.7200000e+02   5.0000000e+00   2.1922575e-03
   1.7300000e+02   4.0000000e+00   2.1815492e-03
   1.7400000e+02   2.0000000e+00   2.1708933e-03
   1.7500000e+02   7.0000000e+00   2.1602894e-03
   1.7600000e+02   5.0000000e+00   2.1497373e-03
   1.7700000e+02   1.0000000e+00   2.1392368e-03
   1.7800000e+02   4.0000000e+00   2.1287875e-03
   1.7900000e+02   1.0000000e+00   2.1183893e-03
   1.8000000e+02   0.0000000e+00   2.1080419e-03
   1.8100000e+02   3.0000000e+00   2.0977450e-03
   1.8200000e+02   5.0000000e+00   2.0874984e-03
   1.8300000e+02   1.0000000e+00   2.0773019e-03
   1.8400000e+02   2.0000000e+00   2.0671551e-03
   1.8500000e+02   1.0000000e+00   2.0570580e-03
   1.8600000e+02   1.0000000e+00   2.0470101e-03
   1.8700000e+02   6.0000000e+00   2.0370114e-03
   1.8800000e+02   3.0000000e+00   2.0270614e-03
   1.8900000e+02   1.0000000e+00   2.0171601e-03
   1.9000000e+02   3.0000000e+00   2.0073071e-03
   1.9100000e+02   7.0000000e+00   1.9975023e-03
   1.9200000e+02   3.0000000e+00   1.9877454e-03
   1.9300000e+02   2.0000000e+00   1.9780361e-03
   1.9400000e+02   5.0000000e+00   1.9683742e-03
   1.9500000e+02   1.0000000e+00   1.9587595e-03
   1.9600000e+02   3.0000000e+00   1.9491918e-03
   1.9700000e+02   2.0000000e+00   1.9396709e-03
   1.9800000e+02   3.0000000e+00   1.9301964e-03
   1.9900000e+02   2.0000000e+00   1.9207682e-03
   2.0000000e+02   0.0000000e+00   1.9113861e-03
   2.0100000e+02   4.0000000e+00   1.9020498e-03
   2.0200000e+02   1.0000000e+00   1.8927591e-03
   2.0300000e+02   3.0000000e+00   1.8835138e-03
   2.0400000e+02   2.0000000e+00   1.8743136e-03
   2.0500000e+02   1.0000000e+00   1.8651584e-03
   2.0600000e+02   1.0000000e+00   1.8560479e-03
   2.0700000e+02   3.0000000e+00   1.8469819e-03
   2.0800000e+02   0.0000000e+00   1.8379602e-03
   2.0900000e+02   2.0000000e+00   1.8289825e-03
   2.1000000e+02   2.0000000e+00   1.8200487e-03
   2.1100000e+02   2.0000000e+00   1.8111586e-03
   2.1200000e+02   1.0000000e+00   1.8023119e-03
   2.1300000e+02   1.0000000e+00   1.7935083e-03
   2.1400000e+02   1.0000000e+00   1.7847478e-03
   2.1500000e+02   2.0000000e+00   1.7760301e-03
   2.1600000e+02   2.0000000e+00   1.7673549e-03
   2.1700000e+02   4.0000000e+00   1.7587222e-03
   2.1800000e+02   2.0000000e+00   1.7501316e-03
   2.1900000e+02   4.0000000e+00   1.7415829e-03
   2.2000000e+02   1.0000000e+00   1.7330760e-03
   2.2100000e+02   3.0000000e+00   1.7246107e-03
   2.2200000e+02   1.0000000e+00   1.7161867e-03
   2.2300000e+02   4.0000000e+00   1.7078039e-03
   2.2400000e+02   1.0000000e+00   1.6994620e-03
   2.2500000e+02   3.0000000e+00   1.6911608e-03
   2.2600000e+02   3.0000000e+00   1.6829002e-03
   2.2700000e+02   2.0000000e+00   1.6746800e-03
   2.2800000e+02   5.0000000e+00   1.6664999e-03
   2.2900000e+02   3.0000000e+00   1.6583598e-03
   2.3000000e+02   1.0000000e+00   1.6502594e-03
   2.3100000e+02   2.0000000e+00   1.6421986e-03
   2.3200000e+02   2.0000000e+00   1.6341771e-03
   2.3300000e+02   1.0000000e+00   1.6261949e-03
   2.3400000e+02   2.0000000e+00   1.6182516e-03
   2.3500000e+02   2.0000000e+00   1.6103471e-03
   2.3600000e+02   3.0000000e+00   1.6024813e-03
   2.3700000e+02   2.0000000e+00   1.5946539e-03
   2.3800000e+02   5.0000000e+00   1.5868647e-03
   2.3900000e+02   2.0000000e+00   1.5791135e-03
   2.4000000e+02   0.0000000e+00   1.5714002e-03
   2.4100000e+02   2.0000000e+00   1.5637246e-03
   2.4200000e+02   1.0000000e+00   1.5560865e-03
   2.4300000e+02   2.0000000e+00   1.5484856e-03
   2.4400000e+02   1.0000000e+00   1.5409220e-03
   2.4500000e+02   0.0000000e+00   1.5333952e-03
   2.4600000e+02   1.0000000e+00   1.5259052e-03
   2.4700000e+02   1.0000000e+00   1.5184518e-03
   2.4800000e+02   0.0000000e+00   1.5110349e-03
   2.4900000e+02   0.0000000e+00   1.5036541e-03
   2.5000000e+02   1.0000000e+00   1.4963094e-03
   2.5100000e+02   1.0000000e+00   1.4890006e-03
   2.5200000e+02   0.0000000e+00   1.4817274e-03
   2.5300000e+02   1.0000000e+00   1.4744898e-03
   2.5400000e+02   3.0000000e+00   1.4672876e-03
   2.5500000e+02   3.0000000e+00   1.4601205e-03
   2.5600000e+02   0.0000000e+00   1.4529884e-03
   2.5700000e+02   2.0000000e+00   1.4458912e-03
   2.5800000e+02   1.0000000e+00   1.4388287e-03
   2.5900000e+02   2.0000000e+00   1.4318006e-03
   2.6000000e+02   4.0000000e+00   1.4248069e-03
   2.6100000e+02   4.0000000e+00   1.4178473e-03
   2.6200000e+02   2.0000000e+00   1.4109217e-03
   2.6300000e+02   2.0000000e+00   1.4040300e-03
   2.6400000e+02   0.0000000e+00   1.3971719e-03
   2.6500000e+02   1.0000000e+00   1.3903473e-03
   2.6600000e+02   5.0000000e+00   1.3835560e-03
   2.6700000e+02   3.0000000e+00   1.3767980e-03
   2.6800000e+02   3.0000000e+00   1.3700729e-03
   2.6900000e+02   1.0000000e+00   1.3633807e-03
   2.7000000e+02   1.0000000e+00   1.3567211e-03
   2.7100000e+02   1.0000000e+00   1.3500941e-03
   2.7200000e+02   0.0000000e+00   1.3434995e-03
   2.7300000e+02   0.0000000e+00   1.3369371e-03
   2.7400000e+02   3.0000000e+00   1.3304067e-03
   2.7500000e+02   0.0000000e+00   1.3239083e-03
   2.7600000e+02   4.0000000e+00   1.3174415e-03
   2.7700000e+02   4.0000000e+00   1.3110064e-03
   2.7800000e+02   1.0000000e+00   1.3046027e-03
   2.7900000e+02   1.0000000e+00   1.2982303e-03
   2.8000000e+02   2.0000000e+00   1.2918890e-03
   2.8100000e+02   1.0000000e+00   1.2855786e-03
   2.8200000e+02   1.0000000e+00   1.2792991e-03
   2.8300000e+02   2.0000000e+00   1.2730503e-03
   2.8400000e+02   4.0000000e+00   1.2668320e-03
   2.8500000e+02   1.0000000e+00   1.2606441e-03
   2.8600000e+02   4.0000000e+00   1.2544864e-03
   2.8700000e+02   1.0000000e+00   1.2483587e-03
   2.8800000e+02   1.0000000e+00   1.2422610e-03
   2.8900000e+02   2.0000000e+00   1.2361931e-03
   2.9000000e+02   2.0000000e+00   1.2301548e-03
   2.9100000e+02   1.0000000e+00   1.2241461e-03
   2.9200000e+02   1.0000000e+00   1.2181666e-03
   2.9300000e+02   2.0000000e+00   1.2122164e-03
   2.9400000e+02   2.0000000e+00   1.2062953e-03
   2.9500000e+02   0.0000000e+00   1.2004030e-03
   2.9600000e+02   1.0000000e+00   1.1945396e-03
   2.9700000e+02   0.0000000e+00   1.1887048e-03
   2.9800000e+02   2.0000000e+00   1.1828984e-03
   2.9900000e+02   2.0000000e+00   1.1771205e-03
   3.0000000e+02   0.0000000e+00   1.1713708e-03
   3.0100000e+02   0.0000000e+00   1.1656491e-03
   3.0200000e+02   2.0000000e+00   1.1599554e-03
   3.0300000e+02   2.0000000e+00   1.1542895e-03
   3.0400000e+02   1.0000000e+00   1.1486513e-03
   3.0500000e+02   1.0000000e+00   1.1430406e-03
   3.0600000e+02   1.0000000e+00   1.1374574e-03
   3.0700000e+02   0.0000000e+00   1.1319014e-03
   3.0800000e+02   1.0000000e+00   1.1263725e-03
   3.0900000e+02   0.0000000e+00   1.1208707e-03
   3.1000000e+02   0.0000000e+00   1.1153957e-03
   3.1100000e+02   0.0000000e+00   1.1099475e-03
   3.1200000e+02   4.0000000e+00   1.1045259e-03
   3.1300000e+02   2.0000000e+00   1.0991307e-03
   3.1400000e+02   3.0000000e+00   1.0937619e-03
   3.1500000e+02   1.0000000e+00   1.0884194e-03
   3.1600000e+02   2.0000000e+00   1.0831029e-03
   3.1700000e+02   1.0000000e+00   1.0778124e-03
   3.1800000e+02   1.0000000e+00   1.0725478e-03
   3.1900000e+02   1.0000000e+00   1.0673088e-03
   3.2000000e+02   4.0000000e+00   1.0620955e-03
   3.2100000e+02   2.0000000e+00   1.0569076e-03
   3.2200000e+02   1.0000000e+00   1.0517451e-03
   3.2300000e+02   2.0000000e+00   1.0466077e-03
   3.2400000e+02   1.0000000e+00   1.0414955e-03
   3.2500000e+02   1.0000000e+00   1.0364083e-03
   3.2600000e+02   3.0000000e+00   1.0313458e-03
   3.2700000e+02   1.0000000e+00   1.0263082e-03
   3.2800000e+02   1.0000000e+00   1.0212951e-03
   3.2900000e+02   1.0000000e+00   1.0163065e-03
   3.3000000e+02   6.0000000e+00   1.0113423e-03
   3.3100000e+02   0.0000000e+00   1.0064023e-03
   3.3200000e+02   1.0000000e+00   1.0014865e-03
   3.3300000e+02   2.0000000e+00   9.9659463e-04
   3.3400000e+02   3.0000000e+00   9.9172669e-04
   3.3500000e+02   2.0000000e+00   9.8688253e-04
   3.3600000e+02   2.0000000e+00   9.8206203e-04
   3.3700000e+02   0.0000000e+00   9.7726508e-04
   3.3800000e+02   2.0000000e+00   9.7249156e-04
   3.3900000e+02   1.0000000e+00   9.6774135e-04
   3.4000000e+02   1.0000000e+00   9.6301435e-04
   3.4100000e+02   0.0000000e+00   9.5831044e-04
   3.4200000e+02   0.0000000e+00   9.5362950e-04
   3.4300000e+02   4.0000000e+00   9.4897143e-04
   3.4400000e+02   1.0000000e+00   9.4433611e-04
   3.4500000e+02   3.0000000e+00   9.3972343e-04
   3.4600000e+02   0.0000000e+00   9.3513328e-04
   3.4700000e+02   3.0000000e+00   9.3056556e-04
   3.4800000e+02   2.0000000e+00   9.2602014e-04
   3.4900000e+02   1.0000000e+00   9.2149693e-04
   3.5000000e+02   0.0000000e+00   9.1699581e-04
   3.5100000e+02   1.0000000e+00   9.1251668e-04
   3.5200000e+02   0.0000000e+00   9.0805943e-04
   3.5300000e+02   1.0000000e+00   9.0362395e-04
   3.5400000e+02   1.0000000e+00   8.9921013e-04
   3.5500000e+02   0.0000000e+00   8.9481788e-04
   3.5600000e+02   0.0000000e+00   8.9044707e-04
   3.5700000e+02   0.0000000e+00   8.8609762e-04
   3.5800000e+02   3.0000000e+00   8.8176941e-04
   3.5900000e+02   1.0000000e+00   8.7746235e-04
   3.6000000e+02   1.0000000e+00   8.7317632e-04
   3.6100000e+02   3.0000000e+00   8.6891123e-04
   3.6200000e+02   4.0000000e+00   8.6466697e-04
   3.6300000e+02   2.0000000e+00   8.6044344e-04
   3.6400000e+02   1.0000000e+00   8.5624054e-04
   3.6500000e+02   2.0000000e+00   8.5205817e-04
   3.6600000e+02   1.0000000e+00   8.4789623e-04
   3.6700000e+02   1.0000000e+00   8.4375462e-04
   3.6800000e+02   0.0000000e+00   8.3963324e-04
   3.6900000e+02   1.0000000e+00   8.3553199e-04
   3.7000000e+02   2.0000000e+00   8.3145078e-04
   3.7100000e+02   0.0000000e+00   8.2738950e-04
   3.7200000e+02   2.0000000e+00   8.2334805e-04
   3.7300000e+02   1.0000000e+00   8.1932635e-04
   3.7400000e+02   0.0000000e+00   8.1532429e-04
   3.7500000e+02   1.0000000e+00   8.1134178e-04
   3.7600000e+02   1.0000000e+00   8.0737872e-04
   3.7700000e+02   1.0000000e+00   8.0343503e-04
   3.7800000e+02   0.0000000e+00   7.9951059e-04
   3.7900000e+02   2.0000000e+00   7.9560532e-04
   3.8000000e+02   3.0000000e+00   7.9171913e-04
   3.8100000e+02   1.0000000e+00   7.8785192e-04
   3.8200000e+02   3.0000000e+00   7.8400360e-04
   3.8300000e+02   0.0000000e+00   7.8017408e-04
   3.8400000e+02   0.0000000e+00   7.7636326e-04
   3.8500000e+02   0.0000000e+00   7.7257106e-04
   3.8600000e+02   0.0000000e+00   7.6879738e-04
   3.8700000e+02   0.0000000e+00   7.6504214e-04
   3.8800000e+02   1.0000000e+00   7.6130523e-04
   3.8900000e+02   0.0000000e+00   7.5758658e-04
   3.9000000e+02   0.0000000e+00   7.5388610e-04
   3.9100000e+02   3.0000000e+00   7.5020369e-04
   3.9200000e+02   0.0000000e+00   7.4653926e-04
   3.9300000e+02   1.0000000e+00   7.4289274e-04
   3.9400000e+02   1.0000000e+00   7.3926403e-04
   3.9500000e+02   1.0000000e+00   7.3565304e-04
   3.9600000e+02   1.0000000e+00   7.3205969e-04
   3.9700000e+02   2.0000000e+00   7.2848389e-04
   3.9800000e+02   2.0000000e+00   7.2492556e-04
   3.9900000e+02   1.0000000e+00   7.2138461e-04
   4.0000000e+02   2.0000000e+00   7.1786095e-04
   4.0100000e+02   0.0000000e+00   7.1435451e-04
   4.0200000e+02   1.0000000e+00   7.1086519e-04
   4.0300000e+02   0.0000000e+00   7.0739292e-04
   4.0400000e+02   2.0000000e+00   7.0393761e-04
   4.0500000e+02   2.0000000e+00   7.0049917e-04
   4.0600000e+02   0.0000000e+00   6.9707754e-04
   4.0700000e+02   0.0000000e+00   6.9367261e-04
   4.0800000e+02   1.0000000e+00   6.9028432e-04
   4.0900000e+02   0.0000000e+00   6.8691257e-04
   4.1000000e+02   0.0000000e+00   6.8355730e-04
   4.1100000e+02   0.0000000e+00   6.8021841e-04
   4.1200000e+02   0.0000000e+00   6.7689584e-04
   4.1300000e+02   0.0000000e+00   6.7358949e-04
   4.1400000e+02   1.0000000e+00   6.7029930e-04
   4.1500000e+02   2.0000000e+00   6.6702517e-04
   4.1600000e+02   2.0000000e+00   6.6376704e-04
   4.1700000e+02   1.0000000e+00   6.6052482e-04
   4.1800000e+02   2.0000000e+00   6.5729844e-04
   4.1900000e+02   0.0000000e+00   6.5408782e-04
   4.2000000e+02   1.0000000e+00   6.5089288e-04
   4.2100000e+02   4.0000000e+00   6.4771355e-04
   4.2200000e+02   0.0000000e+00   6.4454974e-04
   4.2300000e+02   1.0000000e+00   6.4140139e-04
   4.2400000e+02   0.0000000e+00   6.3826842e-04
   4.2500000e+02   1.0000000e+00   6.3515075e-04
   4.2600000e+02   1.0000000e+00   6.3204831e-04
   4.2700000e+02   0.0000000e+00   6.2896103e-04
   4.2800000e+02   0.0000000e+00   6.2588882e-04
   4.2900000e+02   1.0000000e+00   6.2283162e-04
   4.3000000e+02   2.0000000e+00   6.1978936e-04
   4.3100000e+02   2.0000000e+00   6.1676195e-04
   4.3200000e+02   3.0000000e+00   6.1374934e-04
   4.3300000e+02   0.0000000e+00   6.1075143e-04
   4.3400000e+02   1.0000000e+00   6.0776817e-04
   4.3500000e+02   1.0000000e+00   6.0479949e-04
   4.3600000e+02   0.0000000e+00   6.0184530e-04
   4.3700000e+02   1.0000000e+00   5.9890554e-04
   4.3800000e+02   0.0000000e+00   5.9598015e-04
   4.3900000e+02   1.0000000e+00   5.9306904e-04
   4.4000000e+02   0.0000000e+00   5.9017215e-04
   4.4100000e+02   1.0000000e+00   5.8728941e-04
   4.4200000e+02   1.0000000e+00   5.8442075e-04
   4.4300000e+02   2.0000000e+00   5.8156611e-04
   4.4400000e+02   0.0000000e+00   5.7872541e-04
   4.4500000e+02   0.0000000e+00   5.7589858e-04
   4.4600000e+02   0.0000000e+00   5.7308556e-04
   4.4700000e+02   1.0000000e+00   5.7028629e-04
   4.4800000e+02   1.0000000e+00   5.6750068e-04
   4.4900000e+02   1.0000000e+00   5.6472868e-04
   4.5000000e+02   2.0000000e+00   5.6197023e-04
   4.5100000e+02   3.0000000e+00   5.5922524e-04
   4.5200000e+02   1.0000000e+00   5.5649367e-04
   4.5300000e+02   1.0000000e+00   5.5377543e-04
   4.5400000e+02   1.0000000e+00   5.5107048e-04
   4.5500000e+02   0.0000000e+00   5.4837873e-04
   4.5600000e+02   2.0000000e+00   5.4570014e-04
   4.5700000e+02   0.0000000e+00   5.4303463e-04
   4.5800000e+02   1.0000000e+00   5.4038213e-04
   4.5900000e+02   2.0000000e+00   5.3774260e-04
   4.6000000e+02   1.0000000e+00   5.3511596e-04
   4.6100000e+02   2.0000000e+00   5.3250214e-04
   4.6200000e+02   1.0000000e+00   5.2990110e-04
   4.6300000e+02   0.0000000e+00   5.2731276e-04
   4.6400000e+02   0.0000000e+00   5.2473706e-04
   4.6500000e+02   1.0000000e+00   5.2217395e-04
   4.6600000e+02   1.0000000e+00   5.1962335e-04
   4.6700000e+02   0.0000000e+00   5.1708521e-04
   4.6800000e+02   1.0000000e+00   5.1455947e-04
   4.6900000e+02   0.0000000e+00   5.1204607e-04
   4.7000000e+02   0.0000000e+00   5.0954494e-04
   4.7100000e+02   0.0000000e+00   5.0705604e-04
   4.7200000e+02   0.0000000e+00   5.0457928e-04
   4.7300000e+02   0.0000000e+00   5.0211463e-04
   4.7400000e+02   0.0000000e+00   4.9966201e-04
   4.7500000e+02   1.0000000e+00   4.9722138e-04
   4.7600000e+02   1.0000000e+00   4.9479267e-04
   4.7700000e+02   0.0000000e+00   4.9237582e-04
   4.7800000e+02   1.0000000e+00   4.8997077e-04
   4.7900000e+02   0.0000000e+00   4.8757747e-04
   4.8000000e+02   0.0000000e+00   4.8519587e-04
   4.8100000e+02   0.0000000e+00   4.8282589e-04
   4.8200000e+02   1.0000000e+00   4.8046749e-04
   4.8300000e+02   0.0000000e+00   4.7812062e-04
   4.8400000e+02   1.0000000e+00   4.7578520e-04
   4.8500000e+02   1.0000000e+00   4.7346119e-04
   4.8600000e+02   0.0000000e+00   4.7114854e-04
   4.8700000e+02   0.0000000e+00   4.6884718e-04
   4.8800000e+02   0.0000000e+00   4.6655706e-04
   4.8900000e+02   0.0000000e+00   4.6427813e-04
   4.9000000e+02   1.0000000e+00   4.6201033e-04
   4.9100000e+02   2.0000000e+00   4.5975361e-04
   4.9200000e+02   0.0000000e+00   4.5750791e-04
   4.9300000e+02   0.0000000e+00   4.5527318e-04
   4.9400000e+02   0.0000000e+00   4.5304936e-04
   4.9500000e+02   1.0000000e+00   4.5083641e-04
   4.9600000e+02   3.0000000e+00   4.4863427e-04
   4.9700000e+02   1.0000000e+00   4.4644288e-04
   4.9800000e+02   2.0000000e+00   4.4426220e-04
   4.9900000e+02   0.0000000e+00   4.4209217e-04
   5.0000000e+02   0.0000000e+00   4.3993274e-04
   5.0100000e+02   0.0000000e+00   4.3778386e-04
   5.0200000e+02   0.0000000e+00   4.3564547e-04
   5.0300000e+02   1.0000000e+00   4.3351753e-04
   5.0400000e+02   0.0000000e+00   4.3139998e-04
   5.0500000e+02   0.0000000e+00   4.2929278e-04
   5.0600000e+02   0.0000000e+00   4.2719586e-04
   5.0700000e+02   0.0000000e+00   4.2510920e-04
   5.0800000e+02   0.0000000e+00   4.2303272e-04
   5.0900000e+02   1.0000000e+00   4.2096639e-04
   5.1000000e+02   1.0000000e+00   4.1891014e-04
   5.1100000e+02   0.0000000e+00   4.1686395e-04
   5.1200000e+02   2.0000000e+00   4.1482775e-04
   5.1300000e+02   0.0000000e+00   4.1280149e-04
   5.1400000e+02   1.0000000e+00   4.1078513e-04
   5.1500000e+02   1.0000000e+00   4.0877862e-04
   5.1600000e+02   0.0000000e+00   4.0678191e-04
   5.1700000e+02   0.0000000e+00   4.0479496e-04
   5.1800000e+02   0.0000000e+00   4.0281771e-04
   5.1900000e+02   0.0000000e+00   4.0085012e-04
   5.2000000e+02   1.0000000e+00   3.9889213e-04
   5.2100000e+02   1.0000000e+00   3.9694372e-04
   5.2200000e+02   0.0000000e+00   3.9500482e-04
   5.2300000e+02   0.0000000e+00   3.9307539e-04
   5.2400000e+02   2.0000000e+00   3.9115538e-04
   5.2500000e+02   0.0000000e+00   3.8924476e-04
   5.2600000e+02   2.0000000e+00   3.8734346e-04
   5.2700000e+02   1.0000000e+00   3.8545146e-04
   5.2800000e+02   0.0000000e+00   3.8356869e-04
   5.2900000e+02   0.0000000e+00   3.8169512e-04
   5.3000000e+02   0.0000000e+00   3.7983070e-04
   5.3100000e+02   0.0000000e+00   3.7797539e-04
   5.3200000e+02   0.0000000e+00   3.7612915e-04
   5.3300000e+02   0.0000000e+00   3.7429192e-04
   5.3400000e+02   1.0000000e+00   3.7246366e-04
   5.3500000e+02   1.0000000e+00   3.7064433e-04
   5.3600000e+02   0.0000000e+00   3.6883390e-04
   5.3700000e+02   0.0000000e+00   3.6703230e-04
   5.3800000e+02   1.0000000e+00   3.6523950e-04
   5.3900000e+02   0.0000000e+00   3.6345547e-04
   5.4000000e+02   0.0000000e+00   3.6168014e-04
   5.4100000e+02   1.0000000e+00   3.5991349e-04
   5.4200000e+02   0.0000000e+00   3.5815547e-04
   5.4300000e+02   0.0000000e+00   3.5640603e-04
   5.4400000e+02   0.0000000e+00   3.5466514e-04
   5.4500000e+02   1.0000000e+00   3.5293275e-04
   5.4600000e+02   0.0000000e+00   3.5120883e-04
   5.4700000e+02   1.0000000e+00   3.4949332e-04
   5.4800000e+02   1.0000000e+00   3.4778620e-04
   5.4900000e+02   2.0000000e+00   3.4608741e-04
   5.5000000e+02   1.0000000e+00   3.4439692e-04
   5.5100000e+02   0.0000000e+00   3.4271469e-04
   5.5200000e+02   2.0000000e+00   3.4104067e-04
   5.5300000e+02   0.0000000e+00   3.3937484e-04
   5.5400000e+02   0.0000000e+00   3.3771714e-04
   5.5500000e+02   1.0000000e+00   3.3606753e-04
   5.5600000e+02   1.0000000e+00   3.3442599e-04
   5.5700000e+02   0.0000000e+00   3.3279246e-04
   5.5800000e+02   0.0000000e+00   3.3116691e-04
   5.5900000e+02   0.0000000e+00   3.2954930e-04
   5.6000000e+02   0.0000000e+00   3.2793959e-04
   5.6100000e+02   1.0000000e+00   3.2633775e-04
   5.6200000e+02   0.0000000e+00   3.2474373e-04
   5.6300000e+02   0.0000000e+00   3.2315749e-04
   5.6400000e+02   0.0000000e+00   3.2157901e-04
   5.6500000e+02   0.0000000e+00   3.2000823e-04
   5.6600000e+02   1.0000000e+00   3.1844513e-04
   5.6700000e+02   2.0000000e+00   3.1688966e-04
   5.6800000e+02   0.0000000e+00   3.1534179e-04
   5.6900000e+02   1.0000000e+00   3.1380148e-04
   5.7000000e+02   1.0000000e+00   3.1226870e-04
   5.7100000e+02   1.0000000e+00   3.1074340e-04
   5.7200000e+02   2.0000000e+00   3.0922555e-04
   5.7300000e+02   0.0000000e+00   3.0771511e-04
   5.7400000e+02   3.0000000e+00   3.0621206e-04
   5.7500000e+02   0.0000000e+00   3.0471634e-04
   5.7600000e+02   1.0000000e+00   3.0322793e-04
   5.7700000e+02   0.0000000e+00   3.0174679e-04
   5.7800000e+02   0.0000000e+00   3.0027289e-04
   5.7900000e+02   2.0000000e+00   2.9880619e-04
   5.8000000e+02   0.0000000e+00   2.9734665e-04
   5.8100000e+02   0.0000000e+00   2.9589424e-04
   5.8200000e+02   0.0000000e+00   2.9444892e-04
   5.8300000e+02   0.0000000e+00   2.9301066e-04
   5.8400000e+02   0.0000000e+00   2.9157943e-04
   5.8500000e+02   0.0000000e+00   2.9015519e-04
   5.8600000e+02   3.0000000e+00   2.8873791e-04
   5.8700000e+02   1.0000000e+00   2.8732754e-04
   5.8800000e+02   0.0000000e+00   2.8592407e-04
   5.8900000e+02   1.0000000e+00   2.8452746e-04
   5.9000000e+02   0.0000000e+00   2.8313766e-04
   5.9100000e+02   0.0000000e+00   2.8175465e-04
   5.9200000e+02   1.0000000e+00   2.8037840e-04
   5.9300000e+02   1.0000000e+00   2.7900888e-04
   5.9400000e+02   0.0000000e+00   2.7764604e-04
   5.9500000e+02   1.0000000e+00   2.7628985e-04
   5.9600000e+02   0.0000000e+00   2.7494030e-04
   5.9700000e+02   0.0000000e+00   2.7359733e-04
   5.9800000e+02   1.0000000e+00   2.7226093e-04
   5.9900000e+02   0.0000000e+00   2.7093105e-04
   6.0000000e+02   0.0000000e+00   2.6960766e-04
   6.0100000e+02   1.0000000e+00   2.6829075e-04
   6.0200000e+02   0.0000000e+00   2.6698026e-04
   6.0300000e+02   1.0000000e+00   2.6567618e-04
   6.0400000e+02   2.0000000e+00   2.6437846e-04
   6.0500000e+02   0.0000000e+00   2.6308709e-04
   6.0600000e+02   0.0000000e+00   2.6180202e-04
   6.0700000e+02   0.0000000e+00   2.6052323e-04
   6.0800000e+02   0.0000000e+00   2.5925068e-04
   6.0900000e+02   0.0000000e+00   2.5798436e-04
   6.1000000e+02   0.0000000e+00   2.5672421e-04
   6.1100000e+02   0.0000000e+00   2.5547022e-04
   6.1200000e+02   2.0000000e+00   2.5422236e-04
   6.1300000e+02   0.0000000e+00   2.5298059e-04
   6.1400000e+02   0.0000000e+00   2.5174489e-04
   6.1500000e+02   0.0000000e+00   2.5051523e-04
   6.1600000e+02   0.0000000e+00   2.4929157e-04
   6.1700000e+02   1.0000000e+00   2.4807388e-04
   6.1800000e+02   1.0000000e+00   2.4686215e-04
   6.1900000e+02   0.0000000e+00   2.4565633e-04
   6.2000000e+02   0.0000000e+00   2.4445641e-04
   6.2100000e+02   0.0000000e+00   2.4326234e-04
   6.2200000e+02   0.0000000e+00   2.4207411e-04
   6.2300000e+02   1.0000000e+00   2.4089168e-04
   6.2400000e+02   1.0000000e+00   2.3971503e-04
   6.2500000e+02   0.0000000e+00   2.3854412e-04
   6.2600000e+02   0.0000000e+00   2.3737894e-04
   6.2700000e+02   1.0000000e+00   2.3621944e-04
   6.2800000e+02   0.0000000e+00   2.3506561e-04
   6.2900000e+02   0.0000000e+00   2.3391742e-04
   6.3000000e+02   0.0000000e+00   2.3277483e-04
   6.3100000e+02   0.0000000e+00   2.3163783e-04
   6.3200000e+02   0.0000000e+00   2.3050637e-04
   6.3300000e+02   0.0000000e+00   2.2938045e-04
   6.3400000e+02   0.0000000e+00   2.2826002e-04
   6.3500000e+02   0.0000000e+00   2.2714507e-04
   6.3600000e+02   1.0000000e+00   2.2603557e-04
   6.3700000e+02   1.0000000e+00   2.2493148e-04
   6.3800000e+02   0.0000000e+00   2.2383278e-04
   6.3900000e+02   1.0000000e+00   2.2273946e-04
   6.4000000e+02   0.0000000e+00   2.2165147e-04
   6.4100000e+02   0.0000000e+00   2.2056880e-04
   6.4200000e+02   0.0000000e+00   2.1949141e-04
   6.4300000e+02   0.0000000e+00   2.1841929e-04
   6.4400000e+02   0.0000000e+00   2.1735241e-04
   6.4500000e+02   0.0000000e+00   2.1629073e-04
   6.4600000e+02   0.0000000e+00   2.1523425e-04
   6.4700000e+02   0.0000000e+00   2.1418292e-04
   6.4800000e+02   0.0000000e+00   2.1313673e-04
   6.4900000e+02   0.0000000e+00   2.1209565e-04
   6.5000000e+02   0.0000000e+00   2.1105965e-04
   6.5100000e+02   0.0000000e+00   2.1002871e-04
   6.5200000e+02   0.0000000e+00   2.0900281e-04
   6.5300000e+02   0.0000000e+00   2.0798192e-04
   6.5400000e+02   0.0000000e+00   2.0696602e-04
   6.5500000e+02   1.0000000e+00   2.0595508e-04
   6.5600000e+02   0.0000000e+00   2.0494908e-04
   6.5700000e+02   2.0000000e+00   2.0394799e-04
   6.5800000e+02   0.0000000e+00   2.0295179e-04
   6.5900000e+02   0.0000000e+00   2.0196046e-04
   6.6000000e+02   1.0000000e+00   2.0097397e-04
   6.6100000e+02   0.0000000e+00   1.9999230e-04
   6.6200000e+02   1.0000000e+00   1.9901542e-04
   6.6300000e+02   0.0000000e+00   1.9804331e-04
   6.6400000e+02   0.0000000e+00   1.9707596e-04
   6.6500000e+02   0.0000000e+00   1.9611333e-04
   6.6600000e+02   0.0000000e+00   1.9515540e-04
   6.6700000e+02   0.0000000e+00   1.9420215e-04
   6.6800000e+02   0.0000000e+00   1.9325355e-04
   6.6900000e+02   0.0000000e+00   1.9230959e-04
   6.7000000e+02   2.0000000e+00   1.9137024e-04
   6.7100000e+02   0.0000000e+00   1.9043548e-04
   6.7200000e+02   0.0000000e+00   1.8950528e-04
   6.7300000e+02   0.0000000e+00   1.8857963e-04
   6.7400000e+02   0.0000000e+00   1.8765850e-04
   6.7500000e+02   1.0000000e+00   1.8674187e-04
   6.7600000e+02   0.0000000e+00   1.8582971e-04
   6.7700000e+02   0.0000000e+00   1.8492202e-04
   6.7800000e+02   0.0000000e+00   1.8401875e-04
   6.7900000e+02   0.0000000e+00   1.8311990e-04
   6.8000000e+02   0.0000000e+00   1.8222544e-04
   6.8100000e+02   0.0000000e+00   1.8133534e-04
   6.8200000e+02   0.0000000e+00   1.8044960e-04
   6.8300000e+02   0.0000000e+00   1.7956818e-04
   6.8400000e+02   1.0000000e+00   1.7869106e-04
   6.8500000e+02   0.0000000e+00   1.7781823e-04
   6.8600000e+02   0.0000000e+00   1.7694967e-04
   6.8700000e+02   0.0000000e+00   1.7608535e-04
   6.8800000e+02   0.0000000e+00   1.7522524e-04
   6.8900000e+02   0.0000000e+00   1.7436934e-04
   6.9000000e+02   2.0000000e+00   1.7351762e-04
   6.9100000e+02   1.0000000e+00   1.7267006e-04
   6.9200000e+02   0.0000000e+00   1.7182665e-04
   6.9300000e+02   1.0000000e+00   1.7098735e-04
   6.9400000e+02   0.0000000e+00   1.7015215e-04
   6.9500000e+02   0.0000000e+00   1.6932103e-04
   6.9600000e+02   0.0000000e+00   1.6849396e-04
   6.9700000e+02   0.0000000e+00   1.6767094e-04
   6.9800000e+02   0.0000000e+00   1.6685194e-04
   6.9900000e+02   0.0000000e+00   1.6603694e-04
   7.0000000e+02   0.0000000e+00   1.6522592e-04
   7.0100000e+02   0.0000000e+00   1.6441887e-04
   7.0200000e+02   0.0000000e+00   1.6361575e-04
   7.0300000e+02   0.0000000e+00   1.6281656e-04
   7.0400000e+02   0.0000000e+00   1.6202127e-04
   7.0500000e+02   1.0000000e+00   1.6122986e-04
   7.0600000e+02   0.0000000e+00   1.6044232e-04
   7.0700000e+02   1.0000000e+00   1.5965863e-04
   7.0800000e+02   0.0000000e+00   1.5887877e-04
   7.0900000e+02   0.0000000e+00   1.5810271e-04
   7.1000000e+02   0.0000000e+00   1.5733045e-04
   7.1100000e+02   1.0000000e+00   1.5656196e-04
   7.1200000e+02   0.0000000e+00   1.5579722e-04
   7.1300000e+02   0.0000000e+00   1.5503622e-04
   7.1400000e+02   0.0000000e+00   1.5427893e-04
   7.1500000e+02   0.0000000e+00   1.5352534e-04
   7.1600000e+02   0.0000000e+00   1.5277544e-04
   7.1700000e+02   0.0000000e+00   1.5202920e-04
   7.1800000e+02   0.0000000e+00   1.5128660e-04
   7.1900000e+02   0.0000000e+00   1.5054763e-04
   7.2000000e+02   0.0000000e+00   1.4981227e-04
   7.2100000e+02   0.0000000e+00   1.4908050e-04
   7.2200000e+02   0.0000000e+00   1.4835230e-04
   7.2300000e+02   0.0000000e+00   1.4762767e-04
   7.2400000e+02   1.0000000e+00   1.4690657e-04
   7.2500000e+02   1.0000000e+00   1.4618899e-04
   7.2600000e+02   1.0000000e+00   1.4547492e-04
   7.2700000e+02   0.0000000e+00   1.4476434e-04
   7.2800000e+02   0.0000000e+00   1.4405723e-04
   7.2900000e+02   0.0000000e+00   1.4335357e-04
   7.3000000e+02   0.0000000e+00   1.4265335e-04
   7.3100000e+02   0.0000000e+00   1.4195655e-04
   7.3200000e+02   0.0000000e+00   1.4126315e-04
   7.3300000e+02   0.0000000e+00   1.4057314e-04
   7.3400000e+02   1.0000000e+00   1.3988650e-04
   7.3500000e+02   0.0000000e+00   1.3920322e-04
   7.3600000e+02   1.0000000e+00   1.3852327e-04
   7.3700000e+02   0.0000000e+00   1.3784664e-04
   7.3800000e+02   0.0000000e+00   1.3717332e-04
   7.3900000e+02   0.0000000e+00   1.3650329e-04
   7.4000000e+02   0.0000000e+00   1.3583653e-04
   7.4100000e+02   0.0000000e+00   1.3517302e-04
   7.4200000e+02   0.0000000e+00   1.3451276e-04
   7.4300000e+02   0.0000000e+00   1.3385572e-04
   7.4400000e+02   0.0000000e+00   1.3320190e-04
   7.4500000e+02   0.0000000e+00   1.3255126e-04
   7.4600000e+02   0.0000000e+00   1.3190381e-04
   7.4700000e+02   0.0000000e+00   1.3125951e-04
   7.4800000e+02   0.0000000e+00   1.3061837e-04
   7.4900000e+02   1.0000000e+00   1.2998035e-04
   7.5000000e+02   1.0000000e+00   1.2934545e-04
   7.5100000e+02   0.0000000e+00   1.2871366e-04
   7.5200000e+02   0.0000000e+00   1.2808494e-04
   7.5300000e+02   0.0000000e+00   1.2745930e-04
   7.5400000e+02   0.0000000e+00   1.2683672e-04
   7.5500000e+02   0.0000000e+00   1.2621718e-04
   7.5600000e+02   1.0000000e+00   1.2560066e-04
   7.5700000e+02   1.0000000e+00   1.2498715e-04
   7.5800000e+02   0.0000000e+00   1.2437665e-04
   7.5900000e+02   1.0000000e+00   1.2376912e-04
   7.6000000e+02   0.0000000e+00   1.2316456e-04
   7.6100000e+02   0.0000000e+00   1.2256295e-04
   7.6200000e+02   2.0000000e+00   1.2196429e-04
   7.6300000e+02   0.0000000e+00   1.2136854e-04
   7.6400000e+02   0.0000000e+00   1.2077571e-04
   7.6500000e+02   0.0000000e+00   1.2018577e-04
   7.6600000e+02   0.0000000e+00   1.1959872e-04
   7.6700000e+02   1.0000000e+00   1.1901453e-04
   7.6800000e+02   0.0000000e+00   1.1843319e-04
   7.6900000e+02   0.0000000e+00   1.1785470e-04
   7.7000000e+02   0.0000000e+00   1.1727903e-04
   7.7100000e+02   0.0000000e+00   1.1670617e-04
   7.7200000e+02   0.0000000e+00   1.1613611e-04
   7.7300000e+02   1.0000000e+00   1.1556883e-04
   7.7400000e+02   0.0000000e+00   1.1500433e-04
   7.7500000e+02   0.0000000e+00   1.1444258e-04
   7.7600000e+02   0.0000000e+00   1.1388358e-04
   7.7700000e+02   0.0000000e+00   1.1332731e-04
   7.7800000e+02   0.0000000e+00   1.1277375e-04
   7.7900000e+02   0.0000000e+00   1.1222290e-04
   7.8000000e+02   0.0000000e+00   1.1167474e-04
   7.8100000e+02   0.0000000e+00   1.1112926e-04
   7.8200000e+02   0.0000000e+00   1.1058644e-04
   7.8300000e+02   0.0000000e+00   1.1004627e-04
   7.8400000e+02   0.0000000e+00   1.0950874e-04
   7.8500000e+02   0.0000000e+00   1.0897384e-04
   7.8600000e+02   0.0000000e+00   1.0844155e-04
   7.8700000e+02   0.0000000e+00   1.0791186e-04
   7.8800000e+02   0.0000000e+00   1.0738475e-04
   7.8900000e+02   0.0000000e+00   1.0686023e-04
   7.9000000e+02   0.0000000e+00   1.0633826e-04
   7.9100000e+02   0.0000000e+00   1.0581884e-04
   7.9200000e+02   0.0000000e+00   1.0530196e-04
   7.9300000e+02   0.0000000e+00   1.0478761e-04
   7.9400000e+02   0.0000000e+00   1.0427576e-04
   7.9500000e+02   0.0000000e+00   1.0376642e-04
   7.9600000e+02   0.0000000e+00   1.0325957e-04
   7.9700000e+02   0.0000000e+00   1.0275519e-04
   7.9800000e+02   0.0000000e+00   1.0225327e-04
   7.9900000e+02   0.0000000e+00   1.0175381e-04
   8.0000000e+02   0.0000000e+00   1.0125679e-04
   8.0100000e+02   0.0000000e+00   1.0076219e-04
   8.0200000e+02   0.0000000e+00   1.0027001e-04
   8.0300000e+02   0.0000000e+00   9.9780234e-05
   8.0400000e+02   0.0000000e+00   9.9292850e-05
   8.0500000e+02   0.0000000e+00   9.8807847e-05
   8.0600000e+02   0.0000000e+00   9.8325213e-05
   8.0700000e+02   0.0000000e+00   9.7844937e-05
   8.0800000e+02   0.0000000e+00   9.7367006e-05
   8.0900000e+02   0.0000000e+00   9.6891410e-05
   8.1000000e+02   0.0000000e+00   9.6418137e-05
   8.1100000e+02   1.0000000e+00   9.5947176e-05
   8.1200000e+02   1.0000000e+00   9.5478515e-05
   8.1300000e+02   0.0000000e+00   9.5012143e-05
   8.1400000e+02   0.0000000e+00   9.4548049e-05
   8.1500000e+02   0.0000000e+00   9.4086223e-05
   8.1600000e+02   0.0000000e+00   9.3626652e-05
   8.1700000e+02   0.0000000e+00   9.3169326e-05
   8.1800000e+02   0.0000000e+00   9.2714233e-05
   8.1900000e+02   0.0000000e+00   9.2261364e-05
   8.2000000e+02   0.0000000e+00   9.1810707e-05
   8.2100000e+02   1.0000000e+00   9.1362251e-05
   8.2200000e+02   0.0000000e+00   9.0915985e-05
   8.2300000e+02   0.0000000e+00   9.0471900e-05
   8.2400000e+02   0.0000000e+00   9.0029983e-05
   8.2500000e+02   0.0000000e+00   8.9590225e-05
   8.2600000e+02   0.0000000e+00   8.9152615e-05
   8.2700000e+02   0.0000000e+00   8.8717143e-05
   8.2800000e+02   0.0000000e+00   8.8283798e-05
   8.2900000e+02   0.0000000e+00   8.7852569e-05
   8.3000000e+02   0.0000000e+00   8.7423447e-05
   8.3100000e+02   1.0000000e+00   8.6996421e-05
   8.3200000e+02   0.0000000e+00   8.6571481e-05
   8.3300000e+02   0.0000000e+00   8.6148616e-05
   8.3400000e+02   1.0000000e+00   8.5727817e-05
   8.3500000e+02   0.0000000e+00   8.5309073e-05
   8.3600000e+02   0.0000000e+00   8.4892375e-05
   8.3700000e+02   0.0000000e+00   8.4477712e-05
   8.3800000e+02   1.0000000e+00   8.4065075e-05
   8.3900000e+02   0.0000000e+00   8.3654453e-05
   8.4000000e+02   0.0000000e+00   8.3245836e-05
   8.4100000e+02   1.0000000e+00   8.2839216e-05
   8.4200000e+02   0.0000000e+00   8.2434582e-05
   8.4300000e+02   0.0000000e+00   8.2031924e-05
   8.4400000e+02   0.0000000e+00   8.1631234e-05
   8.4500000e+02   0.0000000e+00   8.1232500e-05
   8.4600000e+02   0.0000000e+00   8.0835714e-05
   8.4700000e+02   0.0000000e+00   8.0440866e-05
   8.4800000e+02   0.0000000e+00   8.0047947e-05
   8.4900000e+02   0.0000000e+00   7.9656947e-05
   8.5000000e+02   0.0000000e+00   7.9267857e-05
   8.5100000e+02   0.0000000e+00   7.8880667e-05
   8.5200000e+02   0.0000000e+00   7.8495369e-05
   8.5300000e+02   0.0000000e+00   7.8111953e-05
   8.5400000e+02   0.0000000e+00   7.7730409e-05
   8.5500000e+02   0.0000000e+00   7.7350730e-05
   8.5600000e+02   0.0000000e+00   7.6972904e-05
   8.5700000e+02   0.0000000e+00   7.6596925e-05
   8.5800000e+02   0.0000000e+00   7.6222781e-05
   8.5900000e+02   1.0000000e+00   7.5850466e-05
   8.6000000e+02   0.0000000e+00   7.5479969e-05
   8.6100000e+02   0.0000000e+00   7.5111281e-05
   8.6200000e+02   0.0000000e+00   7.4744395e-05
   8.6300000e+02   0.0000000e+00   7.4379301e-05
   8.6400000e+02   0.0000000e+00   7.4015990e-05
   8.6500000e+02   0.0000000e+00   7.3654453e-05
   8.6600000e+02   0.0000000e+00   7.3294683e-05
   8.6700000e+02   0.0000000e+00   7.2936670e-05
   8.6800000e+02   0.0000000e+00   7.2580405e-05
   8.6900000e+02   0.0000000e+00   7.2225881e-05
   8.7000000e+02   0.0000000e+00   7.1873088e-05
   8.7100000e+02   0.0000000e+00   7.1522019e-05
   8.7200000e+02   0.0000000e+00   7.1172665e-05
   8.7300000e+02   0.0000000e+00   7.0825017e-05
   8.7400000e+02   1.0000000e+00   7.0479067e-05
   8.7500000e+02   0.0000000e+00   7.0134807e-05
   8.7600000e+02   0.0000000e+00   6.9792228e-05
   8.7700000e+02   0.0000000e+00   6.9451323e-05
   8.7800000e+02   0.0000000e+00   6.9112083e-05
   8.7900000e+02   1.0000000e+00   6.8774500e-05
   8.8000000e+02   0.0000000e+00   6.8438566e-05
   8.8100000e+02   0.0000000e+00   6.8104273e-05
   8.8200000e+02   0.0000000e+00   6.7771613e-05
   8.8300000e+02   0.0000000e+00   6.7440578e-05
   8.8400000e+02   1.0000000e+00   6.7111159e-05
   8.8500000e+02   0.0000000e+00   6.6783350e-05
   8.8600000e+02   0.0000000e+00   6.6457142e-05
   8.8700000e+02   0.0000000e+00   6.6132527e-05
   8.8800000e+02   0.0000000e+00   6.5809498e-05
   8.8900000e+02   1.0000000e+00   6.5488047e-05
   8.9000000e+02   0.0000000e+00   6.5168166e-05
   8.9100000e+02   0.0000000e+00   6.4849847e-05
   8.9200000e+02   0.0000000e+00   6.4533083e-05
   8.9300000e+02   0.0000000e+00   6.4217867e-05
   8.9400000e+02   0.0000000e+00   6.3904190e-05
   8.9500000e+02   0.0000000e+00   6.3592046e-05
   8.9600000e+02   0.0000000e+00   6.3281426e-05
   8.9700000e+02   0.0000000e+00   6.2972323e-05
   8.9800000e+02   0.0000000e+00   6.2664730e-05
   8.9900000e+02   0.0000000e+00   6.2358640e-05
   9.0000000e+02   0.0000000e+00   6.2054045e-05
   9.0100000e+02   0.0000000e+00   6.1750937e-05
   9.0200000e+02   0.0000000e+00   6.1449310e-05
   9.0300000e+02   0.0000000e+00   6.1149157e-05
   9.0400000e+02   0.0000000e+00   6.0850469e-05
   9.0500000e+02   0.0000000e+00   6.0553241e-05
   9.0600000e+02   0.0000000e+00   6.0257464e-05
   9.0700000e+02   0.0000000e+00   5.9963132e-05
   9.0800000e+02   0.0000000e+00   5.9670238e-05
   9.0900000e+02   0.0000000e+00   5.9378774e-05
   9.1000000e+02   1.0000000e+00   5.9088734e-05
   9.1100000e+02   0.0000000e+00   5.8800111e-05
   9.1200000e+02   0.0000000e+00   5.8512898e-05
   9.1300000e+02   0.0000000e+00   5.8227087e-05
   9.1400000e+02   0.0000000e+00   5.7942673e-05
   9.1500000e+02   0.0000000e+00   5.7659648e-05
   9.1600000e+02   0.0000000e+00   5.7378005e-05
   9.1700000e+02   0.0000000e+00   5.7097738e-05
   9.1800000e+02   0.0000000e+00   5.6818840e-05
   9.1900000e+02   0.0000000e+00   5.6541304e-05
   9.2000000e+02   0.0000000e+00   5.6265124e-05
   9.2100000e+02   0.0000000e+00   5.5990293e-05
   9.2200000e+02   0.0000000e+00   5.5716805e-05
   9.2300000e+02   0.0000000e+00   5.5444652e-05
   9.2400000e+02   0.0000000e+00   5.5173829e-05
   9.2500000e+02   0.0000000e+00   5.4904328e-05
   9.2600000e+02   1.0000000e+00   5.4636144e-05
   9.2700000e+02   0.0000000e+00   5.4369270e-05
   9.2800000e+02   0.0000000e+00   5.4103699e-05
   9.2900000e+02   0.0000000e+00   5.3839426e-05
   9.3000000e+02   0.0000000e+00   5.3576443e-05
   9.3100000e+02   0.0000000e+00   5.3314745e-05
   9.3200000e+02   0.0000000e+00   5.3054326e-05
   9.3300000e+02   0.0000000e+00   5.2795178e-05
   9.3400000e+02   0.0000000e+00   5.2537296e-05
   9.3500000e+02   0.0000000e+00   5.2280674e-05
   9.3600000e+02   1.0000000e+00   5.2025305e-05
   9.3700000e+02   0.0000000e+00   5.1771184e-05
   9.3800000e+02   0.0000000e+00   5.1518304e-05
   9.3900000e+02   0.0000000e+00   5.1266659e-05
   9.4000000e+02   0.0000000e+00   5.1016243e-05
   9.4100000e+02   0.0000000e+00   5.0767051e-05
   9.4200000e+02   0.0000000e+00   5.0519075e-05
   9.4300000e+02   1.0000000e+00   5.0272311e-05
   9.4400000e+02   0.0000000e+00   5.0026753e-05
   9.4500000e+02   0.0000000e+00   4.9782393e-05
   9.4600000e+02   0.0000000e+00   4.9539228e-05
   9.4700000e+02   0.0000000e+00   4.9297250e-05
   9.4800000e+02   0.0000000e+00   4.9056454e-05
   9.4900000e+02   0.0000000e+00   4.8816834e-05
   9.5000000e+02   0.0000000e+00   4.8578385e-05
   9.5100000e+02   0.0000000e+00   4.8341100e-05
   9.5200000e+02   0.0000000e+00   4.8104974e-05
   9.5300000e+02   0.0000000e+00   4.7870002e-05
   9.5400000e+02   0.0000000e+00   4.7636178e-05
   9.5500000e+02   0.0000000e+00   4.7403495e-05
   9.5600000e+02   0.0000000e+00   4.7171950e-05
   9.5700000e+02   0.0000000e+00   4.6941535e-05
   9.5800000e+02   0.0000000e+00   4.6712246e-05
   9.5900000e+02   0.0000000e+00   4.6484076e-05
   9.6000000e+02   0.0000000e+00   4.6257021e-05
   9.6100000e+02   0.0000000e+00   4.6031076e-05
   9.6200000e+02   0.0000000e+00   4.5806234e-05
   9.6300000e+02   0.0000000e+00   4.5582490e-05
   9.6400000e+02   0.0000000e+00   4.5359839e-05
   9.6500000e+02   0.0000000e+00   4.5138275e-05
   9.6600000e+02   0.0000000e+00   4.4917794e-05
   9.6700000e+02   0.0000000e+00   4.4698390e-05
   9.6800000e+02   0.0000000e+00   4.4480058e-05
   9.6900000e+02   0.0000000e+00   4.4262792e-05
   9.7000000e+02   0.0000000e+00   4.4046587e-05
   9.7100000e+02   0.0000000e+00   4.3831438e-05
   9.7200000e+02   0.0000000e+00   4.3617340e-05
   9.7300000e+02   0.0000000e+00   4.3404288e-05
   9.7400000e+02   0.0000000e+00   4.3192277e-05
   9.7500000e+02   0.0000000e+00   4.2981301e-05
   9.7600000e+02   0.0000000e+00   4.2771356e-05
   9.7700000e+02   0.0000000e+00   4.2562436e-05
   9.7800000e+02   0.0000000e+00   4.2354537e-05
   9.7900000e+02   0.0000000e+00   4.2147653e-05
   9.8000000e+02   0.0000000e+00   4.1941780e-05
   9.8100000e+02   1.0000000e+00   4.1736912e-05
   9.8200000e+02   0.0000000e+00   4.1533045e-05
   9.8300000e+02   0.0000000e+00   4.1330174e-05
   9.8400000e+02   0.0000000e+00   4.1128294e-05
   9.8500000e+02   0.0000000e+00   4.0927400e-05
   9.8600000e+02   0.0000000e+00   4.0727487e-05
   9.8700000e+02   0.0000000e+00   4.0528551e-05
   9.8800000e+02   0.0000000e+00   4.0330586e-05
   9.8900000e+02   0.0000000e+00   4.0133588e-05
   9.9000000e+02   0.0000000e+00   3.9937553e-05
   9.9100000e+02   1.0000000e+00   3.9742475e-05
   9.9200000e+02   0.0000000e+00   3.9548350e-05
   9.9300000e+02   0.0000000e+00   3.9355173e-05
   9.9400000e+02   0.0000000e+00   3.9162940e-05
   9.9500000e+02   0.0000000e+00   3.8971646e-05
   9.9600000e+02   1.0000000e+00   3.8781286e-05
   9.9700000e+02   0.0000000e+00   3.8591856e-05
   9.9800000e+02   0.0000000e+00   3.8403351e-05
   9.9900000e+02   0.0000000e+00   3.8215767e-05
   1.0000000e+03   0.0000000e+00   3.8029100e-05
   1.0010000e+03   0.0000000e+00   3.7843344e-05
   1.0020000e+03   0.0000000e+00   3.7658495e-05
   1.0030000e+03   0.0000000e+00   3.7474550e-05
   1.0040000e+03   0.0000000e+00   3.7291503e-05
   1.0050000e+03   0.0000000e+00   3.7109350e-05
   1.0060000e+03   0.0000000e+00   3.6928086e-05
   1.0070000e+03   0.0000000e+00   3.6747708e-05
   1.0080000e+03   0.0000000e+00   3.6568212e-05
   1.0090000e+03   1.0000000e+00   3.6389592e-05
   1.0100000e+03   0.0000000e+00   3.6211844e-05
   1.0110000e+03   0.0000000e+00   3.6034965e-05
   1.0120000e+03   0.0000000e+00   3.5858949e-05
   1.0130000e+03   0.0000000e+00   3.5683794e-05
   1.0140000e+03   0.0000000e+00   3.5509494e-05
   1.0150000e+03   1.0000000e+00   3.5336045e-05
   1.0160000e+03   0.0000000e+00   3.5163443e-05
   1.0170000e+03   0.0000000e+00   3.4991685e-05
   1.0180000e+03   0.0000000e+00   3.4820766e-05
   1.0190000e+03   1.0000000e+00   3.4650681e-05
   1.0200000e+03   0.0000000e+00   3.4481427e-05
   1.0210000e+03   0.0000000e+00   3.4313000e-05
   1.0220000e+03   0.0000000e+00   3.4145396e-05
   1.0230000e+03   0.0000000e+00   3.3978610e-05
   1.0240000e+03   0.0000000e+00   3.3812639e-05
   1.0250000e+03   0.0000000e+00   3.3647479e-05
   1.0260000e+03   1.0000000e+00   3.3483126e-05
   1.0270000e+03   0.0000000e+00   3.3319575e-05
   1.0280000e+03   0.0000000e+00   3.3156823e-05
   1.0290000e+03   0.0000000e+00   3.2994866e-05
   1.0300000e+03   0.0000000e+00   3.2833700e-05
   1.0310000e+03   0.0000000e+00   3.2673322e-05
   1.0320000e+03   0.0000000e+00   3.2513727e-05
   1.0330000e+03   0.0000000e+00   3.2354911e-05
   1.0340000e+03   0.0000000e+00   3.2196871e-05
   1.0350000e+03   0.0000000e+00   3.2039603e-05
   1.0360000e+03   0.0000000e+00   3.1883103e-05
   1.0370000e+03   0.0000000e+00   3.1727368e-05
   1.0380000e+03   0.0000000e+00   3.1572394e-05
   1.0390000e+03   0.0000000e+00   3.1418176e-05
   1.0400000e+03   0.0000000e+00   3.1264712e-05
   1.0410000e+03   0.0000000e+00   3.1111997e-05
   1.0420000e+03   0.0000000e+00   3.0960028e-05
   1.0430000e+03   0.0000000e+00   3.0808802e-05
   1.0440000e+03   0.0000000e+00   3.0658314e-05
   1.0450000e+03   0.0000000e+00   3.0508561e-05
   1.0460000e+03   0.0000000e+00   3.0359540e-05
   1.0470000e+03   0.0000000e+00   3.0211246e-05
   1.0480000e+03   0.0000000e+00   3.0063677e-05
   1.0490000e+03   0.0000000e+00   2.9916829e-05
   1.0500000e+03   0.0000000e+00   2.9770698e-05
   1.0510000e+03   0.0000000e+00   2.9625281e-05
   1.0520000e+03   0.0000000e+00   2.9480574e-05
   1.0530000e+03   0.0000000e+00   2.9336574e-05
   1.0540000e+03   0.0000000e+00   2.9193278e-05
   1.0550000e+03   0.0000000e+00   2.9050681e-05
   1.0560000e+03   0.0000000e+00   2.8908781e-05
   1.0570000e+03   0.0000000e+00   2.8767574e-05
   1.0580000e+03   0.0000000e+00   2.8627057e-05
   1.0590000e+03   0.0000000e+00   2.8487226e-05
   1.0600000e+03   0.0000000e+00   2.8348078e-05
   1.0610000e+03   0.0000000e+00   2.8209610e-05
   1.0620000e+03   0.0000000e+00   2.8071818e-05
   1.0630000e+03   0.0000000e+00   2.7934699e-05
   1.0640000e+03   0.0000000e+00   2.7798250e-05
   1.0650000e+03   0.0000000e+00   2.7662467e-05
   1.0660000e+03   0.0000000e+00   2.7527348e-05
   1.0670000e+03   0.0000000e+00   2.7392889e-05
   1.0680000e+03   0.0000000e+00   2.7259086e-05
   1.0690000e+03   0.0000000e+00   2.7125937e-05
   1.0700000e+03   0.0000000e+00   2.6993439e-05
   1.0710000e+03   0.0000000e+00   2.6861587e-05
   1.0720000e+03   0.0000000e+00   2.6730380e-05
   1.0730000e+03   0.0000000e+00   2.6599813e-05
   1.0740000e+03   0.0000000e+00   2.6469885e-05
   1.0750000e+03   0.0000000e+00   2.6340591e-05
   1.0760000e+03   0.0000000e+00   2.6211928e-05
   1.0770000e+03   0.0000000e+00   2.6083894e-05
   1.0780000e+03   0.0000000e+00   2.5956485e-05
   1.0790000e+03   0.0000000e+00   2.5829699e-05
   1.0800000e+03   0.0000000e+00   2.5703532e-05
   1.0810000e+03   1.0000000e+00   2.5577981e-05
   1.0820000e+03   0.0000000e+00   2.5453044e-05
   1.0830000e+03   0.0000000e+00   2.5328717e-05
   1.0840000e+03   0.0000000e+00   2.5204997e-05
   1.0850000e+03   0.0000000e+00   2.5081881e-05
   1.0860000e+03   0.0000000e+00   2.4959367e-05
   1.0870000e+03   0.0000000e+00   2.4837451e-05
   1.0880000e+03   0.0000000e+00   2.4716131e-05
   1.0890000e+03   0.0000000e+00   2.4595403e-05
   1.0900000e+03   0.0000000e+00   2.4475265e-05
   1.0910000e+03   0.0000000e+00   2.4355714e-05
   1.0920000e+03   0.0000000e+00   2.4236747e-05
   1.0930000e+03   0.0000000e+00   2.4118360e-05
   1.0940000e+03   0.0000000e+00   2.4000553e-05
   1.0950000e+03   0.0000000e+00   2.3883320e-05
   1.0960000e+03   0.0000000e+00   2.3766660e-05
   1.0970000e+03   0.0000000e+00   2.3650570e-05
   1.0980000e+03   0.0000000e+00   2.3535047e-05
   1.0990000e+03   0.0000000e+00   2.3420089e-05
   1.1000000e+03   0.0000000e+00   2.3305692e-05
   1.1010000e+03   0.0000000e+00   2.3191853e-05
   1.1020000e+03   1.0000000e+00   2.3078571e-05
   1.1030000e+03   0.0000000e+00   2.2965842e-05
   1.1040000e+03   0.0000000e+00   2.2853664e-05
   1.1050000e+03   0.0000000e+00   2.2742034e-05
   1.1060000e+03   0.0000000e+00   2.2630948e-05
   1.1070000e+03   0.0000000e+00   2.2520406e-05
   1.1080000e+03   0.0000000e+00   2.2410403e-05
   1.1090000e+03   0.0000000e+00   2.2300938e-05
   1.1100000e+03   0.0000000e+00   2.2192008e-05
   1.1110000e+03   0.0000000e+00   2.2083609e-05
   1.1120000e+03   0.0000000e+00   2.1975740e-05
   1.1130000e+03   0.0000000e+00   2.1868398e-05
   1.1140000e+03   0.0000000e+00   2.1761580e-05
   1.1150000e+03   0.0000000e+00   2.1655284e-05
   1.1160000e+03   0.0000000e+00   2.1549508e-05
   1.1170000e+03   0.0000000e+00   2.1444247e-05
   1.1180000e+03   0.0000000e+00   2.1339501e-05
   1.1190000e+03   0.0000000e+00   2.1235267e-05
   1.1200000e+03   0.0000000e+00   2.1131542e-05
   1.1210000e+03   0.0000000e+00   2.1028323e-05
   1.1220000e+03   0.0000000e+00   2.0925609e-05
   1.1230000e+03   0.0000000e+00   2.0823396e-05
   1.1240000e+03   0.0000000e+00   2.0721683e-05
   1.1250000e+03   0.0000000e+00   2.0620467e-05
   1.1260000e+03   0.0000000e+00   2.0519744e-05
   1.1270000e+03   0.0000000e+00   2.0419514e-05
   1.1280000e+03   0.0000000e+00   2.0319774e-05
   1.1290000e+03   0.0000000e+00   2.0220520e-05
   1.1300000e+03   0.0000000e+00   2.0121752e-05
   1.1310000e+03   0.0000000e+00   2.0023465e-05
   1.1320000e+03   0.0000000e+00   1.9925659e-05
   1.1330000e+03   0.0000000e+00   1.9828331e-05
   1.1340000e+03   0.0000000e+00   1.9731478e-05
   1.1350000e+03   0.0000000e+00   1.9635098e-05
   1.1360000e+03   0.0000000e+00   1.9539189e-05
   1.1370000e+03   0.0000000e+00   1.9443749e-05
   1.1380000e+03   0.0000000e+00   1.9348774e-05
   1.1390000e+03   0.0000000e+00   1.9254264e-05
   1.1400000e+03   0.0000000e+00   1.9160215e-05
   1.1410000e+03   0.0000000e+00   1.9066626e-05
   1.1420000e+03   0.0000000e+00   1.8973493e-05
   1.1430000e+03   0.0000000e+00   1.8880816e-05
   1.1440000e+03   0.0000000e+00   1.8788591e-05
   1.1450000e+03   0.0000000e+00   1.8696817e-05
   1.1460000e+03   0.0000000e+00   1.8605491e-05
   1.1470000e+03   0.0000000e+00   1.8514611e-05
   1.1480000e+03   0.0000000e+00   1.8424175e-05
   1.1490000e+03   0.0000000e+00   1.8334181e-05
   1.1500000e+03   0.0000000e+00   1.8244626e-05
   1.1510000e+03   0.0000000e+00   1.8155509e-05
   1.1520000e+03   0.0000000e+00   1.8066827e-05
   1.1530000e+03   0.0000000e+00   1.7978579e-05
   1.1540000e+03   0.0000000e+00   1.7890761e-05
   1.1550000e+03   0.0000000e+00   1.7803372e-05
   1.1560000e+03   0.0000000e+00   1.7716410e-05
   1.1570000e+03   0.0000000e+00   1.7629873e-05
   1.1580000e+03   0.0000000e+00   1.7543759e-05
   1.1590000e+03   0.0000000e+00   1.7458065e-05
   1.1600000e+03   0.0000000e+00   1.7372790e-05
   1.1610000e+03   0.0000000e+00   1.7287931e-05
   1.1620000e+03   0.0000000e+00   1.7203487e-05
   1.1630000e+03   0.0000000e+00   1.7119456e-05
   1.1640000e+03   0.0000000e+00   1.7035834e-05
   1.1650000e+03   0.0000000e+00   1.6952622e-05
   1.1660000e+03   0.0000000e+00   1.6869815e-05
   1.1670000e+03   1.0000000e+00   1.6787413e-05
   1.1680000e+03   0.0000000e+00   1.6705414e-05
   1.1690000e+03   0.0000000e+00   1.6623815e-05
   1.1700000e+03   0.0000000e+00   1.6542615e-05
   1.1710000e+03   0.0000000e+00   1.6461812e-05
   1.1720000e+03   1.0000000e+00   1.6381403e-05
   1.1730000e+03   0.0000000e+00   1.6301386e-05
   1.1740000e+03   0.0000000e+00   1.6221761e-05
   1.1750000e+03   0.0000000e+00   1.6142525e-05
   1.1760000e+03   0.0000000e+00   1.6063675e-05
   1.1770000e+03   0.0000000e+00   1.5985211e-05
   1.1780000e+03   0.0000000e+00   1.5907130e-05
   1.1790000e+03   0.0000000e+00   1.5829431e-05
   1.1800000e+03   0.0000000e+00   1.5752111e-05
   1.1810000e+03   0.0000000e+00   1.5675169e-05
   1.1820000e+03   0.0000000e+00   1.5598602e-05
   1.1830000e+03   0.0000000e+00   1.5522410e-05
   1.1840000e+03   0.0000000e+00   1.5446589e-05
   1.1850000e+03   0.0000000e+00   1.5371139e-05
   1.1860000e+03   0.0000000e+00   1.5296058e-05
   1.1870000e+03   0.0000000e+00   1.5221343e-05
   1.1880000e+03   0.0000000e+00   1.5146993e-05
   1.1890000e+03   0.0000000e+00   1.5073007e-05
   1.1900000e+03   0.0000000e+00   1.4999382e-05
   1.1910000e+03   0.0000000e+00   1.4926116e-05
   1.1920000e+03   0.0000000e+00   1.4853208e-05
   1.1930000e+03   0.0000000e+00   1.4780657e-05
   1.1940000e+03   0.0000000e+00   1.4708460e-05
   1.1950000e+03   0.0000000e+00   1.4636615e-05
   1.1960000e+03   0.0000000e+00   1.4565122e-05
   1.1970000e+03   0.0000000e+00   1.4493977e-05
   1.1980000e+03   0.0000000e+00   1.4423180e-05
   1.1990000e+03   0.0000000e+00   1.4352729e-05
   1.2000000e+03   0.0000000e+00   1.4282622e-05
   1.2010000e+03   0.0000000e+00   1.4212858e-05
   1.2020000e+03   0.0000000e+00   1.4143434e-05
   1.2030000e+03   0.0000000e+00   1.4074349e-05
   1.2040000e+03   0.0000000e+00   1.4005602e-05
   1.2050000e+03   0.0000000e+00   1.3937191e-05
   1.2060000e+03   0.0000000e+00   1.3869114e-05
   1.2070000e+03   0.0000000e+00   1.3801369e-05
   1.2080000e+03   0.0000000e+00   1.3733955e-05
   1.2090000e+03   0.0000000e+00   1.3666871e-05
   1.2100000e+03   0.0000000e+00   1.3600114e-05
   1.2110000e+03   0.0000000e+00   1.3533683e-05
   1.2120000e+03   0.0000000e+00   1.3467577e-05
   1.2130000e+03   0.0000000e+00   1.3401794e-05
   1.2140000e+03   0.0000000e+00   1.3336332e-05
   1.2150000e+03   0.0000000e+00   1.3271189e-05
   1.2160000e+03   0.0000000e+00   1.3206365e-05
   1.2170000e+03   0.0000000e+00   1.3141858e-05
   1.2180000e+03   0.0000000e+00   1.3077665e-05
   1.2190000e+03   0.0000000e+00   1.3013787e-05
   1.2200000e+03   0.0000000e+00   1.2950220e-05
   1.2210000e+03   0.0000000e+00   1.2886964e-05
   1.2220000e+03   0.0000000e+00   1.2824016e-05
   1.2230000e+03   0.0000000e+00   1.2761376e-05
   1.2240000e+03   0.0000000e+00   1.2699043e-05
   1.2250000e+03   0.0000000e+00   1.2637013e-05
   1.2260000e+03   0.0000000e+00   1.2575287e-05
   1.2270000e+03   0.0000000e+00   1.2513862e-05
   1.2280000e+03   0.0000000e+00   1.2452737e-05
   1.2290000e+03   0.0000000e+00   1.2391911e-05
   1.2300000e+03   0.0000000e+00   1.2331382e-05
   1.2310000e+03   0.0000000e+00   1.2271148e-05
   1.2320000e+03   0.0000000e+00   1.2211209e-05
   1.2330000e+03   0.0000000e+00   1.2151562e-05
   1.2340000e+03   0.0000000e+00   1.2092207e-05
   1.2350000e+03   0.0000000e+00   1.2033142e-05
   1.2360000e+03   0.0000000e+00   1.1974365e-05
   1.2370000e+03   0.0000000e+00   1.1915875e-05
   1.2380000e+03   0.0000000e+00   1.1857671e-05
   1.2390000e+03   0.0000000e+00   1.1799752e-05
   1.2400000e+03   0.0000000e+00   1.1742115e-05
   1.2410000e+03   0.0000000e+00   1.1684760e-05
   1.2420000e+03   0.0000000e+00   1.1627685e-05
   1.2430000e+03   0.0000000e+00   1.1570889e-05
   1.2440000e+03   0.0000000e+00   1.1514370e-05
   1.2450000e+03   0.0000000e+00   1.1458127e-05
   1.2460000e+03   0.0000000e+00   1.1402159e-05
   1.2470000e+03   0.0000000e+00   1.1346464e-05
   1.2480000e+03   0.0000000e+00   1.1291042e-05
   1.2490000e+03   0.0000000e+00   1.1235890e-05
   1.2500000e+03   0.0000000e+00   1.1181007e-05
   1.2510000e+03   0.0000000e+00   1.1126393e-05
   1.2520000e+03   0.0000000e+00   1.1072045e-05
   1.2530000e+03   0.0000000e+00   1.1017963e-05
   1.2540000e+03   0.0000000e+00   1.0964145e-05
   1.2550000e+03   0.0000000e+00   1.0910590e-05
   1.2560000e+03   0.0000000e+00   1.0857296e-05
   1.2570000e+03   0.0000000e+00   1.0804263e-05
   1.2580000e+03   0.0000000e+00   1.0751489e-05
   1.2590000e+03   0.0000000e+00   1.0698972e-05
   1.2600000e+03   0.0000000e+00   1.0646712e-05
   1.2610000e+03   0.0000000e+00   1.0594708e-05
   1.2620000e+03   0.0000000e+00   1.0542957e-05
   1.2630000e+03   0.0000000e+00   1.0491459e-05
   1.2640000e+03   0.0000000e+00   1.0440213e-05
   1.2650000e+03   0.0000000e+00   1.0389217e-05
   1.2660000e+03   0.0000000e+00   1.0338470e-05
   1.2670000e+03   0.0000000e+00   1.0287971e-05
   1.2680000e+03   0.0000000e+00   1.0237719e-05
   1.2690000e+03   0.0000000e+00   1.0187712e-05
   1.2700000e+03   0.0000000e+00   1.0137949e-05
   1.2710000e+03   0.0000000e+00   1.0088430e-05
   1.2720000e+03   0.0000000e+00   1.0039152e-05
   1.2730000e+03   0.0000000e+00   9.9901152e-06
   1.2740000e+03   0.0000000e+00   9.9413178e-06
   1.2750000e+03   0.0000000e+00   9.8927587e-06
   1.2760000e+03   0.0000000e+00   9.8444368e-06
   1.2770000e+03   0.0000000e+00   9.7963509e-06
   1.2780000e+03   0.0000000e+00   9.7485000e-06
   1.2790000e+03   0.0000000e+00   9.7008827e-06
   1.2800000e+03   0.0000000e+00   9.6534980e-06
   1.2810000e+03   0.0000000e+00   9.6063448e-06
   1.2820000e+03   0.0000000e+00   9.5594220e-06
   1.2830000e+03   0.0000000e+00   9.5127283e-06
   1.2840000e+03   0.0000000e+00   9.4662627e-06
   1.2850000e+03   0.0000000e+00   9.4200240e-06
   1.2860000e+03   0.0000000e+00   9.3740112e-06
   1.2870000e+03   0.0000000e+00   9.3282232e-06
   1.2880000e+03   0.0000000e+00   9.2826588e-06
   1.2890000e+03   0.0000000e+00   9.2373170e-06
   1.2900000e+03   0.0000000e+00   9.1921967e-06
   1.2910000e+03   0.0000000e+00   9.1472967e-06
   1.2920000e+03   0.0000000e+00   9.1026161e-06
   1.2930000e+03   0.0000000e+00   9.0581537e-06
   1.2940000e+03   0.0000000e+00   9.0139085e-06
   1.2950000e+03   0.0000000e+00   8.9698794e-06
   1.2960000e+03   0.0000000e+00   8.9260654e-06
   1.2970000e+03   0.0000000e+00   8.8824654e-06
   1.2980000e+03   0.0000000e+00   8.8390784e-06
   1.2990000e+03   0.0000000e+00   8.7959033e-06
   1.3000000e+03   0.0000000e+00   8.7529390e-06
   1.3010000e+03   0.0000000e+00   8.7101847e-06
   1.3020000e+03   0.0000000e+00   8.6676391e-06
   1.3030000e+03   0.0000000e+00   8.6253014e-06
   1.3040000e+03   0.0000000e+00   8.5831705e-06
   1.3050000e+03   0.0000000e+00   8.5412454e-06
   1.3060000e+03   0.0000000e+00   8.4995251e-06
   1.3070000e+03   0.0000000e+00   8.4580086e-06
   1.3080000e+03   1.0000000e+00   8.4166948e-06
   1.3090000e+03   0.0000000e+00   8.3755829e-06
   1.3100000e+03   0.0000000e+00   8.3346717e-06
   1.3110000e+03   0.0000000e+00   8.2939604e-06
   1.3120000e+03   0.0000000e+00   8.2534480e-06
   1.3130000e+03   0.0000000e+00   8.2131334e-06
   1.3140000e+03   0.0000000e+00   8.1730158e-06
   1.3150000e+03   0.0000000e+00   8.1330941e-06
   1.3160000e+03   0.0000000e+00   8.0933674e-06
   1.3170000e+03   0.0000000e+00   8.0538348e-06
   1.3180000e+03   0.0000000e+00   8.0144952e-06
   1.3190000e+03   0.0000000e+00   7.9753479e-06
   1.3200000e+03   0.0000000e+00   7.9363917e-06
   1.3210000e+03   0.0000000e+00   7.8976258e-06
   1.3220000e+03   0.0000000e+00   7.8590493e-06
   1.3230000e+03   0.0000000e+00   7.8206612e-06
   1.3240000e+03   0.0000000e+00   7.7824606e-06
   1.3250000e+03   0.0000000e+00   7.7444466e-06
   1.3260000e+03   0.0000000e+00   7.7066183e-06
   1.3270000e+03   0.0000000e+00   7.6689748e-06
   1.3280000e+03   0.0000000e+00   7.6315151e-06
   1.3290000e+03   0.0000000e+00   7.5942385e-06
   1.3300000e+03   0.0000000e+00   7.5571439e-06
   1.3310000e+03   0.0000000e+00   7.5202304e-06
   1.3320000e+03   0.0000000e+00   7.4834973e-06
   1.3330000e+03   0.0000000e+00   7.4469437e-06
   1.3340000e+03   0.0000000e+00   7.4105685e-06
   1.3350000e+03   0.0000000e+00   7.3743711e-06
   1.3360000e+03   0.0000000e+00   7.3383504e-06
   1.3370000e+03   0.0000000e+00   7.3025057e-06
   1.3380000e+03   0.0000000e+00   7.2668361e-06
   1.3390000e+03   0.0000000e+00   7.2313407e-06
   1.3400000e+03   0.0000000e+00   7.1960187e-06
   1.3410000e+03   0.0000000e+00   7.1608693e-06
   1.3420000e+03   0.0000000e+00   7.1258915e-06
   1.3430000e+03   0.0000000e+00   7.0910845e-06
   1.3440000e+03   0.0000000e+00   7.0564476e-06
   1.3450000e+03   0.0000000e+00   7.0219799e-06
   1.3460000e+03   1.0000000e+00   6.9876805e-06
