   1.0000000e+00   1.0000000e+00   0.0000000e+00
   2.0000000e+00   0.0000000e+00   5.0280251e-04
   3.0000000e+00   4.0000000e+00   9.5175914e-04
   4.0000000e+00   1.0000000e+00   1.3523835e-03
   5.0000000e+00   2.0000000e+00   1.7096259e-03
   6.0000000e+00   4.0000000e+00   2.0279306e-03
   7.0000000e+00   2.0000000e+00   2.3112880e-03
   8.0000000e+00   3.0000000e+00   2.5632806e-03
   9.0000000e+00   1.0000000e+00   2.7871248e-03
   1.0000000e+01   3.0000000e+00   2.9857084e-03
   1.1000000e+01   3.0000000e+00   3.1616240e-03
   1.2000000e+01   5.0000000e+00   3.3171992e-03
   1.3000000e+01   8.0000000e+00   3.4545241e-03
   1.4000000e+01   5.0000000e+00   3.5754747e-03
   1.5000000e+01   3.0000000e+00   3.6817356e-03
   1.6000000e+01   4.0000000e+00   3.7748190e-03
   1.7000000e+01   6.0000000e+00   3.8560829e-03
   1.8000000e+01   6.0000000e+00   3.9267461e-03
   1.9000000e+01   7.0000000e+00   3.9879030e-03
   2.0000000e+01   4.0000000e+00   4.0405361e-03
   2.1000000e+01   7.0000000e+00   4.0855276e-03
   2.2000000e+01   7.0000000e+00   4.1236693e-03
   2.3000000e+01   6.0000000e+00   4.1556721e-03
   2.4000000e+01   3.0000000e+00   4.1821742e-03
   2.5000000e+01   2.0000000e+00   4.2037488e-03
   2.6000000e+01   6.0000000e+00   4.2209101e-03
   2.7000000e+01   3.0000000e+00   4.2341199e-03
   2.8000000e+01   6.0000000e+00   4.2437927e-03
   2.9000000e+01   6.0000000e+00   4.2503008e-03
   3.0000000e+01   6.0000000e+00   4.2539781e-03
   3.1000000e+01   8.0000000e+00   4.2551245e-03
   3.2000000e+01   5.0000000e+00   4.2540093e-03
   3.3000000e+01   3.0000000e+00   4.2508740e-03
   3.4000000e+01   7.0000000e+00   4.2459355e-03
   3.5000000e+01   4.0000000e+00   4.2393885e-03
   3.6000000e+01   5.0000000e+00   4.2314079e-03
   3.7000000e+01   5.0000000e+00   4.2221502e-03
   3.8000000e+01   3.0000000e+00   4.2117565e-03
   3.9000000e+01   6.0000000e+00   4.2003529e-03
   4.0000000e+01   1.0000000e+01   4.1880529e-03
   4.1000000e+01   1.0000000e+00   4.1749581e-03
   4.2000000e+01   9.0000000e+00   4.1611599e-03
   4.3000000e+01   7.0000000e+00   4.1467403e-03
   4.4000000e+01   3.0000000e+00   4.1317725e-03
   4.5000000e+01   1.0000000e+01   4.1163228e-03
   4.6000000e+01   4.0000000e+00   4.1004501e-03
   4.7000000e+01   3.0000000e+00   4.0842075e-03
   4.8000000e+01   6.0000000e+00   4.0676426e-03
   4.9000000e+01   3.0000000e+00   4.0507982e-03
   5.0000000e+01   6.0000000e+00   4.0337124e-03
   5.1000000e+01   8.0000000e+00   4.0164196e-03
   5.2000000e+01   7.0000000e+00   3.9989506e-03
   5.3000000e+01   7.0000000e+00   3.9813329e-03
   5.4000000e+01   4.0000000e+00   3.9635912e-03
   5.5000000e+01   4.0000000e+00   3.9457477e-03
   5.6000000e+01   1.0000000e+00   3.9278222e-03
   5.7000000e+01   8.0000000e+00   3.9098324e-03
   5.8000000e+01   3.0000000e+00   3.8917942e-03
   5.9000000e+01   3.0000000e+00   3.8737219e-03
   6.0000000e+01   4.0000000e+00   3.8556282e-03
   6.1000000e+01   6.0000000e+00   3.8375244e-03
   6.2000000e+01   6.0000000e+00   3.8194208e-03
   6.3000000e+01   1.0000000e+00   3.8013264e-03
   6.4000000e+01   6.0000000e+00   3.7832494e-03
   6.5000000e+01   5.0000000e+00   3.7651969e-03
   6.6000000e+01   2.0000000e+00   3.7471755e-03
   6.7000000e+01   5.0000000e+00   3.7291909e-03
   6.8000000e+01   3.0000000e+00   3.7112481e-03
   6.9000000e+01   2.0000000e+00   3.6933519e-03
   7.0000000e+01   6.0000000e+00   3.6755061e-03
   7.1000000e+01   6.0000000e+00   3.6577145e-03
   7.2000000e+01   8.0000000e+00   3.6399801e-03
   7.3000000e+01   7.0000000e+00   3.6223059e-03
   7.4000000e+01   5.0000000e+00   3.6046942e-03
   7.5000000e+01   7.0000000e+00   3.5871472e-03
   7.6000000e+01   1.0000000e+00   3.5696670e-03
   7.7000000e+01   4.0000000e+00   3.5522551e-03
   7.8000000e+01   7.0000000e+00   3.5349130e-03
   7.9000000e+01   4.0000000e+00   3.5176421e-03
   8.0000000e+01   8.0000000e+00   3.5004433e-03
   8.1000000e+01   6.0000000e+00   3.4833177e-03
   8.2000000e+01   3.0000000e+00   3.4662661e-03
   8.3000000e+01   6.0000000e+00   3.4492891e-03
   8.4000000e+01   3.0000000e+00   3.4323874e-03
   8.5000000e+01   6.0000000e+00   3.4155614e-03
   8.6000000e+01   3.0000000e+00   3.3988115e-03
   8.7000000e+01   5.0000000e+00   3.3821381e-03
   8.8000000e+01   6.0000000e+00   3.3655412e-03
   8.9000000e+01   8.0000000e+00   3.3490213e-03
   9.0000000e+01   3.0000000e+00   3.3325782e-03
   9.1000000e+01   5.0000000e+00   3.3162122e-03
   9.2000000e+01   1.0000000e+00   3.2999232e-03
   9.3000000e+01   3.0000000e+00   3.2837112e-03
   9.4000000e+01   4.0000000e+00   3.2675762e-03
   9.5000000e+01   4.0000000e+00   3.2515181e-03
   9.6000000e+01   6.0000000e+00   3.2355367e-03
   9.7000000e+01   8.0000000e+00   3.2196318e-03
   9.8000000e+01   2.0000000e+00   3.2038035e-03
   9.9000000e+01   5.0000000e+00   3.1880513e-03
   1.0000000e+02   5.0000000e+00   3.1723753e-03
   1.0100000e+02   1.0000000e+00   3.1567750e-03
   1.0200000e+02   4.0000000e+00   3.1412503e-03
   1.0300000e+02   4.0000000e+00   3.1258009e-03
   1.0400000e+02   4.0000000e+00   3.1104266e-03
   1.0500000e+02   5.0000000e+00   3.0951271e-03
   1.0600000e+02   4.0000000e+00   3.0799021e-03
   1.0700000e+02   2.0000000e+00   3.0647514e-03
   1.0800000e+02   3.0000000e+00   3.0496746e-03
   1.0900000e+02   4.0000000e+00   3.0346714e-03
   1.1000000e+02   4.0000000e+00   3.0197415e-03
   1.1100000e+02   4.0000000e+00   3.0048847e-03
   1.1200000e+02   3.0000000e+00   2.9901006e-03
   1.1300000e+02   2.0000000e+00   2.9753888e-03
   1.1400000e+02   4.0000000e+00   2.9607491e-03
   1.1500000e+02   4.0000000e+00   2.9461812e-03
   1.1600000e+02   2.0000000e+00   2.9316847e-03
   1.1700000e+02   9.0000000e+00   2.9172594e-03
   1.1800000e+02   2.0000000e+00   2.9029048e-03
   1.1900000e+02   2.0000000e+00   2.8886206e-03
   1.2000000e+02   6.0000000e+00   2.8744066e-03
   1.2100000e+02   5.0000000e+00   2.8602623e-03
   1.2200000e+02   2.0000000e+00   2.8461876e-03
   1.2300000e+02   2.0000000e+00   2.8321819e-03
   1.2400000e+02   8.0000000e+00   2.8182451e-03
   1.2500000e+02   1.0000000e+00   2.8043768e-03
   1.2600000e+02   2.0000000e+00   2.7905766e-03
   1.2700000e+02   3.0000000e+00   2.7768443e-03
   1.2800000e+02   5.0000000e+00   2.7631795e-03
   1.2900000e+02   5.0000000e+00   2.7495818e-03
   1.3000000e+02   3.0000000e+00   2.7360511e-03
   1.3100000e+02   1.0000000e+00   2.7225868e-03
   1.3200000e+02   4.0000000e+00   2.7091888e-03
   1.3300000e+02   2.0000000e+00   2.6958566e-03
   1.3400000e+02   3.0000000e+00   2.6825901e-03
   1.3500000e+02   4.0000000e+00   2.6693887e-03
   1.3600000e+02   5.0000000e+00   2.6562524e-03
   1.3700000e+02   3.0000000e+00   2.6431806e-03
   1.3800000e+02   3.0000000e+00   2.6301731e-03
   1.3900000e+02   4.0000000e+00   2.6172297e-03
   1.4000000e+02   3.0000000e+00   2.6043499e-03
   1.4100000e+02   5.0000000e+00   2.5915335e-03
   1.4200000e+02   3.0000000e+00   2.5787801e-03
   1.4300000e+02   4.0000000e+00   2.5660895e-03
   1.4400000e+02   2.0000000e+00   2.5534613e-03
   1.4500000e+02   5.0000000e+00   2.5408953e-03
   1.4600000e+02   2.0000000e+00   2.5283910e-03
   1.4700000e+02   3.0000000e+00   2.5159484e-03
   1.4800000e+02   3.0000000e+00   2.5035669e-03
   1.4900000e+02   4.0000000e+00   2.4912464e-03
   1.5000000e+02   1.0000000e+00   2.4789864e-03
   1.5100000e+02   0.0000000e+00   2.4667869e-03
   1.5200000e+02   3.0000000e+00   2.4546473e-03
   1.5300000e+02   6.0000000e+00   2.4425675e-03
   1.5400000e+02   3.0000000e+00   2.4305471e-03
   1.5500000e+02   0.0000000e+00   2.4185859e-03
   1.5600000e+02   1.0000000e+00   2.4066835e-03
   1.5700000e+02   7.0000000e+00   2.3948397e-03
   1.5800000e+02   5.0000000e+00   2.3830542e-03
   1.5900000e+02   2.0000000e+00   2.3713267e-03
   1.6000000e+02   2.0000000e+00   2.3596569e-03
   1.6100000e+02   1.0000000e+00   2.3480445e-03
   1.6200000e+02   2.0000000e+00   2.3364893e-03
   1.6300000e+02   3.0000000e+00   2.3249909e-03
   1.6400000e+02   0.0000000e+00   2.3135492e-03
   1.6500000e+02   3.0000000e+00   2.3021637e-03
   1.6600000e+02   3.0000000e+00   2.2908342e-03
   1.6700000e+02   4.0000000e+00   2.2795606e-03
   1.6800000e+02   1.0000000e+00   2.2683423e-03
   1.6900000e+02   3.0000000e+00   2.2571793e-03
   1.7000000e+02   1.0000000e+00   2.2460713e-03
   1.7100000e+02   2.0000000e+00   2.2350179e-03
   1.7200000e+02   3.0000000e+00   2.2240189e-03
   1.7300000e+02   5.0000000e+00   2.2130740e-03
   1.7400000e+02   2.0000000e+00   2.2021830e-03
   1.7500000e+02   1.0000000e+00   2.1913455e-03
   1.7600000e+02   1.0000000e+00   2.1805614e-03
   1.7700000e+02   2.0000000e+00   2.1698304e-03
   1.7800000e+02   4.0000000e+00   2.1591522e-03
   1.7900000e+02   2.0000000e+00   2.1485265e-03
   1.8000000e+02   0.0000000e+00   2.1379532e-03
   1.8100000e+02   3.0000000e+00   2.1274318e-03
   1.8200000e+02   3.0000000e+00   2.1169623e-03
   1.8300000e+02   4.0000000e+00   2.1065442e-03
   1.8400000e+02   5.0000000e+00   2.0961775e-03
   1.8500000e+02   4.0000000e+00   2.0858617e-03
   1.8600000e+02   2.0000000e+00   2.0755967e-03
   1.8700000e+02   1.0000000e+00   2.0653823e-03
   1.8800000e+02   3.0000000e+00   2.0552181e-03
   1.8900000e+02   1.0000000e+00   2.0451039e-03
   1.9000000e+02   3.0000000e+00   2.0350395e-03
   1.9100000e+02   4.0000000e+00   2.0250246e-03
   1.9200000e+02   2.0000000e+00   2.0150590e-03
   1.9300000e+02   2.0000000e+00   2.0051425e-03
   1.9400000e+02   2.0000000e+00   1.9952747e-03
   1.9500000e+02   3.0000000e+00   1.9854555e-03
   1.9600000e+02   0.0000000e+00   1.9756847e-03
   1.9700000e+02   3.0000000e+00   1.9659619e-03
   1.9800000e+02   5.0000000e+00   1.9562870e-03
   1.9900000e+02   2.0000000e+00   1.9466596e-03
   2.0000000e+02   5.0000000e+00   1.9370797e-03
   2.0100000e+02   3.0000000e+00   1.9275469e-03
   2.0200000e+02   5.0000000e+00   1.9180610e-03
   2.0300000e+02   5.0000000e+00   1.9086218e-03
   2.0400000e+02   1.0000000e+00   1.8992291e-03
   2.0500000e+02   0.0000000e+00   1.8898826e-03
   2.0600000e+02   3.0000000e+00   1.8805820e-03
   2.0700000e+02   3.0000000e+00   1.8713273e-03
   2.0800000e+02   3.0000000e+00   1.8621181e-03
   2.0900000e+02   2.0000000e+00   1.8529542e-03
   2.1000000e+02   3.0000000e+00   1.8438354e-03
   2.1100000e+02   3.0000000e+00   1.8347614e-03
   2.1200000e+02   5.0000000e+00   1.8257322e-03
   2.1300000e+02   1.0000000e+00   1.8167474e-03
   2.1400000e+02   2.0000000e+00   1.8078067e-03
   2.1500000e+02   2.0000000e+00   1.7989101e-03
   2.1600000e+02   3.0000000e+00   1.7900573e-03
   2.1700000e+02   0.0000000e+00   1.7812480e-03
   2.1800000e+02   5.0000000e+00   1.7724821e-03
   2.1900000e+02   3.0000000e+00   1.7637593e-03
   2.2000000e+02   2.0000000e+00   1.7550795e-03
   2.2100000e+02   2.0000000e+00   1.7464424e-03
   2.2200000e+02   1.0000000e+00   1.7378477e-03
   2.2300000e+02   1.0000000e+00   1.7292954e-03
   2.2400000e+02   2.0000000e+00   1.7207852e-03
   2.2500000e+02   1.0000000e+00   1.7123168e-03
   2.2600000e+02   3.0000000e+00   1.7038901e-03
   2.2700000e+02   0.0000000e+00   1.6955049e-03
   2.2800000e+02   2.0000000e+00   1.6871609e-03
   2.2900000e+02   0.0000000e+00   1.6788580e-03
   2.3000000e+02   2.0000000e+00   1.6705960e-03
   2.3100000e+02   4.0000000e+00   1.6623746e-03
   2.3200000e+02   1.0000000e+00   1.6541937e-03
   2.3300000e+02   1.0000000e+00   1.6460531e-03
   2.3400000e+02   1.0000000e+00   1.6379525e-03
   2.3500000e+02   2.0000000e+00   1.6298918e-03
   2.3600000e+02   5.0000000e+00   1.6218707e-03
   2.3700000e+02   3.0000000e+00   1.6138891e-03
   2.3800000e+02   1.0000000e+00   1.6059468e-03
   2.3900000e+02   0.0000000e+00   1.5980436e-03
   2.4000000e+02   2.0000000e+00   1.5901793e-03
   2.4100000e+02   1.0000000e+00   1.5823537e-03
   2.4200000e+02   2.0000000e+00   1.5745665e-03
   2.4300000e+02   4.0000000e+00   1.5668178e-03
   2.4400000e+02   3.0000000e+00   1.5591071e-03
   2.4500000e+02   2.0000000e+00   1.5514344e-03
   2.4600000e+02   6.0000000e+00   1.5437994e-03
   2.4700000e+02   2.0000000e+00   1.5362021e-03
   2.4800000e+02   1.0000000e+00   1.5286421e-03
   2.4900000e+02   2.0000000e+00   1.5211193e-03
   2.5000000e+02   3.0000000e+00   1.5136335e-03
   2.5100000e+02   0.0000000e+00   1.5061846e-03
   2.5200000e+02   1.0000000e+00   1.4987723e-03
   2.5300000e+02   3.0000000e+00   1.4913965e-03
   2.5400000e+02   1.0000000e+00   1.4840571e-03
   2.5500000e+02   2.0000000e+00   1.4767537e-03
   2.5600000e+02   1.0000000e+00   1.4694863e-03
   2.5700000e+02   1.0000000e+00   1.4622546e-03
   2.5800000e+02   0.0000000e+00   1.4550585e-03
   2.5900000e+02   1.0000000e+00   1.4478978e-03
   2.6000000e+02   1.0000000e+00   1.4407724e-03
   2.6100000e+02   2.0000000e+00   1.4336821e-03
   2.6200000e+02   1.0000000e+00   1.4266266e-03
   2.6300000e+02   2.0000000e+00   1.4196059e-03
   2.6400000e+02   3.0000000e+00   1.4126197e-03
   2.6500000e+02   3.0000000e+00   1.4056678e-03
   2.6600000e+02   0.0000000e+00   1.3987502e-03
   2.6700000e+02   0.0000000e+00   1.3918667e-03
   2.6800000e+02   1.0000000e+00   1.3850170e-03
   2.6900000e+02   1.0000000e+00   1.3782010e-03
   2.7000000e+02   3.0000000e+00   1.3714186e-03
   2.7100000e+02   2.0000000e+00   1.3646695e-03
   2.7200000e+02   2.0000000e+00   1.3579537e-03
   2.7300000e+02   1.0000000e+00   1.3512709e-03
   2.7400000e+02   3.0000000e+00   1.3446210e-03
   2.7500000e+02   3.0000000e+00   1.3380038e-03
   2.7600000e+02   2.0000000e+00   1.3314192e-03
   2.7700000e+02   3.0000000e+00   1.3248670e-03
   2.7800000e+02   0.0000000e+00   1.3183471e-03
   2.7900000e+02   0.0000000e+00   1.3118592e-03
   2.8000000e+02   1.0000000e+00   1.3054032e-03
   2.8100000e+02   0.0000000e+00   1.2989791e-03
   2.8200000e+02   3.0000000e+00   1.2925865e-03
   2.8300000e+02   1.0000000e+00   1.2862254e-03
   2.8400000e+02   2.0000000e+00   1.2798956e-03
   2.8500000e+02   1.0000000e+00   1.2735969e-03
   2.8600000e+02   3.0000000e+00   1.2673293e-03
   2.8700000e+02   5.0000000e+00   1.2610925e-03
   2.8800000e+02   0.0000000e+00   1.2548864e-03
   2.8900000e+02   3.0000000e+00   1.2487108e-03
   2.9000000e+02   0.0000000e+00   1.2425656e-03
   2.9100000e+02   0.0000000e+00   1.2364507e-03
   2.9200000e+02   2.0000000e+00   1.2303658e-03
   2.9300000e+02   2.0000000e+00   1.2243109e-03
   2.9400000e+02   3.0000000e+00   1.2182858e-03
   2.9500000e+02   0.0000000e+00   1.2122904e-03
   2.9600000e+02   4.0000000e+00   1.2063244e-03
   2.9700000e+02   0.0000000e+00   1.2003878e-03
   2.9800000e+02   2.0000000e+00   1.1944805e-03
   2.9900000e+02   2.0000000e+00   1.1886022e-03
   3.0000000e+02   2.0000000e+00   1.1827528e-03
   3.0100000e+02   2.0000000e+00   1.1769322e-03
   3.0200000e+02   1.0000000e+00   1.1711403e-03
   3.0300000e+02   3.0000000e+00   1.1653768e-03
   3.0400000e+02   1.0000000e+00   1.1596417e-03
   3.0500000e+02   2.0000000e+00   1.1539349e-03
   3.0600000e+02   0.0000000e+00   1.1482561e-03
   3.0700000e+02   3.0000000e+00   1.1426053e-03
   3.0800000e+02   3.0000000e+00   1.1369823e-03
   3.0900000e+02   2.0000000e+00   1.1313870e-03
   3.1000000e+02   2.0000000e+00   1.1258192e-03
   3.1100000e+02   4.0000000e+00   1.1202787e-03
   3.1200000e+02   1.0000000e+00   1.1147656e-03
   3.1300000e+02   0.0000000e+00   1.1092796e-03
   3.1400000e+02   3.0000000e+00   1.1038206e-03
   3.1500000e+02   4.0000000e+00   1.0983884e-03
   3.1600000e+02   1.0000000e+00   1.0929830e-03
   3.1700000e+02   4.0000000e+00   1.0876042e-03
   3.1800000e+02   0.0000000e+00   1.0822519e-03
   3.1900000e+02   1.0000000e+00   1.0769259e-03
   3.2000000e+02   2.0000000e+00   1.0716261e-03
   3.2100000e+02   0.0000000e+00   1.0663524e-03
   3.2200000e+02   2.0000000e+00   1.0611046e-03
   3.2300000e+02   1.0000000e+00   1.0558827e-03
   3.2400000e+02   0.0000000e+00   1.0506865e-03
   3.2500000e+02   0.0000000e+00   1.0455158e-03
   3.2600000e+02   2.0000000e+00   1.0403706e-03
   3.2700000e+02   3.0000000e+00   1.0352507e-03
   3.2800000e+02   3.0000000e+00   1.0301560e-03
   3.2900000e+02   3.0000000e+00   1.0250864e-03
   3.3000000e+02   0.0000000e+00   1.0200417e-03
   3.3100000e+02   1.0000000e+00   1.0150219e-03
   3.3200000e+02   2.0000000e+00   1.0100267e-03
   3.3300000e+02   5.0000000e+00   1.0050561e-03
   3.3400000e+02   2.0000000e+00   1.0001100e-03
   3.3500000e+02   1.0000000e+00   9.9518828e-04
   3.3600000e+02   1.0000000e+00   9.9029074e-04
   3.3700000e+02   0.0000000e+00   9.8541730e-04
   3.3800000e+02   2.0000000e+00   9.8056785e-04
   3.3900000e+02   0.0000000e+00   9.7574226e-04
   3.4000000e+02   2.0000000e+00   9.7094042e-04
   3.4100000e+02   2.0000000e+00   9.6616220e-04
   3.4200000e+02   1.0000000e+00   9.6140751e-04
   3.4300000e+02   3.0000000e+00   9.5667621e-04
   3.4400000e+02   2.0000000e+00   9.5196819e-04
   3.4500000e+02   3.0000000e+00   9.4728335e-04
   3.4600000e+02   0.0000000e+00   9.4262156e-04
   3.4700000e+02   1.0000000e+00   9.3798271e-04
   3.4800000e+02   3.0000000e+00   9.3336669e-04
   3.4900000e+02   0.0000000e+00   9.2877339e-04
   3.5000000e+02   3.0000000e+00   9.2420269e-04
   3.5100000e+02   2.0000000e+00   9.1965449e-04
   3.5200000e+02   2.0000000e+00   9.1512866e-04
   3.5300000e+02   1.0000000e+00   9.1062511e-04
   3.5400000e+02   0.0000000e+00   9.0614373e-04
   3.5500000e+02   3.0000000e+00   9.0168439e-04
   3.5600000e+02   2.0000000e+00   8.9724701e-04
   3.5700000e+02   0.0000000e+00   8.9283146e-04
   3.5800000e+02   0.0000000e+00   8.8843764e-04
   3.5900000e+02   2.0000000e+00   8.8406544e-04
   3.6000000e+02   1.0000000e+00   8.7971476e-04
   3.6100000e+02   2.0000000e+00   8.7538549e-04
   3.6200000e+02   1.0000000e+00   8.7107752e-04
   3.6300000e+02   1.0000000e+00   8.6679076e-04
   3.6400000e+02   2.0000000e+00   8.6252509e-04
   3.6500000e+02   1.0000000e+00   8.5828041e-04
   3.6600000e+02   0.0000000e+00   8.5405663e-04
   3.6700000e+02   2.0000000e+00   8.4985363e-04
   3.6800000e+02   1.0000000e+00   8.4567131e-04
   3.6900000e+02   1.0000000e+00   8.4150957e-04
   3.7000000e+02   1.0000000e+00   8.3736832e-04
   3.7100000e+02   0.0000000e+00   8.3324745e-04
   3.7200000e+02   0.0000000e+00   8.2914685e-04
   3.7300000e+02   1.0000000e+00   8.2506644e-04
   3.7400000e+02   1.0000000e+00   8.2100610e-04
   3.7500000e+02   2.0000000e+00   8.1696575e-04
   3.7600000e+02   2.0000000e+00   8.1294528e-04
   3.7700000e+02   0.0000000e+00   8.0894460e-04
   3.7800000e+02   1.0000000e+00   8.0496361e-04
   3.7900000e+02   1.0000000e+00   8.0100220e-04
   3.8000000e+02   2.0000000e+00   7.9706029e-04
   3.8100000e+02   1.0000000e+00   7.9313779e-04
   3.8200000e+02   1.0000000e+00   7.8923458e-04
   3.8300000e+02   2.0000000e+00   7.8535058e-04
   3.8400000e+02   1.0000000e+00   7.8148570e-04
   3.8500000e+02   1.0000000e+00   7.7763984e-04
   3.8600000e+02   2.0000000e+00   7.7381290e-04
   3.8700000e+02   2.0000000e+00   7.7000480e-04
   3.8800000e+02   2.0000000e+00   7.6621543e-04
   3.8900000e+02   1.0000000e+00   7.6244472e-04
   3.9000000e+02   2.0000000e+00   7.5869256e-04
   3.9100000e+02   0.0000000e+00   7.5495887e-04
   3.9200000e+02   1.0000000e+00   7.5124355e-04
   3.9300000e+02   0.0000000e+00   7.4754651e-04
   3.9400000e+02   1.0000000e+00   7.4386767e-04
   3.9500000e+02   1.0000000e+00   7.4020693e-04
   3.9600000e+02   0.0000000e+00   7.3656421e-04
   3.9700000e+02   3.0000000e+00   7.3293942e-04
   3.9800000e+02   2.0000000e+00   7.2933246e-04
   3.9900000e+02   0.0000000e+00   7.2574326e-04
   4.0000000e+02   1.0000000e+00   7.2217171e-04
   4.0100000e+02   1.0000000e+00   7.1861775e-04
   4.0200000e+02   2.0000000e+00   7.1508127e-04
   4.0300000e+02   2.0000000e+00   7.1156220e-04
   4.0400000e+02   0.0000000e+00   7.0806044e-04
   4.0500000e+02   0.0000000e+00   7.0457592e-04
   4.0600000e+02   1.0000000e+00   7.0110855e-04
   4.0700000e+02   0.0000000e+00   6.9765824e-04
   4.0800000e+02   0.0000000e+00   6.9422491e-04
   4.0900000e+02   1.0000000e+00   6.9080848e-04
   4.1000000e+02   1.0000000e+00   6.8740886e-04
   4.1100000e+02   0.0000000e+00   6.8402597e-04
   4.1200000e+02   0.0000000e+00   6.8065972e-04
   4.1300000e+02   3.0000000e+00   6.7731005e-04
   4.1400000e+02   0.0000000e+00   6.7397685e-04
   4.1500000e+02   2.0000000e+00   6.7066007e-04
   4.1600000e+02   0.0000000e+00   6.6735960e-04
   4.1700000e+02   0.0000000e+00   6.6407538e-04
   4.1800000e+02   2.0000000e+00   6.6080731e-04
   4.1900000e+02   0.0000000e+00   6.5755534e-04
   4.2000000e+02   0.0000000e+00   6.5431936e-04
   4.2100000e+02   2.0000000e+00   6.5109931e-04
   4.2200000e+02   0.0000000e+00   6.4789511e-04
   4.2300000e+02   0.0000000e+00   6.4470667e-04
   4.2400000e+02   0.0000000e+00   6.4153393e-04
   4.2500000e+02   2.0000000e+00   6.3837680e-04
   4.2600000e+02   0.0000000e+00   6.3523521e-04
   4.2700000e+02   0.0000000e+00   6.3210908e-04
   4.2800000e+02   0.0000000e+00   6.2899833e-04
   4.2900000e+02   1.0000000e+00   6.2590289e-04
   4.3000000e+02   0.0000000e+00   6.2282268e-04
   4.3100000e+02   0.0000000e+00   6.1975763e-04
   4.3200000e+02   4.0000000e+00   6.1670767e-04
   4.3300000e+02   0.0000000e+00   6.1367272e-04
   4.3400000e+02   1.0000000e+00   6.1065270e-04
   4.3500000e+02   2.0000000e+00   6.0764754e-04
   4.3600000e+02   1.0000000e+00   6.0465717e-04
   4.3700000e+02   2.0000000e+00   6.0168152e-04
   4.3800000e+02   1.0000000e+00   5.9872052e-04
   4.3900000e+02   0.0000000e+00   5.9577408e-04
   4.4000000e+02   0.0000000e+00   5.9284214e-04
   4.4100000e+02   1.0000000e+00   5.8992464e-04
   4.4200000e+02   0.0000000e+00   5.8702149e-04
   4.4300000e+02   0.0000000e+00   5.8413263e-04
   4.4400000e+02   0.0000000e+00   5.8125798e-04
   4.4500000e+02   1.0000000e+00   5.7839748e-04
   4.4600000e+02   0.0000000e+00   5.7555106e-04
   4.4700000e+02   0.0000000e+00   5.7271865e-04
   4.4800000e+02   1.0000000e+00   5.6990017e-04
   4.4900000e+02   0.0000000e+00   5.6709557e-04
   4.5000000e+02   0.0000000e+00   5.6430477e-04
   4.5100000e+02   0.0000000e+00   5.6152770e-04
   4.5200000e+02   1.0000000e+00   5.5876430e-04
   4.5300000e+02   0.0000000e+00   5.5601450e-04
   4.5400000e+02   0.0000000e+00   5.5327823e-04
   4.5500000e+02   0.0000000e+00   5.5055542e-04
   4.5600000e+02   1.0000000e+00   5.4784602e-04
   4.5700000e+02   1.0000000e+00   5.4514995e-04
   4.5800000e+02   2.0000000e+00   5.4246714e-04
   4.5900000e+02   2.0000000e+00   5.3979754e-04
   4.6000000e+02   1.0000000e+00   5.3714108e-04
   4.6100000e+02   1.0000000e+00   5.3449769e-04
   4.6200000e+02   0.0000000e+00   5.3186731e-04
   4.6300000e+02   0.0000000e+00   5.2924987e-04
   4.6400000e+02   1.0000000e+00   5.2664532e-04
   4.6500000e+02   1.0000000e+00   5.2405358e-04
   4.6600000e+02   1.0000000e+00   5.2147460e-04
   4.6700000e+02   0.0000000e+00   5.1890831e-04
   4.6800000e+02   0.0000000e+00   5.1635464e-04
   4.6900000e+02   1.0000000e+00   5.1381355e-04
   4.7000000e+02   0.0000000e+00   5.1128496e-04
   4.7100000e+02   1.0000000e+00   5.0876881e-04
   4.7200000e+02   0.0000000e+00   5.0626505e-04
   4.7300000e+02   1.0000000e+00   5.0377361e-04
   4.7400000e+02   0.0000000e+00   5.0129443e-04
   4.7500000e+02   0.0000000e+00   4.9882745e-04
   4.7600000e+02   1.0000000e+00   4.9637261e-04
   4.7700000e+02   3.0000000e+00   4.9392985e-04
   4.7800000e+02   0.0000000e+00   4.9149911e-04
   4.7900000e+02   0.0000000e+00   4.8908034e-04
   4.8000000e+02   0.0000000e+00   4.8667346e-04
   4.8100000e+02   2.0000000e+00   4.8427844e-04
   4.8200000e+02   0.0000000e+00   4.8189519e-04
   4.8300000e+02   0.0000000e+00   4.7952368e-04
   4.8400000e+02   2.0000000e+00   4.7716384e-04
   4.8500000e+02   2.0000000e+00   4.7481561e-04
   4.8600000e+02   1.0000000e+00   4.7247894e-04
   4.8700000e+02   0.0000000e+00   4.7015377e-04
   4.8800000e+02   0.0000000e+00   4.6784004e-04
   4.8900000e+02   2.0000000e+00   4.6553769e-04
   4.9000000e+02   2.0000000e+00   4.6324668e-04
   4.9100000e+02   1.0000000e+00   4.6096694e-04
   4.9200000e+02   1.0000000e+00   4.5869842e-04
   4.9300000e+02   0.0000000e+00   4.5644106e-04
   4.9400000e+02   1.0000000e+00   4.5419482e-04
   4.9500000e+02   1.0000000e+00   4.5195962e-04
   4.9600000e+02   2.0000000e+00   4.4973543e-04
   4.9700000e+02   0.0000000e+00   4.4752218e-04
   4.9800000e+02   2.0000000e+00   4.4531983e-04
   4.9900000e+02   0.0000000e+00   4.4312831e-04
   5.0000000e+02   0.0000000e+00   4.4094758e-04
   5.0100000e+02   0.0000000e+00   4.3877758e-04
   5.0200000e+02   1.0000000e+00   4.3661826e-04
   5.0300000e+02   1.0000000e+00   4.3446956e-04
   5.0400000e+02   1.0000000e+00   4.3233144e-04
   5.0500000e+02   1.0000000e+00   4.3020385e-04
   5.0600000e+02   1.0000000e+00   4.2808672e-04
   5.0700000e+02   1.0000000e+00   4.2598001e-04
   5.0800000e+02   0.0000000e+00   4.2388367e-04
   5.0900000e+02   1.0000000e+00   4.2179764e-04
   5.1000000e+02   1.0000000e+00   4.1972188e-04
   5.1100000e+02   0.0000000e+00   4.1765634e-04
   5.1200000e+02   0.0000000e+00   4.1560096e-04
   5.1300000e+02   0.0000000e+00   4.1355570e-04
   5.1400000e+02   0.0000000e+00   4.1152050e-04
   5.1500000e+02   1.0000000e+00   4.0949532e-04
   5.1600000e+02   2.0000000e+00   4.0748010e-04
   5.1700000e+02   1.0000000e+00   4.0547480e-04
   5.1800000e+02   2.0000000e+00   4.0347937e-04
   5.1900000e+02   0.0000000e+00   4.0149376e-04
   5.2000000e+02   0.0000000e+00   3.9951792e-04
   5.2100000e+02   0.0000000e+00   3.9755180e-04
   5.2200000e+02   0.0000000e+00   3.9559536e-04
   5.2300000e+02   1.0000000e+00   3.9364855e-04
   5.2400000e+02   1.0000000e+00   3.9171132e-04
   5.2500000e+02   0.0000000e+00   3.8978362e-04
   5.2600000e+02   0.0000000e+00   3.8786541e-04
   5.2700000e+02   0.0000000e+00   3.8595664e-04
   5.2800000e+02   0.0000000e+00   3.8405726e-04
   5.2900000e+02   2.0000000e+00   3.8216723e-04
   5.3000000e+02   0.0000000e+00   3.8028650e-04
   5.3100000e+02   0.0000000e+00   3.7841503e-04
   5.3200000e+02   0.0000000e+00   3.7655277e-04
   5.3300000e+02   0.0000000e+00   3.7469967e-04
   5.3400000e+02   0.0000000e+00   3.7285569e-04
   5.3500000e+02   2.0000000e+00   3.7102078e-04
   5.3600000e+02   1.0000000e+00   3.6919491e-04
   5.3700000e+02   1.0000000e+00   3.6737802e-04
   5.3800000e+02   0.0000000e+00   3.6557007e-04
   5.3900000e+02   0.0000000e+00   3.6377102e-04
   5.4000000e+02   1.0000000e+00   3.6198082e-04
   5.4100000e+02   1.0000000e+00   3.6019943e-04
   5.4200000e+02   0.0000000e+00   3.5842681e-04
   5.4300000e+02   1.0000000e+00   3.5666292e-04
   5.4400000e+02   1.0000000e+00   3.5490770e-04
   5.4500000e+02   0.0000000e+00   3.5316112e-04
   5.4600000e+02   1.0000000e+00   3.5142314e-04
   5.4700000e+02   0.0000000e+00   3.4969371e-04
   5.4800000e+02   1.0000000e+00   3.4797279e-04
   5.4900000e+02   1.0000000e+00   3.4626033e-04
   5.5000000e+02   0.0000000e+00   3.4455631e-04
   5.5100000e+02   0.0000000e+00   3.4286067e-04
   5.5200000e+02   0.0000000e+00   3.4117338e-04
   5.5300000e+02   0.0000000e+00   3.3949439e-04
   5.5400000e+02   0.0000000e+00   3.3782366e-04
   5.5500000e+02   0.0000000e+00   3.3616116e-04
   5.5600000e+02   0.0000000e+00   3.3450684e-04
   5.5700000e+02   0.0000000e+00   3.3286066e-04
   5.5800000e+02   1.0000000e+00   3.3122257e-04
   5.5900000e+02   0.0000000e+00   3.2959256e-04
   5.6000000e+02   0.0000000e+00   3.2797056e-04
   5.6100000e+02   1.0000000e+00   3.2635654e-04
   5.6200000e+02   0.0000000e+00   3.2475047e-04
   5.6300000e+02   1.0000000e+00   3.2315230e-04
   5.6400000e+02   0.0000000e+00   3.2156200e-04
   5.6500000e+02   0.0000000e+00   3.1997952e-04
   5.6600000e+02   0.0000000e+00   3.1840483e-04
   5.6700000e+02   1.0000000e+00   3.1683789e-04
   5.6800000e+02   0.0000000e+00   3.1527866e-04
   5.6900000e+02   0.0000000e+00   3.1372711e-04
   5.7000000e+02   0.0000000e+00   3.1218319e-04
   5.7100000e+02   1.0000000e+00   3.1064686e-04
   5.7200000e+02   0.0000000e+00   3.0911810e-04
   5.7300000e+02   2.0000000e+00   3.0759686e-04
   5.7400000e+02   0.0000000e+00   3.0608311e-04
   5.7500000e+02   0.0000000e+00   3.0457681e-04
   5.7600000e+02   1.0000000e+00   3.0307792e-04
   5.7700000e+02   1.0000000e+00   3.0158641e-04
   5.7800000e+02   1.0000000e+00   3.0010223e-04
   5.7900000e+02   1.0000000e+00   2.9862536e-04
   5.8000000e+02   0.0000000e+00   2.9715576e-04
   5.8100000e+02   0.0000000e+00   2.9569339e-04
   5.8200000e+02   2.0000000e+00   2.9423822e-04
   5.8300000e+02   0.0000000e+00   2.9279021e-04
   5.8400000e+02   0.0000000e+00   2.9134932e-04
   5.8500000e+02   0.0000000e+00   2.8991553e-04
   5.8600000e+02   0.0000000e+00   2.8848879e-04
   5.8700000e+02   0.0000000e+00   2.8706908e-04
   5.8800000e+02   0.0000000e+00   2.8565635e-04
   5.8900000e+02   0.0000000e+00   2.8425057e-04
   5.9000000e+02   0.0000000e+00   2.8285171e-04
   5.9100000e+02   0.0000000e+00   2.8145973e-04
   5.9200000e+02   0.0000000e+00   2.8007461e-04
   5.9300000e+02   0.0000000e+00   2.7869630e-04
   5.9400000e+02   0.0000000e+00   2.7732477e-04
   5.9500000e+02   0.0000000e+00   2.7596000e-04
   5.9600000e+02   0.0000000e+00   2.7460194e-04
   5.9700000e+02   0.0000000e+00   2.7325056e-04
   5.9800000e+02   0.0000000e+00   2.7190583e-04
   5.9900000e+02   1.0000000e+00   2.7056772e-04
   6.0000000e+02   0.0000000e+00   2.6923620e-04
   6.0100000e+02   0.0000000e+00   2.6791123e-04
   6.0200000e+02   0.0000000e+00   2.6659278e-04
   6.0300000e+02   0.0000000e+00   2.6528082e-04
   6.0400000e+02   0.0000000e+00   2.6397531e-04
   6.0500000e+02   0.0000000e+00   2.6267623e-04
   6.0600000e+02   1.0000000e+00   2.6138355e-04
   6.0700000e+02   1.0000000e+00   2.6009722e-04
   6.0800000e+02   3.0000000e+00   2.5881722e-04
   6.0900000e+02   0.0000000e+00   2.5754353e-04
   6.1000000e+02   0.0000000e+00   2.5627610e-04
   6.1100000e+02   0.0000000e+00   2.5501491e-04
   6.1200000e+02   1.0000000e+00   2.5375992e-04
   6.1300000e+02   2.0000000e+00   2.5251111e-04
   6.1400000e+02   0.0000000e+00   2.5126845e-04
   6.1500000e+02   0.0000000e+00   2.5003190e-04
   6.1600000e+02   1.0000000e+00   2.4880144e-04
   6.1700000e+02   1.0000000e+00   2.4757704e-04
   6.1800000e+02   1.0000000e+00   2.4635865e-04
   6.1900000e+02   0.0000000e+00   2.4514627e-04
   6.2000000e+02   1.0000000e+00   2.4393985e-04
   6.2100000e+02   1.0000000e+00   2.4273937e-04
   6.2200000e+02   0.0000000e+00   2.4154479e-04
   6.2300000e+02   1.0000000e+00   2.4035610e-04
   6.2400000e+02   0.0000000e+00   2.3917325e-04
   6.2500000e+02   0.0000000e+00   2.3799623e-04
   6.2600000e+02   0.0000000e+00   2.3682500e-04
   6.2700000e+02   0.0000000e+00   2.3565953e-04
   6.2800000e+02   0.0000000e+00   2.3449980e-04
   6.2900000e+02   0.0000000e+00   2.3334577e-04
   6.3000000e+02   0.0000000e+00   2.3219743e-04
   6.3100000e+02   1.0000000e+00   2.3105473e-04
   6.3200000e+02   1.0000000e+00   2.2991766e-04
   6.3300000e+02   0.0000000e+00   2.2878619e-04
   6.3400000e+02   0.0000000e+00   2.2766028e-04
   6.3500000e+02   1.0000000e+00   2.2653991e-04
   6.3600000e+02   0.0000000e+00   2.2542506e-04
   6.3700000e+02   0.0000000e+00   2.2431569e-04
   6.3800000e+02   0.0000000e+00   2.2321179e-04
   6.3900000e+02   0.0000000e+00   2.2211331e-04
   6.4000000e+02   0.0000000e+00   2.2102024e-04
   6.4100000e+02   0.0000000e+00   2.1993255e-04
   6.4200000e+02   0.0000000e+00   2.1885022e-04
   6.4300000e+02   0.0000000e+00   2.1777321e-04
   6.4400000e+02   0.0000000e+00   2.1670150e-04
   6.4500000e+02   0.0000000e+00   2.1563506e-04
   6.4600000e+02   1.0000000e+00   2.1457387e-04
   6.4700000e+02   0.0000000e+00   2.1351791e-04
   6.4800000e+02   2.0000000e+00   2.1246714e-04
   6.4900000e+02   0.0000000e+00   2.1142154e-04
   6.5000000e+02   0.0000000e+00   2.1038109e-04
   6.5100000e+02   0.0000000e+00   2.0934576e-04
   6.5200000e+02   0.0000000e+00   2.0831552e-04
   6.5300000e+02   1.0000000e+00   2.0729035e-04
   6.5400000e+02   0.0000000e+00   2.0627023e-04
   6.5500000e+02   0.0000000e+00   2.0525513e-04
   6.5600000e+02   0.0000000e+00   2.0424503e-04
   6.5700000e+02   0.0000000e+00   2.0323989e-04
   6.5800000e+02   0.0000000e+00   2.0223970e-04
   6.5900000e+02   0.0000000e+00   2.0124444e-04
   6.6000000e+02   1.0000000e+00   2.0025407e-04
   6.6100000e+02   1.0000000e+00   1.9926857e-04
   6.6200000e+02   0.0000000e+00   1.9828793e-04
   6.6300000e+02   1.0000000e+00   1.9731211e-04
   6.6400000e+02   0.0000000e+00   1.9634109e-04
   6.6500000e+02   0.0000000e+00   1.9537486e-04
   6.6600000e+02   0.0000000e+00   1.9441337e-04
   6.6700000e+02   0.0000000e+00   1.9345662e-04
   6.6800000e+02   0.0000000e+00   1.9250458e-04
   6.6900000e+02   0.0000000e+00   1.9155722e-04
   6.7000000e+02   1.0000000e+00   1.9061453e-04
   6.7100000e+02   1.0000000e+00   1.8967647e-04
   6.7200000e+02   2.0000000e+00   1.8874303e-04
   6.7300000e+02   0.0000000e+00   1.8781419e-04
   6.7400000e+02   0.0000000e+00   1.8688991e-04
   6.7500000e+02   0.0000000e+00   1.8597018e-04
   6.7600000e+02   0.0000000e+00   1.8505498e-04
   6.7700000e+02   0.0000000e+00   1.8414429e-04
   6.7800000e+02   0.0000000e+00   1.8323807e-04
   6.7900000e+02   0.0000000e+00   1.8233632e-04
   6.8000000e+02   1.0000000e+00   1.8143900e-04
   6.8100000e+02   1.0000000e+00   1.8054610e-04
   6.8200000e+02   0.0000000e+00   1.7965759e-04
   6.8300000e+02   0.0000000e+00   1.7877346e-04
   6.8400000e+02   0.0000000e+00   1.7789367e-04
   6.8500000e+02   2.0000000e+00   1.7701822e-04
   6.8600000e+02   0.0000000e+00   1.7614708e-04
   6.8700000e+02   0.0000000e+00   1.7528022e-04
   6.8800000e+02   0.0000000e+00   1.7441762e-04
   6.8900000e+02   0.0000000e+00   1.7355928e-04
   6.9000000e+02   0.0000000e+00   1.7270515e-04
   6.9100000e+02   0.0000000e+00   1.7185523e-04
   6.9200000e+02   0.0000000e+00   1.7100950e-04
   6.9300000e+02   1.0000000e+00   1.7016792e-04
   6.9400000e+02   0.0000000e+00   1.6933049e-04
   6.9500000e+02   0.0000000e+00   1.6849717e-04
   6.9600000e+02   1.0000000e+00   1.6766796e-04
   6.9700000e+02   0.0000000e+00   1.6684283e-04
   6.9800000e+02   0.0000000e+00   1.6602176e-04
   6.9900000e+02   0.0000000e+00   1.6520473e-04
   7.0000000e+02   0.0000000e+00   1.6439172e-04
   7.0100000e+02   0.0000000e+00   1.6358271e-04
   7.0200000e+02   1.0000000e+00   1.6277769e-04
   7.0300000e+02   0.0000000e+00   1.6197662e-04
   7.0400000e+02   0.0000000e+00   1.6117950e-04
   7.0500000e+02   1.0000000e+00   1.6038630e-04
   7.0600000e+02   0.0000000e+00   1.5959700e-04
   7.0700000e+02   1.0000000e+00   1.5881159e-04
   7.0800000e+02   0.0000000e+00   1.5803005e-04
   7.0900000e+02   0.0000000e+00   1.5725234e-04
   7.1000000e+02   1.0000000e+00   1.5647847e-04
   7.1100000e+02   0.0000000e+00   1.5570841e-04
   7.1200000e+02   0.0000000e+00   1.5494213e-04
   7.1300000e+02   0.0000000e+00   1.5417963e-04
   7.1400000e+02   0.0000000e+00   1.5342087e-04
   7.1500000e+02   0.0000000e+00   1.5266586e-04
   7.1600000e+02   0.0000000e+00   1.5191455e-04
   7.1700000e+02   0.0000000e+00   1.5116695e-04
   7.1800000e+02   0.0000000e+00   1.5042302e-04
   7.1900000e+02   0.0000000e+00   1.4968276e-04
   7.2000000e+02   1.0000000e+00   1.4894614e-04
   7.2100000e+02   0.0000000e+00   1.4821314e-04
   7.2200000e+02   0.0000000e+00   1.4748375e-04
   7.2300000e+02   0.0000000e+00   1.4675795e-04
   7.2400000e+02   0.0000000e+00   1.4603572e-04
   7.2500000e+02   0.0000000e+00   1.4531705e-04
   7.2600000e+02   0.0000000e+00   1.4460191e-04
   7.2700000e+02   2.0000000e+00   1.4389029e-04
   7.2800000e+02   0.0000000e+00   1.4318218e-04
   7.2900000e+02   0.0000000e+00   1.4247755e-04
   7.3000000e+02   0.0000000e+00   1.4177638e-04
   7.3100000e+02   1.0000000e+00   1.4107867e-04
   7.3200000e+02   0.0000000e+00   1.4038439e-04
   7.3300000e+02   0.0000000e+00   1.3969353e-04
   7.3400000e+02   0.0000000e+00   1.3900607e-04
   7.3500000e+02   0.0000000e+00   1.3832199e-04
   7.3600000e+02   0.0000000e+00   1.3764127e-04
   7.3700000e+02   0.0000000e+00   1.3696391e-04
   7.3800000e+02   0.0000000e+00   1.3628988e-04
   7.3900000e+02   0.0000000e+00   1.3561917e-04
   7.4000000e+02   0.0000000e+00   1.3495176e-04
   7.4100000e+02   0.0000000e+00   1.3428763e-04
   7.4200000e+02   0.0000000e+00   1.3362677e-04
   7.4300000e+02   0.0000000e+00   1.3296916e-04
   7.4400000e+02   0.0000000e+00   1.3231479e-04
   7.4500000e+02   0.0000000e+00   1.3166364e-04
   7.4600000e+02   0.0000000e+00   1.3101570e-04
   7.4700000e+02   0.0000000e+00   1.3037094e-04
   7.4800000e+02   0.0000000e+00   1.2972936e-04
   7.4900000e+02   0.0000000e+00   1.2909093e-04
   7.5000000e+02   0.0000000e+00   1.2845564e-04
   7.5100000e+02   0.0000000e+00   1.2782349e-04
   7.5200000e+02   0.0000000e+00   1.2719444e-04
   7.5300000e+02   0.0000000e+00   1.2656849e-04
   7.5400000e+02   0.0000000e+00   1.2594561e-04
   7.5500000e+02   0.0000000e+00   1.2532581e-04
   7.5600000e+02   1.0000000e+00   1.2470905e-04
   7.5700000e+02   0.0000000e+00   1.2409533e-04
   7.5800000e+02   0.0000000e+00   1.2348463e-04
   7.5900000e+02   0.0000000e+00   1.2287694e-04
   7.6000000e+02   0.0000000e+00   1.2227223e-04
   7.6100000e+02   0.0000000e+00   1.2167050e-04
   7.6200000e+02   0.0000000e+00   1.2107174e-04
   7.6300000e+02   0.0000000e+00   1.2047592e-04
   7.6400000e+02   0.0000000e+00   1.1988303e-04
   7.6500000e+02   0.0000000e+00   1.1929306e-04
   7.6600000e+02   0.0000000e+00   1.1870599e-04
   7.6700000e+02   0.0000000e+00   1.1812181e-04
   7.6800000e+02   1.0000000e+00   1.1754051e-04
   7.6900000e+02   0.0000000e+00   1.1696206e-04
   7.7000000e+02   0.0000000e+00   1.1638647e-04
   7.7100000e+02   0.0000000e+00   1.1581370e-04
   7.7200000e+02   0.0000000e+00   1.1524376e-04
   7.7300000e+02   0.0000000e+00   1.1467662e-04
   7.7400000e+02   1.0000000e+00   1.1411227e-04
   7.7500000e+02   0.0000000e+00   1.1355070e-04
   7.7600000e+02   0.0000000e+00   1.1299189e-04
   7.7700000e+02   0.0000000e+00   1.1243583e-04
   7.7800000e+02   0.0000000e+00   1.1188251e-04
   7.7900000e+02   0.0000000e+00   1.1133191e-04
   7.8000000e+02   0.0000000e+00   1.1078402e-04
   7.8100000e+02   0.0000000e+00   1.1023883e-04
   7.8200000e+02   0.0000000e+00   1.0969632e-04
   7.8300000e+02   0.0000000e+00   1.0915648e-04
   7.8400000e+02   1.0000000e+00   1.0861930e-04
   7.8500000e+02   0.0000000e+00   1.0808476e-04
   7.8600000e+02   0.0000000e+00   1.0755285e-04
   7.8700000e+02   0.0000000e+00   1.0702356e-04
   7.8800000e+02   0.0000000e+00   1.0649687e-04
   7.8900000e+02   0.0000000e+00   1.0597278e-04
   7.9000000e+02   0.0000000e+00   1.0545126e-04
   7.9100000e+02   0.0000000e+00   1.0493231e-04
   7.9200000e+02   0.0000000e+00   1.0441592e-04
   7.9300000e+02   0.0000000e+00   1.0390207e-04
   7.9400000e+02   1.0000000e+00   1.0339074e-04
   7.9500000e+02   0.0000000e+00   1.0288193e-04
   7.9600000e+02   0.0000000e+00   1.0237563e-04
   7.9700000e+02   0.0000000e+00   1.0187181e-04
   7.9800000e+02   0.0000000e+00   1.0137048e-04
   7.9900000e+02   0.0000000e+00   1.0087161e-04
   8.0000000e+02   0.0000000e+00   1.0037520e-04
   8.0100000e+02   0.0000000e+00   9.9881234e-05
   8.0200000e+02   0.0000000e+00   9.9389697e-05
   8.0300000e+02   0.0000000e+00   9.8900578e-05
   8.0400000e+02   0.0000000e+00   9.8413867e-05
   8.0500000e+02   1.0000000e+00   9.7929550e-05
   8.0600000e+02   0.0000000e+00   9.7447617e-05
   8.0700000e+02   0.0000000e+00   9.6968056e-05
   8.0800000e+02   0.0000000e+00   9.6490855e-05
   8.0900000e+02   0.0000000e+00   9.6016002e-05
   8.1000000e+02   0.0000000e+00   9.5543486e-05
   8.1100000e+02   0.0000000e+00   9.5073296e-05
   8.1200000e+02   0.0000000e+00   9.4605419e-05
   8.1300000e+02   0.0000000e+00   9.4139845e-05
   8.1400000e+02   0.0000000e+00   9.3676562e-05
   8.1500000e+02   0.0000000e+00   9.3215559e-05
   8.1600000e+02   0.0000000e+00   9.2756825e-05
   8.1700000e+02   1.0000000e+00   9.2300348e-05
   8.1800000e+02   0.0000000e+00   9.1846118e-05
   8.1900000e+02   0.0000000e+00   9.1394123e-05
   8.2000000e+02   0.0000000e+00   9.0944352e-05
   8.2100000e+02   0.0000000e+00   9.0496795e-05
   8.2200000e+02   0.0000000e+00   9.0051440e-05
   8.2300000e+02   0.0000000e+00   8.9608277e-05
   8.2400000e+02   1.0000000e+00   8.9167295e-05
   8.2500000e+02   1.0000000e+00   8.8728483e-05
   8.2600000e+02   0.0000000e+00   8.8291831e-05
   8.2700000e+02   1.0000000e+00   8.7857327e-05
   8.2800000e+02   1.0000000e+00   8.7424962e-05
   8.2900000e+02   0.0000000e+00   8.6994725e-05
   8.3000000e+02   0.0000000e+00   8.6566604e-05
   8.3100000e+02   0.0000000e+00   8.6140591e-05
   8.3200000e+02   0.0000000e+00   8.5716674e-05
   8.3300000e+02   0.0000000e+00   8.5294844e-05
   8.3400000e+02   0.0000000e+00   8.4875089e-05
   8.3500000e+02   0.0000000e+00   8.4457400e-05
   8.3600000e+02   0.0000000e+00   8.4041767e-05
   8.3700000e+02   0.0000000e+00   8.3628178e-05
   8.3800000e+02   0.0000000e+00   8.3216626e-05
   8.3900000e+02   0.0000000e+00   8.2807098e-05
   8.4000000e+02   0.0000000e+00   8.2399586e-05
   8.4100000e+02   0.0000000e+00   8.1994080e-05
   8.4200000e+02   0.0000000e+00   8.1590569e-05
   8.4300000e+02   0.0000000e+00   8.1189044e-05
   8.4400000e+02   0.0000000e+00   8.0789495e-05
   8.4500000e+02   0.0000000e+00   8.0391912e-05
   8.4600000e+02   1.0000000e+00   7.9996285e-05
   8.4700000e+02   0.0000000e+00   7.9602606e-05
   8.4800000e+02   0.0000000e+00   7.9210864e-05
   8.4900000e+02   0.0000000e+00   7.8821050e-05
   8.5000000e+02   0.0000000e+00   7.8433154e-05
   8.5100000e+02   0.0000000e+00   7.8047167e-05
   8.5200000e+02   0.0000000e+00   7.7663080e-05
   8.5300000e+02   0.0000000e+00   7.7280883e-05
   8.5400000e+02   0.0000000e+00   7.6900567e-05
   8.5500000e+02   1.0000000e+00   7.6522122e-05
   8.5600000e+02   0.0000000e+00   7.6145540e-05
   8.5700000e+02   0.0000000e+00   7.5770811e-05
   8.5800000e+02   0.0000000e+00   7.5397926e-05
   8.5900000e+02   1.0000000e+00   7.5026876e-05
   8.6000000e+02   0.0000000e+00   7.4657653e-05
   8.6100000e+02   0.0000000e+00   7.4290246e-05
   8.6200000e+02   0.0000000e+00   7.3924647e-05
   8.6300000e+02   0.0000000e+00   7.3560848e-05
   8.6400000e+02   0.0000000e+00   7.3198838e-05
   8.6500000e+02   0.0000000e+00   7.2838611e-05
   8.6600000e+02   0.0000000e+00   7.2480156e-05
   8.6700000e+02   0.0000000e+00   7.2123465e-05
   8.6800000e+02   0.0000000e+00   7.1768530e-05
   8.6900000e+02   0.0000000e+00   7.1415341e-05
   8.7000000e+02   0.0000000e+00   7.1063890e-05
   8.7100000e+02   0.0000000e+00   7.0714169e-05
   8.7200000e+02   0.0000000e+00   7.0366169e-05
   8.7300000e+02   0.0000000e+00   7.0019882e-05
   8.7400000e+02   0.0000000e+00   6.9675299e-05
   8.7500000e+02   0.0000000e+00   6.9332411e-05
   8.7600000e+02   0.0000000e+00   6.8991211e-05
   8.7700000e+02   0.0000000e+00   6.8651690e-05
   8.7800000e+02   0.0000000e+00   6.8313840e-05
   8.7900000e+02   0.0000000e+00   6.7977653e-05
   8.8000000e+02   2.0000000e+00   6.7643120e-05
   8.8100000e+02   0.0000000e+00   6.7310233e-05
   8.8200000e+02   0.0000000e+00   6.6978984e-05
   8.8300000e+02   0.0000000e+00   6.6649366e-05
   8.8400000e+02   0.0000000e+00   6.6321370e-05
   8.8500000e+02   0.0000000e+00   6.5994988e-05
   8.8600000e+02   0.0000000e+00   6.5670212e-05
   8.8700000e+02   1.0000000e+00   6.5347034e-05
   8.8800000e+02   0.0000000e+00   6.5025447e-05
   8.8900000e+02   0.0000000e+00   6.4705443e-05
   8.9000000e+02   0.0000000e+00   6.4387013e-05
   8.9100000e+02   1.0000000e+00   6.4070150e-05
   8.9200000e+02   0.0000000e+00   6.3754847e-05
   8.9300000e+02   0.0000000e+00   6.3441095e-05
   8.9400000e+02   0.0000000e+00   6.3128888e-05
   8.9500000e+02   0.0000000e+00   6.2818216e-05
   8.9600000e+02   0.0000000e+00   6.2509074e-05
   8.9700000e+02   0.0000000e+00   6.2201453e-05
   8.9800000e+02   0.0000000e+00   6.1895346e-05
   8.9900000e+02   0.0000000e+00   6.1590746e-05
   9.0000000e+02   0.0000000e+00   6.1287644e-05
   9.0100000e+02   0.0000000e+00   6.0986034e-05
   9.0200000e+02   0.0000000e+00   6.0685908e-05
   9.0300000e+02   0.0000000e+00   6.0387260e-05
   9.0400000e+02   1.0000000e+00   6.0090081e-05
   9.0500000e+02   0.0000000e+00   5.9794364e-05
   9.0600000e+02   1.0000000e+00   5.9500103e-05
   9.0700000e+02   0.0000000e+00   5.9207290e-05
   9.0800000e+02   0.0000000e+00   5.8915918e-05
   9.0900000e+02   0.0000000e+00   5.8625979e-05
   9.1000000e+02   0.0000000e+00   5.8337468e-05
   9.1100000e+02   0.0000000e+00   5.8050376e-05
   9.1200000e+02   0.0000000e+00   5.7764698e-05
   9.1300000e+02   0.0000000e+00   5.7480425e-05
   9.1400000e+02   0.0000000e+00   5.7197551e-05
   9.1500000e+02   0.0000000e+00   5.6916069e-05
   9.1600000e+02   1.0000000e+00   5.6635973e-05
   9.1700000e+02   1.0000000e+00   5.6357255e-05
   9.1800000e+02   0.0000000e+00   5.6079908e-05
   9.1900000e+02   0.0000000e+00   5.5803927e-05
   9.2000000e+02   0.0000000e+00   5.5529303e-05
   9.2100000e+02   0.0000000e+00   5.5256031e-05
   9.2200000e+02   0.0000000e+00   5.4984104e-05
   9.2300000e+02   0.0000000e+00   5.4713515e-05
   9.2400000e+02   0.0000000e+00   5.4444258e-05
   9.2500000e+02   0.0000000e+00   5.4176326e-05
   9.2600000e+02   0.0000000e+00   5.3909712e-05
   9.2700000e+02   0.0000000e+00   5.3644411e-05
   9.2800000e+02   0.0000000e+00   5.3380415e-05
   9.2900000e+02   0.0000000e+00   5.3117718e-05
   9.3000000e+02   0.0000000e+00   5.2856314e-05
   9.3100000e+02   0.0000000e+00   5.2596196e-05
   9.3200000e+02   0.0000000e+00   5.2337359e-05
   9.3300000e+02   0.0000000e+00   5.2079795e-05
   9.3400000e+02   0.0000000e+00   5.1823499e-05
   9.3500000e+02   0.0000000e+00   5.1568464e-05
   9.3600000e+02   0.0000000e+00   5.1314684e-05
   9.3700000e+02   0.0000000e+00   5.1062154e-05
   9.3800000e+02   0.0000000e+00   5.0810866e-05
   9.3900000e+02   0.0000000e+00   5.0560814e-05
   9.4000000e+02   0.0000000e+00   5.0311993e-05
   9.4100000e+02   0.0000000e+00   5.0064397e-05
   9.4200000e+02   0.0000000e+00   4.9818019e-05
   9.4300000e+02   0.0000000e+00   4.9572853e-05
   9.4400000e+02   0.0000000e+00   4.9328894e-05
   9.4500000e+02   0.0000000e+00   4.9086136e-05
   9.4600000e+02   1.0000000e+00   4.8844572e-05
   9.4700000e+02   0.0000000e+00   4.8604198e-05
   9.4800000e+02   0.0000000e+00   4.8365006e-05
   9.4900000e+02   0.0000000e+00   4.8126991e-05
   9.5000000e+02   0.0000000e+00   4.7890147e-05
   9.5100000e+02   0.0000000e+00   4.7654469e-05
   9.5200000e+02   0.0000000e+00   4.7419951e-05
   9.5300000e+02   0.0000000e+00   4.7186587e-05
   9.5400000e+02   0.0000000e+00   4.6954371e-05
   9.5500000e+02   0.0000000e+00   4.6723299e-05
   9.5600000e+02   0.0000000e+00   4.6493363e-05
   9.5700000e+02   0.0000000e+00   4.6264559e-05
   9.5800000e+02   0.0000000e+00   4.6036881e-05
   9.5900000e+02   0.0000000e+00   4.5810323e-05
   9.6000000e+02   0.0000000e+00   4.5584881e-05
   9.6100000e+02   0.0000000e+00   4.5360547e-05
   9.6200000e+02   0.0000000e+00   4.5137318e-05
   9.6300000e+02   1.0000000e+00   4.4915187e-05
   9.6400000e+02   0.0000000e+00   4.4694150e-05
   9.6500000e+02   0.0000000e+00   4.4474200e-05
   9.6600000e+02   0.0000000e+00   4.4255333e-05
   9.6700000e+02   0.0000000e+00   4.4037542e-05
   9.6800000e+02   0.0000000e+00   4.3820824e-05
   9.6900000e+02   0.0000000e+00   4.3605172e-05
   9.7000000e+02   0.0000000e+00   4.3390581e-05
   9.7100000e+02   0.0000000e+00   4.3177047e-05
   9.7200000e+02   0.0000000e+00   4.2964563e-05
   9.7300000e+02   0.0000000e+00   4.2753125e-05
   9.7400000e+02   0.0000000e+00   4.2542727e-05
   9.7500000e+02   0.0000000e+00   4.2333365e-05
   9.7600000e+02   0.0000000e+00   4.2125033e-05
   9.7700000e+02   0.0000000e+00   4.1917727e-05
   9.7800000e+02   0.0000000e+00   4.1711441e-05
   9.7900000e+02   0.0000000e+00   4.1506169e-05
   9.8000000e+02   0.0000000e+00   4.1301908e-05
   9.8100000e+02   0.0000000e+00   4.1098653e-05
   9.8200000e+02   0.0000000e+00   4.0896397e-05
   9.8300000e+02   0.0000000e+00   4.0695137e-05
   9.8400000e+02   0.0000000e+00   4.0494867e-05
   9.8500000e+02   0.0000000e+00   4.0295583e-05
   9.8600000e+02   0.0000000e+00   4.0097280e-05
   9.8700000e+02   0.0000000e+00   3.9899952e-05
   9.8800000e+02   0.0000000e+00   3.9703596e-05
   9.8900000e+02   0.0000000e+00   3.9508205e-05
   9.9000000e+02   0.0000000e+00   3.9313777e-05
   9.9100000e+02   0.0000000e+00   3.9120305e-05
   9.9200000e+02   0.0000000e+00   3.8927785e-05
   9.9300000e+02   0.0000000e+00   3.8736213e-05
   9.9400000e+02   0.0000000e+00   3.8545584e-05
   9.9500000e+02   0.0000000e+00   3.8355892e-05
   9.9600000e+02   0.0000000e+00   3.8167135e-05
   9.9700000e+02   0.0000000e+00   3.7979306e-05
   9.9800000e+02   0.0000000e+00   3.7792401e-05
   9.9900000e+02   0.0000000e+00   3.7606417e-05
   1.0000000e+03   0.0000000e+00   3.7421347e-05
   1.0010000e+03   0.0000000e+00   3.7237188e-05
   1.0020000e+03   0.0000000e+00   3.7053936e-05
   1.0030000e+03   0.0000000e+00   3.6871585e-05
   1.0040000e+03   0.0000000e+00   3.6690132e-05
   1.0050000e+03   0.0000000e+00   3.6509572e-05
   1.0060000e+03   0.0000000e+00   3.6329900e-05
   1.0070000e+03   0.0000000e+00   3.6151113e-05
   1.0080000e+03   0.0000000e+00   3.5973205e-05
   1.0090000e+03   0.0000000e+00   3.5796173e-05
   1.0100000e+03   0.0000000e+00   3.5620012e-05
   1.0110000e+03   0.0000000e+00   3.5444718e-05
   1.0120000e+03   0.0000000e+00   3.5270287e-05
   1.0130000e+03   0.0000000e+00   3.5096714e-05
   1.0140000e+03   0.0000000e+00   3.4923996e-05
   1.0150000e+03   0.0000000e+00   3.4752127e-05
   1.0160000e+03   0.0000000e+00   3.4581104e-05
   1.0170000e+03   0.0000000e+00   3.4410923e-05
   1.0180000e+03   0.0000000e+00   3.4241579e-05
   1.0190000e+03   0.0000000e+00   3.4073069e-05
   1.0200000e+03   0.0000000e+00   3.3905388e-05
   1.0210000e+03   0.0000000e+00   3.3738532e-05
   1.0220000e+03   0.0000000e+00   3.3572497e-05
   1.0230000e+03   0.0000000e+00   3.3407279e-05
   1.0240000e+03   0.0000000e+00   3.3242875e-05
   1.0250000e+03   0.0000000e+00   3.3079279e-05
   1.0260000e+03   0.0000000e+00   3.2916489e-05
   1.0270000e+03   0.0000000e+00   3.2754500e-05
   1.0280000e+03   0.0000000e+00   3.2593308e-05
   1.0290000e+03   0.0000000e+00   3.2432909e-05
   1.0300000e+03   0.0000000e+00   3.2273299e-05
   1.0310000e+03   0.0000000e+00   3.2114475e-05
   1.0320000e+03   0.0000000e+00   3.1956433e-05
   1.0330000e+03   0.0000000e+00   3.1799168e-05
   1.0340000e+03   0.0000000e+00   3.1642677e-05
   1.0350000e+03   0.0000000e+00   3.1486957e-05
   1.0360000e+03   0.0000000e+00   3.1332003e-05
   1.0370000e+03   0.0000000e+00   3.1177811e-05
   1.0380000e+03   0.0000000e+00   3.1024378e-05
   1.0390000e+03   0.0000000e+00   3.0871700e-05
   1.0400000e+03   0.0000000e+00   3.0719774e-05
   1.0410000e+03   0.0000000e+00   3.0568595e-05
   1.0420000e+03   1.0000000e+00   3.0418160e-05
   1.0430000e+03   0.0000000e+00   3.0268466e-05
   1.0440000e+03   0.0000000e+00   3.0119508e-05
   1.0450000e+03   0.0000000e+00   2.9971283e-05
   1.0460000e+03   0.0000000e+00   2.9823788e-05
   1.0470000e+03   0.0000000e+00   2.9677019e-05
   1.0480000e+03   0.0000000e+00   2.9530971e-05
   1.0490000e+03   0.0000000e+00   2.9385643e-05
   1.0500000e+03   0.0000000e+00   2.9241030e-05
   1.0510000e+03   0.0000000e+00   2.9097128e-05
   1.0520000e+03   0.0000000e+00   2.8953935e-05
   1.0530000e+03   0.0000000e+00   2.8811446e-05
   1.0540000e+03   0.0000000e+00   2.8669659e-05
   1.0550000e+03   0.0000000e+00   2.8528569e-05
   1.0560000e+03   0.0000000e+00   2.8388174e-05
   1.0570000e+03   0.0000000e+00   2.8248469e-05
   1.0580000e+03   0.0000000e+00   2.8109452e-05
   1.0590000e+03   0.0000000e+00   2.7971119e-05
   1.0600000e+03   0.0000000e+00   2.7833467e-05
   1.0610000e+03   0.0000000e+00   2.7696493e-05
   1.0620000e+03   0.0000000e+00   2.7560192e-05
   1.0630000e+03   0.0000000e+00   2.7424562e-05
   1.0640000e+03   0.0000000e+00   2.7289600e-05
   1.0650000e+03   0.0000000e+00   2.7155302e-05
   1.0660000e+03   0.0000000e+00   2.7021665e-05
   1.0670000e+03   0.0000000e+00   2.6888685e-05
   1.0680000e+03   0.0000000e+00   2.6756360e-05
   1.0690000e+03   0.0000000e+00   2.6624686e-05
   1.0700000e+03   0.0000000e+00   2.6493660e-05
   1.0710000e+03   0.0000000e+00   2.6363279e-05
   1.0720000e+03   0.0000000e+00   2.6233539e-05
   1.0730000e+03   0.0000000e+00   2.6104438e-05
   1.0740000e+03   0.0000000e+00   2.5975973e-05
   1.0750000e+03   0.0000000e+00   2.5848139e-05
   1.0760000e+03   0.0000000e+00   2.5720935e-05
   1.0770000e+03   0.0000000e+00   2.5594356e-05
   1.0780000e+03   0.0000000e+00   2.5468401e-05
   1.0790000e+03   0.0000000e+00   2.5343065e-05
   1.0800000e+03   0.0000000e+00   2.5218347e-05
   1.0810000e+03   0.0000000e+00   2.5094242e-05
   1.0820000e+03   0.0000000e+00   2.4970747e-05
   1.0830000e+03   0.0000000e+00   2.4847861e-05
   1.0840000e+03   0.0000000e+00   2.4725579e-05
   1.0850000e+03   0.0000000e+00   2.4603899e-05
   1.0860000e+03   0.0000000e+00   2.4482818e-05
   1.0870000e+03   0.0000000e+00   2.4362332e-05
   1.0880000e+03   0.0000000e+00   2.4242440e-05
   1.0890000e+03   0.0000000e+00   2.4123138e-05
   1.0900000e+03   0.0000000e+00   2.4004422e-05
   1.0910000e+03   0.0000000e+00   2.3886291e-05
   1.0920000e+03   0.0000000e+00   2.3768742e-05
   1.0930000e+03   0.0000000e+00   2.3651770e-05
   1.0940000e+03   0.0000000e+00   2.3535375e-05
   1.0950000e+03   0.0000000e+00   2.3419552e-05
   1.0960000e+03   0.0000000e+00   2.3304299e-05
   1.0970000e+03   0.0000000e+00   2.3189614e-05
   1.0980000e+03   0.0000000e+00   2.3075492e-05
   1.0990000e+03   0.0000000e+00   2.2961933e-05
   1.1000000e+03   0.0000000e+00   2.2848932e-05
   1.1010000e+03   0.0000000e+00   2.2736487e-05
   1.1020000e+03   0.0000000e+00   2.2624596e-05
   1.1030000e+03   0.0000000e+00   2.2513256e-05
   1.1040000e+03   0.0000000e+00   2.2402463e-05
   1.1050000e+03   0.0000000e+00   2.2292215e-05
   1.1060000e+03   0.0000000e+00   2.2182511e-05
   1.1070000e+03   0.0000000e+00   2.2073346e-05
   1.1080000e+03   0.0000000e+00   2.1964718e-05
   1.1090000e+03   0.0000000e+00   2.1856625e-05
   1.1100000e+03   0.0000000e+00   2.1749063e-05
   1.1110000e+03   0.0000000e+00   2.1642031e-05
   1.1120000e+03   0.0000000e+00   2.1535526e-05
   1.1130000e+03   0.0000000e+00   2.1429545e-05
   1.1140000e+03   0.0000000e+00   2.1324086e-05
   1.1150000e+03   0.0000000e+00   2.1219145e-05
   1.1160000e+03   0.0000000e+00   2.1114721e-05
   1.1170000e+03   0.0000000e+00   2.1010811e-05
   1.1180000e+03   0.0000000e+00   2.0907412e-05
   1.1190000e+03   0.0000000e+00   2.0804522e-05
   1.1200000e+03   0.0000000e+00   2.0702138e-05
   1.1210000e+03   0.0000000e+00   2.0600259e-05
   1.1220000e+03   0.0000000e+00   2.0498880e-05
   1.1230000e+03   0.0000000e+00   2.0398001e-05
   1.1240000e+03   0.0000000e+00   2.0297618e-05
   1.1250000e+03   0.0000000e+00   2.0197729e-05
   1.1260000e+03   0.0000000e+00   2.0098331e-05
   1.1270000e+03   0.0000000e+00   1.9999423e-05
   1.1280000e+03   0.0000000e+00   1.9901001e-05
   1.1290000e+03   0.0000000e+00   1.9803064e-05
   1.1300000e+03   0.0000000e+00   1.9705609e-05
   1.1310000e+03   0.0000000e+00   1.9608633e-05
   1.1320000e+03   0.0000000e+00   1.9512135e-05
   1.1330000e+03   0.0000000e+00   1.9416111e-05
   1.1340000e+03   0.0000000e+00   1.9320560e-05
   1.1350000e+03   0.0000000e+00   1.9225479e-05
   1.1360000e+03   0.0000000e+00   1.9130867e-05
   1.1370000e+03   0.0000000e+00   1.9036719e-05
   1.1380000e+03   0.0000000e+00   1.8943036e-05
   1.1390000e+03   0.0000000e+00   1.8849813e-05
   1.1400000e+03   0.0000000e+00   1.8757049e-05
   1.1410000e+03   1.0000000e+00   1.8664741e-05
   1.1420000e+03   0.0000000e+00   1.8572888e-05
   1.1430000e+03   0.0000000e+00   1.8481486e-05
   1.1440000e+03   0.0000000e+00   1.8390535e-05
   1.1450000e+03   0.0000000e+00   1.8300031e-05
   1.1460000e+03   0.0000000e+00   1.8209973e-05
   1.1470000e+03   0.0000000e+00   1.8120357e-05
   1.1480000e+03   0.0000000e+00   1.8031183e-05
   1.1490000e+03   0.0000000e+00   1.7942448e-05
   1.1500000e+03   0.0000000e+00   1.7854149e-05
   1.1510000e+03   0.0000000e+00   1.7766285e-05
   1.1520000e+03   0.0000000e+00   1.7678853e-05
   1.1530000e+03   0.0000000e+00   1.7591851e-05
   1.1540000e+03   0.0000000e+00   1.7505278e-05
   1.1550000e+03   0.0000000e+00   1.7419131e-05
   1.1560000e+03   0.0000000e+00   1.7333407e-05
   1.1570000e+03   0.0000000e+00   1.7248106e-05
   1.1580000e+03   0.0000000e+00   1.7163224e-05
   1.1590000e+03   0.0000000e+00   1.7078760e-05
   1.1600000e+03   0.0000000e+00   1.6994712e-05
   1.1610000e+03   0.0000000e+00   1.6911077e-05
   1.1620000e+03   0.0000000e+00   1.6827854e-05
   1.1630000e+03   0.0000000e+00   1.6745040e-05
   1.1640000e+03   0.0000000e+00   1.6662634e-05
   1.1650000e+03   0.0000000e+00   1.6580634e-05
   1.1660000e+03   0.0000000e+00   1.6499037e-05
   1.1670000e+03   0.0000000e+00   1.6417841e-05
   1.1680000e+03   0.0000000e+00   1.6337046e-05
   1.1690000e+03   0.0000000e+00   1.6256647e-05
   1.1700000e+03   0.0000000e+00   1.6176645e-05
   1.1710000e+03   0.0000000e+00   1.6097036e-05
   1.1720000e+03   0.0000000e+00   1.6017819e-05
   1.1730000e+03   1.0000000e+00   1.5938992e-05
   1.1740000e+03   0.0000000e+00   1.5860552e-05
   1.1750000e+03   0.0000000e+00   1.5782499e-05
   1.1760000e+03   0.0000000e+00   1.5704830e-05
   1.1770000e+03   0.0000000e+00   1.5627543e-05
   1.1780000e+03   0.0000000e+00   1.5550637e-05
   1.1790000e+03   0.0000000e+00   1.5474108e-05
   1.1800000e+03   0.0000000e+00   1.5397957e-05
   1.1810000e+03   0.0000000e+00   1.5322180e-05
   1.1820000e+03   0.0000000e+00   1.5246776e-05
   1.1830000e+03   0.0000000e+00   1.5171744e-05
   1.1840000e+03   0.0000000e+00   1.5097080e-05
   1.1850000e+03   0.0000000e+00   1.5022784e-05
   1.1860000e+03   0.0000000e+00   1.4948854e-05
   1.1870000e+03   0.0000000e+00   1.4875287e-05
   1.1880000e+03   0.0000000e+00   1.4802082e-05
   1.1890000e+03   0.0000000e+00   1.4729238e-05
   1.1900000e+03   0.0000000e+00   1.4656752e-05
   1.1910000e+03   0.0000000e+00   1.4584623e-05
   1.1920000e+03   0.0000000e+00   1.4512849e-05
   1.1930000e+03   0.0000000e+00   1.4441428e-05
   1.1940000e+03   0.0000000e+00   1.4370359e-05
   1.1950000e+03   0.0000000e+00   1.4299639e-05
   1.1960000e+03   0.0000000e+00   1.4229267e-05
   1.1970000e+03   0.0000000e+00   1.4159242e-05
   1.1980000e+03   0.0000000e+00   1.4089561e-05
   1.1990000e+03   0.0000000e+00   1.4020223e-05
   1.2000000e+03   0.0000000e+00   1.3951227e-05
   1.2010000e+03   0.0000000e+00   1.3882570e-05
   1.2020000e+03   0.0000000e+00   1.3814251e-05
   1.2030000e+03   0.0000000e+00   1.3746268e-05
   1.2040000e+03   0.0000000e+00   1.3678619e-05
   1.2050000e+03   0.0000000e+00   1.3611304e-05
   1.2060000e+03   0.0000000e+00   1.3544319e-05
   1.2070000e+03   0.0000000e+00   1.3477665e-05
   1.2080000e+03   0.0000000e+00   1.3411338e-05
   1.2090000e+03   0.0000000e+00   1.3345338e-05
   1.2100000e+03   0.0000000e+00   1.3279663e-05
   1.2110000e+03   0.0000000e+00   1.3214311e-05
   1.2120000e+03   0.0000000e+00   1.3149280e-05
   1.2130000e+03   0.0000000e+00   1.3084570e-05
   1.2140000e+03   0.0000000e+00   1.3020178e-05
   1.2150000e+03   0.0000000e+00   1.2956102e-05
   1.2160000e+03   0.0000000e+00   1.2892343e-05
   1.2170000e+03   0.0000000e+00   1.2828897e-05
   1.2180000e+03   0.0000000e+00   1.2765763e-05
   1.2190000e+03   0.0000000e+00   1.2702940e-05
   1.2200000e+03   0.0000000e+00   1.2640426e-05
   1.2210000e+03   0.0000000e+00   1.2578219e-05
   1.2220000e+03   0.0000000e+00   1.2516319e-05
   1.2230000e+03   0.0000000e+00   1.2454724e-05
   1.2240000e+03   0.0000000e+00   1.2393431e-05
   1.2250000e+03   0.0000000e+00   1.2332440e-05
   1.2260000e+03   0.0000000e+00   1.2271750e-05
   1.2270000e+03   0.0000000e+00   1.2211358e-05
   1.2280000e+03   0.0000000e+00   1.2151263e-05
   1.2290000e+03   0.0000000e+00   1.2091464e-05
   1.2300000e+03   0.0000000e+00   1.2031959e-05
   1.2310000e+03   0.0000000e+00   1.1972747e-05
   1.2320000e+03   0.0000000e+00   1.1913827e-05
   1.2330000e+03   0.0000000e+00   1.1855196e-05
   1.2340000e+03   0.0000000e+00   1.1796854e-05
   1.2350000e+03   0.0000000e+00   1.1738799e-05
   1.2360000e+03   0.0000000e+00   1.1681030e-05
   1.2370000e+03   0.0000000e+00   1.1623545e-05
   1.2380000e+03   0.0000000e+00   1.1566343e-05
   1.2390000e+03   0.0000000e+00   1.1509422e-05
   1.2400000e+03   0.0000000e+00   1.1452782e-05
   1.2410000e+03   0.0000000e+00   1.1396420e-05
   1.2420000e+03   0.0000000e+00   1.1340336e-05
   1.2430000e+03   0.0000000e+00   1.1284528e-05
   1.2440000e+03   0.0000000e+00   1.1228994e-05
   1.2450000e+03   0.0000000e+00   1.1173734e-05
   1.2460000e+03   0.0000000e+00   1.1118745e-05
   1.2470000e+03   0.0000000e+00   1.1064028e-05
   1.2480000e+03   0.0000000e+00   1.1009579e-05
   1.2490000e+03   0.0000000e+00   1.0955398e-05
   1.2500000e+03   0.0000000e+00   1.0901485e-05
   1.2510000e+03   0.0000000e+00   1.0847836e-05
   1.2520000e+03   1.0000000e+00   1.0794451e-05
   1.2530000e+03   0.0000000e+00   1.0741329e-05
   1.2540000e+03   0.0000000e+00   1.0688469e-05
   1.2550000e+03   0.0000000e+00   1.0635869e-05
   1.2560000e+03   0.0000000e+00   1.0583527e-05
   1.2570000e+03   0.0000000e+00   1.0531443e-05
   1.2580000e+03   0.0000000e+00   1.0479616e-05
   1.2590000e+03   0.0000000e+00   1.0428043e-05
   1.2600000e+03   0.0000000e+00   1.0376725e-05
   1.2610000e+03   0.0000000e+00   1.0325658e-05
   1.2620000e+03   0.0000000e+00   1.0274844e-05
   1.2630000e+03   0.0000000e+00   1.0224279e-05
   1.2640000e+03   0.0000000e+00   1.0173963e-05
   1.2650000e+03   0.0000000e+00   1.0123895e-05
   1.2660000e+03   0.0000000e+00   1.0074073e-05
   1.2670000e+03   0.0000000e+00   1.0024496e-05
   1.2680000e+03   0.0000000e+00   9.9751632e-06
   1.2690000e+03   0.0000000e+00   9.9260733e-06
   1.2700000e+03   0.0000000e+00   9.8772249e-06
   1.2710000e+03   0.0000000e+00   9.8286169e-06
   1.2720000e+03   0.0000000e+00   9.7802481e-06
   1.2730000e+03   0.0000000e+00   9.7321173e-06
   1.2740000e+03   0.0000000e+00   9.6842234e-06
   1.2750000e+03   0.0000000e+00   9.6365652e-06
   1.2760000e+03   0.0000000e+00   9.5891416e-06
   1.2770000e+03   0.0000000e+00   9.5419513e-06
   1.2780000e+03   0.0000000e+00   9.4949933e-06
   1.2790000e+03   0.0000000e+00   9.4482663e-06
   1.2800000e+03   0.0000000e+00   9.4017693e-06
   1.2810000e+03   0.0000000e+00   9.3555011e-06
   1.2820000e+03   0.0000000e+00   9.3094606e-06
   1.2830000e+03   0.0000000e+00   9.2636467e-06
   1.2840000e+03   0.0000000e+00   9.2180583e-06
   1.2850000e+03   0.0000000e+00   9.1726942e-06
   1.2860000e+03   0.0000000e+00   9.1275533e-06
   1.2870000e+03   0.0000000e+00   9.0826346e-06
   1.2880000e+03   0.0000000e+00   9.0379370e-06
   1.2890000e+03   0.0000000e+00   8.9934593e-06
   1.2900000e+03   0.0000000e+00   8.9492005e-06
   1.2910000e+03   0.0000000e+00   8.9051595e-06
   1.2920000e+03   0.0000000e+00   8.8613353e-06
   1.2930000e+03   0.0000000e+00   8.8177267e-06
   1.2940000e+03   0.0000000e+00   8.7743327e-06
   1.2950000e+03   0.0000000e+00   8.7311523e-06
   1.2960000e+03   0.0000000e+00   8.6881844e-06
   1.2970000e+03   0.0000000e+00   8.6454279e-06
   1.2980000e+03   0.0000000e+00   8.6028819e-06
   1.2990000e+03   0.0000000e+00   8.5605452e-06
   1.3000000e+03   0.0000000e+00   8.5184169e-06
   1.3010000e+03   1.0000000e+00   8.4764958e-06
