   1.0000000e+00   0.0000000e+00   4.6611638e-03
   2.0000000e+00   5.0000000e+00   4.6394374e-03
   3.0000000e+00   1.0000000e+00   4.6178122e-03
   4.0000000e+00   2.0000000e+00   4.5962878e-03
   5.0000000e+00   1.0000000e+00   4.5748638e-03
   6.0000000e+00   1.0000000e+00   4.5535396e-03
   7.0000000e+00   5.0000000e+00   4.5323148e-03
   8.0000000e+00   3.0000000e+00   4.5111889e-03
   9.0000000e+00   5.0000000e+00   4.4901615e-03
   1.0000000e+01   4.0000000e+00   4.4692321e-03
   1.1000000e+01   4.0000000e+00   4.4484003e-03
   1.2000000e+01   5.0000000e+00   4.4276656e-03
   1.3000000e+01   3.0000000e+00   4.4070275e-03
   1.4000000e+01   2.0000000e+00   4.3864856e-03
   1.5000000e+01   3.0000000e+00   4.3660395e-03
   1.6000000e+01   5.0000000e+00   4.3456887e-03
   1.7000000e+01   5.0000000e+00   4.3254327e-03
   1.8000000e+01   5.0000000e+00   4.3052712e-03
   1.9000000e+01   1.1000000e+01   4.2852036e-03
   2.0000000e+01   6.0000000e+00   4.2652296e-03
   2.1000000e+01   7.0000000e+00   4.2453486e-03
   2.2000000e+01   8.0000000e+00   4.2255604e-03
   2.3000000e+01   1.1000000e+01   4.2058643e-03
   2.4000000e+01   3.0000000e+00   4.1862601e-03
   2.5000000e+01   4.0000000e+00   4.1667473e-03
   2.6000000e+01   6.0000000e+00   4.1473254e-03
   2.7000000e+01   2.0000000e+00   4.1279940e-03
   2.8000000e+01   6.0000000e+00   4.1087528e-03
   2.9000000e+01   7.0000000e+00   4.0896012e-03
   3.0000000e+01   5.0000000e+00   4.0705389e-03
   3.1000000e+01   8.0000000e+00   4.0515654e-03
   3.2000000e+01   1.1000000e+01   4.0326804e-03
   3.3000000e+01   1.2000000e+01   4.0138834e-03
   3.4000000e+01   4.0000000e+00   3.9951741e-03
   3.5000000e+01   5.0000000e+00   3.9765519e-03
   3.6000000e+01   4.0000000e+00   3.9580166e-03
   3.7000000e+01   4.0000000e+00   3.9395676e-03
   3.8000000e+01   0.0000000e+00   3.9212046e-03
   3.9000000e+01   1.0000000e+00   3.9029272e-03
   4.0000000e+01   3.0000000e+00   3.8847351e-03
   4.1000000e+01   3.0000000e+00   3.8666277e-03
   4.2000000e+01   1.1000000e+01   3.8486047e-03
   4.3000000e+01   2.0000000e+00   3.8306657e-03
   4.4000000e+01   7.0000000e+00   3.8128103e-03
   4.5000000e+01   5.0000000e+00   3.7950382e-03
   4.6000000e+01   3.0000000e+00   3.7773489e-03
   4.7000000e+01   7.0000000e+00   3.7597421e-03
   4.8000000e+01   2.0000000e+00   3.7422173e-03
   4.9000000e+01   8.0000000e+00   3.7247742e-03
   5.0000000e+01   5.0000000e+00   3.7074124e-03
   5.1000000e+01   2.0000000e+00   3.6901316e-03
   5.2000000e+01   6.0000000e+00   3.6729313e-03
   5.3000000e+01   7.0000000e+00   3.6558111e-03
   5.4000000e+01   2.0000000e+00   3.6387708e-03
   5.5000000e+01   7.0000000e+00   3.6218099e-03
   5.6000000e+01   5.0000000e+00   3.6049280e-03
   5.7000000e+01   3.0000000e+00   3.5881249e-03
   5.8000000e+01   8.0000000e+00   3.5714000e-03
   5.9000000e+01   4.0000000e+00   3.5547532e-03
   6.0000000e+01   1.3000000e+01   3.5381839e-03
   6.1000000e+01   5.0000000e+00   3.5216918e-03
   6.2000000e+01   4.0000000e+00   3.5052766e-03
   6.3000000e+01   4.0000000e+00   3.4889380e-03
   6.4000000e+01   2.0000000e+00   3.4726755e-03
   6.5000000e+01   1.0000000e+00   3.4564888e-03
   6.6000000e+01   5.0000000e+00   3.4403775e-03
   6.7000000e+01   4.0000000e+00   3.4243413e-03
   6.8000000e+01   4.0000000e+00   3.4083799e-03
   6.9000000e+01   5.0000000e+00   3.3924929e-03
   7.0000000e+01   7.0000000e+00   3.3766799e-03
   7.1000000e+01   7.0000000e+00   3.3609407e-03
   7.2000000e+01   7.0000000e+00   3.3452748e-03
   7.3000000e+01   4.0000000e+00   3.3296819e-03
   7.4000000e+01   6.0000000e+00   3.3141617e-03
   7.5000000e+01   5.0000000e+00   3.2987139e-03
   7.6000000e+01   3.0000000e+00   3.2833380e-03
   7.7000000e+01   5.0000000e+00   3.2680338e-03
   7.8000000e+01   4.0000000e+00   3.2528010e-03
   7.9000000e+01   2.0000000e+00   3.2376392e-03
   8.0000000e+01   6.0000000e+00   3.2225480e-03
   8.1000000e+01   4.0000000e+00   3.2075272e-03
   8.2000000e+01   8.0000000e+00   3.1925764e-03
   8.3000000e+01   6.0000000e+00   3.1776952e-03
   8.4000000e+01   4.0000000e+00   3.1628835e-03
   8.5000000e+01   6.0000000e+00   3.1481408e-03
   8.6000000e+01   2.0000000e+00   3.1334668e-03
   8.7000000e+01   3.0000000e+00   3.1188612e-03
   8.8000000e+01   3.0000000e+00   3.1043236e-03
   8.9000000e+01   7.0000000e+00   3.0898539e-03
   9.0000000e+01   4.0000000e+00   3.0754516e-03
   9.1000000e+01   3.0000000e+00   3.0611164e-03
   9.2000000e+01   2.0000000e+00   3.0468480e-03
   9.3000000e+01   8.0000000e+00   3.0326462e-03
   9.4000000e+01   1.0000000e+00   3.0185105e-03
   9.5000000e+01   3.0000000e+00   3.0044407e-03
   9.6000000e+01   3.0000000e+00   2.9904365e-03
   9.7000000e+01   5.0000000e+00   2.9764976e-03
   9.8000000e+01   3.0000000e+00   2.9626237e-03
   9.9000000e+01   1.0000000e+00   2.9488144e-03
   1.0000000e+02   3.0000000e+00   2.9350695e-03
   1.0100000e+02   7.0000000e+00   2.9213887e-03
   1.0200000e+02   9.0000000e+00   2.9077716e-03
   1.0300000e+02   1.0000000e+00   2.8942180e-03
   1.0400000e+02   4.0000000e+00   2.8807276e-03
   1.0500000e+02   7.0000000e+00   2.8673000e-03
   1.0600000e+02   3.0000000e+00   2.8539351e-03
   1.0700000e+02   4.0000000e+00   2.8406324e-03
   1.0800000e+02   3.0000000e+00   2.8273918e-03
   1.0900000e+02   5.0000000e+00   2.8142128e-03
   1.1000000e+02   5.0000000e+00   2.8010953e-03
   1.1100000e+02   5.0000000e+00   2.7880389e-03
   1.1200000e+02   3.0000000e+00   2.7750434e-03
   1.1300000e+02   5.0000000e+00   2.7621085e-03
   1.1400000e+02   3.0000000e+00   2.7492339e-03
   1.1500000e+02   2.0000000e+00   2.7364192e-03
   1.1600000e+02   5.0000000e+00   2.7236643e-03
   1.1700000e+02   2.0000000e+00   2.7109689e-03
   1.1800000e+02   8.0000000e+00   2.6983326e-03
   1.1900000e+02   5.0000000e+00   2.6857553e-03
   1.2000000e+02   2.0000000e+00   2.6732365e-03
   1.2100000e+02   4.0000000e+00   2.6607761e-03
   1.2200000e+02   5.0000000e+00   2.6483738e-03
   1.2300000e+02   3.0000000e+00   2.6360293e-03
   1.2400000e+02   2.0000000e+00   2.6237423e-03
   1.2500000e+02   2.0000000e+00   2.6115126e-03
   1.2600000e+02   3.0000000e+00   2.5993400e-03
   1.2700000e+02   4.0000000e+00   2.5872240e-03
   1.2800000e+02   3.0000000e+00   2.5751645e-03
   1.2900000e+02   2.0000000e+00   2.5631613e-03
   1.3000000e+02   8.0000000e+00   2.5512139e-03
   1.3100000e+02   3.0000000e+00   2.5393223e-03
   1.3200000e+02   4.0000000e+00   2.5274861e-03
   1.3300000e+02   4.0000000e+00   2.5157051e-03
   1.3400000e+02   5.0000000e+00   2.5039790e-03
   1.3500000e+02   2.0000000e+00   2.4923075e-03
   1.3600000e+02   5.0000000e+00   2.4806905e-03
   1.3700000e+02   3.0000000e+00   2.4691276e-03
   1.3800000e+02   2.0000000e+00   2.4576186e-03
   1.3900000e+02   1.0000000e+00   2.4461632e-03
   1.4000000e+02   6.0000000e+00   2.4347612e-03
   1.4100000e+02   5.0000000e+00   2.4234124e-03
   1.4200000e+02   2.0000000e+00   2.4121165e-03
   1.4300000e+02   1.0000000e+00   2.4008732e-03
   1.4400000e+02   5.0000000e+00   2.3896824e-03
   1.4500000e+02   2.0000000e+00   2.3785437e-03
   1.4600000e+02   2.0000000e+00   2.3674569e-03
   1.4700000e+02   3.0000000e+00   2.3564218e-03
   1.4800000e+02   5.0000000e+00   2.3454381e-03
   1.4900000e+02   3.0000000e+00   2.3345056e-03
   1.5000000e+02   6.0000000e+00   2.3236241e-03
   1.5100000e+02   3.0000000e+00   2.3127933e-03
   1.5200000e+02   2.0000000e+00   2.3020130e-03
   1.5300000e+02   2.0000000e+00   2.2912830e-03
   1.5400000e+02   2.0000000e+00   2.2806029e-03
   1.5500000e+02   4.0000000e+00   2.2699726e-03
   1.5600000e+02   2.0000000e+00   2.2593919e-03
   1.5700000e+02   5.0000000e+00   2.2488605e-03
   1.5800000e+02   3.0000000e+00   2.2383782e-03
   1.5900000e+02   2.0000000e+00   2.2279448e-03
   1.6000000e+02   2.0000000e+00   2.2175600e-03
   1.6100000e+02   2.0000000e+00   2.2072236e-03
   1.6200000e+02   4.0000000e+00   2.1969353e-03
   1.6300000e+02   3.0000000e+00   2.1866950e-03
   1.6400000e+02   8.0000000e+00   2.1765025e-03
   1.6500000e+02   2.0000000e+00   2.1663575e-03
   1.6600000e+02   4.0000000e+00   2.1562597e-03
   1.6700000e+02   2.0000000e+00   2.1462090e-03
   1.6800000e+02   3.0000000e+00   2.1362052e-03
   1.6900000e+02   1.0000000e+00   2.1262480e-03
   1.7000000e+02   6.0000000e+00   2.1163372e-03
   1.7100000e+02   7.0000000e+00   2.1064726e-03
   1.7200000e+02   2.0000000e+00   2.0966540e-03
   1.7300000e+02   4.0000000e+00   2.0868812e-03
   1.7400000e+02   2.0000000e+00   2.0771539e-03
   1.7500000e+02   4.0000000e+00   2.0674719e-03
   1.7600000e+02   2.0000000e+00   2.0578351e-03
   1.7700000e+02   5.0000000e+00   2.0482432e-03
   1.7800000e+02   4.0000000e+00   2.0386960e-03
   1.7900000e+02   5.0000000e+00   2.0291933e-03
   1.8000000e+02   2.0000000e+00   2.0197349e-03
   1.8100000e+02   3.0000000e+00   2.0103206e-03
   1.8200000e+02   1.0000000e+00   2.0009501e-03
   1.8300000e+02   2.0000000e+00   1.9916234e-03
   1.8400000e+02   4.0000000e+00   1.9823401e-03
   1.8500000e+02   1.0000000e+00   1.9731001e-03
   1.8600000e+02   3.0000000e+00   1.9639031e-03
   1.8700000e+02   3.0000000e+00   1.9547491e-03
   1.8800000e+02   1.0000000e+00   1.9456377e-03
   1.8900000e+02   2.0000000e+00   1.9365687e-03
   1.9000000e+02   5.0000000e+00   1.9275421e-03
   1.9100000e+02   2.0000000e+00   1.9185575e-03
   1.9200000e+02   2.0000000e+00   1.9096148e-03
   1.9300000e+02   4.0000000e+00   1.9007137e-03
   1.9400000e+02   3.0000000e+00   1.8918542e-03
   1.9500000e+02   1.0000000e+00   1.8830360e-03
   1.9600000e+02   1.0000000e+00   1.8742588e-03
   1.9700000e+02   3.0000000e+00   1.8655226e-03
   1.9800000e+02   4.0000000e+00   1.8568271e-03
   1.9900000e+02   3.0000000e+00   1.8481721e-03
   2.0000000e+02   2.0000000e+00   1.8395575e-03
   2.0100000e+02   4.0000000e+00   1.8309830e-03
   2.0200000e+02   0.0000000e+00   1.8224485e-03
   2.0300000e+02   5.0000000e+00   1.8139538e-03
   2.0400000e+02   4.0000000e+00   1.8054986e-03
   2.0500000e+02   5.0000000e+00   1.7970829e-03
   2.0600000e+02   1.0000000e+00   1.7887064e-03
   2.0700000e+02   2.0000000e+00   1.7803689e-03
   2.0800000e+02   2.0000000e+00   1.7720704e-03
   2.0900000e+02   4.0000000e+00   1.7638104e-03
   2.1000000e+02   5.0000000e+00   1.7555890e-03
   2.1100000e+02   1.0000000e+00   1.7474059e-03
   2.1200000e+02   4.0000000e+00   1.7392610e-03
   2.1300000e+02   3.0000000e+00   1.7311540e-03
   2.1400000e+02   0.0000000e+00   1.7230848e-03
   2.1500000e+02   3.0000000e+00   1.7150532e-03
   2.1600000e+02   0.0000000e+00   1.7070591e-03
   2.1700000e+02   1.0000000e+00   1.6991022e-03
   2.1800000e+02   2.0000000e+00   1.6911824e-03
   2.1900000e+02   3.0000000e+00   1.6832995e-03
   2.2000000e+02   2.0000000e+00   1.6754534e-03
   2.2100000e+02   4.0000000e+00   1.6676438e-03
   2.2200000e+02   4.0000000e+00   1.6598707e-03
   2.2300000e+02   6.0000000e+00   1.6521338e-03
   2.2400000e+02   1.0000000e+00   1.6444329e-03
   2.2500000e+02   3.0000000e+00   1.6367679e-03
   2.2600000e+02   0.0000000e+00   1.6291387e-03
   2.2700000e+02   2.0000000e+00   1.6215450e-03
   2.2800000e+02   2.0000000e+00   1.6139867e-03
   2.2900000e+02   2.0000000e+00   1.6064637e-03
   2.3000000e+02   3.0000000e+00   1.5989757e-03
   2.3100000e+02   1.0000000e+00   1.5915226e-03
   2.3200000e+02   0.0000000e+00   1.5841042e-03
   2.3300000e+02   1.0000000e+00   1.5767205e-03
   2.3400000e+02   1.0000000e+00   1.5693711e-03
   2.3500000e+02   2.0000000e+00   1.5620560e-03
   2.3600000e+02   2.0000000e+00   1.5547750e-03
   2.3700000e+02   2.0000000e+00   1.5475280e-03
   2.3800000e+02   4.0000000e+00   1.5403147e-03
   2.3900000e+02   2.0000000e+00   1.5331350e-03
   2.4000000e+02   3.0000000e+00   1.5259888e-03
   2.4100000e+02   4.0000000e+00   1.5188759e-03
   2.4200000e+02   0.0000000e+00   1.5117962e-03
   2.4300000e+02   4.0000000e+00   1.5047495e-03
   2.4400000e+02   3.0000000e+00   1.4977356e-03
   2.4500000e+02   2.0000000e+00   1.4907544e-03
   2.4600000e+02   1.0000000e+00   1.4838057e-03
   2.4700000e+02   1.0000000e+00   1.4768895e-03
   2.4800000e+02   1.0000000e+00   1.4700055e-03
   2.4900000e+02   0.0000000e+00   1.4631535e-03
   2.5000000e+02   2.0000000e+00   1.4563335e-03
   2.5100000e+02   4.0000000e+00   1.4495453e-03
   2.5200000e+02   1.0000000e+00   1.4427888e-03
   2.5300000e+02   2.0000000e+00   1.4360637e-03
   2.5400000e+02   2.0000000e+00   1.4293699e-03
   2.5500000e+02   1.0000000e+00   1.4227074e-03
   2.5600000e+02   3.0000000e+00   1.4160759e-03
   2.5700000e+02   1.0000000e+00   1.4094754e-03
   2.5800000e+02   0.0000000e+00   1.4029056e-03
   2.5900000e+02   1.0000000e+00   1.3963664e-03
   2.6000000e+02   5.0000000e+00   1.3898577e-03
   2.6100000e+02   2.0000000e+00   1.3833794e-03
   2.6200000e+02   1.0000000e+00   1.3769312e-03
   2.6300000e+02   1.0000000e+00   1.3705131e-03
   2.6400000e+02   1.0000000e+00   1.3641249e-03
   2.6500000e+02   2.0000000e+00   1.3577665e-03
   2.6600000e+02   1.0000000e+00   1.3514377e-03
   2.6700000e+02   1.0000000e+00   1.3451385e-03
   2.6800000e+02   3.0000000e+00   1.3388686e-03
   2.6900000e+02   3.0000000e+00   1.3326279e-03
   2.7000000e+02   0.0000000e+00   1.3264163e-03
   2.7100000e+02   2.0000000e+00   1.3202336e-03
   2.7200000e+02   0.0000000e+00   1.3140798e-03
   2.7300000e+02   2.0000000e+00   1.3079547e-03
   2.7400000e+02   1.0000000e+00   1.3018581e-03
   2.7500000e+02   1.0000000e+00   1.2957899e-03
   2.7600000e+02   0.0000000e+00   1.2897500e-03
   2.7700000e+02   0.0000000e+00   1.2837383e-03
   2.7800000e+02   3.0000000e+00   1.2777546e-03
   2.7900000e+02   2.0000000e+00   1.2717987e-03
   2.8000000e+02   3.0000000e+00   1.2658707e-03
   2.8100000e+02   2.0000000e+00   1.2599702e-03
   2.8200000e+02   3.0000000e+00   1.2540973e-03
   2.8300000e+02   4.0000000e+00   1.2482518e-03
   2.8400000e+02   0.0000000e+00   1.2424335e-03
   2.8500000e+02   2.0000000e+00   1.2366423e-03
   2.8600000e+02   2.0000000e+00   1.2308781e-03
   2.8700000e+02   2.0000000e+00   1.2251408e-03
   2.8800000e+02   0.0000000e+00   1.2194302e-03
   2.8900000e+02   0.0000000e+00   1.2137462e-03
   2.9000000e+02   2.0000000e+00   1.2080887e-03
   2.9100000e+02   2.0000000e+00   1.2024576e-03
   2.9200000e+02   1.0000000e+00   1.1968528e-03
   2.9300000e+02   0.0000000e+00   1.1912741e-03
   2.9400000e+02   2.0000000e+00   1.1857213e-03
   2.9500000e+02   0.0000000e+00   1.1801945e-03
   2.9600000e+02   3.0000000e+00   1.1746934e-03
   2.9700000e+02   1.0000000e+00   1.1692180e-03
   2.9800000e+02   3.0000000e+00   1.1637681e-03
   2.9900000e+02   4.0000000e+00   1.1583436e-03
   3.0000000e+02   0.0000000e+00   1.1529443e-03
   3.0100000e+02   2.0000000e+00   1.1475703e-03
   3.0200000e+02   3.0000000e+00   1.1422212e-03
   3.0300000e+02   3.0000000e+00   1.1368972e-03
   3.0400000e+02   3.0000000e+00   1.1315979e-03
   3.0500000e+02   1.0000000e+00   1.1263233e-03
   3.0600000e+02   2.0000000e+00   1.1210734e-03
   3.0700000e+02   0.0000000e+00   1.1158479e-03
   3.0800000e+02   4.0000000e+00   1.1106467e-03
   3.0900000e+02   1.0000000e+00   1.1054698e-03
   3.1000000e+02   2.0000000e+00   1.1003170e-03
   3.1100000e+02   1.0000000e+00   1.0951883e-03
   3.1200000e+02   1.0000000e+00   1.0900834e-03
   3.1300000e+02   0.0000000e+00   1.0850024e-03
   3.1400000e+02   1.0000000e+00   1.0799450e-03
   3.1500000e+02   0.0000000e+00   1.0749112e-03
   3.1600000e+02   2.0000000e+00   1.0699008e-03
   3.1700000e+02   0.0000000e+00   1.0649139e-03
   3.1800000e+02   1.0000000e+00   1.0599501e-03
   3.1900000e+02   2.0000000e+00   1.0550095e-03
   3.2000000e+02   0.0000000e+00   1.0500920e-03
   3.2100000e+02   0.0000000e+00   1.0451973e-03
   3.2200000e+02   2.0000000e+00   1.0403255e-03
   3.2300000e+02   2.0000000e+00   1.0354763e-03
   3.2400000e+02   1.0000000e+00   1.0306498e-03
   3.2500000e+02   2.0000000e+00   1.0258458e-03
   3.2600000e+02   2.0000000e+00   1.0210641e-03
   3.2700000e+02   0.0000000e+00   1.0163048e-03
   3.2800000e+02   1.0000000e+00   1.0115676e-03
   3.2900000e+02   3.0000000e+00   1.0068526e-03
   3.3000000e+02   0.0000000e+00   1.0021595e-03
   3.3100000e+02   2.0000000e+00   9.9748822e-04
   3.3200000e+02   2.0000000e+00   9.9283877e-04
   3.3300000e+02   1.0000000e+00   9.8821098e-04
   3.3400000e+02   1.0000000e+00   9.8360477e-04
   3.3500000e+02   1.0000000e+00   9.7902003e-04
   3.3600000e+02   0.0000000e+00   9.7445665e-04
   3.3700000e+02   0.0000000e+00   9.6991455e-04
   3.3800000e+02   3.0000000e+00   9.6539362e-04
   3.3900000e+02   1.0000000e+00   9.6089376e-04
   3.4000000e+02   3.0000000e+00   9.5641488e-04
   3.4100000e+02   5.0000000e+00   9.5195687e-04
   3.4200000e+02   3.0000000e+00   9.4751965e-04
   3.4300000e+02   1.0000000e+00   9.4310310e-04
   3.4400000e+02   1.0000000e+00   9.3870714e-04
   3.4500000e+02   0.0000000e+00   9.3433168e-04
   3.4600000e+02   1.0000000e+00   9.2997660e-04
   3.4700000e+02   0.0000000e+00   9.2564183e-04
   3.4800000e+02   1.0000000e+00   9.2132726e-04
   3.4900000e+02   2.0000000e+00   9.1703280e-04
   3.5000000e+02   0.0000000e+00   9.1275836e-04
   3.5100000e+02   3.0000000e+00   9.0850385e-04
   3.5200000e+02   2.0000000e+00   9.0426916e-04
   3.5300000e+02   0.0000000e+00   9.0005422e-04
   3.5400000e+02   3.0000000e+00   8.9585892e-04
   3.5500000e+02   1.0000000e+00   8.9168317e-04
   3.5600000e+02   2.0000000e+00   8.8752689e-04
   3.5700000e+02   0.0000000e+00   8.8338998e-04
   3.5800000e+02   0.0000000e+00   8.7927236e-04
   3.5900000e+02   1.0000000e+00   8.7517392e-04
   3.6000000e+02   1.0000000e+00   8.7109459e-04
   3.6100000e+02   0.0000000e+00   8.6703428e-04
   3.6200000e+02   0.0000000e+00   8.6299289e-04
   3.6300000e+02   2.0000000e+00   8.5897034e-04
   3.6400000e+02   2.0000000e+00   8.5496654e-04
   3.6500000e+02   1.0000000e+00   8.5098140e-04
   3.6600000e+02   1.0000000e+00   8.4701484e-04
   3.6700000e+02   3.0000000e+00   8.4306676e-04
   3.6800000e+02   1.0000000e+00   8.3913709e-04
   3.6900000e+02   1.0000000e+00   8.3522573e-04
   3.7000000e+02   2.0000000e+00   8.3133261e-04
   3.7100000e+02   1.0000000e+00   8.2745763e-04
   3.7200000e+02   0.0000000e+00   8.2360072e-04
   3.7300000e+02   1.0000000e+00   8.1976178e-04
   3.7400000e+02   2.0000000e+00   8.1594073e-04
   3.7500000e+02   2.0000000e+00   8.1213750e-04
   3.7600000e+02   2.0000000e+00   8.0835199e-04
   3.7700000e+02   0.0000000e+00   8.0458413e-04
   3.7800000e+02   2.0000000e+00   8.0083383e-04
   3.7900000e+02   0.0000000e+00   7.9710102e-04
   3.8000000e+02   1.0000000e+00   7.9338560e-04
   3.8100000e+02   0.0000000e+00   7.8968750e-04
   3.8200000e+02   0.0000000e+00   7.8600664e-04
   3.8300000e+02   0.0000000e+00   7.8234293e-04
   3.8400000e+02   2.0000000e+00   7.7869630e-04
   3.8500000e+02   0.0000000e+00   7.7506667e-04
   3.8600000e+02   2.0000000e+00   7.7145396e-04
   3.8700000e+02   0.0000000e+00   7.6785808e-04
   3.8800000e+02   2.0000000e+00   7.6427897e-04
   3.8900000e+02   0.0000000e+00   7.6071654e-04
   3.9000000e+02   0.0000000e+00   7.5717072e-04
   3.9100000e+02   0.0000000e+00   7.5364142e-04
   3.9200000e+02   2.0000000e+00   7.5012858e-04
   3.9300000e+02   1.0000000e+00   7.4663210e-04
   3.9400000e+02   0.0000000e+00   7.4315193e-04
   3.9500000e+02   3.0000000e+00   7.3968798e-04
   3.9600000e+02   1.0000000e+00   7.3624017e-04
   3.9700000e+02   2.0000000e+00   7.3280843e-04
   3.9800000e+02   1.0000000e+00   7.2939269e-04
   3.9900000e+02   0.0000000e+00   7.2599287e-04
   4.0000000e+02   0.0000000e+00   7.2260890e-04
   4.0100000e+02   0.0000000e+00   7.1924070e-04
   4.0200000e+02   1.0000000e+00   7.1588821e-04
   4.0300000e+02   0.0000000e+00   7.1255133e-04
   4.0400000e+02   0.0000000e+00   7.0923001e-04
   4.0500000e+02   0.0000000e+00   7.0592418e-04
   4.0600000e+02   1.0000000e+00   7.0263375e-04
   4.0700000e+02   1.0000000e+00   6.9935866e-04
   4.0800000e+02   0.0000000e+00   6.9609883e-04
   4.0900000e+02   1.0000000e+00   6.9285420e-04
   4.1000000e+02   0.0000000e+00   6.8962470e-04
   4.1100000e+02   1.0000000e+00   6.8641024e-04
   4.1200000e+02   1.0000000e+00   6.8321077e-04
   4.1300000e+02   0.0000000e+00   6.8002621e-04
   4.1400000e+02   1.0000000e+00   6.7685650e-04
   4.1500000e+02   0.0000000e+00   6.7370156e-04
   4.1600000e+02   1.0000000e+00   6.7056133e-04
   4.1700000e+02   0.0000000e+00   6.6743573e-04
   4.1800000e+02   0.0000000e+00   6.6432470e-04
   4.1900000e+02   1.0000000e+00   6.6122818e-04
   4.2000000e+02   1.0000000e+00   6.5814609e-04
   4.2100000e+02   1.0000000e+00   6.5507836e-04
   4.2200000e+02   0.0000000e+00   6.5202493e-04
   4.2300000e+02   3.0000000e+00   6.4898574e-04
   4.2400000e+02   0.0000000e+00   6.4596071e-04
   4.2500000e+02   1.0000000e+00   6.4294978e-04
   4.2600000e+02   2.0000000e+00   6.3995288e-04
   4.2700000e+02   0.0000000e+00   6.3696996e-04
   4.2800000e+02   1.0000000e+00   6.3400094e-04
   4.2900000e+02   0.0000000e+00   6.3104576e-04
   4.3000000e+02   2.0000000e+00   6.2810435e-04
   4.3100000e+02   2.0000000e+00   6.2517665e-04
   4.3200000e+02   0.0000000e+00   6.2226260e-04
   4.3300000e+02   2.0000000e+00   6.1936213e-04
   4.3400000e+02   0.0000000e+00   6.1647518e-04
   4.3500000e+02   3.0000000e+00   6.1360169e-04
   4.3600000e+02   1.0000000e+00   6.1074159e-04
   4.3700000e+02   2.0000000e+00   6.0789483e-04
   4.3800000e+02   3.0000000e+00   6.0506133e-04
   4.3900000e+02   0.0000000e+00   6.0224104e-04
   4.4000000e+02   2.0000000e+00   5.9943390e-04
   4.4100000e+02   1.0000000e+00   5.9663984e-04
   4.4200000e+02   0.0000000e+00   5.9385880e-04
   4.4300000e+02   0.0000000e+00   5.9109073e-04
   4.4400000e+02   0.0000000e+00   5.8833556e-04
   4.4500000e+02   0.0000000e+00   5.8559323e-04
   4.4600000e+02   2.0000000e+00   5.8286368e-04
   4.4700000e+02   0.0000000e+00   5.8014686e-04
   4.4800000e+02   1.0000000e+00   5.7744270e-04
   4.4900000e+02   2.0000000e+00   5.7475114e-04
   4.5000000e+02   1.0000000e+00   5.7207213e-04
   4.5100000e+02   0.0000000e+00   5.6940561e-04
   4.5200000e+02   0.0000000e+00   5.6675152e-04
   4.5300000e+02   0.0000000e+00   5.6410980e-04
   4.5400000e+02   1.0000000e+00   5.6148039e-04
   4.5500000e+02   1.0000000e+00   5.5886324e-04
   4.5600000e+02   0.0000000e+00   5.5625829e-04
   4.5700000e+02   2.0000000e+00   5.5366547e-04
   4.5800000e+02   0.0000000e+00   5.5108475e-04
   4.5900000e+02   0.0000000e+00   5.4851605e-04
   4.6000000e+02   0.0000000e+00   5.4595933e-04
   4.6100000e+02   0.0000000e+00   5.4341452e-04
   4.6200000e+02   2.0000000e+00   5.4088158e-04
   4.6300000e+02   0.0000000e+00   5.3836044e-04
   4.6400000e+02   0.0000000e+00   5.3585106e-04
   4.6500000e+02   1.0000000e+00   5.3335337e-04
   4.6600000e+02   0.0000000e+00   5.3086732e-04
   4.6700000e+02   0.0000000e+00   5.2839286e-04
   4.6800000e+02   0.0000000e+00   5.2592993e-04
   4.6900000e+02   1.0000000e+00   5.2347849e-04
   4.7000000e+02   1.0000000e+00   5.2103847e-04
   4.7100000e+02   0.0000000e+00   5.1860982e-04
   4.7200000e+02   1.0000000e+00   5.1619250e-04
   4.7300000e+02   0.0000000e+00   5.1378644e-04
   4.7400000e+02   2.0000000e+00   5.1139160e-04
   4.7500000e+02   0.0000000e+00   5.0900792e-04
   4.7600000e+02   0.0000000e+00   5.0663535e-04
   4.7700000e+02   0.0000000e+00   5.0427384e-04
   4.7800000e+02   0.0000000e+00   5.0192333e-04
   4.7900000e+02   0.0000000e+00   4.9958379e-04
   4.8000000e+02   0.0000000e+00   4.9725515e-04
   4.8100000e+02   0.0000000e+00   4.9493736e-04
   4.8200000e+02   0.0000000e+00   4.9263037e-04
   4.8300000e+02   3.0000000e+00   4.9033414e-04
   4.8400000e+02   0.0000000e+00   4.8804862e-04
   4.8500000e+02   0.0000000e+00   4.8577374e-04
   4.8600000e+02   0.0000000e+00   4.8350947e-04
   4.8700000e+02   0.0000000e+00   4.8125575e-04
   4.8800000e+02   1.0000000e+00   4.7901254e-04
   4.8900000e+02   0.0000000e+00   4.7677979e-04
   4.9000000e+02   0.0000000e+00   4.7455744e-04
   4.9100000e+02   1.0000000e+00   4.7234545e-04
   4.9200000e+02   1.0000000e+00   4.7014377e-04
   4.9300000e+02   1.0000000e+00   4.6795235e-04
   4.9400000e+02   1.0000000e+00   4.6577115e-04
   4.9500000e+02   1.0000000e+00   4.6360011e-04
   4.9600000e+02   0.0000000e+00   4.6143920e-04
   4.9700000e+02   2.0000000e+00   4.5928835e-04
   4.9800000e+02   2.0000000e+00   4.5714753e-04
   4.9900000e+02   0.0000000e+00   4.5501669e-04
   5.0000000e+02   0.0000000e+00   4.5289579e-04
   5.0100000e+02   1.0000000e+00   4.5078477e-04
   5.0200000e+02   0.0000000e+00   4.4868358e-04
   5.0300000e+02   0.0000000e+00   4.4659220e-04
   5.0400000e+02   1.0000000e+00   4.4451056e-04
   5.0500000e+02   0.0000000e+00   4.4243862e-04
   5.0600000e+02   0.0000000e+00   4.4037634e-04
   5.0700000e+02   2.0000000e+00   4.3832368e-04
   5.0800000e+02   1.0000000e+00   4.3628058e-04
   5.0900000e+02   1.0000000e+00   4.3424700e-04
   5.1000000e+02   1.0000000e+00   4.3222291e-04
   5.1100000e+02   1.0000000e+00   4.3020824e-04
   5.1200000e+02   1.0000000e+00   4.2820297e-04
   5.1300000e+02   1.0000000e+00   4.2620705e-04
   5.1400000e+02   0.0000000e+00   4.2422043e-04
   5.1500000e+02   0.0000000e+00   4.2224307e-04
   5.1600000e+02   0.0000000e+00   4.2027492e-04
   5.1700000e+02   0.0000000e+00   4.1831595e-04
   5.1800000e+02   0.0000000e+00   4.1636611e-04
   5.1900000e+02   2.0000000e+00   4.1442536e-04
   5.2000000e+02   0.0000000e+00   4.1249366e-04
   5.2100000e+02   0.0000000e+00   4.1057096e-04
   5.2200000e+02   1.0000000e+00   4.0865722e-04
   5.2300000e+02   2.0000000e+00   4.0675240e-04
   5.2400000e+02   1.0000000e+00   4.0485646e-04
   5.2500000e+02   1.0000000e+00   4.0296936e-04
   5.2600000e+02   1.0000000e+00   4.0109105e-04
   5.2700000e+02   1.0000000e+00   3.9922150e-04
   5.2800000e+02   0.0000000e+00   3.9736066e-04
   5.2900000e+02   0.0000000e+00   3.9550850e-04
   5.3000000e+02   0.0000000e+00   3.9366497e-04
   5.3100000e+02   0.0000000e+00   3.9183003e-04
   5.3200000e+02   0.0000000e+00   3.9000365e-04
   5.3300000e+02   0.0000000e+00   3.8818578e-04
   5.3400000e+02   1.0000000e+00   3.8637638e-04
   5.3500000e+02   1.0000000e+00   3.8457542e-04
   5.3600000e+02   0.0000000e+00   3.8278285e-04
   5.3700000e+02   0.0000000e+00   3.8099864e-04
   5.3800000e+02   0.0000000e+00   3.7922274e-04
   5.3900000e+02   1.0000000e+00   3.7745512e-04
   5.4000000e+02   2.0000000e+00   3.7569574e-04
   5.4100000e+02   0.0000000e+00   3.7394456e-04
   5.4200000e+02   0.0000000e+00   3.7220154e-04
   5.4300000e+02   0.0000000e+00   3.7046665e-04
   5.4400000e+02   0.0000000e+00   3.6873984e-04
   5.4500000e+02   0.0000000e+00   3.6702109e-04
   5.4600000e+02   1.0000000e+00   3.6531034e-04
   5.4700000e+02   0.0000000e+00   3.6360757e-04
   5.4800000e+02   0.0000000e+00   3.6191274e-04
   5.4900000e+02   0.0000000e+00   3.6022580e-04
   5.5000000e+02   0.0000000e+00   3.5854673e-04
   5.5100000e+02   0.0000000e+00   3.5687549e-04
   5.5200000e+02   0.0000000e+00   3.5521203e-04
   5.5300000e+02   0.0000000e+00   3.5355633e-04
   5.5400000e+02   0.0000000e+00   3.5190835e-04
   5.5500000e+02   2.0000000e+00   3.5026804e-04
   5.5600000e+02   0.0000000e+00   3.4863539e-04
   5.5700000e+02   1.0000000e+00   3.4701034e-04
   5.5800000e+02   0.0000000e+00   3.4539287e-04
   5.5900000e+02   0.0000000e+00   3.4378293e-04
   5.6000000e+02   1.0000000e+00   3.4218051e-04
   5.6100000e+02   0.0000000e+00   3.4058555e-04
   5.6200000e+02   0.0000000e+00   3.3899802e-04
   5.6300000e+02   0.0000000e+00   3.3741790e-04
   5.6400000e+02   0.0000000e+00   3.3584514e-04
   5.6500000e+02   1.0000000e+00   3.3427971e-04
   5.6600000e+02   0.0000000e+00   3.3272157e-04
   5.6700000e+02   0.0000000e+00   3.3117070e-04
   5.6800000e+02   0.0000000e+00   3.2962706e-04
   5.6900000e+02   0.0000000e+00   3.2809062e-04
   5.7000000e+02   0.0000000e+00   3.2656133e-04
   5.7100000e+02   0.0000000e+00   3.2503918e-04
   5.7200000e+02   0.0000000e+00   3.2352412e-04
   5.7300000e+02   0.0000000e+00   3.2201612e-04
   5.7400000e+02   2.0000000e+00   3.2051515e-04
   5.7500000e+02   1.0000000e+00   3.1902118e-04
   5.7600000e+02   1.0000000e+00   3.1753417e-04
   5.7700000e+02   0.0000000e+00   3.1605409e-04
   5.7800000e+02   0.0000000e+00   3.1458091e-04
   5.7900000e+02   0.0000000e+00   3.1311459e-04
   5.8000000e+02   0.0000000e+00   3.1165511e-04
   5.8100000e+02   0.0000000e+00   3.1020244e-04
   5.8200000e+02   1.0000000e+00   3.0875654e-04
   5.8300000e+02   1.0000000e+00   3.0731737e-04
   5.8400000e+02   0.0000000e+00   3.0588491e-04
   5.8500000e+02   0.0000000e+00   3.0445913e-04
   5.8600000e+02   0.0000000e+00   3.0304000e-04
   5.8700000e+02   0.0000000e+00   3.0162748e-04
   5.8800000e+02   1.0000000e+00   3.0022155e-04
   5.8900000e+02   0.0000000e+00   2.9882216e-04
   5.9000000e+02   1.0000000e+00   2.9742931e-04
   5.9100000e+02   0.0000000e+00   2.9604294e-04
   5.9200000e+02   2.0000000e+00   2.9466303e-04
   5.9300000e+02   0.0000000e+00   2.9328956e-04
   5.9400000e+02   0.0000000e+00   2.9192249e-04
   5.9500000e+02   0.0000000e+00   2.9056179e-04
   5.9600000e+02   0.0000000e+00   2.8920744e-04
   5.9700000e+02   0.0000000e+00   2.8785939e-04
   5.9800000e+02   0.0000000e+00   2.8651763e-04
   5.9900000e+02   1.0000000e+00   2.8518213e-04
   6.0000000e+02   0.0000000e+00   2.8385285e-04
   6.0100000e+02   0.0000000e+00   2.8252976e-04
   6.0200000e+02   0.0000000e+00   2.8121284e-04
   6.0300000e+02   0.0000000e+00   2.7990207e-04
   6.0400000e+02   0.0000000e+00   2.7859740e-04
   6.0500000e+02   1.0000000e+00   2.7729881e-04
   6.0600000e+02   0.0000000e+00   2.7600627e-04
   6.0700000e+02   0.0000000e+00   2.7471976e-04
   6.0800000e+02   1.0000000e+00   2.7343925e-04
   6.0900000e+02   1.0000000e+00   2.7216470e-04
   6.1000000e+02   0.0000000e+00   2.7089610e-04
   6.1100000e+02   0.0000000e+00   2.6963341e-04
   6.1200000e+02   0.0000000e+00   2.6837660e-04
   6.1300000e+02   0.0000000e+00   2.6712566e-04
   6.1400000e+02   0.0000000e+00   2.6588054e-04
   6.1500000e+02   0.0000000e+00   2.6464123e-04
   6.1600000e+02   0.0000000e+00   2.6340769e-04
   6.1700000e+02   0.0000000e+00   2.6217990e-04
   6.1800000e+02   0.0000000e+00   2.6095784e-04
   6.1900000e+02   0.0000000e+00   2.5974147e-04
   6.2000000e+02   0.0000000e+00   2.5853078e-04
   6.2100000e+02   0.0000000e+00   2.5732572e-04
   6.2200000e+02   1.0000000e+00   2.5612628e-04
   6.2300000e+02   1.0000000e+00   2.5493244e-04
   6.2400000e+02   0.0000000e+00   2.5374416e-04
   6.2500000e+02   0.0000000e+00   2.5256141e-04
   6.2600000e+02   1.0000000e+00   2.5138418e-04
   6.2700000e+02   0.0000000e+00   2.5021244e-04
   6.2800000e+02   0.0000000e+00   2.4904616e-04
   6.2900000e+02   0.0000000e+00   2.4788531e-04
   6.3000000e+02   0.0000000e+00   2.4672988e-04
   6.3100000e+02   0.0000000e+00   2.4557983e-04
   6.3200000e+02   0.0000000e+00   2.4443514e-04
   6.3300000e+02   0.0000000e+00   2.4329579e-04
   6.3400000e+02   0.0000000e+00   2.4216175e-04
   6.3500000e+02   0.0000000e+00   2.4103299e-04
   6.3600000e+02   0.0000000e+00   2.3990950e-04
   6.3700000e+02   0.0000000e+00   2.3879124e-04
   6.3800000e+02   0.0000000e+00   2.3767820e-04
   6.3900000e+02   1.0000000e+00   2.3657034e-04
   6.4000000e+02   1.0000000e+00   2.3546765e-04
   6.4100000e+02   1.0000000e+00   2.3437009e-04
   6.4200000e+02   0.0000000e+00   2.3327766e-04
   6.4300000e+02   0.0000000e+00   2.3219031e-04
   6.4400000e+02   0.0000000e+00   2.3110803e-04
   6.4500000e+02   1.0000000e+00   2.3003080e-04
   6.4600000e+02   0.0000000e+00   2.2895859e-04
   6.4700000e+02   0.0000000e+00   2.2789138e-04
   6.4800000e+02   0.0000000e+00   2.2682914e-04
   6.4900000e+02   0.0000000e+00   2.2577185e-04
   6.5000000e+02   0.0000000e+00   2.2471949e-04
   6.5100000e+02   0.0000000e+00   2.2367204e-04
   6.5200000e+02   0.0000000e+00   2.2262946e-04
   6.5300000e+02   0.0000000e+00   2.2159175e-04
   6.5400000e+02   0.0000000e+00   2.2055888e-04
   6.5500000e+02   0.0000000e+00   2.1953081e-04
   6.5600000e+02   0.0000000e+00   2.1850755e-04
   6.5700000e+02   1.0000000e+00   2.1748905e-04
   6.5800000e+02   0.0000000e+00   2.1647529e-04
   6.5900000e+02   1.0000000e+00   2.1546627e-04
   6.6000000e+02   0.0000000e+00   2.1446194e-04
   6.6100000e+02   0.0000000e+00   2.1346230e-04
   6.6200000e+02   0.0000000e+00   2.1246732e-04
   6.6300000e+02   1.0000000e+00   2.1147697e-04
   6.6400000e+02   0.0000000e+00   2.1049124e-04
   6.6500000e+02   1.0000000e+00   2.0951011e-04
   6.6600000e+02   0.0000000e+00   2.0853355e-04
   6.6700000e+02   0.0000000e+00   2.0756154e-04
   6.6800000e+02   1.0000000e+00   2.0659406e-04
   6.6900000e+02   1.0000000e+00   2.0563109e-04
   6.7000000e+02   1.0000000e+00   2.0467261e-04
   6.7100000e+02   1.0000000e+00   2.0371860e-04
   6.7200000e+02   0.0000000e+00   2.0276903e-04
   6.7300000e+02   1.0000000e+00   2.0182390e-04
   6.7400000e+02   0.0000000e+00   2.0088316e-04
   6.7500000e+02   0.0000000e+00   1.9994681e-04
   6.7600000e+02   0.0000000e+00   1.9901483e-04
   6.7700000e+02   0.0000000e+00   1.9808719e-04
   6.7800000e+02   0.0000000e+00   1.9716387e-04
   6.7900000e+02   0.0000000e+00   1.9624486e-04
   6.8000000e+02   0.0000000e+00   1.9533013e-04
   6.8100000e+02   0.0000000e+00   1.9441966e-04
   6.8200000e+02   0.0000000e+00   1.9351344e-04
   6.8300000e+02   1.0000000e+00   1.9261144e-04
   6.8400000e+02   3.0000000e+00   1.9171365e-04
   6.8500000e+02   0.0000000e+00   1.9082004e-04
   6.8600000e+02   0.0000000e+00   1.8993060e-04
   6.8700000e+02   1.0000000e+00   1.8904530e-04
   6.8800000e+02   0.0000000e+00   1.8816413e-04
   6.8900000e+02   0.0000000e+00   1.8728706e-04
   6.9000000e+02   0.0000000e+00   1.8641409e-04
   6.9100000e+02   1.0000000e+00   1.8554518e-04
   6.9200000e+02   0.0000000e+00   1.8468032e-04
   6.9300000e+02   0.0000000e+00   1.8381950e-04
   6.9400000e+02   0.0000000e+00   1.8296269e-04
   6.9500000e+02   0.0000000e+00   1.8210987e-04
   6.9600000e+02   0.0000000e+00   1.8126102e-04
   6.9700000e+02   1.0000000e+00   1.8041614e-04
   6.9800000e+02   0.0000000e+00   1.7957519e-04
   6.9900000e+02   1.0000000e+00   1.7873816e-04
   7.0000000e+02   1.0000000e+00   1.7790503e-04
   7.0100000e+02   0.0000000e+00   1.7707579e-04
   7.0200000e+02   0.0000000e+00   1.7625041e-04
   7.0300000e+02   0.0000000e+00   1.7542887e-04
   7.0400000e+02   0.0000000e+00   1.7461117e-04
   7.0500000e+02   0.0000000e+00   1.7379728e-04
   7.0600000e+02   0.0000000e+00   1.7298718e-04
   7.0700000e+02   0.0000000e+00   1.7218086e-04
   7.0800000e+02   0.0000000e+00   1.7137830e-04
   7.0900000e+02   0.0000000e+00   1.7057948e-04
   7.1000000e+02   0.0000000e+00   1.6978438e-04
   7.1100000e+02   0.0000000e+00   1.6899298e-04
   7.1200000e+02   0.0000000e+00   1.6820528e-04
   7.1300000e+02   1.0000000e+00   1.6742125e-04
   7.1400000e+02   0.0000000e+00   1.6664087e-04
   7.1500000e+02   2.0000000e+00   1.6586413e-04
   7.1600000e+02   0.0000000e+00   1.6509101e-04
   7.1700000e+02   1.0000000e+00   1.6432149e-04
   7.1800000e+02   0.0000000e+00   1.6355556e-04
   7.1900000e+02   0.0000000e+00   1.6279320e-04
   7.2000000e+02   0.0000000e+00   1.6203440e-04
   7.2100000e+02   2.0000000e+00   1.6127913e-04
   7.2200000e+02   0.0000000e+00   1.6052738e-04
   7.2300000e+02   0.0000000e+00   1.5977914e-04
   7.2400000e+02   0.0000000e+00   1.5903438e-04
   7.2500000e+02   0.0000000e+00   1.5829309e-04
   7.2600000e+02   0.0000000e+00   1.5755526e-04
   7.2700000e+02   0.0000000e+00   1.5682087e-04
   7.2800000e+02   0.0000000e+00   1.5608991e-04
   7.2900000e+02   1.0000000e+00   1.5536235e-04
   7.3000000e+02   0.0000000e+00   1.5463818e-04
   7.3100000e+02   0.0000000e+00   1.5391738e-04
   7.3200000e+02   0.0000000e+00   1.5319995e-04
   7.3300000e+02   0.0000000e+00   1.5248586e-04
   7.3400000e+02   2.0000000e+00   1.5177510e-04
   7.3500000e+02   3.0000000e+00   1.5106765e-04
   7.3600000e+02   0.0000000e+00   1.5036350e-04
   7.3700000e+02   1.0000000e+00   1.4966263e-04
   7.3800000e+02   0.0000000e+00   1.4896503e-04
   7.3900000e+02   0.0000000e+00   1.4827068e-04
   7.4000000e+02   0.0000000e+00   1.4757956e-04
   7.4100000e+02   0.0000000e+00   1.4689167e-04
   7.4200000e+02   0.0000000e+00   1.4620698e-04
   7.4300000e+02   0.0000000e+00   1.4552549e-04
   7.4400000e+02   0.0000000e+00   1.4484717e-04
   7.4500000e+02   1.0000000e+00   1.4417201e-04
   7.4600000e+02   0.0000000e+00   1.4350000e-04
   7.4700000e+02   0.0000000e+00   1.4283113e-04
   7.4800000e+02   0.0000000e+00   1.4216537e-04
   7.4900000e+02   0.0000000e+00   1.4150271e-04
   7.5000000e+02   0.0000000e+00   1.4084314e-04
   7.5100000e+02   0.0000000e+00   1.4018665e-04
   7.5200000e+02   0.0000000e+00   1.3953322e-04
   7.5300000e+02   1.0000000e+00   1.3888283e-04
   7.5400000e+02   0.0000000e+00   1.3823548e-04
   7.5500000e+02   0.0000000e+00   1.3759114e-04
   7.5600000e+02   0.0000000e+00   1.3694980e-04
   7.5700000e+02   0.0000000e+00   1.3631146e-04
   7.5800000e+02   0.0000000e+00   1.3567609e-04
   7.5900000e+02   1.0000000e+00   1.3504368e-04
   7.6000000e+02   0.0000000e+00   1.3441422e-04
   7.6100000e+02   0.0000000e+00   1.3378769e-04
   7.6200000e+02   0.0000000e+00   1.3316409e-04
   7.6300000e+02   0.0000000e+00   1.3254339e-04
   7.6400000e+02   0.0000000e+00   1.3192558e-04
   7.6500000e+02   0.0000000e+00   1.3131065e-04
   7.6600000e+02   0.0000000e+00   1.3069859e-04
   7.6700000e+02   0.0000000e+00   1.3008938e-04
   7.6800000e+02   0.0000000e+00   1.2948302e-04
   7.6900000e+02   0.0000000e+00   1.2887947e-04
   7.7000000e+02   2.0000000e+00   1.2827875e-04
   7.7100000e+02   0.0000000e+00   1.2768082e-04
   7.7200000e+02   1.0000000e+00   1.2708568e-04
   7.7300000e+02   1.0000000e+00   1.2649331e-04
   7.7400000e+02   1.0000000e+00   1.2590370e-04
   7.7500000e+02   1.0000000e+00   1.2531685e-04
   7.7600000e+02   0.0000000e+00   1.2473272e-04
   7.7700000e+02   1.0000000e+00   1.2415132e-04
   7.7800000e+02   0.0000000e+00   1.2357263e-04
   7.7900000e+02   0.0000000e+00   1.2299664e-04
   7.8000000e+02   0.0000000e+00   1.2242333e-04
   7.8100000e+02   0.0000000e+00   1.2185270e-04
   7.8200000e+02   0.0000000e+00   1.2128472e-04
   7.8300000e+02   0.0000000e+00   1.2071940e-04
   7.8400000e+02   0.0000000e+00   1.2015670e-04
   7.8500000e+02   1.0000000e+00   1.1959663e-04
   7.8600000e+02   0.0000000e+00   1.1903917e-04
   7.8700000e+02   0.0000000e+00   1.1848431e-04
   7.8800000e+02   1.0000000e+00   1.1793204e-04
   7.8900000e+02   0.0000000e+00   1.1738234e-04
   7.9000000e+02   0.0000000e+00   1.1683520e-04
   7.9100000e+02   0.0000000e+00   1.1629061e-04
   7.9200000e+02   0.0000000e+00   1.1574856e-04
   7.9300000e+02   1.0000000e+00   1.1520904e-04
   7.9400000e+02   0.0000000e+00   1.1467203e-04
   7.9500000e+02   0.0000000e+00   1.1413753e-04
   7.9600000e+02   0.0000000e+00   1.1360551e-04
   7.9700000e+02   0.0000000e+00   1.1307598e-04
   7.9800000e+02   0.0000000e+00   1.1254891e-04
   7.9900000e+02   0.0000000e+00   1.1202430e-04
   8.0000000e+02   0.0000000e+00   1.1150214e-04
   8.0100000e+02   0.0000000e+00   1.1098241e-04
   8.0200000e+02   0.0000000e+00   1.1046510e-04
   8.0300000e+02   0.0000000e+00   1.0995021e-04
   8.0400000e+02   0.0000000e+00   1.0943771e-04
   8.0500000e+02   1.0000000e+00   1.0892760e-04
   8.0600000e+02   0.0000000e+00   1.0841987e-04
   8.0700000e+02   0.0000000e+00   1.0791451e-04
   8.0800000e+02   0.0000000e+00   1.0741150e-04
   8.0900000e+02   0.0000000e+00   1.0691084e-04
   8.1000000e+02   0.0000000e+00   1.0641251e-04
   8.1100000e+02   0.0000000e+00   1.0591651e-04
   8.1200000e+02   0.0000000e+00   1.0542281e-04
   8.1300000e+02   0.0000000e+00   1.0493142e-04
   8.1400000e+02   0.0000000e+00   1.0444232e-04
   8.1500000e+02   0.0000000e+00   1.0395549e-04
   8.1600000e+02   0.0000000e+00   1.0347094e-04
   8.1700000e+02   0.0000000e+00   1.0298865e-04
   8.1800000e+02   0.0000000e+00   1.0250860e-04
   8.1900000e+02   0.0000000e+00   1.0203079e-04
   8.2000000e+02   0.0000000e+00   1.0155521e-04
   8.2100000e+02   0.0000000e+00   1.0108184e-04
   8.2200000e+02   0.0000000e+00   1.0061068e-04
   8.2300000e+02   0.0000000e+00   1.0014172e-04
   8.2400000e+02   1.0000000e+00   9.9674942e-05
   8.2500000e+02   0.0000000e+00   9.9210341e-05
   8.2600000e+02   1.0000000e+00   9.8747905e-05
   8.2700000e+02   0.0000000e+00   9.8287625e-05
   8.2800000e+02   0.0000000e+00   9.7829491e-05
   8.2900000e+02   0.0000000e+00   9.7373491e-05
   8.3000000e+02   0.0000000e+00   9.6919618e-05
   8.3100000e+02   0.0000000e+00   9.6467859e-05
   8.3200000e+02   0.0000000e+00   9.6018207e-05
   8.3300000e+02   0.0000000e+00   9.5570650e-05
   8.3400000e+02   0.0000000e+00   9.5125180e-05
   8.3500000e+02   0.0000000e+00   9.4681786e-05
   8.3600000e+02   1.0000000e+00   9.4240458e-05
   8.3700000e+02   0.0000000e+00   9.3801188e-05
   8.3800000e+02   0.0000000e+00   9.3363965e-05
   8.3900000e+02   0.0000000e+00   9.2928781e-05
   8.4000000e+02   0.0000000e+00   9.2495624e-05
   8.4100000e+02   0.0000000e+00   9.2064487e-05
   8.4200000e+02   0.0000000e+00   9.1635360e-05
   8.4300000e+02   0.0000000e+00   9.1208232e-05
   8.4400000e+02   0.0000000e+00   9.0783096e-05
   8.4500000e+02   0.0000000e+00   9.0359941e-05
   8.4600000e+02   0.0000000e+00   8.9938758e-05
   8.4700000e+02   0.0000000e+00   8.9519539e-05
   8.4800000e+02   0.0000000e+00   8.9102274e-05
   8.4900000e+02   0.0000000e+00   8.8686953e-05
   8.5000000e+02   0.0000000e+00   8.8273569e-05
   8.5100000e+02   0.0000000e+00   8.7862111e-05
   8.5200000e+02   0.0000000e+00   8.7452572e-05
   8.5300000e+02   0.0000000e+00   8.7044941e-05
   8.5400000e+02   0.0000000e+00   8.6639210e-05
   8.5500000e+02   0.0000000e+00   8.6235371e-05
   8.5600000e+02   0.0000000e+00   8.5833414e-05
   8.5700000e+02   1.0000000e+00   8.5433330e-05
   8.5800000e+02   0.0000000e+00   8.5035111e-05
   8.5900000e+02   0.0000000e+00   8.4638749e-05
   8.6000000e+02   0.0000000e+00   8.4244234e-05
   8.6100000e+02   0.0000000e+00   8.3851557e-05
   8.6200000e+02   0.0000000e+00   8.3460712e-05
   8.6300000e+02   0.0000000e+00   8.3071687e-05
   8.6400000e+02   0.0000000e+00   8.2684477e-05
   8.6500000e+02   0.0000000e+00   8.2299071e-05
   8.6600000e+02   0.0000000e+00   8.1915461e-05
   8.6700000e+02   0.0000000e+00   8.1533640e-05
   8.6800000e+02   0.0000000e+00   8.1153598e-05
   8.6900000e+02   0.0000000e+00   8.0775328e-05
   8.7000000e+02   0.0000000e+00   8.0398821e-05
   8.7100000e+02   0.0000000e+00   8.0024069e-05
   8.7200000e+02   0.0000000e+00   7.9651064e-05
   8.7300000e+02   0.0000000e+00   7.9279797e-05
   8.7400000e+02   0.0000000e+00   7.8910261e-05
   8.7500000e+02   0.0000000e+00   7.8542447e-05
   8.7600000e+02   0.0000000e+00   7.8176348e-05
   8.7700000e+02   0.0000000e+00   7.7811955e-05
   8.7800000e+02   0.0000000e+00   7.7449261e-05
   8.7900000e+02   0.0000000e+00   7.7088257e-05
   8.8000000e+02   0.0000000e+00   7.6728936e-05
   8.8100000e+02   0.0000000e+00   7.6371290e-05
   8.8200000e+02   0.0000000e+00   7.6015311e-05
   8.8300000e+02   0.0000000e+00   7.5660991e-05
   8.8400000e+02   0.0000000e+00   7.5308323e-05
   8.8500000e+02   2.0000000e+00   7.4957299e-05
   8.8600000e+02   0.0000000e+00   7.4607910e-05
   8.8700000e+02   0.0000000e+00   7.4260151e-05
   8.8800000e+02   0.0000000e+00   7.3914012e-05
   8.8900000e+02   0.0000000e+00   7.3569487e-05
   8.9000000e+02   0.0000000e+00   7.3226567e-05
   8.9100000e+02   1.0000000e+00   7.2885246e-05
   8.9200000e+02   0.0000000e+00   7.2545516e-05
   8.9300000e+02   0.0000000e+00   7.2207370e-05
   8.9400000e+02   0.0000000e+00   7.1870799e-05
   8.9500000e+02   0.0000000e+00   7.1535798e-05
   8.9600000e+02   0.0000000e+00   7.1202358e-05
   8.9700000e+02   0.0000000e+00   7.0870472e-05
   8.9800000e+02   0.0000000e+00   7.0540133e-05
   8.9900000e+02   1.0000000e+00   7.0211334e-05
   9.0000000e+02   0.0000000e+00   6.9884067e-05
   9.0100000e+02   0.0000000e+00   6.9558326e-05
   9.0200000e+02   0.0000000e+00   6.9234103e-05
   9.0300000e+02   0.0000000e+00   6.8911392e-05
   9.0400000e+02   1.0000000e+00   6.8590185e-05
   9.0500000e+02   0.0000000e+00   6.8270474e-05
   9.0600000e+02   0.0000000e+00   6.7952255e-05
   9.0700000e+02   0.0000000e+00   6.7635518e-05
   9.0800000e+02   0.0000000e+00   6.7320258e-05
   9.0900000e+02   0.0000000e+00   6.7006467e-05
   9.1000000e+02   0.0000000e+00   6.6694139e-05
   9.1100000e+02   0.0000000e+00   6.6383267e-05
   9.1200000e+02   0.0000000e+00   6.6073843e-05
   9.1300000e+02   1.0000000e+00   6.5765862e-05
   9.1400000e+02   0.0000000e+00   6.5459317e-05
   9.1500000e+02   0.0000000e+00   6.5154200e-05
   9.1600000e+02   0.0000000e+00   6.4850506e-05
   9.1700000e+02   0.0000000e+00   6.4548227e-05
   9.1800000e+02   0.0000000e+00   6.4247357e-05
   9.1900000e+02   1.0000000e+00   6.3947890e-05
   9.2000000e+02   1.0000000e+00   6.3649818e-05
   9.2100000e+02   0.0000000e+00   6.3353136e-05
   9.2200000e+02   0.0000000e+00   6.3057837e-05
   9.2300000e+02   0.0000000e+00   6.2763914e-05
   9.2400000e+02   0.0000000e+00   6.2471361e-05
   9.2500000e+02   0.0000000e+00   6.2180172e-05
   9.2600000e+02   0.0000000e+00   6.1890340e-05
   9.2700000e+02   0.0000000e+00   6.1601859e-05
   9.2800000e+02   1.0000000e+00   6.1314722e-05
   9.2900000e+02   0.0000000e+00   6.1028924e-05
   9.3000000e+02   0.0000000e+00   6.0744458e-05
   9.3100000e+02   0.0000000e+00   6.0461319e-05
   9.3200000e+02   0.0000000e+00   6.0179498e-05
   9.3300000e+02   0.0000000e+00   5.9898992e-05
   9.3400000e+02   0.0000000e+00   5.9619793e-05
   9.3500000e+02   0.0000000e+00   5.9341895e-05
   9.3600000e+02   0.0000000e+00   5.9065293e-05
   9.3700000e+02   0.0000000e+00   5.8789980e-05
   9.3800000e+02   0.0000000e+00   5.8515950e-05
   9.3900000e+02   0.0000000e+00   5.8243198e-05
   9.4000000e+02   0.0000000e+00   5.7971717e-05
   9.4100000e+02   0.0000000e+00   5.7701501e-05
   9.4200000e+02   0.0000000e+00   5.7432545e-05
   9.4300000e+02   0.0000000e+00   5.7164842e-05
   9.4400000e+02   0.0000000e+00   5.6898388e-05
   9.4500000e+02   0.0000000e+00   5.6633175e-05
   9.4600000e+02   0.0000000e+00   5.6369199e-05
   9.4700000e+02   0.0000000e+00   5.6106452e-05
   9.4800000e+02   0.0000000e+00   5.5844931e-05
   9.4900000e+02   0.0000000e+00   5.5584629e-05
   9.5000000e+02   0.0000000e+00   5.5325540e-05
   9.5100000e+02   0.0000000e+00   5.5067658e-05
   9.5200000e+02   0.0000000e+00   5.4810979e-05
   9.5300000e+02   0.0000000e+00   5.4555496e-05
   9.5400000e+02   1.0000000e+00   5.4301204e-05
   9.5500000e+02   1.0000000e+00   5.4048097e-05
   9.5600000e+02   0.0000000e+00   5.3796170e-05
   9.5700000e+02   0.0000000e+00   5.3545417e-05
   9.5800000e+02   0.0000000e+00   5.3295833e-05
   9.5900000e+02   0.0000000e+00   5.3047413e-05
   9.6000000e+02   0.0000000e+00   5.2800150e-05
   9.6100000e+02   0.0000000e+00   5.2554040e-05
   9.6200000e+02   0.0000000e+00   5.2309077e-05
   9.6300000e+02   0.0000000e+00   5.2065256e-05
   9.6400000e+02   0.0000000e+00   5.1822571e-05
   9.6500000e+02   0.0000000e+00   5.1581018e-05
   9.6600000e+02   0.0000000e+00   5.1340590e-05
   9.6700000e+02   0.0000000e+00   5.1101283e-05
   9.6800000e+02   1.0000000e+00   5.0863092e-05
   9.6900000e+02   0.0000000e+00   5.0626010e-05
   9.7000000e+02   0.0000000e+00   5.0390034e-05
   9.7100000e+02   0.0000000e+00   5.0155158e-05
   9.7200000e+02   0.0000000e+00   4.9921377e-05
   9.7300000e+02   0.0000000e+00   4.9688685e-05
   9.7400000e+02   0.0000000e+00   4.9457078e-05
   9.7500000e+02   0.0000000e+00   4.9226550e-05
   9.7600000e+02   0.0000000e+00   4.8997097e-05
   9.7700000e+02   0.0000000e+00   4.8768714e-05
   9.7800000e+02   0.0000000e+00   4.8541395e-05
   9.7900000e+02   0.0000000e+00   4.8315135e-05
   9.8000000e+02   0.0000000e+00   4.8089931e-05
   9.8100000e+02   0.0000000e+00   4.7865776e-05
   9.8200000e+02   0.0000000e+00   4.7642665e-05
   9.8300000e+02   0.0000000e+00   4.7420595e-05
   9.8400000e+02   0.0000000e+00   4.7199560e-05
   9.8500000e+02   0.0000000e+00   4.6979555e-05
   9.8600000e+02   0.0000000e+00   4.6760576e-05
   9.8700000e+02   1.0000000e+00   4.6542617e-05
   9.8800000e+02   0.0000000e+00   4.6325674e-05
   9.8900000e+02   0.0000000e+00   4.6109743e-05
   9.9000000e+02   0.0000000e+00   4.5894818e-05
   9.9100000e+02   0.0000000e+00   4.5680894e-05
   9.9200000e+02   0.0000000e+00   4.5467968e-05
   9.9300000e+02   0.0000000e+00   4.5256035e-05
   9.9400000e+02   0.0000000e+00   4.5045089e-05
   9.9500000e+02   0.0000000e+00   4.4835126e-05
   9.9600000e+02   0.0000000e+00   4.4626142e-05
   9.9700000e+02   0.0000000e+00   4.4418133e-05
   9.9800000e+02   0.0000000e+00   4.4211092e-05
   9.9900000e+02   0.0000000e+00   4.4005017e-05
   1.0000000e+03   0.0000000e+00   4.3799903e-05
   1.0010000e+03   0.0000000e+00   4.3595744e-05
   1.0020000e+03   0.0000000e+00   4.3392537e-05
   1.0030000e+03   0.0000000e+00   4.3190278e-05
   1.0040000e+03   0.0000000e+00   4.2988961e-05
   1.0050000e+03   0.0000000e+00   4.2788582e-05
   1.0060000e+03   0.0000000e+00   4.2589137e-05
   1.0070000e+03   0.0000000e+00   4.2390622e-05
   1.0080000e+03   0.0000000e+00   4.2193033e-05
   1.0090000e+03   0.0000000e+00   4.1996364e-05
   1.0100000e+03   0.0000000e+00   4.1800612e-05
   1.0110000e+03   0.0000000e+00   4.1605773e-05
   1.0120000e+03   0.0000000e+00   4.1411841e-05
   1.0130000e+03   0.0000000e+00   4.1218814e-05
   1.0140000e+03   0.0000000e+00   4.1026686e-05
   1.0150000e+03   0.0000000e+00   4.0835454e-05
   1.0160000e+03   0.0000000e+00   4.0645114e-05
   1.0170000e+03   0.0000000e+00   4.0455660e-05
   1.0180000e+03   0.0000000e+00   4.0267090e-05
   1.0190000e+03   0.0000000e+00   4.0079398e-05
   1.0200000e+03   0.0000000e+00   3.9892581e-05
   1.0210000e+03   0.0000000e+00   3.9706636e-05
   1.0220000e+03   1.0000000e+00   3.9521556e-05
   1.0230000e+03   0.0000000e+00   3.9337340e-05
   1.0240000e+03   0.0000000e+00   3.9153982e-05
   1.0250000e+03   0.0000000e+00   3.8971479e-05
   1.0260000e+03   0.0000000e+00   3.8789827e-05
   1.0270000e+03   0.0000000e+00   3.8609021e-05
   1.0280000e+03   0.0000000e+00   3.8429058e-05
   1.0290000e+03   0.0000000e+00   3.8249934e-05
   1.0300000e+03   0.0000000e+00   3.8071645e-05
   1.0310000e+03   1.0000000e+00   3.7894186e-05
   1.0320000e+03   0.0000000e+00   3.7717555e-05
   1.0330000e+03   0.0000000e+00   3.7541748e-05
   1.0340000e+03   0.0000000e+00   3.7366759e-05
   1.0350000e+03   0.0000000e+00   3.7192587e-05
   1.0360000e+03   0.0000000e+00   3.7019226e-05
   1.0370000e+03   0.0000000e+00   3.6846673e-05
   1.0380000e+03   0.0000000e+00   3.6674925e-05
   1.0390000e+03   0.0000000e+00   3.6503977e-05
   1.0400000e+03   0.0000000e+00   3.6333826e-05
   1.0410000e+03   0.0000000e+00   3.6164468e-05
   1.0420000e+03   0.0000000e+00   3.5995900e-05
   1.0430000e+03   0.0000000e+00   3.5828117e-05
   1.0440000e+03   0.0000000e+00   3.5661116e-05
   1.0450000e+03   0.0000000e+00   3.5494894e-05
   1.0460000e+03   0.0000000e+00   3.5329446e-05
   1.0470000e+03   0.0000000e+00   3.5164770e-05
   1.0480000e+03   0.0000000e+00   3.5000861e-05
   1.0490000e+03   0.0000000e+00   3.4837717e-05
   1.0500000e+03   0.0000000e+00   3.4675332e-05
   1.0510000e+03   0.0000000e+00   3.4513705e-05
   1.0520000e+03   0.0000000e+00   3.4352831e-05
   1.0530000e+03   0.0000000e+00   3.4192707e-05
   1.0540000e+03   0.0000000e+00   3.4033329e-05
   1.0550000e+03   0.0000000e+00   3.3874694e-05
   1.0560000e+03   0.0000000e+00   3.3716798e-05
   1.0570000e+03   0.0000000e+00   3.3559639e-05
   1.0580000e+03   0.0000000e+00   3.3403212e-05
   1.0590000e+03   0.0000000e+00   3.3247514e-05
   1.0600000e+03   0.0000000e+00   3.3092542e-05
   1.0610000e+03   0.0000000e+00   3.2938292e-05
   1.0620000e+03   0.0000000e+00   3.2784762e-05
   1.0630000e+03   0.0000000e+00   3.2631946e-05
   1.0640000e+03   0.0000000e+00   3.2479844e-05
   1.0650000e+03   0.0000000e+00   3.2328450e-05
   1.0660000e+03   0.0000000e+00   3.2177761e-05
   1.0670000e+03   0.0000000e+00   3.2027776e-05
   1.0680000e+03   0.0000000e+00   3.1878489e-05
   1.0690000e+03   0.0000000e+00   3.1729898e-05
   1.0700000e+03   0.0000000e+00   3.1582000e-05
   1.0710000e+03   0.0000000e+00   3.1434791e-05
   1.0720000e+03   0.0000000e+00   3.1288268e-05
   1.0730000e+03   0.0000000e+00   3.1142428e-05
   1.0740000e+03   0.0000000e+00   3.0997269e-05
   1.0750000e+03   0.0000000e+00   3.0852785e-05
   1.0760000e+03   0.0000000e+00   3.0708975e-05
   1.0770000e+03   0.0000000e+00   3.0565836e-05
   1.0780000e+03   0.0000000e+00   3.0423363e-05
   1.0790000e+03   0.0000000e+00   3.0281555e-05
   1.0800000e+03   0.0000000e+00   3.0140408e-05
   1.0810000e+03   0.0000000e+00   2.9999918e-05
   1.0820000e+03   0.0000000e+00   2.9860084e-05
   1.0830000e+03   0.0000000e+00   2.9720901e-05
   1.0840000e+03   0.0000000e+00   2.9582367e-05
   1.0850000e+03   0.0000000e+00   2.9444479e-05
   1.0860000e+03   0.0000000e+00   2.9307233e-05
   1.0870000e+03   0.0000000e+00   2.9170628e-05
   1.0880000e+03   0.0000000e+00   2.9034658e-05
   1.0890000e+03   0.0000000e+00   2.8899323e-05
   1.0900000e+03   0.0000000e+00   2.8764619e-05
   1.0910000e+03   0.0000000e+00   2.8630542e-05
   1.0920000e+03   0.0000000e+00   2.8497090e-05
   1.0930000e+03   0.0000000e+00   2.8364261e-05
   1.0940000e+03   0.0000000e+00   2.8232050e-05
   1.0950000e+03   0.0000000e+00   2.8100456e-05
   1.0960000e+03   0.0000000e+00   2.7969475e-05
   1.0970000e+03   0.0000000e+00   2.7839105e-05
   1.0980000e+03   0.0000000e+00   2.7709342e-05
   1.0990000e+03   0.0000000e+00   2.7580185e-05
   1.1000000e+03   0.0000000e+00   2.7451629e-05
   1.1010000e+03   0.0000000e+00   2.7323672e-05
   1.1020000e+03   0.0000000e+00   2.7196312e-05
   1.1030000e+03   0.0000000e+00   2.7069546e-05
   1.1040000e+03   0.0000000e+00   2.6943370e-05
   1.1050000e+03   0.0000000e+00   2.6817783e-05
   1.1060000e+03   0.0000000e+00   2.6692781e-05
   1.1070000e+03   0.0000000e+00   2.6568361e-05
   1.1080000e+03   0.0000000e+00   2.6444522e-05
   1.1090000e+03   0.0000000e+00   2.6321259e-05
   1.1100000e+03   0.0000000e+00   2.6198572e-05
   1.1110000e+03   0.0000000e+00   2.6076456e-05
   1.1120000e+03   1.0000000e+00   2.5954909e-05
   1.1130000e+03   0.0000000e+00   2.5833929e-05
   1.1140000e+03   0.0000000e+00   2.5713513e-05
   1.1150000e+03   0.0000000e+00   2.5593658e-05
   1.1160000e+03   0.0000000e+00   2.5474362e-05
   1.1170000e+03   1.0000000e+00   2.5355622e-05
   1.1180000e+03   0.0000000e+00   2.5237435e-05
   1.1190000e+03   0.0000000e+00   2.5119799e-05
   1.1200000e+03   0.0000000e+00   2.5002712e-05
   1.1210000e+03   0.0000000e+00   2.4886170e-05
   1.1220000e+03   0.0000000e+00   2.4770171e-05
   1.1230000e+03   0.0000000e+00   2.4654714e-05
   1.1240000e+03   0.0000000e+00   2.4539794e-05
   1.1250000e+03   0.0000000e+00   2.4425410e-05
   1.1260000e+03   1.0000000e+00   2.4311559e-05
   1.1270000e+03   0.0000000e+00   2.4198239e-05
   1.1280000e+03   0.0000000e+00   2.4085447e-05
   1.1290000e+03   0.0000000e+00   2.3973181e-05
   1.1300000e+03   0.0000000e+00   2.3861438e-05
   1.1310000e+03   0.0000000e+00   2.3750216e-05
   1.1320000e+03   0.0000000e+00   2.3639512e-05
   1.1330000e+03   0.0000000e+00   2.3529325e-05
   1.1340000e+03   0.0000000e+00   2.3419650e-05
   1.1350000e+03   0.0000000e+00   2.3310488e-05
   1.1360000e+03   0.0000000e+00   2.3201834e-05
   1.1370000e+03   0.0000000e+00   2.3093686e-05
   1.1380000e+03   0.0000000e+00   2.2986043e-05
   1.1390000e+03   0.0000000e+00   2.2878901e-05
   1.1400000e+03   0.0000000e+00   2.2772259e-05
   1.1410000e+03   0.0000000e+00   2.2666113e-05
   1.1420000e+03   0.0000000e+00   2.2560463e-05
   1.1430000e+03   0.0000000e+00   2.2455305e-05
   1.1440000e+03   0.0000000e+00   2.2350637e-05
   1.1450000e+03   0.0000000e+00   2.2246457e-05
   1.1460000e+03   0.0000000e+00   2.2142763e-05
   1.1470000e+03   0.0000000e+00   2.2039552e-05
   1.1480000e+03   0.0000000e+00   2.1936822e-05
   1.1490000e+03   0.0000000e+00   2.1834571e-05
   1.1500000e+03   0.0000000e+00   2.1732796e-05
   1.1510000e+03   0.0000000e+00   2.1631496e-05
   1.1520000e+03   0.0000000e+00   2.1530668e-05
   1.1530000e+03   0.0000000e+00   2.1430310e-05
   1.1540000e+03   0.0000000e+00   2.1330420e-05
   1.1550000e+03   0.0000000e+00   2.1230995e-05
   1.1560000e+03   0.0000000e+00   2.1132034e-05
   1.1570000e+03   0.0000000e+00   2.1033534e-05
   1.1580000e+03   0.0000000e+00   2.0935494e-05
   1.1590000e+03   0.0000000e+00   2.0837910e-05
   1.1600000e+03   0.0000000e+00   2.0740781e-05
   1.1610000e+03   0.0000000e+00   2.0644105e-05
   1.1620000e+03   0.0000000e+00   2.0547879e-05
   1.1630000e+03   0.0000000e+00   2.0452102e-05
   1.1640000e+03   0.0000000e+00   2.0356771e-05
   1.1650000e+03   1.0000000e+00   2.0261885e-05
   1.1660000e+03   0.0000000e+00   2.0167441e-05
   1.1670000e+03   0.0000000e+00   2.0073438e-05
   1.1680000e+03   0.0000000e+00   1.9979872e-05
   1.1690000e+03   0.0000000e+00   1.9886742e-05
   1.1700000e+03   0.0000000e+00   1.9794047e-05
   1.1710000e+03   0.0000000e+00   1.9701784e-05
   1.1720000e+03   0.0000000e+00   1.9609951e-05
   1.1730000e+03   0.0000000e+00   1.9518545e-05
   1.1740000e+03   0.0000000e+00   1.9427566e-05
   1.1750000e+03   0.0000000e+00   1.9337011e-05
   1.1760000e+03   0.0000000e+00   1.9246878e-05
   1.1770000e+03   0.0000000e+00   1.9157165e-05
   1.1780000e+03   0.0000000e+00   1.9067871e-05
   1.1790000e+03   0.0000000e+00   1.8978992e-05
   1.1800000e+03   0.0000000e+00   1.8890528e-05
   1.1810000e+03   0.0000000e+00   1.8802476e-05
   1.1820000e+03   0.0000000e+00   1.8714835e-05
   1.1830000e+03   0.0000000e+00   1.8627602e-05
   1.1840000e+03   0.0000000e+00   1.8540776e-05
   1.1850000e+03   0.0000000e+00   1.8454354e-05
   1.1860000e+03   0.0000000e+00   1.8368335e-05
   1.1870000e+03   0.0000000e+00   1.8282717e-05
   1.1880000e+03   0.0000000e+00   1.8197499e-05
   1.1890000e+03   0.0000000e+00   1.8112677e-05
   1.1900000e+03   0.0000000e+00   1.8028251e-05
   1.1910000e+03   0.0000000e+00   1.7944218e-05
   1.1920000e+03   0.0000000e+00   1.7860577e-05
   1.1930000e+03   0.0000000e+00   1.7777326e-05
   1.1940000e+03   1.0000000e+00   1.7694463e-05
   1.1950000e+03   1.0000000e+00   1.7611986e-05
   1.1960000e+03   0.0000000e+00   1.7529894e-05
   1.1970000e+03   0.0000000e+00   1.7448184e-05
   1.1980000e+03   0.0000000e+00   1.7366856e-05
   1.1990000e+03   0.0000000e+00   1.7285906e-05
   1.2000000e+03   0.0000000e+00   1.7205333e-05
   1.2010000e+03   0.0000000e+00   1.7125136e-05
   1.2020000e+03   0.0000000e+00   1.7045313e-05
   1.2030000e+03   0.0000000e+00   1.6965862e-05
   1.2040000e+03   0.0000000e+00   1.6886782e-05
   1.2050000e+03   0.0000000e+00   1.6808070e-05
   1.2060000e+03   0.0000000e+00   1.6729725e-05
   1.2070000e+03   0.0000000e+00   1.6651745e-05
   1.2080000e+03   0.0000000e+00   1.6574128e-05
   1.2090000e+03   0.0000000e+00   1.6496873e-05
   1.2100000e+03   0.0000000e+00   1.6419979e-05
   1.2110000e+03   0.0000000e+00   1.6343442e-05
   1.2120000e+03   1.0000000e+00   1.6267263e-05
   1.2130000e+03   0.0000000e+00   1.6191439e-05
   1.2140000e+03   0.0000000e+00   1.6115968e-05
   1.2150000e+03   0.0000000e+00   1.6040849e-05
   1.2160000e+03   0.0000000e+00   1.5966079e-05
   1.2170000e+03   0.0000000e+00   1.5891659e-05
   1.2180000e+03   0.0000000e+00   1.5817585e-05
   1.2190000e+03   0.0000000e+00   1.5743857e-05
   1.2200000e+03   0.0000000e+00   1.5670472e-05
   1.2210000e+03   0.0000000e+00   1.5597430e-05
   1.2220000e+03   0.0000000e+00   1.5524727e-05
   1.2230000e+03   0.0000000e+00   1.5452364e-05
   1.2240000e+03   0.0000000e+00   1.5380338e-05
   1.2250000e+03   0.0000000e+00   1.5308648e-05
   1.2260000e+03   0.0000000e+00   1.5237292e-05
   1.2270000e+03   0.0000000e+00   1.5166268e-05
   1.2280000e+03   0.0000000e+00   1.5095576e-05
   1.2290000e+03   0.0000000e+00   1.5025213e-05
   1.2300000e+03   0.0000000e+00   1.4955178e-05
   1.2310000e+03   0.0000000e+00   1.4885469e-05
   1.2320000e+03   0.0000000e+00   1.4816086e-05
   1.2330000e+03   0.0000000e+00   1.4747026e-05
   1.2340000e+03   0.0000000e+00   1.4678287e-05
   1.2350000e+03   0.0000000e+00   1.4609869e-05
   1.2360000e+03   0.0000000e+00   1.4541770e-05
   1.2370000e+03   0.0000000e+00   1.4473989e-05
   1.2380000e+03   0.0000000e+00   1.4406523e-05
   1.2390000e+03   0.0000000e+00   1.4339372e-05
   1.2400000e+03   0.0000000e+00   1.4272534e-05
   1.2410000e+03   0.0000000e+00   1.4206007e-05
   1.2420000e+03   0.0000000e+00   1.4139791e-05
   1.2430000e+03   0.0000000e+00   1.4073883e-05
   1.2440000e+03   0.0000000e+00   1.4008282e-05
   1.2450000e+03   0.0000000e+00   1.3942987e-05
   1.2460000e+03   0.0000000e+00   1.3877997e-05
   1.2470000e+03   0.0000000e+00   1.3813309e-05
   1.2480000e+03   0.0000000e+00   1.3748923e-05
   1.2490000e+03   0.0000000e+00   1.3684837e-05
   1.2500000e+03   0.0000000e+00   1.3621050e-05
   1.2510000e+03   0.0000000e+00   1.3557560e-05
   1.2520000e+03   0.0000000e+00   1.3494366e-05
   1.2530000e+03   0.0000000e+00   1.3431466e-05
   1.2540000e+03   0.0000000e+00   1.3368860e-05
   1.2550000e+03   0.0000000e+00   1.3306546e-05
   1.2560000e+03   1.0000000e+00   1.3244522e-05
   1.2570000e+03   0.0000000e+00   1.3182787e-05
   1.2580000e+03   0.0000000e+00   1.3121340e-05
   1.2590000e+03   0.0000000e+00   1.3060179e-05
   1.2600000e+03   0.0000000e+00   1.2999303e-05
   1.2610000e+03   0.0000000e+00   1.2938711e-05
   1.2620000e+03   0.0000000e+00   1.2878402e-05
   1.2630000e+03   0.0000000e+00   1.2818374e-05
   1.2640000e+03   0.0000000e+00   1.2758625e-05
   1.2650000e+03   0.0000000e+00   1.2699155e-05
   1.2660000e+03   0.0000000e+00   1.2639962e-05
   1.2670000e+03   0.0000000e+00   1.2581045e-05
   1.2680000e+03   0.0000000e+00   1.2522403e-05
   1.2690000e+03   0.0000000e+00   1.2464034e-05
   1.2700000e+03   0.0000000e+00   1.2405937e-05
   1.2710000e+03   0.0000000e+00   1.2348111e-05
   1.2720000e+03   0.0000000e+00   1.2290554e-05
   1.2730000e+03   0.0000000e+00   1.2233266e-05
   1.2740000e+03   0.0000000e+00   1.2176245e-05
   1.2750000e+03   0.0000000e+00   1.2119489e-05
   1.2760000e+03   0.0000000e+00   1.2062998e-05
   1.2770000e+03   0.0000000e+00   1.2006771e-05
   1.2780000e+03   0.0000000e+00   1.1950805e-05
   1.2790000e+03   0.0000000e+00   1.1895101e-05
   1.2800000e+03   0.0000000e+00   1.1839656e-05
   1.2810000e+03   0.0000000e+00   1.1784469e-05
   1.2820000e+03   0.0000000e+00   1.1729540e-05
   1.2830000e+03   0.0000000e+00   1.1674866e-05
   1.2840000e+03   0.0000000e+00   1.1620448e-05
   1.2850000e+03   0.0000000e+00   1.1566283e-05
   1.2860000e+03   0.0000000e+00   1.1512371e-05
   1.2870000e+03   0.0000000e+00   1.1458710e-05
   1.2880000e+03   0.0000000e+00   1.1405299e-05
   1.2890000e+03   0.0000000e+00   1.1352137e-05
   1.2900000e+03   0.0000000e+00   1.1299223e-05
   1.2910000e+03   0.0000000e+00   1.1246555e-05
   1.2920000e+03   0.0000000e+00   1.1194133e-05
   1.2930000e+03   0.0000000e+00   1.1141955e-05
   1.2940000e+03   0.0000000e+00   1.1090021e-05
   1.2950000e+03   0.0000000e+00   1.1038329e-05
   1.2960000e+03   0.0000000e+00   1.0986877e-05
   1.2970000e+03   0.0000000e+00   1.0935665e-05
   1.2980000e+03   0.0000000e+00   1.0884693e-05
   1.2990000e+03   0.0000000e+00   1.0833957e-05
   1.3000000e+03   0.0000000e+00   1.0783458e-05
   1.3010000e+03   0.0000000e+00   1.0733195e-05
   1.3020000e+03   0.0000000e+00   1.0683166e-05
   1.3030000e+03   0.0000000e+00   1.0633370e-05
   1.3040000e+03   0.0000000e+00   1.0583806e-05
   1.3050000e+03   0.0000000e+00   1.0534473e-05
   1.3060000e+03   0.0000000e+00   1.0485370e-05
   1.3070000e+03   0.0000000e+00   1.0436496e-05
   1.3080000e+03   0.0000000e+00   1.0387850e-05
   1.3090000e+03   0.0000000e+00   1.0339430e-05
   1.3100000e+03   0.0000000e+00   1.0291237e-05
   1.3110000e+03   0.0000000e+00   1.0243267e-05
   1.3120000e+03   0.0000000e+00   1.0195522e-05
   1.3130000e+03   0.0000000e+00   1.0147999e-05
   1.3140000e+03   0.0000000e+00   1.0100697e-05
   1.3150000e+03   0.0000000e+00   1.0053616e-05
   1.3160000e+03   0.0000000e+00   1.0006755e-05
   1.3170000e+03   0.0000000e+00   9.9601117e-06
   1.3180000e+03   0.0000000e+00   9.9136860e-06
   1.3190000e+03   0.0000000e+00   9.8674767e-06
   1.3200000e+03   0.0000000e+00   9.8214828e-06
   1.3210000e+03   0.0000000e+00   9.7757032e-06
   1.3220000e+03   0.0000000e+00   9.7301371e-06
   1.3230000e+03   0.0000000e+00   9.6847833e-06
   1.3240000e+03   0.0000000e+00   9.6396410e-06
   1.3250000e+03   0.0000000e+00   9.5947090e-06
   1.3260000e+03   0.0000000e+00   9.5499865e-06
   1.3270000e+03   0.0000000e+00   9.5054724e-06
   1.3280000e+03   0.0000000e+00   9.4611659e-06
   1.3290000e+03   0.0000000e+00   9.4170658e-06
   1.3300000e+03   0.0000000e+00   9.3731714e-06
   1.3310000e+03   0.0000000e+00   9.3294815e-06
   1.3320000e+03   0.0000000e+00   9.2859952e-06
   1.3330000e+03   0.0000000e+00   9.2427117e-06
   1.3340000e+03   0.0000000e+00   9.1996299e-06
   1.3350000e+03   0.0000000e+00   9.1567489e-06
   1.3360000e+03   0.0000000e+00   9.1140678e-06
   1.3370000e+03   0.0000000e+00   9.0715856e-06
   1.3380000e+03   0.0000000e+00   9.0293015e-06
   1.3390000e+03   0.0000000e+00   8.9872144e-06
   1.3400000e+03   0.0000000e+00   8.9453236e-06
   1.3410000e+03   0.0000000e+00   8.9036279e-06
   1.3420000e+03   0.0000000e+00   8.8621267e-06
   1.3430000e+03   0.0000000e+00   8.8208188e-06
   1.3440000e+03   0.0000000e+00   8.7797036e-06
   1.3450000e+03   0.0000000e+00   8.7387799e-06
   1.3460000e+03   0.0000000e+00   8.6980470e-06
   1.3470000e+03   0.0000000e+00   8.6575040e-06
   1.3480000e+03   0.0000000e+00   8.6171500e-06
   1.3490000e+03   0.0000000e+00   8.5769840e-06
   1.3500000e+03   0.0000000e+00   8.5370053e-06
   1.3510000e+03   0.0000000e+00   8.4972129e-06
   1.3520000e+03   0.0000000e+00   8.4576060e-06
   1.3530000e+03   0.0000000e+00   8.4181837e-06
   1.3540000e+03   0.0000000e+00   8.3789452e-06
   1.3550000e+03   0.0000000e+00   8.3398896e-06
   1.3560000e+03   0.0000000e+00   8.3010160e-06
   1.3570000e+03   0.0000000e+00   8.2623236e-06
   1.3580000e+03   0.0000000e+00   8.2238115e-06
   1.3590000e+03   0.0000000e+00   8.1854790e-06
   1.3600000e+03   0.0000000e+00   8.1473251e-06
   1.3610000e+03   0.0000000e+00   8.1093491e-06
   1.3620000e+03   0.0000000e+00   8.0715501e-06
   1.3630000e+03   0.0000000e+00   8.0339273e-06
   1.3640000e+03   0.0000000e+00   7.9964799e-06
   1.3650000e+03   0.0000000e+00   7.9592069e-06
   1.3660000e+03   0.0000000e+00   7.9221078e-06
   1.3670000e+03   0.0000000e+00   7.8851815e-06
   1.3680000e+03   0.0000000e+00   7.8484274e-06
   1.3690000e+03   0.0000000e+00   7.8118446e-06
   1.3700000e+03   0.0000000e+00   7.7754323e-06
   1.3710000e+03   0.0000000e+00   7.7391898e-06
   1.3720000e+03   0.0000000e+00   7.7031161e-06
   1.3730000e+03   0.0000000e+00   7.6672106e-06
   1.3740000e+03   0.0000000e+00   7.6314725e-06
   1.3750000e+03   0.0000000e+00   7.5959010e-06
   1.3760000e+03   0.0000000e+00   7.5604952e-06
   1.3770000e+03   0.0000000e+00   7.5252545e-06
   1.3780000e+03   0.0000000e+00   7.4901781e-06
   1.3790000e+03   0.0000000e+00   7.4552651e-06
   1.3800000e+03   0.0000000e+00   7.4205149e-06
   1.3810000e+03   0.0000000e+00   7.3859267e-06
   1.3820000e+03   0.0000000e+00   7.3514997e-06
   1.3830000e+03   0.0000000e+00   7.3172331e-06
   1.3840000e+03   0.0000000e+00   7.2831263e-06
   1.3850000e+03   0.0000000e+00   7.2491785e-06
   1.3860000e+03   0.0000000e+00   7.2153889e-06
   1.3870000e+03   0.0000000e+00   7.1817567e-06
   1.3880000e+03   0.0000000e+00   7.1482814e-06
   1.3890000e+03   0.0000000e+00   7.1149621e-06
   1.3900000e+03   0.0000000e+00   7.0817981e-06
   1.3910000e+03   0.0000000e+00   7.0487887e-06
   1.3920000e+03   0.0000000e+00   7.0159331e-06
   1.3930000e+03   0.0000000e+00   6.9832307e-06
   1.3940000e+03   0.0000000e+00   6.9506807e-06
   1.3950000e+03   0.0000000e+00   6.9182825e-06
   1.3960000e+03   0.0000000e+00   6.8860352e-06
   1.3970000e+03   0.0000000e+00   6.8539383e-06
   1.3980000e+03   0.0000000e+00   6.8219909e-06
   1.3990000e+03   0.0000000e+00   6.7901925e-06
   1.4000000e+03   0.0000000e+00   6.7585423e-06
   1.4010000e+03   0.0000000e+00   6.7270396e-06
   1.4020000e+03   0.0000000e+00   6.6956838e-06
   1.4030000e+03   0.0000000e+00   6.6644741e-06
   1.4040000e+03   0.0000000e+00   6.6334099e-06
   1.4050000e+03   0.0000000e+00   6.6024905e-06
   1.4060000e+03   0.0000000e+00   6.5717152e-06
   1.4070000e+03   0.0000000e+00   6.5410834e-06
   1.4080000e+03   0.0000000e+00   6.5105943e-06
   1.4090000e+03   0.0000000e+00   6.4802474e-06
   1.4100000e+03   0.0000000e+00   6.4500419e-06
   1.4110000e+03   0.0000000e+00   6.4199772e-06
   1.4120000e+03   0.0000000e+00   6.3900526e-06
   1.4130000e+03   0.0000000e+00   6.3602675e-06
   1.4140000e+03   0.0000000e+00   6.3306213e-06
   1.4150000e+03   0.0000000e+00   6.3011132e-06
   1.4160000e+03   0.0000000e+00   6.2717427e-06
   1.4170000e+03   0.0000000e+00   6.2425091e-06
   1.4180000e+03   0.0000000e+00   6.2134117e-06
   1.4190000e+03   0.0000000e+00   6.1844500e-06
   1.4200000e+03   0.0000000e+00   6.1556233e-06
   1.4210000e+03   0.0000000e+00   6.1269309e-06
   1.4220000e+03   0.0000000e+00   6.0983723e-06
   1.4230000e+03   0.0000000e+00   6.0699468e-06
   1.4240000e+03   0.0000000e+00   6.0416537e-06
   1.4250000e+03   0.0000000e+00   6.0134926e-06
   1.4260000e+03   0.0000000e+00   5.9854627e-06
   1.4270000e+03   0.0000000e+00   5.9575635e-06
   1.4280000e+03   0.0000000e+00   5.9297943e-06
   1.4290000e+03   0.0000000e+00   5.9021546e-06
   1.4300000e+03   0.0000000e+00   5.8746437e-06
   1.4310000e+03   0.0000000e+00   5.8472610e-06
   1.4320000e+03   0.0000000e+00   5.8200060e-06
   1.4330000e+03   0.0000000e+00   5.7928780e-06
   1.4340000e+03   0.0000000e+00   5.7658764e-06
   1.4350000e+03   0.0000000e+00   5.7390007e-06
   1.4360000e+03   0.0000000e+00   5.7122503e-06
   1.4370000e+03   0.0000000e+00   5.6856245e-06
   1.4380000e+03   0.0000000e+00   5.6591229e-06
   1.4390000e+03   0.0000000e+00   5.6327448e-06
   1.4400000e+03   0.0000000e+00   5.6064897e-06
   1.4410000e+03   0.0000000e+00   5.5803569e-06
   1.4420000e+03   0.0000000e+00   5.5543460e-06
   1.4430000e+03   0.0000000e+00   5.5284562e-06
   1.4440000e+03   0.0000000e+00   5.5026872e-06
   1.4450000e+03   0.0000000e+00   5.4770383e-06
   1.4460000e+03   0.0000000e+00   5.4515089e-06
   1.4470000e+03   0.0000000e+00   5.4260985e-06
   1.4480000e+03   0.0000000e+00   5.4008066e-06
   1.4490000e+03   0.0000000e+00   5.3756325e-06
   1.4500000e+03   1.0000000e+00   5.3505758e-06
