   1.0000000e+00   1.5000000e+01   7.6992223e-03
   2.0000000e+00   1.2000000e+01   7.8650137e-03
   3.0000000e+00   1.5000000e+01   8.0056263e-03
   4.0000000e+00   1.4000000e+01   8.1235709e-03
   5.0000000e+00   1.4000000e+01   8.2211167e-03
   6.0000000e+00   2.3000000e+01   8.3003140e-03
   7.0000000e+00   1.2000000e+01   8.3630155e-03
   8.0000000e+00   1.8000000e+01   8.4108952e-03
   9.0000000e+00   1.2000000e+01   8.4454654e-03
   1.0000000e+01   1.4000000e+01   8.4680926e-03
   1.1000000e+01   1.5000000e+01   8.4800110e-03
   1.2000000e+01   8.0000000e+00   8.4823358e-03
   1.3000000e+01   1.4000000e+01   8.4760741e-03
   1.4000000e+01   1.6000000e+01   8.4621354e-03
   1.5000000e+01   2.1000000e+01   8.4413412e-03
   1.6000000e+01   1.3000000e+01   8.4144332e-03
   1.7000000e+01   1.5000000e+01   8.3820813e-03
   1.8000000e+01   1.7000000e+01   8.3448899e-03
   1.9000000e+01   1.2000000e+01   8.3034049e-03
   2.0000000e+01   2.5000000e+01   8.2581189e-03
   2.1000000e+01   1.7000000e+01   8.2094763e-03
   2.2000000e+01   1.2000000e+01   8.1578780e-03
   2.3000000e+01   1.0000000e+01   8.1036859e-03
   2.4000000e+01   1.4000000e+01   8.0472262e-03
   2.5000000e+01   9.0000000e+00   7.9887929e-03
   2.6000000e+01   1.6000000e+01   7.9286512e-03
   2.7000000e+01   1.6000000e+01   7.8670400e-03
   2.8000000e+01   1.5000000e+01   7.8041744e-03
   2.9000000e+01   9.0000000e+00   7.7402484e-03
   3.0000000e+01   1.2000000e+01   7.6754363e-03
   3.1000000e+01   1.5000000e+01   7.6098951e-03
   3.2000000e+01   1.8000000e+01   7.5437659e-03
   3.3000000e+01   1.1000000e+01   7.4771758e-03
   3.4000000e+01   1.5000000e+01   7.4102386e-03
   3.5000000e+01   1.8000000e+01   7.3430567e-03
   3.6000000e+01   8.0000000e+00   7.2757220e-03
   3.7000000e+01   1.0000000e+01   7.2083167e-03
   3.8000000e+01   2.1000000e+01   7.1409145e-03
   3.9000000e+01   1.2000000e+01   7.0735814e-03
   4.0000000e+01   1.0000000e+01   7.0063764e-03
   4.1000000e+01   1.1000000e+01   6.9393520e-03
   4.2000000e+01   1.4000000e+01   6.8725553e-03
   4.3000000e+01   1.3000000e+01   6.8060278e-03
   4.4000000e+01   1.1000000e+01   6.7398068e-03
   4.5000000e+01   7.0000000e+00   6.6739250e-03
   4.6000000e+01   1.2000000e+01   6.6084116e-03
   4.7000000e+01   1.3000000e+01   6.5432923e-03
   4.8000000e+01   1.5000000e+01   6.4785897e-03
   4.9000000e+01   1.3000000e+01   6.4143234e-03
   5.0000000e+01   1.5000000e+01   6.3505109e-03
   5.1000000e+01   1.0000000e+01   6.2871671e-03
   5.2000000e+01   1.3000000e+01   6.2243050e-03
   5.3000000e+01   1.1000000e+01   6.1619358e-03
   5.4000000e+01   1.1000000e+01   6.1000689e-03
   5.5000000e+01   1.4000000e+01   6.0387123e-03
   5.6000000e+01   2.1000000e+01   5.9778727e-03
   5.7000000e+01   1.3000000e+01   5.9175555e-03
   5.8000000e+01   1.2000000e+01   5.8577650e-03
   5.9000000e+01   1.2000000e+01   5.7985047e-03
   6.0000000e+01   1.4000000e+01   5.7397770e-03
   6.1000000e+01   1.5000000e+01   5.6815836e-03
   6.2000000e+01   1.0000000e+01   5.6239257e-03
   6.3000000e+01   7.0000000e+00   5.5668034e-03
   6.4000000e+01   1.0000000e+01   5.5102167e-03
   6.5000000e+01   1.1000000e+01   5.4541648e-03
   6.6000000e+01   1.2000000e+01   5.3986466e-03
   6.7000000e+01   8.0000000e+00   5.3436606e-03
   6.8000000e+01   6.0000000e+00   5.2892048e-03
   6.9000000e+01   6.0000000e+00   5.2352770e-03
   7.0000000e+01   1.0000000e+01   5.1818746e-03
   7.1000000e+01   5.0000000e+00   5.1289950e-03
   7.2000000e+01   1.4000000e+01   5.0766351e-03
   7.3000000e+01   7.0000000e+00   5.0247917e-03
   7.4000000e+01   4.0000000e+00   4.9734614e-03
   7.5000000e+01   9.0000000e+00   4.9226408e-03
   7.6000000e+01   8.0000000e+00   4.8723262e-03
   7.7000000e+01   1.1000000e+01   4.8225139e-03
   7.8000000e+01   5.0000000e+00   4.7731999e-03
   7.9000000e+01   7.0000000e+00   4.7243804e-03
   8.0000000e+01   7.0000000e+00   4.6760513e-03
   8.1000000e+01   6.0000000e+00   4.6282086e-03
   8.2000000e+01   8.0000000e+00   4.5808481e-03
   8.3000000e+01   1.1000000e+01   4.5339657e-03
   8.4000000e+01   5.0000000e+00   4.4875572e-03
   8.5000000e+01   1.1000000e+01   4.4416183e-03
   8.6000000e+01   4.0000000e+00   4.3961449e-03
   8.7000000e+01   9.0000000e+00   4.3511327e-03
   8.8000000e+01   1.2000000e+01   4.3065773e-03
   8.9000000e+01   9.0000000e+00   4.2624746e-03
   9.0000000e+01   6.0000000e+00   4.2188204e-03
   9.1000000e+01   8.0000000e+00   4.1756103e-03
   9.2000000e+01   7.0000000e+00   4.1328401e-03
   9.3000000e+01   5.0000000e+00   4.0905056e-03
   9.4000000e+01   1.0000000e+01   4.0486026e-03
   9.5000000e+01   9.0000000e+00   4.0071269e-03
   9.6000000e+01   3.0000000e+00   3.9660743e-03
   9.7000000e+01   7.0000000e+00   3.9254407e-03
   9.8000000e+01   1.0000000e+01   3.8852219e-03
   9.9000000e+01   7.0000000e+00   3.8454140e-03
   1.0000000e+02   1.0000000e+01   3.8060127e-03
   1.0100000e+02   8.0000000e+00   3.7670140e-03
   1.0200000e+02   9.0000000e+00   3.7284140e-03
   1.0300000e+02   2.0000000e+00   3.6902087e-03
   1.0400000e+02   5.0000000e+00   3.6523940e-03
   1.0500000e+02   6.0000000e+00   3.6149662e-03
   1.0600000e+02   7.0000000e+00   3.5779212e-03
   1.0700000e+02   3.0000000e+00   3.5412553e-03
   1.0800000e+02   4.0000000e+00   3.5049646e-03
   1.0900000e+02   8.0000000e+00   3.4690453e-03
   1.1000000e+02   7.0000000e+00   3.4334937e-03
   1.1100000e+02   1.0000000e+01   3.3983061e-03
   1.1200000e+02   2.0000000e+00   3.3634787e-03
   1.1300000e+02   5.0000000e+00   3.3290079e-03
   1.1400000e+02   4.0000000e+00   3.2948901e-03
   1.1500000e+02   4.0000000e+00   3.2611217e-03
   1.1600000e+02   5.0000000e+00   3.2276992e-03
   1.1700000e+02   5.0000000e+00   3.1946190e-03
   1.1800000e+02   3.0000000e+00   3.1618776e-03
   1.1900000e+02   4.0000000e+00   3.1294717e-03
   1.2000000e+02   4.0000000e+00   3.0973976e-03
   1.2100000e+02   8.0000000e+00   3.0656522e-03
   1.2200000e+02   5.0000000e+00   3.0342320e-03
   1.2300000e+02   3.0000000e+00   3.0031338e-03
   1.2400000e+02   5.0000000e+00   2.9723541e-03
   1.2500000e+02   3.0000000e+00   2.9418898e-03
   1.2600000e+02   3.0000000e+00   2.9117377e-03
   1.2700000e+02   8.0000000e+00   2.8818945e-03
   1.2800000e+02   8.0000000e+00   2.8523571e-03
   1.2900000e+02   5.0000000e+00   2.8231224e-03
   1.3000000e+02   4.0000000e+00   2.7941873e-03
   1.3100000e+02   2.0000000e+00   2.7655487e-03
   1.3200000e+02   1.0000000e+00   2.7372036e-03
   1.3300000e+02   5.0000000e+00   2.7091489e-03
   1.3400000e+02   4.0000000e+00   2.6813818e-03
   1.3500000e+02   2.0000000e+00   2.6538992e-03
   1.3600000e+02   6.0000000e+00   2.6266983e-03
   1.3700000e+02   9.0000000e+00   2.5997761e-03
   1.3800000e+02   4.0000000e+00   2.5731299e-03
   1.3900000e+02   4.0000000e+00   2.5467567e-03
   1.4000000e+02   3.0000000e+00   2.5206538e-03
   1.4100000e+02   5.0000000e+00   2.4948184e-03
   1.4200000e+02   3.0000000e+00   2.4692479e-03
   1.4300000e+02   4.0000000e+00   2.4439394e-03
   1.4400000e+02   4.0000000e+00   2.4188902e-03
   1.4500000e+02   3.0000000e+00   2.3940978e-03
   1.4600000e+02   2.0000000e+00   2.3695595e-03
   1.4700000e+02   3.0000000e+00   2.3452727e-03
   1.4800000e+02   3.0000000e+00   2.3212349e-03
   1.4900000e+02   4.0000000e+00   2.2974433e-03
   1.5000000e+02   5.0000000e+00   2.2738957e-03
   1.5100000e+02   5.0000000e+00   2.2505893e-03
   1.5200000e+02   4.0000000e+00   2.2275219e-03
   1.5300000e+02   8.0000000e+00   2.2046909e-03
   1.5400000e+02   5.0000000e+00   2.1820938e-03
   1.5500000e+02   7.0000000e+00   2.1597284e-03
   1.5600000e+02   3.0000000e+00   2.1375922e-03
   1.5700000e+02   5.0000000e+00   2.1156829e-03
   1.5800000e+02   2.0000000e+00   2.0939982e-03
   1.5900000e+02   5.0000000e+00   2.0725357e-03
   1.6000000e+02   1.0000000e+00   2.0512931e-03
   1.6100000e+02   6.0000000e+00   2.0302683e-03
   1.6200000e+02   4.0000000e+00   2.0094590e-03
   1.6300000e+02   2.0000000e+00   1.9888630e-03
   1.6400000e+02   2.0000000e+00   1.9684781e-03
   1.6500000e+02   4.0000000e+00   1.9483021e-03
   1.6600000e+02   4.0000000e+00   1.9283329e-03
   1.6700000e+02   4.0000000e+00   1.9085684e-03
   1.6800000e+02   1.0000000e+00   1.8890064e-03
   1.6900000e+02   7.0000000e+00   1.8696450e-03
   1.7000000e+02   2.0000000e+00   1.8504820e-03
   1.7100000e+02   4.0000000e+00   1.8315154e-03
   1.7200000e+02   5.0000000e+00   1.8127432e-03
   1.7300000e+02   5.0000000e+00   1.7941634e-03
   1.7400000e+02   4.0000000e+00   1.7757741e-03
   1.7500000e+02   3.0000000e+00   1.7575732e-03
   1.7600000e+02   4.0000000e+00   1.7395589e-03
   1.7700000e+02   3.0000000e+00   1.7217292e-03
   1.7800000e+02   1.0000000e+00   1.7040822e-03
   1.7900000e+02   3.0000000e+00   1.6866162e-03
   1.8000000e+02   1.0000000e+00   1.6693291e-03
   1.8100000e+02   1.0000000e+00   1.6522193e-03
   1.8200000e+02   2.0000000e+00   1.6352848e-03
   1.8300000e+02   1.0000000e+00   1.6185238e-03
   1.8400000e+02   3.0000000e+00   1.6019347e-03
   1.8500000e+02   1.0000000e+00   1.5855156e-03
   1.8600000e+02   2.0000000e+00   1.5692648e-03
   1.8700000e+02   0.0000000e+00   1.5531805e-03
   1.8800000e+02   1.0000000e+00   1.5372611e-03
   1.8900000e+02   3.0000000e+00   1.5215049e-03
   1.9000000e+02   7.0000000e+00   1.5059102e-03
   1.9100000e+02   4.0000000e+00   1.4904753e-03
   1.9200000e+02   5.0000000e+00   1.4751986e-03
   1.9300000e+02   2.0000000e+00   1.4600785e-03
   1.9400000e+02   3.0000000e+00   1.4451133e-03
   1.9500000e+02   1.0000000e+00   1.4303016e-03
   1.9600000e+02   2.0000000e+00   1.4156416e-03
   1.9700000e+02   1.0000000e+00   1.4011320e-03
   1.9800000e+02   5.0000000e+00   1.3867710e-03
   1.9900000e+02   4.0000000e+00   1.3725572e-03
   2.0000000e+02   3.0000000e+00   1.3584891e-03
   2.0100000e+02   0.0000000e+00   1.3445652e-03
   2.0200000e+02   0.0000000e+00   1.3307840e-03
   2.0300000e+02   2.0000000e+00   1.3171441e-03
   2.0400000e+02   1.0000000e+00   1.3036440e-03
   2.0500000e+02   2.0000000e+00   1.2902822e-03
   2.0600000e+02   4.0000000e+00   1.2770574e-03
   2.0700000e+02   2.0000000e+00   1.2639682e-03
   2.0800000e+02   2.0000000e+00   1.2510131e-03
   2.0900000e+02   0.0000000e+00   1.2381907e-03
   2.1000000e+02   3.0000000e+00   1.2254999e-03
   2.1100000e+02   1.0000000e+00   1.2129390e-03
   2.1200000e+02   2.0000000e+00   1.2005070e-03
   2.1300000e+02   4.0000000e+00   1.1882023e-03
   2.1400000e+02   0.0000000e+00   1.1760238e-03
   2.1500000e+02   2.0000000e+00   1.1639701e-03
   2.1600000e+02   1.0000000e+00   1.1520399e-03
   2.1700000e+02   4.0000000e+00   1.1402320e-03
   2.1800000e+02   1.0000000e+00   1.1285452e-03
   2.1900000e+02   4.0000000e+00   1.1169781e-03
   2.2000000e+02   5.0000000e+00   1.1055296e-03
   2.2100000e+02   3.0000000e+00   1.0941984e-03
   2.2200000e+02   4.0000000e+00   1.0829833e-03
   2.2300000e+02   3.0000000e+00   1.0718833e-03
   2.2400000e+02   0.0000000e+00   1.0608969e-03
   2.2500000e+02   1.0000000e+00   1.0500232e-03
   2.2600000e+02   4.0000000e+00   1.0392610e-03
   2.2700000e+02   5.0000000e+00   1.0286090e-03
   2.2800000e+02   0.0000000e+00   1.0180662e-03
   2.2900000e+02   2.0000000e+00   1.0076315e-03
   2.3000000e+02   3.0000000e+00   9.9730375e-04
   2.3100000e+02   4.0000000e+00   9.8708184e-04
   2.3200000e+02   0.0000000e+00   9.7696470e-04
   2.3300000e+02   1.0000000e+00   9.6695125e-04
   2.3400000e+02   1.0000000e+00   9.5704044e-04
   2.3500000e+02   3.0000000e+00   9.4723121e-04
   2.3600000e+02   4.0000000e+00   9.3752252e-04
   2.3700000e+02   0.0000000e+00   9.2791334e-04
   2.3800000e+02   2.0000000e+00   9.1840265e-04
   2.3900000e+02   4.0000000e+00   9.0898944e-04
   2.4000000e+02   2.0000000e+00   8.9967271e-04
   2.4100000e+02   1.0000000e+00   8.9045147e-04
   2.4200000e+02   0.0000000e+00   8.8132475e-04
   2.4300000e+02   2.0000000e+00   8.7229157e-04
   2.4400000e+02   1.0000000e+00   8.6335098e-04
   2.4500000e+02   3.0000000e+00   8.5450202e-04
   2.4600000e+02   1.0000000e+00   8.4574376e-04
   2.4700000e+02   2.0000000e+00   8.3707527e-04
   2.4800000e+02   2.0000000e+00   8.2849563e-04
   2.4900000e+02   2.0000000e+00   8.2000393e-04
   2.5000000e+02   1.0000000e+00   8.1159926e-04
   2.5100000e+02   0.0000000e+00   8.0328073e-04
   2.5200000e+02   3.0000000e+00   7.9504747e-04
   2.5300000e+02   3.0000000e+00   7.8689859e-04
   2.5400000e+02   0.0000000e+00   7.7883324e-04
   2.5500000e+02   3.0000000e+00   7.7085055e-04
   2.5600000e+02   0.0000000e+00   7.6294968e-04
   2.5700000e+02   0.0000000e+00   7.5512980e-04
   2.5800000e+02   1.0000000e+00   7.4739006e-04
   2.5900000e+02   1.0000000e+00   7.3972965e-04
   2.6000000e+02   0.0000000e+00   7.3214776e-04
   2.6100000e+02   3.0000000e+00   7.2464357e-04
   2.6200000e+02   1.0000000e+00   7.1721631e-04
   2.6300000e+02   0.0000000e+00   7.0986516e-04
   2.6400000e+02   3.0000000e+00   7.0258937e-04
   2.6500000e+02   0.0000000e+00   6.9538815e-04
   2.6600000e+02   0.0000000e+00   6.8826073e-04
   2.6700000e+02   1.0000000e+00   6.8120637e-04
   2.6800000e+02   2.0000000e+00   6.7422432e-04
   2.6900000e+02   2.0000000e+00   6.6731382e-04
   2.7000000e+02   1.0000000e+00   6.6047416e-04
   2.7100000e+02   2.0000000e+00   6.5370460e-04
   2.7200000e+02   3.0000000e+00   6.4700442e-04
   2.7300000e+02   3.0000000e+00   6.4037292e-04
   2.7400000e+02   1.0000000e+00   6.3380939e-04
   2.7500000e+02   2.0000000e+00   6.2731313e-04
   2.7600000e+02   1.0000000e+00   6.2088345e-04
   2.7700000e+02   1.0000000e+00   6.1451968e-04
   2.7800000e+02   5.0000000e+00   6.0822113e-04
   2.7900000e+02   1.0000000e+00   6.0198714e-04
   2.8000000e+02   1.0000000e+00   5.9581705e-04
   2.8100000e+02   2.0000000e+00   5.8971019e-04
   2.8200000e+02   4.0000000e+00   5.8366593e-04
   2.8300000e+02   3.0000000e+00   5.7768362e-04
   2.8400000e+02   1.0000000e+00   5.7176262e-04
   2.8500000e+02   0.0000000e+00   5.6590232e-04
   2.8600000e+02   0.0000000e+00   5.6010207e-04
   2.8700000e+02   1.0000000e+00   5.5436128e-04
   2.8800000e+02   0.0000000e+00   5.4867933e-04
   2.8900000e+02   2.0000000e+00   5.4305562e-04
   2.9000000e+02   4.0000000e+00   5.3748954e-04
   2.9100000e+02   2.0000000e+00   5.3198052e-04
   2.9200000e+02   0.0000000e+00   5.2652796e-04
   2.9300000e+02   2.0000000e+00   5.2113129e-04
   2.9400000e+02   1.0000000e+00   5.1578993e-04
   2.9500000e+02   1.0000000e+00   5.1050331e-04
   2.9600000e+02   0.0000000e+00   5.0527089e-04
   2.9700000e+02   2.0000000e+00   5.0009209e-04
   2.9800000e+02   2.0000000e+00   4.9496637e-04
   2.9900000e+02   2.0000000e+00   4.8989319e-04
   3.0000000e+02   0.0000000e+00   4.8487201e-04
   3.0100000e+02   0.0000000e+00   4.7990229e-04
   3.0200000e+02   1.0000000e+00   4.7498351e-04
   3.0300000e+02   0.0000000e+00   4.7011514e-04
   3.0400000e+02   0.0000000e+00   4.6529668e-04
   3.0500000e+02   1.0000000e+00   4.6052760e-04
   3.0600000e+02   0.0000000e+00   4.5580740e-04
   3.0700000e+02   0.0000000e+00   4.5113558e-04
   3.0800000e+02   0.0000000e+00   4.4651164e-04
   3.0900000e+02   0.0000000e+00   4.4193510e-04
   3.1000000e+02   2.0000000e+00   4.3740547e-04
   3.1100000e+02   0.0000000e+00   4.3292226e-04
   3.1200000e+02   1.0000000e+00   4.2848500e-04
   3.1300000e+02   0.0000000e+00   4.2409323e-04
   3.1400000e+02   2.0000000e+00   4.1974646e-04
   3.1500000e+02   0.0000000e+00   4.1544425e-04
   3.1600000e+02   0.0000000e+00   4.1118614e-04
   3.1700000e+02   1.0000000e+00   4.0697167e-04
   3.1800000e+02   2.0000000e+00   4.0280039e-04
   3.1900000e+02   1.0000000e+00   3.9867187e-04
   3.2000000e+02   1.0000000e+00   3.9458566e-04
   3.2100000e+02   0.0000000e+00   3.9054134e-04
   3.2200000e+02   0.0000000e+00   3.8653847e-04
   3.2300000e+02   0.0000000e+00   3.8257662e-04
   3.2400000e+02   1.0000000e+00   3.7865539e-04
   3.2500000e+02   1.0000000e+00   3.7477434e-04
   3.2600000e+02   1.0000000e+00   3.7093307e-04
   3.2700000e+02   1.0000000e+00   3.6713118e-04
   3.2800000e+02   1.0000000e+00   3.6336825e-04
   3.2900000e+02   2.0000000e+00   3.5964389e-04
   3.3000000e+02   0.0000000e+00   3.5595770e-04
   3.3100000e+02   2.0000000e+00   3.5230930e-04
   3.3200000e+02   1.0000000e+00   3.4869829e-04
   3.3300000e+02   0.0000000e+00   3.4512429e-04
   3.3400000e+02   0.0000000e+00   3.4158692e-04
   3.3500000e+02   2.0000000e+00   3.3808581e-04
   3.3600000e+02   1.0000000e+00   3.3462058e-04
   3.3700000e+02   0.0000000e+00   3.3119087e-04
   3.3800000e+02   0.0000000e+00   3.2779632e-04
   3.3900000e+02   0.0000000e+00   3.2443656e-04
   3.4000000e+02   1.0000000e+00   3.2111123e-04
   3.4100000e+02   0.0000000e+00   3.1781998e-04
   3.4200000e+02   1.0000000e+00   3.1456247e-04
   3.4300000e+02   0.0000000e+00   3.1133835e-04
   3.4400000e+02   1.0000000e+00   3.0814727e-04
   3.4500000e+02   0.0000000e+00   3.0498890e-04
   3.4600000e+02   1.0000000e+00   3.0186291e-04
   3.4700000e+02   0.0000000e+00   2.9876895e-04
   3.4800000e+02   0.0000000e+00   2.9570670e-04
   3.4900000e+02   1.0000000e+00   2.9267584e-04
   3.5000000e+02   1.0000000e+00   2.8967605e-04
   3.5100000e+02   0.0000000e+00   2.8670700e-04
   3.5200000e+02   2.0000000e+00   2.8376838e-04
   3.5300000e+02   2.0000000e+00   2.8085988e-04
   3.5400000e+02   1.0000000e+00   2.7798120e-04
   3.5500000e+02   0.0000000e+00   2.7513202e-04
   3.5600000e+02   0.0000000e+00   2.7231204e-04
   3.5700000e+02   0.0000000e+00   2.6952096e-04
   3.5800000e+02   0.0000000e+00   2.6675850e-04
   3.5900000e+02   0.0000000e+00   2.6402434e-04
   3.6000000e+02   0.0000000e+00   2.6131821e-04
   3.6100000e+02   2.0000000e+00   2.5863982e-04
   3.6200000e+02   2.0000000e+00   2.5598888e-04
   3.6300000e+02   0.0000000e+00   2.5336511e-04
   3.6400000e+02   0.0000000e+00   2.5076823e-04
   3.6500000e+02   0.0000000e+00   2.4819797e-04
   3.6600000e+02   0.0000000e+00   2.4565405e-04
   3.6700000e+02   0.0000000e+00   2.4313621e-04
   3.6800000e+02   0.0000000e+00   2.4064418e-04
   3.6900000e+02   1.0000000e+00   2.3817768e-04
   3.7000000e+02   0.0000000e+00   2.3573647e-04
   3.7100000e+02   1.0000000e+00   2.3332028e-04
   3.7200000e+02   1.0000000e+00   2.3092885e-04
   3.7300000e+02   0.0000000e+00   2.2856193e-04
   3.7400000e+02   0.0000000e+00   2.2621928e-04
   3.7500000e+02   0.0000000e+00   2.2390063e-04
   3.7600000e+02   0.0000000e+00   2.2160575e-04
   3.7700000e+02   0.0000000e+00   2.1933439e-04
   3.7800000e+02   1.0000000e+00   2.1708632e-04
   3.7900000e+02   0.0000000e+00   2.1486128e-04
   3.8000000e+02   0.0000000e+00   2.1265905e-04
   3.8100000e+02   0.0000000e+00   2.1047939e-04
   3.8200000e+02   1.0000000e+00   2.0832207e-04
   3.8300000e+02   0.0000000e+00   2.0618687e-04
   3.8400000e+02   0.0000000e+00   2.0407354e-04
   3.8500000e+02   1.0000000e+00   2.0198188e-04
   3.8600000e+02   0.0000000e+00   1.9991166e-04
   3.8700000e+02   3.0000000e+00   1.9786266e-04
   3.8800000e+02   0.0000000e+00   1.9583465e-04
   3.8900000e+02   0.0000000e+00   1.9382744e-04
   3.9000000e+02   0.0000000e+00   1.9184079e-04
   3.9100000e+02   0.0000000e+00   1.8987451e-04
   3.9200000e+02   0.0000000e+00   1.8792839e-04
   3.9300000e+02   0.0000000e+00   1.8600220e-04
   3.9400000e+02   1.0000000e+00   1.8409577e-04
   3.9500000e+02   1.0000000e+00   1.8220887e-04
   3.9600000e+02   1.0000000e+00   1.8034131e-04
   3.9700000e+02   0.0000000e+00   1.7849289e-04
   3.9800000e+02   1.0000000e+00   1.7666342e-04
   3.9900000e+02   0.0000000e+00   1.7485270e-04
   4.0000000e+02   0.0000000e+00   1.7306054e-04
   4.0100000e+02   0.0000000e+00   1.7128675e-04
   4.0200000e+02   0.0000000e+00   1.6953114e-04
   4.0300000e+02   0.0000000e+00   1.6779352e-04
   4.0400000e+02   0.0000000e+00   1.6607371e-04
   4.0500000e+02   0.0000000e+00   1.6437153e-04
   4.0600000e+02   0.0000000e+00   1.6268680e-04
   4.0700000e+02   0.0000000e+00   1.6101933e-04
   4.0800000e+02   1.0000000e+00   1.5936896e-04
   4.0900000e+02   0.0000000e+00   1.5773550e-04
   4.1000000e+02   0.0000000e+00   1.5611878e-04
   4.1100000e+02   0.0000000e+00   1.5451863e-04
   4.1200000e+02   0.0000000e+00   1.5293489e-04
   4.1300000e+02   0.0000000e+00   1.5136738e-04
   4.1400000e+02   0.0000000e+00   1.4981593e-04
   4.1500000e+02   0.0000000e+00   1.4828038e-04
   4.1600000e+02   0.0000000e+00   1.4676058e-04
   4.1700000e+02   0.0000000e+00   1.4525635e-04
   4.1800000e+02   1.0000000e+00   1.4376754e-04
   4.1900000e+02   0.0000000e+00   1.4229398e-04
   4.2000000e+02   1.0000000e+00   1.4083553e-04
   4.2100000e+02   0.0000000e+00   1.3939203e-04
   4.2200000e+02   0.0000000e+00   1.3796333e-04
   4.2300000e+02   0.0000000e+00   1.3654927e-04
   4.2400000e+02   0.0000000e+00   1.3514970e-04
   4.2500000e+02   0.0000000e+00   1.3376448e-04
   4.2600000e+02   0.0000000e+00   1.3239345e-04
   4.2700000e+02   0.0000000e+00   1.3103648e-04
   4.2800000e+02   0.0000000e+00   1.2969341e-04
   4.2900000e+02   0.0000000e+00   1.2836411e-04
   4.3000000e+02   0.0000000e+00   1.2704844e-04
   4.3100000e+02   1.0000000e+00   1.2574625e-04
   4.3200000e+02   1.0000000e+00   1.2445741e-04
   4.3300000e+02   0.0000000e+00   1.2318178e-04
   4.3400000e+02   0.0000000e+00   1.2191922e-04
   4.3500000e+02   0.0000000e+00   1.2066960e-04
   4.3600000e+02   0.0000000e+00   1.1943280e-04
   4.3700000e+02   0.0000000e+00   1.1820866e-04
   4.3800000e+02   0.0000000e+00   1.1699708e-04
   4.3900000e+02   0.0000000e+00   1.1579791e-04
   4.4000000e+02   1.0000000e+00   1.1461104e-04
   4.4100000e+02   0.0000000e+00   1.1343632e-04
   4.4200000e+02   0.0000000e+00   1.1227365e-04
   4.4300000e+02   1.0000000e+00   1.1112290e-04
   4.4400000e+02   0.0000000e+00   1.0998394e-04
   4.4500000e+02   0.0000000e+00   1.0885665e-04
   4.4600000e+02   0.0000000e+00   1.0774092e-04
   4.4700000e+02   0.0000000e+00   1.0663663e-04
   4.4800000e+02   0.0000000e+00   1.0554365e-04
   4.4900000e+02   0.0000000e+00   1.0446188e-04
   4.5000000e+02   0.0000000e+00   1.0339119e-04
   4.5100000e+02   0.0000000e+00   1.0233148e-04
   4.5200000e+02   0.0000000e+00   1.0128262e-04
   4.5300000e+02   0.0000000e+00   1.0024452e-04
   4.5400000e+02   0.0000000e+00   9.9217063e-05
   4.5500000e+02   0.0000000e+00   9.8200133e-05
   4.5600000e+02   0.0000000e+00   9.7193626e-05
   4.5700000e+02   0.0000000e+00   9.6197436e-05
   4.5800000e+02   0.0000000e+00   9.5211456e-05
   4.5900000e+02   1.0000000e+00   9.4235581e-05
   4.6000000e+02   0.0000000e+00   9.3269709e-05
   4.6100000e+02   0.0000000e+00   9.2313737e-05
   4.6200000e+02   0.0000000e+00   9.1367563e-05
   4.6300000e+02   0.0000000e+00   9.0431087e-05
   4.6400000e+02   0.0000000e+00   8.9504210e-05
   4.6500000e+02   0.0000000e+00   8.8586832e-05
   4.6600000e+02   1.0000000e+00   8.7678857e-05
   4.6700000e+02   0.0000000e+00   8.6780189e-05
   4.6800000e+02   0.0000000e+00   8.5890731e-05
   4.6900000e+02   0.0000000e+00   8.5010390e-05
   4.7000000e+02   0.0000000e+00   8.4139072e-05
   4.7100000e+02   0.0000000e+00   8.3276685e-05
   4.7200000e+02   0.0000000e+00   8.2423136e-05
   4.7300000e+02   0.0000000e+00   8.1578337e-05
   4.7400000e+02   0.0000000e+00   8.0742196e-05
   4.7500000e+02   0.0000000e+00   7.9914625e-05
   4.7600000e+02   0.0000000e+00   7.9095536e-05
   4.7700000e+02   0.0000000e+00   7.8284843e-05
   4.7800000e+02   0.0000000e+00   7.7482459e-05
   4.7900000e+02   0.0000000e+00   7.6688299e-05
   4.8000000e+02   0.0000000e+00   7.5902278e-05
   4.8100000e+02   0.0000000e+00   7.5124314e-05
   4.8200000e+02   0.0000000e+00   7.4354324e-05
   4.8300000e+02   0.0000000e+00   7.3592226e-05
   4.8400000e+02   0.0000000e+00   7.2837939e-05
   4.8500000e+02   0.0000000e+00   7.2091383e-05
   4.8600000e+02   0.0000000e+00   7.1352479e-05
   4.8700000e+02   0.0000000e+00   7.0621149e-05
   4.8800000e+02   0.0000000e+00   6.9897314e-05
   4.8900000e+02   0.0000000e+00   6.9180898e-05
   4.9000000e+02   0.0000000e+00   6.8471826e-05
   4.9100000e+02   1.0000000e+00   6.7770020e-05
   4.9200000e+02   0.0000000e+00   6.7075408e-05
   4.9300000e+02   0.0000000e+00   6.6387916e-05
   4.9400000e+02   0.0000000e+00   6.5707470e-05
   4.9500000e+02   0.0000000e+00   6.5033998e-05
   4.9600000e+02   0.0000000e+00   6.4367429e-05
   4.9700000e+02   0.0000000e+00   6.3707692e-05
   4.9800000e+02   0.0000000e+00   6.3054717e-05
   4.9900000e+02   0.0000000e+00   6.2408435e-05
   5.0000000e+02   0.0000000e+00   6.1768777e-05
   5.0100000e+02   0.0000000e+00   6.1135675e-05
   5.0200000e+02   0.0000000e+00   6.0509062e-05
   5.0300000e+02   0.0000000e+00   5.9888871e-05
   5.0400000e+02   0.0000000e+00   5.9275038e-05
   5.0500000e+02   0.0000000e+00   5.8667495e-05
   5.0600000e+02   0.0000000e+00   5.8066180e-05
   5.0700000e+02   0.0000000e+00   5.7471028e-05
   5.0800000e+02   0.0000000e+00   5.6881976e-05
   5.0900000e+02   0.0000000e+00   5.6298962e-05
   5.1000000e+02   0.0000000e+00   5.5721923e-05
   5.1100000e+02   0.0000000e+00   5.5150799e-05
   5.1200000e+02   1.0000000e+00   5.4585528e-05
   5.1300000e+02   0.0000000e+00   5.4026051e-05
   5.1400000e+02   0.0000000e+00   5.3472308e-05
   5.1500000e+02   0.0000000e+00   5.2924242e-05
   5.1600000e+02   0.0000000e+00   5.2381792e-05
   5.1700000e+02   0.0000000e+00   5.1844902e-05
   5.1800000e+02   0.0000000e+00   5.1313516e-05
   5.1900000e+02   0.0000000e+00   5.0787575e-05
   5.2000000e+02   0.0000000e+00   5.0267026e-05
   5.2100000e+02   0.0000000e+00   4.9751812e-05
   5.2200000e+02   0.0000000e+00   4.9241878e-05
   5.2300000e+02   0.0000000e+00   4.8737171e-05
   5.2400000e+02   0.0000000e+00   4.8237637e-05
   5.2500000e+02   0.0000000e+00   4.7743223e-05
   5.2600000e+02   0.0000000e+00   4.7253877e-05
   5.2700000e+02   0.0000000e+00   4.6769546e-05
   5.2800000e+02   0.0000000e+00   4.6290180e-05
   5.2900000e+02   0.0000000e+00   4.5815726e-05
   5.3000000e+02   0.0000000e+00   4.5346136e-05
   5.3100000e+02   1.0000000e+00   4.4881358e-05
   5.3200000e+02   0.0000000e+00   4.4421345e-05
   5.3300000e+02   0.0000000e+00   4.3966046e-05
   5.3400000e+02   1.0000000e+00   4.3515414e-05
   5.3500000e+02   0.0000000e+00   4.3069401e-05
   5.3600000e+02   0.0000000e+00   4.2627959e-05
   5.3700000e+02   0.0000000e+00   4.2191042e-05
   5.3800000e+02   1.0000000e+00   4.1758603e-05
   5.3900000e+02   0.0000000e+00   4.1330596e-05
   5.4000000e+02   0.0000000e+00   4.0906976e-05
   5.4100000e+02   0.0000000e+00   4.0487698e-05
   5.4200000e+02   0.0000000e+00   4.0072718e-05
   5.4300000e+02   0.0000000e+00   3.9661991e-05
   5.4400000e+02   0.0000000e+00   3.9255473e-05
   5.4500000e+02   0.0000000e+00   3.8853122e-05
   5.4600000e+02   0.0000000e+00   3.8454895e-05
   5.4700000e+02   0.0000000e+00   3.8060750e-05
   5.4800000e+02   0.0000000e+00   3.7670645e-05
   5.4900000e+02   0.0000000e+00   3.7284538e-05
   5.5000000e+02   0.0000000e+00   3.6902388e-05
   5.5100000e+02   1.0000000e+00   3.6524155e-05
   5.5200000e+02   0.0000000e+00   3.6149799e-05
   5.5300000e+02   0.0000000e+00   3.5779280e-05
   5.5400000e+02   0.0000000e+00   3.5412559e-05
   5.5500000e+02   0.0000000e+00   3.5049596e-05
   5.5600000e+02   0.0000000e+00   3.4690354e-05
   5.5700000e+02   0.0000000e+00   3.4334793e-05
   5.5800000e+02   0.0000000e+00   3.3982877e-05
   5.5900000e+02   0.0000000e+00   3.3634568e-05
   5.6000000e+02   0.0000000e+00   3.3289829e-05
   5.6100000e+02   0.0000000e+00   3.2948624e-05
   5.6200000e+02   0.0000000e+00   3.2610915e-05
   5.6300000e+02   0.0000000e+00   3.2276668e-05
   5.6400000e+02   0.0000000e+00   3.1945847e-05
   5.6500000e+02   0.0000000e+00   3.1618416e-05
   5.6600000e+02   0.0000000e+00   3.1294342e-05
   5.6700000e+02   0.0000000e+00   3.0973589e-05
   5.6800000e+02   0.0000000e+00   3.0656124e-05
   5.6900000e+02   0.0000000e+00   3.0341913e-05
   5.7000000e+02   0.0000000e+00   3.0030922e-05
   5.7100000e+02   0.0000000e+00   2.9723118e-05
   5.7200000e+02   0.0000000e+00   2.9418470e-05
   5.7300000e+02   0.0000000e+00   2.9116944e-05
   5.7400000e+02   0.0000000e+00   2.8818508e-05
   5.7500000e+02   0.0000000e+00   2.8523132e-05
   5.7600000e+02   0.0000000e+00   2.8230783e-05
   5.7700000e+02   0.0000000e+00   2.7941430e-05
   5.7800000e+02   0.0000000e+00   2.7655043e-05
   5.7900000e+02   0.0000000e+00   2.7371591e-05
   5.8000000e+02   0.0000000e+00   2.7091045e-05
   5.8100000e+02   0.0000000e+00   2.6813374e-05
   5.8200000e+02   0.0000000e+00   2.6538549e-05
   5.8300000e+02   0.0000000e+00   2.6266541e-05
   5.8400000e+02   0.0000000e+00   2.5997321e-05
   5.8500000e+02   0.0000000e+00   2.5730860e-05
   5.8600000e+02   0.0000000e+00   2.5467130e-05
   5.8700000e+02   0.0000000e+00   2.5206104e-05
   5.8800000e+02   1.0000000e+00   2.4947753e-05
   5.8900000e+02   0.0000000e+00   2.4692050e-05
   5.9000000e+02   0.0000000e+00   2.4438967e-05
   5.9100000e+02   0.0000000e+00   2.4188479e-05
   5.9200000e+02   0.0000000e+00   2.3940558e-05
   5.9300000e+02   1.0000000e+00   2.3695178e-05
   5.9400000e+02   0.0000000e+00   2.3452313e-05
   5.9500000e+02   0.0000000e+00   2.3211938e-05
   5.9600000e+02   0.0000000e+00   2.2974026e-05
   5.9700000e+02   0.0000000e+00   2.2738553e-05
   5.9800000e+02   0.0000000e+00   2.2505493e-05
   5.9900000e+02   1.0000000e+00   2.2274822e-05
   6.0000000e+02   0.0000000e+00   2.2046515e-05
   6.0100000e+02   0.0000000e+00   2.1820548e-05
   6.0200000e+02   0.0000000e+00   2.1596897e-05
   6.0300000e+02   0.0000000e+00   2.1375539e-05
   6.0400000e+02   0.0000000e+00   2.1156449e-05
   6.0500000e+02   0.0000000e+00   2.0939605e-05
   6.0600000e+02   0.0000000e+00   2.0724984e-05
   6.0700000e+02   0.0000000e+00   2.0512562e-05
   6.0800000e+02   0.0000000e+00   2.0302318e-05
   6.0900000e+02   0.0000000e+00   2.0094228e-05
   6.1000000e+02   0.0000000e+00   1.9888271e-05
   6.1100000e+02   1.0000000e+00   1.9684426e-05
   6.1200000e+02   0.0000000e+00   1.9482669e-05
   6.1300000e+02   0.0000000e+00   1.9282981e-05
   6.1400000e+02   0.0000000e+00   1.9085339e-05
   6.1500000e+02   0.0000000e+00   1.8889723e-05
   6.1600000e+02   0.0000000e+00   1.8696112e-05
   6.1700000e+02   0.0000000e+00   1.8504485e-05
   6.1800000e+02   0.0000000e+00   1.8314823e-05
   6.1900000e+02   0.0000000e+00   1.8127104e-05
   6.2000000e+02   0.0000000e+00   1.7941309e-05
   6.2100000e+02   0.0000000e+00   1.7757419e-05
   6.2200000e+02   0.0000000e+00   1.7575414e-05
   6.2300000e+02   0.0000000e+00   1.7395274e-05
   6.2400000e+02   0.0000000e+00   1.7216980e-05
   6.2500000e+02   0.0000000e+00   1.7040514e-05
   6.2600000e+02   0.0000000e+00   1.6865856e-05
   6.2700000e+02   0.0000000e+00   1.6692989e-05
   6.2800000e+02   0.0000000e+00   1.6521893e-05
   6.2900000e+02   0.0000000e+00   1.6352551e-05
   6.3000000e+02   0.0000000e+00   1.6184945e-05
   6.3100000e+02   0.0000000e+00   1.6019057e-05
   6.3200000e+02   0.0000000e+00   1.5854869e-05
   6.3300000e+02   0.0000000e+00   1.5692363e-05
   6.3400000e+02   0.0000000e+00   1.5531524e-05
   6.3500000e+02   0.0000000e+00   1.5372333e-05
   6.3600000e+02   0.0000000e+00   1.5214773e-05
   6.3700000e+02   0.0000000e+00   1.5058829e-05
   6.3800000e+02   0.0000000e+00   1.4904483e-05
   6.3900000e+02   0.0000000e+00   1.4751718e-05
   6.4000000e+02   0.0000000e+00   1.4600520e-05
   6.4100000e+02   0.0000000e+00   1.4450871e-05
   6.4200000e+02   0.0000000e+00   1.4302756e-05
   6.4300000e+02   0.0000000e+00   1.4156160e-05
   6.4400000e+02   0.0000000e+00   1.4011065e-05
   6.4500000e+02   0.0000000e+00   1.3867458e-05
   6.4600000e+02   0.0000000e+00   1.3725323e-05
   6.4700000e+02   0.0000000e+00   1.3584645e-05
   6.4800000e+02   0.0000000e+00   1.3445408e-05
   6.4900000e+02   0.0000000e+00   1.3307599e-05
   6.5000000e+02   0.0000000e+00   1.3171202e-05
   6.5100000e+02   0.0000000e+00   1.3036203e-05
   6.5200000e+02   0.0000000e+00   1.2902588e-05
   6.5300000e+02   0.0000000e+00   1.2770343e-05
   6.5400000e+02   0.0000000e+00   1.2639452e-05
   6.5500000e+02   0.0000000e+00   1.2509904e-05
   6.5600000e+02   0.0000000e+00   1.2381683e-05
   6.5700000e+02   0.0000000e+00   1.2254776e-05
   6.5800000e+02   0.0000000e+00   1.2129170e-05
   6.5900000e+02   0.0000000e+00   1.2004852e-05
   6.6000000e+02   0.0000000e+00   1.1881807e-05
   6.6100000e+02   0.0000000e+00   1.1760024e-05
   6.6200000e+02   0.0000000e+00   1.1639489e-05
   6.6300000e+02   0.0000000e+00   1.1520190e-05
   6.6400000e+02   0.0000000e+00   1.1402113e-05
   6.6500000e+02   0.0000000e+00   1.1285247e-05
   6.6600000e+02   0.0000000e+00   1.1169578e-05
   6.6700000e+02   0.0000000e+00   1.1055095e-05
   6.6800000e+02   0.0000000e+00   1.0941785e-05
   6.6900000e+02   1.0000000e+00   1.0829637e-05
   6.7000000e+02   0.0000000e+00   1.0718638e-05
   6.7100000e+02   0.0000000e+00   1.0608777e-05
   6.7200000e+02   0.0000000e+00   1.0500042e-05
   6.7300000e+02   0.0000000e+00   1.0392421e-05
   6.7400000e+02   0.0000000e+00   1.0285903e-05
   6.7500000e+02   0.0000000e+00   1.0180478e-05
   6.7600000e+02   0.0000000e+00   1.0076132e-05
   6.7700000e+02   0.0000000e+00   9.9728565e-06
   6.7800000e+02   0.0000000e+00   9.8706393e-06
   6.7900000e+02   0.0000000e+00   9.7694697e-06
   6.8000000e+02   0.0000000e+00   9.6693371e-06
   6.8100000e+02   0.0000000e+00   9.5702308e-06
   6.8200000e+02   0.0000000e+00   9.4721402e-06
   6.8300000e+02   0.0000000e+00   9.3750551e-06
   6.8400000e+02   0.0000000e+00   9.2789650e-06
   6.8500000e+02   0.0000000e+00   9.1838598e-06
   6.8600000e+02   0.0000000e+00   9.0897294e-06
   6.8700000e+02   0.0000000e+00   8.9965638e-06
   6.8800000e+02   0.0000000e+00   8.9043531e-06
   6.8900000e+02   0.0000000e+00   8.8130876e-06
   6.9000000e+02   0.0000000e+00   8.7227574e-06
   6.9100000e+02   0.0000000e+00   8.6333531e-06
   6.9200000e+02   0.0000000e+00   8.5448652e-06
   6.9300000e+02   0.0000000e+00   8.4572842e-06
   6.9400000e+02   0.0000000e+00   8.3706008e-06
   6.9500000e+02   0.0000000e+00   8.2848060e-06
   6.9600000e+02   0.0000000e+00   8.1998905e-06
   6.9700000e+02   0.0000000e+00   8.1158453e-06
   6.9800000e+02   0.0000000e+00   8.0326616e-06
   6.9900000e+02   0.0000000e+00   7.9503304e-06
   7.0000000e+02   0.0000000e+00   7.8688432e-06
   7.0100000e+02   0.0000000e+00   7.7881911e-06
   7.0200000e+02   0.0000000e+00   7.7083657e-06
   7.0300000e+02   0.0000000e+00   7.6293584e-06
   7.0400000e+02   0.0000000e+00   7.5511609e-06
   7.0500000e+02   0.0000000e+00   7.4737650e-06
   7.0600000e+02   0.0000000e+00   7.3971623e-06
   7.0700000e+02   0.0000000e+00   7.3213447e-06
   7.0800000e+02   0.0000000e+00   7.2463042e-06
   7.0900000e+02   0.0000000e+00   7.1720329e-06
   7.1000000e+02   0.0000000e+00   7.0985228e-06
   7.1100000e+02   0.0000000e+00   7.0257662e-06
   7.1200000e+02   0.0000000e+00   6.9537553e-06
   7.1300000e+02   0.0000000e+00   6.8824824e-06
   7.1400000e+02   0.0000000e+00   6.8119401e-06
   7.1500000e+02   0.0000000e+00   6.7421208e-06
   7.1600000e+02   0.0000000e+00   6.6730171e-06
   7.1700000e+02   0.0000000e+00   6.6046217e-06
   7.1800000e+02   0.0000000e+00   6.5369274e-06
   7.1900000e+02   0.0000000e+00   6.4699268e-06
   7.2000000e+02   0.0000000e+00   6.4036130e-06
   7.2100000e+02   0.0000000e+00   6.3379789e-06
   7.2200000e+02   0.0000000e+00   6.2730175e-06
   7.2300000e+02   0.0000000e+00   6.2087219e-06
   7.2400000e+02   0.0000000e+00   6.1450853e-06
   7.2500000e+02   0.0000000e+00   6.0821010e-06
   7.2600000e+02   0.0000000e+00   6.0197622e-06
   7.2700000e+02   0.0000000e+00   5.9580624e-06
   7.2800000e+02   0.0000000e+00   5.8969949e-06
   7.2900000e+02   0.0000000e+00   5.8365534e-06
   7.3000000e+02   0.0000000e+00   5.7767314e-06
   7.3100000e+02   0.0000000e+00   5.7175225e-06
   7.3200000e+02   0.0000000e+00   5.6589205e-06
   7.3300000e+02   0.0000000e+00   5.6009191e-06
   7.3400000e+02   0.0000000e+00   5.5435122e-06
   7.3500000e+02   0.0000000e+00   5.4866937e-06
   7.3600000e+02   0.0000000e+00   5.4304576e-06
   7.3700000e+02   0.0000000e+00   5.3747979e-06
   7.3800000e+02   1.0000000e+00   5.3197087e-06
   7.3900000e+02   0.0000000e+00   5.2651840e-06
   7.4000000e+02   0.0000000e+00   5.2112183e-06
   7.4100000e+02   0.0000000e+00   5.1578057e-06
   7.4200000e+02   0.0000000e+00   5.1049405e-06
   7.4300000e+02   0.0000000e+00   5.0526172e-06
   7.4400000e+02   0.0000000e+00   5.0008301e-06
   7.4500000e+02   0.0000000e+00   4.9495739e-06
   7.4600000e+02   0.0000000e+00   4.8988430e-06
   7.4700000e+02   0.0000000e+00   4.8486321e-06
   7.4800000e+02   0.0000000e+00   4.7989358e-06
   7.4900000e+02   0.0000000e+00   4.7497489e-06
   7.5000000e+02   0.0000000e+00   4.7010661e-06
   7.5100000e+02   0.0000000e+00   4.6528823e-06
   7.5200000e+02   0.0000000e+00   4.6051924e-06
   7.5300000e+02   0.0000000e+00   4.5579913e-06
   7.5400000e+02   0.0000000e+00   4.5112739e-06
   7.5500000e+02   0.0000000e+00   4.4650354e-06
   7.5600000e+02   0.0000000e+00   4.4192708e-06
   7.5700000e+02   0.0000000e+00   4.3739753e-06
   7.5800000e+02   0.0000000e+00   4.3291440e-06
   7.5900000e+02   0.0000000e+00   4.2847723e-06
   7.6000000e+02   0.0000000e+00   4.2408553e-06
   7.6100000e+02   0.0000000e+00   4.1973885e-06
   7.6200000e+02   0.0000000e+00   4.1543671e-06
   7.6300000e+02   0.0000000e+00   4.1117868e-06
   7.6400000e+02   0.0000000e+00   4.0696428e-06
   7.6500000e+02   0.0000000e+00   4.0279308e-06
   7.6600000e+02   0.0000000e+00   3.9866464e-06
   7.6700000e+02   0.0000000e+00   3.9457850e-06
   7.6800000e+02   0.0000000e+00   3.9053425e-06
   7.6900000e+02   0.0000000e+00   3.8653145e-06
   7.7000000e+02   0.0000000e+00   3.8256968e-06
   7.7100000e+02   0.0000000e+00   3.7864852e-06
   7.7200000e+02   0.0000000e+00   3.7476754e-06
   7.7300000e+02   0.0000000e+00   3.7092634e-06
   7.7400000e+02   0.0000000e+00   3.6712452e-06
   7.7500000e+02   0.0000000e+00   3.6336166e-06
   7.7600000e+02   0.0000000e+00   3.5963736e-06
   7.7700000e+02   0.0000000e+00   3.5595124e-06
   7.7800000e+02   0.0000000e+00   3.5230291e-06
   7.7900000e+02   0.0000000e+00   3.4869196e-06
   7.8000000e+02   0.0000000e+00   3.4511803e-06
   7.8100000e+02   0.0000000e+00   3.4158072e-06
   7.8200000e+02   0.0000000e+00   3.3807968e-06
   7.8300000e+02   0.0000000e+00   3.3461451e-06
   7.8400000e+02   0.0000000e+00   3.3118487e-06
   7.8500000e+02   0.0000000e+00   3.2779037e-06
   7.8600000e+02   0.0000000e+00   3.2443067e-06
   7.8700000e+02   0.0000000e+00   3.2110540e-06
   7.8800000e+02   0.0000000e+00   3.1781422e-06
   7.8900000e+02   0.0000000e+00   3.1455676e-06
   7.9000000e+02   0.0000000e+00   3.1133270e-06
   7.9100000e+02   0.0000000e+00   3.0814168e-06
   7.9200000e+02   0.0000000e+00   3.0498337e-06
   7.9300000e+02   0.0000000e+00   3.0185743e-06
   7.9400000e+02   0.0000000e+00   2.9876353e-06
   7.9500000e+02   0.0000000e+00   2.9570134e-06
   7.9600000e+02   1.0000000e+00   2.9267053e-06
