   1.0000000e+00   1.3900000e+02   7.2519859e-02
   2.0000000e+00   1.2600000e+02   6.5829245e-02
   3.0000000e+00   1.0100000e+02   5.9763876e-02
   4.0000000e+00   1.1300000e+02   5.4265288e-02
   5.0000000e+00   8.6000000e+01   4.9280483e-02
   6.0000000e+00   8.8000000e+01   4.4761419e-02
   7.0000000e+00   7.6000000e+01   4.0664547e-02
   8.0000000e+00   8.2000000e+01   3.6950388e-02
   9.0000000e+00   6.0000000e+01   3.3583158e-02
   1.0000000e+01   6.9000000e+01   3.0530417e-02
   1.1000000e+01   5.1000000e+01   2.7762758e-02
   1.2000000e+01   3.8000000e+01   2.5253525e-02
   1.3000000e+01   4.5000000e+01   2.2978555e-02
   1.4000000e+01   3.7000000e+01   2.0915943e-02
   1.5000000e+01   2.9000000e+01   1.9045833e-02
   1.6000000e+01   4.0000000e+01   1.7350226e-02
   1.7000000e+01   2.3000000e+01   1.5812806e-02
   1.8000000e+01   2.0000000e+01   1.4418783e-02
   1.9000000e+01   3.9000000e+01   1.3154749e-02
   2.0000000e+01   2.6000000e+01   1.2008550e-02
   2.1000000e+01   2.7000000e+01   1.0969169e-02
   2.2000000e+01   1.9000000e+01   1.0026620e-02
   2.3000000e+01   1.4000000e+01   9.1718489e-03
   2.4000000e+01   1.7000000e+01   8.3966493e-03
   2.5000000e+01   1.4000000e+01   7.6935822e-03
   2.6000000e+01   1.3000000e+01   7.0559039e-03
   2.7000000e+01   1.3000000e+01   6.4775016e-03
   2.8000000e+01   6.0000000e+00   5.9528338e-03
   2.9000000e+01   1.2000000e+01   5.4768773e-03
   3.0000000e+01   1.0000000e+01   5.0450788e-03
   3.1000000e+01   1.3000000e+01   4.6533104e-03
   3.2000000e+01   1.0000000e+01   4.2978306e-03
   3.3000000e+01   4.0000000e+00   3.9752474e-03
   3.4000000e+01   8.0000000e+00   3.6824862e-03
   3.5000000e+01   1.0000000e+01   3.4167598e-03
   3.6000000e+01   9.0000000e+00   3.1755417e-03
   3.7000000e+01   4.0000000e+00   2.9565416e-03
   3.8000000e+01   1.0000000e+00   2.7576833e-03
   3.9000000e+01   2.0000000e+00   2.5770849e-03
   4.0000000e+01   6.0000000e+00   2.4130403e-03
   4.1000000e+01   3.0000000e+00   2.2640030e-03
   4.2000000e+01   4.0000000e+00   2.1285711e-03
   4.3000000e+01   1.0000000e+00   2.0054738e-03
   4.4000000e+01   6.0000000e+00   1.8935591e-03
   4.5000000e+01   3.0000000e+00   1.7917829e-03
   4.6000000e+01   6.0000000e+00   1.6991983e-03
   4.7000000e+01   3.0000000e+00   1.6149474e-03
   4.8000000e+01   0.0000000e+00   1.5382522e-03
   4.9000000e+01   2.0000000e+00   1.4684077e-03
   5.0000000e+01   0.0000000e+00   1.4047745e-03
   5.1000000e+01   3.0000000e+00   1.3467733e-03
   5.2000000e+01   3.0000000e+00   1.2938788e-03
   5.3000000e+01   1.0000000e+00   1.2456148e-03
   5.4000000e+01   2.0000000e+00   1.2015497e-03
   5.5000000e+01   0.0000000e+00   1.1612922e-03
   5.6000000e+01   2.0000000e+00   1.1244876e-03
   5.7000000e+01   0.0000000e+00   1.0908145e-03
   5.8000000e+01   3.0000000e+00   1.0599812e-03
   5.9000000e+01   5.0000000e+00   1.0317236e-03
   6.0000000e+01   4.0000000e+00   1.0058022e-03
   6.1000000e+01   4.0000000e+00   9.8199977e-04
   6.2000000e+01   1.0000000e+00   9.6011957e-04
   6.3000000e+01   2.0000000e+00   9.3998313e-04
   6.4000000e+01   3.0000000e+00   9.2142871e-04
   6.5000000e+01   1.0000000e+00   9.0430966e-04
   6.6000000e+01   1.0000000e+00   8.8849307e-04
   6.7000000e+01   0.0000000e+00   8.7385843e-04
   6.8000000e+01   2.0000000e+00   8.6029649e-04
   6.9000000e+01   2.0000000e+00   8.4770824e-04
   7.0000000e+01   3.0000000e+00   8.3600388e-04
   7.1000000e+01   2.0000000e+00   8.2510204e-04
   7.2000000e+01   1.0000000e+00   8.1492894e-04
   7.3000000e+01   2.0000000e+00   8.0541768e-04
   7.4000000e+01   1.0000000e+00   7.9650763e-04
   7.5000000e+01   3.0000000e+00   7.8814382e-04
   7.6000000e+01   1.0000000e+00   7.8027640e-04
   7.7000000e+01   1.0000000e+00   7.7286020e-04
   7.8000000e+01   2.0000000e+00   7.6585424e-04
   7.9000000e+01   0.0000000e+00   7.5922140e-04
   8.0000000e+01   3.0000000e+00   7.5292799e-04
   8.1000000e+01   3.0000000e+00   7.4694350e-04
   8.2000000e+01   1.0000000e+00   7.4124024e-04
   8.3000000e+01   3.0000000e+00   7.3579312e-04
   8.4000000e+01   4.0000000e+00   7.3057939e-04
   8.5000000e+01   1.0000000e+00   7.2557841e-04
   8.6000000e+01   2.0000000e+00   7.2077148e-04
   8.7000000e+01   1.0000000e+00   7.1614163e-04
   8.8000000e+01   1.0000000e+00   7.1167348e-04
   8.9000000e+01   0.0000000e+00   7.0735309e-04
   9.0000000e+01   3.0000000e+00   7.0316780e-04
   9.1000000e+01   3.0000000e+00   6.9910614e-04
   9.2000000e+01   4.0000000e+00   6.9515771e-04
   9.3000000e+01   2.0000000e+00   6.9131307e-04
   9.4000000e+01   0.0000000e+00   6.8756367e-04
   9.5000000e+01   1.0000000e+00   6.8390173e-04
   9.6000000e+01   1.0000000e+00   6.8032022e-04
   9.7000000e+01   1.0000000e+00   6.7681276e-04
   9.8000000e+01   1.0000000e+00   6.7337353e-04
   9.9000000e+01   1.0000000e+00   6.6999729e-04
   1.0000000e+02   2.0000000e+00   6.6667927e-04
   1.0100000e+02   2.0000000e+00   6.6341512e-04
   1.0200000e+02   2.0000000e+00   6.6020093e-04
   1.0300000e+02   1.0000000e+00   6.5703311e-04
   1.0400000e+02   0.0000000e+00   6.5390844e-04
   1.0500000e+02   3.0000000e+00   6.5082398e-04
   1.0600000e+02   3.0000000e+00   6.4777705e-04
   1.0700000e+02   1.0000000e+00   6.4476522e-04
   1.0800000e+02   0.0000000e+00   6.4178630e-04
   1.0900000e+02   4.0000000e+00   6.3883828e-04
   1.1000000e+02   0.0000000e+00   6.3591934e-04
   1.1100000e+02   2.0000000e+00   6.3302783e-04
   1.1200000e+02   2.0000000e+00   6.3016225e-04
   1.1300000e+02   4.0000000e+00   6.2732122e-04
   1.1400000e+02   0.0000000e+00   6.2450350e-04
   1.1500000e+02   3.0000000e+00   6.2170797e-04
   1.1600000e+02   1.0000000e+00   6.1893358e-04
   1.1700000e+02   0.0000000e+00   6.1617940e-04
   1.1800000e+02   1.0000000e+00   6.1344457e-04
   1.1900000e+02   0.0000000e+00   6.1072832e-04
   1.2000000e+02   1.0000000e+00   6.0802992e-04
   1.2100000e+02   0.0000000e+00   6.0534874e-04
   1.2200000e+02   1.0000000e+00   6.0268417e-04
   1.2300000e+02   3.0000000e+00   6.0003568e-04
   1.2400000e+02   1.0000000e+00   5.9740277e-04
   1.2500000e+02   0.0000000e+00   5.9478498e-04
   1.2600000e+02   2.0000000e+00   5.9218190e-04
   1.2700000e+02   0.0000000e+00   5.8959315e-04
   1.2800000e+02   0.0000000e+00   5.8701838e-04
   1.2900000e+02   0.0000000e+00   5.8445727e-04
   1.3000000e+02   2.0000000e+00   5.8190951e-04
   1.3100000e+02   1.0000000e+00   5.7937485e-04
   1.3200000e+02   0.0000000e+00   5.7685302e-04
   1.3300000e+02   0.0000000e+00   5.7434380e-04
   1.3400000e+02   0.0000000e+00   5.7184697e-04
   1.3500000e+02   0.0000000e+00   5.6936233e-04
   1.3600000e+02   3.0000000e+00   5.6688970e-04
   1.3700000e+02   1.0000000e+00   5.6442891e-04
   1.3800000e+02   1.0000000e+00   5.6197980e-04
   1.3900000e+02   1.0000000e+00   5.5954223e-04
   1.4000000e+02   1.0000000e+00   5.5711604e-04
   1.4100000e+02   0.0000000e+00   5.5470112e-04
   1.4200000e+02   0.0000000e+00   5.5229734e-04
   1.4300000e+02   3.0000000e+00   5.4990458e-04
   1.4400000e+02   1.0000000e+00   5.4752275e-04
   1.4500000e+02   1.0000000e+00   5.4515173e-04
   1.4600000e+02   0.0000000e+00   5.4279144e-04
   1.4700000e+02   1.0000000e+00   5.4044177e-04
   1.4800000e+02   1.0000000e+00   5.3810266e-04
   1.4900000e+02   0.0000000e+00   5.3577400e-04
   1.5000000e+02   0.0000000e+00   5.3345573e-04
   1.5100000e+02   0.0000000e+00   5.3114777e-04
   1.5200000e+02   0.0000000e+00   5.2885005e-04
   1.5300000e+02   2.0000000e+00   5.2656249e-04
   1.5400000e+02   0.0000000e+00   5.2428504e-04
   1.5500000e+02   0.0000000e+00   5.2201763e-04
   1.5600000e+02   2.0000000e+00   5.1976019e-04
   1.5700000e+02   2.0000000e+00   5.1751267e-04
   1.5800000e+02   1.0000000e+00   5.1527501e-04
   1.5900000e+02   1.0000000e+00   5.1304715e-04
   1.6000000e+02   3.0000000e+00   5.1082903e-04
   1.6100000e+02   1.0000000e+00   5.0862062e-04
   1.6200000e+02   0.0000000e+00   5.0642184e-04
   1.6300000e+02   1.0000000e+00   5.0423265e-04
   1.6400000e+02   1.0000000e+00   5.0205301e-04
   1.6500000e+02   1.0000000e+00   4.9988286e-04
   1.6600000e+02   2.0000000e+00   4.9772215e-04
   1.6700000e+02   0.0000000e+00   4.9557084e-04
   1.6800000e+02   0.0000000e+00   4.9342888e-04
   1.6900000e+02   1.0000000e+00   4.9129623e-04
   1.7000000e+02   0.0000000e+00   4.8917284e-04
   1.7100000e+02   2.0000000e+00   4.8705866e-04
   1.7200000e+02   0.0000000e+00   4.8495366e-04
   1.7300000e+02   1.0000000e+00   4.8285778e-04
   1.7400000e+02   0.0000000e+00   4.8077100e-04
   1.7500000e+02   0.0000000e+00   4.7869326e-04
   1.7600000e+02   0.0000000e+00   4.7662452e-04
   1.7700000e+02   0.0000000e+00   4.7456474e-04
   1.7800000e+02   2.0000000e+00   4.7251389e-04
   1.7900000e+02   0.0000000e+00   4.7047191e-04
   1.8000000e+02   3.0000000e+00   4.6843878e-04
   1.8100000e+02   3.0000000e+00   4.6641444e-04
   1.8200000e+02   0.0000000e+00   4.6439887e-04
   1.8300000e+02   0.0000000e+00   4.6239202e-04
   1.8400000e+02   1.0000000e+00   4.6039386e-04
   1.8500000e+02   2.0000000e+00   4.5840433e-04
   1.8600000e+02   0.0000000e+00   4.5642342e-04
   1.8700000e+02   1.0000000e+00   4.5445107e-04
   1.8800000e+02   1.0000000e+00   4.5248726e-04
   1.8900000e+02   2.0000000e+00   4.5053193e-04
   1.9000000e+02   0.0000000e+00   4.4858506e-04
   1.9100000e+02   0.0000000e+00   4.4664661e-04
   1.9200000e+02   3.0000000e+00   4.4471655e-04
   1.9300000e+02   0.0000000e+00   4.4279482e-04
   1.9400000e+02   0.0000000e+00   4.4088141e-04
   1.9500000e+02   0.0000000e+00   4.3897626e-04
   1.9600000e+02   1.0000000e+00   4.3707936e-04
   1.9700000e+02   2.0000000e+00   4.3519065e-04
   1.9800000e+02   0.0000000e+00   4.3331011e-04
   1.9900000e+02   0.0000000e+00   4.3143769e-04
   2.0000000e+02   1.0000000e+00   4.2957337e-04
   2.0100000e+02   0.0000000e+00   4.2771711e-04
   2.0200000e+02   0.0000000e+00   4.2586887e-04
   2.0300000e+02   2.0000000e+00   4.2402862e-04
   2.0400000e+02   0.0000000e+00   4.2219632e-04
   2.0500000e+02   0.0000000e+00   4.2037194e-04
   2.0600000e+02   0.0000000e+00   4.1855545e-04
   2.0700000e+02   0.0000000e+00   4.1674680e-04
   2.0800000e+02   0.0000000e+00   4.1494598e-04
   2.0900000e+02   1.0000000e+00   4.1315293e-04
   2.1000000e+02   1.0000000e+00   4.1136764e-04
   2.1100000e+02   1.0000000e+00   4.0959006e-04
   2.1200000e+02   1.0000000e+00   4.0782016e-04
   2.1300000e+02   2.0000000e+00   4.0605791e-04
   2.1400000e+02   2.0000000e+00   4.0430327e-04
   2.1500000e+02   1.0000000e+00   4.0255622e-04
   2.1600000e+02   0.0000000e+00   4.0081672e-04
   2.1700000e+02   0.0000000e+00   3.9908473e-04
   2.1800000e+02   1.0000000e+00   3.9736023e-04
   2.1900000e+02   1.0000000e+00   3.9564318e-04
   2.2000000e+02   2.0000000e+00   3.9393356e-04
   2.2100000e+02   0.0000000e+00   3.9223132e-04
   2.2200000e+02   1.0000000e+00   3.9053643e-04
   2.2300000e+02   1.0000000e+00   3.8884887e-04
   2.2400000e+02   2.0000000e+00   3.8716860e-04
   2.2500000e+02   1.0000000e+00   3.8549559e-04
   2.2600000e+02   0.0000000e+00   3.8382982e-04
   2.2700000e+02   1.0000000e+00   3.8217124e-04
   2.2800000e+02   0.0000000e+00   3.8051982e-04
   2.2900000e+02   0.0000000e+00   3.7887555e-04
   2.3000000e+02   0.0000000e+00   3.7723838e-04
   2.3100000e+02   1.0000000e+00   3.7560828e-04
   2.3200000e+02   0.0000000e+00   3.7398523e-04
   2.3300000e+02   0.0000000e+00   3.7236919e-04
   2.3400000e+02   1.0000000e+00   3.7076013e-04
   2.3500000e+02   0.0000000e+00   3.6915803e-04
   2.3600000e+02   0.0000000e+00   3.6756285e-04
   2.3700000e+02   0.0000000e+00   3.6597456e-04
   2.3800000e+02   0.0000000e+00   3.6439314e-04
   2.3900000e+02   0.0000000e+00   3.6281855e-04
   2.4000000e+02   0.0000000e+00   3.6125076e-04
   2.4100000e+02   2.0000000e+00   3.5968975e-04
   2.4200000e+02   1.0000000e+00   3.5813548e-04
   2.4300000e+02   0.0000000e+00   3.5658793e-04
   2.4400000e+02   0.0000000e+00   3.5504707e-04
   2.4500000e+02   0.0000000e+00   3.5351287e-04
   2.4600000e+02   1.0000000e+00   3.5198529e-04
   2.4700000e+02   0.0000000e+00   3.5046432e-04
   2.4800000e+02   0.0000000e+00   3.4894991e-04
   2.4900000e+02   0.0000000e+00   3.4744206e-04
   2.5000000e+02   1.0000000e+00   3.4594072e-04
   2.5100000e+02   0.0000000e+00   3.4444586e-04
   2.5200000e+02   0.0000000e+00   3.4295747e-04
   2.5300000e+02   0.0000000e+00   3.4147550e-04
   2.5400000e+02   1.0000000e+00   3.3999994e-04
   2.5500000e+02   0.0000000e+00   3.3853076e-04
   2.5600000e+02   1.0000000e+00   3.3706792e-04
   2.5700000e+02   0.0000000e+00   3.3561141e-04
   2.5800000e+02   0.0000000e+00   3.3416119e-04
   2.5900000e+02   0.0000000e+00   3.3271724e-04
   2.6000000e+02   0.0000000e+00   3.3127952e-04
   2.6100000e+02   0.0000000e+00   3.2984802e-04
   2.6200000e+02   0.0000000e+00   3.2842270e-04
   2.6300000e+02   1.0000000e+00   3.2700355e-04
   2.6400000e+02   0.0000000e+00   3.2559052e-04
   2.6500000e+02   0.0000000e+00   3.2418360e-04
   2.6600000e+02   1.0000000e+00   3.2278276e-04
   2.6700000e+02   1.0000000e+00   3.2138798e-04
   2.6800000e+02   0.0000000e+00   3.1999922e-04
   2.6900000e+02   1.0000000e+00   3.1861646e-04
   2.7000000e+02   0.0000000e+00   3.1723968e-04
   2.7100000e+02   1.0000000e+00   3.1586885e-04
   2.7200000e+02   2.0000000e+00   3.1450394e-04
   2.7300000e+02   1.0000000e+00   3.1314492e-04
   2.7400000e+02   0.0000000e+00   3.1179178e-04
   2.7500000e+02   1.0000000e+00   3.1044449e-04
   2.7600000e+02   0.0000000e+00   3.0910302e-04
   2.7700000e+02   2.0000000e+00   3.0776735e-04
   2.7800000e+02   1.0000000e+00   3.0643744e-04
   2.7900000e+02   0.0000000e+00   3.0511329e-04
   2.8000000e+02   3.0000000e+00   3.0379485e-04
   2.8100000e+02   0.0000000e+00   3.0248212e-04
   2.8200000e+02   1.0000000e+00   3.0117505e-04
   2.8300000e+02   1.0000000e+00   2.9987364e-04
   2.8400000e+02   1.0000000e+00   2.9857784e-04
   2.8500000e+02   4.0000000e+00   2.9728765e-04
   2.8600000e+02   1.0000000e+00   2.9600303e-04
   2.8700000e+02   0.0000000e+00   2.9472397e-04
   2.8800000e+02   0.0000000e+00   2.9345043e-04
   2.8900000e+02   0.0000000e+00   2.9218239e-04
   2.9000000e+02   0.0000000e+00   2.9091983e-04
   2.9100000e+02   1.0000000e+00   2.8966273e-04
   2.9200000e+02   1.0000000e+00   2.8841106e-04
   2.9300000e+02   2.0000000e+00   2.8716480e-04
   2.9400000e+02   0.0000000e+00   2.8592392e-04
   2.9500000e+02   0.0000000e+00   2.8468841e-04
   2.9600000e+02   0.0000000e+00   2.8345823e-04
   2.9700000e+02   2.0000000e+00   2.8223337e-04
   2.9800000e+02   0.0000000e+00   2.8101380e-04
   2.9900000e+02   0.0000000e+00   2.7979951e-04
   3.0000000e+02   0.0000000e+00   2.7859046e-04
   3.0100000e+02   1.0000000e+00   2.7738663e-04
   3.0200000e+02   0.0000000e+00   2.7618801e-04
   3.0300000e+02   1.0000000e+00   2.7499457e-04
   3.0400000e+02   0.0000000e+00   2.7380628e-04
   3.0500000e+02   1.0000000e+00   2.7262313e-04
   3.0600000e+02   0.0000000e+00   2.7144509e-04
   3.0700000e+02   1.0000000e+00   2.7027214e-04
   3.0800000e+02   3.0000000e+00   2.6910426e-04
   3.0900000e+02   1.0000000e+00   2.6794142e-04
   3.1000000e+02   0.0000000e+00   2.6678361e-04
   3.1100000e+02   1.0000000e+00   2.6563081e-04
   3.1200000e+02   0.0000000e+00   2.6448298e-04
   3.1300000e+02   0.0000000e+00   2.6334012e-04
   3.1400000e+02   3.0000000e+00   2.6220219e-04
   3.1500000e+02   0.0000000e+00   2.6106918e-04
   3.1600000e+02   1.0000000e+00   2.5994107e-04
   3.1700000e+02   1.0000000e+00   2.5881783e-04
   3.1800000e+02   0.0000000e+00   2.5769944e-04
   3.1900000e+02   1.0000000e+00   2.5658589e-04
   3.2000000e+02   2.0000000e+00   2.5547715e-04
   3.2100000e+02   0.0000000e+00   2.5437320e-04
   3.2200000e+02   1.0000000e+00   2.5327402e-04
   3.2300000e+02   1.0000000e+00   2.5217959e-04
   3.2400000e+02   2.0000000e+00   2.5108989e-04
   3.2500000e+02   0.0000000e+00   2.5000490e-04
   3.2600000e+02   0.0000000e+00   2.4892459e-04
   3.2700000e+02   0.0000000e+00   2.4784896e-04
   3.2800000e+02   1.0000000e+00   2.4677797e-04
   3.2900000e+02   1.0000000e+00   2.4571161e-04
   3.3000000e+02   0.0000000e+00   2.4464986e-04
   3.3100000e+02   0.0000000e+00   2.4359270e-04
   3.3200000e+02   0.0000000e+00   2.4254010e-04
   3.3300000e+02   1.0000000e+00   2.4149206e-04
   3.3400000e+02   1.0000000e+00   2.4044854e-04
   3.3500000e+02   0.0000000e+00   2.3940953e-04
   3.3600000e+02   0.0000000e+00   2.3837501e-04
   3.3700000e+02   0.0000000e+00   2.3734496e-04
   3.3800000e+02   0.0000000e+00   2.3631936e-04
   3.3900000e+02   0.0000000e+00   2.3529819e-04
   3.4000000e+02   0.0000000e+00   2.3428144e-04
   3.4100000e+02   0.0000000e+00   2.3326908e-04
   3.4200000e+02   0.0000000e+00   2.3226109e-04
   3.4300000e+02   0.0000000e+00   2.3125746e-04
   3.4400000e+02   2.0000000e+00   2.3025817e-04
   3.4500000e+02   0.0000000e+00   2.2926320e-04
   3.4600000e+02   1.0000000e+00   2.2827252e-04
   3.4700000e+02   1.0000000e+00   2.2728613e-04
   3.4800000e+02   1.0000000e+00   2.2630399e-04
   3.4900000e+02   0.0000000e+00   2.2532610e-04
   3.5000000e+02   0.0000000e+00   2.2435244e-04
   3.5100000e+02   0.0000000e+00   2.2338298e-04
   3.5200000e+02   0.0000000e+00   2.2241772e-04
   3.5300000e+02   0.0000000e+00   2.2145662e-04
   3.5400000e+02   0.0000000e+00   2.2049968e-04
   3.5500000e+02   1.0000000e+00   2.1954687e-04
   3.5600000e+02   0.0000000e+00   2.1859818e-04
   3.5700000e+02   0.0000000e+00   2.1765359e-04
   3.5800000e+02   0.0000000e+00   2.1671308e-04
   3.5900000e+02   0.0000000e+00   2.1577664e-04
   3.6000000e+02   1.0000000e+00   2.1484424e-04
   3.6100000e+02   0.0000000e+00   2.1391587e-04
   3.6200000e+02   0.0000000e+00   2.1299151e-04
   3.6300000e+02   0.0000000e+00   2.1207115e-04
   3.6400000e+02   0.0000000e+00   2.1115476e-04
   3.6500000e+02   0.0000000e+00   2.1024233e-04
   3.6600000e+02   1.0000000e+00   2.0933385e-04
   3.6700000e+02   2.0000000e+00   2.0842929e-04
   3.6800000e+02   0.0000000e+00   2.0752864e-04
   3.6900000e+02   0.0000000e+00   2.0663188e-04
   3.7000000e+02   1.0000000e+00   2.0573900e-04
   3.7100000e+02   0.0000000e+00   2.0484997e-04
   3.7200000e+02   0.0000000e+00   2.0396479e-04
   3.7300000e+02   1.0000000e+00   2.0308343e-04
   3.7400000e+02   0.0000000e+00   2.0220588e-04
   3.7500000e+02   0.0000000e+00   2.0133213e-04
   3.7600000e+02   0.0000000e+00   2.0046214e-04
   3.7700000e+02   0.0000000e+00   1.9959592e-04
   3.7800000e+02   0.0000000e+00   1.9873344e-04
   3.7900000e+02   0.0000000e+00   1.9787469e-04
   3.8000000e+02   0.0000000e+00   1.9701965e-04
   3.8100000e+02   1.0000000e+00   1.9616830e-04
   3.8200000e+02   0.0000000e+00   1.9532063e-04
   3.8300000e+02   0.0000000e+00   1.9447662e-04
   3.8400000e+02   1.0000000e+00   1.9363627e-04
   3.8500000e+02   0.0000000e+00   1.9279954e-04
   3.8600000e+02   0.0000000e+00   1.9196643e-04
   3.8700000e+02   1.0000000e+00   1.9113692e-04
   3.8800000e+02   1.0000000e+00   1.9031099e-04
   3.8900000e+02   0.0000000e+00   1.8948863e-04
   3.9000000e+02   0.0000000e+00   1.8866983e-04
   3.9100000e+02   1.0000000e+00   1.8785456e-04
   3.9200000e+02   0.0000000e+00   1.8704281e-04
   3.9300000e+02   0.0000000e+00   1.8623458e-04
   3.9400000e+02   1.0000000e+00   1.8542983e-04
   3.9500000e+02   0.0000000e+00   1.8462857e-04
   3.9600000e+02   0.0000000e+00   1.8383076e-04
   3.9700000e+02   0.0000000e+00   1.8303641e-04
   3.9800000e+02   0.0000000e+00   1.8224548e-04
   3.9900000e+02   0.0000000e+00   1.8145798e-04
   4.0000000e+02   0.0000000e+00   1.8067387e-04
   4.0100000e+02   0.0000000e+00   1.7989316e-04
   4.0200000e+02   1.0000000e+00   1.7911582e-04
   4.0300000e+02   1.0000000e+00   1.7834184e-04
   4.0400000e+02   0.0000000e+00   1.7757120e-04
   4.0500000e+02   1.0000000e+00   1.7680389e-04
   4.0600000e+02   0.0000000e+00   1.7603990e-04
   4.0700000e+02   0.0000000e+00   1.7527921e-04
   4.0800000e+02   0.0000000e+00   1.7452180e-04
   4.0900000e+02   1.0000000e+00   1.7376767e-04
   4.1000000e+02   0.0000000e+00   1.7301680e-04
   4.1100000e+02   0.0000000e+00   1.7226917e-04
   4.1200000e+02   1.0000000e+00   1.7152477e-04
   4.1300000e+02   0.0000000e+00   1.7078359e-04
   4.1400000e+02   0.0000000e+00   1.7004561e-04
   4.1500000e+02   1.0000000e+00   1.6931083e-04
   4.1600000e+02   0.0000000e+00   1.6857921e-04
   4.1700000e+02   0.0000000e+00   1.6785076e-04
   4.1800000e+02   0.0000000e+00   1.6712545e-04
   4.1900000e+02   0.0000000e+00   1.6640328e-04
   4.2000000e+02   0.0000000e+00   1.6568423e-04
   4.2100000e+02   0.0000000e+00   1.6496829e-04
   4.2200000e+02   0.0000000e+00   1.6425544e-04
   4.2300000e+02   0.0000000e+00   1.6354567e-04
   4.2400000e+02   0.0000000e+00   1.6283897e-04
   4.2500000e+02   0.0000000e+00   1.6213532e-04
   4.2600000e+02   0.0000000e+00   1.6143471e-04
   4.2700000e+02   0.0000000e+00   1.6073713e-04
   4.2800000e+02   0.0000000e+00   1.6004257e-04
   4.2900000e+02   1.0000000e+00   1.5935100e-04
   4.3000000e+02   1.0000000e+00   1.5866243e-04
   4.3100000e+02   1.0000000e+00   1.5797683e-04
   4.3200000e+02   1.0000000e+00   1.5729419e-04
   4.3300000e+02   1.0000000e+00   1.5661450e-04
   4.3400000e+02   0.0000000e+00   1.5593775e-04
   4.3500000e+02   0.0000000e+00   1.5526392e-04
   4.3600000e+02   1.0000000e+00   1.5459301e-04
   4.3700000e+02   1.0000000e+00   1.5392499e-04
   4.3800000e+02   1.0000000e+00   1.5325986e-04
   4.3900000e+02   1.0000000e+00   1.5259760e-04
   4.4000000e+02   0.0000000e+00   1.5193821e-04
   4.4100000e+02   0.0000000e+00   1.5128167e-04
   4.4200000e+02   0.0000000e+00   1.5062796e-04
   4.4300000e+02   1.0000000e+00   1.4997708e-04
   4.4400000e+02   0.0000000e+00   1.4932901e-04
   4.4500000e+02   0.0000000e+00   1.4868374e-04
   4.4600000e+02   1.0000000e+00   1.4804125e-04
   4.4700000e+02   0.0000000e+00   1.4740155e-04
   4.4800000e+02   0.0000000e+00   1.4676461e-04
   4.4900000e+02   0.0000000e+00   1.4613042e-04
   4.5000000e+02   0.0000000e+00   1.4549897e-04
   4.5100000e+02   0.0000000e+00   1.4487025e-04
   4.5200000e+02   1.0000000e+00   1.4424425e-04
   4.5300000e+02   1.0000000e+00   1.4362095e-04
   4.5400000e+02   0.0000000e+00   1.4300034e-04
   4.5500000e+02   0.0000000e+00   1.4238242e-04
   4.5600000e+02   1.0000000e+00   1.4176717e-04
   4.5700000e+02   1.0000000e+00   1.4115457e-04
   4.5800000e+02   0.0000000e+00   1.4054463e-04
   4.5900000e+02   0.0000000e+00   1.3993732e-04
   4.6000000e+02   1.0000000e+00   1.3933263e-04
   4.6100000e+02   0.0000000e+00   1.3873055e-04
   4.6200000e+02   0.0000000e+00   1.3813108e-04
   4.6300000e+02   0.0000000e+00   1.3753420e-04
   4.6400000e+02   0.0000000e+00   1.3693990e-04
   4.6500000e+02   0.0000000e+00   1.3634816e-04
   4.6600000e+02   0.0000000e+00   1.3575898e-04
   4.6700000e+02   2.0000000e+00   1.3517235e-04
   4.6800000e+02   0.0000000e+00   1.3458825e-04
   4.6900000e+02   1.0000000e+00   1.3400668e-04
   4.7000000e+02   0.0000000e+00   1.3342762e-04
   4.7100000e+02   0.0000000e+00   1.3285106e-04
   4.7200000e+02   1.0000000e+00   1.3227700e-04
   4.7300000e+02   0.0000000e+00   1.3170541e-04
   4.7400000e+02   0.0000000e+00   1.3113629e-04
   4.7500000e+02   0.0000000e+00   1.3056964e-04
   4.7600000e+02   0.0000000e+00   1.3000543e-04
   4.7700000e+02   0.0000000e+00   1.2944366e-04
   4.7800000e+02   0.0000000e+00   1.2888432e-04
   4.7900000e+02   0.0000000e+00   1.2832739e-04
   4.8000000e+02   0.0000000e+00   1.2777287e-04
   4.8100000e+02   0.0000000e+00   1.2722075e-04
   4.8200000e+02   1.0000000e+00   1.2667101e-04
   4.8300000e+02   0.0000000e+00   1.2612365e-04
   4.8400000e+02   1.0000000e+00   1.2557865e-04
   4.8500000e+02   0.0000000e+00   1.2503601e-04
   4.8600000e+02   0.0000000e+00   1.2449571e-04
   4.8700000e+02   0.0000000e+00   1.2395775e-04
   4.8800000e+02   1.0000000e+00   1.2342212e-04
   4.8900000e+02   0.0000000e+00   1.2288879e-04
   4.9000000e+02   0.0000000e+00   1.2235777e-04
   4.9100000e+02   1.0000000e+00   1.2182905e-04
   4.9200000e+02   1.0000000e+00   1.2130261e-04
   4.9300000e+02   1.0000000e+00   1.2077845e-04
   4.9400000e+02   0.0000000e+00   1.2025655e-04
   4.9500000e+02   0.0000000e+00   1.1973690e-04
   4.9600000e+02   0.0000000e+00   1.1921951e-04
   4.9700000e+02   0.0000000e+00   1.1870434e-04
   4.9800000e+02   1.0000000e+00   1.1819141e-04
   4.9900000e+02   1.0000000e+00   1.1768069e-04
   5.0000000e+02   0.0000000e+00   1.1717217e-04
   5.0100000e+02   0.0000000e+00   1.1666586e-04
   5.0200000e+02   0.0000000e+00   1.1616173e-04
   5.0300000e+02   0.0000000e+00   1.1565978e-04
   5.0400000e+02   0.0000000e+00   1.1516000e-04
   5.0500000e+02   0.0000000e+00   1.1466238e-04
   5.0600000e+02   0.0000000e+00   1.1416690e-04
   5.0700000e+02   0.0000000e+00   1.1367358e-04
   5.0800000e+02   0.0000000e+00   1.1318238e-04
   5.0900000e+02   0.0000000e+00   1.1269330e-04
   5.1000000e+02   0.0000000e+00   1.1220634e-04
   5.1100000e+02   0.0000000e+00   1.1172148e-04
   5.1200000e+02   1.0000000e+00   1.1123872e-04
   5.1300000e+02   0.0000000e+00   1.1075804e-04
   5.1400000e+02   0.0000000e+00   1.1027944e-04
   5.1500000e+02   0.0000000e+00   1.0980291e-04
   5.1600000e+02   0.0000000e+00   1.0932844e-04
   5.1700000e+02   1.0000000e+00   1.0885601e-04
   5.1800000e+02   0.0000000e+00   1.0838563e-04
   5.1900000e+02   0.0000000e+00   1.0791729e-04
   5.2000000e+02   0.0000000e+00   1.0745096e-04
   5.2100000e+02   0.0000000e+00   1.0698665e-04
   5.2200000e+02   0.0000000e+00   1.0652435e-04
   5.2300000e+02   1.0000000e+00   1.0606404e-04
   5.2400000e+02   0.0000000e+00   1.0560573e-04
   5.2500000e+02   0.0000000e+00   1.0514939e-04
   5.2600000e+02   0.0000000e+00   1.0469503e-04
   5.2700000e+02   0.0000000e+00   1.0424263e-04
   5.2800000e+02   0.0000000e+00   1.0379218e-04
   5.2900000e+02   0.0000000e+00   1.0334368e-04
   5.3000000e+02   1.0000000e+00   1.0289712e-04
   5.3100000e+02   0.0000000e+00   1.0245249e-04
   5.3200000e+02   0.0000000e+00   1.0200978e-04
   5.3300000e+02   0.0000000e+00   1.0156898e-04
   5.3400000e+02   0.0000000e+00   1.0113009e-04
   5.3500000e+02   0.0000000e+00   1.0069309e-04
   5.3600000e+02   0.0000000e+00   1.0025798e-04
   5.3700000e+02   0.0000000e+00   9.9824756e-05
   5.3800000e+02   0.0000000e+00   9.9393400e-05
   5.3900000e+02   0.0000000e+00   9.8963908e-05
   5.4000000e+02   0.0000000e+00   9.8536272e-05
   5.4100000e+02   0.0000000e+00   9.8110484e-05
   5.4200000e+02   0.0000000e+00   9.7686536e-05
   5.4300000e+02   0.0000000e+00   9.7264420e-05
   5.4400000e+02   1.0000000e+00   9.6844128e-05
   5.4500000e+02   0.0000000e+00   9.6425652e-05
   5.4600000e+02   0.0000000e+00   9.6008985e-05
   5.4700000e+02   0.0000000e+00   9.5594117e-05
   5.4800000e+02   0.0000000e+00   9.5181043e-05
   5.4900000e+02   0.0000000e+00   9.4769753e-05
   5.5000000e+02   1.0000000e+00   9.4360241e-05
   5.5100000e+02   0.0000000e+00   9.3952498e-05
   5.5200000e+02   0.0000000e+00   9.3546517e-05
   5.5300000e+02   0.0000000e+00   9.3142291e-05
   5.5400000e+02   0.0000000e+00   9.2739811e-05
   5.5500000e+02   0.0000000e+00   9.2339070e-05
   5.5600000e+02   0.0000000e+00   9.1940061e-05
   5.5700000e+02   2.0000000e+00   9.1542776e-05
   5.5800000e+02   1.0000000e+00   9.1147208e-05
   5.5900000e+02   0.0000000e+00   9.0753349e-05
   5.6000000e+02   0.0000000e+00   9.0361192e-05
   5.6100000e+02   0.0000000e+00   8.9970730e-05
   5.6200000e+02   0.0000000e+00   8.9581955e-05
   5.6300000e+02   1.0000000e+00   8.9194860e-05
   5.6400000e+02   0.0000000e+00   8.8809437e-05
   5.6500000e+02   0.0000000e+00   8.8425680e-05
   5.6600000e+02   0.0000000e+00   8.8043581e-05
   5.6700000e+02   0.0000000e+00   8.7663134e-05
   5.6800000e+02   0.0000000e+00   8.7284330e-05
   5.6900000e+02   0.0000000e+00   8.6907163e-05
   5.7000000e+02   0.0000000e+00   8.6531626e-05
   5.7100000e+02   0.0000000e+00   8.6157712e-05
   5.7200000e+02   0.0000000e+00   8.5785413e-05
   5.7300000e+02   0.0000000e+00   8.5414723e-05
   5.7400000e+02   0.0000000e+00   8.5045635e-05
   5.7500000e+02   1.0000000e+00   8.4678142e-05
   5.7600000e+02   0.0000000e+00   8.4312237e-05
   5.7700000e+02   0.0000000e+00   8.3947913e-05
   5.7800000e+02   0.0000000e+00   8.3585163e-05
   5.7900000e+02   0.0000000e+00   8.3223981e-05
   5.8000000e+02   0.0000000e+00   8.2864359e-05
   5.8100000e+02   0.0000000e+00   8.2506292e-05
   5.8200000e+02   0.0000000e+00   8.2149772e-05
   5.8300000e+02   0.0000000e+00   8.1794792e-05
   5.8400000e+02   0.0000000e+00   8.1441346e-05
   5.8500000e+02   0.0000000e+00   8.1089427e-05
   5.8600000e+02   0.0000000e+00   8.0739030e-05
   5.8700000e+02   1.0000000e+00   8.0390146e-05
   5.8800000e+02   0.0000000e+00   8.0042770e-05
   5.8900000e+02   0.0000000e+00   7.9696894e-05
   5.9000000e+02   0.0000000e+00   7.9352514e-05
   5.9100000e+02   0.0000000e+00   7.9009621e-05
   5.9200000e+02   0.0000000e+00   7.8668211e-05
   5.9300000e+02   0.0000000e+00   7.8328275e-05
   5.9400000e+02   0.0000000e+00   7.7989809e-05
   5.9500000e+02   0.0000000e+00   7.7652805e-05
   5.9600000e+02   0.0000000e+00   7.7317257e-05
   5.9700000e+02   0.0000000e+00   7.6983159e-05
   5.9800000e+02   0.0000000e+00   7.6650505e-05
   5.9900000e+02   0.0000000e+00   7.6319288e-05
   6.0000000e+02   0.0000000e+00   7.5989503e-05
   6.0100000e+02   0.0000000e+00   7.5661142e-05
   6.0200000e+02   0.0000000e+00   7.5334201e-05
   6.0300000e+02   0.0000000e+00   7.5008672e-05
   6.0400000e+02   0.0000000e+00   7.4684550e-05
   6.0500000e+02   0.0000000e+00   7.4361828e-05
   6.0600000e+02   0.0000000e+00   7.4040501e-05
   6.0700000e+02   1.0000000e+00   7.3720563e-05
   6.0800000e+02   0.0000000e+00   7.3402006e-05
   6.0900000e+02   0.0000000e+00   7.3084827e-05
   6.1000000e+02   0.0000000e+00   7.2769018e-05
   6.1100000e+02   0.0000000e+00   7.2454574e-05
   6.1200000e+02   0.0000000e+00   7.2141488e-05
   6.1300000e+02   0.0000000e+00   7.1829755e-05
   6.1400000e+02   1.0000000e+00   7.1519370e-05
   6.1500000e+02   0.0000000e+00   7.1210325e-05
   6.1600000e+02   0.0000000e+00   7.0902616e-05
   6.1700000e+02   1.0000000e+00   7.0596237e-05
   6.1800000e+02   0.0000000e+00   7.0291182e-05
   6.1900000e+02   0.0000000e+00   6.9987444e-05
   6.2000000e+02   0.0000000e+00   6.9685020e-05
   6.2100000e+02   0.0000000e+00   6.9383902e-05
   6.2200000e+02   0.0000000e+00   6.9084085e-05
   6.2300000e+02   1.0000000e+00   6.8785564e-05
   6.2400000e+02   0.0000000e+00   6.8488332e-05
   6.2500000e+02   0.0000000e+00   6.8192385e-05
   6.2600000e+02   0.0000000e+00   6.7897717e-05
   6.2700000e+02   0.0000000e+00   6.7604322e-05
   6.2800000e+02   0.0000000e+00   6.7312195e-05
   6.2900000e+02   0.0000000e+00   6.7021331e-05
   6.3000000e+02   0.0000000e+00   6.6731723e-05
   6.3100000e+02   0.0000000e+00   6.6443367e-05
   6.3200000e+02   0.0000000e+00   6.6156256e-05
   6.3300000e+02   1.0000000e+00   6.5870387e-05
   6.3400000e+02   0.0000000e+00   6.5585752e-05
   6.3500000e+02   0.0000000e+00   6.5302348e-05
   6.3600000e+02   0.0000000e+00   6.5020168e-05
   6.3700000e+02   0.0000000e+00   6.4739207e-05
   6.3800000e+02   0.0000000e+00   6.4459461e-05
   6.3900000e+02   0.0000000e+00   6.4180923e-05
   6.4000000e+02   0.0000000e+00   6.3903589e-05
   6.4100000e+02   0.0000000e+00   6.3627453e-05
   6.4200000e+02   0.0000000e+00   6.3352511e-05
   6.4300000e+02   0.0000000e+00   6.3078757e-05
   6.4400000e+02   0.0000000e+00   6.2806185e-05
   6.4500000e+02   0.0000000e+00   6.2534792e-05
   6.4600000e+02   0.0000000e+00   6.2264571e-05
   6.4700000e+02   0.0000000e+00   6.1995517e-05
   6.4800000e+02   0.0000000e+00   6.1727627e-05
   6.4900000e+02   0.0000000e+00   6.1460894e-05
   6.5000000e+02   0.0000000e+00   6.1195313e-05
   6.5100000e+02   0.0000000e+00   6.0930880e-05
   6.5200000e+02   0.0000000e+00   6.0667590e-05
   6.5300000e+02   0.0000000e+00   6.0405438e-05
   6.5400000e+02   0.0000000e+00   6.0144418e-05
   6.5500000e+02   0.0000000e+00   5.9884526e-05
   6.5600000e+02   0.0000000e+00   5.9625758e-05
   6.5700000e+02   0.0000000e+00   5.9368107e-05
   6.5800000e+02   0.0000000e+00   5.9111570e-05
   6.5900000e+02   0.0000000e+00   5.8856141e-05
   6.6000000e+02   0.0000000e+00   5.8601816e-05
   6.6100000e+02   0.0000000e+00   5.8348590e-05
   6.6200000e+02   0.0000000e+00   5.8096458e-05
   6.6300000e+02   0.0000000e+00   5.7845416e-05
   6.6400000e+02   0.0000000e+00   5.7595458e-05
   6.6500000e+02   0.0000000e+00   5.7346581e-05
   6.6600000e+02   0.0000000e+00   5.7098779e-05
   6.6700000e+02   0.0000000e+00   5.6852048e-05
   6.6800000e+02   0.0000000e+00   5.6606383e-05
   6.6900000e+02   0.0000000e+00   5.6361779e-05
   6.7000000e+02   0.0000000e+00   5.6118233e-05
   6.7100000e+02   0.0000000e+00   5.5875739e-05
   6.7200000e+02   1.0000000e+00   5.5634292e-05
   6.7300000e+02   0.0000000e+00   5.5393890e-05
   6.7400000e+02   0.0000000e+00   5.5154525e-05
   6.7500000e+02   1.0000000e+00   5.4916196e-05
   6.7600000e+02   0.0000000e+00   5.4678896e-05
   6.7700000e+02   0.0000000e+00   5.4442621e-05
   6.7800000e+02   0.0000000e+00   5.4207367e-05
   6.7900000e+02   0.0000000e+00   5.3973130e-05
   6.8000000e+02   1.0000000e+00   5.3739906e-05
   6.8100000e+02   0.0000000e+00   5.3507689e-05
   6.8200000e+02   0.0000000e+00   5.3276475e-05
   6.8300000e+02   0.0000000e+00   5.3046260e-05
   6.8400000e+02   0.0000000e+00   5.2817041e-05
   6.8500000e+02   0.0000000e+00   5.2588811e-05
   6.8600000e+02   0.0000000e+00   5.2361568e-05
   6.8700000e+02   0.0000000e+00   5.2135307e-05
   6.8800000e+02   1.0000000e+00   5.1910024e-05
   6.8900000e+02   0.0000000e+00   5.1685714e-05
   6.9000000e+02   0.0000000e+00   5.1462373e-05
   6.9100000e+02   0.0000000e+00   5.1239998e-05
   6.9200000e+02   0.0000000e+00   5.1018583e-05
   6.9300000e+02   0.0000000e+00   5.0798125e-05
   6.9400000e+02   1.0000000e+00   5.0578620e-05
   6.9500000e+02   0.0000000e+00   5.0360063e-05
   6.9600000e+02   0.0000000e+00   5.0142451e-05
   6.9700000e+02   0.0000000e+00   4.9925779e-05
   6.9800000e+02   0.0000000e+00   4.9710043e-05
   6.9900000e+02   0.0000000e+00   4.9495240e-05
   7.0000000e+02   0.0000000e+00   4.9281364e-05
   7.0100000e+02   1.0000000e+00   4.9068413e-05
   7.0200000e+02   1.0000000e+00   4.8856382e-05
   7.0300000e+02   1.0000000e+00   4.8645268e-05
   7.0400000e+02   0.0000000e+00   4.8435065e-05
   7.0500000e+02   0.0000000e+00   4.8225771e-05
   7.0600000e+02   0.0000000e+00   4.8017381e-05
   7.0700000e+02   0.0000000e+00   4.7809892e-05
   7.0800000e+02   0.0000000e+00   4.7603299e-05
   7.0900000e+02   0.0000000e+00   4.7397599e-05
   7.1000000e+02   0.0000000e+00   4.7192788e-05
   7.1100000e+02   0.0000000e+00   4.6988862e-05
   7.1200000e+02   0.0000000e+00   4.6785817e-05
   7.1300000e+02   1.0000000e+00   4.6583649e-05
   7.1400000e+02   0.0000000e+00   4.6382356e-05
   7.1500000e+02   0.0000000e+00   4.6181931e-05
   7.1600000e+02   0.0000000e+00   4.5982373e-05
   7.1700000e+02   1.0000000e+00   4.5783678e-05
   7.1800000e+02   1.0000000e+00   4.5585840e-05
   7.1900000e+02   0.0000000e+00   4.5388858e-05
   7.2000000e+02   1.0000000e+00   4.5192727e-05
   7.2100000e+02   0.0000000e+00   4.4997443e-05
   7.2200000e+02   0.0000000e+00   4.4803004e-05
   7.2300000e+02   0.0000000e+00   4.4609404e-05
   7.2400000e+02   0.0000000e+00   4.4416641e-05
   7.2500000e+02   0.0000000e+00   4.4224711e-05
   7.2600000e+02   0.0000000e+00   4.4033610e-05
   7.2700000e+02   0.0000000e+00   4.3843335e-05
   7.2800000e+02   0.0000000e+00   4.3653883e-05
   7.2900000e+02   0.0000000e+00   4.3465249e-05
   7.3000000e+02   0.0000000e+00   4.3277430e-05
   7.3100000e+02   0.0000000e+00   4.3090422e-05
   7.3200000e+02   0.0000000e+00   4.2904223e-05
   7.3300000e+02   0.0000000e+00   4.2718828e-05
   7.3400000e+02   0.0000000e+00   4.2534235e-05
   7.3500000e+02   0.0000000e+00   4.2350439e-05
   7.3600000e+02   0.0000000e+00   4.2167437e-05
   7.3700000e+02   0.0000000e+00   4.1985226e-05
   7.3800000e+02   0.0000000e+00   4.1803803e-05
   7.3900000e+02   0.0000000e+00   4.1623163e-05
   7.4000000e+02   0.0000000e+00   4.1443304e-05
   7.4100000e+02   1.0000000e+00   4.1264222e-05
   7.4200000e+02   0.0000000e+00   4.1085914e-05
   7.4300000e+02   0.0000000e+00   4.0908377e-05
   7.4400000e+02   0.0000000e+00   4.0731606e-05
   7.4500000e+02   0.0000000e+00   4.0555600e-05
   7.4600000e+02   1.0000000e+00   4.0380354e-05
   7.4700000e+02   0.0000000e+00   4.0205865e-05
   7.4800000e+02   0.0000000e+00   4.0032130e-05
   7.4900000e+02   0.0000000e+00   3.9859146e-05
   7.5000000e+02   0.0000000e+00   3.9686910e-05
   7.5100000e+02   0.0000000e+00   3.9515418e-05
   7.5200000e+02   0.0000000e+00   3.9344666e-05
   7.5300000e+02   0.0000000e+00   3.9174653e-05
   7.5400000e+02   1.0000000e+00   3.9005374e-05
   7.5500000e+02   0.0000000e+00   3.8836827e-05
   7.5600000e+02   0.0000000e+00   3.8669008e-05
   7.5700000e+02   0.0000000e+00   3.8501914e-05
   7.5800000e+02   1.0000000e+00   3.8335543e-05
   7.5900000e+02   0.0000000e+00   3.8169890e-05
   7.6000000e+02   0.0000000e+00   3.8004953e-05
   7.6100000e+02   0.0000000e+00   3.7840728e-05
   7.6200000e+02   0.0000000e+00   3.7677214e-05
   7.6300000e+02   0.0000000e+00   3.7514406e-05
   7.6400000e+02   0.0000000e+00   3.7352301e-05
   7.6500000e+02   0.0000000e+00   3.7190897e-05
   7.6600000e+02   0.0000000e+00   3.7030190e-05
   7.6700000e+02   0.0000000e+00   3.6870178e-05
   7.6800000e+02   0.0000000e+00   3.6710857e-05
   7.6900000e+02   0.0000000e+00   3.6552225e-05
   7.7000000e+02   0.0000000e+00   3.6394278e-05
   7.7100000e+02   0.0000000e+00   3.6237014e-05
   7.7200000e+02   0.0000000e+00   3.6080429e-05
   7.7300000e+02   0.0000000e+00   3.5924521e-05
   7.7400000e+02   1.0000000e+00   3.5769286e-05
   7.7500000e+02   0.0000000e+00   3.5614722e-05
   7.7600000e+02   0.0000000e+00   3.5460827e-05
   7.7700000e+02   0.0000000e+00   3.5307596e-05
   7.7800000e+02   0.0000000e+00   3.5155027e-05
   7.7900000e+02   0.0000000e+00   3.5003118e-05
   7.8000000e+02   0.0000000e+00   3.4851865e-05
   7.8100000e+02   0.0000000e+00   3.4701265e-05
   7.8200000e+02   0.0000000e+00   3.4551317e-05
   7.8300000e+02   0.0000000e+00   3.4402016e-05
   7.8400000e+02   0.0000000e+00   3.4253361e-05
   7.8500000e+02   0.0000000e+00   3.4105347e-05
   7.8600000e+02   0.0000000e+00   3.3957974e-05
   7.8700000e+02   0.0000000e+00   3.3811237e-05
   7.8800000e+02   0.0000000e+00   3.3665134e-05
   7.8900000e+02   0.0000000e+00   3.3519663e-05
   7.9000000e+02   0.0000000e+00   3.3374820e-05
   7.9100000e+02   0.0000000e+00   3.3230603e-05
   7.9200000e+02   0.0000000e+00   3.3087009e-05
   7.9300000e+02   0.0000000e+00   3.2944036e-05
   7.9400000e+02   0.0000000e+00   3.2801681e-05
   7.9500000e+02   0.0000000e+00   3.2659940e-05
   7.9600000e+02   0.0000000e+00   3.2518813e-05
   7.9700000e+02   0.0000000e+00   3.2378295e-05
   7.9800000e+02   0.0000000e+00   3.2238384e-05
   7.9900000e+02   0.0000000e+00   3.2099078e-05
   8.0000000e+02   0.0000000e+00   3.1960373e-05
   8.0100000e+02   0.0000000e+00   3.1822269e-05
   8.0200000e+02   0.0000000e+00   3.1684760e-05
   8.0300000e+02   0.0000000e+00   3.1547846e-05
   8.0400000e+02   0.0000000e+00   3.1411524e-05
   8.0500000e+02   0.0000000e+00   3.1275791e-05
   8.0600000e+02   0.0000000e+00   3.1140644e-05
   8.0700000e+02   0.0000000e+00   3.1006081e-05
   8.0800000e+02   0.0000000e+00   3.0872100e-05
   8.0900000e+02   0.0000000e+00   3.0738698e-05
   8.1000000e+02   0.0000000e+00   3.0605872e-05
   8.1100000e+02   0.0000000e+00   3.0473620e-05
   8.1200000e+02   0.0000000e+00   3.0341940e-05
   8.1300000e+02   0.0000000e+00   3.0210828e-05
   8.1400000e+02   0.0000000e+00   3.0080283e-05
   8.1500000e+02   0.0000000e+00   2.9950302e-05
   8.1600000e+02   0.0000000e+00   2.9820883e-05
   8.1700000e+02   0.0000000e+00   2.9692023e-05
   8.1800000e+02   0.0000000e+00   2.9563720e-05
   8.1900000e+02   0.0000000e+00   2.9435972e-05
   8.2000000e+02   0.0000000e+00   2.9308775e-05
   8.2100000e+02   0.0000000e+00   2.9182128e-05
   8.2200000e+02   0.0000000e+00   2.9056028e-05
   8.2300000e+02   0.0000000e+00   2.8930474e-05
   8.2400000e+02   0.0000000e+00   2.8805461e-05
   8.2500000e+02   0.0000000e+00   2.8680989e-05
   8.2600000e+02   1.0000000e+00   2.8557055e-05
   8.2700000e+02   0.0000000e+00   2.8433656e-05
   8.2800000e+02   0.0000000e+00   2.8310791e-05
   8.2900000e+02   0.0000000e+00   2.8188456e-05
   8.3000000e+02   0.0000000e+00   2.8066650e-05
   8.3100000e+02   0.0000000e+00   2.7945371e-05
   8.3200000e+02   0.0000000e+00   2.7824615e-05
   8.3300000e+02   0.0000000e+00   2.7704381e-05
   8.3400000e+02   0.0000000e+00   2.7584667e-05
   8.3500000e+02   0.0000000e+00   2.7465470e-05
   8.3600000e+02   0.0000000e+00   2.7346788e-05
   8.3700000e+02   0.0000000e+00   2.7228619e-05
   8.3800000e+02   0.0000000e+00   2.7110961e-05
   8.3900000e+02   0.0000000e+00   2.6993811e-05
   8.4000000e+02   0.0000000e+00   2.6877167e-05
   8.4100000e+02   1.0000000e+00   2.6761028e-05
   8.4200000e+02   0.0000000e+00   2.6645390e-05
   8.4300000e+02   0.0000000e+00   2.6530252e-05
   8.4400000e+02   0.0000000e+00   2.6415611e-05
   8.4500000e+02   0.0000000e+00   2.6301466e-05
   8.4600000e+02   0.0000000e+00   2.6187814e-05
   8.4700000e+02   0.0000000e+00   2.6074653e-05
   8.4800000e+02   0.0000000e+00   2.5961981e-05
   8.4900000e+02   0.0000000e+00   2.5849796e-05
   8.5000000e+02   0.0000000e+00   2.5738095e-05
   8.5100000e+02   0.0000000e+00   2.5626878e-05
   8.5200000e+02   0.0000000e+00   2.5516141e-05
   8.5300000e+02   0.0000000e+00   2.5405882e-05
   8.5400000e+02   0.0000000e+00   2.5296100e-05
   8.5500000e+02   0.0000000e+00   2.5186792e-05
   8.5600000e+02   0.0000000e+00   2.5077957e-05
   8.5700000e+02   0.0000000e+00   2.4969592e-05
   8.5800000e+02   0.0000000e+00   2.4861695e-05
   8.5900000e+02   1.0000000e+00   2.4754264e-05
   8.6000000e+02   0.0000000e+00   2.4647298e-05
   8.6100000e+02   0.0000000e+00   2.4540794e-05
   8.6200000e+02   0.0000000e+00   2.4434750e-05
   8.6300000e+02   0.0000000e+00   2.4329164e-05
   8.6400000e+02   0.0000000e+00   2.4224035e-05
   8.6500000e+02   0.0000000e+00   2.4119360e-05
   8.6600000e+02   0.0000000e+00   2.4015137e-05
   8.6700000e+02   0.0000000e+00   2.3911364e-05
   8.6800000e+02   0.0000000e+00   2.3808040e-05
   8.6900000e+02   0.0000000e+00   2.3705163e-05
   8.7000000e+02   0.0000000e+00   2.3602730e-05
   8.7100000e+02   1.0000000e+00   2.3500739e-05
   8.7200000e+02   0.0000000e+00   2.3399189e-05
   8.7300000e+02   0.0000000e+00   2.3298078e-05
   8.7400000e+02   0.0000000e+00   2.3197404e-05
   8.7500000e+02   0.0000000e+00   2.3097165e-05
   8.7600000e+02   0.0000000e+00   2.2997360e-05
   8.7700000e+02   0.0000000e+00   2.2897985e-05
   8.7800000e+02   0.0000000e+00   2.2799040e-05
   8.7900000e+02   0.0000000e+00   2.2700522e-05
   8.8000000e+02   0.0000000e+00   2.2602430e-05
   8.8100000e+02   0.0000000e+00   2.2504762e-05
   8.8200000e+02   0.0000000e+00   2.2407516e-05
   8.8300000e+02   0.0000000e+00   2.2310691e-05
   8.8400000e+02   0.0000000e+00   2.2214283e-05
   8.8500000e+02   0.0000000e+00   2.2118293e-05
   8.8600000e+02   0.0000000e+00   2.2022717e-05
   8.8700000e+02   0.0000000e+00   2.1927554e-05
   8.8800000e+02   0.0000000e+00   2.1832802e-05
   8.8900000e+02   0.0000000e+00   2.1738459e-05
   8.9000000e+02   0.0000000e+00   2.1644525e-05
   8.9100000e+02   0.0000000e+00   2.1550996e-05
   8.9200000e+02   0.0000000e+00   2.1457871e-05
   8.9300000e+02   0.0000000e+00   2.1365149e-05
   8.9400000e+02   0.0000000e+00   2.1272828e-05
   8.9500000e+02   0.0000000e+00   2.1180905e-05
   8.9600000e+02   1.0000000e+00   2.1089379e-05
   8.9700000e+02   0.0000000e+00   2.0998250e-05
   8.9800000e+02   0.0000000e+00   2.0907513e-05
   8.9900000e+02   0.0000000e+00   2.0817169e-05
   9.0000000e+02   0.0000000e+00   2.0727216e-05
   9.0100000e+02   0.0000000e+00   2.0637651e-05
   9.0200000e+02   0.0000000e+00   2.0548473e-05
   9.0300000e+02   0.0000000e+00   2.0459680e-05
   9.0400000e+02   0.0000000e+00   2.0371271e-05
   9.0500000e+02   0.0000000e+00   2.0283244e-05
   9.0600000e+02   0.0000000e+00   2.0195598e-05
   9.0700000e+02   0.0000000e+00   2.0108330e-05
   9.0800000e+02   0.0000000e+00   2.0021439e-05
   9.0900000e+02   0.0000000e+00   1.9934924e-05
   9.1000000e+02   0.0000000e+00   1.9848783e-05
   9.1100000e+02   0.0000000e+00   1.9763014e-05
   9.1200000e+02   0.0000000e+00   1.9677615e-05
   9.1300000e+02   0.0000000e+00   1.9592586e-05
   9.1400000e+02   1.0000000e+00   1.9507923e-05
   9.1500000e+02   0.0000000e+00   1.9423627e-05
   9.1600000e+02   0.0000000e+00   1.9339695e-05
   9.1700000e+02   0.0000000e+00   1.9256126e-05
   9.1800000e+02   0.0000000e+00   1.9172918e-05
   9.1900000e+02   0.0000000e+00   1.9090069e-05
   9.2000000e+02   0.0000000e+00   1.9007578e-05
   9.2100000e+02   0.0000000e+00   1.8925444e-05
   9.2200000e+02   0.0000000e+00   1.8843665e-05
   9.2300000e+02   0.0000000e+00   1.8762239e-05
   9.2400000e+02   0.0000000e+00   1.8681165e-05
   9.2500000e+02   0.0000000e+00   1.8600441e-05
   9.2600000e+02   0.0000000e+00   1.8520066e-05
   9.2700000e+02   0.0000000e+00   1.8440039e-05
   9.2800000e+02   0.0000000e+00   1.8360357e-05
   9.2900000e+02   1.0000000e+00   1.8281019e-05
   9.3000000e+02   0.0000000e+00   1.8202025e-05
   9.3100000e+02   0.0000000e+00   1.8123372e-05
   9.3200000e+02   0.0000000e+00   1.8045058e-05
   9.3300000e+02   0.0000000e+00   1.7967083e-05
   9.3400000e+02   0.0000000e+00   1.7889445e-05
   9.3500000e+02   0.0000000e+00   1.7812142e-05
   9.3600000e+02   0.0000000e+00   1.7735174e-05
   9.3700000e+02   0.0000000e+00   1.7658538e-05
   9.3800000e+02   0.0000000e+00   1.7582233e-05
   9.3900000e+02   0.0000000e+00   1.7506258e-05
   9.4000000e+02   0.0000000e+00   1.7430611e-05
   9.4100000e+02   0.0000000e+00   1.7355291e-05
   9.4200000e+02   0.0000000e+00   1.7280297e-05
   9.4300000e+02   1.0000000e+00   1.7205626e-05
   9.4400000e+02   0.0000000e+00   1.7131279e-05
   9.4500000e+02   0.0000000e+00   1.7057252e-05
   9.4600000e+02   0.0000000e+00   1.6983546e-05
   9.4700000e+02   0.0000000e+00   1.6910158e-05
   9.4800000e+02   0.0000000e+00   1.6837087e-05
   9.4900000e+02   0.0000000e+00   1.6764331e-05
   9.5000000e+02   0.0000000e+00   1.6691890e-05
   9.5100000e+02   0.0000000e+00   1.6619763e-05
   9.5200000e+02   0.0000000e+00   1.6547947e-05
   9.5300000e+02   0.0000000e+00   1.6476441e-05
   9.5400000e+02   0.0000000e+00   1.6405244e-05
   9.5500000e+02   0.0000000e+00   1.6334355e-05
   9.5600000e+02   0.0000000e+00   1.6263772e-05
   9.5700000e+02   0.0000000e+00   1.6193494e-05
   9.5800000e+02   0.0000000e+00   1.6123520e-05
   9.5900000e+02   0.0000000e+00   1.6053848e-05
   9.6000000e+02   0.0000000e+00   1.5984477e-05
   9.6100000e+02   0.0000000e+00   1.5915406e-05
   9.6200000e+02   0.0000000e+00   1.5846634e-05
   9.6300000e+02   0.0000000e+00   1.5778158e-05
   9.6400000e+02   0.0000000e+00   1.5709979e-05
   9.6500000e+02   0.0000000e+00   1.5642094e-05
   9.6600000e+02   0.0000000e+00   1.5574503e-05
   9.6700000e+02   0.0000000e+00   1.5507203e-05
   9.6800000e+02   0.0000000e+00   1.5440195e-05
   9.6900000e+02   0.0000000e+00   1.5373476e-05
   9.7000000e+02   0.0000000e+00   1.5307045e-05
   9.7100000e+02   0.0000000e+00   1.5240901e-05
   9.7200000e+02   0.0000000e+00   1.5175043e-05
   9.7300000e+02   0.0000000e+00   1.5109470e-05
   9.7400000e+02   0.0000000e+00   1.5044180e-05
   9.7500000e+02   0.0000000e+00   1.4979172e-05
   9.7600000e+02   0.0000000e+00   1.4914445e-05
   9.7700000e+02   0.0000000e+00   1.4849998e-05
   9.7800000e+02   0.0000000e+00   1.4785829e-05
   9.7900000e+02   0.0000000e+00   1.4721938e-05
   9.8000000e+02   0.0000000e+00   1.4658322e-05
   9.8100000e+02   0.0000000e+00   1.4594982e-05
   9.8200000e+02   0.0000000e+00   1.4531915e-05
   9.8300000e+02   0.0000000e+00   1.4469121e-05
   9.8400000e+02   0.0000000e+00   1.4406598e-05
   9.8500000e+02   0.0000000e+00   1.4344345e-05
   9.8600000e+02   1.0000000e+00   1.4282361e-05
   9.8700000e+02   0.0000000e+00   1.4220645e-05
   9.8800000e+02   0.0000000e+00   1.4159196e-05
   9.8900000e+02   0.0000000e+00   1.4098012e-05
   9.9000000e+02   0.0000000e+00   1.4037093e-05
   9.9100000e+02   0.0000000e+00   1.3976437e-05
   9.9200000e+02   0.0000000e+00   1.3916043e-05
   9.9300000e+02   0.0000000e+00   1.3855910e-05
   9.9400000e+02   0.0000000e+00   1.3796037e-05
   9.9500000e+02   1.0000000e+00   1.3736422e-05
   9.9600000e+02   0.0000000e+00   1.3677065e-05
   9.9700000e+02   0.0000000e+00   1.3617965e-05
   9.9800000e+02   0.0000000e+00   1.3559120e-05
   9.9900000e+02   1.0000000e+00   1.3500529e-05
   1.0000000e+03   0.0000000e+00   1.3442192e-05
   1.0010000e+03   0.0000000e+00   1.3384106e-05
   1.0020000e+03   0.0000000e+00   1.3326272e-05
   1.0030000e+03   0.0000000e+00   1.3268687e-05
   1.0040000e+03   0.0000000e+00   1.3211352e-05
   1.0050000e+03   0.0000000e+00   1.3154264e-05
   1.0060000e+03   0.0000000e+00   1.3097422e-05
   1.0070000e+03   0.0000000e+00   1.3040827e-05
   1.0080000e+03   0.0000000e+00   1.2984476e-05
   1.0090000e+03   0.0000000e+00   1.2928368e-05
   1.0100000e+03   0.0000000e+00   1.2872503e-05
   1.0110000e+03   0.0000000e+00   1.2816879e-05
   1.0120000e+03   0.0000000e+00   1.2761496e-05
   1.0130000e+03   0.0000000e+00   1.2706352e-05
   1.0140000e+03   0.0000000e+00   1.2651446e-05
   1.0150000e+03   0.0000000e+00   1.2596777e-05
   1.0160000e+03   0.0000000e+00   1.2542345e-05
   1.0170000e+03   0.0000000e+00   1.2488148e-05
   1.0180000e+03   0.0000000e+00   1.2434185e-05
   1.0190000e+03   0.0000000e+00   1.2380455e-05
   1.0200000e+03   0.0000000e+00   1.2326958e-05
   1.0210000e+03   0.0000000e+00   1.2273692e-05
   1.0220000e+03   0.0000000e+00   1.2220655e-05
   1.0230000e+03   0.0000000e+00   1.2167848e-05
   1.0240000e+03   0.0000000e+00   1.2115269e-05
   1.0250000e+03   0.0000000e+00   1.2062918e-05
   1.0260000e+03   0.0000000e+00   1.2010792e-05
   1.0270000e+03   0.0000000e+00   1.1958892e-05
   1.0280000e+03   0.0000000e+00   1.1907216e-05
   1.0290000e+03   0.0000000e+00   1.1855764e-05
   1.0300000e+03   0.0000000e+00   1.1804533e-05
   1.0310000e+03   0.0000000e+00   1.1753524e-05
   1.0320000e+03   0.0000000e+00   1.1702736e-05
   1.0330000e+03   0.0000000e+00   1.1652167e-05
   1.0340000e+03   0.0000000e+00   1.1601816e-05
   1.0350000e+03   0.0000000e+00   1.1551683e-05
   1.0360000e+03   0.0000000e+00   1.1501767e-05
   1.0370000e+03   0.0000000e+00   1.1452067e-05
   1.0380000e+03   0.0000000e+00   1.1402581e-05
   1.0390000e+03   0.0000000e+00   1.1353309e-05
   1.0400000e+03   0.0000000e+00   1.1304250e-05
   1.0410000e+03   0.0000000e+00   1.1255402e-05
   1.0420000e+03   0.0000000e+00   1.1206766e-05
   1.0430000e+03   0.0000000e+00   1.1158341e-05
   1.0440000e+03   0.0000000e+00   1.1110124e-05
   1.0450000e+03   0.0000000e+00   1.1062116e-05
   1.0460000e+03   0.0000000e+00   1.1014315e-05
   1.0470000e+03   0.0000000e+00   1.0966720e-05
   1.0480000e+03   0.0000000e+00   1.0919332e-05
   1.0490000e+03   0.0000000e+00   1.0872148e-05
   1.0500000e+03   0.0000000e+00   1.0825168e-05
   1.0510000e+03   0.0000000e+00   1.0778391e-05
   1.0520000e+03   0.0000000e+00   1.0731816e-05
   1.0530000e+03   0.0000000e+00   1.0685443e-05
   1.0540000e+03   0.0000000e+00   1.0639270e-05
   1.0550000e+03   0.0000000e+00   1.0593296e-05
   1.0560000e+03   0.0000000e+00   1.0547521e-05
   1.0570000e+03   0.0000000e+00   1.0501944e-05
   1.0580000e+03   0.0000000e+00   1.0456563e-05
   1.0590000e+03   0.0000000e+00   1.0411379e-05
   1.0600000e+03   0.0000000e+00   1.0366390e-05
   1.0610000e+03   0.0000000e+00   1.0321596e-05
   1.0620000e+03   0.0000000e+00   1.0276995e-05
   1.0630000e+03   0.0000000e+00   1.0232587e-05
   1.0640000e+03   0.0000000e+00   1.0188370e-05
   1.0650000e+03   0.0000000e+00   1.0144345e-05
   1.0660000e+03   0.0000000e+00   1.0100510e-05
   1.0670000e+03   0.0000000e+00   1.0056865e-05
   1.0680000e+03   0.0000000e+00   1.0013408e-05
   1.0690000e+03   0.0000000e+00   9.9701383e-06
   1.0700000e+03   0.0000000e+00   9.9270560e-06
   1.0710000e+03   0.0000000e+00   9.8841599e-06
   1.0720000e+03   0.0000000e+00   9.8414492e-06
   1.0730000e+03   0.0000000e+00   9.7989230e-06
   1.0740000e+03   0.0000000e+00   9.7565806e-06
   1.0750000e+03   0.0000000e+00   9.7144212e-06
   1.0760000e+03   0.0000000e+00   9.6724439e-06
   1.0770000e+03   0.0000000e+00   9.6306480e-06
   1.0780000e+03   0.0000000e+00   9.5890328e-06
   1.0790000e+03   0.0000000e+00   9.5475973e-06
   1.0800000e+03   0.0000000e+00   9.5063409e-06
   1.0810000e+03   0.0000000e+00   9.4652628e-06
   1.0820000e+03   0.0000000e+00   9.4243622e-06
   1.0830000e+03   0.0000000e+00   9.3836383e-06
   1.0840000e+03   0.0000000e+00   9.3430904e-06
   1.0850000e+03   0.0000000e+00   9.3027177e-06
   1.0860000e+03   0.0000000e+00   9.2625194e-06
   1.0870000e+03   0.0000000e+00   9.2224949e-06
   1.0880000e+03   0.0000000e+00   9.1826433e-06
   1.0890000e+03   0.0000000e+00   9.1429639e-06
   1.0900000e+03   0.0000000e+00   9.1034560e-06
   1.0910000e+03   0.0000000e+00   9.0641188e-06
   1.0920000e+03   0.0000000e+00   9.0249516e-06
   1.0930000e+03   0.0000000e+00   8.9859536e-06
   1.0940000e+03   0.0000000e+00   8.9471241e-06
   1.0950000e+03   0.0000000e+00   8.9084624e-06
   1.0960000e+03   0.0000000e+00   8.8699678e-06
   1.0970000e+03   0.0000000e+00   8.8316395e-06
   1.0980000e+03   0.0000000e+00   8.7934769e-06
   1.0990000e+03   0.0000000e+00   8.7554791e-06
   1.1000000e+03   0.0000000e+00   8.7176456e-06
   1.1010000e+03   0.0000000e+00   8.6799755e-06
   1.1020000e+03   0.0000000e+00   8.6424682e-06
   1.1030000e+03   0.0000000e+00   8.6051230e-06
   1.1040000e+03   0.0000000e+00   8.5679392e-06
   1.1050000e+03   0.0000000e+00   8.5309160e-06
   1.1060000e+03   0.0000000e+00   8.4940528e-06
   1.1070000e+03   0.0000000e+00   8.4573489e-06
   1.1080000e+03   0.0000000e+00   8.4208036e-06
   1.1090000e+03   0.0000000e+00   8.3844162e-06
   1.1100000e+03   0.0000000e+00   8.3481861e-06
   1.1110000e+03   0.0000000e+00   8.3121125e-06
   1.1120000e+03   1.0000000e+00   8.2761948e-06
   1.1130000e+03   0.0000000e+00   8.2404323e-06
   1.1140000e+03   0.0000000e+00   8.2048243e-06
   1.1150000e+03   0.0000000e+00   8.1693702e-06
   1.1160000e+03   0.0000000e+00   8.1340693e-06
   1.1170000e+03   0.0000000e+00   8.0989209e-06
   1.1180000e+03   0.0000000e+00   8.0639245e-06
   1.1190000e+03   0.0000000e+00   8.0290792e-06
   1.1200000e+03   0.0000000e+00   7.9943845e-06
   1.1210000e+03   0.0000000e+00   7.9598398e-06
   1.1220000e+03   0.0000000e+00   7.9254443e-06
   1.1230000e+03   0.0000000e+00   7.8911974e-06
   1.1240000e+03   0.0000000e+00   7.8570985e-06
   1.1250000e+03   0.0000000e+00   7.8231470e-06
   1.1260000e+03   0.0000000e+00   7.7893421e-06
   1.1270000e+03   0.0000000e+00   7.7556834e-06
   1.1280000e+03   0.0000000e+00   7.7221701e-06
   1.1290000e+03   0.0000000e+00   7.6888016e-06
   1.1300000e+03   0.0000000e+00   7.6555773e-06
   1.1310000e+03   0.0000000e+00   7.6224966e-06
   1.1320000e+03   0.0000000e+00   7.5895588e-06
   1.1330000e+03   0.0000000e+00   7.5567633e-06
   1.1340000e+03   0.0000000e+00   7.5241096e-06
   1.1350000e+03   0.0000000e+00   7.4915969e-06
   1.1360000e+03   0.0000000e+00   7.4592248e-06
   1.1370000e+03   0.0000000e+00   7.4269925e-06
   1.1380000e+03   0.0000000e+00   7.3948995e-06
   1.1390000e+03   0.0000000e+00   7.3629452e-06
   1.1400000e+03   0.0000000e+00   7.3311289e-06
   1.1410000e+03   0.0000000e+00   7.2994502e-06
   1.1420000e+03   0.0000000e+00   7.2679083e-06
   1.1430000e+03   0.0000000e+00   7.2365027e-06
   1.1440000e+03   0.0000000e+00   7.2052329e-06
   1.1450000e+03   0.0000000e+00   7.1740981e-06
   1.1460000e+03   0.0000000e+00   7.1430979e-06
   1.1470000e+03   0.0000000e+00   7.1122317e-06
   1.1480000e+03   0.0000000e+00   7.0814988e-06
   1.1490000e+03   0.0000000e+00   7.0508988e-06
   1.1500000e+03   0.0000000e+00   7.0204309e-06
   1.1510000e+03   0.0000000e+00   6.9900947e-06
   1.1520000e+03   0.0000000e+00   6.9598896e-06
   1.1530000e+03   0.0000000e+00   6.9298150e-06
   1.1540000e+03   0.0000000e+00   6.8998704e-06
   1.1550000e+03   0.0000000e+00   6.8700552e-06
   1.1560000e+03   0.0000000e+00   6.8403688e-06
   1.1570000e+03   0.0000000e+00   6.8108107e-06
   1.1580000e+03   0.0000000e+00   6.7813803e-06
   1.1590000e+03   0.0000000e+00   6.7520771e-06
   1.1600000e+03   0.0000000e+00   6.7229005e-06
   1.1610000e+03   0.0000000e+00   6.6938500e-06
   1.1620000e+03   0.0000000e+00   6.6649250e-06
   1.1630000e+03   0.0000000e+00   6.6361250e-06
   1.1640000e+03   0.0000000e+00   6.6074494e-06
   1.1650000e+03   0.0000000e+00   6.5788978e-06
   1.1660000e+03   0.0000000e+00   6.5504695e-06
   1.1670000e+03   0.0000000e+00   6.5221641e-06
   1.1680000e+03   0.0000000e+00   6.4939810e-06
   1.1690000e+03   0.0000000e+00   6.4659196e-06
   1.1700000e+03   0.0000000e+00   6.4379796e-06
   1.1710000e+03   0.0000000e+00   6.4101602e-06
   1.1720000e+03   0.0000000e+00   6.3824611e-06
   1.1730000e+03   0.0000000e+00   6.3548817e-06
   1.1740000e+03   0.0000000e+00   6.3274214e-06
   1.1750000e+03   0.0000000e+00   6.3000798e-06
   1.1760000e+03   0.0000000e+00   6.2728563e-06
   1.1770000e+03   0.0000000e+00   6.2457505e-06
   1.1780000e+03   0.0000000e+00   6.2187618e-06
   1.1790000e+03   0.0000000e+00   6.1918898e-06
   1.1800000e+03   0.0000000e+00   6.1651338e-06
   1.1810000e+03   0.0000000e+00   6.1384935e-06
   1.1820000e+03   0.0000000e+00   6.1119682e-06
   1.1830000e+03   0.0000000e+00   6.0855576e-06
   1.1840000e+03   0.0000000e+00   6.0592612e-06
   1.1850000e+03   0.0000000e+00   6.0330783e-06
   1.1860000e+03   0.0000000e+00   6.0070086e-06
   1.1870000e+03   0.0000000e+00   5.9810515e-06
   1.1880000e+03   0.0000000e+00   5.9552066e-06
   1.1890000e+03   0.0000000e+00   5.9294734e-06
   1.1900000e+03   0.0000000e+00   5.9038514e-06
   1.1910000e+03   0.0000000e+00   5.8783401e-06
   1.1920000e+03   0.0000000e+00   5.8529390e-06
   1.1930000e+03   0.0000000e+00   5.8276477e-06
   1.1940000e+03   0.0000000e+00   5.8024657e-06
   1.1950000e+03   0.0000000e+00   5.7773925e-06
   1.1960000e+03   0.0000000e+00   5.7524277e-06
   1.1970000e+03   0.0000000e+00   5.7275707e-06
   1.1980000e+03   0.0000000e+00   5.7028211e-06
   1.1990000e+03   0.0000000e+00   5.6781785e-06
   1.2000000e+03   0.0000000e+00   5.6536423e-06
   1.2010000e+03   0.0000000e+00   5.6292122e-06
   1.2020000e+03   0.0000000e+00   5.6048877e-06
   1.2030000e+03   0.0000000e+00   5.5806682e-06
   1.2040000e+03   0.0000000e+00   5.5565534e-06
   1.2050000e+03   0.0000000e+00   5.5325429e-06
   1.2060000e+03   0.0000000e+00   5.5086360e-06
   1.2070000e+03   1.0000000e+00   5.4848325e-06
   1.2080000e+03   0.0000000e+00   5.4611318e-06
   1.2090000e+03   0.0000000e+00   5.4375336e-06
   1.2100000e+03   0.0000000e+00   5.4140373e-06
   1.2110000e+03   0.0000000e+00   5.3906425e-06
   1.2120000e+03   0.0000000e+00   5.3673489e-06
   1.2130000e+03   0.0000000e+00   5.3441559e-06
   1.2140000e+03   0.0000000e+00   5.3210631e-06
   1.2150000e+03   0.0000000e+00   5.2980701e-06
   1.2160000e+03   0.0000000e+00   5.2751764e-06
   1.2170000e+03   1.0000000e+00   5.2523817e-06
   1.2180000e+03   0.0000000e+00   5.2296855e-06
   1.2190000e+03   0.0000000e+00   5.2070874e-06
   1.2200000e+03   0.0000000e+00   5.1845869e-06
   1.2210000e+03   0.0000000e+00   5.1621836e-06
   1.2220000e+03   0.0000000e+00   5.1398771e-06
   1.2230000e+03   0.0000000e+00   5.1176671e-06
   1.2240000e+03   0.0000000e+00   5.0955530e-06
   1.2250000e+03   0.0000000e+00   5.0735344e-06
   1.2260000e+03   0.0000000e+00   5.0516110e-06
   1.2270000e+03   0.0000000e+00   5.0297824e-06
   1.2280000e+03   0.0000000e+00   5.0080480e-06
   1.2290000e+03   0.0000000e+00   4.9864076e-06
   1.2300000e+03   0.0000000e+00   4.9648607e-06
   1.2310000e+03   0.0000000e+00   4.9434069e-06
   1.2320000e+03   0.0000000e+00   4.9220458e-06
   1.2330000e+03   0.0000000e+00   4.9007770e-06
   1.2340000e+03   0.0000000e+00   4.8796001e-06
   1.2350000e+03   0.0000000e+00   4.8585147e-06
   1.2360000e+03   0.0000000e+00   4.8375205e-06
   1.2370000e+03   0.0000000e+00   4.8166169e-06
   1.2380000e+03   0.0000000e+00   4.7958037e-06
   1.2390000e+03   0.0000000e+00   4.7750804e-06
   1.2400000e+03   0.0000000e+00   4.7544467e-06
   1.2410000e+03   0.0000000e+00   4.7339021e-06
   1.2420000e+03   0.0000000e+00   4.7134463e-06
   1.2430000e+03   0.0000000e+00   4.6930789e-06
   1.2440000e+03   0.0000000e+00   4.6727995e-06
   1.2450000e+03   0.0000000e+00   4.6526077e-06
   1.2460000e+03   0.0000000e+00   4.6325032e-06
   1.2470000e+03   0.0000000e+00   4.6124855e-06
   1.2480000e+03   0.0000000e+00   4.5925544e-06
   1.2490000e+03   0.0000000e+00   4.5727094e-06
   1.2500000e+03   0.0000000e+00   4.5529501e-06
   1.2510000e+03   0.0000000e+00   4.5332762e-06
   1.2520000e+03   0.0000000e+00   4.5136874e-06
   1.2530000e+03   0.0000000e+00   4.4941831e-06
   1.2540000e+03   0.0000000e+00   4.4747632e-06
   1.2550000e+03   0.0000000e+00   4.4554272e-06
   1.2560000e+03   0.0000000e+00   4.4361747e-06
   1.2570000e+03   0.0000000e+00   4.4170054e-06
   1.2580000e+03   0.0000000e+00   4.3979189e-06
   1.2590000e+03   0.0000000e+00   4.3789150e-06
   1.2600000e+03   0.0000000e+00   4.3599931e-06
   1.2610000e+03   0.0000000e+00   4.3411530e-06
   1.2620000e+03   0.0000000e+00   4.3223943e-06
   1.2630000e+03   0.0000000e+00   4.3037167e-06
   1.2640000e+03   0.0000000e+00   4.2851198e-06
   1.2650000e+03   0.0000000e+00   4.2666032e-06
   1.2660000e+03   0.0000000e+00   4.2481667e-06
   1.2670000e+03   0.0000000e+00   4.2298098e-06
   1.2680000e+03   0.0000000e+00   4.2115323e-06
   1.2690000e+03   0.0000000e+00   4.1933337e-06
   1.2700000e+03   0.0000000e+00   4.1752138e-06
   1.2710000e+03   0.0000000e+00   4.1571721e-06
   1.2720000e+03   0.0000000e+00   4.1392085e-06
   1.2730000e+03   0.0000000e+00   4.1213224e-06
   1.2740000e+03   0.0000000e+00   4.1035136e-06
   1.2750000e+03   0.0000000e+00   4.0857818e-06
   1.2760000e+03   0.0000000e+00   4.0681266e-06
   1.2770000e+03   0.0000000e+00   4.0505477e-06
   1.2780000e+03   0.0000000e+00   4.0330448e-06
   1.2790000e+03   0.0000000e+00   4.0156175e-06
   1.2800000e+03   0.0000000e+00   3.9982655e-06
   1.2810000e+03   0.0000000e+00   3.9809885e-06
   1.2820000e+03   0.0000000e+00   3.9637861e-06
   1.2830000e+03   0.0000000e+00   3.9466581e-06
   1.2840000e+03   0.0000000e+00   3.9296041e-06
   1.2850000e+03   0.0000000e+00   3.9126237e-06
   1.2860000e+03   0.0000000e+00   3.8957168e-06
   1.2870000e+03   0.0000000e+00   3.8788829e-06
   1.2880000e+03   0.0000000e+00   3.8621217e-06
   1.2890000e+03   0.0000000e+00   3.8454330e-06
   1.2900000e+03   0.0000000e+00   3.8288164e-06
   1.2910000e+03   0.0000000e+00   3.8122716e-06
   1.2920000e+03   0.0000000e+00   3.7957983e-06
   1.2930000e+03   0.0000000e+00   3.7793961e-06
   1.2940000e+03   0.0000000e+00   3.7630649e-06
   1.2950000e+03   0.0000000e+00   3.7468042e-06
   1.2960000e+03   0.0000000e+00   3.7306138e-06
   1.2970000e+03   0.0000000e+00   3.7144933e-06
   1.2980000e+03   0.0000000e+00   3.6984425e-06
   1.2990000e+03   0.0000000e+00   3.6824610e-06
   1.3000000e+03   0.0000000e+00   3.6665487e-06
   1.3010000e+03   0.0000000e+00   3.6507050e-06
   1.3020000e+03   0.0000000e+00   3.6349299e-06
   1.3030000e+03   0.0000000e+00   3.6192229e-06
   1.3040000e+03   0.0000000e+00   3.6035837e-06
   1.3050000e+03   0.0000000e+00   3.5880122e-06
   1.3060000e+03   0.0000000e+00   3.5725079e-06
   1.3070000e+03   0.0000000e+00   3.5570706e-06
   1.3080000e+03   0.0000000e+00   3.5417001e-06
   1.3090000e+03   0.0000000e+00   3.5263959e-06
   1.3100000e+03   0.0000000e+00   3.5111579e-06
   1.3110000e+03   0.0000000e+00   3.4959858e-06
   1.3120000e+03   0.0000000e+00   3.4808792e-06
   1.3130000e+03   0.0000000e+00   3.4658378e-06
   1.3140000e+03   0.0000000e+00   3.4508615e-06
   1.3150000e+03   0.0000000e+00   3.4359499e-06
   1.3160000e+03   0.0000000e+00   3.4211027e-06
   1.3170000e+03   0.0000000e+00   3.4063197e-06
   1.3180000e+03   0.0000000e+00   3.3916005e-06
   1.3190000e+03   0.0000000e+00   3.3769450e-06
   1.3200000e+03   0.0000000e+00   3.3623528e-06
   1.3210000e+03   0.0000000e+00   3.3478236e-06
   1.3220000e+03   0.0000000e+00   3.3333572e-06
   1.3230000e+03   0.0000000e+00   3.3189534e-06
   1.3240000e+03   0.0000000e+00   3.3046117e-06
   1.3250000e+03   0.0000000e+00   3.2903321e-06
   1.3260000e+03   0.0000000e+00   3.2761141e-06
   1.3270000e+03   0.0000000e+00   3.2619576e-06
   1.3280000e+03   0.0000000e+00   3.2478623e-06
   1.3290000e+03   0.0000000e+00   3.2338279e-06
   1.3300000e+03   0.0000000e+00   3.2198541e-06
   1.3310000e+03   0.0000000e+00   3.2059407e-06
   1.3320000e+03   0.0000000e+00   3.1920874e-06
   1.3330000e+03   0.0000000e+00   3.1782940e-06
   1.3340000e+03   0.0000000e+00   3.1645601e-06
   1.3350000e+03   0.0000000e+00   3.1508857e-06
   1.3360000e+03   0.0000000e+00   3.1372703e-06
   1.3370000e+03   0.0000000e+00   3.1237137e-06
   1.3380000e+03   0.0000000e+00   3.1102158e-06
   1.3390000e+03   0.0000000e+00   3.0967761e-06
   1.3400000e+03   0.0000000e+00   3.0833946e-06
   1.3410000e+03   0.0000000e+00   3.0700708e-06
   1.3420000e+03   0.0000000e+00   3.0568046e-06
   1.3430000e+03   0.0000000e+00   3.0435958e-06
   1.3440000e+03   0.0000000e+00   3.0304440e-06
   1.3450000e+03   0.0000000e+00   3.0173491e-06
   1.3460000e+03   0.0000000e+00   3.0043107e-06
   1.3470000e+03   0.0000000e+00   2.9913287e-06
   1.3480000e+03   0.0000000e+00   2.9784028e-06
   1.3490000e+03   0.0000000e+00   2.9655327e-06
   1.3500000e+03   0.0000000e+00   2.9527183e-06
   1.3510000e+03   0.0000000e+00   2.9399592e-06
   1.3520000e+03   0.0000000e+00   2.9272553e-06
   1.3530000e+03   0.0000000e+00   2.9146062e-06
   1.3540000e+03   0.0000000e+00   2.9020118e-06
   1.3550000e+03   0.0000000e+00   2.8894719e-06
   1.3560000e+03   0.0000000e+00   2.8769861e-06
   1.3570000e+03   0.0000000e+00   2.8645542e-06
   1.3580000e+03   0.0000000e+00   2.8521761e-06
   1.3590000e+03   0.0000000e+00   2.8398515e-06
   1.3600000e+03   0.0000000e+00   2.8275802e-06
   1.3610000e+03   0.0000000e+00   2.8153618e-06
   1.3620000e+03   1.0000000e+00   2.8031963e-06
