   1.0000000e+00   1.5000000e+01   9.0565644e-03
   2.0000000e+00   1.9000000e+01   8.9745431e-03
   3.0000000e+00   1.9000000e+01   8.8932646e-03
   4.0000000e+00   1.5000000e+01   8.8127221e-03
   5.0000000e+00   1.4000000e+01   8.7329091e-03
   6.0000000e+00   1.9000000e+01   8.6538190e-03
   7.0000000e+00   1.1000000e+01   8.5754451e-03
   8.0000000e+00   1.6000000e+01   8.4977811e-03
   9.0000000e+00   9.0000000e+00   8.4208204e-03
   1.0000000e+01   2.2000000e+01   8.3445566e-03
   1.1000000e+01   1.9000000e+01   8.2689836e-03
   1.2000000e+01   1.8000000e+01   8.1940951e-03
   1.3000000e+01   1.5000000e+01   8.1198847e-03
   1.4000000e+01   1.4000000e+01   8.0463464e-03
   1.5000000e+01   1.2000000e+01   7.9734742e-03
   1.6000000e+01   1.1000000e+01   7.9012619e-03
   1.7000000e+01   1.8000000e+01   7.8297036e-03
   1.8000000e+01   2.1000000e+01   7.7587934e-03
   1.9000000e+01   1.4000000e+01   7.6885254e-03
   2.0000000e+01   1.5000000e+01   7.6188938e-03
   2.1000000e+01   1.0000000e+01   7.5498928e-03
   2.2000000e+01   1.4000000e+01   7.4815167e-03
   2.3000000e+01   1.4000000e+01   7.4137598e-03
   2.4000000e+01   7.0000000e+00   7.3466166e-03
   2.5000000e+01   1.0000000e+01   7.2800815e-03
   2.6000000e+01   1.1000000e+01   7.2141490e-03
   2.7000000e+01   1.4000000e+01   7.1488136e-03
   2.8000000e+01   1.6000000e+01   7.0840699e-03
   2.9000000e+01   6.0000000e+00   7.0199126e-03
   3.0000000e+01   1.0000000e+01   6.9563363e-03
   3.1000000e+01   2.0000000e+01   6.8933358e-03
   3.2000000e+01   1.0000000e+01   6.8309058e-03
   3.3000000e+01   7.0000000e+00   6.7690413e-03
   3.4000000e+01   5.0000000e+00   6.7077370e-03
   3.5000000e+01   1.4000000e+01   6.6469880e-03
   3.6000000e+01   8.0000000e+00   6.5867891e-03
   3.7000000e+01   1.1000000e+01   6.5271354e-03
   3.8000000e+01   9.0000000e+00   6.4680220e-03
   3.9000000e+01   1.3000000e+01   6.4094439e-03
   4.0000000e+01   1.2000000e+01   6.3513964e-03
   4.1000000e+01   7.0000000e+00   6.2938746e-03
   4.2000000e+01   1.4000000e+01   6.2368737e-03
   4.3000000e+01   1.7000000e+01   6.1803890e-03
   4.4000000e+01   9.0000000e+00   6.1244160e-03
   4.5000000e+01   1.2000000e+01   6.0689498e-03
   4.6000000e+01   1.1000000e+01   6.0139860e-03
   4.7000000e+01   1.0000000e+01   5.9595199e-03
   4.8000000e+01   1.3000000e+01   5.9055471e-03
   4.9000000e+01   1.3000000e+01   5.8520632e-03
   5.0000000e+01   8.0000000e+00   5.7990636e-03
   5.1000000e+01   1.0000000e+01   5.7465440e-03
   5.2000000e+01   1.3000000e+01   5.6945000e-03
   5.3000000e+01   1.5000000e+01   5.6429274e-03
   5.4000000e+01   7.0000000e+00   5.5918219e-03
   5.5000000e+01   4.0000000e+00   5.5411792e-03
   5.6000000e+01   6.0000000e+00   5.4909951e-03
   5.7000000e+01   9.0000000e+00   5.4412656e-03
   5.8000000e+01   9.0000000e+00   5.3919864e-03
   5.9000000e+01   7.0000000e+00   5.3431535e-03
   6.0000000e+01   4.0000000e+00   5.2947629e-03
   6.1000000e+01   5.0000000e+00   5.2468106e-03
   6.2000000e+01   9.0000000e+00   5.1992925e-03
   6.3000000e+01   9.0000000e+00   5.1522048e-03
   6.4000000e+01   1.0000000e+01   5.1055435e-03
   6.5000000e+01   7.0000000e+00   5.0593048e-03
   6.6000000e+01   6.0000000e+00   5.0134849e-03
   6.7000000e+01   7.0000000e+00   4.9680799e-03
   6.8000000e+01   4.0000000e+00   4.9230862e-03
   6.9000000e+01   8.0000000e+00   4.8785000e-03
   7.0000000e+01   9.0000000e+00   4.8343175e-03
   7.1000000e+01   7.0000000e+00   4.7905352e-03
   7.2000000e+01   8.0000000e+00   4.7471494e-03
   7.3000000e+01   8.0000000e+00   4.7041565e-03
   7.4000000e+01   6.0000000e+00   4.6615530e-03
   7.5000000e+01   1.6000000e+01   4.6193354e-03
   7.6000000e+01   6.0000000e+00   4.5775001e-03
   7.7000000e+01   6.0000000e+00   4.5360437e-03
   7.8000000e+01   9.0000000e+00   4.4949627e-03
   7.9000000e+01   1.0000000e+01   4.4542538e-03
   8.0000000e+01   4.0000000e+00   4.4139135e-03
   8.1000000e+01   7.0000000e+00   4.3739386e-03
   8.2000000e+01   4.0000000e+00   4.3343258e-03
   8.3000000e+01   1.1000000e+01   4.2950717e-03
   8.4000000e+01   6.0000000e+00   4.2561731e-03
   8.5000000e+01   8.0000000e+00   4.2176268e-03
   8.6000000e+01   7.0000000e+00   4.1794296e-03
   8.7000000e+01   4.0000000e+00   4.1415783e-03
   8.8000000e+01   2.0000000e+00   4.1040698e-03
   8.9000000e+01   8.0000000e+00   4.0669011e-03
   9.0000000e+01   1.1000000e+01   4.0300689e-03
   9.1000000e+01   6.0000000e+00   3.9935703e-03
   9.2000000e+01   9.0000000e+00   3.9574023e-03
   9.3000000e+01   4.0000000e+00   3.9215618e-03
   9.4000000e+01   9.0000000e+00   3.8860460e-03
   9.5000000e+01   3.0000000e+00   3.8508517e-03
   9.6000000e+01   7.0000000e+00   3.8159762e-03
   9.7000000e+01   4.0000000e+00   3.7814166e-03
   9.8000000e+01   1.1000000e+01   3.7471700e-03
   9.9000000e+01   7.0000000e+00   3.7132335e-03
   1.0000000e+02   2.0000000e+00   3.6796043e-03
   1.0100000e+02   4.0000000e+00   3.6462798e-03
   1.0200000e+02   9.0000000e+00   3.6132570e-03
   1.0300000e+02   3.0000000e+00   3.5805333e-03
   1.0400000e+02   4.0000000e+00   3.5481060e-03
   1.0500000e+02   3.0000000e+00   3.5159723e-03
   1.0600000e+02   1.1000000e+01   3.4841297e-03
   1.0700000e+02   3.0000000e+00   3.4525754e-03
   1.0800000e+02   8.0000000e+00   3.4213070e-03
   1.0900000e+02   4.0000000e+00   3.3903217e-03
   1.1000000e+02   7.0000000e+00   3.3596170e-03
   1.1100000e+02   1.2000000e+01   3.3291904e-03
   1.1200000e+02   1.0000000e+01   3.2990394e-03
   1.1300000e+02   6.0000000e+00   3.2691614e-03
   1.1400000e+02   7.0000000e+00   3.2395541e-03
   1.1500000e+02   9.0000000e+00   3.2102148e-03
   1.1600000e+02   3.0000000e+00   3.1811413e-03
   1.1700000e+02   2.0000000e+00   3.1523311e-03
   1.1800000e+02   5.0000000e+00   3.1237818e-03
   1.1900000e+02   8.0000000e+00   3.0954911e-03
   1.2000000e+02   7.0000000e+00   3.0674566e-03
   1.2100000e+02   4.0000000e+00   3.0396760e-03
   1.2200000e+02   2.0000000e+00   3.0121469e-03
   1.2300000e+02   7.0000000e+00   2.9848672e-03
   1.2400000e+02   1.2000000e+01   2.9578346e-03
   1.2500000e+02   4.0000000e+00   2.9310468e-03
   1.2600000e+02   6.0000000e+00   2.9045016e-03
   1.2700000e+02   4.0000000e+00   2.8781968e-03
   1.2800000e+02   6.0000000e+00   2.8521302e-03
   1.2900000e+02   1.0000000e+01   2.8262997e-03
   1.3000000e+02   6.0000000e+00   2.8007031e-03
   1.3100000e+02   0.0000000e+00   2.7753384e-03
   1.3200000e+02   5.0000000e+00   2.7502033e-03
   1.3300000e+02   3.0000000e+00   2.7252959e-03
   1.3400000e+02   5.0000000e+00   2.7006141e-03
   1.3500000e+02   5.0000000e+00   2.6761558e-03
   1.3600000e+02   3.0000000e+00   2.6519191e-03
   1.3700000e+02   5.0000000e+00   2.6279018e-03
   1.3800000e+02   5.0000000e+00   2.6041020e-03
   1.3900000e+02   6.0000000e+00   2.5805178e-03
   1.4000000e+02   4.0000000e+00   2.5571472e-03
   1.4100000e+02   3.0000000e+00   2.5339882e-03
   1.4200000e+02   4.0000000e+00   2.5110390e-03
   1.4300000e+02   5.0000000e+00   2.4882976e-03
   1.4400000e+02   7.0000000e+00   2.4657622e-03
   1.4500000e+02   1.0000000e+00   2.4434308e-03
   1.4600000e+02   8.0000000e+00   2.4213017e-03
   1.4700000e+02   7.0000000e+00   2.3993731e-03
   1.4800000e+02   1.0000000e+00   2.3776430e-03
   1.4900000e+02   1.0000000e+00   2.3561097e-03
   1.5000000e+02   3.0000000e+00   2.3347715e-03
   1.5100000e+02   3.0000000e+00   2.3136264e-03
   1.5200000e+02   5.0000000e+00   2.2926729e-03
   1.5300000e+02   5.0000000e+00   2.2719092e-03
   1.5400000e+02   6.0000000e+00   2.2513335e-03
   1.5500000e+02   7.0000000e+00   2.2309442e-03
   1.5600000e+02   7.0000000e+00   2.2107395e-03
   1.5700000e+02   4.0000000e+00   2.1907178e-03
   1.5800000e+02   3.0000000e+00   2.1708774e-03
   1.5900000e+02   5.0000000e+00   2.1512167e-03
   1.6000000e+02   5.0000000e+00   2.1317341e-03
   1.6100000e+02   5.0000000e+00   2.1124279e-03
   1.6200000e+02   3.0000000e+00   2.0932965e-03
   1.6300000e+02   2.0000000e+00   2.0743385e-03
   1.6400000e+02   5.0000000e+00   2.0555521e-03
   1.6500000e+02   0.0000000e+00   2.0369358e-03
   1.6600000e+02   2.0000000e+00   2.0184882e-03
   1.6700000e+02   3.0000000e+00   2.0002076e-03
   1.6800000e+02   8.0000000e+00   1.9820926e-03
   1.6900000e+02   2.0000000e+00   1.9641417e-03
   1.7000000e+02   3.0000000e+00   1.9463533e-03
   1.7100000e+02   3.0000000e+00   1.9287260e-03
   1.7200000e+02   2.0000000e+00   1.9112584e-03
   1.7300000e+02   3.0000000e+00   1.8939490e-03
   1.7400000e+02   1.0000000e+00   1.8767963e-03
   1.7500000e+02   3.0000000e+00   1.8597990e-03
   1.7600000e+02   5.0000000e+00   1.8429556e-03
   1.7700000e+02   1.0000000e+00   1.8262647e-03
   1.7800000e+02   1.0000000e+00   1.8097250e-03
   1.7900000e+02   1.0000000e+00   1.7933352e-03
   1.8000000e+02   3.0000000e+00   1.7770937e-03
   1.8100000e+02   4.0000000e+00   1.7609993e-03
   1.8200000e+02   6.0000000e+00   1.7450507e-03
   1.8300000e+02   5.0000000e+00   1.7292466e-03
   1.8400000e+02   5.0000000e+00   1.7135855e-03
   1.8500000e+02   3.0000000e+00   1.6980663e-03
   1.8600000e+02   2.0000000e+00   1.6826877e-03
   1.8700000e+02   3.0000000e+00   1.6674483e-03
   1.8800000e+02   4.0000000e+00   1.6523470e-03
   1.8900000e+02   9.0000000e+00   1.6373824e-03
   1.9000000e+02   0.0000000e+00   1.6225533e-03
   1.9100000e+02   0.0000000e+00   1.6078586e-03
   1.9200000e+02   1.0000000e+00   1.5932969e-03
   1.9300000e+02   3.0000000e+00   1.5788671e-03
   1.9400000e+02   1.0000000e+00   1.5645680e-03
   1.9500000e+02   3.0000000e+00   1.5503984e-03
   1.9600000e+02   1.0000000e+00   1.5363571e-03
   1.9700000e+02   4.0000000e+00   1.5224430e-03
   1.9800000e+02   3.0000000e+00   1.5086549e-03
   1.9900000e+02   4.0000000e+00   1.4949916e-03
   2.0000000e+02   4.0000000e+00   1.4814521e-03
   2.0100000e+02   1.0000000e+00   1.4680353e-03
   2.0200000e+02   3.0000000e+00   1.4547399e-03
   2.0300000e+02   2.0000000e+00   1.4415650e-03
   2.0400000e+02   1.0000000e+00   1.4285094e-03
   2.0500000e+02   1.0000000e+00   1.4155720e-03
   2.0600000e+02   1.0000000e+00   1.4027517e-03
   2.0700000e+02   4.0000000e+00   1.3900476e-03
   2.0800000e+02   3.0000000e+00   1.3774586e-03
   2.0900000e+02   3.0000000e+00   1.3649835e-03
   2.1000000e+02   5.0000000e+00   1.3526215e-03
   2.1100000e+02   1.0000000e+00   1.3403714e-03
   2.1200000e+02   3.0000000e+00   1.3282322e-03
   2.1300000e+02   2.0000000e+00   1.3162030e-03
   2.1400000e+02   2.0000000e+00   1.3042827e-03
   2.1500000e+02   1.0000000e+00   1.2924704e-03
   2.1600000e+02   3.0000000e+00   1.2807651e-03
   2.1700000e+02   3.0000000e+00   1.2691657e-03
   2.1800000e+02   3.0000000e+00   1.2576714e-03
   2.1900000e+02   4.0000000e+00   1.2462813e-03
   2.2000000e+02   3.0000000e+00   1.2349942e-03
   2.2100000e+02   0.0000000e+00   1.2238094e-03
   2.2200000e+02   1.0000000e+00   1.2127259e-03
   2.2300000e+02   4.0000000e+00   1.2017428e-03
   2.2400000e+02   0.0000000e+00   1.1908591e-03
   2.2500000e+02   2.0000000e+00   1.1800740e-03
   2.2600000e+02   0.0000000e+00   1.1693866e-03
   2.2700000e+02   3.0000000e+00   1.1587960e-03
   2.2800000e+02   3.0000000e+00   1.1483013e-03
   2.2900000e+02   1.0000000e+00   1.1379016e-03
   2.3000000e+02   7.0000000e+00   1.1275961e-03
   2.3100000e+02   4.0000000e+00   1.1173840e-03
   2.3200000e+02   3.0000000e+00   1.1072643e-03
   2.3300000e+02   3.0000000e+00   1.0972363e-03
   2.3400000e+02   4.0000000e+00   1.0872991e-03
   2.3500000e+02   0.0000000e+00   1.0774519e-03
   2.3600000e+02   0.0000000e+00   1.0676939e-03
   2.3700000e+02   3.0000000e+00   1.0580243e-03
   2.3800000e+02   0.0000000e+00   1.0484422e-03
   2.3900000e+02   1.0000000e+00   1.0389469e-03
   2.4000000e+02   1.0000000e+00   1.0295376e-03
   2.4100000e+02   4.0000000e+00   1.0202136e-03
   2.4200000e+02   2.0000000e+00   1.0109739e-03
   2.4300000e+02   2.0000000e+00   1.0018180e-03
   2.4400000e+02   3.0000000e+00   9.9274496e-04
   2.4500000e+02   1.0000000e+00   9.8375410e-04
   2.4600000e+02   0.0000000e+00   9.7484467e-04
   2.4700000e+02   0.0000000e+00   9.6601592e-04
   2.4800000e+02   1.0000000e+00   9.5726714e-04
   2.4900000e+02   2.0000000e+00   9.4859759e-04
   2.5000000e+02   1.0000000e+00   9.4000655e-04
   2.5100000e+02   1.0000000e+00   9.3149332e-04
   2.5200000e+02   1.0000000e+00   9.2305719e-04
   2.5300000e+02   1.0000000e+00   9.1469746e-04
   2.5400000e+02   2.0000000e+00   9.0641345e-04
   2.5500000e+02   1.0000000e+00   8.9820446e-04
   2.5600000e+02   3.0000000e+00   8.9006981e-04
   2.5700000e+02   2.0000000e+00   8.8200883e-04
   2.5800000e+02   2.0000000e+00   8.7402086e-04
   2.5900000e+02   0.0000000e+00   8.6610524e-04
   2.6000000e+02   1.0000000e+00   8.5826130e-04
   2.6100000e+02   1.0000000e+00   8.5048840e-04
   2.6200000e+02   4.0000000e+00   8.4278590e-04
   2.6300000e+02   4.0000000e+00   8.3515315e-04
   2.6400000e+02   1.0000000e+00   8.2758954e-04
   2.6500000e+02   1.0000000e+00   8.2009442e-04
   2.6600000e+02   5.0000000e+00   8.1266718e-04
   2.6700000e+02   2.0000000e+00   8.0530721e-04
   2.6800000e+02   1.0000000e+00   7.9801389e-04
   2.6900000e+02   1.0000000e+00   7.9078663e-04
   2.7000000e+02   1.0000000e+00   7.8362482e-04
   2.7100000e+02   1.0000000e+00   7.7652787e-04
   2.7200000e+02   3.0000000e+00   7.6949519e-04
   2.7300000e+02   2.0000000e+00   7.6252621e-04
   2.7400000e+02   1.0000000e+00   7.5562034e-04
   2.7500000e+02   2.0000000e+00   7.4877702e-04
   2.7600000e+02   1.0000000e+00   7.4199567e-04
   2.7700000e+02   0.0000000e+00   7.3527574e-04
   2.7800000e+02   4.0000000e+00   7.2861667e-04
   2.7900000e+02   0.0000000e+00   7.2201790e-04
   2.8000000e+02   1.0000000e+00   7.1547890e-04
   2.8100000e+02   1.0000000e+00   7.0899912e-04
   2.8200000e+02   0.0000000e+00   7.0257802e-04
   2.8300000e+02   1.0000000e+00   6.9621508e-04
   2.8400000e+02   0.0000000e+00   6.8990976e-04
   2.8500000e+02   1.0000000e+00   6.8366155e-04
   2.8600000e+02   0.0000000e+00   6.7746993e-04
   2.8700000e+02   2.0000000e+00   6.7133438e-04
   2.8800000e+02   1.0000000e+00   6.6525439e-04
   2.8900000e+02   2.0000000e+00   6.5922948e-04
   2.9000000e+02   4.0000000e+00   6.5325912e-04
   2.9100000e+02   0.0000000e+00   6.4734284e-04
   2.9200000e+02   1.0000000e+00   6.4148014e-04
   2.9300000e+02   0.0000000e+00   6.3567053e-04
   2.9400000e+02   0.0000000e+00   6.2991354e-04
   2.9500000e+02   3.0000000e+00   6.2420869e-04
   2.9600000e+02   1.0000000e+00   6.1855550e-04
   2.9700000e+02   1.0000000e+00   6.1295351e-04
   2.9800000e+02   1.0000000e+00   6.0740226e-04
   2.9900000e+02   0.0000000e+00   6.0190128e-04
   3.0000000e+02   1.0000000e+00   5.9645012e-04
   3.0100000e+02   0.0000000e+00   5.9104833e-04
   3.0200000e+02   0.0000000e+00   5.8569547e-04
   3.0300000e+02   0.0000000e+00   5.8039108e-04
   3.0400000e+02   0.0000000e+00   5.7513473e-04
   3.0500000e+02   2.0000000e+00   5.6992598e-04
   3.0600000e+02   0.0000000e+00   5.6476441e-04
   3.0700000e+02   1.0000000e+00   5.5964959e-04
   3.0800000e+02   0.0000000e+00   5.5458108e-04
   3.0900000e+02   2.0000000e+00   5.4955849e-04
   3.1000000e+02   0.0000000e+00   5.4458137e-04
   3.1100000e+02   0.0000000e+00   5.3964934e-04
   3.1200000e+02   0.0000000e+00   5.3476197e-04
   3.1300000e+02   0.0000000e+00   5.2991886e-04
   3.1400000e+02   0.0000000e+00   5.2511962e-04
   3.1500000e+02   2.0000000e+00   5.2036384e-04
   3.1600000e+02   0.0000000e+00   5.1565113e-04
   3.1700000e+02   0.0000000e+00   5.1098110e-04
   3.1800000e+02   2.0000000e+00   5.0635337e-04
   3.1900000e+02   2.0000000e+00   5.0176755e-04
   3.2000000e+02   1.0000000e+00   4.9722326e-04
   3.2100000e+02   1.0000000e+00   4.9272012e-04
   3.2200000e+02   0.0000000e+00   4.8825777e-04
   3.2300000e+02   0.0000000e+00   4.8383583e-04
   3.2400000e+02   1.0000000e+00   4.7945394e-04
   3.2500000e+02   1.0000000e+00   4.7511174e-04
   3.2600000e+02   0.0000000e+00   4.7080886e-04
   3.2700000e+02   1.0000000e+00   4.6654495e-04
   3.2800000e+02   2.0000000e+00   4.6231965e-04
   3.2900000e+02   0.0000000e+00   4.5813262e-04
   3.3000000e+02   1.0000000e+00   4.5398352e-04
   3.3100000e+02   0.0000000e+00   4.4987199e-04
   3.3200000e+02   1.0000000e+00   4.4579769e-04
   3.3300000e+02   0.0000000e+00   4.4176030e-04
   3.3400000e+02   0.0000000e+00   4.3775946e-04
   3.3500000e+02   0.0000000e+00   4.3379487e-04
   3.3600000e+02   2.0000000e+00   4.2986618e-04
   3.3700000e+02   0.0000000e+00   4.2597307e-04
   3.3800000e+02   0.0000000e+00   4.2211521e-04
   3.3900000e+02   0.0000000e+00   4.1829230e-04
   3.4000000e+02   2.0000000e+00   4.1450401e-04
   3.4100000e+02   0.0000000e+00   4.1075003e-04
   3.4200000e+02   1.0000000e+00   4.0703004e-04
   3.4300000e+02   0.0000000e+00   4.0334375e-04
   3.4400000e+02   1.0000000e+00   3.9969084e-04
   3.4500000e+02   0.0000000e+00   3.9607101e-04
   3.4600000e+02   1.0000000e+00   3.9248397e-04
   3.4700000e+02   1.0000000e+00   3.8892941e-04
   3.4800000e+02   0.0000000e+00   3.8540705e-04
   3.4900000e+02   2.0000000e+00   3.8191659e-04
   3.5000000e+02   3.0000000e+00   3.7845773e-04
   3.5100000e+02   0.0000000e+00   3.7503021e-04
   3.5200000e+02   1.0000000e+00   3.7163372e-04
   3.5300000e+02   0.0000000e+00   3.6826800e-04
   3.5400000e+02   0.0000000e+00   3.6493275e-04
   3.5500000e+02   2.0000000e+00   3.6162772e-04
   3.5600000e+02   0.0000000e+00   3.5835261e-04
   3.5700000e+02   0.0000000e+00   3.5510717e-04
   3.5800000e+02   0.0000000e+00   3.5189112e-04
   3.5900000e+02   2.0000000e+00   3.4870419e-04
   3.6000000e+02   0.0000000e+00   3.4554613e-04
   3.6100000e+02   0.0000000e+00   3.4241667e-04
   3.6200000e+02   0.0000000e+00   3.3931555e-04
   3.6300000e+02   0.0000000e+00   3.3624252e-04
   3.6400000e+02   2.0000000e+00   3.3319732e-04
   3.6500000e+02   1.0000000e+00   3.3017969e-04
   3.6600000e+02   1.0000000e+00   3.2718940e-04
   3.6700000e+02   1.0000000e+00   3.2422619e-04
   3.6800000e+02   0.0000000e+00   3.2128981e-04
   3.6900000e+02   0.0000000e+00   3.1838003e-04
   3.7000000e+02   1.0000000e+00   3.1549660e-04
   3.7100000e+02   2.0000000e+00   3.1263929e-04
   3.7200000e+02   0.0000000e+00   3.0980785e-04
   3.7300000e+02   0.0000000e+00   3.0700205e-04
   3.7400000e+02   0.0000000e+00   3.0422167e-04
   3.7500000e+02   2.0000000e+00   3.0146647e-04
   3.7600000e+02   0.0000000e+00   2.9873622e-04
   3.7700000e+02   1.0000000e+00   2.9603069e-04
   3.7800000e+02   1.0000000e+00   2.9334967e-04
   3.7900000e+02   1.0000000e+00   2.9069293e-04
   3.8000000e+02   2.0000000e+00   2.8806025e-04
   3.8100000e+02   1.0000000e+00   2.8545142e-04
   3.8200000e+02   0.0000000e+00   2.8286621e-04
   3.8300000e+02   0.0000000e+00   2.8030441e-04
   3.8400000e+02   1.0000000e+00   2.7776582e-04
   3.8500000e+02   0.0000000e+00   2.7525021e-04
   3.8600000e+02   0.0000000e+00   2.7275739e-04
   3.8700000e+02   0.0000000e+00   2.7028715e-04
   3.8800000e+02   0.0000000e+00   2.6783927e-04
   3.8900000e+02   0.0000000e+00   2.6541357e-04
   3.9000000e+02   0.0000000e+00   2.6300983e-04
   3.9100000e+02   2.0000000e+00   2.6062787e-04
   3.9200000e+02   0.0000000e+00   2.5826748e-04
   3.9300000e+02   1.0000000e+00   2.5592846e-04
   3.9400000e+02   0.0000000e+00   2.5361063e-04
   3.9500000e+02   0.0000000e+00   2.5131379e-04
   3.9600000e+02   2.0000000e+00   2.4903775e-04
   3.9700000e+02   1.0000000e+00   2.4678232e-04
   3.9800000e+02   1.0000000e+00   2.4454732e-04
   3.9900000e+02   2.0000000e+00   2.4233256e-04
   4.0000000e+02   1.0000000e+00   2.4013786e-04
   4.0100000e+02   0.0000000e+00   2.3796304e-04
   4.0200000e+02   0.0000000e+00   2.3580791e-04
   4.0300000e+02   0.0000000e+00   2.3367230e-04
   4.0400000e+02   0.0000000e+00   2.3155603e-04
   4.0500000e+02   1.0000000e+00   2.2945893e-04
   4.0600000e+02   0.0000000e+00   2.2738082e-04
   4.0700000e+02   0.0000000e+00   2.2532153e-04
   4.0800000e+02   1.0000000e+00   2.2328089e-04
   4.0900000e+02   0.0000000e+00   2.2125873e-04
   4.1000000e+02   0.0000000e+00   2.1925489e-04
   4.1100000e+02   0.0000000e+00   2.1726919e-04
   4.1200000e+02   0.0000000e+00   2.1530148e-04
   4.1300000e+02   1.0000000e+00   2.1335159e-04
   4.1400000e+02   0.0000000e+00   2.1141936e-04
   4.1500000e+02   0.0000000e+00   2.0950462e-04
   4.1600000e+02   0.0000000e+00   2.0760723e-04
   4.1700000e+02   0.0000000e+00   2.0572702e-04
   4.1800000e+02   1.0000000e+00   2.0386384e-04
   4.1900000e+02   0.0000000e+00   2.0201754e-04
   4.2000000e+02   0.0000000e+00   2.0018795e-04
   4.2100000e+02   1.0000000e+00   1.9837494e-04
   4.2200000e+02   0.0000000e+00   1.9657834e-04
   4.2300000e+02   0.0000000e+00   1.9479802e-04
   4.2400000e+02   0.0000000e+00   1.9303382e-04
   4.2500000e+02   0.0000000e+00   1.9128559e-04
   4.2600000e+02   0.0000000e+00   1.8955320e-04
   4.2700000e+02   1.0000000e+00   1.8783650e-04
   4.2800000e+02   0.0000000e+00   1.8613535e-04
   4.2900000e+02   0.0000000e+00   1.8444960e-04
   4.3000000e+02   0.0000000e+00   1.8277912e-04
   4.3100000e+02   1.0000000e+00   1.8112377e-04
   4.3200000e+02   0.0000000e+00   1.7948341e-04
   4.3300000e+02   0.0000000e+00   1.7785791e-04
   4.3400000e+02   0.0000000e+00   1.7624713e-04
   4.3500000e+02   0.0000000e+00   1.7465093e-04
   4.3600000e+02   2.0000000e+00   1.7306920e-04
   4.3700000e+02   0.0000000e+00   1.7150179e-04
   4.3800000e+02   0.0000000e+00   1.6994857e-04
   4.3900000e+02   0.0000000e+00   1.6840942e-04
   4.4000000e+02   1.0000000e+00   1.6688421e-04
   4.4100000e+02   1.0000000e+00   1.6537281e-04
   4.4200000e+02   1.0000000e+00   1.6387510e-04
   4.4300000e+02   0.0000000e+00   1.6239095e-04
   4.4400000e+02   1.0000000e+00   1.6092025e-04
   4.4500000e+02   0.0000000e+00   1.5946287e-04
   4.4600000e+02   0.0000000e+00   1.5801868e-04
   4.4700000e+02   1.0000000e+00   1.5658757e-04
   4.4800000e+02   0.0000000e+00   1.5516943e-04
   4.4900000e+02   0.0000000e+00   1.5376413e-04
   4.5000000e+02   0.0000000e+00   1.5237155e-04
   4.5100000e+02   0.0000000e+00   1.5099159e-04
   4.5200000e+02   0.0000000e+00   1.4962412e-04
   4.5300000e+02   0.0000000e+00   1.4826904e-04
   4.5400000e+02   0.0000000e+00   1.4692624e-04
   4.5500000e+02   0.0000000e+00   1.4559559e-04
   4.5600000e+02   1.0000000e+00   1.4427699e-04
   4.5700000e+02   1.0000000e+00   1.4297034e-04
   4.5800000e+02   0.0000000e+00   1.4167552e-04
   4.5900000e+02   0.0000000e+00   1.4039243e-04
   4.6000000e+02   0.0000000e+00   1.3912095e-04
   4.6100000e+02   0.0000000e+00   1.3786099e-04
   4.6200000e+02   0.0000000e+00   1.3661245e-04
   4.6300000e+02   0.0000000e+00   1.3537521e-04
   4.6400000e+02   1.0000000e+00   1.3414917e-04
   4.6500000e+02   0.0000000e+00   1.3293424e-04
   4.6600000e+02   0.0000000e+00   1.3173032e-04
   4.6700000e+02   0.0000000e+00   1.3053729e-04
   4.6800000e+02   0.0000000e+00   1.2935507e-04
   4.6900000e+02   0.0000000e+00   1.2818356e-04
   4.7000000e+02   0.0000000e+00   1.2702266e-04
   4.7100000e+02   0.0000000e+00   1.2587227e-04
   4.7200000e+02   0.0000000e+00   1.2473230e-04
   4.7300000e+02   0.0000000e+00   1.2360265e-04
   4.7400000e+02   0.0000000e+00   1.2248324e-04
   4.7500000e+02   0.0000000e+00   1.2137396e-04
   4.7600000e+02   0.0000000e+00   1.2027473e-04
   4.7700000e+02   0.0000000e+00   1.1918545e-04
   4.7800000e+02   0.0000000e+00   1.1810604e-04
   4.7900000e+02   1.0000000e+00   1.1703641e-04
   4.8000000e+02   0.0000000e+00   1.1597646e-04
   4.8100000e+02   0.0000000e+00   1.1492611e-04
   4.8200000e+02   0.0000000e+00   1.1388527e-04
   4.8300000e+02   0.0000000e+00   1.1285386e-04
   4.8400000e+02   0.0000000e+00   1.1183180e-04
   4.8500000e+02   0.0000000e+00   1.1081898e-04
   4.8600000e+02   0.0000000e+00   1.0981535e-04
   4.8700000e+02   0.0000000e+00   1.0882080e-04
   4.8800000e+02   0.0000000e+00   1.0783525e-04
   4.8900000e+02   1.0000000e+00   1.0685864e-04
   4.9000000e+02   0.0000000e+00   1.0589086e-04
   4.9100000e+02   0.0000000e+00   1.0493186e-04
   4.9200000e+02   0.0000000e+00   1.0398153e-04
   4.9300000e+02   0.0000000e+00   1.0303982e-04
   4.9400000e+02   1.0000000e+00   1.0210663e-04
   4.9500000e+02   0.0000000e+00   1.0118190e-04
   4.9600000e+02   0.0000000e+00   1.0026554e-04
   4.9700000e+02   0.0000000e+00   9.9357475e-05
   4.9800000e+02   0.0000000e+00   9.8457638e-05
   4.9900000e+02   0.0000000e+00   9.7565950e-05
   5.0000000e+02   0.0000000e+00   9.6682338e-05
   5.0100000e+02   1.0000000e+00   9.5806728e-05
   5.0200000e+02   0.0000000e+00   9.4939048e-05
   5.0300000e+02   1.0000000e+00   9.4079227e-05
   5.0400000e+02   1.0000000e+00   9.3227192e-05
   5.0500000e+02   0.0000000e+00   9.2382874e-05
   5.0600000e+02   1.0000000e+00   9.1546202e-05
   5.0700000e+02   0.0000000e+00   9.0717108e-05
   5.0800000e+02   0.0000000e+00   8.9895523e-05
   5.0900000e+02   0.0000000e+00   8.9081378e-05
   5.1000000e+02   0.0000000e+00   8.8274607e-05
   5.1100000e+02   0.0000000e+00   8.7475143e-05
   5.1200000e+02   0.0000000e+00   8.6682918e-05
   5.1300000e+02   0.0000000e+00   8.5897869e-05
   5.1400000e+02   0.0000000e+00   8.5119929e-05
   5.1500000e+02   0.0000000e+00   8.4349035e-05
   5.1600000e+02   0.0000000e+00   8.3585123e-05
   5.1700000e+02   0.0000000e+00   8.2828129e-05
   5.1800000e+02   0.0000000e+00   8.2077990e-05
   5.1900000e+02   0.0000000e+00   8.1334646e-05
   5.2000000e+02   0.0000000e+00   8.0598033e-05
   5.2100000e+02   0.0000000e+00   7.9868092e-05
   5.2200000e+02   0.0000000e+00   7.9144761e-05
   5.2300000e+02   0.0000000e+00   7.8427982e-05
   5.2400000e+02   0.0000000e+00   7.7717694e-05
   5.2500000e+02   0.0000000e+00   7.7013838e-05
   5.2600000e+02   0.0000000e+00   7.6316358e-05
   5.2700000e+02   0.0000000e+00   7.5625194e-05
   5.2800000e+02   0.0000000e+00   7.4940289e-05
   5.2900000e+02   0.0000000e+00   7.4261588e-05
   5.3000000e+02   0.0000000e+00   7.3589033e-05
   5.3100000e+02   0.0000000e+00   7.2922569e-05
   5.3200000e+02   0.0000000e+00   7.2262141e-05
   5.3300000e+02   0.0000000e+00   7.1607694e-05
   5.3400000e+02   0.0000000e+00   7.0959175e-05
   5.3500000e+02   0.0000000e+00   7.0316528e-05
   5.3600000e+02   0.0000000e+00   6.9679702e-05
   5.3700000e+02   0.0000000e+00   6.9048643e-05
   5.3800000e+02   0.0000000e+00   6.8423300e-05
   5.3900000e+02   0.0000000e+00   6.7803620e-05
   5.4000000e+02   1.0000000e+00   6.7189552e-05
   5.4100000e+02   0.0000000e+00   6.6581045e-05
   5.4200000e+02   0.0000000e+00   6.5978050e-05
   5.4300000e+02   0.0000000e+00   6.5380515e-05
   5.4400000e+02   0.0000000e+00   6.4788393e-05
   5.4500000e+02   0.0000000e+00   6.4201632e-05
   5.4600000e+02   1.0000000e+00   6.3620186e-05
   5.4700000e+02   0.0000000e+00   6.3044006e-05
   5.4800000e+02   0.0000000e+00   6.2473044e-05
   5.4900000e+02   1.0000000e+00   6.1907253e-05
   5.5000000e+02   0.0000000e+00   6.1346586e-05
   5.5100000e+02   0.0000000e+00   6.0790996e-05
   5.5200000e+02   0.0000000e+00   6.0240439e-05
   5.5300000e+02   1.0000000e+00   5.9694867e-05
   5.5400000e+02   0.0000000e+00   5.9154237e-05
   5.5500000e+02   0.0000000e+00   5.8618503e-05
   5.5600000e+02   0.0000000e+00   5.8087620e-05
   5.5700000e+02   0.0000000e+00   5.7561546e-05
   5.5800000e+02   0.0000000e+00   5.7040236e-05
   5.5900000e+02   0.0000000e+00   5.6523648e-05
   5.6000000e+02   0.0000000e+00   5.6011738e-05
   5.6100000e+02   0.0000000e+00   5.5504464e-05
   5.6200000e+02   1.0000000e+00   5.5001784e-05
   5.6300000e+02   0.0000000e+00   5.4503657e-05
   5.6400000e+02   0.0000000e+00   5.4010041e-05
   5.6500000e+02   0.0000000e+00   5.3520896e-05
   5.6600000e+02   0.0000000e+00   5.3036180e-05
   5.6700000e+02   0.0000000e+00   5.2555854e-05
   5.6800000e+02   0.0000000e+00   5.2079879e-05
   5.6900000e+02   0.0000000e+00   5.1608214e-05
   5.7000000e+02   0.0000000e+00   5.1140821e-05
   5.7100000e+02   0.0000000e+00   5.0677661e-05
   5.7200000e+02   0.0000000e+00   5.0218695e-05
   5.7300000e+02   0.0000000e+00   4.9763887e-05
   5.7400000e+02   0.0000000e+00   4.9313197e-05
   5.7500000e+02   0.0000000e+00   4.8866589e-05
   5.7600000e+02   0.0000000e+00   4.8424025e-05
   5.7700000e+02   0.0000000e+00   4.7985470e-05
   5.7800000e+02   0.0000000e+00   4.7550886e-05
   5.7900000e+02   0.0000000e+00   4.7120239e-05
   5.8000000e+02   0.0000000e+00   4.6693491e-05
   5.8100000e+02   1.0000000e+00   4.6270609e-05
   5.8200000e+02   0.0000000e+00   4.5851556e-05
   5.8300000e+02   0.0000000e+00   4.5436298e-05
   5.8400000e+02   0.0000000e+00   4.5024802e-05
   5.8500000e+02   0.0000000e+00   4.4617032e-05
   5.8600000e+02   0.0000000e+00   4.4212955e-05
   5.8700000e+02   0.0000000e+00   4.3812537e-05
   5.8800000e+02   0.0000000e+00   4.3415746e-05
   5.8900000e+02   0.0000000e+00   4.3022548e-05
   5.9000000e+02   0.0000000e+00   4.2632912e-05
   5.9100000e+02   0.0000000e+00   4.2246804e-05
   5.9200000e+02   2.0000000e+00   4.1864193e-05
   5.9300000e+02   0.0000000e+00   4.1485048e-05
   5.9400000e+02   0.0000000e+00   4.1109336e-05
   5.9500000e+02   0.0000000e+00   4.0737026e-05
   5.9600000e+02   0.0000000e+00   4.0368089e-05
   5.9700000e+02   0.0000000e+00   4.0002493e-05
   5.9800000e+02   0.0000000e+00   3.9640207e-05
   5.9900000e+02   0.0000000e+00   3.9281203e-05
   6.0000000e+02   0.0000000e+00   3.8925451e-05
   6.0100000e+02   0.0000000e+00   3.8572920e-05
   6.0200000e+02   0.0000000e+00   3.8223582e-05
   6.0300000e+02   0.0000000e+00   3.7877407e-05
   6.0400000e+02   0.0000000e+00   3.7534368e-05
   6.0500000e+02   0.0000000e+00   3.7194436e-05
   6.0600000e+02   0.0000000e+00   3.6857582e-05
   6.0700000e+02   1.0000000e+00   3.6523779e-05
   6.0800000e+02   0.0000000e+00   3.6192999e-05
   6.0900000e+02   1.0000000e+00   3.5865215e-05
   6.1000000e+02   0.0000000e+00   3.5540399e-05
   6.1100000e+02   0.0000000e+00   3.5218525e-05
   6.1200000e+02   0.0000000e+00   3.4899566e-05
   6.1300000e+02   0.0000000e+00   3.4583496e-05
   6.1400000e+02   0.0000000e+00   3.4270288e-05
   6.1500000e+02   0.0000000e+00   3.3959917e-05
   6.1600000e+02   0.0000000e+00   3.3652357e-05
   6.1700000e+02   0.0000000e+00   3.3347582e-05
   6.1800000e+02   0.0000000e+00   3.3045568e-05
   6.1900000e+02   0.0000000e+00   3.2746289e-05
   6.2000000e+02   0.0000000e+00   3.2449720e-05
   6.2100000e+02   0.0000000e+00   3.2155837e-05
   6.2200000e+02   0.0000000e+00   3.1864615e-05
   6.2300000e+02   0.0000000e+00   3.1576031e-05
   6.2400000e+02   0.0000000e+00   3.1290061e-05
   6.2500000e+02   0.0000000e+00   3.1006681e-05
   6.2600000e+02   0.0000000e+00   3.0725867e-05
   6.2700000e+02   0.0000000e+00   3.0447596e-05
   6.2800000e+02   0.0000000e+00   3.0171845e-05
   6.2900000e+02   1.0000000e+00   2.9898592e-05
   6.3000000e+02   0.0000000e+00   2.9627813e-05
   6.3100000e+02   0.0000000e+00   2.9359487e-05
   6.3200000e+02   0.0000000e+00   2.9093591e-05
   6.3300000e+02   0.0000000e+00   2.8830103e-05
   6.3400000e+02   0.0000000e+00   2.8569001e-05
   6.3500000e+02   0.0000000e+00   2.8310264e-05
   6.3600000e+02   0.0000000e+00   2.8053871e-05
   6.3700000e+02   0.0000000e+00   2.7799799e-05
   6.3800000e+02   0.0000000e+00   2.7548028e-05
   6.3900000e+02   0.0000000e+00   2.7298538e-05
   6.4000000e+02   0.0000000e+00   2.7051307e-05
   6.4100000e+02   0.0000000e+00   2.6806315e-05
   6.4200000e+02   0.0000000e+00   2.6563542e-05
   6.4300000e+02   0.0000000e+00   2.6322967e-05
   6.4400000e+02   0.0000000e+00   2.6084572e-05
   6.4500000e+02   0.0000000e+00   2.5848335e-05
   6.4600000e+02   0.0000000e+00   2.5614238e-05
   6.4700000e+02   0.0000000e+00   2.5382261e-05
   6.4800000e+02   0.0000000e+00   2.5152385e-05
   6.4900000e+02   0.0000000e+00   2.4924591e-05
   6.5000000e+02   0.0000000e+00   2.4698860e-05
   6.5100000e+02   0.0000000e+00   2.4475173e-05
   6.5200000e+02   0.0000000e+00   2.4253512e-05
   6.5300000e+02   0.0000000e+00   2.4033858e-05
   6.5400000e+02   0.0000000e+00   2.3816194e-05
   6.5500000e+02   0.0000000e+00   2.3600501e-05
   6.5600000e+02   0.0000000e+00   2.3386762e-05
   6.5700000e+02   0.0000000e+00   2.3174958e-05
   6.5800000e+02   0.0000000e+00   2.2965073e-05
   6.5900000e+02   0.0000000e+00   2.2757088e-05
   6.6000000e+02   0.0000000e+00   2.2550987e-05
   6.6100000e+02   0.0000000e+00   2.2346752e-05
   6.6200000e+02   0.0000000e+00   2.2144368e-05
   6.6300000e+02   0.0000000e+00   2.1943816e-05
   6.6400000e+02   0.0000000e+00   2.1745080e-05
   6.6500000e+02   0.0000000e+00   2.1548144e-05
   6.6600000e+02   0.0000000e+00   2.1352992e-05
   6.6700000e+02   0.0000000e+00   2.1159607e-05
   6.6800000e+02   1.0000000e+00   2.0967974e-05
   6.6900000e+02   0.0000000e+00   2.0778076e-05
   6.7000000e+02   0.0000000e+00   2.0589898e-05
   6.7100000e+02   0.0000000e+00   2.0403425e-05
   6.7200000e+02   0.0000000e+00   2.0218640e-05
   6.7300000e+02   0.0000000e+00   2.0035528e-05
   6.7400000e+02   0.0000000e+00   1.9854075e-05
   6.7500000e+02   0.0000000e+00   1.9674265e-05
   6.7600000e+02   0.0000000e+00   1.9496084e-05
   6.7700000e+02   0.0000000e+00   1.9319517e-05
   6.7800000e+02   0.0000000e+00   1.9144548e-05
   6.7900000e+02   0.0000000e+00   1.8971164e-05
   6.8000000e+02   0.0000000e+00   1.8799351e-05
   6.8100000e+02   1.0000000e+00   1.8629093e-05
   6.8200000e+02   0.0000000e+00   1.8460378e-05
   6.8300000e+02   0.0000000e+00   1.8293190e-05
   6.8400000e+02   0.0000000e+00   1.8127517e-05
   6.8500000e+02   0.0000000e+00   1.7963344e-05
   6.8600000e+02   0.0000000e+00   1.7800657e-05
   6.8700000e+02   0.0000000e+00   1.7639445e-05
   6.8800000e+02   0.0000000e+00   1.7479692e-05
   6.8900000e+02   0.0000000e+00   1.7321386e-05
   6.9000000e+02   0.0000000e+00   1.7164514e-05
   6.9100000e+02   0.0000000e+00   1.7009062e-05
   6.9200000e+02   0.0000000e+00   1.6855018e-05
   6.9300000e+02   0.0000000e+00   1.6702370e-05
   6.9400000e+02   0.0000000e+00   1.6551104e-05
   6.9500000e+02   0.0000000e+00   1.6401208e-05
   6.9600000e+02   0.0000000e+00   1.6252669e-05
   6.9700000e+02   0.0000000e+00   1.6105476e-05
   6.9800000e+02   0.0000000e+00   1.5959615e-05
   6.9900000e+02   0.0000000e+00   1.5815076e-05
   7.0000000e+02   0.0000000e+00   1.5671846e-05
   7.0100000e+02   0.0000000e+00   1.5529913e-05
   7.0200000e+02   0.0000000e+00   1.5389265e-05
   7.0300000e+02   0.0000000e+00   1.5249891e-05
   7.0400000e+02   0.0000000e+00   1.5111780e-05
   7.0500000e+02   0.0000000e+00   1.4974919e-05
   7.0600000e+02   0.0000000e+00   1.4839298e-05
   7.0700000e+02   0.0000000e+00   1.4704905e-05
   7.0800000e+02   0.0000000e+00   1.4571729e-05
   7.0900000e+02   0.0000000e+00   1.4439759e-05
   7.1000000e+02   1.0000000e+00   1.4308984e-05
   7.1100000e+02   0.0000000e+00   1.4179394e-05
   7.1200000e+02   0.0000000e+00   1.4050977e-05
   7.1300000e+02   0.0000000e+00   1.3923724e-05
   7.1400000e+02   0.0000000e+00   1.3797623e-05
   7.1500000e+02   1.0000000e+00   1.3672664e-05
   7.1600000e+02   0.0000000e+00   1.3548836e-05
   7.1700000e+02   0.0000000e+00   1.3426130e-05
   7.1800000e+02   0.0000000e+00   1.3304536e-05
   7.1900000e+02   0.0000000e+00   1.3184042e-05
   7.2000000e+02   0.0000000e+00   1.3064640e-05
   7.2100000e+02   0.0000000e+00   1.2946319e-05
   7.2200000e+02   0.0000000e+00   1.2829070e-05
   7.2300000e+02   0.0000000e+00   1.2712883e-05
   7.2400000e+02   0.0000000e+00   1.2597748e-05
   7.2500000e+02   0.0000000e+00   1.2483656e-05
   7.2600000e+02   0.0000000e+00   1.2370597e-05
   7.2700000e+02   0.0000000e+00   1.2258561e-05
   7.2800000e+02   0.0000000e+00   1.2147541e-05
   7.2900000e+02   0.0000000e+00   1.2037526e-05
   7.3000000e+02   0.0000000e+00   1.1928507e-05
   7.3100000e+02   0.0000000e+00   1.1820476e-05
   7.3200000e+02   0.0000000e+00   1.1713423e-05
   7.3300000e+02   0.0000000e+00   1.1607340e-05
   7.3400000e+02   0.0000000e+00   1.1502217e-05
   7.3500000e+02   0.0000000e+00   1.1398047e-05
   7.3600000e+02   0.0000000e+00   1.1294820e-05
   7.3700000e+02   0.0000000e+00   1.1192527e-05
   7.3800000e+02   0.0000000e+00   1.1091161e-05
   7.3900000e+02   0.0000000e+00   1.0990714e-05
   7.4000000e+02   0.0000000e+00   1.0891175e-05
   7.4100000e+02   0.0000000e+00   1.0792539e-05
   7.4200000e+02   0.0000000e+00   1.0694796e-05
   7.4300000e+02   0.0000000e+00   1.0597937e-05
   7.4400000e+02   0.0000000e+00   1.0501957e-05
   7.4500000e+02   0.0000000e+00   1.0406845e-05
   7.4600000e+02   0.0000000e+00   1.0312595e-05
   7.4700000e+02   0.0000000e+00   1.0219198e-05
   7.4800000e+02   0.0000000e+00   1.0126647e-05
   7.4900000e+02   0.0000000e+00   1.0034934e-05
   7.5000000e+02   1.0000000e+00   9.9440524e-06
   7.5100000e+02   0.0000000e+00   9.8539935e-06
   7.5200000e+02   0.0000000e+00   9.7647502e-06
   7.5300000e+02   0.0000000e+00   9.6763151e-06
   7.5400000e+02   0.0000000e+00   9.5886809e-06
   7.5500000e+02   0.0000000e+00   9.5018404e-06
   7.5600000e+02   0.0000000e+00   9.4157864e-06
   7.5700000e+02   0.0000000e+00   9.3305117e-06
   7.5800000e+02   0.0000000e+00   9.2460093e-06
   7.5900000e+02   0.0000000e+00   9.1622722e-06
   7.6000000e+02   0.0000000e+00   9.0792935e-06
   7.6100000e+02   0.0000000e+00   8.9970663e-06
   7.6200000e+02   0.0000000e+00   8.9155838e-06
   7.6300000e+02   0.0000000e+00   8.8348392e-06
   7.6400000e+02   0.0000000e+00   8.7548260e-06
   7.6500000e+02   0.0000000e+00   8.6755373e-06
   7.6600000e+02   0.0000000e+00   8.5969668e-06
   7.6700000e+02   0.0000000e+00   8.5191078e-06
   7.6800000e+02   0.0000000e+00   8.4419539e-06
   7.6900000e+02   0.0000000e+00   8.3654988e-06
   7.7000000e+02   0.0000000e+00   8.2897361e-06
   7.7100000e+02   0.0000000e+00   8.2146596e-06
   7.7200000e+02   0.0000000e+00   8.1402630e-06
   7.7300000e+02   0.0000000e+00   8.0665402e-06
   7.7400000e+02   0.0000000e+00   7.9934851e-06
   7.7500000e+02   0.0000000e+00   7.9210915e-06
   7.7600000e+02   0.0000000e+00   7.8493537e-06
   7.7700000e+02   0.0000000e+00   7.7782655e-06
   7.7800000e+02   0.0000000e+00   7.7078211e-06
   7.7900000e+02   0.0000000e+00   7.6380148e-06
   7.8000000e+02   0.0000000e+00   7.5688406e-06
   7.8100000e+02   0.0000000e+00   7.5002929e-06
   7.8200000e+02   0.0000000e+00   7.4323660e-06
   7.8300000e+02   0.0000000e+00   7.3650543e-06
   7.8400000e+02   0.0000000e+00   7.2983522e-06
   7.8500000e+02   0.0000000e+00   7.2322542e-06
   7.8600000e+02   0.0000000e+00   7.1667548e-06
   7.8700000e+02   0.0000000e+00   7.1018487e-06
   7.8800000e+02   0.0000000e+00   7.0375303e-06
   7.8900000e+02   0.0000000e+00   6.9737945e-06
   7.9000000e+02   0.0000000e+00   6.9106358e-06
   7.9100000e+02   0.0000000e+00   6.8480492e-06
   7.9200000e+02   0.0000000e+00   6.7860294e-06
   7.9300000e+02   0.0000000e+00   6.7245713e-06
   7.9400000e+02   0.0000000e+00   6.6636698e-06
   7.9500000e+02   0.0000000e+00   6.6033198e-06
   7.9600000e+02   0.0000000e+00   6.5435165e-06
   7.9700000e+02   0.0000000e+00   6.4842547e-06
   7.9800000e+02   0.0000000e+00   6.4255296e-06
   7.9900000e+02   1.0000000e+00   6.3673364e-06
