   1.0000000e+00   3.0000000e+00   1.0436883e-02
   2.0000000e+00   5.0000000e+00   1.0327954e-02
   3.0000000e+00   4.0000000e+00   1.0220163e-02
   4.0000000e+00   1.0000000e+01   1.0113496e-02
   5.0000000e+00   4.0000000e+00   1.0007943e-02
   6.0000000e+00   4.0000000e+00   9.9034908e-03
   7.0000000e+00   6.0000000e+00   9.8001293e-03
   8.0000000e+00   3.0000000e+00   9.6978465e-03
   9.0000000e+00   4.0000000e+00   9.5966312e-03
   1.0000000e+01   4.0000000e+00   9.4964723e-03
   1.1000000e+01   4.0000000e+00   9.3973587e-03
   1.2000000e+01   4.0000000e+00   9.2992796e-03
   1.3000000e+01   3.0000000e+00   9.2022241e-03
   1.4000000e+01   8.0000000e+00   9.1061815e-03
   1.5000000e+01   6.0000000e+00   9.0111414e-03
   1.6000000e+01   3.0000000e+00   8.9170932e-03
   1.7000000e+01   4.0000000e+00   8.8240265e-03
   1.8000000e+01   6.0000000e+00   8.7319312e-03
   1.9000000e+01   6.0000000e+00   8.6407970e-03
   2.0000000e+01   5.0000000e+00   8.5506141e-03
   2.1000000e+01   4.0000000e+00   8.4613723e-03
   2.2000000e+01   3.0000000e+00   8.3730619e-03
   2.3000000e+01   3.0000000e+00   8.2856733e-03
   2.4000000e+01   5.0000000e+00   8.1991967e-03
   2.5000000e+01   2.0000000e+00   8.1136226e-03
   2.6000000e+01   2.0000000e+00   8.0289417e-03
   2.7000000e+01   1.0000000e+00   7.9451446e-03
   2.8000000e+01   6.0000000e+00   7.8622220e-03
   2.9000000e+01   3.0000000e+00   7.7801649e-03
   3.0000000e+01   4.0000000e+00   7.6989643e-03
   3.1000000e+01   4.0000000e+00   7.6186111e-03
   3.2000000e+01   1.0000000e+00   7.5390965e-03
   3.3000000e+01   1.0000000e+00   7.4604119e-03
   3.4000000e+01   3.0000000e+00   7.3825484e-03
   3.5000000e+01   2.0000000e+00   7.3054976e-03
   3.6000000e+01   5.0000000e+00   7.2292510e-03
   3.7000000e+01   6.0000000e+00   7.1538002e-03
   3.8000000e+01   3.0000000e+00   7.0791368e-03
   3.9000000e+01   3.0000000e+00   7.0052527e-03
   4.0000000e+01   3.0000000e+00   6.9321397e-03
   4.1000000e+01   2.0000000e+00   6.8597897e-03
   4.2000000e+01   1.0000000e+01   6.7881949e-03
   4.3000000e+01   2.0000000e+00   6.7173473e-03
   4.4000000e+01   4.0000000e+00   6.6472392e-03
   4.5000000e+01   5.0000000e+00   6.5778627e-03
   4.6000000e+01   4.0000000e+00   6.5092103e-03
   4.7000000e+01   2.0000000e+00   6.4412745e-03
   4.8000000e+01   4.0000000e+00   6.3740476e-03
   4.9000000e+01   3.0000000e+00   6.3075224e-03
   5.0000000e+01   1.0000000e+00   6.2416916e-03
   5.1000000e+01   4.0000000e+00   6.1765478e-03
   5.2000000e+01   2.0000000e+00   6.1120839e-03
   5.3000000e+01   3.0000000e+00   6.0482928e-03
   5.4000000e+01   3.0000000e+00   5.9851674e-03
   5.5000000e+01   5.0000000e+00   5.9227009e-03
   5.6000000e+01   1.0000000e+00   5.8608864e-03
   5.7000000e+01   1.0000000e+00   5.7997170e-03
   5.8000000e+01   3.0000000e+00   5.7391861e-03
   5.9000000e+01   2.0000000e+00   5.6792869e-03
   6.0000000e+01   5.0000000e+00   5.6200128e-03
   6.1000000e+01   5.0000000e+00   5.5613574e-03
   6.2000000e+01   2.0000000e+00   5.5033142e-03
   6.3000000e+01   2.0000000e+00   5.4458767e-03
   6.4000000e+01   2.0000000e+00   5.3890387e-03
   6.5000000e+01   4.0000000e+00   5.3327940e-03
   6.6000000e+01   2.0000000e+00   5.2771362e-03
   6.7000000e+01   1.0000000e+00   5.2220594e-03
   6.8000000e+01   1.0000000e+00   5.1675573e-03
   6.9000000e+01   1.0000000e+00   5.1136242e-03
   7.0000000e+01   3.0000000e+00   5.0602539e-03
   7.1000000e+01   1.0000000e+00   5.0074406e-03
   7.2000000e+01   2.0000000e+00   4.9551785e-03
   7.3000000e+01   3.0000000e+00   4.9034619e-03
   7.4000000e+01   2.0000000e+00   4.8522850e-03
   7.5000000e+01   4.0000000e+00   4.8016423e-03
   7.6000000e+01   3.0000000e+00   4.7515281e-03
   7.7000000e+01   2.0000000e+00   4.7019370e-03
   7.8000000e+01   1.0000000e+00   4.6528634e-03
   7.9000000e+01   2.0000000e+00   4.6043020e-03
   8.0000000e+01   1.0000000e+00   4.5562475e-03
   8.1000000e+01   5.0000000e+00   4.5086945e-03
   8.2000000e+01   3.0000000e+00   4.4616377e-03
   8.3000000e+01   3.0000000e+00   4.4150721e-03
   8.4000000e+01   0.0000000e+00   4.3689926e-03
   8.5000000e+01   1.0000000e+00   4.3233939e-03
   8.6000000e+01   4.0000000e+00   4.2782711e-03
   8.7000000e+01   1.0000000e+00   4.2336193e-03
   8.8000000e+01   0.0000000e+00   4.1894335e-03
   8.9000000e+01   3.0000000e+00   4.1457089e-03
   9.0000000e+01   0.0000000e+00   4.1024406e-03
   9.1000000e+01   2.0000000e+00   4.0596239e-03
   9.2000000e+01   2.0000000e+00   4.0172541e-03
   9.3000000e+01   2.0000000e+00   3.9753265e-03
   9.4000000e+01   1.0000000e+00   3.9338365e-03
   9.5000000e+01   4.0000000e+00   3.8927795e-03
   9.6000000e+01   1.0000000e+00   3.8521510e-03
   9.7000000e+01   1.0000000e+00   3.8119466e-03
   9.8000000e+01   1.0000000e+00   3.7721617e-03
   9.9000000e+01   3.0000000e+00   3.7327921e-03
   1.0000000e+02   0.0000000e+00   3.6938334e-03
   1.0100000e+02   1.0000000e+00   3.6552813e-03
   1.0200000e+02   3.0000000e+00   3.6171316e-03
   1.0300000e+02   5.0000000e+00   3.5793800e-03
   1.0400000e+02   2.0000000e+00   3.5420224e-03
   1.0500000e+02   1.0000000e+00   3.5050547e-03
   1.0600000e+02   4.0000000e+00   3.4684729e-03
   1.0700000e+02   1.0000000e+00   3.4322729e-03
   1.0800000e+02   2.0000000e+00   3.3964506e-03
   1.0900000e+02   0.0000000e+00   3.3610023e-03
   1.1000000e+02   1.0000000e+00   3.3259239e-03
   1.1100000e+02   2.0000000e+00   3.2912116e-03
   1.1200000e+02   3.0000000e+00   3.2568616e-03
   1.1300000e+02   2.0000000e+00   3.2228701e-03
   1.1400000e+02   0.0000000e+00   3.1892334e-03
   1.1500000e+02   2.0000000e+00   3.1559478e-03
   1.1600000e+02   1.0000000e+00   3.1230095e-03
   1.1700000e+02   1.0000000e+00   3.0904150e-03
   1.1800000e+02   0.0000000e+00   3.0581607e-03
   1.1900000e+02   0.0000000e+00   3.0262431e-03
   1.2000000e+02   1.0000000e+00   2.9946585e-03
   1.2100000e+02   3.0000000e+00   2.9634036e-03
   1.2200000e+02   5.0000000e+00   2.9324749e-03
   1.2300000e+02   4.0000000e+00   2.9018690e-03
   1.2400000e+02   1.0000000e+00   2.8715826e-03
   1.2500000e+02   2.0000000e+00   2.8416122e-03
   1.2600000e+02   6.0000000e+00   2.8119546e-03
   1.2700000e+02   0.0000000e+00   2.7826066e-03
   1.2800000e+02   1.0000000e+00   2.7535648e-03
   1.2900000e+02   0.0000000e+00   2.7248262e-03
   1.3000000e+02   1.0000000e+00   2.6963875e-03
   1.3100000e+02   1.0000000e+00   2.6682456e-03
   1.3200000e+02   2.0000000e+00   2.6403975e-03
   1.3300000e+02   0.0000000e+00   2.6128399e-03
   1.3400000e+02   2.0000000e+00   2.5855700e-03
   1.3500000e+02   1.0000000e+00   2.5585847e-03
   1.3600000e+02   1.0000000e+00   2.5318811e-03
   1.3700000e+02   3.0000000e+00   2.5054561e-03
   1.3800000e+02   1.0000000e+00   2.4793070e-03
   1.3900000e+02   2.0000000e+00   2.4534308e-03
   1.4000000e+02   0.0000000e+00   2.4278246e-03
   1.4100000e+02   0.0000000e+00   2.4024857e-03
   1.4200000e+02   2.0000000e+00   2.3774112e-03
   1.4300000e+02   0.0000000e+00   2.3525984e-03
   1.4400000e+02   2.0000000e+00   2.3280447e-03
   1.4500000e+02   3.0000000e+00   2.3037471e-03
   1.4600000e+02   3.0000000e+00   2.2797032e-03
   1.4700000e+02   1.0000000e+00   2.2559102e-03
   1.4800000e+02   0.0000000e+00   2.2323655e-03
   1.4900000e+02   0.0000000e+00   2.2090666e-03
   1.5000000e+02   0.0000000e+00   2.1860108e-03
   1.5100000e+02   0.0000000e+00   2.1631957e-03
   1.5200000e+02   0.0000000e+00   2.1406187e-03
   1.5300000e+02   2.0000000e+00   2.1182773e-03
   1.5400000e+02   3.0000000e+00   2.0961691e-03
   1.5500000e+02   1.0000000e+00   2.0742916e-03
   1.5600000e+02   1.0000000e+00   2.0526424e-03
   1.5700000e+02   0.0000000e+00   2.0312193e-03
   1.5800000e+02   0.0000000e+00   2.0100197e-03
   1.5900000e+02   0.0000000e+00   1.9890413e-03
   1.6000000e+02   0.0000000e+00   1.9682819e-03
   1.6100000e+02   0.0000000e+00   1.9477392e-03
   1.6200000e+02   1.0000000e+00   1.9274109e-03
   1.6300000e+02   0.0000000e+00   1.9072947e-03
   1.6400000e+02   0.0000000e+00   1.8873885e-03
   1.6500000e+02   1.0000000e+00   1.8676901e-03
   1.6600000e+02   2.0000000e+00   1.8481972e-03
   1.6700000e+02   2.0000000e+00   1.8289078e-03
   1.6800000e+02   1.0000000e+00   1.8098197e-03
   1.6900000e+02   4.0000000e+00   1.7909308e-03
   1.7000000e+02   2.0000000e+00   1.7722391e-03
   1.7100000e+02   1.0000000e+00   1.7537424e-03
   1.7200000e+02   0.0000000e+00   1.7354388e-03
   1.7300000e+02   1.0000000e+00   1.7173262e-03
   1.7400000e+02   1.0000000e+00   1.6994027e-03
   1.7500000e+02   0.0000000e+00   1.6816662e-03
   1.7600000e+02   1.0000000e+00   1.6641149e-03
   1.7700000e+02   0.0000000e+00   1.6467467e-03
   1.7800000e+02   1.0000000e+00   1.6295598e-03
   1.7900000e+02   0.0000000e+00   1.6125523e-03
   1.8000000e+02   0.0000000e+00   1.5957223e-03
   1.8100000e+02   0.0000000e+00   1.5790679e-03
   1.8200000e+02   0.0000000e+00   1.5625874e-03
   1.8300000e+02   0.0000000e+00   1.5462788e-03
   1.8400000e+02   1.0000000e+00   1.5301405e-03
   1.8500000e+02   0.0000000e+00   1.5141706e-03
   1.8600000e+02   0.0000000e+00   1.4983674e-03
   1.8700000e+02   1.0000000e+00   1.4827291e-03
   1.8800000e+02   3.0000000e+00   1.4672540e-03
   1.8900000e+02   0.0000000e+00   1.4519405e-03
   1.9000000e+02   1.0000000e+00   1.4367867e-03
   1.9100000e+02   2.0000000e+00   1.4217911e-03
   1.9200000e+02   3.0000000e+00   1.4069521e-03
   1.9300000e+02   1.0000000e+00   1.3922679e-03
   1.9400000e+02   0.0000000e+00   1.3777370e-03
   1.9500000e+02   1.0000000e+00   1.3633577e-03
   1.9600000e+02   0.0000000e+00   1.3491285e-03
   1.9700000e+02   1.0000000e+00   1.3350478e-03
   1.9800000e+02   1.0000000e+00   1.3211140e-03
   1.9900000e+02   0.0000000e+00   1.3073257e-03
   2.0000000e+02   0.0000000e+00   1.2936813e-03
   2.0100000e+02   0.0000000e+00   1.2801793e-03
   2.0200000e+02   1.0000000e+00   1.2668182e-03
   2.0300000e+02   0.0000000e+00   1.2535966e-03
   2.0400000e+02   2.0000000e+00   1.2405130e-03
   2.0500000e+02   0.0000000e+00   1.2275659e-03
   2.0600000e+02   0.0000000e+00   1.2147539e-03
   2.0700000e+02   0.0000000e+00   1.2020757e-03
   2.0800000e+02   1.0000000e+00   1.1895297e-03
   2.0900000e+02   1.0000000e+00   1.1771148e-03
   2.1000000e+02   2.0000000e+00   1.1648294e-03
   2.1100000e+02   0.0000000e+00   1.1526722e-03
   2.1200000e+02   0.0000000e+00   1.1406419e-03
   2.1300000e+02   1.0000000e+00   1.1287371e-03
   2.1400000e+02   0.0000000e+00   1.1169566e-03
   2.1500000e+02   1.0000000e+00   1.1052991e-03
   2.1600000e+02   0.0000000e+00   1.0937632e-03
   2.1700000e+02   1.0000000e+00   1.0823477e-03
   2.1800000e+02   0.0000000e+00   1.0710514e-03
   2.1900000e+02   1.0000000e+00   1.0598729e-03
   2.2000000e+02   0.0000000e+00   1.0488112e-03
   2.2100000e+02   1.0000000e+00   1.0378649e-03
   2.2200000e+02   2.0000000e+00   1.0270328e-03
   2.2300000e+02   0.0000000e+00   1.0163138e-03
   2.2400000e+02   0.0000000e+00   1.0057066e-03
   2.2500000e+02   1.0000000e+00   9.9521017e-04
   2.2600000e+02   0.0000000e+00   9.8482328e-04
   2.2700000e+02   0.0000000e+00   9.7454480e-04
   2.2800000e+02   1.0000000e+00   9.6437359e-04
   2.2900000e+02   0.0000000e+00   9.5430853e-04
   2.3000000e+02   1.0000000e+00   9.4434853e-04
   2.3100000e+02   0.0000000e+00   9.3449247e-04
   2.3200000e+02   0.0000000e+00   9.2473928e-04
   2.3300000e+02   0.0000000e+00   9.1508789e-04
   2.3400000e+02   0.0000000e+00   9.0553722e-04
   2.3500000e+02   2.0000000e+00   8.9608624e-04
   2.3600000e+02   0.0000000e+00   8.8673389e-04
   2.3700000e+02   0.0000000e+00   8.7747915e-04
   2.3800000e+02   0.0000000e+00   8.6832101e-04
   2.3900000e+02   2.0000000e+00   8.5925844e-04
   2.4000000e+02   1.0000000e+00   8.5029046e-04
   2.4100000e+02   0.0000000e+00   8.4141608e-04
   2.4200000e+02   0.0000000e+00   8.3263432e-04
   2.4300000e+02   0.0000000e+00   8.2394421e-04
   2.4400000e+02   0.0000000e+00   8.1534480e-04
   2.4500000e+02   0.0000000e+00   8.0683514e-04
   2.4600000e+02   0.0000000e+00   7.9841430e-04
   2.4700000e+02   0.0000000e+00   7.9008134e-04
   2.4800000e+02   1.0000000e+00   7.8183536e-04
   2.4900000e+02   0.0000000e+00   7.7367543e-04
   2.5000000e+02   1.0000000e+00   7.6560067e-04
   2.5100000e+02   0.0000000e+00   7.5761019e-04
   2.5200000e+02   1.0000000e+00   7.4970310e-04
   2.5300000e+02   1.0000000e+00   7.4187854e-04
   2.5400000e+02   0.0000000e+00   7.3413564e-04
   2.5500000e+02   0.0000000e+00   7.2647355e-04
   2.5600000e+02   0.0000000e+00   7.1889143e-04
   2.5700000e+02   0.0000000e+00   7.1138845e-04
   2.5800000e+02   0.0000000e+00   7.0396377e-04
   2.5900000e+02   0.0000000e+00   6.9661658e-04
   2.6000000e+02   0.0000000e+00   6.8934608e-04
   2.6100000e+02   0.0000000e+00   6.8215145e-04
   2.6200000e+02   0.0000000e+00   6.7503192e-04
   2.6300000e+02   0.0000000e+00   6.6798669e-04
   2.6400000e+02   0.0000000e+00   6.6101499e-04
   2.6500000e+02   3.0000000e+00   6.5411605e-04
   2.6600000e+02   0.0000000e+00   6.4728912e-04
   2.6700000e+02   0.0000000e+00   6.4053344e-04
   2.6800000e+02   4.0000000e+00   6.3384827e-04
   2.6900000e+02   1.0000000e+00   6.2723287e-04
   2.7000000e+02   0.0000000e+00   6.2068651e-04
   2.7100000e+02   0.0000000e+00   6.1420848e-04
   2.7200000e+02   1.0000000e+00   6.0779806e-04
   2.7300000e+02   0.0000000e+00   6.0145454e-04
   2.7400000e+02   1.0000000e+00   5.9517723e-04
   2.7500000e+02   0.0000000e+00   5.8896543e-04
   2.7600000e+02   0.0000000e+00   5.8281847e-04
   2.7700000e+02   0.0000000e+00   5.7673566e-04
   2.7800000e+02   0.0000000e+00   5.7071634e-04
   2.7900000e+02   1.0000000e+00   5.6475984e-04
   2.8000000e+02   0.0000000e+00   5.5886551e-04
   2.8100000e+02   0.0000000e+00   5.5303270e-04
   2.8200000e+02   0.0000000e+00   5.4726076e-04
   2.8300000e+02   0.0000000e+00   5.4154906e-04
   2.8400000e+02   0.0000000e+00   5.3589698e-04
   2.8500000e+02   0.0000000e+00   5.3030388e-04
   2.8600000e+02   0.0000000e+00   5.2476916e-04
   2.8700000e+02   0.0000000e+00   5.1929221e-04
   2.8800000e+02   0.0000000e+00   5.1387242e-04
   2.8900000e+02   0.0000000e+00   5.0850919e-04
   2.9000000e+02   1.0000000e+00   5.0320194e-04
   2.9100000e+02   0.0000000e+00   4.9795008e-04
   2.9200000e+02   1.0000000e+00   4.9275303e-04
   2.9300000e+02   0.0000000e+00   4.8761023e-04
   2.9400000e+02   0.0000000e+00   4.8252110e-04
   2.9500000e+02   0.0000000e+00   4.7748508e-04
   2.9600000e+02   0.0000000e+00   4.7250163e-04
   2.9700000e+02   0.0000000e+00   4.6757018e-04
   2.9800000e+02   0.0000000e+00   4.6269021e-04
   2.9900000e+02   0.0000000e+00   4.5786116e-04
   3.0000000e+02   0.0000000e+00   4.5308252e-04
   3.0100000e+02   0.0000000e+00   4.4835375e-04
   3.0200000e+02   0.0000000e+00   4.4367434e-04
   3.0300000e+02   0.0000000e+00   4.3904376e-04
   3.0400000e+02   1.0000000e+00   4.3446151e-04
   3.0500000e+02   0.0000000e+00   4.2992709e-04
   3.0600000e+02   0.0000000e+00   4.2543999e-04
   3.0700000e+02   0.0000000e+00   4.2099972e-04
   3.0800000e+02   0.0000000e+00   4.1660580e-04
   3.0900000e+02   0.0000000e+00   4.1225773e-04
   3.1000000e+02   0.0000000e+00   4.0795504e-04
   3.1100000e+02   0.0000000e+00   4.0369727e-04
   3.1200000e+02   0.0000000e+00   3.9948392e-04
   3.1300000e+02   0.0000000e+00   3.9531456e-04
   3.1400000e+02   0.0000000e+00   3.9118871e-04
   3.1500000e+02   0.0000000e+00   3.8710592e-04
   3.1600000e+02   0.0000000e+00   3.8306574e-04
   3.1700000e+02   1.0000000e+00   3.7906772e-04
   3.1800000e+02   0.0000000e+00   3.7511144e-04
   3.1900000e+02   1.0000000e+00   3.7119644e-04
   3.2000000e+02   0.0000000e+00   3.6732231e-04
   3.2100000e+02   0.0000000e+00   3.6348861e-04
   3.2200000e+02   0.0000000e+00   3.5969492e-04
   3.2300000e+02   0.0000000e+00   3.5594083e-04
   3.2400000e+02   0.0000000e+00   3.5222592e-04
   3.2500000e+02   0.0000000e+00   3.4854978e-04
   3.2600000e+02   1.0000000e+00   3.4491200e-04
   3.2700000e+02   0.0000000e+00   3.4131220e-04
   3.2800000e+02   1.0000000e+00   3.3774996e-04
   3.2900000e+02   0.0000000e+00   3.3422490e-04
   3.3000000e+02   1.0000000e+00   3.3073664e-04
   3.3100000e+02   0.0000000e+00   3.2728478e-04
   3.3200000e+02   0.0000000e+00   3.2386895e-04
   3.3300000e+02   0.0000000e+00   3.2048876e-04
   3.3400000e+02   0.0000000e+00   3.1714386e-04
   3.3500000e+02   0.0000000e+00   3.1383387e-04
   3.3600000e+02   0.0000000e+00   3.1055842e-04
   3.3700000e+02   0.0000000e+00   3.0731716e-04
   3.3800000e+02   0.0000000e+00   3.0410972e-04
   3.3900000e+02   0.0000000e+00   3.0093577e-04
   3.4000000e+02   0.0000000e+00   2.9779494e-04
   3.4100000e+02   0.0000000e+00   2.9468689e-04
   3.4200000e+02   0.0000000e+00   2.9161127e-04
   3.4300000e+02   1.0000000e+00   2.8856776e-04
   3.4400000e+02   2.0000000e+00   2.8555601e-04
   3.4500000e+02   0.0000000e+00   2.8257570e-04
   3.4600000e+02   0.0000000e+00   2.7962649e-04
   3.4700000e+02   0.0000000e+00   2.7670806e-04
   3.4800000e+02   0.0000000e+00   2.7382009e-04
   3.4900000e+02   1.0000000e+00   2.7096226e-04
   3.5000000e+02   1.0000000e+00   2.6813426e-04
   3.5100000e+02   0.0000000e+00   2.6533577e-04
   3.5200000e+02   0.0000000e+00   2.6256650e-04
   3.5300000e+02   0.0000000e+00   2.5982612e-04
   3.5400000e+02   0.0000000e+00   2.5711435e-04
   3.5500000e+02   0.0000000e+00   2.5443087e-04
   3.5600000e+02   0.0000000e+00   2.5177541e-04
   3.5700000e+02   0.0000000e+00   2.4914766e-04
   3.5800000e+02   0.0000000e+00   2.4654733e-04
   3.5900000e+02   0.0000000e+00   2.4397415e-04
   3.6000000e+02   0.0000000e+00   2.4142782e-04
   3.6100000e+02   0.0000000e+00   2.3890806e-04
   3.6200000e+02   0.0000000e+00   2.3641461e-04
   3.6300000e+02   0.0000000e+00   2.3394718e-04
   3.6400000e+02   0.0000000e+00   2.3150550e-04
   3.6500000e+02   0.0000000e+00   2.2908930e-04
   3.6600000e+02   0.0000000e+00   2.2669832e-04
   3.6700000e+02   0.0000000e+00   2.2433230e-04
   3.6800000e+02   0.0000000e+00   2.2199097e-04
   3.6900000e+02   0.0000000e+00   2.1967408e-04
   3.7000000e+02   0.0000000e+00   2.1738136e-04
   3.7100000e+02   0.0000000e+00   2.1511258e-04
   3.7200000e+02   0.0000000e+00   2.1286748e-04
   3.7300000e+02   0.0000000e+00   2.1064580e-04
   3.7400000e+02   0.0000000e+00   2.0844732e-04
   3.7500000e+02   0.0000000e+00   2.0627178e-04
   3.7600000e+02   0.0000000e+00   2.0411894e-04
   3.7700000e+02   0.0000000e+00   2.0198858e-04
   3.7800000e+02   0.0000000e+00   1.9988045e-04
   3.7900000e+02   0.0000000e+00   1.9779432e-04
   3.8000000e+02   0.0000000e+00   1.9572996e-04
   3.8100000e+02   0.0000000e+00   1.9368715e-04
   3.8200000e+02   0.0000000e+00   1.9166566e-04
   3.8300000e+02   0.0000000e+00   1.8966527e-04
   3.8400000e+02   0.0000000e+00   1.8768575e-04
   3.8500000e+02   0.0000000e+00   1.8572690e-04
   3.8600000e+02   0.0000000e+00   1.8378849e-04
   3.8700000e+02   1.0000000e+00   1.8187031e-04
   3.8800000e+02   0.0000000e+00   1.7997215e-04
   3.8900000e+02   0.0000000e+00   1.7809380e-04
   3.9000000e+02   1.0000000e+00   1.7623506e-04
   3.9100000e+02   0.0000000e+00   1.7439571e-04
   3.9200000e+02   0.0000000e+00   1.7257557e-04
   3.9300000e+02   0.0000000e+00   1.7077442e-04
   3.9400000e+02   0.0000000e+00   1.6899206e-04
   3.9500000e+02   0.0000000e+00   1.6722831e-04
   3.9600000e+02   0.0000000e+00   1.6548297e-04
   3.9700000e+02   0.0000000e+00   1.6375584e-04
   3.9800000e+02   0.0000000e+00   1.6204674e-04
   3.9900000e+02   0.0000000e+00   1.6035548e-04
   4.0000000e+02   0.0000000e+00   1.5868187e-04
   4.0100000e+02   0.0000000e+00   1.5702573e-04
   4.0200000e+02   0.0000000e+00   1.5538687e-04
   4.0300000e+02   0.0000000e+00   1.5376511e-04
   4.0400000e+02   0.0000000e+00   1.5216028e-04
   4.0500000e+02   0.0000000e+00   1.5057220e-04
   4.0600000e+02   0.0000000e+00   1.4900070e-04
   4.0700000e+02   0.0000000e+00   1.4744560e-04
   4.0800000e+02   0.0000000e+00   1.4590672e-04
   4.0900000e+02   0.0000000e+00   1.4438391e-04
   4.1000000e+02   0.0000000e+00   1.4287700e-04
   4.1100000e+02   0.0000000e+00   1.4138581e-04
   4.1200000e+02   0.0000000e+00   1.3991018e-04
   4.1300000e+02   0.0000000e+00   1.3844995e-04
   4.1400000e+02   0.0000000e+00   1.3700497e-04
   4.1500000e+02   0.0000000e+00   1.3557506e-04
   4.1600000e+02   0.0000000e+00   1.3416008e-04
   4.1700000e+02   0.0000000e+00   1.3275987e-04
   4.1800000e+02   0.0000000e+00   1.3137427e-04
   4.1900000e+02   0.0000000e+00   1.3000313e-04
   4.2000000e+02   0.0000000e+00   1.2864630e-04
   4.2100000e+02   0.0000000e+00   1.2730364e-04
   4.2200000e+02   0.0000000e+00   1.2597498e-04
   4.2300000e+02   0.0000000e+00   1.2466020e-04
   4.2400000e+02   1.0000000e+00   1.2335913e-04
   4.2500000e+02   0.0000000e+00   1.2207165e-04
   4.2600000e+02   0.0000000e+00   1.2079760e-04
   4.2700000e+02   0.0000000e+00   1.1953685e-04
   4.2800000e+02   0.0000000e+00   1.1828926e-04
   4.2900000e+02   0.0000000e+00   1.1705469e-04
   4.3000000e+02   0.0000000e+00   1.1583300e-04
   4.3100000e+02   0.0000000e+00   1.1462407e-04
   4.3200000e+02   0.0000000e+00   1.1342775e-04
   4.3300000e+02   0.0000000e+00   1.1224392e-04
   4.3400000e+02   0.0000000e+00   1.1107244e-04
   4.3500000e+02   0.0000000e+00   1.0991319e-04
   4.3600000e+02   0.0000000e+00   1.0876604e-04
   4.3700000e+02   0.0000000e+00   1.0763086e-04
   4.3800000e+02   0.0000000e+00   1.0650753e-04
   4.3900000e+02   0.0000000e+00   1.0539592e-04
   4.4000000e+02   0.0000000e+00   1.0429592e-04
   4.4100000e+02   0.0000000e+00   1.0320739e-04
   4.4200000e+02   0.0000000e+00   1.0213023e-04
   4.4300000e+02   0.0000000e+00   1.0106431e-04
   4.4400000e+02   0.0000000e+00   1.0000951e-04
   4.4500000e+02   0.0000000e+00   9.8965725e-05
   4.4600000e+02   0.0000000e+00   9.7932831e-05
   4.4700000e+02   0.0000000e+00   9.6910718e-05
   4.4800000e+02   0.0000000e+00   9.5899272e-05
   4.4900000e+02   0.0000000e+00   9.4898382e-05
   4.5000000e+02   0.0000000e+00   9.3907939e-05
   4.5100000e+02   0.0000000e+00   9.2927833e-05
   4.5200000e+02   0.0000000e+00   9.1957956e-05
   4.5300000e+02   0.0000000e+00   9.0998202e-05
   4.5400000e+02   0.0000000e+00   9.0048464e-05
   4.5500000e+02   0.0000000e+00   8.9108639e-05
   4.5600000e+02   0.0000000e+00   8.8178622e-05
   4.5700000e+02   0.0000000e+00   8.7258313e-05
   4.5800000e+02   0.0000000e+00   8.6347608e-05
   4.5900000e+02   0.0000000e+00   8.5446408e-05
   4.6000000e+02   0.0000000e+00   8.4554614e-05
   4.6100000e+02   0.0000000e+00   8.3672127e-05
   4.6200000e+02   0.0000000e+00   8.2798851e-05
   4.6300000e+02   0.0000000e+00   8.1934689e-05
   4.6400000e+02   0.0000000e+00   8.1079546e-05
   4.6500000e+02   0.0000000e+00   8.0233329e-05
   4.6600000e+02   0.0000000e+00   7.9395943e-05
   4.6700000e+02   0.0000000e+00   7.8567297e-05
   4.6800000e+02   0.0000000e+00   7.7747299e-05
   4.6900000e+02   0.0000000e+00   7.6935860e-05
   4.7000000e+02   0.0000000e+00   7.6132889e-05
   4.7100000e+02   0.0000000e+00   7.5338299e-05
   4.7200000e+02   0.0000000e+00   7.4552002e-05
   4.7300000e+02   0.0000000e+00   7.3773911e-05
   4.7400000e+02   0.0000000e+00   7.3003942e-05
   4.7500000e+02   0.0000000e+00   7.2242008e-05
   4.7600000e+02   0.0000000e+00   7.1488027e-05
   4.7700000e+02   0.0000000e+00   7.0741915e-05
   4.7800000e+02   0.0000000e+00   7.0003590e-05
   4.7900000e+02   0.0000000e+00   6.9272970e-05
   4.8000000e+02   0.0000000e+00   6.8549976e-05
   4.8100000e+02   0.0000000e+00   6.7834528e-05
   4.8200000e+02   0.0000000e+00   6.7126547e-05
   4.8300000e+02   1.0000000e+00   6.6425956e-05
   4.8400000e+02   0.0000000e+00   6.5732676e-05
   4.8500000e+02   0.0000000e+00   6.5046631e-05
   4.8600000e+02   0.0000000e+00   6.4367747e-05
   4.8700000e+02   0.0000000e+00   6.3695949e-05
   4.8800000e+02   0.0000000e+00   6.3031162e-05
   4.8900000e+02   0.0000000e+00   6.2373313e-05
   4.9000000e+02   0.0000000e+00   6.1722330e-05
   4.9100000e+02   0.0000000e+00   6.1078141e-05
   4.9200000e+02   0.0000000e+00   6.0440676e-05
   4.9300000e+02   0.0000000e+00   5.9809863e-05
   4.9400000e+02   0.0000000e+00   5.9185635e-05
   4.9500000e+02   0.0000000e+00   5.8567921e-05
   4.9600000e+02   0.0000000e+00   5.7956655e-05
   4.9700000e+02   0.0000000e+00   5.7351768e-05
   4.9800000e+02   0.0000000e+00   5.6753194e-05
   4.9900000e+02   0.0000000e+00   5.6160868e-05
   5.0000000e+02   0.0000000e+00   5.5574723e-05
   5.0100000e+02   0.0000000e+00   5.4994697e-05
   5.0200000e+02   0.0000000e+00   5.4420723e-05
   5.0300000e+02   0.0000000e+00   5.3852741e-05
   5.0400000e+02   0.0000000e+00   5.3290686e-05
   5.0500000e+02   0.0000000e+00   5.2734497e-05
   5.0600000e+02   0.0000000e+00   5.2184114e-05
   5.0700000e+02   0.0000000e+00   5.1639474e-05
   5.0800000e+02   0.0000000e+00   5.1100519e-05
   5.0900000e+02   0.0000000e+00   5.0567189e-05
   5.1000000e+02   0.0000000e+00   5.0039425e-05
   5.1100000e+02   0.0000000e+00   4.9517169e-05
   5.1200000e+02   0.0000000e+00   4.9000365e-05
   5.1300000e+02   1.0000000e+00   4.8488953e-05
   5.1400000e+02   0.0000000e+00   4.7982880e-05
   5.1500000e+02   0.0000000e+00   4.7482088e-05
   5.1600000e+02   0.0000000e+00   4.6986523e-05
   5.1700000e+02   0.0000000e+00   4.6496130e-05
   5.1800000e+02   0.0000000e+00   4.6010856e-05
   5.1900000e+02   0.0000000e+00   4.5530646e-05
   5.2000000e+02   0.0000000e+00   4.5055448e-05
   5.2100000e+02   0.0000000e+00   4.4585209e-05
   5.2200000e+02   0.0000000e+00   4.4119879e-05
   5.2300000e+02   0.0000000e+00   4.3659405e-05
   5.2400000e+02   0.0000000e+00   4.3203737e-05
   5.2500000e+02   0.0000000e+00   4.2752824e-05
   5.2600000e+02   0.0000000e+00   4.2306618e-05
   5.2700000e+02   0.0000000e+00   4.1865069e-05
   5.2800000e+02   0.0000000e+00   4.1428128e-05
   5.2900000e+02   0.0000000e+00   4.0995748e-05
   5.3000000e+02   0.0000000e+00   4.0567880e-05
   5.3100000e+02   0.0000000e+00   4.0144478e-05
   5.3200000e+02   0.0000000e+00   3.9725494e-05
   5.3300000e+02   0.0000000e+00   3.9310884e-05
   5.3400000e+02   1.0000000e+00   3.8900601e-05
   5.3500000e+02   0.0000000e+00   3.8494600e-05
   5.3600000e+02   0.0000000e+00   3.8092836e-05
   5.3700000e+02   0.0000000e+00   3.7695266e-05
   5.3800000e+02   0.0000000e+00   3.7301845e-05
   5.3900000e+02   0.0000000e+00   3.6912530e-05
   5.4000000e+02   0.0000000e+00   3.6527278e-05
   5.4100000e+02   0.0000000e+00   3.6146047e-05
   5.4200000e+02   0.0000000e+00   3.5768795e-05
   5.4300000e+02   0.0000000e+00   3.5395480e-05
   5.4400000e+02   0.0000000e+00   3.5026062e-05
   5.4500000e+02   0.0000000e+00   3.4660499e-05
   5.4600000e+02   0.0000000e+00   3.4298751e-05
   5.4700000e+02   0.0000000e+00   3.3940779e-05
   5.4800000e+02   0.0000000e+00   3.3586543e-05
   5.4900000e+02   0.0000000e+00   3.3236005e-05
   5.5000000e+02   0.0000000e+00   3.2889124e-05
   5.5100000e+02   0.0000000e+00   3.2545864e-05
   5.5200000e+02   0.0000000e+00   3.2206187e-05
   5.5300000e+02   0.0000000e+00   3.1870055e-05
   5.5400000e+02   0.0000000e+00   3.1537431e-05
   5.5500000e+02   0.0000000e+00   3.1208278e-05
   5.5600000e+02   0.0000000e+00   3.0882561e-05
   5.5700000e+02   0.0000000e+00   3.0560244e-05
   5.5800000e+02   0.0000000e+00   3.0241290e-05
   5.5900000e+02   0.0000000e+00   2.9925665e-05
   5.6000000e+02   0.0000000e+00   2.9613334e-05
   5.6100000e+02   0.0000000e+00   2.9304264e-05
   5.6200000e+02   0.0000000e+00   2.8998418e-05
   5.6300000e+02   0.0000000e+00   2.8695765e-05
   5.6400000e+02   0.0000000e+00   2.8396271e-05
   5.6500000e+02   0.0000000e+00   2.8099902e-05
   5.6600000e+02   0.0000000e+00   2.7806627e-05
   5.6700000e+02   0.0000000e+00   2.7516413e-05
   5.6800000e+02   0.0000000e+00   2.7229227e-05
   5.6900000e+02   0.0000000e+00   2.6945039e-05
   5.7000000e+02   0.0000000e+00   2.6663816e-05
   5.7100000e+02   0.0000000e+00   2.6385529e-05
   5.7200000e+02   0.0000000e+00   2.6110147e-05
   5.7300000e+02   0.0000000e+00   2.5837638e-05
   5.7400000e+02   0.0000000e+00   2.5567974e-05
   5.7500000e+02   0.0000000e+00   2.5301124e-05
   5.7600000e+02   0.0000000e+00   2.5037059e-05
   5.7700000e+02   0.0000000e+00   2.4775750e-05
   5.7800000e+02   0.0000000e+00   2.4517168e-05
   5.7900000e+02   0.0000000e+00   2.4261286e-05
   5.8000000e+02   0.0000000e+00   2.4008073e-05
   5.8100000e+02   0.0000000e+00   2.3757504e-05
   5.8200000e+02   0.0000000e+00   2.3509550e-05
   5.8300000e+02   0.0000000e+00   2.3264183e-05
   5.8400000e+02   0.0000000e+00   2.3021378e-05
   5.8500000e+02   0.0000000e+00   2.2781106e-05
   5.8600000e+02   0.0000000e+00   2.2543343e-05
   5.8700000e+02   0.0000000e+00   2.2308060e-05
   5.8800000e+02   0.0000000e+00   2.2075234e-05
   5.8900000e+02   0.0000000e+00   2.1844837e-05
   5.9000000e+02   0.0000000e+00   2.1616845e-05
   5.9100000e+02   0.0000000e+00   2.1391233e-05
   5.9200000e+02   0.0000000e+00   2.1167975e-05
   5.9300000e+02   0.0000000e+00   2.0947047e-05
   5.9400000e+02   0.0000000e+00   2.0728425e-05
   5.9500000e+02   0.0000000e+00   2.0512085e-05
   5.9600000e+02   0.0000000e+00   2.0298003e-05
   5.9700000e+02   0.0000000e+00   2.0086155e-05
   5.9800000e+02   0.0000000e+00   1.9876518e-05
   5.9900000e+02   0.0000000e+00   1.9669069e-05
   6.0000000e+02   0.0000000e+00   1.9463786e-05
   6.0100000e+02   0.0000000e+00   1.9260644e-05
   6.0200000e+02   0.0000000e+00   1.9059623e-05
   6.0300000e+02   0.0000000e+00   1.8860700e-05
   6.0400000e+02   0.0000000e+00   1.8663853e-05
   6.0500000e+02   0.0000000e+00   1.8469061e-05
   6.0600000e+02   0.0000000e+00   1.8276301e-05
   6.0700000e+02   0.0000000e+00   1.8085554e-05
   6.0800000e+02   0.0000000e+00   1.7896797e-05
   6.0900000e+02   0.0000000e+00   1.7710010e-05
   6.1000000e+02   0.0000000e+00   1.7525173e-05
   6.1100000e+02   0.0000000e+00   1.7342265e-05
   6.1200000e+02   0.0000000e+00   1.7161266e-05
   6.1300000e+02   0.0000000e+00   1.6982155e-05
   6.1400000e+02   0.0000000e+00   1.6804915e-05
   6.1500000e+02   0.0000000e+00   1.6629524e-05
   6.1600000e+02   0.0000000e+00   1.6455963e-05
   6.1700000e+02   0.0000000e+00   1.6284214e-05
   6.1800000e+02   0.0000000e+00   1.6114258e-05
   6.1900000e+02   0.0000000e+00   1.5946075e-05
   6.2000000e+02   0.0000000e+00   1.5779648e-05
   6.2100000e+02   0.0000000e+00   1.5614958e-05
   6.2200000e+02   0.0000000e+00   1.5451986e-05
   6.2300000e+02   0.0000000e+00   1.5290716e-05
   6.2400000e+02   0.0000000e+00   1.5131128e-05
   6.2500000e+02   1.0000000e+00   1.4973206e-05
   6.2600000e+02   0.0000000e+00   1.4816933e-05
   6.2700000e+02   0.0000000e+00   1.4662290e-05
   6.2800000e+02   0.0000000e+00   1.4509262e-05
   6.2900000e+02   0.0000000e+00   1.4357830e-05
   6.3000000e+02   0.0000000e+00   1.4207979e-05
   6.3100000e+02   0.0000000e+00   1.4059692e-05
   6.3200000e+02   0.0000000e+00   1.3912953e-05
   6.3300000e+02   0.0000000e+00   1.3767745e-05
   6.3400000e+02   0.0000000e+00   1.3624053e-05
   6.3500000e+02   0.0000000e+00   1.3481860e-05
   6.3600000e+02   0.0000000e+00   1.3341151e-05
   6.3700000e+02   0.0000000e+00   1.3201911e-05
   6.3800000e+02   0.0000000e+00   1.3064125e-05
   6.3900000e+02   0.0000000e+00   1.2927776e-05
   6.4000000e+02   0.0000000e+00   1.2792850e-05
   6.4100000e+02   0.0000000e+00   1.2659333e-05
   6.4200000e+02   0.0000000e+00   1.2527209e-05
   6.4300000e+02   0.0000000e+00   1.2396464e-05
   6.4400000e+02   0.0000000e+00   1.2267083e-05
   6.4500000e+02   0.0000000e+00   1.2139053e-05
   6.4600000e+02   0.0000000e+00   1.2012359e-05
   6.4700000e+02   0.0000000e+00   1.1886988e-05
   6.4800000e+02   0.0000000e+00   1.1762925e-05
   6.4900000e+02   0.0000000e+00   1.1640156e-05
   6.5000000e+02   0.0000000e+00   1.1518669e-05
   6.5100000e+02   0.0000000e+00   1.1398450e-05
   6.5200000e+02   0.0000000e+00   1.1279486e-05
   6.5300000e+02   0.0000000e+00   1.1161763e-05
   6.5400000e+02   0.0000000e+00   1.1045269e-05
   6.5500000e+02   0.0000000e+00   1.0929991e-05
   6.5600000e+02   0.0000000e+00   1.0815916e-05
   6.5700000e+02   0.0000000e+00   1.0703032e-05
   6.5800000e+02   0.0000000e+00   1.0591325e-05
   6.5900000e+02   0.0000000e+00   1.0480785e-05
   6.6000000e+02   0.0000000e+00   1.0371398e-05
   6.6100000e+02   0.0000000e+00   1.0263153e-05
   6.6200000e+02   0.0000000e+00   1.0156038e-05
   6.6300000e+02   0.0000000e+00   1.0050041e-05
   6.6400000e+02   0.0000000e+00   9.9451494e-06
   6.6500000e+02   0.0000000e+00   9.8413531e-06
   6.6600000e+02   0.0000000e+00   9.7386400e-06
   6.6700000e+02   0.0000000e+00   9.6369990e-06
   6.6800000e+02   0.0000000e+00   9.5364187e-06
   6.6900000e+02   0.0000000e+00   9.4368883e-06
   6.7000000e+02   0.0000000e+00   9.3383966e-06
   6.7100000e+02   0.0000000e+00   9.2409328e-06
   6.7200000e+02   0.0000000e+00   9.1444863e-06
   6.7300000e+02   0.0000000e+00   9.0490464e-06
   6.7400000e+02   0.0000000e+00   8.9546025e-06
   6.7500000e+02   0.0000000e+00   8.8611444e-06
   6.7600000e+02   0.0000000e+00   8.7686617e-06
   6.7700000e+02   0.0000000e+00   8.6771442e-06
   6.7800000e+02   0.0000000e+00   8.5865818e-06
   6.7900000e+02   0.0000000e+00   8.4969647e-06
   6.8000000e+02   0.0000000e+00   8.4082829e-06
   6.8100000e+02   0.0000000e+00   8.3205266e-06
   6.8200000e+02   0.0000000e+00   8.2336862e-06
   6.8300000e+02   0.0000000e+00   8.1477522e-06
   6.8400000e+02   0.0000000e+00   8.0627151e-06
   6.8500000e+02   0.0000000e+00   7.9785655e-06
   6.8600000e+02   0.0000000e+00   7.8952941e-06
   6.8700000e+02   0.0000000e+00   7.8128919e-06
   6.8800000e+02   0.0000000e+00   7.7313496e-06
   6.8900000e+02   0.0000000e+00   7.6506584e-06
   6.9000000e+02   0.0000000e+00   7.5708094e-06
   6.9100000e+02   0.0000000e+00   7.4917938e-06
   6.9200000e+02   0.0000000e+00   7.4136028e-06
   6.9300000e+02   0.0000000e+00   7.3362279e-06
   6.9400000e+02   0.0000000e+00   7.2596605e-06
   6.9500000e+02   0.0000000e+00   7.1838923e-06
   6.9600000e+02   0.0000000e+00   7.1089149e-06
   6.9700000e+02   0.0000000e+00   7.0347200e-06
   6.9800000e+02   0.0000000e+00   6.9612994e-06
   6.9900000e+02   0.0000000e+00   6.8886451e-06
   7.0000000e+02   0.0000000e+00   6.8167492e-06
   7.0100000e+02   0.0000000e+00   6.7456035e-06
   7.0200000e+02   1.0000000e+00   6.6752005e-06
