   1.0000000e+00   4.0000000e+00   9.4375889e-03
   2.0000000e+00   7.0000000e+00   9.3485208e-03
   3.0000000e+00   4.0000000e+00   9.2602933e-03
   4.0000000e+00   4.0000000e+00   9.1728985e-03
   5.0000000e+00   2.0000000e+00   9.0863284e-03
   6.0000000e+00   3.0000000e+00   9.0005754e-03
   7.0000000e+00   1.0000000e+00   8.9156317e-03
   8.0000000e+00   6.0000000e+00   8.8314896e-03
   9.0000000e+00   4.0000000e+00   8.7481416e-03
   1.0000000e+01   6.0000000e+00   8.6655803e-03
   1.1000000e+01   6.0000000e+00   8.5837981e-03
   1.2000000e+01   5.0000000e+00   8.5027877e-03
   1.3000000e+01   6.0000000e+00   8.4225419e-03
   1.4000000e+01   2.0000000e+00   8.3430534e-03
   1.5000000e+01   5.0000000e+00   8.2643151e-03
   1.6000000e+01   3.0000000e+00   8.1863199e-03
   1.7000000e+01   3.0000000e+00   8.1090608e-03
   1.8000000e+01   4.0000000e+00   8.0325308e-03
   1.9000000e+01   4.0000000e+00   7.9567231e-03
   2.0000000e+01   3.0000000e+00   7.8816308e-03
   2.1000000e+01   3.0000000e+00   7.8072472e-03
   2.2000000e+01   2.0000000e+00   7.7335656e-03
   2.3000000e+01   3.0000000e+00   7.6605794e-03
   2.4000000e+01   4.0000000e+00   7.5882820e-03
   2.5000000e+01   4.0000000e+00   7.5166669e-03
   2.6000000e+01   5.0000000e+00   7.4457277e-03
   2.7000000e+01   1.0000000e+00   7.3754580e-03
   2.8000000e+01   5.0000000e+00   7.3058514e-03
   2.9000000e+01   8.0000000e+00   7.2369018e-03
   3.0000000e+01   3.0000000e+00   7.1686029e-03
   3.1000000e+01   4.0000000e+00   7.1009486e-03
   3.2000000e+01   5.0000000e+00   7.0339328e-03
   3.3000000e+01   3.0000000e+00   6.9675494e-03
   3.4000000e+01   4.0000000e+00   6.9017925e-03
   3.5000000e+01   3.0000000e+00   6.8366562e-03
   3.6000000e+01   3.0000000e+00   6.7721347e-03
   3.7000000e+01   3.0000000e+00   6.7082221e-03
   3.8000000e+01   4.0000000e+00   6.6449126e-03
   3.9000000e+01   3.0000000e+00   6.5822007e-03
   4.0000000e+01   2.0000000e+00   6.5200806e-03
   4.1000000e+01   3.0000000e+00   6.4585467e-03
   4.2000000e+01   1.0000000e+00   6.3975936e-03
   4.3000000e+01   6.0000000e+00   6.3372158e-03
   4.4000000e+01   3.0000000e+00   6.2774077e-03
   4.5000000e+01   2.0000000e+00   6.2181641e-03
   4.6000000e+01   4.0000000e+00   6.1594797e-03
   4.7000000e+01   4.0000000e+00   6.1013490e-03
   4.8000000e+01   5.0000000e+00   6.0437670e-03
   4.9000000e+01   3.0000000e+00   5.9867284e-03
   5.0000000e+01   3.0000000e+00   5.9302281e-03
   5.1000000e+01   0.0000000e+00   5.8742611e-03
   5.2000000e+01   0.0000000e+00   5.8188222e-03
   5.3000000e+01   3.0000000e+00   5.7639066e-03
   5.4000000e+01   4.0000000e+00   5.7095092e-03
   5.5000000e+01   4.0000000e+00   5.6556252e-03
   5.6000000e+01   4.0000000e+00   5.6022497e-03
   5.7000000e+01   6.0000000e+00   5.5493780e-03
   5.8000000e+01   2.0000000e+00   5.4970052e-03
   5.9000000e+01   2.0000000e+00   5.4451268e-03
   6.0000000e+01   2.0000000e+00   5.3937379e-03
   6.1000000e+01   3.0000000e+00   5.3428340e-03
   6.2000000e+01   2.0000000e+00   5.2924105e-03
   6.3000000e+01   2.0000000e+00   5.2424629e-03
   6.4000000e+01   3.0000000e+00   5.1929867e-03
   6.5000000e+01   1.0000000e+00   5.1439775e-03
   6.6000000e+01   0.0000000e+00   5.0954307e-03
   6.7000000e+01   4.0000000e+00   5.0473421e-03
   6.8000000e+01   0.0000000e+00   4.9997074e-03
   6.9000000e+01   2.0000000e+00   4.9525222e-03
   7.0000000e+01   0.0000000e+00   4.9057823e-03
   7.1000000e+01   6.0000000e+00   4.8594836e-03
   7.2000000e+01   3.0000000e+00   4.8136218e-03
   7.3000000e+01   3.0000000e+00   4.7681928e-03
   7.4000000e+01   1.0000000e+00   4.7231926e-03
   7.5000000e+01   2.0000000e+00   4.6786170e-03
   7.6000000e+01   2.0000000e+00   4.6344621e-03
   7.7000000e+01   2.0000000e+00   4.5907240e-03
   7.8000000e+01   3.0000000e+00   4.5473986e-03
   7.9000000e+01   2.0000000e+00   4.5044821e-03
   8.0000000e+01   3.0000000e+00   4.4619707e-03
   8.1000000e+01   5.0000000e+00   4.4198605e-03
   8.2000000e+01   2.0000000e+00   4.3781476e-03
   8.3000000e+01   1.0000000e+00   4.3368285e-03
   8.4000000e+01   1.0000000e+00   4.2958993e-03
   8.5000000e+01   1.0000000e+00   4.2553563e-03
   8.6000000e+01   3.0000000e+00   4.2151960e-03
   8.7000000e+01   3.0000000e+00   4.1754147e-03
   8.8000000e+01   5.0000000e+00   4.1360089e-03
   8.9000000e+01   1.0000000e+00   4.0969749e-03
   9.0000000e+01   3.0000000e+00   4.0583094e-03
   9.1000000e+01   1.0000000e+00   4.0200087e-03
   9.2000000e+01   0.0000000e+00   3.9820695e-03
   9.3000000e+01   4.0000000e+00   3.9444884e-03
   9.4000000e+01   1.0000000e+00   3.9072619e-03
   9.5000000e+01   1.0000000e+00   3.8703868e-03
   9.6000000e+01   1.0000000e+00   3.8338597e-03
   9.7000000e+01   1.0000000e+00   3.7976773e-03
   9.8000000e+01   4.0000000e+00   3.7618364e-03
   9.9000000e+01   5.0000000e+00   3.7263337e-03
   1.0000000e+02   0.0000000e+00   3.6911661e-03
   1.0100000e+02   3.0000000e+00   3.6563304e-03
   1.0200000e+02   0.0000000e+00   3.6218235e-03
   1.0300000e+02   2.0000000e+00   3.5876422e-03
   1.0400000e+02   0.0000000e+00   3.5537835e-03
   1.0500000e+02   2.0000000e+00   3.5202443e-03
   1.0600000e+02   0.0000000e+00   3.4870217e-03
   1.0700000e+02   2.0000000e+00   3.4541126e-03
   1.0800000e+02   0.0000000e+00   3.4215141e-03
   1.0900000e+02   1.0000000e+00   3.3892233e-03
   1.1000000e+02   1.0000000e+00   3.3572372e-03
   1.1100000e+02   0.0000000e+00   3.3255530e-03
   1.1200000e+02   3.0000000e+00   3.2941678e-03
   1.1300000e+02   1.0000000e+00   3.2630788e-03
   1.1400000e+02   0.0000000e+00   3.2322832e-03
   1.1500000e+02   3.0000000e+00   3.2017782e-03
   1.1600000e+02   0.0000000e+00   3.1715612e-03
   1.1700000e+02   2.0000000e+00   3.1416293e-03
   1.1800000e+02   1.0000000e+00   3.1119799e-03
   1.1900000e+02   5.0000000e+00   3.0826103e-03
   1.2000000e+02   0.0000000e+00   3.0535179e-03
   1.2100000e+02   3.0000000e+00   3.0247000e-03
   1.2200000e+02   1.0000000e+00   2.9961541e-03
   1.2300000e+02   1.0000000e+00   2.9678777e-03
   1.2400000e+02   0.0000000e+00   2.9398681e-03
   1.2500000e+02   1.0000000e+00   2.9121228e-03
   1.2600000e+02   1.0000000e+00   2.8846394e-03
   1.2700000e+02   1.0000000e+00   2.8574153e-03
   1.2800000e+02   0.0000000e+00   2.8304482e-03
   1.2900000e+02   2.0000000e+00   2.8037356e-03
   1.3000000e+02   1.0000000e+00   2.7772751e-03
   1.3100000e+02   2.0000000e+00   2.7510643e-03
   1.3200000e+02   1.0000000e+00   2.7251009e-03
   1.3300000e+02   1.0000000e+00   2.6993825e-03
   1.3400000e+02   2.0000000e+00   2.6739069e-03
   1.3500000e+02   1.0000000e+00   2.6486716e-03
   1.3600000e+02   9.0000000e+00   2.6236746e-03
   1.3700000e+02   2.0000000e+00   2.5989134e-03
   1.3800000e+02   0.0000000e+00   2.5743859e-03
   1.3900000e+02   0.0000000e+00   2.5500899e-03
   1.4000000e+02   2.0000000e+00   2.5260232e-03
   1.4100000e+02   0.0000000e+00   2.5021837e-03
   1.4200000e+02   0.0000000e+00   2.4785691e-03
   1.4300000e+02   0.0000000e+00   2.4551774e-03
   1.4400000e+02   1.0000000e+00   2.4320064e-03
   1.4500000e+02   1.0000000e+00   2.4090541e-03
   1.4600000e+02   0.0000000e+00   2.3863185e-03
   1.4700000e+02   1.0000000e+00   2.3637974e-03
   1.4800000e+02   1.0000000e+00   2.3414888e-03
   1.4900000e+02   3.0000000e+00   2.3193908e-03
   1.5000000e+02   2.0000000e+00   2.2975014e-03
   1.5100000e+02   2.0000000e+00   2.2758185e-03
   1.5200000e+02   3.0000000e+00   2.2543403e-03
   1.5300000e+02   1.0000000e+00   2.2330647e-03
   1.5400000e+02   1.0000000e+00   2.2119900e-03
   1.5500000e+02   1.0000000e+00   2.1911141e-03
   1.5600000e+02   0.0000000e+00   2.1704353e-03
   1.5700000e+02   2.0000000e+00   2.1499516e-03
   1.5800000e+02   0.0000000e+00   2.1296612e-03
   1.5900000e+02   2.0000000e+00   2.1095624e-03
   1.6000000e+02   0.0000000e+00   2.0896532e-03
   1.6100000e+02   1.0000000e+00   2.0699319e-03
   1.6200000e+02   0.0000000e+00   2.0503967e-03
   1.6300000e+02   2.0000000e+00   2.0310459e-03
   1.6400000e+02   1.0000000e+00   2.0118778e-03
   1.6500000e+02   1.0000000e+00   1.9928905e-03
   1.6600000e+02   0.0000000e+00   1.9740824e-03
   1.6700000e+02   0.0000000e+00   1.9554518e-03
   1.6800000e+02   1.0000000e+00   1.9369971e-03
   1.6900000e+02   2.0000000e+00   1.9187165e-03
   1.7000000e+02   1.0000000e+00   1.9006084e-03
   1.7100000e+02   3.0000000e+00   1.8826713e-03
   1.7200000e+02   2.0000000e+00   1.8649034e-03
   1.7300000e+02   2.0000000e+00   1.8473032e-03
   1.7400000e+02   1.0000000e+00   1.8298691e-03
   1.7500000e+02   0.0000000e+00   1.8125996e-03
   1.7600000e+02   0.0000000e+00   1.7954930e-03
   1.7700000e+02   1.0000000e+00   1.7785479e-03
   1.7800000e+02   1.0000000e+00   1.7617627e-03
   1.7900000e+02   3.0000000e+00   1.7451359e-03
   1.8000000e+02   0.0000000e+00   1.7286660e-03
   1.8100000e+02   0.0000000e+00   1.7123516e-03
   1.8200000e+02   0.0000000e+00   1.6961911e-03
   1.8300000e+02   0.0000000e+00   1.6801831e-03
   1.8400000e+02   2.0000000e+00   1.6643263e-03
   1.8500000e+02   1.0000000e+00   1.6486190e-03
   1.8600000e+02   1.0000000e+00   1.6330600e-03
   1.8700000e+02   2.0000000e+00   1.6176479e-03
   1.8800000e+02   0.0000000e+00   1.6023812e-03
   1.8900000e+02   0.0000000e+00   1.5872586e-03
   1.9000000e+02   1.0000000e+00   1.5722787e-03
   1.9100000e+02   0.0000000e+00   1.5574402e-03
   1.9200000e+02   2.0000000e+00   1.5427417e-03
   1.9300000e+02   1.0000000e+00   1.5281819e-03
   1.9400000e+02   0.0000000e+00   1.5137596e-03
   1.9500000e+02   2.0000000e+00   1.4994733e-03
   1.9600000e+02   0.0000000e+00   1.4853219e-03
   1.9700000e+02   2.0000000e+00   1.4713041e-03
   1.9800000e+02   2.0000000e+00   1.4574185e-03
   1.9900000e+02   1.0000000e+00   1.4436640e-03
   2.0000000e+02   1.0000000e+00   1.4300393e-03
   2.0100000e+02   0.0000000e+00   1.4165432e-03
   2.0200000e+02   0.0000000e+00   1.4031744e-03
   2.0300000e+02   1.0000000e+00   1.3899318e-03
   2.0400000e+02   1.0000000e+00   1.3768142e-03
   2.0500000e+02   0.0000000e+00   1.3638204e-03
   2.0600000e+02   1.0000000e+00   1.3509492e-03
   2.0700000e+02   1.0000000e+00   1.3381995e-03
   2.0800000e+02   2.0000000e+00   1.3255702e-03
   2.0900000e+02   1.0000000e+00   1.3130600e-03
   2.1000000e+02   0.0000000e+00   1.3006678e-03
   2.1100000e+02   0.0000000e+00   1.2883927e-03
   2.1200000e+02   0.0000000e+00   1.2762334e-03
   2.1300000e+02   1.0000000e+00   1.2641888e-03
   2.1400000e+02   1.0000000e+00   1.2522579e-03
   2.1500000e+02   0.0000000e+00   1.2404396e-03
   2.1600000e+02   1.0000000e+00   1.2287328e-03
   2.1700000e+02   1.0000000e+00   1.2171366e-03
   2.1800000e+02   0.0000000e+00   1.2056497e-03
   2.1900000e+02   1.0000000e+00   1.1942713e-03
   2.2000000e+02   0.0000000e+00   1.1830003e-03
   2.2100000e+02   0.0000000e+00   1.1718356e-03
   2.2200000e+02   0.0000000e+00   1.1607763e-03
   2.2300000e+02   1.0000000e+00   1.1498214e-03
   2.2400000e+02   0.0000000e+00   1.1389698e-03
   2.2500000e+02   1.0000000e+00   1.1282207e-03
   2.2600000e+02   0.0000000e+00   1.1175730e-03
   2.2700000e+02   0.0000000e+00   1.1070258e-03
   2.2800000e+02   0.0000000e+00   1.0965782e-03
   2.2900000e+02   0.0000000e+00   1.0862291e-03
   2.3000000e+02   0.0000000e+00   1.0759777e-03
   2.3100000e+02   1.0000000e+00   1.0658231e-03
   2.3200000e+02   1.0000000e+00   1.0557643e-03
   2.3300000e+02   0.0000000e+00   1.0458004e-03
   2.3400000e+02   0.0000000e+00   1.0359306e-03
   2.3500000e+02   3.0000000e+00   1.0261539e-03
   2.3600000e+02   1.0000000e+00   1.0164695e-03
   2.3700000e+02   2.0000000e+00   1.0068765e-03
   2.3800000e+02   1.0000000e+00   9.9737397e-04
   2.3900000e+02   0.0000000e+00   9.8796117e-04
   2.4000000e+02   1.0000000e+00   9.7863719e-04
   2.4100000e+02   0.0000000e+00   9.6940122e-04
   2.4200000e+02   0.0000000e+00   9.6025241e-04
   2.4300000e+02   1.0000000e+00   9.5118994e-04
   2.4400000e+02   1.0000000e+00   9.4221300e-04
   2.4500000e+02   0.0000000e+00   9.3332078e-04
   2.4600000e+02   0.0000000e+00   9.2451248e-04
   2.4700000e+02   1.0000000e+00   9.1578732e-04
   2.4800000e+02   1.0000000e+00   9.0714449e-04
   2.4900000e+02   1.0000000e+00   8.9858324e-04
   2.5000000e+02   2.0000000e+00   8.9010278e-04
   2.5100000e+02   0.0000000e+00   8.8170235e-04
   2.5200000e+02   0.0000000e+00   8.7338121e-04
   2.5300000e+02   0.0000000e+00   8.6513859e-04
   2.5400000e+02   0.0000000e+00   8.5697377e-04
   2.5500000e+02   1.0000000e+00   8.4888601e-04
   2.5600000e+02   0.0000000e+00   8.4087457e-04
   2.5700000e+02   0.0000000e+00   8.3293874e-04
   2.5800000e+02   0.0000000e+00   8.2507781e-04
   2.5900000e+02   1.0000000e+00   8.1729106e-04
   2.6000000e+02   0.0000000e+00   8.0957780e-04
   2.6100000e+02   1.0000000e+00   8.0193734e-04
   2.6200000e+02   0.0000000e+00   7.9436899e-04
   2.6300000e+02   1.0000000e+00   7.8687206e-04
   2.6400000e+02   1.0000000e+00   7.7944588e-04
   2.6500000e+02   0.0000000e+00   7.7208979e-04
   2.6600000e+02   0.0000000e+00   7.6480313e-04
   2.6700000e+02   1.0000000e+00   7.5758523e-04
   2.6800000e+02   0.0000000e+00   7.5043545e-04
   2.6900000e+02   0.0000000e+00   7.4335315e-04
   2.7000000e+02   0.0000000e+00   7.3633769e-04
   2.7100000e+02   0.0000000e+00   7.2938844e-04
   2.7200000e+02   0.0000000e+00   7.2250477e-04
   2.7300000e+02   1.0000000e+00   7.1568607e-04
   2.7400000e+02   2.0000000e+00   7.0893172e-04
   2.7500000e+02   0.0000000e+00   7.0224111e-04
   2.7600000e+02   1.0000000e+00   6.9561365e-04
   2.7700000e+02   0.0000000e+00   6.8904873e-04
   2.7800000e+02   1.0000000e+00   6.8254577e-04
   2.7900000e+02   0.0000000e+00   6.7610419e-04
   2.8000000e+02   0.0000000e+00   6.6972339e-04
   2.8100000e+02   0.0000000e+00   6.6340282e-04
   2.8200000e+02   0.0000000e+00   6.5714190e-04
   2.8300000e+02   0.0000000e+00   6.5094006e-04
   2.8400000e+02   0.0000000e+00   6.4479676e-04
   2.8500000e+02   0.0000000e+00   6.3871143e-04
   2.8600000e+02   1.0000000e+00   6.3268353e-04
   2.8700000e+02   0.0000000e+00   6.2671253e-04
   2.8800000e+02   0.0000000e+00   6.2079787e-04
   2.8900000e+02   0.0000000e+00   6.1493904e-04
   2.9000000e+02   0.0000000e+00   6.0913549e-04
   2.9100000e+02   0.0000000e+00   6.0338672e-04
   2.9200000e+02   0.0000000e+00   5.9769221e-04
   2.9300000e+02   0.0000000e+00   5.9205143e-04
   2.9400000e+02   0.0000000e+00   5.8646390e-04
   2.9500000e+02   0.0000000e+00   5.8092909e-04
   2.9600000e+02   0.0000000e+00   5.7544652e-04
   2.9700000e+02   0.0000000e+00   5.7001569e-04
   2.9800000e+02   1.0000000e+00   5.6463612e-04
   2.9900000e+02   1.0000000e+00   5.5930732e-04
   3.0000000e+02   0.0000000e+00   5.5402880e-04
   3.0100000e+02   0.0000000e+00   5.4880011e-04
   3.0200000e+02   0.0000000e+00   5.4362076e-04
   3.0300000e+02   0.0000000e+00   5.3849029e-04
   3.0400000e+02   0.0000000e+00   5.3340824e-04
   3.0500000e+02   0.0000000e+00   5.2837415e-04
   3.0600000e+02   1.0000000e+00   5.2338757e-04
   3.0700000e+02   0.0000000e+00   5.1844806e-04
   3.0800000e+02   0.0000000e+00   5.1355516e-04
   3.0900000e+02   0.0000000e+00   5.0870843e-04
   3.1000000e+02   0.0000000e+00   5.0390745e-04
   3.1100000e+02   0.0000000e+00   4.9915178e-04
   3.1200000e+02   0.0000000e+00   4.9444099e-04
   3.1300000e+02   0.0000000e+00   4.8977466e-04
   3.1400000e+02   0.0000000e+00   4.8515237e-04
   3.1500000e+02   0.0000000e+00   4.8057370e-04
   3.1600000e+02   0.0000000e+00   4.7603824e-04
   3.1700000e+02   1.0000000e+00   4.7154559e-04
   3.1800000e+02   0.0000000e+00   4.6709534e-04
   3.1900000e+02   1.0000000e+00   4.6268708e-04
   3.2000000e+02   0.0000000e+00   4.5832043e-04
   3.2100000e+02   0.0000000e+00   4.5399499e-04
   3.2200000e+02   1.0000000e+00   4.4971038e-04
   3.2300000e+02   0.0000000e+00   4.4546619e-04
   3.2400000e+02   0.0000000e+00   4.4126207e-04
   3.2500000e+02   1.0000000e+00   4.3709762e-04
   3.2600000e+02   0.0000000e+00   4.3297247e-04
   3.2700000e+02   0.0000000e+00   4.2888625e-04
   3.2800000e+02   0.0000000e+00   4.2483860e-04
   3.2900000e+02   0.0000000e+00   4.2082915e-04
   3.3000000e+02   0.0000000e+00   4.1685754e-04
   3.3100000e+02   0.0000000e+00   4.1292341e-04
   3.3200000e+02   1.0000000e+00   4.0902640e-04
   3.3300000e+02   0.0000000e+00   4.0516618e-04
   3.3400000e+02   1.0000000e+00   4.0134239e-04
   3.3500000e+02   0.0000000e+00   3.9755469e-04
   3.3600000e+02   0.0000000e+00   3.9380273e-04
   3.3700000e+02   0.0000000e+00   3.9008618e-04
   3.3800000e+02   0.0000000e+00   3.8640471e-04
   3.3900000e+02   0.0000000e+00   3.8275798e-04
   3.4000000e+02   0.0000000e+00   3.7914567e-04
   3.4100000e+02   1.0000000e+00   3.7556744e-04
   3.4200000e+02   0.0000000e+00   3.7202299e-04
   3.4300000e+02   0.0000000e+00   3.6851199e-04
   3.4400000e+02   0.0000000e+00   3.6503413e-04
   3.4500000e+02   0.0000000e+00   3.6158909e-04
   3.4600000e+02   0.0000000e+00   3.5817656e-04
   3.4700000e+02   1.0000000e+00   3.5479623e-04
   3.4800000e+02   0.0000000e+00   3.5144781e-04
   3.4900000e+02   0.0000000e+00   3.4813099e-04
   3.5000000e+02   0.0000000e+00   3.4484548e-04
   3.5100000e+02   0.0000000e+00   3.4159097e-04
   3.5200000e+02   0.0000000e+00   3.3836717e-04
   3.5300000e+02   0.0000000e+00   3.3517380e-04
   3.5400000e+02   0.0000000e+00   3.3201057e-04
   3.5500000e+02   0.0000000e+00   3.2887719e-04
   3.5600000e+02   0.0000000e+00   3.2577338e-04
   3.5700000e+02   0.0000000e+00   3.2269887e-04
   3.5800000e+02   0.0000000e+00   3.1965337e-04
   3.5900000e+02   1.0000000e+00   3.1663661e-04
   3.6000000e+02   0.0000000e+00   3.1364832e-04
   3.6100000e+02   0.0000000e+00   3.1068824e-04
   3.6200000e+02   0.0000000e+00   3.0775609e-04
   3.6300000e+02   0.0000000e+00   3.0485162e-04
   3.6400000e+02   0.0000000e+00   3.0197455e-04
   3.6500000e+02   0.0000000e+00   2.9912464e-04
   3.6600000e+02   0.0000000e+00   2.9630163e-04
   3.6700000e+02   0.0000000e+00   2.9350525e-04
   3.6800000e+02   1.0000000e+00   2.9073527e-04
   3.6900000e+02   0.0000000e+00   2.8799143e-04
   3.7000000e+02   1.0000000e+00   2.8527349e-04
   3.7100000e+02   0.0000000e+00   2.8258119e-04
   3.7200000e+02   1.0000000e+00   2.7991431e-04
   3.7300000e+02   0.0000000e+00   2.7727259e-04
   3.7400000e+02   1.0000000e+00   2.7465581e-04
   3.7500000e+02   0.0000000e+00   2.7206372e-04
   3.7600000e+02   0.0000000e+00   2.6949609e-04
   3.7700000e+02   0.0000000e+00   2.6695270e-04
   3.7800000e+02   0.0000000e+00   2.6443331e-04
   3.7900000e+02   0.0000000e+00   2.6193770e-04
   3.8000000e+02   0.0000000e+00   2.5946564e-04
   3.8100000e+02   0.0000000e+00   2.5701691e-04
   3.8200000e+02   0.0000000e+00   2.5459129e-04
   3.8300000e+02   0.0000000e+00   2.5218856e-04
   3.8400000e+02   1.0000000e+00   2.4980851e-04
   3.8500000e+02   0.0000000e+00   2.4745092e-04
   3.8600000e+02   0.0000000e+00   2.4511558e-04
   3.8700000e+02   0.0000000e+00   2.4280228e-04
   3.8800000e+02   0.0000000e+00   2.4051081e-04
   3.8900000e+02   0.0000000e+00   2.3824097e-04
   3.9000000e+02   0.0000000e+00   2.3599255e-04
   3.9100000e+02   0.0000000e+00   2.3376534e-04
   3.9200000e+02   0.0000000e+00   2.3155916e-04
   3.9300000e+02   0.0000000e+00   2.2937380e-04
   3.9400000e+02   0.0000000e+00   2.2720907e-04
   3.9500000e+02   0.0000000e+00   2.2506476e-04
   3.9600000e+02   0.0000000e+00   2.2294069e-04
   3.9700000e+02   0.0000000e+00   2.2083667e-04
   3.9800000e+02   0.0000000e+00   2.1875250e-04
   3.9900000e+02   0.0000000e+00   2.1668801e-04
   4.0000000e+02   0.0000000e+00   2.1464300e-04
   4.0100000e+02   0.0000000e+00   2.1261728e-04
   4.0200000e+02   0.0000000e+00   2.1061069e-04
   4.0300000e+02   0.0000000e+00   2.0862303e-04
   4.0400000e+02   0.0000000e+00   2.0665413e-04
   4.0500000e+02   0.0000000e+00   2.0470382e-04
   4.0600000e+02   0.0000000e+00   2.0277191e-04
   4.0700000e+02   1.0000000e+00   2.0085823e-04
   4.0800000e+02   0.0000000e+00   1.9896261e-04
   4.0900000e+02   0.0000000e+00   1.9708488e-04
   4.1000000e+02   1.0000000e+00   1.9522488e-04
   4.1100000e+02   0.0000000e+00   1.9338243e-04
   4.1200000e+02   0.0000000e+00   1.9155736e-04
   4.1300000e+02   0.0000000e+00   1.8974952e-04
   4.1400000e+02   0.0000000e+00   1.8795874e-04
   4.1500000e+02   0.0000000e+00   1.8618487e-04
   4.1600000e+02   0.0000000e+00   1.8442773e-04
   4.1700000e+02   0.0000000e+00   1.8268718e-04
   4.1800000e+02   0.0000000e+00   1.8096305e-04
   4.1900000e+02   0.0000000e+00   1.7925520e-04
   4.2000000e+02   0.0000000e+00   1.7756346e-04
   4.2100000e+02   0.0000000e+00   1.7588769e-04
   4.2200000e+02   0.0000000e+00   1.7422773e-04
   4.2300000e+02   0.0000000e+00   1.7258344e-04
   4.2400000e+02   0.0000000e+00   1.7095467e-04
   4.2500000e+02   0.0000000e+00   1.6934127e-04
   4.2600000e+02   0.0000000e+00   1.6774310e-04
   4.2700000e+02   0.0000000e+00   1.6616001e-04
   4.2800000e+02   0.0000000e+00   1.6459186e-04
   4.2900000e+02   1.0000000e+00   1.6303851e-04
   4.3000000e+02   0.0000000e+00   1.6149982e-04
   4.3100000e+02   0.0000000e+00   1.5997565e-04
   4.3200000e+02   0.0000000e+00   1.5846586e-04
   4.3300000e+02   0.0000000e+00   1.5697033e-04
   4.3400000e+02   0.0000000e+00   1.5548891e-04
   4.3500000e+02   0.0000000e+00   1.5402147e-04
   4.3600000e+02   0.0000000e+00   1.5256788e-04
   4.3700000e+02   0.0000000e+00   1.5112800e-04
   4.3800000e+02   0.0000000e+00   1.4970172e-04
   4.3900000e+02   0.0000000e+00   1.4828889e-04
   4.4000000e+02   0.0000000e+00   1.4688941e-04
   4.4100000e+02   0.0000000e+00   1.4550312e-04
   4.4200000e+02   0.0000000e+00   1.4412992e-04
   4.4300000e+02   0.0000000e+00   1.4276969e-04
   4.4400000e+02   0.0000000e+00   1.4142228e-04
   4.4500000e+02   0.0000000e+00   1.4008760e-04
   4.4600000e+02   0.0000000e+00   1.3876551e-04
   4.4700000e+02   0.0000000e+00   1.3745590e-04
   4.4800000e+02   0.0000000e+00   1.3615865e-04
   4.4900000e+02   0.0000000e+00   1.3487364e-04
   4.5000000e+02   0.0000000e+00   1.3360075e-04
   4.5100000e+02   0.0000000e+00   1.3233989e-04
   4.5200000e+02   0.0000000e+00   1.3109092e-04
   4.5300000e+02   0.0000000e+00   1.2985373e-04
   4.5400000e+02   0.0000000e+00   1.2862823e-04
   4.5500000e+02   0.0000000e+00   1.2741429e-04
   4.5600000e+02   0.0000000e+00   1.2621180e-04
   4.5700000e+02   0.0000000e+00   1.2502067e-04
   4.5800000e+02   0.0000000e+00   1.2384077e-04
   4.5900000e+02   0.0000000e+00   1.2267202e-04
   4.6000000e+02   0.0000000e+00   1.2151429e-04
   4.6100000e+02   0.0000000e+00   1.2036749e-04
   4.6200000e+02   0.0000000e+00   1.1923151e-04
   4.6300000e+02   0.0000000e+00   1.1810625e-04
   4.6400000e+02   0.0000000e+00   1.1699161e-04
   4.6500000e+02   0.0000000e+00   1.1588749e-04
   4.6600000e+02   0.0000000e+00   1.1479379e-04
   4.6700000e+02   0.0000000e+00   1.1371042e-04
   4.6800000e+02   0.0000000e+00   1.1263727e-04
   4.6900000e+02   0.0000000e+00   1.1157424e-04
   4.7000000e+02   0.0000000e+00   1.1052125e-04
   4.7100000e+02   1.0000000e+00   1.0947820e-04
   4.7200000e+02   0.0000000e+00   1.0844499e-04
   4.7300000e+02   0.0000000e+00   1.0742153e-04
   4.7400000e+02   0.0000000e+00   1.0640773e-04
   4.7500000e+02   0.0000000e+00   1.0540349e-04
   4.7600000e+02   0.0000000e+00   1.0440874e-04
   4.7700000e+02   0.0000000e+00   1.0342337e-04
   4.7800000e+02   0.0000000e+00   1.0244730e-04
   4.7900000e+02   0.0000000e+00   1.0148045e-04
   4.8000000e+02   0.0000000e+00   1.0052272e-04
   4.8100000e+02   0.0000000e+00   9.9574026e-05
   4.8200000e+02   0.0000000e+00   9.8634287e-05
   4.8300000e+02   0.0000000e+00   9.7703418e-05
   4.8400000e+02   0.0000000e+00   9.6781333e-05
   4.8500000e+02   1.0000000e+00   9.5867950e-05
   4.8600000e+02   0.0000000e+00   9.4963188e-05
   4.8700000e+02   0.0000000e+00   9.4066965e-05
   4.8800000e+02   0.0000000e+00   9.3179199e-05
   4.8900000e+02   0.0000000e+00   9.2299812e-05
   4.9000000e+02   0.0000000e+00   9.1428725e-05
   4.9100000e+02   0.0000000e+00   9.0565858e-05
   4.9200000e+02   0.0000000e+00   8.9711135e-05
   4.9300000e+02   0.0000000e+00   8.8864478e-05
   4.9400000e+02   0.0000000e+00   8.8025811e-05
   4.9500000e+02   0.0000000e+00   8.7195060e-05
   4.9600000e+02   0.0000000e+00   8.6372149e-05
   4.9700000e+02   0.0000000e+00   8.5557004e-05
   4.9800000e+02   0.0000000e+00   8.4749552e-05
   4.9900000e+02   0.0000000e+00   8.3949721e-05
   5.0000000e+02   0.0000000e+00   8.3157438e-05
   5.0100000e+02   0.0000000e+00   8.2372632e-05
   5.0200000e+02   0.0000000e+00   8.1595233e-05
   5.0300000e+02   1.0000000e+00   8.0825171e-05
   5.0400000e+02   0.0000000e+00   8.0062376e-05
   5.0500000e+02   0.0000000e+00   7.9306780e-05
   5.0600000e+02   0.0000000e+00   7.8558315e-05
   5.0700000e+02   0.0000000e+00   7.7816914e-05
   5.0800000e+02   0.0000000e+00   7.7082510e-05
   5.0900000e+02   0.0000000e+00   7.6355037e-05
   5.1000000e+02   0.0000000e+00   7.5634430e-05
   5.1100000e+02   0.0000000e+00   7.4920623e-05
   5.1200000e+02   0.0000000e+00   7.4213553e-05
   5.1300000e+02   0.0000000e+00   7.3513156e-05
   5.1400000e+02   0.0000000e+00   7.2819369e-05
   5.1500000e+02   0.0000000e+00   7.2132130e-05
   5.1600000e+02   0.0000000e+00   7.1451376e-05
   5.1700000e+02   0.0000000e+00   7.0777048e-05
   5.1800000e+02   0.0000000e+00   7.0109083e-05
   5.1900000e+02   1.0000000e+00   6.9447422e-05
   5.2000000e+02   0.0000000e+00   6.8792006e-05
   5.2100000e+02   0.0000000e+00   6.8142775e-05
   5.2200000e+02   0.0000000e+00   6.7499672e-05
   5.2300000e+02   0.0000000e+00   6.6862638e-05
   5.2400000e+02   0.0000000e+00   6.6231616e-05
   5.2500000e+02   0.0000000e+00   6.5606549e-05
   5.2600000e+02   0.0000000e+00   6.4987381e-05
   5.2700000e+02   0.0000000e+00   6.4374057e-05
   5.2800000e+02   1.0000000e+00   6.3766521e-05
   5.2900000e+02   0.0000000e+00   6.3164719e-05
   5.3000000e+02   1.0000000e+00   6.2568596e-05
   5.3100000e+02   0.0000000e+00   6.1978100e-05
   5.3200000e+02   0.0000000e+00   6.1393176e-05
   5.3300000e+02   1.0000000e+00   6.0813772e-05
   5.3400000e+02   0.0000000e+00   6.0239837e-05
   5.3500000e+02   0.0000000e+00   5.9671318e-05
   5.3600000e+02   0.0000000e+00   5.9108165e-05
   5.3700000e+02   0.0000000e+00   5.8550326e-05
   5.3800000e+02   0.0000000e+00   5.7997752e-05
   5.3900000e+02   0.0000000e+00   5.7450393e-05
   5.4000000e+02   0.0000000e+00   5.6908200e-05
   5.4100000e+02   0.0000000e+00   5.6371124e-05
   5.4200000e+02   0.0000000e+00   5.5839116e-05
   5.4300000e+02   0.0000000e+00   5.5312130e-05
   5.4400000e+02   0.0000000e+00   5.4790117e-05
   5.4500000e+02   0.0000000e+00   5.4273030e-05
   5.4600000e+02   0.0000000e+00   5.3760824e-05
   5.4700000e+02   0.0000000e+00   5.3253451e-05
   5.4800000e+02   0.0000000e+00   5.2750867e-05
   5.4900000e+02   0.0000000e+00   5.2253026e-05
   5.5000000e+02   0.0000000e+00   5.1759883e-05
   5.5100000e+02   0.0000000e+00   5.1271395e-05
   5.5200000e+02   0.0000000e+00   5.0787516e-05
   5.5300000e+02   0.0000000e+00   5.0308205e-05
   5.5400000e+02   0.0000000e+00   4.9833417e-05
   5.5500000e+02   0.0000000e+00   4.9363109e-05
   5.5600000e+02   0.0000000e+00   4.8897241e-05
   5.5700000e+02   0.0000000e+00   4.8435768e-05
   5.5800000e+02   0.0000000e+00   4.7978652e-05
   5.5900000e+02   0.0000000e+00   4.7525849e-05
   5.6000000e+02   0.0000000e+00   4.7077319e-05
   5.6100000e+02   0.0000000e+00   4.6633023e-05
   5.6200000e+02   0.0000000e+00   4.6192920e-05
   5.6300000e+02   0.0000000e+00   4.5756970e-05
   5.6400000e+02   0.0000000e+00   4.5325134e-05
   5.6500000e+02   0.0000000e+00   4.4897374e-05
   5.6600000e+02   0.0000000e+00   4.4473651e-05
   5.6700000e+02   0.0000000e+00   4.4053927e-05
   5.6800000e+02   0.0000000e+00   4.3638165e-05
   5.6900000e+02   0.0000000e+00   4.3226326e-05
   5.7000000e+02   0.0000000e+00   4.2818373e-05
   5.7100000e+02   0.0000000e+00   4.2414271e-05
   5.7200000e+02   0.0000000e+00   4.2013983e-05
   5.7300000e+02   0.0000000e+00   4.1617472e-05
   5.7400000e+02   0.0000000e+00   4.1224703e-05
   5.7500000e+02   0.0000000e+00   4.0835641e-05
   5.7600000e+02   0.0000000e+00   4.0450251e-05
   5.7700000e+02   0.0000000e+00   4.0068499e-05
   5.7800000e+02   0.0000000e+00   3.9690349e-05
   5.7900000e+02   0.0000000e+00   3.9315767e-05
   5.8000000e+02   0.0000000e+00   3.8944721e-05
   5.8100000e+02   0.0000000e+00   3.8577177e-05
   5.8200000e+02   0.0000000e+00   3.8213102e-05
   5.8300000e+02   0.0000000e+00   3.7852462e-05
   5.8400000e+02   0.0000000e+00   3.7495226e-05
   5.8500000e+02   0.0000000e+00   3.7141362e-05
   5.8600000e+02   0.0000000e+00   3.6790837e-05
   5.8700000e+02   0.0000000e+00   3.6443620e-05
   5.8800000e+02   0.0000000e+00   3.6099680e-05
   5.8900000e+02   0.0000000e+00   3.5758986e-05
   5.9000000e+02   0.0000000e+00   3.5421507e-05
   5.9100000e+02   0.0000000e+00   3.5087214e-05
   5.9200000e+02   0.0000000e+00   3.4756075e-05
   5.9300000e+02   0.0000000e+00   3.4428062e-05
   5.9400000e+02   0.0000000e+00   3.4103144e-05
   5.9500000e+02   0.0000000e+00   3.3781292e-05
   5.9600000e+02   0.0000000e+00   3.3462478e-05
   5.9700000e+02   0.0000000e+00   3.3146673e-05
   5.9800000e+02   0.0000000e+00   3.2833848e-05
   5.9900000e+02   0.0000000e+00   3.2523976e-05
   6.0000000e+02   0.0000000e+00   3.2217028e-05
   6.0100000e+02   0.0000000e+00   3.1912977e-05
   6.0200000e+02   0.0000000e+00   3.1611796e-05
   6.0300000e+02   0.0000000e+00   3.1313456e-05
   6.0400000e+02   0.0000000e+00   3.1017933e-05
   6.0500000e+02   0.0000000e+00   3.0725198e-05
   6.0600000e+02   0.0000000e+00   3.0435227e-05
   6.0700000e+02   0.0000000e+00   3.0147991e-05
   6.0800000e+02   0.0000000e+00   2.9863467e-05
   6.0900000e+02   0.0000000e+00   2.9581628e-05
   6.1000000e+02   0.0000000e+00   2.9302449e-05
   6.1100000e+02   0.0000000e+00   2.9025904e-05
   6.1200000e+02   0.0000000e+00   2.8751970e-05
   6.1300000e+02   0.0000000e+00   2.8480620e-05
   6.1400000e+02   0.0000000e+00   2.8211832e-05
   6.1500000e+02   0.0000000e+00   2.7945580e-05
   6.1600000e+02   0.0000000e+00   2.7681841e-05
   6.1700000e+02   0.0000000e+00   2.7420592e-05
   6.1800000e+02   0.0000000e+00   2.7161807e-05
   6.1900000e+02   0.0000000e+00   2.6905465e-05
   6.2000000e+02   0.0000000e+00   2.6651543e-05
   6.2100000e+02   0.0000000e+00   2.6400016e-05
   6.2200000e+02   0.0000000e+00   2.6150864e-05
   6.2300000e+02   0.0000000e+00   2.5904063e-05
   6.2400000e+02   0.0000000e+00   2.5659591e-05
   6.2500000e+02   0.0000000e+00   2.5417426e-05
   6.2600000e+02   0.0000000e+00   2.5177547e-05
   6.2700000e+02   0.0000000e+00   2.4939932e-05
   6.2800000e+02   0.0000000e+00   2.4704559e-05
   6.2900000e+02   0.0000000e+00   2.4471407e-05
   6.3000000e+02   0.0000000e+00   2.4240456e-05
   6.3100000e+02   0.0000000e+00   2.4011685e-05
   6.3200000e+02   0.0000000e+00   2.3785072e-05
   6.3300000e+02   0.0000000e+00   2.3560599e-05
   6.3400000e+02   0.0000000e+00   2.3338243e-05
   6.3500000e+02   0.0000000e+00   2.3117987e-05
   6.3600000e+02   0.0000000e+00   2.2899809e-05
   6.3700000e+02   0.0000000e+00   2.2683690e-05
   6.3800000e+02   0.0000000e+00   2.2469610e-05
   6.3900000e+02   0.0000000e+00   2.2257551e-05
   6.4000000e+02   0.0000000e+00   2.2047494e-05
   6.4100000e+02   0.0000000e+00   2.1839419e-05
   6.4200000e+02   0.0000000e+00   2.1633307e-05
   6.4300000e+02   0.0000000e+00   2.1429141e-05
   6.4400000e+02   0.0000000e+00   2.1226901e-05
   6.4500000e+02   0.0000000e+00   2.1026571e-05
   6.4600000e+02   0.0000000e+00   2.0828131e-05
   6.4700000e+02   0.0000000e+00   2.0631563e-05
   6.4800000e+02   0.0000000e+00   2.0436851e-05
   6.4900000e+02   0.0000000e+00   2.0243976e-05
   6.5000000e+02   0.0000000e+00   2.0052922e-05
   6.5100000e+02   0.0000000e+00   1.9863671e-05
   6.5200000e+02   0.0000000e+00   1.9676206e-05
   6.5300000e+02   0.0000000e+00   1.9490510e-05
   6.5400000e+02   0.0000000e+00   1.9306566e-05
   6.5500000e+02   0.0000000e+00   1.9124359e-05
   6.5600000e+02   0.0000000e+00   1.8943871e-05
   6.5700000e+02   0.0000000e+00   1.8765087e-05
   6.5800000e+02   0.0000000e+00   1.8587989e-05
   6.5900000e+02   0.0000000e+00   1.8412564e-05
   6.6000000e+02   0.0000000e+00   1.8238793e-05
   6.6100000e+02   0.0000000e+00   1.8066663e-05
   6.6200000e+02   0.0000000e+00   1.7896157e-05
   6.6300000e+02   0.0000000e+00   1.7727261e-05
   6.6400000e+02   0.0000000e+00   1.7559958e-05
   6.6500000e+02   0.0000000e+00   1.7394235e-05
   6.6600000e+02   0.0000000e+00   1.7230075e-05
   6.6700000e+02   0.0000000e+00   1.7067465e-05
   6.6800000e+02   0.0000000e+00   1.6906389e-05
   6.6900000e+02   0.0000000e+00   1.6746833e-05
   6.7000000e+02   0.0000000e+00   1.6588784e-05
   6.7100000e+02   0.0000000e+00   1.6432225e-05
   6.7200000e+02   0.0000000e+00   1.6277145e-05
   6.7300000e+02   0.0000000e+00   1.6123528e-05
   6.7400000e+02   0.0000000e+00   1.5971361e-05
   6.7500000e+02   0.0000000e+00   1.5820629e-05
   6.7600000e+02   0.0000000e+00   1.5671321e-05
   6.7700000e+02   0.0000000e+00   1.5523421e-05
   6.7800000e+02   0.0000000e+00   1.5376918e-05
   6.7900000e+02   0.0000000e+00   1.5231797e-05
   6.8000000e+02   0.0000000e+00   1.5088045e-05
   6.8100000e+02   0.0000000e+00   1.4945651e-05
   6.8200000e+02   0.0000000e+00   1.4804600e-05
   6.8300000e+02   0.0000000e+00   1.4664880e-05
   6.8400000e+02   0.0000000e+00   1.4526479e-05
   6.8500000e+02   0.0000000e+00   1.4389384e-05
   6.8600000e+02   0.0000000e+00   1.4253583e-05
   6.8700000e+02   0.0000000e+00   1.4119063e-05
   6.8800000e+02   0.0000000e+00   1.3985813e-05
   6.8900000e+02   0.0000000e+00   1.3853821e-05
   6.9000000e+02   0.0000000e+00   1.3723074e-05
   6.9100000e+02   0.0000000e+00   1.3593562e-05
   6.9200000e+02   0.0000000e+00   1.3465271e-05
   6.9300000e+02   0.0000000e+00   1.3338191e-05
   6.9400000e+02   0.0000000e+00   1.3212311e-05
   6.9500000e+02   0.0000000e+00   1.3087619e-05
   6.9600000e+02   0.0000000e+00   1.2964103e-05
   6.9700000e+02   0.0000000e+00   1.2841753e-05
   6.9800000e+02   0.0000000e+00   1.2720558e-05
   6.9900000e+02   0.0000000e+00   1.2600507e-05
   7.0000000e+02   0.0000000e+00   1.2481588e-05
   7.0100000e+02   0.0000000e+00   1.2363792e-05
   7.0200000e+02   0.0000000e+00   1.2247108e-05
   7.0300000e+02   0.0000000e+00   1.2131525e-05
   7.0400000e+02   0.0000000e+00   1.2017032e-05
   7.0500000e+02   0.0000000e+00   1.1903621e-05
   7.0600000e+02   0.0000000e+00   1.1791279e-05
   7.0700000e+02   0.0000000e+00   1.1679998e-05
   7.0800000e+02   0.0000000e+00   1.1569767e-05
   7.0900000e+02   0.0000000e+00   1.1460576e-05
   7.1000000e+02   0.0000000e+00   1.1352416e-05
   7.1100000e+02   0.0000000e+00   1.1245276e-05
   7.1200000e+02   0.0000000e+00   1.1139148e-05
   7.1300000e+02   1.0000000e+00   1.1034021e-05
