   1.0000000e+00   6.2000000e+01   3.8984169e-02
   2.0000000e+00   5.0000000e+01   3.4956018e-02
   3.0000000e+00   4.2000000e+01   3.1371392e-02
   4.0000000e+00   3.3000000e+01   2.8181343e-02
   5.0000000e+00   4.4000000e+01   2.5342328e-02
   6.0000000e+00   3.9000000e+01   2.2815607e-02
   7.0000000e+00   2.9000000e+01   2.0566716e-02
   8.0000000e+00   2.1000000e+01   1.8564997e-02
   9.0000000e+00   1.5000000e+01   1.6783172e-02
   1.0000000e+01   2.4000000e+01   1.5196978e-02
   1.1000000e+01   2.0000000e+01   1.3784825e-02
   1.2000000e+01   2.1000000e+01   1.2527511e-02
   1.3000000e+01   1.8000000e+01   1.1407948e-02
   1.4000000e+01   1.9000000e+01   1.0410938e-02
   1.5000000e+01   1.8000000e+01   9.5229590e-03
   1.6000000e+01   1.1000000e+01   8.7319808e-03
   1.7000000e+01   1.2000000e+01   8.0273016e-03
   1.8000000e+01   1.2000000e+01   7.3994006e-03
   1.9000000e+01   7.0000000e+00   6.8398077e-03
   2.0000000e+01   1.2000000e+01   6.3409878e-03
   2.1000000e+01   4.0000000e+00   5.8962372e-03
   2.2000000e+01   1.1000000e+01   5.4995921e-03
   2.3000000e+01   5.0000000e+00   5.1457470e-03
   2.4000000e+01   1.1000000e+01   4.8299819e-03
   2.5000000e+01   5.0000000e+00   4.5480977e-03
   2.6000000e+01   8.0000000e+00   4.2963588e-03
   2.7000000e+01   3.0000000e+00   4.0714418e-03
   2.8000000e+01   4.0000000e+00   3.8703901e-03
   2.9000000e+01   2.0000000e+00   3.6905734e-03
   3.0000000e+01   4.0000000e+00   3.5296517e-03
   3.1000000e+01   4.0000000e+00   3.3855433e-03
   3.2000000e+01   4.0000000e+00   3.2563962e-03
   3.3000000e+01   8.0000000e+00   3.1405626e-03
   3.4000000e+01   5.0000000e+00   3.0365770e-03
   3.5000000e+01   2.0000000e+00   2.9431351e-03
   3.6000000e+01   5.0000000e+00   2.8590770e-03
   3.7000000e+01   3.0000000e+00   2.7833704e-03
   3.8000000e+01   3.0000000e+00   2.7150973e-03
   3.9000000e+01   6.0000000e+00   2.6534407e-03
   4.0000000e+01   2.0000000e+00   2.5976740e-03
   4.1000000e+01   8.0000000e+00   2.5471506e-03
   4.2000000e+01   3.0000000e+00   2.5012952e-03
   4.3000000e+01   6.0000000e+00   2.4595963e-03
   4.4000000e+01   4.0000000e+00   2.4215985e-03
   4.5000000e+01   4.0000000e+00   2.3868968e-03
   4.6000000e+01   4.0000000e+00   2.3551308e-03
   4.7000000e+01   6.0000000e+00   2.3259801e-03
   4.8000000e+01   4.0000000e+00   2.2991594e-03
   4.9000000e+01   4.0000000e+00   2.2744148e-03
   5.0000000e+01   2.0000000e+00   2.2515208e-03
   5.1000000e+01   3.0000000e+00   2.2302765e-03
   5.2000000e+01   4.0000000e+00   2.2105030e-03
   5.3000000e+01   5.0000000e+00   2.1920415e-03
   5.4000000e+01   4.0000000e+00   2.1747506e-03
   5.5000000e+01   2.0000000e+00   2.1585042e-03
   5.6000000e+01   4.0000000e+00   2.1431906e-03
   5.7000000e+01   0.0000000e+00   2.1287100e-03
   5.8000000e+01   1.0000000e+00   2.1149738e-03
   5.9000000e+01   2.0000000e+00   2.1019032e-03
   6.0000000e+01   2.0000000e+00   2.0894278e-03
   6.1000000e+01   4.0000000e+00   2.0774854e-03
   6.2000000e+01   5.0000000e+00   2.0660203e-03
   6.3000000e+01   5.0000000e+00   2.0549831e-03
   6.4000000e+01   1.0000000e+00   2.0443297e-03
   6.5000000e+01   0.0000000e+00   2.0340210e-03
   6.6000000e+01   2.0000000e+00   2.0240222e-03
   6.7000000e+01   2.0000000e+00   2.0143023e-03
   6.8000000e+01   5.0000000e+00   2.0048336e-03
   6.9000000e+01   5.0000000e+00   1.9955916e-03
   7.0000000e+01   2.0000000e+00   1.9865543e-03
   7.1000000e+01   2.0000000e+00   1.9777024e-03
   7.2000000e+01   1.0000000e+00   1.9690185e-03
   7.3000000e+01   2.0000000e+00   1.9604872e-03
   7.4000000e+01   3.0000000e+00   1.9520947e-03
   7.5000000e+01   2.0000000e+00   1.9438288e-03
   7.6000000e+01   4.0000000e+00   1.9356786e-03
   7.7000000e+01   2.0000000e+00   1.9276343e-03
   7.8000000e+01   2.0000000e+00   1.9196875e-03
   7.9000000e+01   2.0000000e+00   1.9118302e-03
   8.0000000e+01   5.0000000e+00   1.9040557e-03
   8.1000000e+01   1.0000000e+00   1.8963579e-03
   8.2000000e+01   1.0000000e+00   1.8887313e-03
   8.3000000e+01   3.0000000e+00   1.8811710e-03
   8.4000000e+01   1.0000000e+00   1.8736727e-03
   8.5000000e+01   2.0000000e+00   1.8662325e-03
   8.6000000e+01   3.0000000e+00   1.8588470e-03
   8.7000000e+01   1.0000000e+00   1.8515130e-03
   8.8000000e+01   2.0000000e+00   1.8442279e-03
   8.9000000e+01   2.0000000e+00   1.8369892e-03
   9.0000000e+01   3.0000000e+00   1.8297946e-03
   9.1000000e+01   6.0000000e+00   1.8226421e-03
   9.2000000e+01   4.0000000e+00   1.8155301e-03
   9.3000000e+01   1.0000000e+00   1.8084570e-03
   9.4000000e+01   2.0000000e+00   1.8014212e-03
   9.5000000e+01   5.0000000e+00   1.7944216e-03
   9.6000000e+01   2.0000000e+00   1.7874570e-03
   9.7000000e+01   5.0000000e+00   1.7805264e-03
   9.8000000e+01   2.0000000e+00   1.7736288e-03
   9.9000000e+01   1.0000000e+00   1.7667635e-03
   1.0000000e+02   3.0000000e+00   1.7599296e-03
   1.0100000e+02   1.0000000e+00   1.7531265e-03
   1.0200000e+02   2.0000000e+00   1.7463536e-03
   1.0300000e+02   0.0000000e+00   1.7396102e-03
   1.0400000e+02   3.0000000e+00   1.7328960e-03
   1.0500000e+02   0.0000000e+00   1.7262104e-03
   1.0600000e+02   4.0000000e+00   1.7195531e-03
   1.0700000e+02   2.0000000e+00   1.7129235e-03
   1.0800000e+02   2.0000000e+00   1.7063215e-03
   1.0900000e+02   4.0000000e+00   1.6997466e-03
   1.1000000e+02   1.0000000e+00   1.6931985e-03
   1.1100000e+02   2.0000000e+00   1.6866771e-03
   1.1200000e+02   2.0000000e+00   1.6801819e-03
   1.1300000e+02   0.0000000e+00   1.6737129e-03
   1.1400000e+02   2.0000000e+00   1.6672697e-03
   1.1500000e+02   1.0000000e+00   1.6608521e-03
   1.1600000e+02   3.0000000e+00   1.6544600e-03
   1.1700000e+02   1.0000000e+00   1.6480932e-03
   1.1800000e+02   4.0000000e+00   1.6417514e-03
   1.1900000e+02   2.0000000e+00   1.6354346e-03
   1.2000000e+02   1.0000000e+00   1.6291426e-03
   1.2100000e+02   2.0000000e+00   1.6228752e-03
   1.2200000e+02   5.0000000e+00   1.6166323e-03
   1.2300000e+02   1.0000000e+00   1.6104137e-03
   1.2400000e+02   3.0000000e+00   1.6042194e-03
   1.2500000e+02   2.0000000e+00   1.5980491e-03
   1.2600000e+02   1.0000000e+00   1.5919028e-03
   1.2700000e+02   1.0000000e+00   1.5857804e-03
   1.2800000e+02   2.0000000e+00   1.5796817e-03
   1.2900000e+02   3.0000000e+00   1.5736066e-03
   1.3000000e+02   0.0000000e+00   1.5675550e-03
   1.3100000e+02   3.0000000e+00   1.5615268e-03
   1.3200000e+02   2.0000000e+00   1.5555219e-03
   1.3300000e+02   6.0000000e+00   1.5495402e-03
   1.3400000e+02   3.0000000e+00   1.5435816e-03
   1.3500000e+02   0.0000000e+00   1.5376460e-03
   1.3600000e+02   2.0000000e+00   1.5317333e-03
   1.3700000e+02   3.0000000e+00   1.5258434e-03
   1.3800000e+02   1.0000000e+00   1.5199762e-03
   1.3900000e+02   1.0000000e+00   1.5141316e-03
   1.4000000e+02   1.0000000e+00   1.5083096e-03
   1.4100000e+02   2.0000000e+00   1.5025099e-03
   1.4200000e+02   1.0000000e+00   1.4967326e-03
   1.4300000e+02   2.0000000e+00   1.4909776e-03
   1.4400000e+02   1.0000000e+00   1.4852447e-03
   1.4500000e+02   0.0000000e+00   1.4795338e-03
   1.4600000e+02   6.0000000e+00   1.4738450e-03
   1.4700000e+02   0.0000000e+00   1.4681780e-03
   1.4800000e+02   2.0000000e+00   1.4625329e-03
   1.4900000e+02   1.0000000e+00   1.4569095e-03
   1.5000000e+02   0.0000000e+00   1.4513077e-03
   1.5100000e+02   2.0000000e+00   1.4457274e-03
   1.5200000e+02   4.0000000e+00   1.4401687e-03
   1.5300000e+02   5.0000000e+00   1.4346313e-03
   1.5400000e+02   1.0000000e+00   1.4291152e-03
   1.5500000e+02   1.0000000e+00   1.4236203e-03
   1.5600000e+02   3.0000000e+00   1.4181466e-03
   1.5700000e+02   2.0000000e+00   1.4126939e-03
   1.5800000e+02   0.0000000e+00   1.4072622e-03
   1.5900000e+02   3.0000000e+00   1.4018513e-03
   1.6000000e+02   1.0000000e+00   1.3964613e-03
   1.6100000e+02   3.0000000e+00   1.3910920e-03
   1.6200000e+02   0.0000000e+00   1.3857434e-03
   1.6300000e+02   2.0000000e+00   1.3804153e-03
   1.6400000e+02   0.0000000e+00   1.3751077e-03
   1.6500000e+02   6.0000000e+00   1.3698206e-03
   1.6600000e+02   3.0000000e+00   1.3645537e-03
   1.6700000e+02   2.0000000e+00   1.3593071e-03
   1.6800000e+02   0.0000000e+00   1.3540807e-03
   1.6900000e+02   2.0000000e+00   1.3488744e-03
   1.7000000e+02   4.0000000e+00   1.3436881e-03
   1.7100000e+02   0.0000000e+00   1.3385217e-03
   1.7200000e+02   4.0000000e+00   1.3333752e-03
   1.7300000e+02   1.0000000e+00   1.3282485e-03
   1.7400000e+02   1.0000000e+00   1.3231415e-03
   1.7500000e+02   2.0000000e+00   1.3180542e-03
   1.7600000e+02   1.0000000e+00   1.3129864e-03
   1.7700000e+02   1.0000000e+00   1.3079381e-03
   1.7800000e+02   2.0000000e+00   1.3029092e-03
   1.7900000e+02   1.0000000e+00   1.2978996e-03
   1.8000000e+02   1.0000000e+00   1.2929093e-03
   1.8100000e+02   0.0000000e+00   1.2879382e-03
   1.8200000e+02   1.0000000e+00   1.2829862e-03
   1.8300000e+02   0.0000000e+00   1.2780533e-03
   1.8400000e+02   3.0000000e+00   1.2731393e-03
   1.8500000e+02   4.0000000e+00   1.2682442e-03
   1.8600000e+02   2.0000000e+00   1.2633679e-03
   1.8700000e+02   3.0000000e+00   1.2585104e-03
   1.8800000e+02   5.0000000e+00   1.2536715e-03
   1.8900000e+02   1.0000000e+00   1.2488513e-03
   1.9000000e+02   2.0000000e+00   1.2440496e-03
   1.9100000e+02   2.0000000e+00   1.2392663e-03
   1.9200000e+02   3.0000000e+00   1.2345015e-03
   1.9300000e+02   0.0000000e+00   1.2297549e-03
   1.9400000e+02   0.0000000e+00   1.2250266e-03
   1.9500000e+02   1.0000000e+00   1.2203165e-03
   1.9600000e+02   3.0000000e+00   1.2156245e-03
   1.9700000e+02   3.0000000e+00   1.2109506e-03
   1.9800000e+02   1.0000000e+00   1.2062946e-03
   1.9900000e+02   1.0000000e+00   1.2016565e-03
   2.0000000e+02   1.0000000e+00   1.1970363e-03
   2.0100000e+02   1.0000000e+00   1.1924338e-03
   2.0200000e+02   5.0000000e+00   1.1878490e-03
   2.0300000e+02   0.0000000e+00   1.1832818e-03
   2.0400000e+02   2.0000000e+00   1.1787322e-03
   2.0500000e+02   5.0000000e+00   1.1742001e-03
   2.0600000e+02   3.0000000e+00   1.1696854e-03
   2.0700000e+02   0.0000000e+00   1.1651881e-03
   2.0800000e+02   2.0000000e+00   1.1607081e-03
   2.0900000e+02   0.0000000e+00   1.1562453e-03
   2.1000000e+02   0.0000000e+00   1.1517996e-03
   2.1100000e+02   0.0000000e+00   1.1473710e-03
   2.1200000e+02   3.0000000e+00   1.1429595e-03
   2.1300000e+02   2.0000000e+00   1.1385650e-03
   2.1400000e+02   3.0000000e+00   1.1341873e-03
   2.1500000e+02   2.0000000e+00   1.1298264e-03
   2.1600000e+02   0.0000000e+00   1.1254824e-03
   2.1700000e+02   2.0000000e+00   1.1211550e-03
   2.1800000e+02   4.0000000e+00   1.1168443e-03
   2.1900000e+02   1.0000000e+00   1.1125501e-03
   2.2000000e+02   3.0000000e+00   1.1082725e-03
   2.2100000e+02   2.0000000e+00   1.1040113e-03
   2.2200000e+02   1.0000000e+00   1.0997665e-03
   2.2300000e+02   0.0000000e+00   1.0955380e-03
   2.2400000e+02   3.0000000e+00   1.0913257e-03
   2.2500000e+02   1.0000000e+00   1.0871297e-03
   2.2600000e+02   2.0000000e+00   1.0829498e-03
   2.2700000e+02   1.0000000e+00   1.0787860e-03
   2.2800000e+02   2.0000000e+00   1.0746381e-03
   2.2900000e+02   1.0000000e+00   1.0705062e-03
   2.3000000e+02   3.0000000e+00   1.0663903e-03
   2.3100000e+02   0.0000000e+00   1.0622901e-03
   2.3200000e+02   1.0000000e+00   1.0582057e-03
   2.3300000e+02   1.0000000e+00   1.0541370e-03
   2.3400000e+02   1.0000000e+00   1.0500839e-03
   2.3500000e+02   1.0000000e+00   1.0460465e-03
   2.3600000e+02   4.0000000e+00   1.0420245e-03
   2.3700000e+02   3.0000000e+00   1.0380180e-03
   2.3800000e+02   2.0000000e+00   1.0340270e-03
   2.3900000e+02   1.0000000e+00   1.0300512e-03
   2.4000000e+02   2.0000000e+00   1.0260908e-03
   2.4100000e+02   2.0000000e+00   1.0221456e-03
   2.4200000e+02   1.0000000e+00   1.0182155e-03
   2.4300000e+02   1.0000000e+00   1.0143006e-03
   2.4400000e+02   2.0000000e+00   1.0104007e-03
   2.4500000e+02   1.0000000e+00   1.0065158e-03
   2.4600000e+02   3.0000000e+00   1.0026459e-03
   2.4700000e+02   2.0000000e+00   9.9879078e-04
   2.4800000e+02   2.0000000e+00   9.9495053e-04
   2.4900000e+02   3.0000000e+00   9.9112504e-04
   2.5000000e+02   0.0000000e+00   9.8731426e-04
   2.5100000e+02   2.0000000e+00   9.8351814e-04
   2.5200000e+02   1.0000000e+00   9.7973661e-04
   2.5300000e+02   0.0000000e+00   9.7596962e-04
   2.5400000e+02   0.0000000e+00   9.7221711e-04
   2.5500000e+02   0.0000000e+00   9.6847903e-04
   2.5600000e+02   1.0000000e+00   9.6475533e-04
   2.5700000e+02   1.0000000e+00   9.6104594e-04
   2.5800000e+02   1.0000000e+00   9.5735081e-04
   2.5900000e+02   1.0000000e+00   9.5366989e-04
   2.6000000e+02   2.0000000e+00   9.5000312e-04
   2.6100000e+02   3.0000000e+00   9.4635046e-04
   2.6200000e+02   1.0000000e+00   9.4271183e-04
   2.6300000e+02   2.0000000e+00   9.3908720e-04
   2.6400000e+02   4.0000000e+00   9.3547650e-04
   2.6500000e+02   0.0000000e+00   9.3187969e-04
   2.6600000e+02   2.0000000e+00   9.2829670e-04
   2.6700000e+02   1.0000000e+00   9.2472749e-04
   2.6800000e+02   3.0000000e+00   9.2117200e-04
   2.6900000e+02   2.0000000e+00   9.1763019e-04
   2.7000000e+02   2.0000000e+00   9.1410199e-04
   2.7100000e+02   1.0000000e+00   9.1058736e-04
   2.7200000e+02   0.0000000e+00   9.0708624e-04
   2.7300000e+02   2.0000000e+00   9.0359858e-04
   2.7400000e+02   2.0000000e+00   9.0012434e-04
   2.7500000e+02   2.0000000e+00   8.9666345e-04
   2.7600000e+02   2.0000000e+00   8.9321586e-04
   2.7700000e+02   0.0000000e+00   8.8978154e-04
   2.7800000e+02   1.0000000e+00   8.8636042e-04
   2.7900000e+02   0.0000000e+00   8.8295245e-04
   2.8000000e+02   1.0000000e+00   8.7955758e-04
   2.8100000e+02   1.0000000e+00   8.7617577e-04
   2.8200000e+02   1.0000000e+00   8.7280696e-04
   2.8300000e+02   4.0000000e+00   8.6945110e-04
   2.8400000e+02   1.0000000e+00   8.6610815e-04
   2.8500000e+02   2.0000000e+00   8.6277805e-04
   2.8600000e+02   4.0000000e+00   8.5946075e-04
   2.8700000e+02   2.0000000e+00   8.5615621e-04
   2.8800000e+02   0.0000000e+00   8.5286438e-04
   2.8900000e+02   3.0000000e+00   8.4958520e-04
   2.9000000e+02   2.0000000e+00   8.4631862e-04
   2.9100000e+02   1.0000000e+00   8.4306461e-04
   2.9200000e+02   1.0000000e+00   8.3982311e-04
   2.9300000e+02   0.0000000e+00   8.3659408e-04
   2.9400000e+02   0.0000000e+00   8.3337745e-04
   2.9500000e+02   4.0000000e+00   8.3017320e-04
   2.9600000e+02   2.0000000e+00   8.2698127e-04
   2.9700000e+02   1.0000000e+00   8.2380160e-04
   2.9800000e+02   1.0000000e+00   8.2063417e-04
   2.9900000e+02   0.0000000e+00   8.1747891e-04
   3.0000000e+02   3.0000000e+00   8.1433579e-04
   3.0100000e+02   1.0000000e+00   8.1120474e-04
   3.0200000e+02   0.0000000e+00   8.0808574e-04
   3.0300000e+02   0.0000000e+00   8.0497873e-04
   3.0400000e+02   0.0000000e+00   8.0188367e-04
   3.0500000e+02   3.0000000e+00   7.9880051e-04
   3.0600000e+02   1.0000000e+00   7.9572920e-04
   3.0700000e+02   3.0000000e+00   7.9266970e-04
   3.0800000e+02   1.0000000e+00   7.8962196e-04
   3.0900000e+02   1.0000000e+00   7.8658594e-04
   3.1000000e+02   3.0000000e+00   7.8356160e-04
   3.1100000e+02   2.0000000e+00   7.8054888e-04
   3.1200000e+02   0.0000000e+00   7.7754774e-04
   3.1300000e+02   3.0000000e+00   7.7455815e-04
   3.1400000e+02   1.0000000e+00   7.7158005e-04
   3.1500000e+02   1.0000000e+00   7.6861340e-04
   3.1600000e+02   2.0000000e+00   7.6565816e-04
   3.1700000e+02   0.0000000e+00   7.6271428e-04
   3.1800000e+02   3.0000000e+00   7.5978172e-04
   3.1900000e+02   4.0000000e+00   7.5686043e-04
   3.2000000e+02   0.0000000e+00   7.5395038e-04
   3.2100000e+02   3.0000000e+00   7.5105151e-04
   3.2200000e+02   0.0000000e+00   7.4816379e-04
   3.2300000e+02   1.0000000e+00   7.4528718e-04
   3.2400000e+02   2.0000000e+00   7.4242162e-04
   3.2500000e+02   1.0000000e+00   7.3956708e-04
   3.2600000e+02   1.0000000e+00   7.3672352e-04
   3.2700000e+02   1.0000000e+00   7.3389089e-04
   3.2800000e+02   1.0000000e+00   7.3106915e-04
   3.2900000e+02   1.0000000e+00   7.2825827e-04
   3.3000000e+02   0.0000000e+00   7.2545819e-04
   3.3100000e+02   1.0000000e+00   7.2266887e-04
   3.3200000e+02   0.0000000e+00   7.1989028e-04
   3.3300000e+02   0.0000000e+00   7.1712237e-04
   3.3400000e+02   0.0000000e+00   7.1436511e-04
   3.3500000e+02   1.0000000e+00   7.1161844e-04
   3.3600000e+02   0.0000000e+00   7.0888234e-04
   3.3700000e+02   0.0000000e+00   7.0615676e-04
   3.3800000e+02   1.0000000e+00   7.0344166e-04
   3.3900000e+02   4.0000000e+00   7.0073699e-04
   3.4000000e+02   1.0000000e+00   6.9804273e-04
   3.4100000e+02   2.0000000e+00   6.9535882e-04
   3.4200000e+02   1.0000000e+00   6.9268524e-04
   3.4300000e+02   0.0000000e+00   6.9002193e-04
   3.4400000e+02   3.0000000e+00   6.8736886e-04
   3.4500000e+02   1.0000000e+00   6.8472600e-04
   3.4600000e+02   0.0000000e+00   6.8209329e-04
   3.4700000e+02   2.0000000e+00   6.7947071e-04
   3.4800000e+02   1.0000000e+00   6.7685821e-04
   3.4900000e+02   0.0000000e+00   6.7425576e-04
   3.5000000e+02   1.0000000e+00   6.7166331e-04
   3.5100000e+02   1.0000000e+00   6.6908084e-04
   3.5200000e+02   0.0000000e+00   6.6650829e-04
   3.5300000e+02   0.0000000e+00   6.6394563e-04
   3.5400000e+02   1.0000000e+00   6.6139282e-04
   3.5500000e+02   0.0000000e+00   6.5884983e-04
   3.5600000e+02   1.0000000e+00   6.5631662e-04
   3.5700000e+02   1.0000000e+00   6.5379315e-04
   3.5800000e+02   1.0000000e+00   6.5127938e-04
   3.5900000e+02   3.0000000e+00   6.4877527e-04
   3.6000000e+02   1.0000000e+00   6.4628079e-04
   3.6100000e+02   0.0000000e+00   6.4379591e-04
   3.6200000e+02   1.0000000e+00   6.4132058e-04
   3.6300000e+02   1.0000000e+00   6.3885476e-04
   3.6400000e+02   2.0000000e+00   6.3639843e-04
   3.6500000e+02   0.0000000e+00   6.3395154e-04
   3.6600000e+02   1.0000000e+00   6.3151406e-04
   3.6700000e+02   1.0000000e+00   6.2908595e-04
   3.6800000e+02   2.0000000e+00   6.2666718e-04
   3.6900000e+02   1.0000000e+00   6.2425770e-04
   3.7000000e+02   1.0000000e+00   6.2185749e-04
   3.7100000e+02   2.0000000e+00   6.1946651e-04
   3.7200000e+02   2.0000000e+00   6.1708472e-04
   3.7300000e+02   3.0000000e+00   6.1471209e-04
   3.7400000e+02   1.0000000e+00   6.1234859e-04
   3.7500000e+02   0.0000000e+00   6.0999417e-04
   3.7600000e+02   3.0000000e+00   6.0764880e-04
   3.7700000e+02   0.0000000e+00   6.0531245e-04
   3.7800000e+02   1.0000000e+00   6.0298508e-04
   3.7900000e+02   1.0000000e+00   6.0066667e-04
   3.8000000e+02   0.0000000e+00   5.9835716e-04
   3.8100000e+02   4.0000000e+00   5.9605654e-04
   3.8200000e+02   1.0000000e+00   5.9376476e-04
   3.8300000e+02   1.0000000e+00   5.9148179e-04
   3.8400000e+02   0.0000000e+00   5.8920760e-04
   3.8500000e+02   1.0000000e+00   5.8694216e-04
   3.8600000e+02   2.0000000e+00   5.8468542e-04
   3.8700000e+02   1.0000000e+00   5.8243737e-04
   3.8800000e+02   1.0000000e+00   5.8019795e-04
   3.8900000e+02   2.0000000e+00   5.7796715e-04
   3.9000000e+02   0.0000000e+00   5.7574492e-04
   3.9100000e+02   1.0000000e+00   5.7353124e-04
   3.9200000e+02   2.0000000e+00   5.7132607e-04
   3.9300000e+02   0.0000000e+00   5.6912937e-04
   3.9400000e+02   1.0000000e+00   5.6694113e-04
   3.9500000e+02   2.0000000e+00   5.6476130e-04
   3.9600000e+02   2.0000000e+00   5.6258984e-04
   3.9700000e+02   1.0000000e+00   5.6042674e-04
   3.9800000e+02   0.0000000e+00   5.5827196e-04
   3.9900000e+02   0.0000000e+00   5.5612546e-04
   4.0000000e+02   0.0000000e+00   5.5398721e-04
   4.0100000e+02   2.0000000e+00   5.5185718e-04
   4.0200000e+02   2.0000000e+00   5.4973535e-04
   4.0300000e+02   1.0000000e+00   5.4762167e-04
   4.0400000e+02   1.0000000e+00   5.4551612e-04
   4.0500000e+02   0.0000000e+00   5.4341866e-04
   4.0600000e+02   2.0000000e+00   5.4132927e-04
   4.0700000e+02   2.0000000e+00   5.3924791e-04
   4.0800000e+02   2.0000000e+00   5.3717456e-04
   4.0900000e+02   2.0000000e+00   5.3510917e-04
   4.1000000e+02   1.0000000e+00   5.3305173e-04
   4.1100000e+02   0.0000000e+00   5.3100220e-04
   4.1200000e+02   0.0000000e+00   5.2896055e-04
   4.1300000e+02   1.0000000e+00   5.2692675e-04
   4.1400000e+02   1.0000000e+00   5.2490077e-04
   4.1500000e+02   2.0000000e+00   5.2288257e-04
   4.1600000e+02   2.0000000e+00   5.2087214e-04
   4.1700000e+02   0.0000000e+00   5.1886944e-04
   4.1800000e+02   0.0000000e+00   5.1687444e-04
   4.1900000e+02   1.0000000e+00   5.1488711e-04
   4.2000000e+02   2.0000000e+00   5.1290742e-04
   4.2100000e+02   0.0000000e+00   5.1093534e-04
   4.2200000e+02   0.0000000e+00   5.0897084e-04
   4.2300000e+02   2.0000000e+00   5.0701390e-04
   4.2400000e+02   1.0000000e+00   5.0506448e-04
   4.2500000e+02   1.0000000e+00   5.0312256e-04
   4.2600000e+02   0.0000000e+00   5.0118810e-04
   4.2700000e+02   1.0000000e+00   4.9926108e-04
   4.2800000e+02   1.0000000e+00   4.9734147e-04
   4.2900000e+02   0.0000000e+00   4.9542925e-04
   4.3000000e+02   1.0000000e+00   4.9352437e-04
   4.3100000e+02   0.0000000e+00   4.9162682e-04
   4.3200000e+02   1.0000000e+00   4.8973656e-04
   4.3300000e+02   0.0000000e+00   4.8785357e-04
   4.3400000e+02   0.0000000e+00   4.8597782e-04
   4.3500000e+02   0.0000000e+00   4.8410929e-04
   4.3600000e+02   1.0000000e+00   4.8224793e-04
   4.3700000e+02   0.0000000e+00   4.8039374e-04
   4.3800000e+02   0.0000000e+00   4.7854667e-04
   4.3900000e+02   0.0000000e+00   4.7670671e-04
   4.4000000e+02   1.0000000e+00   4.7487382e-04
   4.4100000e+02   0.0000000e+00   4.7304797e-04
   4.4200000e+02   3.0000000e+00   4.7122915e-04
   4.4300000e+02   0.0000000e+00   4.6941732e-04
   4.4400000e+02   0.0000000e+00   4.6761246e-04
   4.4500000e+02   1.0000000e+00   4.6581453e-04
   4.4600000e+02   2.0000000e+00   4.6402352e-04
   4.4700000e+02   0.0000000e+00   4.6223940e-04
   4.4800000e+02   0.0000000e+00   4.6046213e-04
   4.4900000e+02   1.0000000e+00   4.5869170e-04
   4.5000000e+02   0.0000000e+00   4.5692808e-04
   4.5100000e+02   0.0000000e+00   4.5517123e-04
   4.5200000e+02   3.0000000e+00   4.5342114e-04
   4.5300000e+02   0.0000000e+00   4.5167779e-04
   4.5400000e+02   0.0000000e+00   4.4994113e-04
   4.5500000e+02   1.0000000e+00   4.4821115e-04
   4.5600000e+02   0.0000000e+00   4.4648782e-04
   4.5700000e+02   1.0000000e+00   4.4477112e-04
   4.5800000e+02   0.0000000e+00   4.4306102e-04
   4.5900000e+02   0.0000000e+00   4.4135749e-04
   4.6000000e+02   1.0000000e+00   4.3966052e-04
   4.6100000e+02   0.0000000e+00   4.3797007e-04
   4.6200000e+02   1.0000000e+00   4.3628611e-04
   4.6300000e+02   0.0000000e+00   4.3460864e-04
   4.6400000e+02   0.0000000e+00   4.3293761e-04
   4.6500000e+02   0.0000000e+00   4.3127301e-04
   4.6600000e+02   1.0000000e+00   4.2961481e-04
   4.6700000e+02   2.0000000e+00   4.2796298e-04
   4.6800000e+02   0.0000000e+00   4.2631750e-04
   4.6900000e+02   0.0000000e+00   4.2467835e-04
   4.7000000e+02   0.0000000e+00   4.2304551e-04
   4.7100000e+02   0.0000000e+00   4.2141894e-04
   4.7200000e+02   1.0000000e+00   4.1979863e-04
   4.7300000e+02   1.0000000e+00   4.1818454e-04
   4.7400000e+02   0.0000000e+00   4.1657666e-04
   4.7500000e+02   0.0000000e+00   4.1497497e-04
   4.7600000e+02   3.0000000e+00   4.1337943e-04
   4.7700000e+02   0.0000000e+00   4.1179003e-04
   4.7800000e+02   1.0000000e+00   4.1020673e-04
   4.7900000e+02   1.0000000e+00   4.0862953e-04
   4.8000000e+02   0.0000000e+00   4.0705839e-04
   4.8100000e+02   1.0000000e+00   4.0549329e-04
   4.8200000e+02   0.0000000e+00   4.0393421e-04
   4.8300000e+02   2.0000000e+00   4.0238112e-04
   4.8400000e+02   1.0000000e+00   4.0083401e-04
   4.8500000e+02   0.0000000e+00   3.9929284e-04
   4.8600000e+02   0.0000000e+00   3.9775760e-04
   4.8700000e+02   1.0000000e+00   3.9622826e-04
   4.8800000e+02   2.0000000e+00   3.9470480e-04
   4.8900000e+02   1.0000000e+00   3.9318720e-04
   4.9000000e+02   2.0000000e+00   3.9167543e-04
   4.9100000e+02   4.0000000e+00   3.9016948e-04
   4.9200000e+02   0.0000000e+00   3.8866932e-04
   4.9300000e+02   0.0000000e+00   3.8717492e-04
   4.9400000e+02   0.0000000e+00   3.8568627e-04
   4.9500000e+02   3.0000000e+00   3.8420335e-04
   4.9600000e+02   0.0000000e+00   3.8272612e-04
   4.9700000e+02   0.0000000e+00   3.8125458e-04
   4.9800000e+02   1.0000000e+00   3.7978869e-04
   4.9900000e+02   0.0000000e+00   3.7832844e-04
   5.0000000e+02   0.0000000e+00   3.7687381e-04
   5.0100000e+02   0.0000000e+00   3.7542476e-04
   5.0200000e+02   1.0000000e+00   3.7398129e-04
   5.0300000e+02   1.0000000e+00   3.7254337e-04
   5.0400000e+02   0.0000000e+00   3.7111098e-04
   5.0500000e+02   0.0000000e+00   3.6968409e-04
   5.0600000e+02   0.0000000e+00   3.6826269e-04
   5.0700000e+02   0.0000000e+00   3.6684676e-04
   5.0800000e+02   1.0000000e+00   3.6543627e-04
   5.0900000e+02   1.0000000e+00   3.6403120e-04
   5.1000000e+02   0.0000000e+00   3.6263154e-04
   5.1100000e+02   0.0000000e+00   3.6123726e-04
   5.1200000e+02   0.0000000e+00   3.5984834e-04
   5.1300000e+02   0.0000000e+00   3.5846475e-04
   5.1400000e+02   0.0000000e+00   3.5708649e-04
   5.1500000e+02   0.0000000e+00   3.5571353e-04
   5.1600000e+02   2.0000000e+00   3.5434585e-04
   5.1700000e+02   1.0000000e+00   3.5298342e-04
   5.1800000e+02   0.0000000e+00   3.5162624e-04
   5.1900000e+02   0.0000000e+00   3.5027427e-04
   5.2000000e+02   1.0000000e+00   3.4892750e-04
   5.2100000e+02   1.0000000e+00   3.4758591e-04
   5.2200000e+02   2.0000000e+00   3.4624947e-04
   5.2300000e+02   0.0000000e+00   3.4491818e-04
   5.2400000e+02   0.0000000e+00   3.4359200e-04
   5.2500000e+02   1.0000000e+00   3.4227092e-04
   5.2600000e+02   0.0000000e+00   3.4095493e-04
   5.2700000e+02   0.0000000e+00   3.3964399e-04
   5.2800000e+02   0.0000000e+00   3.3833809e-04
   5.2900000e+02   0.0000000e+00   3.3703721e-04
   5.3000000e+02   0.0000000e+00   3.3574134e-04
   5.3100000e+02   1.0000000e+00   3.3445045e-04
   5.3200000e+02   1.0000000e+00   3.3316452e-04
   5.3300000e+02   0.0000000e+00   3.3188353e-04
   5.3400000e+02   0.0000000e+00   3.3060747e-04
   5.3500000e+02   2.0000000e+00   3.2933632e-04
   5.3600000e+02   0.0000000e+00   3.2807005e-04
   5.3700000e+02   0.0000000e+00   3.2680866e-04
   5.3800000e+02   0.0000000e+00   3.2555211e-04
   5.3900000e+02   0.0000000e+00   3.2430039e-04
   5.4000000e+02   0.0000000e+00   3.2305349e-04
   5.4100000e+02   0.0000000e+00   3.2181138e-04
   5.4200000e+02   0.0000000e+00   3.2057405e-04
   5.4300000e+02   0.0000000e+00   3.1934147e-04
   5.4400000e+02   1.0000000e+00   3.1811364e-04
   5.4500000e+02   1.0000000e+00   3.1689052e-04
   5.4600000e+02   1.0000000e+00   3.1567211e-04
   5.4700000e+02   0.0000000e+00   3.1445838e-04
   5.4800000e+02   0.0000000e+00   3.1324932e-04
   5.4900000e+02   0.0000000e+00   3.1204491e-04
   5.5000000e+02   0.0000000e+00   3.1084513e-04
   5.5100000e+02   0.0000000e+00   3.0964996e-04
   5.5200000e+02   0.0000000e+00   3.0845938e-04
   5.5300000e+02   1.0000000e+00   3.0727339e-04
   5.5400000e+02   1.0000000e+00   3.0609195e-04
   5.5500000e+02   1.0000000e+00   3.0491506e-04
   5.5600000e+02   0.0000000e+00   3.0374269e-04
   5.5700000e+02   1.0000000e+00   3.0257483e-04
   5.5800000e+02   1.0000000e+00   3.0141146e-04
   5.5900000e+02   0.0000000e+00   3.0025256e-04
   5.6000000e+02   1.0000000e+00   2.9909812e-04
   5.6100000e+02   0.0000000e+00   2.9794812e-04
   5.6200000e+02   0.0000000e+00   2.9680254e-04
   5.6300000e+02   0.0000000e+00   2.9566136e-04
   5.6400000e+02   0.0000000e+00   2.9452457e-04
   5.6500000e+02   1.0000000e+00   2.9339215e-04
   5.6600000e+02   0.0000000e+00   2.9226409e-04
   5.6700000e+02   1.0000000e+00   2.9114036e-04
   5.6800000e+02   0.0000000e+00   2.9002096e-04
   5.6900000e+02   1.0000000e+00   2.8890585e-04
   5.7000000e+02   0.0000000e+00   2.8779504e-04
   5.7100000e+02   0.0000000e+00   2.8668850e-04
   5.7200000e+02   1.0000000e+00   2.8558621e-04
   5.7300000e+02   0.0000000e+00   2.8448816e-04
   5.7400000e+02   0.0000000e+00   2.8339433e-04
   5.7500000e+02   0.0000000e+00   2.8230470e-04
   5.7600000e+02   1.0000000e+00   2.8121927e-04
   5.7700000e+02   0.0000000e+00   2.8013801e-04
   5.7800000e+02   0.0000000e+00   2.7906091e-04
   5.7900000e+02   0.0000000e+00   2.7798795e-04
   5.8000000e+02   0.0000000e+00   2.7691911e-04
   5.8100000e+02   0.0000000e+00   2.7585438e-04
   5.8200000e+02   0.0000000e+00   2.7479375e-04
   5.8300000e+02   0.0000000e+00   2.7373720e-04
   5.8400000e+02   0.0000000e+00   2.7268470e-04
   5.8500000e+02   0.0000000e+00   2.7163626e-04
   5.8600000e+02   0.0000000e+00   2.7059184e-04
   5.8700000e+02   0.0000000e+00   2.6955144e-04
   5.8800000e+02   0.0000000e+00   2.6851504e-04
   5.8900000e+02   0.0000000e+00   2.6748263e-04
   5.9000000e+02   0.0000000e+00   2.6645419e-04
   5.9100000e+02   0.0000000e+00   2.6542970e-04
   5.9200000e+02   0.0000000e+00   2.6440915e-04
   5.9300000e+02   0.0000000e+00   2.6339252e-04
   5.9400000e+02   0.0000000e+00   2.6237980e-04
   5.9500000e+02   0.0000000e+00   2.6137098e-04
   5.9600000e+02   2.0000000e+00   2.6036603e-04
   5.9700000e+02   0.0000000e+00   2.5936495e-04
   5.9800000e+02   1.0000000e+00   2.5836772e-04
   5.9900000e+02   0.0000000e+00   2.5737432e-04
   6.0000000e+02   1.0000000e+00   2.5638474e-04
   6.0100000e+02   1.0000000e+00   2.5539896e-04
   6.0200000e+02   0.0000000e+00   2.5441698e-04
   6.0300000e+02   0.0000000e+00   2.5343877e-04
   6.0400000e+02   1.0000000e+00   2.5246433e-04
   6.0500000e+02   1.0000000e+00   2.5149362e-04
   6.0600000e+02   0.0000000e+00   2.5052666e-04
   6.0700000e+02   0.0000000e+00   2.4956341e-04
   6.0800000e+02   1.0000000e+00   2.4860386e-04
   6.0900000e+02   0.0000000e+00   2.4764800e-04
   6.1000000e+02   0.0000000e+00   2.4669582e-04
   6.1100000e+02   0.0000000e+00   2.4574730e-04
   6.1200000e+02   0.0000000e+00   2.4480243e-04
   6.1300000e+02   0.0000000e+00   2.4386118e-04
   6.1400000e+02   0.0000000e+00   2.4292356e-04
   6.1500000e+02   1.0000000e+00   2.4198954e-04
   6.1600000e+02   0.0000000e+00   2.4105912e-04
   6.1700000e+02   0.0000000e+00   2.4013227e-04
   6.1800000e+02   0.0000000e+00   2.3920899e-04
   6.1900000e+02   0.0000000e+00   2.3828925e-04
   6.2000000e+02   0.0000000e+00   2.3737305e-04
   6.2100000e+02   0.0000000e+00   2.3646038e-04
   6.2200000e+02   2.0000000e+00   2.3555121e-04
   6.2300000e+02   0.0000000e+00   2.3464554e-04
   6.2400000e+02   1.0000000e+00   2.3374335e-04
   6.2500000e+02   0.0000000e+00   2.3284463e-04
   6.2600000e+02   0.0000000e+00   2.3194936e-04
   6.2700000e+02   0.0000000e+00   2.3105754e-04
   6.2800000e+02   0.0000000e+00   2.3016915e-04
   6.2900000e+02   0.0000000e+00   2.2928417e-04
   6.3000000e+02   2.0000000e+00   2.2840260e-04
   6.3100000e+02   0.0000000e+00   2.2752441e-04
   6.3200000e+02   1.0000000e+00   2.2664960e-04
   6.3300000e+02   0.0000000e+00   2.2577816e-04
   6.3400000e+02   1.0000000e+00   2.2491006e-04
   6.3500000e+02   1.0000000e+00   2.2404530e-04
   6.3600000e+02   0.0000000e+00   2.2318387e-04
   6.3700000e+02   0.0000000e+00   2.2232575e-04
   6.3800000e+02   0.0000000e+00   2.2147093e-04
   6.3900000e+02   0.0000000e+00   2.2061940e-04
   6.4000000e+02   0.0000000e+00   2.1977114e-04
   6.4100000e+02   0.0000000e+00   2.1892614e-04
   6.4200000e+02   0.0000000e+00   2.1808439e-04
   6.4300000e+02   0.0000000e+00   2.1724588e-04
   6.4400000e+02   0.0000000e+00   2.1641059e-04
   6.4500000e+02   0.0000000e+00   2.1557851e-04
   6.4600000e+02   0.0000000e+00   2.1474963e-04
   6.4700000e+02   0.0000000e+00   2.1392394e-04
   6.4800000e+02   0.0000000e+00   2.1310142e-04
   6.4900000e+02   0.0000000e+00   2.1228207e-04
   6.5000000e+02   0.0000000e+00   2.1146587e-04
   6.5100000e+02   0.0000000e+00   2.1065280e-04
   6.5200000e+02   0.0000000e+00   2.0984286e-04
   6.5300000e+02   1.0000000e+00   2.0903604e-04
   6.5400000e+02   2.0000000e+00   2.0823231e-04
   6.5500000e+02   0.0000000e+00   2.0743168e-04
   6.5600000e+02   0.0000000e+00   2.0663413e-04
   6.5700000e+02   0.0000000e+00   2.0583964e-04
   6.5800000e+02   0.0000000e+00   2.0504821e-04
   6.5900000e+02   0.0000000e+00   2.0425982e-04
   6.6000000e+02   0.0000000e+00   2.0347446e-04
   6.6100000e+02   0.0000000e+00   2.0269212e-04
   6.6200000e+02   1.0000000e+00   2.0191279e-04
   6.6300000e+02   2.0000000e+00   2.0113645e-04
   6.6400000e+02   0.0000000e+00   2.0036310e-04
   6.6500000e+02   0.0000000e+00   1.9959273e-04
   6.6600000e+02   0.0000000e+00   1.9882531e-04
   6.6700000e+02   0.0000000e+00   1.9806085e-04
   6.6800000e+02   1.0000000e+00   1.9729932e-04
   6.6900000e+02   1.0000000e+00   1.9654073e-04
   6.7000000e+02   0.0000000e+00   1.9578505e-04
   6.7100000e+02   0.0000000e+00   1.9503227e-04
   6.7200000e+02   1.0000000e+00   1.9428239e-04
   6.7300000e+02   0.0000000e+00   1.9353540e-04
   6.7400000e+02   2.0000000e+00   1.9279127e-04
   6.7500000e+02   1.0000000e+00   1.9205001e-04
   6.7600000e+02   0.0000000e+00   1.9131160e-04
   6.7700000e+02   0.0000000e+00   1.9057602e-04
   6.7800000e+02   0.0000000e+00   1.8984328e-04
   6.7900000e+02   0.0000000e+00   1.8911335e-04
   6.8000000e+02   0.0000000e+00   1.8838622e-04
   6.8100000e+02   0.0000000e+00   1.8766190e-04
   6.8200000e+02   1.0000000e+00   1.8694036e-04
   6.8300000e+02   0.0000000e+00   1.8622159e-04
   6.8400000e+02   0.0000000e+00   1.8550559e-04
   6.8500000e+02   0.0000000e+00   1.8479234e-04
   6.8600000e+02   0.0000000e+00   1.8408183e-04
   6.8700000e+02   0.0000000e+00   1.8337405e-04
   6.8800000e+02   0.0000000e+00   1.8266900e-04
   6.8900000e+02   0.0000000e+00   1.8196665e-04
   6.9000000e+02   1.0000000e+00   1.8126701e-04
   6.9100000e+02   0.0000000e+00   1.8057005e-04
   6.9200000e+02   0.0000000e+00   1.7987578e-04
   6.9300000e+02   0.0000000e+00   1.7918417e-04
   6.9400000e+02   1.0000000e+00   1.7849523e-04
   6.9500000e+02   1.0000000e+00   1.7780893e-04
   6.9600000e+02   0.0000000e+00   1.7712528e-04
   6.9700000e+02   0.0000000e+00   1.7644425e-04
   6.9800000e+02   0.0000000e+00   1.7576584e-04
   6.9900000e+02   0.0000000e+00   1.7509003e-04
   7.0000000e+02   0.0000000e+00   1.7441683e-04
   7.0100000e+02   0.0000000e+00   1.7374621e-04
   7.0200000e+02   0.0000000e+00   1.7307818e-04
   7.0300000e+02   0.0000000e+00   1.7241271e-04
   7.0400000e+02   1.0000000e+00   1.7174980e-04
   7.0500000e+02   0.0000000e+00   1.7108944e-04
   7.0600000e+02   0.0000000e+00   1.7043161e-04
   7.0700000e+02   0.0000000e+00   1.6977632e-04
   7.0800000e+02   0.0000000e+00   1.6912355e-04
   7.0900000e+02   0.0000000e+00   1.6847329e-04
   7.1000000e+02   0.0000000e+00   1.6782552e-04
   7.1100000e+02   0.0000000e+00   1.6718025e-04
   7.1200000e+02   1.0000000e+00   1.6653746e-04
   7.1300000e+02   1.0000000e+00   1.6589714e-04
   7.1400000e+02   1.0000000e+00   1.6525928e-04
   7.1500000e+02   0.0000000e+00   1.6462387e-04
   7.1600000e+02   0.0000000e+00   1.6399091e-04
   7.1700000e+02   0.0000000e+00   1.6336038e-04
   7.1800000e+02   0.0000000e+00   1.6273228e-04
   7.1900000e+02   0.0000000e+00   1.6210659e-04
   7.2000000e+02   1.0000000e+00   1.6148331e-04
   7.2100000e+02   1.0000000e+00   1.6086242e-04
   7.2200000e+02   0.0000000e+00   1.6024392e-04
   7.2300000e+02   0.0000000e+00   1.5962780e-04
   7.2400000e+02   0.0000000e+00   1.5901404e-04
   7.2500000e+02   0.0000000e+00   1.5840265e-04
   7.2600000e+02   0.0000000e+00   1.5779361e-04
   7.2700000e+02   0.0000000e+00   1.5718691e-04
   7.2800000e+02   0.0000000e+00   1.5658254e-04
   7.2900000e+02   0.0000000e+00   1.5598049e-04
   7.3000000e+02   1.0000000e+00   1.5538076e-04
   7.3100000e+02   2.0000000e+00   1.5478334e-04
   7.3200000e+02   0.0000000e+00   1.5418821e-04
   7.3300000e+02   0.0000000e+00   1.5359537e-04
   7.3400000e+02   0.0000000e+00   1.5300482e-04
   7.3500000e+02   1.0000000e+00   1.5241653e-04
   7.3600000e+02   0.0000000e+00   1.5183050e-04
   7.3700000e+02   0.0000000e+00   1.5124673e-04
   7.3800000e+02   0.0000000e+00   1.5066520e-04
   7.3900000e+02   2.0000000e+00   1.5008591e-04
   7.4000000e+02   0.0000000e+00   1.4950884e-04
   7.4100000e+02   0.0000000e+00   1.4893399e-04
   7.4200000e+02   2.0000000e+00   1.4836136e-04
   7.4300000e+02   0.0000000e+00   1.4779092e-04
   7.4400000e+02   1.0000000e+00   1.4722268e-04
   7.4500000e+02   0.0000000e+00   1.4665662e-04
   7.4600000e+02   1.0000000e+00   1.4609274e-04
   7.4700000e+02   0.0000000e+00   1.4553103e-04
   7.4800000e+02   0.0000000e+00   1.4497148e-04
   7.4900000e+02   0.0000000e+00   1.4441408e-04
   7.5000000e+02   0.0000000e+00   1.4385882e-04
   7.5100000e+02   0.0000000e+00   1.4330570e-04
   7.5200000e+02   0.0000000e+00   1.4275470e-04
   7.5300000e+02   0.0000000e+00   1.4220582e-04
   7.5400000e+02   0.0000000e+00   1.4165906e-04
   7.5500000e+02   0.0000000e+00   1.4111439e-04
   7.5600000e+02   0.0000000e+00   1.4057182e-04
   7.5700000e+02   1.0000000e+00   1.4003134e-04
   7.5800000e+02   0.0000000e+00   1.3949293e-04
   7.5900000e+02   0.0000000e+00   1.3895659e-04
   7.6000000e+02   0.0000000e+00   1.3842232e-04
   7.6100000e+02   0.0000000e+00   1.3789010e-04
   7.6200000e+02   0.0000000e+00   1.3735992e-04
   7.6300000e+02   0.0000000e+00   1.3683179e-04
   7.6400000e+02   0.0000000e+00   1.3630568e-04
   7.6500000e+02   0.0000000e+00   1.3578160e-04
   7.6600000e+02   0.0000000e+00   1.3525953e-04
   7.6700000e+02   0.0000000e+00   1.3473948e-04
   7.6800000e+02   0.0000000e+00   1.3422142e-04
   7.6900000e+02   0.0000000e+00   1.3370535e-04
   7.7000000e+02   1.0000000e+00   1.3319126e-04
   7.7100000e+02   0.0000000e+00   1.3267916e-04
   7.7200000e+02   1.0000000e+00   1.3216902e-04
   7.7300000e+02   0.0000000e+00   1.3166084e-04
   7.7400000e+02   0.0000000e+00   1.3115462e-04
   7.7500000e+02   0.0000000e+00   1.3065034e-04
   7.7600000e+02   0.0000000e+00   1.3014800e-04
   7.7700000e+02   0.0000000e+00   1.2964760e-04
   7.7800000e+02   0.0000000e+00   1.2914912e-04
   7.7900000e+02   0.0000000e+00   1.2865255e-04
   7.8000000e+02   0.0000000e+00   1.2815789e-04
   7.8100000e+02   0.0000000e+00   1.2766514e-04
   7.8200000e+02   0.0000000e+00   1.2717428e-04
   7.8300000e+02   0.0000000e+00   1.2668531e-04
   7.8400000e+02   0.0000000e+00   1.2619821e-04
   7.8500000e+02   0.0000000e+00   1.2571299e-04
   7.8600000e+02   0.0000000e+00   1.2522964e-04
   7.8700000e+02   0.0000000e+00   1.2474814e-04
   7.8800000e+02   0.0000000e+00   1.2426850e-04
   7.8900000e+02   1.0000000e+00   1.2379070e-04
   7.9000000e+02   0.0000000e+00   1.2331474e-04
   7.9100000e+02   0.0000000e+00   1.2284060e-04
   7.9200000e+02   0.0000000e+00   1.2236829e-04
   7.9300000e+02   0.0000000e+00   1.2189780e-04
   7.9400000e+02   0.0000000e+00   1.2142912e-04
   7.9500000e+02   0.0000000e+00   1.2096223e-04
   7.9600000e+02   0.0000000e+00   1.2049714e-04
   7.9700000e+02   0.0000000e+00   1.2003384e-04
   7.9800000e+02   1.0000000e+00   1.1957233e-04
   7.9900000e+02   0.0000000e+00   1.1911258e-04
   8.0000000e+02   0.0000000e+00   1.1865461e-04
   8.0100000e+02   0.0000000e+00   1.1819839e-04
   8.0200000e+02   0.0000000e+00   1.1774393e-04
   8.0300000e+02   0.0000000e+00   1.1729122e-04
   8.0400000e+02   0.0000000e+00   1.1684024e-04
   8.0500000e+02   0.0000000e+00   1.1639100e-04
   8.0600000e+02   0.0000000e+00   1.1594349e-04
   8.0700000e+02   0.0000000e+00   1.1549770e-04
   8.0800000e+02   0.0000000e+00   1.1505362e-04
   8.0900000e+02   0.0000000e+00   1.1461125e-04
   8.1000000e+02   0.0000000e+00   1.1417058e-04
   8.1100000e+02   0.0000000e+00   1.1373161e-04
   8.1200000e+02   1.0000000e+00   1.1329432e-04
   8.1300000e+02   1.0000000e+00   1.1285872e-04
   8.1400000e+02   0.0000000e+00   1.1242479e-04
   8.1500000e+02   0.0000000e+00   1.1199252e-04
   8.1600000e+02   0.0000000e+00   1.1156192e-04
   8.1700000e+02   1.0000000e+00   1.1113298e-04
   8.1800000e+02   0.0000000e+00   1.1070568e-04
   8.1900000e+02   0.0000000e+00   1.1028003e-04
   8.2000000e+02   0.0000000e+00   1.0985602e-04
   8.2100000e+02   1.0000000e+00   1.0943363e-04
   8.2200000e+02   0.0000000e+00   1.0901287e-04
   8.2300000e+02   0.0000000e+00   1.0859373e-04
   8.2400000e+02   0.0000000e+00   1.0817619e-04
   8.2500000e+02   0.0000000e+00   1.0776027e-04
   8.2600000e+02   0.0000000e+00   1.0734594e-04
   8.2700000e+02   0.0000000e+00   1.0693320e-04
   8.2800000e+02   0.0000000e+00   1.0652206e-04
   8.2900000e+02   1.0000000e+00   1.0611249e-04
   8.3000000e+02   0.0000000e+00   1.0570450e-04
   8.3100000e+02   0.0000000e+00   1.0529807e-04
   8.3200000e+02   0.0000000e+00   1.0489321e-04
   8.3300000e+02   1.0000000e+00   1.0448991e-04
   8.3400000e+02   0.0000000e+00   1.0408816e-04
   8.3500000e+02   0.0000000e+00   1.0368795e-04
   8.3600000e+02   0.0000000e+00   1.0328928e-04
   8.3700000e+02   0.0000000e+00   1.0289214e-04
   8.3800000e+02   0.0000000e+00   1.0249653e-04
   8.3900000e+02   0.0000000e+00   1.0210244e-04
   8.4000000e+02   0.0000000e+00   1.0170987e-04
   8.4100000e+02   0.0000000e+00   1.0131880e-04
   8.4200000e+02   0.0000000e+00   1.0092924e-04
   8.4300000e+02   0.0000000e+00   1.0054118e-04
   8.4400000e+02   0.0000000e+00   1.0015461e-04
   8.4500000e+02   0.0000000e+00   9.9769524e-05
   8.4600000e+02   0.0000000e+00   9.9385920e-05
   8.4700000e+02   0.0000000e+00   9.9003791e-05
   8.4800000e+02   0.0000000e+00   9.8623131e-05
   8.4900000e+02   0.0000000e+00   9.8243935e-05
   8.5000000e+02   1.0000000e+00   9.7866197e-05
   8.5100000e+02   1.0000000e+00   9.7489911e-05
   8.5200000e+02   0.0000000e+00   9.7115072e-05
   8.5300000e+02   0.0000000e+00   9.6741674e-05
   8.5400000e+02   0.0000000e+00   9.6369712e-05
   8.5500000e+02   0.0000000e+00   9.5999180e-05
   8.5600000e+02   1.0000000e+00   9.5630072e-05
   8.5700000e+02   0.0000000e+00   9.5262384e-05
   8.5800000e+02   0.0000000e+00   9.4896110e-05
   8.5900000e+02   0.0000000e+00   9.4531243e-05
   8.6000000e+02   3.0000000e+00   9.4167780e-05
   8.6100000e+02   0.0000000e+00   9.3805714e-05
   8.6200000e+02   1.0000000e+00   9.3445041e-05
   8.6300000e+02   0.0000000e+00   9.3085754e-05
   8.6400000e+02   0.0000000e+00   9.2727848e-05
   8.6500000e+02   0.0000000e+00   9.2371319e-05
   8.6600000e+02   0.0000000e+00   9.2016160e-05
   8.6700000e+02   0.0000000e+00   9.1662367e-05
   8.6800000e+02   0.0000000e+00   9.1309934e-05
   8.6900000e+02   0.0000000e+00   9.0958857e-05
   8.7000000e+02   1.0000000e+00   9.0609129e-05
   8.7100000e+02   0.0000000e+00   9.0260746e-05
   8.7200000e+02   0.0000000e+00   8.9913702e-05
   8.7300000e+02   0.0000000e+00   8.9567993e-05
   8.7400000e+02   0.0000000e+00   8.9223613e-05
   8.7500000e+02   0.0000000e+00   8.8880557e-05
   8.7600000e+02   1.0000000e+00   8.8538820e-05
   8.7700000e+02   0.0000000e+00   8.8198397e-05
   8.7800000e+02   0.0000000e+00   8.7859282e-05
   8.7900000e+02   0.0000000e+00   8.7521472e-05
   8.8000000e+02   0.0000000e+00   8.7184961e-05
   8.8100000e+02   0.0000000e+00   8.6849743e-05
   8.8200000e+02   0.0000000e+00   8.6515814e-05
   8.8300000e+02   1.0000000e+00   8.6183170e-05
   8.8400000e+02   0.0000000e+00   8.5851804e-05
   8.8500000e+02   0.0000000e+00   8.5521712e-05
   8.8600000e+02   0.0000000e+00   8.5192890e-05
   8.8700000e+02   0.0000000e+00   8.4865331e-05
   8.8800000e+02   0.0000000e+00   8.4539033e-05
   8.8900000e+02   0.0000000e+00   8.4213988e-05
   8.9000000e+02   0.0000000e+00   8.3890194e-05
   8.9100000e+02   0.0000000e+00   8.3567644e-05
   8.9200000e+02   0.0000000e+00   8.3246335e-05
   8.9300000e+02   1.0000000e+00   8.2926261e-05
   8.9400000e+02   0.0000000e+00   8.2607418e-05
   8.9500000e+02   0.0000000e+00   8.2289800e-05
   8.9600000e+02   0.0000000e+00   8.1973404e-05
   8.9700000e+02   0.0000000e+00   8.1658225e-05
   8.9800000e+02   0.0000000e+00   8.1344257e-05
   8.9900000e+02   0.0000000e+00   8.1031496e-05
   9.0000000e+02   0.0000000e+00   8.0719938e-05
   9.0100000e+02   0.0000000e+00   8.0409578e-05
   9.0200000e+02   0.0000000e+00   8.0100411e-05
   9.0300000e+02   0.0000000e+00   7.9792433e-05
   9.0400000e+02   0.0000000e+00   7.9485639e-05
   9.0500000e+02   0.0000000e+00   7.9180024e-05
   9.0600000e+02   0.0000000e+00   7.8875585e-05
   9.0700000e+02   0.0000000e+00   7.8572316e-05
   9.0800000e+02   0.0000000e+00   7.8270213e-05
   9.0900000e+02   0.0000000e+00   7.7969272e-05
   9.1000000e+02   0.0000000e+00   7.7669488e-05
   9.1100000e+02   0.0000000e+00   7.7370856e-05
   9.1200000e+02   0.0000000e+00   7.7073373e-05
   9.1300000e+02   0.0000000e+00   7.6777033e-05
   9.1400000e+02   0.0000000e+00   7.6481833e-05
   9.1500000e+02   0.0000000e+00   7.6187768e-05
   9.1600000e+02   0.0000000e+00   7.5894834e-05
   9.1700000e+02   0.0000000e+00   7.5603026e-05
   9.1800000e+02   0.0000000e+00   7.5312339e-05
   9.1900000e+02   0.0000000e+00   7.5022771e-05
   9.2000000e+02   0.0000000e+00   7.4734316e-05
   9.2100000e+02   0.0000000e+00   7.4446970e-05
   9.2200000e+02   0.0000000e+00   7.4160728e-05
   9.2300000e+02   0.0000000e+00   7.3875588e-05
   9.2400000e+02   0.0000000e+00   7.3591543e-05
   9.2500000e+02   0.0000000e+00   7.3308591e-05
   9.2600000e+02   0.0000000e+00   7.3026727e-05
   9.2700000e+02   0.0000000e+00   7.2745946e-05
   9.2800000e+02   0.0000000e+00   7.2466245e-05
   9.2900000e+02   1.0000000e+00   7.2187620e-05
   9.3000000e+02   0.0000000e+00   7.1910066e-05
   9.3100000e+02   0.0000000e+00   7.1633578e-05
   9.3200000e+02   0.0000000e+00   7.1358154e-05
   9.3300000e+02   0.0000000e+00   7.1083789e-05
   9.3400000e+02   0.0000000e+00   7.0810479e-05
   9.3500000e+02   0.0000000e+00   7.0538220e-05
   9.3600000e+02   0.0000000e+00   7.0267007e-05
   9.3700000e+02   0.0000000e+00   6.9996838e-05
   9.3800000e+02   0.0000000e+00   6.9727707e-05
   9.3900000e+02   0.0000000e+00   6.9459611e-05
   9.4000000e+02   0.0000000e+00   6.9192545e-05
   9.4100000e+02   1.0000000e+00   6.8926507e-05
   9.4200000e+02   0.0000000e+00   6.8661491e-05
   9.4300000e+02   0.0000000e+00   6.8397494e-05
   9.4400000e+02   0.0000000e+00   6.8134513e-05
   9.4500000e+02   0.0000000e+00   6.7872542e-05
   9.4600000e+02   0.0000000e+00   6.7611579e-05
   9.4700000e+02   0.0000000e+00   6.7351619e-05
   9.4800000e+02   0.0000000e+00   6.7092659e-05
   9.4900000e+02   0.0000000e+00   6.6834694e-05
   9.5000000e+02   1.0000000e+00   6.6577721e-05
   9.5100000e+02   0.0000000e+00   6.6321737e-05
   9.5200000e+02   0.0000000e+00   6.6066736e-05
   9.5300000e+02   0.0000000e+00   6.5812716e-05
   9.5400000e+02   0.0000000e+00   6.5559673e-05
   9.5500000e+02   0.0000000e+00   6.5307602e-05
   9.5600000e+02   1.0000000e+00   6.5056501e-05
   9.5700000e+02   0.0000000e+00   6.4806365e-05
   9.5800000e+02   0.0000000e+00   6.4557191e-05
   9.5900000e+02   1.0000000e+00   6.4308975e-05
   9.6000000e+02   0.0000000e+00   6.4061713e-05
   9.6100000e+02   0.0000000e+00   6.3815402e-05
   9.6200000e+02   0.0000000e+00   6.3570038e-05
   9.6300000e+02   0.0000000e+00   6.3325618e-05
   9.6400000e+02   0.0000000e+00   6.3082137e-05
   9.6500000e+02   0.0000000e+00   6.2839593e-05
   9.6600000e+02   0.0000000e+00   6.2597980e-05
   9.6700000e+02   0.0000000e+00   6.2357297e-05
   9.6800000e+02   0.0000000e+00   6.2117540e-05
   9.6900000e+02   1.0000000e+00   6.1878704e-05
   9.7000000e+02   0.0000000e+00   6.1640786e-05
   9.7100000e+02   1.0000000e+00   6.1403784e-05
   9.7200000e+02   0.0000000e+00   6.1167692e-05
   9.7300000e+02   0.0000000e+00   6.0932508e-05
   9.7400000e+02   0.0000000e+00   6.0698229e-05
   9.7500000e+02   0.0000000e+00   6.0464850e-05
   9.7600000e+02   0.0000000e+00   6.0232369e-05
   9.7700000e+02   0.0000000e+00   6.0000781e-05
   9.7800000e+02   0.0000000e+00   5.9770084e-05
   9.7900000e+02   0.0000000e+00   5.9540274e-05
   9.8000000e+02   0.0000000e+00   5.9311348e-05
   9.8100000e+02   0.0000000e+00   5.9083301e-05
   9.8200000e+02   0.0000000e+00   5.8856132e-05
   9.8300000e+02   0.0000000e+00   5.8629836e-05
   9.8400000e+02   0.0000000e+00   5.8404410e-05
   9.8500000e+02   0.0000000e+00   5.8179851e-05
   9.8600000e+02   1.0000000e+00   5.7956155e-05
   9.8700000e+02   0.0000000e+00   5.7733319e-05
   9.8800000e+02   0.0000000e+00   5.7511340e-05
   9.8900000e+02   0.0000000e+00   5.7290215e-05
   9.9000000e+02   0.0000000e+00   5.7069940e-05
   9.9100000e+02   0.0000000e+00   5.6850512e-05
   9.9200000e+02   0.0000000e+00   5.6631927e-05
   9.9300000e+02   0.0000000e+00   5.6414183e-05
   9.9400000e+02   0.0000000e+00   5.6197276e-05
   9.9500000e+02   0.0000000e+00   5.5981203e-05
   9.9600000e+02   1.0000000e+00   5.5765961e-05
   9.9700000e+02   0.0000000e+00   5.5551546e-05
   9.9800000e+02   0.0000000e+00   5.5337956e-05
   9.9900000e+02   1.0000000e+00   5.5125187e-05
   1.0000000e+03   1.0000000e+00   5.4913236e-05
   1.0010000e+03   0.0000000e+00   5.4702100e-05
   1.0020000e+03   0.0000000e+00   5.4491776e-05
   1.0030000e+03   0.0000000e+00   5.4282260e-05
   1.0040000e+03   0.0000000e+00   5.4073550e-05
   1.0050000e+03   0.0000000e+00   5.3865643e-05
   1.0060000e+03   0.0000000e+00   5.3658535e-05
   1.0070000e+03   0.0000000e+00   5.3452223e-05
   1.0080000e+03   0.0000000e+00   5.3246704e-05
   1.0090000e+03   0.0000000e+00   5.3041976e-05
   1.0100000e+03   0.0000000e+00   5.2838035e-05
   1.0110000e+03   0.0000000e+00   5.2634878e-05
   1.0120000e+03   0.0000000e+00   5.2432502e-05
   1.0130000e+03   0.0000000e+00   5.2230904e-05
   1.0140000e+03   0.0000000e+00   5.2030082e-05
   1.0150000e+03   0.0000000e+00   5.1830031e-05
   1.0160000e+03   0.0000000e+00   5.1630750e-05
   1.0170000e+03   1.0000000e+00   5.1432234e-05
   1.0180000e+03   0.0000000e+00   5.1234483e-05
   1.0190000e+03   1.0000000e+00   5.1037491e-05
   1.0200000e+03   0.0000000e+00   5.0841257e-05
   1.0210000e+03   0.0000000e+00   5.0645777e-05
   1.0220000e+03   0.0000000e+00   5.0451049e-05
   1.0230000e+03   0.0000000e+00   5.0257070e-05
   1.0240000e+03   0.0000000e+00   5.0063837e-05
   1.0250000e+03   0.0000000e+00   4.9871346e-05
   1.0260000e+03   0.0000000e+00   4.9679596e-05
   1.0270000e+03   0.0000000e+00   4.9488582e-05
   1.0280000e+03   0.0000000e+00   4.9298304e-05
   1.0290000e+03   0.0000000e+00   4.9108757e-05
   1.0300000e+03   0.0000000e+00   4.8919938e-05
   1.0310000e+03   0.0000000e+00   4.8731846e-05
   1.0320000e+03   0.0000000e+00   4.8544477e-05
   1.0330000e+03   0.0000000e+00   4.8357828e-05
   1.0340000e+03   0.0000000e+00   4.8171897e-05
   1.0350000e+03   0.0000000e+00   4.7986681e-05
   1.0360000e+03   0.0000000e+00   4.7802177e-05
   1.0370000e+03   0.0000000e+00   4.7618382e-05
   1.0380000e+03   0.0000000e+00   4.7435294e-05
   1.0390000e+03   0.0000000e+00   4.7252910e-05
   1.0400000e+03   0.0000000e+00   4.7071227e-05
   1.0410000e+03   0.0000000e+00   4.6890243e-05
   1.0420000e+03   0.0000000e+00   4.6709955e-05
   1.0430000e+03   0.0000000e+00   4.6530360e-05
   1.0440000e+03   0.0000000e+00   4.6351455e-05
   1.0450000e+03   0.0000000e+00   4.6173238e-05
   1.0460000e+03   1.0000000e+00   4.5995707e-05
   1.0470000e+03   0.0000000e+00   4.5818858e-05
   1.0480000e+03   0.0000000e+00   4.5642689e-05
   1.0490000e+03   1.0000000e+00   4.5467197e-05
   1.0500000e+03   0.0000000e+00   4.5292380e-05
   1.0510000e+03   0.0000000e+00   4.5118235e-05
   1.0520000e+03   0.0000000e+00   4.4944760e-05
   1.0530000e+03   0.0000000e+00   4.4771952e-05
   1.0540000e+03   0.0000000e+00   4.4599808e-05
   1.0550000e+03   0.0000000e+00   4.4428327e-05
   1.0560000e+03   0.0000000e+00   4.4257504e-05
   1.0570000e+03   0.0000000e+00   4.4087338e-05
   1.0580000e+03   0.0000000e+00   4.3917827e-05
   1.0590000e+03   0.0000000e+00   4.3748967e-05
   1.0600000e+03   0.0000000e+00   4.3580757e-05
   1.0610000e+03   0.0000000e+00   4.3413193e-05
   1.0620000e+03   0.0000000e+00   4.3246273e-05
   1.0630000e+03   0.0000000e+00   4.3079996e-05
   1.0640000e+03   0.0000000e+00   4.2914357e-05
   1.0650000e+03   0.0000000e+00   4.2749356e-05
   1.0660000e+03   0.0000000e+00   4.2584989e-05
   1.0670000e+03   0.0000000e+00   4.2421254e-05
   1.0680000e+03   1.0000000e+00   4.2258148e-05
   1.0690000e+03   1.0000000e+00   4.2095670e-05
   1.0700000e+03   0.0000000e+00   4.1933816e-05
   1.0710000e+03   0.0000000e+00   4.1772585e-05
   1.0720000e+03   0.0000000e+00   4.1611973e-05
   1.0730000e+03   0.0000000e+00   4.1451979e-05
   1.0740000e+03   0.0000000e+00   4.1292601e-05
   1.0750000e+03   0.0000000e+00   4.1133835e-05
   1.0760000e+03   0.0000000e+00   4.0975679e-05
   1.0770000e+03   0.0000000e+00   4.0818132e-05
   1.0780000e+03   0.0000000e+00   4.0661190e-05
   1.0790000e+03   0.0000000e+00   4.0504852e-05
   1.0800000e+03   0.0000000e+00   4.0349115e-05
   1.0810000e+03   0.0000000e+00   4.0193976e-05
   1.0820000e+03   0.0000000e+00   4.0039434e-05
   1.0830000e+03   0.0000000e+00   3.9885487e-05
   1.0840000e+03   0.0000000e+00   3.9732131e-05
   1.0850000e+03   0.0000000e+00   3.9579365e-05
   1.0860000e+03   0.0000000e+00   3.9427186e-05
   1.0870000e+03   0.0000000e+00   3.9275592e-05
   1.0880000e+03   0.0000000e+00   3.9124582e-05
   1.0890000e+03   0.0000000e+00   3.8974151e-05
   1.0900000e+03   0.0000000e+00   3.8824300e-05
   1.0910000e+03   0.0000000e+00   3.8675024e-05
   1.0920000e+03   0.0000000e+00   3.8526322e-05
   1.0930000e+03   0.0000000e+00   3.8378193e-05
   1.0940000e+03   0.0000000e+00   3.8230632e-05
   1.0950000e+03   0.0000000e+00   3.8083639e-05
   1.0960000e+03   0.0000000e+00   3.7937211e-05
   1.0970000e+03   0.0000000e+00   3.7791347e-05
   1.0980000e+03   0.0000000e+00   3.7646043e-05
   1.0990000e+03   0.0000000e+00   3.7501297e-05
   1.1000000e+03   0.0000000e+00   3.7357108e-05
   1.1010000e+03   0.0000000e+00   3.7213474e-05
   1.1020000e+03   0.0000000e+00   3.7070392e-05
   1.1030000e+03   0.0000000e+00   3.6927860e-05
   1.1040000e+03   0.0000000e+00   3.6785876e-05
   1.1050000e+03   0.0000000e+00   3.6644438e-05
   1.1060000e+03   0.0000000e+00   3.6503544e-05
   1.1070000e+03   0.0000000e+00   3.6363191e-05
   1.1080000e+03   0.0000000e+00   3.6223378e-05
   1.1090000e+03   0.0000000e+00   3.6084103e-05
   1.1100000e+03   0.0000000e+00   3.5945363e-05
   1.1110000e+03   1.0000000e+00   3.5807157e-05
   1.1120000e+03   0.0000000e+00   3.5669482e-05
   1.1130000e+03   0.0000000e+00   3.5532336e-05
   1.1140000e+03   0.0000000e+00   3.5395718e-05
   1.1150000e+03   0.0000000e+00   3.5259625e-05
   1.1160000e+03   0.0000000e+00   3.5124055e-05
   1.1170000e+03   0.0000000e+00   3.4989006e-05
   1.1180000e+03   0.0000000e+00   3.4854477e-05
   1.1190000e+03   0.0000000e+00   3.4720465e-05
   1.1200000e+03   0.0000000e+00   3.4586968e-05
   1.1210000e+03   0.0000000e+00   3.4453985e-05
   1.1220000e+03   0.0000000e+00   3.4321513e-05
   1.1230000e+03   0.0000000e+00   3.4189550e-05
   1.1240000e+03   0.0000000e+00   3.4058094e-05
   1.1250000e+03   0.0000000e+00   3.3927144e-05
   1.1260000e+03   0.0000000e+00   3.3796698e-05
   1.1270000e+03   0.0000000e+00   3.3666753e-05
   1.1280000e+03   0.0000000e+00   3.3537308e-05
   1.1290000e+03   1.0000000e+00   3.3408360e-05
   1.1300000e+03   0.0000000e+00   3.3279908e-05
   1.1310000e+03   0.0000000e+00   3.3151950e-05
   1.1320000e+03   0.0000000e+00   3.3024484e-05
   1.1330000e+03   0.0000000e+00   3.2897508e-05
   1.1340000e+03   0.0000000e+00   3.2771021e-05
   1.1350000e+03   0.0000000e+00   3.2645019e-05
   1.1360000e+03   0.0000000e+00   3.2519502e-05
   1.1370000e+03   0.0000000e+00   3.2394468e-05
   1.1380000e+03   0.0000000e+00   3.2269915e-05
   1.1390000e+03   0.0000000e+00   3.2145840e-05
   1.1400000e+03   0.0000000e+00   3.2022242e-05
   1.1410000e+03   0.0000000e+00   3.1899120e-05
   1.1420000e+03   0.0000000e+00   3.1776471e-05
   1.1430000e+03   0.0000000e+00   3.1654294e-05
   1.1440000e+03   0.0000000e+00   3.1532586e-05
   1.1450000e+03   0.0000000e+00   3.1411346e-05
   1.1460000e+03   0.0000000e+00   3.1290573e-05
   1.1470000e+03   0.0000000e+00   3.1170264e-05
   1.1480000e+03   0.0000000e+00   3.1050417e-05
   1.1490000e+03   0.0000000e+00   3.0931031e-05
   1.1500000e+03   0.0000000e+00   3.0812104e-05
   1.1510000e+03   1.0000000e+00   3.0693635e-05
   1.1520000e+03   0.0000000e+00   3.0575621e-05
   1.1530000e+03   0.0000000e+00   3.0458061e-05
   1.1540000e+03   0.0000000e+00   3.0340952e-05
   1.1550000e+03   0.0000000e+00   3.0224294e-05
   1.1560000e+03   0.0000000e+00   3.0108085e-05
   1.1570000e+03   0.0000000e+00   2.9992322e-05
   1.1580000e+03   0.0000000e+00   2.9877005e-05
   1.1590000e+03   0.0000000e+00   2.9762131e-05
   1.1600000e+03   0.0000000e+00   2.9647698e-05
   1.1610000e+03   0.0000000e+00   2.9533706e-05
   1.1620000e+03   0.0000000e+00   2.9420152e-05
   1.1630000e+03   0.0000000e+00   2.9307034e-05
   1.1640000e+03   0.0000000e+00   2.9194351e-05
   1.1650000e+03   0.0000000e+00   2.9082102e-05
   1.1660000e+03   0.0000000e+00   2.8970284e-05
   1.1670000e+03   0.0000000e+00   2.8858896e-05
   1.1680000e+03   0.0000000e+00   2.8747937e-05
   1.1690000e+03   0.0000000e+00   2.8637404e-05
   1.1700000e+03   0.0000000e+00   2.8527296e-05
   1.1710000e+03   0.0000000e+00   2.8417611e-05
   1.1720000e+03   0.0000000e+00   2.8308348e-05
   1.1730000e+03   0.0000000e+00   2.8199505e-05
   1.1740000e+03   0.0000000e+00   2.8091081e-05
   1.1750000e+03   0.0000000e+00   2.7983074e-05
   1.1760000e+03   0.0000000e+00   2.7875481e-05
   1.1770000e+03   0.0000000e+00   2.7768303e-05
   1.1780000e+03   0.0000000e+00   2.7661537e-05
   1.1790000e+03   0.0000000e+00   2.7555181e-05
   1.1800000e+03   0.0000000e+00   2.7449234e-05
   1.1810000e+03   0.0000000e+00   2.7343694e-05
   1.1820000e+03   0.0000000e+00   2.7238560e-05
   1.1830000e+03   0.0000000e+00   2.7133831e-05
   1.1840000e+03   0.0000000e+00   2.7029504e-05
   1.1850000e+03   0.0000000e+00   2.6925578e-05
   1.1860000e+03   0.0000000e+00   2.6822052e-05
   1.1870000e+03   0.0000000e+00   2.6718924e-05
   1.1880000e+03   0.0000000e+00   2.6616192e-05
   1.1890000e+03   0.0000000e+00   2.6513856e-05
   1.1900000e+03   0.0000000e+00   2.6411912e-05
   1.1910000e+03   0.0000000e+00   2.6310361e-05
   1.1920000e+03   0.0000000e+00   2.6209200e-05
   1.1930000e+03   0.0000000e+00   2.6108429e-05
   1.1940000e+03   0.0000000e+00   2.6008044e-05
   1.1950000e+03   0.0000000e+00   2.5908046e-05
   1.1960000e+03   0.0000000e+00   2.5808432e-05
   1.1970000e+03   0.0000000e+00   2.5709201e-05
   1.1980000e+03   0.0000000e+00   2.5610352e-05
   1.1990000e+03   0.0000000e+00   2.5511883e-05
   1.2000000e+03   0.0000000e+00   2.5413792e-05
   1.2010000e+03   0.0000000e+00   2.5316078e-05
   1.2020000e+03   0.0000000e+00   2.5218741e-05
   1.2030000e+03   0.0000000e+00   2.5121777e-05
   1.2040000e+03   1.0000000e+00   2.5025186e-05
   1.2050000e+03   0.0000000e+00   2.4928967e-05
   1.2060000e+03   0.0000000e+00   2.4833117e-05
   1.2070000e+03   0.0000000e+00   2.4737637e-05
   1.2080000e+03   0.0000000e+00   2.4642523e-05
   1.2090000e+03   0.0000000e+00   2.4547775e-05
   1.2100000e+03   0.0000000e+00   2.4453391e-05
   1.2110000e+03   0.0000000e+00   2.4359370e-05
   1.2120000e+03   0.0000000e+00   2.4265711e-05
   1.2130000e+03   0.0000000e+00   2.4172411e-05
   1.2140000e+03   0.0000000e+00   2.4079471e-05
   1.2150000e+03   0.0000000e+00   2.3986888e-05
   1.2160000e+03   0.0000000e+00   2.3894660e-05
   1.2170000e+03   0.0000000e+00   2.3802788e-05
   1.2180000e+03   0.0000000e+00   2.3711268e-05
   1.2190000e+03   0.0000000e+00   2.3620101e-05
   1.2200000e+03   0.0000000e+00   2.3529284e-05
   1.2210000e+03   0.0000000e+00   2.3438816e-05
   1.2220000e+03   0.0000000e+00   2.3348696e-05
   1.2230000e+03   0.0000000e+00   2.3258923e-05
   1.2240000e+03   0.0000000e+00   2.3169495e-05
   1.2250000e+03   0.0000000e+00   2.3080410e-05
   1.2260000e+03   0.0000000e+00   2.2991668e-05
   1.2270000e+03   0.0000000e+00   2.2903268e-05
   1.2280000e+03   0.0000000e+00   2.2815207e-05
   1.2290000e+03   0.0000000e+00   2.2727485e-05
   1.2300000e+03   0.0000000e+00   2.2640100e-05
   1.2310000e+03   0.0000000e+00   2.2553051e-05
   1.2320000e+03   0.0000000e+00   2.2466336e-05
   1.2330000e+03   0.0000000e+00   2.2379956e-05
   1.2340000e+03   0.0000000e+00   2.2293907e-05
   1.2350000e+03   0.0000000e+00   2.2208189e-05
   1.2360000e+03   0.0000000e+00   2.2122801e-05
   1.2370000e+03   0.0000000e+00   2.2037741e-05
   1.2380000e+03   0.0000000e+00   2.1953008e-05
   1.2390000e+03   0.0000000e+00   2.1868601e-05
   1.2400000e+03   0.0000000e+00   2.1784518e-05
   1.2410000e+03   0.0000000e+00   2.1700759e-05
   1.2420000e+03   0.0000000e+00   2.1617321e-05
   1.2430000e+03   0.0000000e+00   2.1534205e-05
   1.2440000e+03   0.0000000e+00   2.1451408e-05
   1.2450000e+03   0.0000000e+00   2.1368930e-05
   1.2460000e+03   0.0000000e+00   2.1286768e-05
   1.2470000e+03   0.0000000e+00   2.1204923e-05
   1.2480000e+03   0.0000000e+00   2.1123392e-05
   1.2490000e+03   0.0000000e+00   2.1042174e-05
   1.2500000e+03   0.0000000e+00   2.0961269e-05
   1.2510000e+03   0.0000000e+00   2.0880675e-05
   1.2520000e+03   0.0000000e+00   2.0800391e-05
   1.2530000e+03   0.0000000e+00   2.0720416e-05
   1.2540000e+03   0.0000000e+00   2.0640748e-05
   1.2550000e+03   0.0000000e+00   2.0561386e-05
   1.2560000e+03   0.0000000e+00   2.0482330e-05
   1.2570000e+03   0.0000000e+00   2.0403577e-05
   1.2580000e+03   0.0000000e+00   2.0325127e-05
   1.2590000e+03   0.0000000e+00   2.0246979e-05
   1.2600000e+03   0.0000000e+00   2.0169132e-05
   1.2610000e+03   0.0000000e+00   2.0091583e-05
   1.2620000e+03   0.0000000e+00   2.0014333e-05
   1.2630000e+03   0.0000000e+00   1.9937380e-05
   1.2640000e+03   0.0000000e+00   1.9860723e-05
   1.2650000e+03   0.0000000e+00   1.9784360e-05
   1.2660000e+03   0.0000000e+00   1.9708291e-05
   1.2670000e+03   0.0000000e+00   1.9632515e-05
   1.2680000e+03   0.0000000e+00   1.9557030e-05
   1.2690000e+03   0.0000000e+00   1.9481835e-05
   1.2700000e+03   0.0000000e+00   1.9406929e-05
   1.2710000e+03   0.0000000e+00   1.9332311e-05
   1.2720000e+03   0.0000000e+00   1.9257981e-05
   1.2730000e+03   0.0000000e+00   1.9183936e-05
   1.2740000e+03   0.0000000e+00   1.9110175e-05
   1.2750000e+03   0.0000000e+00   1.9036698e-05
   1.2760000e+03   0.0000000e+00   1.8963504e-05
   1.2770000e+03   0.0000000e+00   1.8890591e-05
   1.2780000e+03   0.0000000e+00   1.8817959e-05
   1.2790000e+03   0.0000000e+00   1.8745606e-05
   1.2800000e+03   0.0000000e+00   1.8673531e-05
   1.2810000e+03   0.0000000e+00   1.8601733e-05
   1.2820000e+03   0.0000000e+00   1.8530211e-05
   1.2830000e+03   0.0000000e+00   1.8458964e-05
   1.2840000e+03   0.0000000e+00   1.8387991e-05
   1.2850000e+03   1.0000000e+00   1.8317291e-05
   1.2860000e+03   0.0000000e+00   1.8246863e-05
   1.2870000e+03   0.0000000e+00   1.8176706e-05
   1.2880000e+03   0.0000000e+00   1.8106818e-05
   1.2890000e+03   0.0000000e+00   1.8037199e-05
   1.2900000e+03   0.0000000e+00   1.7967848e-05
   1.2910000e+03   0.0000000e+00   1.7898763e-05
   1.2920000e+03   0.0000000e+00   1.7829944e-05
   1.2930000e+03   0.0000000e+00   1.7761390e-05
   1.2940000e+03   0.0000000e+00   1.7693099e-05
   1.2950000e+03   0.0000000e+00   1.7625071e-05
   1.2960000e+03   0.0000000e+00   1.7557304e-05
   1.2970000e+03   0.0000000e+00   1.7489798e-05
   1.2980000e+03   0.0000000e+00   1.7422552e-05
   1.2990000e+03   0.0000000e+00   1.7355564e-05
   1.3000000e+03   0.0000000e+00   1.7288833e-05
   1.3010000e+03   0.0000000e+00   1.7222359e-05
   1.3020000e+03   0.0000000e+00   1.7156141e-05
   1.3030000e+03   0.0000000e+00   1.7090177e-05
   1.3040000e+03   0.0000000e+00   1.7024467e-05
   1.3050000e+03   0.0000000e+00   1.6959010e-05
   1.3060000e+03   0.0000000e+00   1.6893804e-05
   1.3070000e+03   0.0000000e+00   1.6828849e-05
   1.3080000e+03   0.0000000e+00   1.6764144e-05
   1.3090000e+03   0.0000000e+00   1.6699688e-05
   1.3100000e+03   0.0000000e+00   1.6635479e-05
   1.3110000e+03   0.0000000e+00   1.6571517e-05
   1.3120000e+03   0.0000000e+00   1.6507801e-05
   1.3130000e+03   0.0000000e+00   1.6444330e-05
   1.3140000e+03   0.0000000e+00   1.6381104e-05
   1.3150000e+03   0.0000000e+00   1.6318120e-05
   1.3160000e+03   0.0000000e+00   1.6255378e-05
   1.3170000e+03   0.0000000e+00   1.6192878e-05
   1.3180000e+03   0.0000000e+00   1.6130618e-05
   1.3190000e+03   0.0000000e+00   1.6068597e-05
   1.3200000e+03   0.0000000e+00   1.6006815e-05
   1.3210000e+03   0.0000000e+00   1.5945271e-05
   1.3220000e+03   0.0000000e+00   1.5883963e-05
   1.3230000e+03   0.0000000e+00   1.5822890e-05
   1.3240000e+03   0.0000000e+00   1.5762053e-05
   1.3250000e+03   0.0000000e+00   1.5701449e-05
   1.3260000e+03   0.0000000e+00   1.5641079e-05
   1.3270000e+03   0.0000000e+00   1.5580940e-05
   1.3280000e+03   0.0000000e+00   1.5521033e-05
   1.3290000e+03   0.0000000e+00   1.5461356e-05
   1.3300000e+03   0.0000000e+00   1.5401909e-05
   1.3310000e+03   0.0000000e+00   1.5342690e-05
   1.3320000e+03   0.0000000e+00   1.5283699e-05
   1.3330000e+03   0.0000000e+00   1.5224935e-05
   1.3340000e+03   0.0000000e+00   1.5166396e-05
   1.3350000e+03   0.0000000e+00   1.5108083e-05
   1.3360000e+03   0.0000000e+00   1.5049994e-05
   1.3370000e+03   0.0000000e+00   1.4992128e-05
   1.3380000e+03   0.0000000e+00   1.4934485e-05
   1.3390000e+03   0.0000000e+00   1.4877063e-05
   1.3400000e+03   0.0000000e+00   1.4819862e-05
   1.3410000e+03   0.0000000e+00   1.4762882e-05
   1.3420000e+03   0.0000000e+00   1.4706120e-05
   1.3430000e+03   0.0000000e+00   1.4649576e-05
   1.3440000e+03   0.0000000e+00   1.4593250e-05
   1.3450000e+03   0.0000000e+00   1.4537140e-05
   1.3460000e+03   0.0000000e+00   1.4481246e-05
   1.3470000e+03   0.0000000e+00   1.4425568e-05
   1.3480000e+03   0.0000000e+00   1.4370103e-05
   1.3490000e+03   0.0000000e+00   1.4314851e-05
   1.3500000e+03   0.0000000e+00   1.4259812e-05
   1.3510000e+03   0.0000000e+00   1.4204984e-05
   1.3520000e+03   0.0000000e+00   1.4150367e-05
   1.3530000e+03   0.0000000e+00   1.4095961e-05
   1.3540000e+03   0.0000000e+00   1.4041763e-05
   1.3550000e+03   0.0000000e+00   1.3987774e-05
   1.3560000e+03   0.0000000e+00   1.3933992e-05
   1.3570000e+03   0.0000000e+00   1.3880417e-05
   1.3580000e+03   0.0000000e+00   1.3827049e-05
   1.3590000e+03   0.0000000e+00   1.3773885e-05
   1.3600000e+03   0.0000000e+00   1.3720926e-05
   1.3610000e+03   0.0000000e+00   1.3668170e-05
   1.3620000e+03   1.0000000e+00   1.3615617e-05
   1.3630000e+03   0.0000000e+00   1.3563267e-05
   1.3640000e+03   0.0000000e+00   1.3511117e-05
   1.3650000e+03   0.0000000e+00   1.3459168e-05
   1.3660000e+03   0.0000000e+00   1.3407419e-05
   1.3670000e+03   1.0000000e+00   1.3355869e-05
   1.3680000e+03   0.0000000e+00   1.3304517e-05
   1.3690000e+03   0.0000000e+00   1.3253362e-05
   1.3700000e+03   0.0000000e+00   1.3202405e-05
   1.3710000e+03   0.0000000e+00   1.3151643e-05
   1.3720000e+03   0.0000000e+00   1.3101076e-05
   1.3730000e+03   0.0000000e+00   1.3050704e-05
   1.3740000e+03   0.0000000e+00   1.3000525e-05
   1.3750000e+03   0.0000000e+00   1.2950539e-05
   1.3760000e+03   0.0000000e+00   1.2900746e-05
   1.3770000e+03   0.0000000e+00   1.2851143e-05
   1.3780000e+03   0.0000000e+00   1.2801732e-05
   1.3790000e+03   0.0000000e+00   1.2752511e-05
   1.3800000e+03   0.0000000e+00   1.2703479e-05
   1.3810000e+03   0.0000000e+00   1.2654635e-05
   1.3820000e+03   0.0000000e+00   1.2605979e-05
   1.3830000e+03   0.0000000e+00   1.2557510e-05
   1.3840000e+03   0.0000000e+00   1.2509228e-05
   1.3850000e+03   0.0000000e+00   1.2461131e-05
   1.3860000e+03   0.0000000e+00   1.2413219e-05
   1.3870000e+03   0.0000000e+00   1.2365492e-05
   1.3880000e+03   0.0000000e+00   1.2317948e-05
   1.3890000e+03   0.0000000e+00   1.2270586e-05
   1.3900000e+03   0.0000000e+00   1.2223407e-05
   1.3910000e+03   0.0000000e+00   1.2176409e-05
   1.3920000e+03   0.0000000e+00   1.2129592e-05
   1.3930000e+03   0.0000000e+00   1.2082955e-05
   1.3940000e+03   0.0000000e+00   1.2036497e-05
   1.3950000e+03   0.0000000e+00   1.1990218e-05
   1.3960000e+03   0.0000000e+00   1.1944117e-05
   1.3970000e+03   0.0000000e+00   1.1898193e-05
   1.3980000e+03   0.0000000e+00   1.1852446e-05
   1.3990000e+03   0.0000000e+00   1.1806874e-05
   1.4000000e+03   0.0000000e+00   1.1761478e-05
   1.4010000e+03   0.0000000e+00   1.1716256e-05
   1.4020000e+03   0.0000000e+00   1.1671208e-05
   1.4030000e+03   0.0000000e+00   1.1626334e-05
   1.4040000e+03   0.0000000e+00   1.1581632e-05
   1.4050000e+03   0.0000000e+00   1.1537101e-05
   1.4060000e+03   0.0000000e+00   1.1492742e-05
   1.4070000e+03   0.0000000e+00   1.1448554e-05
   1.4080000e+03   0.0000000e+00   1.1404535e-05
   1.4090000e+03   0.0000000e+00   1.1360686e-05
   1.4100000e+03   0.0000000e+00   1.1317005e-05
   1.4110000e+03   0.0000000e+00   1.1273493e-05
   1.4120000e+03   0.0000000e+00   1.1230147e-05
   1.4130000e+03   0.0000000e+00   1.1186968e-05
   1.4140000e+03   0.0000000e+00   1.1143956e-05
   1.4150000e+03   0.0000000e+00   1.1101108e-05
   1.4160000e+03   0.0000000e+00   1.1058426e-05
   1.4170000e+03   0.0000000e+00   1.1015907e-05
   1.4180000e+03   0.0000000e+00   1.0973552e-05
   1.4190000e+03   0.0000000e+00   1.0931360e-05
   1.4200000e+03   0.0000000e+00   1.0889330e-05
   1.4210000e+03   0.0000000e+00   1.0847461e-05
   1.4220000e+03   0.0000000e+00   1.0805754e-05
   1.4230000e+03   0.0000000e+00   1.0764207e-05
   1.4240000e+03   0.0000000e+00   1.0722819e-05
   1.4250000e+03   0.0000000e+00   1.0681591e-05
   1.4260000e+03   0.0000000e+00   1.0640522e-05
   1.4270000e+03   0.0000000e+00   1.0599610e-05
   1.4280000e+03   0.0000000e+00   1.0558855e-05
   1.4290000e+03   0.0000000e+00   1.0518258e-05
   1.4300000e+03   0.0000000e+00   1.0477816e-05
   1.4310000e+03   0.0000000e+00   1.0437530e-05
   1.4320000e+03   0.0000000e+00   1.0397399e-05
   1.4330000e+03   0.0000000e+00   1.0357422e-05
   1.4340000e+03   0.0000000e+00   1.0317598e-05
   1.4350000e+03   0.0000000e+00   1.0277928e-05
   1.4360000e+03   0.0000000e+00   1.0238411e-05
   1.4370000e+03   0.0000000e+00   1.0199045e-05
   1.4380000e+03   0.0000000e+00   1.0159831e-05
   1.4390000e+03   0.0000000e+00   1.0120767e-05
   1.4400000e+03   0.0000000e+00   1.0081854e-05
   1.4410000e+03   0.0000000e+00   1.0043090e-05
   1.4420000e+03   0.0000000e+00   1.0004475e-05
   1.4430000e+03   0.0000000e+00   9.9660090e-06
   1.4440000e+03   0.0000000e+00   9.9276907e-06
   1.4450000e+03   0.0000000e+00   9.8895197e-06
   1.4460000e+03   0.0000000e+00   9.8514955e-06
   1.4470000e+03   0.0000000e+00   9.8136174e-06
   1.4480000e+03   0.0000000e+00   9.7758850e-06
   1.4490000e+03   0.0000000e+00   9.7382977e-06
   1.4500000e+03   0.0000000e+00   9.7008549e-06
   1.4510000e+03   1.0000000e+00   9.6635561e-06
   1.4520000e+03   0.0000000e+00   9.6264007e-06
   1.4530000e+03   0.0000000e+00   9.5893881e-06
   1.4540000e+03   0.0000000e+00   9.5525179e-06
   1.4550000e+03   0.0000000e+00   9.5157894e-06
   1.4560000e+03   0.0000000e+00   9.4792021e-06
   1.4570000e+03   0.0000000e+00   9.4427555e-06
   1.4580000e+03   0.0000000e+00   9.4064491e-06
   1.4590000e+03   0.0000000e+00   9.3702822e-06
   1.4600000e+03   0.0000000e+00   9.3342544e-06
   1.4610000e+03   0.0000000e+00   9.2983651e-06
   1.4620000e+03   0.0000000e+00   9.2626138e-06
   1.4630000e+03   0.0000000e+00   9.2270000e-06
   1.4640000e+03   0.0000000e+00   9.1915231e-06
   1.4650000e+03   0.0000000e+00   9.1561826e-06
   1.4660000e+03   0.0000000e+00   9.1209779e-06
   1.4670000e+03   0.0000000e+00   9.0859087e-06
   1.4680000e+03   0.0000000e+00   9.0509743e-06
   1.4690000e+03   0.0000000e+00   9.0161742e-06
   1.4700000e+03   0.0000000e+00   8.9815079e-06
   1.4710000e+03   0.0000000e+00   8.9469748e-06
   1.4720000e+03   0.0000000e+00   8.9125746e-06
   1.4730000e+03   0.0000000e+00   8.8783066e-06
   1.4740000e+03   0.0000000e+00   8.8441704e-06
   1.4750000e+03   0.0000000e+00   8.8101655e-06
   1.4760000e+03   0.0000000e+00   8.7762912e-06
   1.4770000e+03   0.0000000e+00   8.7425473e-06
   1.4780000e+03   1.0000000e+00   8.7089330e-06
   1.4790000e+03   0.0000000e+00   8.6754480e-06
   1.4800000e+03   0.0000000e+00   8.6420918e-06
   1.4810000e+03   0.0000000e+00   8.6088638e-06
   1.4820000e+03   0.0000000e+00   8.5757636e-06
   1.4830000e+03   0.0000000e+00   8.5427906e-06
   1.4840000e+03   0.0000000e+00   8.5099444e-06
   1.4850000e+03   0.0000000e+00   8.4772245e-06
   1.4860000e+03   0.0000000e+00   8.4446304e-06
   1.4870000e+03   0.0000000e+00   8.4121617e-06
   1.4880000e+03   0.0000000e+00   8.3798177e-06
   1.4890000e+03   0.0000000e+00   8.3475982e-06
   1.4900000e+03   0.0000000e+00   8.3155025e-06
   1.4910000e+03   0.0000000e+00   8.2835302e-06
   1.4920000e+03   0.0000000e+00   8.2516808e-06
   1.4930000e+03   0.0000000e+00   8.2199539e-06
   1.4940000e+03   0.0000000e+00   8.1883490e-06
   1.4950000e+03   0.0000000e+00   8.1568656e-06
   1.4960000e+03   0.0000000e+00   8.1255033e-06
   1.4970000e+03   0.0000000e+00   8.0942615e-06
   1.4980000e+03   0.0000000e+00   8.0631399e-06
   1.4990000e+03   0.0000000e+00   8.0321379e-06
   1.5000000e+03   0.0000000e+00   8.0012551e-06
   1.5010000e+03   0.0000000e+00   7.9704911e-06
   1.5020000e+03   0.0000000e+00   7.9398453e-06
   1.5030000e+03   0.0000000e+00   7.9093174e-06
   1.5040000e+03   0.0000000e+00   7.8789069e-06
   1.5050000e+03   0.0000000e+00   7.8486133e-06
   1.5060000e+03   0.0000000e+00   7.8184361e-06
   1.5070000e+03   0.0000000e+00   7.7883750e-06
   1.5080000e+03   0.0000000e+00   7.7584295e-06
   1.5090000e+03   0.0000000e+00   7.7285991e-06
   1.5100000e+03   0.0000000e+00   7.6988834e-06
   1.5110000e+03   0.0000000e+00   7.6692819e-06
   1.5120000e+03   0.0000000e+00   7.6397943e-06
   1.5130000e+03   0.0000000e+00   7.6104200e-06
   1.5140000e+03   0.0000000e+00   7.5811587e-06
   1.5150000e+03   0.0000000e+00   7.5520099e-06
   1.5160000e+03   0.0000000e+00   7.5229732e-06
   1.5170000e+03   0.0000000e+00   7.4940481e-06
   1.5180000e+03   0.0000000e+00   7.4652342e-06
   1.5190000e+03   0.0000000e+00   7.4365311e-06
   1.5200000e+03   0.0000000e+00   7.4079384e-06
   1.5210000e+03   0.0000000e+00   7.3794556e-06
   1.5220000e+03   0.0000000e+00   7.3510823e-06
   1.5230000e+03   0.0000000e+00   7.3228181e-06
   1.5240000e+03   0.0000000e+00   7.2946626e-06
   1.5250000e+03   0.0000000e+00   7.2666154e-06
   1.5260000e+03   0.0000000e+00   7.2386759e-06
   1.5270000e+03   0.0000000e+00   7.2108440e-06
   1.5280000e+03   0.0000000e+00   7.1831190e-06
   1.5290000e+03   0.0000000e+00   7.1555006e-06
   1.5300000e+03   0.0000000e+00   7.1279884e-06
   1.5310000e+03   0.0000000e+00   7.1005820e-06
   1.5320000e+03   0.0000000e+00   7.0732809e-06
   1.5330000e+03   1.0000000e+00   7.0460849e-06
