   1.0000000e+00   3.0000000e+00   9.7313937e-03
   2.0000000e+00   3.0000000e+00   9.6366937e-03
   3.0000000e+00   5.0000000e+00   9.5429152e-03
   4.0000000e+00   1.0000000e+00   9.4500493e-03
   5.0000000e+00   6.0000000e+00   9.3580872e-03
   6.0000000e+00   4.0000000e+00   9.2670199e-03
   7.0000000e+00   6.0000000e+00   9.1768389e-03
   8.0000000e+00   2.0000000e+00   9.0875355e-03
   9.0000000e+00   5.0000000e+00   8.9991011e-03
   1.0000000e+01   2.0000000e+00   8.9115273e-03
   1.1000000e+01   6.0000000e+00   8.8248057e-03
   1.2000000e+01   3.0000000e+00   8.7389281e-03
   1.3000000e+01   4.0000000e+00   8.6538861e-03
   1.4000000e+01   4.0000000e+00   8.5696718e-03
   1.5000000e+01   5.0000000e+00   8.4862769e-03
   1.6000000e+01   6.0000000e+00   8.4036936e-03
   1.7000000e+01   1.0000000e+00   8.3219140e-03
   1.8000000e+01   6.0000000e+00   8.2409301e-03
   1.9000000e+01   1.0000000e+00   8.1607344e-03
   2.0000000e+01   2.0000000e+00   8.0813191e-03
   2.1000000e+01   2.0000000e+00   8.0026766e-03
   2.2000000e+01   5.0000000e+00   7.9247994e-03
   2.3000000e+01   1.0000000e+00   7.8476800e-03
   2.4000000e+01   2.0000000e+00   7.7713112e-03
   2.5000000e+01   6.0000000e+00   7.6956855e-03
   2.6000000e+01   0.0000000e+00   7.6207957e-03
   2.7000000e+01   0.0000000e+00   7.5466348e-03
   2.8000000e+01   2.0000000e+00   7.4731955e-03
   2.9000000e+01   2.0000000e+00   7.4004709e-03
   3.0000000e+01   4.0000000e+00   7.3284540e-03
   3.1000000e+01   2.0000000e+00   7.2571379e-03
   3.2000000e+01   3.0000000e+00   7.1865159e-03
   3.3000000e+01   1.0000000e+00   7.1165810e-03
   3.4000000e+01   0.0000000e+00   7.0473268e-03
   3.5000000e+01   3.0000000e+00   6.9787465e-03
   3.6000000e+01   5.0000000e+00   6.9108336e-03
   3.7000000e+01   1.0000000e+00   6.8435815e-03
   3.8000000e+01   3.0000000e+00   6.7769839e-03
   3.9000000e+01   3.0000000e+00   6.7110344e-03
   4.0000000e+01   4.0000000e+00   6.6457267e-03
   4.1000000e+01   2.0000000e+00   6.5810545e-03
   4.2000000e+01   3.0000000e+00   6.5170117e-03
   4.3000000e+01   1.0000000e+00   6.4535921e-03
   4.4000000e+01   3.0000000e+00   6.3907896e-03
   4.5000000e+01   4.0000000e+00   6.3285984e-03
   4.6000000e+01   3.0000000e+00   6.2670123e-03
   4.7000000e+01   3.0000000e+00   6.2060255e-03
   4.8000000e+01   1.0000000e+00   6.1456322e-03
   4.9000000e+01   1.0000000e+00   6.0858267e-03
   5.0000000e+01   3.0000000e+00   6.0266031e-03
   5.1000000e+01   2.0000000e+00   5.9679558e-03
   5.2000000e+01   6.0000000e+00   5.9098793e-03
   5.3000000e+01   2.0000000e+00   5.8523680e-03
   5.4000000e+01   1.0000000e+00   5.7954163e-03
   5.5000000e+01   1.0000000e+00   5.7390188e-03
   5.6000000e+01   3.0000000e+00   5.6831701e-03
   5.7000000e+01   5.0000000e+00   5.6278650e-03
   5.8000000e+01   3.0000000e+00   5.5730980e-03
   5.9000000e+01   4.0000000e+00   5.5188640e-03
   6.0000000e+01   3.0000000e+00   5.4651577e-03
   6.1000000e+01   1.0000000e+00   5.4119741e-03
   6.2000000e+01   2.0000000e+00   5.3593081e-03
   6.3000000e+01   5.0000000e+00   5.3071546e-03
   6.4000000e+01   1.0000000e+00   5.2555085e-03
   6.5000000e+01   2.0000000e+00   5.2043651e-03
   6.6000000e+01   0.0000000e+00   5.1537194e-03
   6.7000000e+01   3.0000000e+00   5.1035665e-03
   6.8000000e+01   2.0000000e+00   5.0539017e-03
   6.9000000e+01   0.0000000e+00   5.0047202e-03
   7.0000000e+01   2.0000000e+00   4.9560173e-03
   7.1000000e+01   0.0000000e+00   4.9077883e-03
   7.2000000e+01   2.0000000e+00   4.8600287e-03
   7.3000000e+01   1.0000000e+00   4.8127339e-03
   7.4000000e+01   1.0000000e+00   4.7658993e-03
   7.5000000e+01   3.0000000e+00   4.7195204e-03
   7.6000000e+01   3.0000000e+00   4.6735929e-03
   7.7000000e+01   2.0000000e+00   4.6281123e-03
   7.8000000e+01   0.0000000e+00   4.5830744e-03
   7.9000000e+01   1.0000000e+00   4.5384747e-03
   8.0000000e+01   3.0000000e+00   4.4943090e-03
   8.1000000e+01   1.0000000e+00   4.4505731e-03
   8.2000000e+01   1.0000000e+00   4.4072628e-03
   8.3000000e+01   0.0000000e+00   4.3643740e-03
   8.4000000e+01   2.0000000e+00   4.3219026e-03
   8.5000000e+01   3.0000000e+00   4.2798444e-03
   8.6000000e+01   2.0000000e+00   4.2381956e-03
   8.7000000e+01   3.0000000e+00   4.1969520e-03
   8.8000000e+01   0.0000000e+00   4.1561098e-03
   8.9000000e+01   3.0000000e+00   4.1156651e-03
   9.0000000e+01   3.0000000e+00   4.0756139e-03
   9.1000000e+01   2.0000000e+00   4.0359525e-03
   9.2000000e+01   1.0000000e+00   3.9966771e-03
   9.3000000e+01   7.0000000e+00   3.9577838e-03
   9.4000000e+01   1.0000000e+00   3.9192691e-03
   9.5000000e+01   0.0000000e+00   3.8811291e-03
   9.6000000e+01   3.0000000e+00   3.8433603e-03
   9.7000000e+01   2.0000000e+00   3.8059591e-03
   9.8000000e+01   2.0000000e+00   3.7689218e-03
   9.9000000e+01   0.0000000e+00   3.7322449e-03
   1.0000000e+02   3.0000000e+00   3.6959250e-03
   1.0100000e+02   1.0000000e+00   3.6599585e-03
   1.0200000e+02   2.0000000e+00   3.6243420e-03
   1.0300000e+02   0.0000000e+00   3.5890721e-03
   1.0400000e+02   0.0000000e+00   3.5541454e-03
   1.0500000e+02   0.0000000e+00   3.5195586e-03
   1.0600000e+02   1.0000000e+00   3.4853084e-03
   1.0700000e+02   2.0000000e+00   3.4513915e-03
   1.0800000e+02   0.0000000e+00   3.4178047e-03
   1.0900000e+02   0.0000000e+00   3.3845447e-03
   1.1000000e+02   1.0000000e+00   3.3516083e-03
   1.1100000e+02   2.0000000e+00   3.3189925e-03
   1.1200000e+02   1.0000000e+00   3.2866941e-03
   1.1300000e+02   2.0000000e+00   3.2547100e-03
   1.1400000e+02   2.0000000e+00   3.2230371e-03
   1.1500000e+02   1.0000000e+00   3.1916725e-03
   1.1600000e+02   2.0000000e+00   3.1606130e-03
   1.1700000e+02   0.0000000e+00   3.1298559e-03
   1.1800000e+02   1.0000000e+00   3.0993980e-03
   1.1900000e+02   0.0000000e+00   3.0692366e-03
   1.2000000e+02   1.0000000e+00   3.0393686e-03
   1.2100000e+02   1.0000000e+00   3.0097913e-03
   1.2200000e+02   1.0000000e+00   2.9805018e-03
   1.2300000e+02   0.0000000e+00   2.9514974e-03
   1.2400000e+02   0.0000000e+00   2.9227752e-03
   1.2500000e+02   0.0000000e+00   2.8943326e-03
   1.2600000e+02   0.0000000e+00   2.8661667e-03
   1.2700000e+02   2.0000000e+00   2.8382749e-03
   1.2800000e+02   3.0000000e+00   2.8106545e-03
   1.2900000e+02   1.0000000e+00   2.7833029e-03
   1.3000000e+02   1.0000000e+00   2.7562175e-03
   1.3100000e+02   1.0000000e+00   2.7293957e-03
   1.3200000e+02   2.0000000e+00   2.7028348e-03
   1.3300000e+02   0.0000000e+00   2.6765325e-03
   1.3400000e+02   1.0000000e+00   2.6504861e-03
   1.3500000e+02   1.0000000e+00   2.6246932e-03
   1.3600000e+02   1.0000000e+00   2.5991512e-03
   1.3700000e+02   1.0000000e+00   2.5738579e-03
   1.3800000e+02   0.0000000e+00   2.5488107e-03
   1.3900000e+02   0.0000000e+00   2.5240072e-03
   1.4000000e+02   0.0000000e+00   2.4994451e-03
   1.4100000e+02   1.0000000e+00   2.4751220e-03
   1.4200000e+02   0.0000000e+00   2.4510356e-03
   1.4300000e+02   3.0000000e+00   2.4271836e-03
   1.4400000e+02   2.0000000e+00   2.4035637e-03
   1.4500000e+02   0.0000000e+00   2.3801737e-03
   1.4600000e+02   1.0000000e+00   2.3570113e-03
   1.4700000e+02   1.0000000e+00   2.3340743e-03
   1.4800000e+02   0.0000000e+00   2.3113605e-03
   1.4900000e+02   1.0000000e+00   2.2888677e-03
   1.5000000e+02   0.0000000e+00   2.2665939e-03
   1.5100000e+02   1.0000000e+00   2.2445367e-03
   1.5200000e+02   2.0000000e+00   2.2226943e-03
   1.5300000e+02   1.0000000e+00   2.2010644e-03
   1.5400000e+02   1.0000000e+00   2.1796449e-03
   1.5500000e+02   0.0000000e+00   2.1584340e-03
   1.5600000e+02   1.0000000e+00   2.1374294e-03
   1.5700000e+02   2.0000000e+00   2.1166292e-03
   1.5800000e+02   2.0000000e+00   2.0960315e-03
   1.5900000e+02   0.0000000e+00   2.0756342e-03
   1.6000000e+02   1.0000000e+00   2.0554353e-03
   1.6100000e+02   0.0000000e+00   2.0354331e-03
   1.6200000e+02   0.0000000e+00   2.0156255e-03
   1.6300000e+02   0.0000000e+00   1.9960106e-03
   1.6400000e+02   1.0000000e+00   1.9765867e-03
   1.6500000e+02   0.0000000e+00   1.9573517e-03
   1.6600000e+02   0.0000000e+00   1.9383040e-03
   1.6700000e+02   3.0000000e+00   1.9194416e-03
   1.6800000e+02   2.0000000e+00   1.9007627e-03
   1.6900000e+02   0.0000000e+00   1.8822657e-03
   1.7000000e+02   0.0000000e+00   1.8639486e-03
   1.7100000e+02   1.0000000e+00   1.8458098e-03
   1.7200000e+02   0.0000000e+00   1.8278475e-03
   1.7300000e+02   0.0000000e+00   1.8100600e-03
   1.7400000e+02   1.0000000e+00   1.7924456e-03
   1.7500000e+02   1.0000000e+00   1.7750026e-03
   1.7600000e+02   1.0000000e+00   1.7577293e-03
   1.7700000e+02   0.0000000e+00   1.7406242e-03
   1.7800000e+02   2.0000000e+00   1.7236855e-03
   1.7900000e+02   1.0000000e+00   1.7069116e-03
   1.8000000e+02   1.0000000e+00   1.6903010e-03
   1.8100000e+02   1.0000000e+00   1.6738520e-03
   1.8200000e+02   0.0000000e+00   1.6575631e-03
   1.8300000e+02   2.0000000e+00   1.6414327e-03
   1.8400000e+02   1.0000000e+00   1.6254593e-03
   1.8500000e+02   0.0000000e+00   1.6096413e-03
   1.8600000e+02   0.0000000e+00   1.5939772e-03
   1.8700000e+02   1.0000000e+00   1.5784656e-03
   1.8800000e+02   1.0000000e+00   1.5631049e-03
   1.8900000e+02   1.0000000e+00   1.5478937e-03
   1.9000000e+02   0.0000000e+00   1.5328306e-03
   1.9100000e+02   0.0000000e+00   1.5179140e-03
   1.9200000e+02   1.0000000e+00   1.5031426e-03
   1.9300000e+02   1.0000000e+00   1.4885149e-03
   1.9400000e+02   1.0000000e+00   1.4740296e-03
   1.9500000e+02   1.0000000e+00   1.4596852e-03
   1.9600000e+02   1.0000000e+00   1.4454805e-03
   1.9700000e+02   1.0000000e+00   1.4314139e-03
   1.9800000e+02   0.0000000e+00   1.4174843e-03
   1.9900000e+02   1.0000000e+00   1.4036902e-03
   2.0000000e+02   2.0000000e+00   1.3900303e-03
   2.0100000e+02   2.0000000e+00   1.3765034e-03
   2.0200000e+02   1.0000000e+00   1.3631081e-03
   2.0300000e+02   0.0000000e+00   1.3498431e-03
   2.0400000e+02   1.0000000e+00   1.3367073e-03
   2.0500000e+02   0.0000000e+00   1.3236993e-03
   2.0600000e+02   1.0000000e+00   1.3108178e-03
   2.0700000e+02   0.0000000e+00   1.2980617e-03
   2.0800000e+02   1.0000000e+00   1.2854298e-03
   2.0900000e+02   0.0000000e+00   1.2729208e-03
   2.1000000e+02   2.0000000e+00   1.2605335e-03
   2.1100000e+02   2.0000000e+00   1.2482667e-03
   2.1200000e+02   0.0000000e+00   1.2361193e-03
   2.1300000e+02   1.0000000e+00   1.2240902e-03
   2.1400000e+02   0.0000000e+00   1.2121781e-03
   2.1500000e+02   0.0000000e+00   1.2003819e-03
   2.1600000e+02   0.0000000e+00   1.1887005e-03
   2.1700000e+02   0.0000000e+00   1.1771328e-03
   2.1800000e+02   2.0000000e+00   1.1656776e-03
   2.1900000e+02   0.0000000e+00   1.1543340e-03
   2.2000000e+02   0.0000000e+00   1.1431007e-03
   2.2100000e+02   0.0000000e+00   1.1319767e-03
   2.2200000e+02   0.0000000e+00   1.1209610e-03
   2.2300000e+02   1.0000000e+00   1.1100525e-03
   2.2400000e+02   0.0000000e+00   1.0992502e-03
   2.2500000e+02   0.0000000e+00   1.0885529e-03
   2.2600000e+02   0.0000000e+00   1.0779598e-03
   2.2700000e+02   0.0000000e+00   1.0674697e-03
   2.2800000e+02   2.0000000e+00   1.0570818e-03
   2.2900000e+02   0.0000000e+00   1.0467949e-03
   2.3000000e+02   1.0000000e+00   1.0366081e-03
   2.3100000e+02   0.0000000e+00   1.0265205e-03
   2.3200000e+02   0.0000000e+00   1.0165310e-03
   2.3300000e+02   1.0000000e+00   1.0066387e-03
   2.3400000e+02   0.0000000e+00   9.9684274e-04
   2.3500000e+02   1.0000000e+00   9.8714207e-04
   2.3600000e+02   0.0000000e+00   9.7753580e-04
   2.3700000e+02   0.0000000e+00   9.6802301e-04
   2.3800000e+02   0.0000000e+00   9.5860280e-04
   2.3900000e+02   1.0000000e+00   9.4927426e-04
   2.4000000e+02   1.0000000e+00   9.4003650e-04
   2.4100000e+02   0.0000000e+00   9.3088863e-04
   2.4200000e+02   0.0000000e+00   9.2182979e-04
   2.4300000e+02   0.0000000e+00   9.1285910e-04
   2.4400000e+02   1.0000000e+00   9.0397571e-04
   2.4500000e+02   0.0000000e+00   8.9517876e-04
   2.4600000e+02   1.0000000e+00   8.8646743e-04
   2.4700000e+02   0.0000000e+00   8.7784086e-04
   2.4800000e+02   0.0000000e+00   8.6929825e-04
   2.4900000e+02   0.0000000e+00   8.6083877e-04
   2.5000000e+02   0.0000000e+00   8.5246160e-04
   2.5100000e+02   2.0000000e+00   8.4416597e-04
   2.5200000e+02   1.0000000e+00   8.3595105e-04
   2.5300000e+02   0.0000000e+00   8.2781608e-04
   2.5400000e+02   1.0000000e+00   8.1976028e-04
   2.5500000e+02   0.0000000e+00   8.1178287e-04
   2.5600000e+02   0.0000000e+00   8.0388309e-04
   2.5700000e+02   0.0000000e+00   7.9606019e-04
   2.5800000e+02   1.0000000e+00   7.8831341e-04
   2.5900000e+02   0.0000000e+00   7.8064203e-04
   2.6000000e+02   1.0000000e+00   7.7304529e-04
   2.6100000e+02   0.0000000e+00   7.6552248e-04
   2.6200000e+02   0.0000000e+00   7.5807288e-04
   2.6300000e+02   0.0000000e+00   7.5069578e-04
   2.6400000e+02   0.0000000e+00   7.4339046e-04
   2.6500000e+02   1.0000000e+00   7.3615624e-04
   2.6600000e+02   0.0000000e+00   7.2899241e-04
   2.6700000e+02   0.0000000e+00   7.2189830e-04
   2.6800000e+02   0.0000000e+00   7.1487322e-04
   2.6900000e+02   1.0000000e+00   7.0791651e-04
   2.7000000e+02   0.0000000e+00   7.0102749e-04
   2.7100000e+02   0.0000000e+00   6.9420552e-04
   2.7200000e+02   0.0000000e+00   6.8744993e-04
   2.7300000e+02   0.0000000e+00   6.8076009e-04
   2.7400000e+02   0.0000000e+00   6.7413534e-04
   2.7500000e+02   1.0000000e+00   6.6757507e-04
   2.7600000e+02   0.0000000e+00   6.6107863e-04
   2.7700000e+02   0.0000000e+00   6.5464541e-04
   2.7800000e+02   1.0000000e+00   6.4827480e-04
   2.7900000e+02   0.0000000e+00   6.4196618e-04
   2.8000000e+02   0.0000000e+00   6.3571896e-04
   2.8100000e+02   0.0000000e+00   6.2953253e-04
   2.8200000e+02   0.0000000e+00   6.2340630e-04
   2.8300000e+02   0.0000000e+00   6.1733969e-04
   2.8400000e+02   0.0000000e+00   6.1133211e-04
   2.8500000e+02   0.0000000e+00   6.0538300e-04
   2.8600000e+02   0.0000000e+00   5.9949178e-04
   2.8700000e+02   0.0000000e+00   5.9365789e-04
   2.8800000e+02   0.0000000e+00   5.8788077e-04
   2.8900000e+02   0.0000000e+00   5.8215987e-04
   2.9000000e+02   0.0000000e+00   5.7649464e-04
   2.9100000e+02   0.0000000e+00   5.7088454e-04
   2.9200000e+02   0.0000000e+00   5.6532904e-04
   2.9300000e+02   0.0000000e+00   5.5982760e-04
   2.9400000e+02   0.0000000e+00   5.5437970e-04
   2.9500000e+02   0.0000000e+00   5.4898481e-04
   2.9600000e+02   0.0000000e+00   5.4364243e-04
   2.9700000e+02   0.0000000e+00   5.3835203e-04
   2.9800000e+02   0.0000000e+00   5.3311311e-04
   2.9900000e+02   1.0000000e+00   5.2792518e-04
   3.0000000e+02   0.0000000e+00   5.2278773e-04
   3.0100000e+02   0.0000000e+00   5.1770028e-04
   3.0200000e+02   0.0000000e+00   5.1266233e-04
   3.0300000e+02   0.0000000e+00   5.0767341e-04
   3.0400000e+02   0.0000000e+00   5.0273304e-04
   3.0500000e+02   0.0000000e+00   4.9784075e-04
   3.0600000e+02   0.0000000e+00   4.9299607e-04
   3.0700000e+02   0.0000000e+00   4.8819853e-04
   3.0800000e+02   0.0000000e+00   4.8344768e-04
   3.0900000e+02   0.0000000e+00   4.7874306e-04
   3.1000000e+02   2.0000000e+00   4.7408422e-04
   3.1100000e+02   1.0000000e+00   4.6947072e-04
   3.1200000e+02   0.0000000e+00   4.6490211e-04
   3.1300000e+02   1.0000000e+00   4.6037797e-04
   3.1400000e+02   0.0000000e+00   4.5589785e-04
   3.1500000e+02   0.0000000e+00   4.5146133e-04
   3.1600000e+02   0.0000000e+00   4.4706798e-04
   3.1700000e+02   1.0000000e+00   4.4271739e-04
   3.1800000e+02   0.0000000e+00   4.3840913e-04
   3.1900000e+02   0.0000000e+00   4.3414280e-04
   3.2000000e+02   0.0000000e+00   4.2991798e-04
   3.2100000e+02   0.0000000e+00   4.2573428e-04
   3.2200000e+02   1.0000000e+00   4.2159129e-04
   3.2300000e+02   0.0000000e+00   4.1748862e-04
   3.2400000e+02   1.0000000e+00   4.1342588e-04
   3.2500000e+02   0.0000000e+00   4.0940267e-04
   3.2600000e+02   0.0000000e+00   4.0541861e-04
   3.2700000e+02   0.0000000e+00   4.0147332e-04
   3.2800000e+02   2.0000000e+00   3.9756642e-04
   3.2900000e+02   0.0000000e+00   3.9369755e-04
   3.3000000e+02   0.0000000e+00   3.8986632e-04
   3.3100000e+02   0.0000000e+00   3.8607238e-04
   3.3200000e+02   0.0000000e+00   3.8231536e-04
   3.3300000e+02   0.0000000e+00   3.7859490e-04
   3.3400000e+02   1.0000000e+00   3.7491064e-04
   3.3500000e+02   1.0000000e+00   3.7126224e-04
   3.3600000e+02   0.0000000e+00   3.6764934e-04
   3.3700000e+02   0.0000000e+00   3.6407160e-04
   3.3800000e+02   0.0000000e+00   3.6052867e-04
   3.3900000e+02   0.0000000e+00   3.5702023e-04
   3.4000000e+02   0.0000000e+00   3.5354592e-04
   3.4100000e+02   0.0000000e+00   3.5010543e-04
   3.4200000e+02   0.0000000e+00   3.4669842e-04
   3.4300000e+02   0.0000000e+00   3.4332456e-04
   3.4400000e+02   0.0000000e+00   3.3998353e-04
   3.4500000e+02   0.0000000e+00   3.3667502e-04
   3.4600000e+02   0.0000000e+00   3.3339870e-04
   3.4700000e+02   0.0000000e+00   3.3015427e-04
   3.4800000e+02   0.0000000e+00   3.2694140e-04
   3.4900000e+02   0.0000000e+00   3.2375981e-04
   3.5000000e+02   0.0000000e+00   3.2060917e-04
   3.5100000e+02   0.0000000e+00   3.1748920e-04
   3.5200000e+02   0.0000000e+00   3.1439959e-04
   3.5300000e+02   0.0000000e+00   3.1134004e-04
   3.5400000e+02   0.0000000e+00   3.0831027e-04
   3.5500000e+02   0.0000000e+00   3.0530998e-04
   3.5600000e+02   0.0000000e+00   3.0233889e-04
   3.5700000e+02   0.0000000e+00   2.9939671e-04
   3.5800000e+02   0.0000000e+00   2.9648316e-04
   3.5900000e+02   0.0000000e+00   2.9359797e-04
   3.6000000e+02   1.0000000e+00   2.9074085e-04
   3.6100000e+02   0.0000000e+00   2.8791154e-04
   3.6200000e+02   0.0000000e+00   2.8510976e-04
   3.6300000e+02   1.0000000e+00   2.8233524e-04
   3.6400000e+02   0.0000000e+00   2.7958773e-04
   3.6500000e+02   0.0000000e+00   2.7686695e-04
   3.6600000e+02   0.0000000e+00   2.7417265e-04
   3.6700000e+02   0.0000000e+00   2.7150456e-04
   3.6800000e+02   0.0000000e+00   2.6886245e-04
   3.6900000e+02   0.0000000e+00   2.6624604e-04
   3.7000000e+02   0.0000000e+00   2.6365510e-04
   3.7100000e+02   0.0000000e+00   2.6108936e-04
   3.7200000e+02   0.0000000e+00   2.5854860e-04
   3.7300000e+02   0.0000000e+00   2.5603256e-04
   3.7400000e+02   1.0000000e+00   2.5354101e-04
   3.7500000e+02   0.0000000e+00   2.5107370e-04
   3.7600000e+02   0.0000000e+00   2.4863040e-04
   3.7700000e+02   0.0000000e+00   2.4621088e-04
   3.7800000e+02   0.0000000e+00   2.4381491e-04
   3.7900000e+02   0.0000000e+00   2.4144225e-04
   3.8000000e+02   0.0000000e+00   2.3909268e-04
   3.8100000e+02   0.0000000e+00   2.3676598e-04
   3.8200000e+02   0.0000000e+00   2.3446191e-04
   3.8300000e+02   1.0000000e+00   2.3218027e-04
   3.8400000e+02   0.0000000e+00   2.2992083e-04
   3.8500000e+02   0.0000000e+00   2.2768338e-04
   3.8600000e+02   0.0000000e+00   2.2546771e-04
   3.8700000e+02   0.0000000e+00   2.2327359e-04
   3.8800000e+02   0.0000000e+00   2.2110083e-04
   3.8900000e+02   0.0000000e+00   2.1894921e-04
   3.9000000e+02   0.0000000e+00   2.1681853e-04
   3.9100000e+02   0.0000000e+00   2.1470858e-04
   3.9200000e+02   0.0000000e+00   2.1261917e-04
   3.9300000e+02   0.0000000e+00   2.1055009e-04
   3.9400000e+02   0.0000000e+00   2.0850114e-04
   3.9500000e+02   0.0000000e+00   2.0647214e-04
   3.9600000e+02   0.0000000e+00   2.0446287e-04
   3.9700000e+02   0.0000000e+00   2.0247316e-04
   3.9800000e+02   0.0000000e+00   2.0050282e-04
   3.9900000e+02   0.0000000e+00   1.9855165e-04
   4.0000000e+02   0.0000000e+00   1.9661946e-04
   4.0100000e+02   0.0000000e+00   1.9470608e-04
   4.0200000e+02   0.0000000e+00   1.9281132e-04
   4.0300000e+02   0.0000000e+00   1.9093500e-04
   4.0400000e+02   0.0000000e+00   1.8907693e-04
   4.0500000e+02   1.0000000e+00   1.8723695e-04
   4.0600000e+02   0.0000000e+00   1.8541487e-04
   4.0700000e+02   0.0000000e+00   1.8361053e-04
   4.0800000e+02   0.0000000e+00   1.8182374e-04
   4.0900000e+02   0.0000000e+00   1.8005434e-04
   4.1000000e+02   0.0000000e+00   1.7830217e-04
   4.1100000e+02   0.0000000e+00   1.7656704e-04
   4.1200000e+02   0.0000000e+00   1.7484879e-04
   4.1300000e+02   0.0000000e+00   1.7314727e-04
   4.1400000e+02   0.0000000e+00   1.7146231e-04
   4.1500000e+02   0.0000000e+00   1.6979374e-04
   4.1600000e+02   0.0000000e+00   1.6814141e-04
   4.1700000e+02   0.0000000e+00   1.6650516e-04
   4.1800000e+02   0.0000000e+00   1.6488483e-04
   4.1900000e+02   0.0000000e+00   1.6328027e-04
   4.2000000e+02   0.0000000e+00   1.6169133e-04
   4.2100000e+02   0.0000000e+00   1.6011785e-04
   4.2200000e+02   0.0000000e+00   1.5855968e-04
   4.2300000e+02   0.0000000e+00   1.5701667e-04
   4.2400000e+02   0.0000000e+00   1.5548868e-04
   4.2500000e+02   0.0000000e+00   1.5397556e-04
   4.2600000e+02   0.0000000e+00   1.5247716e-04
   4.2700000e+02   0.0000000e+00   1.5099335e-04
   4.2800000e+02   0.0000000e+00   1.4952397e-04
   4.2900000e+02   0.0000000e+00   1.4806889e-04
   4.3000000e+02   0.0000000e+00   1.4662798e-04
   4.3100000e+02   0.0000000e+00   1.4520108e-04
   4.3200000e+02   0.0000000e+00   1.4378807e-04
   4.3300000e+02   0.0000000e+00   1.4238881e-04
   4.3400000e+02   0.0000000e+00   1.4100317e-04
   4.3500000e+02   0.0000000e+00   1.3963102e-04
   4.3600000e+02   0.0000000e+00   1.3827221e-04
   4.3700000e+02   0.0000000e+00   1.3692663e-04
   4.3800000e+02   0.0000000e+00   1.3559414e-04
   4.3900000e+02   0.0000000e+00   1.3427462e-04
   4.4000000e+02   0.0000000e+00   1.3296794e-04
   4.4100000e+02   0.0000000e+00   1.3167398e-04
   4.4200000e+02   0.0000000e+00   1.3039261e-04
   4.4300000e+02   0.0000000e+00   1.2912371e-04
   4.4400000e+02   0.0000000e+00   1.2786715e-04
   4.4500000e+02   0.0000000e+00   1.2662283e-04
   4.4600000e+02   0.0000000e+00   1.2539061e-04
   4.4700000e+02   0.0000000e+00   1.2417039e-04
   4.4800000e+02   0.0000000e+00   1.2296203e-04
   4.4900000e+02   0.0000000e+00   1.2176544e-04
   4.5000000e+02   0.0000000e+00   1.2058050e-04
   4.5100000e+02   0.0000000e+00   1.1940708e-04
   4.5200000e+02   0.0000000e+00   1.1824508e-04
   4.5300000e+02   0.0000000e+00   1.1709439e-04
   4.5400000e+02   0.0000000e+00   1.1595490e-04
   4.5500000e+02   0.0000000e+00   1.1482650e-04
   4.5600000e+02   0.0000000e+00   1.1370908e-04
   4.5700000e+02   0.0000000e+00   1.1260253e-04
   4.5800000e+02   0.0000000e+00   1.1150675e-04
   4.5900000e+02   0.0000000e+00   1.1042163e-04
   4.6000000e+02   0.0000000e+00   1.0934708e-04
   4.6100000e+02   0.0000000e+00   1.0828298e-04
   4.6200000e+02   0.0000000e+00   1.0722923e-04
   4.6300000e+02   0.0000000e+00   1.0618574e-04
   4.6400000e+02   0.0000000e+00   1.0515241e-04
   4.6500000e+02   0.0000000e+00   1.0412913e-04
   4.6600000e+02   0.0000000e+00   1.0311581e-04
   4.6700000e+02   0.0000000e+00   1.0211235e-04
   4.6800000e+02   0.0000000e+00   1.0111865e-04
   4.6900000e+02   0.0000000e+00   1.0013463e-04
   4.7000000e+02   0.0000000e+00   9.9160176e-05
   4.7100000e+02   0.0000000e+00   9.8195209e-05
   4.7200000e+02   0.0000000e+00   9.7239633e-05
   4.7300000e+02   0.0000000e+00   9.6293356e-05
   4.7400000e+02   0.0000000e+00   9.5356287e-05
   4.7500000e+02   0.0000000e+00   9.4428338e-05
   4.7600000e+02   0.0000000e+00   9.3509418e-05
   4.7700000e+02   0.0000000e+00   9.2599441e-05
   4.7800000e+02   0.0000000e+00   9.1698320e-05
   4.7900000e+02   0.0000000e+00   9.0805967e-05
   4.8000000e+02   0.0000000e+00   8.9922299e-05
   4.8100000e+02   0.0000000e+00   8.9047229e-05
   4.8200000e+02   0.0000000e+00   8.8180676e-05
   4.8300000e+02   0.0000000e+00   8.7322555e-05
   4.8400000e+02   0.0000000e+00   8.6472785e-05
   4.8500000e+02   0.0000000e+00   8.5631284e-05
   4.8600000e+02   0.0000000e+00   8.4797972e-05
   4.8700000e+02   0.0000000e+00   8.3972770e-05
   4.8800000e+02   0.0000000e+00   8.3155598e-05
   4.8900000e+02   1.0000000e+00   8.2346378e-05
   4.9000000e+02   0.0000000e+00   8.1545033e-05
   4.9100000e+02   0.0000000e+00   8.0751486e-05
   4.9200000e+02   0.0000000e+00   7.9965661e-05
   4.9300000e+02   0.0000000e+00   7.9187484e-05
   4.9400000e+02   0.0000000e+00   7.8416880e-05
   4.9500000e+02   0.0000000e+00   7.7653774e-05
   4.9600000e+02   0.0000000e+00   7.6898095e-05
   4.9700000e+02   0.0000000e+00   7.6149769e-05
   4.9800000e+02   0.0000000e+00   7.5408726e-05
   4.9900000e+02   0.0000000e+00   7.4674894e-05
   5.0000000e+02   0.0000000e+00   7.3948203e-05
   5.0100000e+02   0.0000000e+00   7.3228584e-05
   5.0200000e+02   0.0000000e+00   7.2515968e-05
   5.0300000e+02   0.0000000e+00   7.1810286e-05
   5.0400000e+02   0.0000000e+00   7.1111472e-05
   5.0500000e+02   0.0000000e+00   7.0419458e-05
   5.0600000e+02   0.0000000e+00   6.9734179e-05
   5.0700000e+02   0.0000000e+00   6.9055568e-05
   5.0800000e+02   0.0000000e+00   6.8383561e-05
   5.0900000e+02   0.0000000e+00   6.7718094e-05
   5.1000000e+02   0.0000000e+00   6.7059102e-05
   5.1100000e+02   0.0000000e+00   6.6406524e-05
   5.1200000e+02   0.0000000e+00   6.5760296e-05
   5.1300000e+02   0.0000000e+00   6.5120356e-05
   5.1400000e+02   0.0000000e+00   6.4486645e-05
   5.1500000e+02   0.0000000e+00   6.3859100e-05
   5.1600000e+02   0.0000000e+00   6.3237662e-05
   5.1700000e+02   0.0000000e+00   6.2622271e-05
   5.1800000e+02   1.0000000e+00   6.2012869e-05
   5.1900000e+02   0.0000000e+00   6.1409397e-05
   5.2000000e+02   0.0000000e+00   6.0811798e-05
   5.2100000e+02   0.0000000e+00   6.0220015e-05
   5.2200000e+02   1.0000000e+00   5.9633990e-05
   5.2300000e+02   0.0000000e+00   5.9053668e-05
   5.2400000e+02   0.0000000e+00   5.8478994e-05
   5.2500000e+02   0.0000000e+00   5.7909912e-05
   5.2600000e+02   0.0000000e+00   5.7346368e-05
   5.2700000e+02   0.0000000e+00   5.6788308e-05
   5.2800000e+02   0.0000000e+00   5.6235678e-05
   5.2900000e+02   0.0000000e+00   5.5688427e-05
   5.3000000e+02   0.0000000e+00   5.5146501e-05
   5.3100000e+02   0.0000000e+00   5.4609848e-05
   5.3200000e+02   0.0000000e+00   5.4078418e-05
   5.3300000e+02   0.0000000e+00   5.3552160e-05
   5.3400000e+02   0.0000000e+00   5.3031023e-05
   5.3500000e+02   0.0000000e+00   5.2514957e-05
   5.3600000e+02   0.0000000e+00   5.2003913e-05
   5.3700000e+02   0.0000000e+00   5.1497843e-05
   5.3800000e+02   0.0000000e+00   5.0996697e-05
   5.3900000e+02   0.0000000e+00   5.0500428e-05
   5.4000000e+02   0.0000000e+00   5.0008989e-05
   5.4100000e+02   0.0000000e+00   4.9522331e-05
   5.4200000e+02   0.0000000e+00   4.9040410e-05
   5.4300000e+02   0.0000000e+00   4.8563179e-05
   5.4400000e+02   0.0000000e+00   4.8090591e-05
   5.4500000e+02   0.0000000e+00   4.7622603e-05
   5.4600000e+02   0.0000000e+00   4.7159168e-05
   5.4700000e+02   0.0000000e+00   4.6700244e-05
   5.4800000e+02   0.0000000e+00   4.6245786e-05
   5.4900000e+02   0.0000000e+00   4.5795750e-05
   5.5000000e+02   0.0000000e+00   4.5350093e-05
   5.5100000e+02   0.0000000e+00   4.4908773e-05
   5.5200000e+02   0.0000000e+00   4.4471749e-05
   5.5300000e+02   0.0000000e+00   4.4038976e-05
   5.5400000e+02   0.0000000e+00   4.3610416e-05
   5.5500000e+02   0.0000000e+00   4.3186026e-05
   5.5600000e+02   1.0000000e+00   4.2765765e-05
   5.5700000e+02   0.0000000e+00   4.2349595e-05
   5.5800000e+02   0.0000000e+00   4.1937474e-05
   5.5900000e+02   0.0000000e+00   4.1529364e-05
   5.6000000e+02   0.0000000e+00   4.1125226e-05
   5.6100000e+02   0.0000000e+00   4.0725020e-05
   5.6200000e+02   1.0000000e+00   4.0328709e-05
   5.6300000e+02   0.0000000e+00   3.9936254e-05
   5.6400000e+02   0.0000000e+00   3.9547619e-05
   5.6500000e+02   0.0000000e+00   3.9162765e-05
   5.6600000e+02   0.0000000e+00   3.8781657e-05
   5.6700000e+02   0.0000000e+00   3.8404258e-05
   5.6800000e+02   0.0000000e+00   3.8030531e-05
   5.6900000e+02   0.0000000e+00   3.7660441e-05
   5.7000000e+02   0.0000000e+00   3.7293952e-05
   5.7100000e+02   0.0000000e+00   3.6931030e-05
   5.7200000e+02   0.0000000e+00   3.6571639e-05
   5.7300000e+02   0.0000000e+00   3.6215746e-05
   5.7400000e+02   0.0000000e+00   3.5863317e-05
   5.7500000e+02   0.0000000e+00   3.5514317e-05
   5.7600000e+02   0.0000000e+00   3.5168713e-05
   5.7700000e+02   0.0000000e+00   3.4826472e-05
   5.7800000e+02   0.0000000e+00   3.4487562e-05
   5.7900000e+02   0.0000000e+00   3.4151950e-05
   5.8000000e+02   0.0000000e+00   3.3819604e-05
   5.8100000e+02   0.0000000e+00   3.3490492e-05
   5.8200000e+02   0.0000000e+00   3.3164583e-05
   5.8300000e+02   0.0000000e+00   3.2841845e-05
   5.8400000e+02   0.0000000e+00   3.2522248e-05
   5.8500000e+02   0.0000000e+00   3.2205762e-05
   5.8600000e+02   0.0000000e+00   3.1892355e-05
   5.8700000e+02   0.0000000e+00   3.1581998e-05
   5.8800000e+02   0.0000000e+00   3.1274661e-05
   5.8900000e+02   0.0000000e+00   3.0970315e-05
   5.9000000e+02   0.0000000e+00   3.0668930e-05
   5.9100000e+02   0.0000000e+00   3.0370479e-05
   5.9200000e+02   0.0000000e+00   3.0074932e-05
   5.9300000e+02   0.0000000e+00   2.9782261e-05
   5.9400000e+02   0.0000000e+00   2.9492438e-05
   5.9500000e+02   0.0000000e+00   2.9205435e-05
   5.9600000e+02   0.0000000e+00   2.8921226e-05
   5.9700000e+02   0.0000000e+00   2.8639782e-05
   5.9800000e+02   1.0000000e+00   2.8361077e-05
