   1.0000000e+00   6.0000000e+00   9.9245988e-03
   2.0000000e+00   4.0000000e+00   9.8261012e-03
   3.0000000e+00   2.0000000e+00   9.7285811e-03
   4.0000000e+00   6.0000000e+00   9.6320288e-03
   5.0000000e+00   6.0000000e+00   9.5364348e-03
   6.0000000e+00   6.0000000e+00   9.4417895e-03
   7.0000000e+00   5.0000000e+00   9.3480835e-03
   8.0000000e+00   3.0000000e+00   9.2553075e-03
   9.0000000e+00   1.0000000e+00   9.1634523e-03
   1.0000000e+01   1.0000000e+00   9.0725087e-03
   1.1000000e+01   4.0000000e+00   8.9824677e-03
   1.2000000e+01   5.0000000e+00   8.8933203e-03
   1.3000000e+01   3.0000000e+00   8.8050577e-03
   1.4000000e+01   5.0000000e+00   8.7176710e-03
   1.5000000e+01   3.0000000e+00   8.6311516e-03
   1.6000000e+01   6.0000000e+00   8.5454909e-03
   1.7000000e+01   6.0000000e+00   8.4606804e-03
   1.8000000e+01   4.0000000e+00   8.3767115e-03
   1.9000000e+01   4.0000000e+00   8.2935760e-03
   2.0000000e+01   1.0000000e+00   8.2112656e-03
   2.1000000e+01   4.0000000e+00   8.1297721e-03
   2.2000000e+01   4.0000000e+00   8.0490873e-03
   2.3000000e+01   3.0000000e+00   7.9692034e-03
   2.4000000e+01   3.0000000e+00   7.8901122e-03
   2.5000000e+01   1.0000000e+00   7.8118060e-03
   2.6000000e+01   3.0000000e+00   7.7342770e-03
   2.7000000e+01   4.0000000e+00   7.6575174e-03
   2.8000000e+01   4.0000000e+00   7.5815196e-03
   2.9000000e+01   2.0000000e+00   7.5062761e-03
   3.0000000e+01   2.0000000e+00   7.4317793e-03
   3.1000000e+01   0.0000000e+00   7.3580219e-03
   3.2000000e+01   2.0000000e+00   7.2849964e-03
   3.3000000e+01   5.0000000e+00   7.2126958e-03
   3.4000000e+01   4.0000000e+00   7.1411127e-03
   3.5000000e+01   2.0000000e+00   7.0702400e-03
   3.6000000e+01   1.0000000e+01   7.0000707e-03
   3.7000000e+01   0.0000000e+00   6.9305978e-03
   3.8000000e+01   3.0000000e+00   6.8618144e-03
   3.9000000e+01   2.0000000e+00   6.7937136e-03
   4.0000000e+01   5.0000000e+00   6.7262888e-03
   4.1000000e+01   1.0000000e+00   6.6595330e-03
   4.2000000e+01   2.0000000e+00   6.5934398e-03
   4.3000000e+01   5.0000000e+00   6.5280026e-03
   4.4000000e+01   3.0000000e+00   6.4632148e-03
   4.5000000e+01   4.0000000e+00   6.3990700e-03
   4.6000000e+01   4.0000000e+00   6.3355618e-03
   4.7000000e+01   4.0000000e+00   6.2726839e-03
   4.8000000e+01   5.0000000e+00   6.2104300e-03
   4.9000000e+01   4.0000000e+00   6.1487940e-03
   5.0000000e+01   3.0000000e+00   6.0877697e-03
   5.1000000e+01   6.0000000e+00   6.0273510e-03
   5.2000000e+01   2.0000000e+00   5.9675319e-03
   5.3000000e+01   1.0000000e+00   5.9083066e-03
   5.4000000e+01   4.0000000e+00   5.8496690e-03
   5.5000000e+01   6.0000000e+00   5.7916134e-03
   5.6000000e+01   1.0000000e+00   5.7341340e-03
   5.7000000e+01   4.0000000e+00   5.6772250e-03
   5.8000000e+01   4.0000000e+00   5.6208808e-03
   5.9000000e+01   2.0000000e+00   5.5650958e-03
   6.0000000e+01   0.0000000e+00   5.5098645e-03
   6.1000000e+01   2.0000000e+00   5.4551813e-03
   6.2000000e+01   0.0000000e+00   5.4010408e-03
   6.3000000e+01   4.0000000e+00   5.3474376e-03
   6.4000000e+01   4.0000000e+00   5.2943664e-03
   6.5000000e+01   7.0000000e+00   5.2418220e-03
   6.6000000e+01   1.0000000e+00   5.1897990e-03
   6.7000000e+01   1.0000000e+00   5.1382923e-03
   6.8000000e+01   3.0000000e+00   5.0872968e-03
   6.9000000e+01   5.0000000e+00   5.0368075e-03
   7.0000000e+01   0.0000000e+00   4.9868192e-03
   7.1000000e+01   2.0000000e+00   4.9373270e-03
   7.2000000e+01   1.0000000e+00   4.8883260e-03
   7.3000000e+01   2.0000000e+00   4.8398113e-03
   7.4000000e+01   2.0000000e+00   4.7917781e-03
   7.5000000e+01   3.0000000e+00   4.7442217e-03
   7.6000000e+01   1.0000000e+00   4.6971372e-03
   7.7000000e+01   2.0000000e+00   4.6505200e-03
   7.8000000e+01   5.0000000e+00   4.6043654e-03
   7.9000000e+01   2.0000000e+00   4.5586689e-03
   8.0000000e+01   1.0000000e+00   4.5134260e-03
   8.1000000e+01   3.0000000e+00   4.4686320e-03
   8.2000000e+01   2.0000000e+00   4.4242827e-03
   8.3000000e+01   2.0000000e+00   4.3803734e-03
   8.4000000e+01   2.0000000e+00   4.3369000e-03
   8.5000000e+01   1.0000000e+00   4.2938580e-03
   8.6000000e+01   1.0000000e+00   4.2512432e-03
   8.7000000e+01   2.0000000e+00   4.2090513e-03
   8.8000000e+01   4.0000000e+00   4.1672781e-03
   8.9000000e+01   2.0000000e+00   4.1259196e-03
   9.0000000e+01   1.0000000e+00   4.0849715e-03
   9.1000000e+01   0.0000000e+00   4.0444298e-03
   9.2000000e+01   2.0000000e+00   4.0042904e-03
   9.3000000e+01   1.0000000e+00   3.9645495e-03
   9.4000000e+01   1.0000000e+00   3.9252029e-03
   9.5000000e+01   5.0000000e+00   3.8862468e-03
   9.6000000e+01   2.0000000e+00   3.8476774e-03
   9.7000000e+01   1.0000000e+00   3.8094907e-03
   9.8000000e+01   1.0000000e+00   3.7716831e-03
   9.9000000e+01   3.0000000e+00   3.7342506e-03
   1.0000000e+02   1.0000000e+00   3.6971897e-03
   1.0100000e+02   2.0000000e+00   3.6604966e-03
   1.0200000e+02   1.0000000e+00   3.6241676e-03
   1.0300000e+02   0.0000000e+00   3.5881992e-03
   1.0400000e+02   1.0000000e+00   3.5525878e-03
   1.0500000e+02   1.0000000e+00   3.5173297e-03
   1.0600000e+02   0.0000000e+00   3.4824217e-03
   1.0700000e+02   0.0000000e+00   3.4478600e-03
   1.0800000e+02   1.0000000e+00   3.4136414e-03
   1.0900000e+02   0.0000000e+00   3.3797624e-03
   1.1000000e+02   0.0000000e+00   3.3462196e-03
   1.1100000e+02   1.0000000e+00   3.3130097e-03
   1.1200000e+02   4.0000000e+00   3.2801294e-03
   1.1300000e+02   3.0000000e+00   3.2475754e-03
   1.1400000e+02   1.0000000e+00   3.2153446e-03
   1.1500000e+02   1.0000000e+00   3.1834335e-03
   1.1600000e+02   0.0000000e+00   3.1518392e-03
   1.1700000e+02   0.0000000e+00   3.1205585e-03
   1.1800000e+02   3.0000000e+00   3.0895882e-03
   1.1900000e+02   0.0000000e+00   3.0589253e-03
   1.2000000e+02   2.0000000e+00   3.0285667e-03
   1.2100000e+02   1.0000000e+00   2.9985094e-03
   1.2200000e+02   1.0000000e+00   2.9687504e-03
   1.2300000e+02   5.0000000e+00   2.9392867e-03
   1.2400000e+02   2.0000000e+00   2.9101155e-03
   1.2500000e+02   1.0000000e+00   2.8812337e-03
   1.2600000e+02   3.0000000e+00   2.8526387e-03
   1.2700000e+02   1.0000000e+00   2.8243274e-03
   1.2800000e+02   2.0000000e+00   2.7962970e-03
   1.2900000e+02   1.0000000e+00   2.7685449e-03
   1.3000000e+02   2.0000000e+00   2.7410682e-03
   1.3100000e+02   0.0000000e+00   2.7138642e-03
   1.3200000e+02   1.0000000e+00   2.6869302e-03
   1.3300000e+02   1.0000000e+00   2.6602635e-03
   1.3400000e+02   3.0000000e+00   2.6338615e-03
   1.3500000e+02   5.0000000e+00   2.6077214e-03
   1.3600000e+02   0.0000000e+00   2.5818408e-03
   1.3700000e+02   2.0000000e+00   2.5562171e-03
   1.3800000e+02   2.0000000e+00   2.5308477e-03
   1.3900000e+02   0.0000000e+00   2.5057300e-03
   1.4000000e+02   2.0000000e+00   2.4808617e-03
   1.4100000e+02   2.0000000e+00   2.4562401e-03
   1.4200000e+02   0.0000000e+00   2.4318629e-03
   1.4300000e+02   1.0000000e+00   2.4077277e-03
   1.4400000e+02   1.0000000e+00   2.3838319e-03
   1.4500000e+02   1.0000000e+00   2.3601733e-03
   1.4600000e+02   3.0000000e+00   2.3367496e-03
   1.4700000e+02   2.0000000e+00   2.3135583e-03
   1.4800000e+02   1.0000000e+00   2.2905971e-03
   1.4900000e+02   2.0000000e+00   2.2678639e-03
   1.5000000e+02   1.0000000e+00   2.2453562e-03
   1.5100000e+02   0.0000000e+00   2.2230720e-03
   1.5200000e+02   2.0000000e+00   2.2010089e-03
   1.5300000e+02   3.0000000e+00   2.1791647e-03
   1.5400000e+02   1.0000000e+00   2.1575374e-03
   1.5500000e+02   1.0000000e+00   2.1361247e-03
   1.5600000e+02   0.0000000e+00   2.1149245e-03
   1.5700000e+02   0.0000000e+00   2.0939348e-03
   1.5800000e+02   0.0000000e+00   2.0731533e-03
   1.5900000e+02   1.0000000e+00   2.0525781e-03
   1.6000000e+02   1.0000000e+00   2.0322071e-03
   1.6100000e+02   2.0000000e+00   2.0120382e-03
   1.6200000e+02   2.0000000e+00   1.9920696e-03
   1.6300000e+02   1.0000000e+00   1.9722991e-03
   1.6400000e+02   0.0000000e+00   1.9527248e-03
   1.6500000e+02   2.0000000e+00   1.9333448e-03
   1.6600000e+02   1.0000000e+00   1.9141571e-03
   1.6700000e+02   1.0000000e+00   1.8951599e-03
   1.6800000e+02   1.0000000e+00   1.8763512e-03
   1.6900000e+02   0.0000000e+00   1.8577291e-03
   1.7000000e+02   0.0000000e+00   1.8392919e-03
   1.7100000e+02   0.0000000e+00   1.8210377e-03
   1.7200000e+02   0.0000000e+00   1.8029646e-03
   1.7300000e+02   1.0000000e+00   1.7850709e-03
   1.7400000e+02   0.0000000e+00   1.7673548e-03
   1.7500000e+02   1.0000000e+00   1.7498145e-03
   1.7600000e+02   1.0000000e+00   1.7324483e-03
   1.7700000e+02   0.0000000e+00   1.7152545e-03
   1.7800000e+02   0.0000000e+00   1.6982312e-03
   1.7900000e+02   1.0000000e+00   1.6813770e-03
   1.8000000e+02   0.0000000e+00   1.6646900e-03
   1.8100000e+02   2.0000000e+00   1.6481686e-03
   1.8200000e+02   2.0000000e+00   1.6318112e-03
   1.8300000e+02   1.0000000e+00   1.6156161e-03
   1.8400000e+02   2.0000000e+00   1.5995818e-03
   1.8500000e+02   2.0000000e+00   1.5837066e-03
   1.8600000e+02   2.0000000e+00   1.5679889e-03
   1.8700000e+02   0.0000000e+00   1.5524273e-03
   1.8800000e+02   1.0000000e+00   1.5370200e-03
   1.8900000e+02   0.0000000e+00   1.5217657e-03
   1.9000000e+02   1.0000000e+00   1.5066628e-03
   1.9100000e+02   1.0000000e+00   1.4917098e-03
   1.9200000e+02   2.0000000e+00   1.4769052e-03
   1.9300000e+02   0.0000000e+00   1.4622475e-03
   1.9400000e+02   1.0000000e+00   1.4477353e-03
   1.9500000e+02   0.0000000e+00   1.4333671e-03
   1.9600000e+02   0.0000000e+00   1.4191415e-03
   1.9700000e+02   0.0000000e+00   1.4050571e-03
   1.9800000e+02   0.0000000e+00   1.3911124e-03
   1.9900000e+02   1.0000000e+00   1.3773062e-03
   2.0000000e+02   0.0000000e+00   1.3636370e-03
   2.0100000e+02   0.0000000e+00   1.3501034e-03
   2.0200000e+02   1.0000000e+00   1.3367042e-03
   2.0300000e+02   0.0000000e+00   1.3234380e-03
   2.0400000e+02   1.0000000e+00   1.3103034e-03
   2.0500000e+02   0.0000000e+00   1.2972991e-03
   2.0600000e+02   1.0000000e+00   1.2844240e-03
   2.0700000e+02   2.0000000e+00   1.2716766e-03
   2.0800000e+02   1.0000000e+00   1.2590557e-03
   2.0900000e+02   0.0000000e+00   1.2465601e-03
   2.1000000e+02   1.0000000e+00   1.2341885e-03
   2.1100000e+02   0.0000000e+00   1.2219396e-03
   2.1200000e+02   0.0000000e+00   1.2098124e-03
   2.1300000e+02   0.0000000e+00   1.1978055e-03
   2.1400000e+02   0.0000000e+00   1.1859177e-03
   2.1500000e+02   0.0000000e+00   1.1741480e-03
   2.1600000e+02   0.0000000e+00   1.1624950e-03
   2.1700000e+02   0.0000000e+00   1.1509577e-03
   2.1800000e+02   1.0000000e+00   1.1395349e-03
   2.1900000e+02   0.0000000e+00   1.1282255e-03
   2.2000000e+02   1.0000000e+00   1.1170283e-03
   2.2100000e+02   0.0000000e+00   1.1059423e-03
   2.2200000e+02   0.0000000e+00   1.0949662e-03
   2.2300000e+02   1.0000000e+00   1.0840991e-03
   2.2400000e+02   1.0000000e+00   1.0733399e-03
   2.2500000e+02   0.0000000e+00   1.0626874e-03
   2.2600000e+02   0.0000000e+00   1.0521407e-03
   2.2700000e+02   1.0000000e+00   1.0416986e-03
   2.2800000e+02   0.0000000e+00   1.0313601e-03
   2.2900000e+02   0.0000000e+00   1.0211243e-03
   2.3000000e+02   0.0000000e+00   1.0109901e-03
   2.3100000e+02   0.0000000e+00   1.0009564e-03
   2.3200000e+02   0.0000000e+00   9.9102230e-04
   2.3300000e+02   2.0000000e+00   9.8118680e-04
   2.3400000e+02   0.0000000e+00   9.7144892e-04
   2.3500000e+02   1.0000000e+00   9.6180768e-04
   2.3600000e+02   1.0000000e+00   9.5226212e-04
   2.3700000e+02   0.0000000e+00   9.4281130e-04
   2.3800000e+02   0.0000000e+00   9.3345428e-04
   2.3900000e+02   0.0000000e+00   9.2419012e-04
   2.4000000e+02   1.0000000e+00   9.1501790e-04
   2.4100000e+02   0.0000000e+00   9.0593672e-04
   2.4200000e+02   0.0000000e+00   8.9694566e-04
   2.4300000e+02   1.0000000e+00   8.8804383e-04
   2.4400000e+02   1.0000000e+00   8.7923035e-04
   2.4500000e+02   0.0000000e+00   8.7050435e-04
   2.4600000e+02   0.0000000e+00   8.6186494e-04
   2.4700000e+02   1.0000000e+00   8.5331128e-04
   2.4800000e+02   0.0000000e+00   8.4484250e-04
   2.4900000e+02   0.0000000e+00   8.3645778e-04
   2.5000000e+02   0.0000000e+00   8.2815627e-04
   2.5100000e+02   1.0000000e+00   8.1993715e-04
   2.5200000e+02   0.0000000e+00   8.1179961e-04
   2.5300000e+02   0.0000000e+00   8.0374282e-04
   2.5400000e+02   0.0000000e+00   7.9576600e-04
   2.5500000e+02   0.0000000e+00   7.8786834e-04
   2.5600000e+02   0.0000000e+00   7.8004906e-04
   2.5700000e+02   0.0000000e+00   7.7230739e-04
   2.5800000e+02   0.0000000e+00   7.6464255e-04
   2.5900000e+02   0.0000000e+00   7.5705378e-04
   2.6000000e+02   3.0000000e+00   7.4954032e-04
   2.6100000e+02   0.0000000e+00   7.4210143e-04
   2.6200000e+02   1.0000000e+00   7.3473637e-04
   2.6300000e+02   0.0000000e+00   7.2744441e-04
   2.6400000e+02   2.0000000e+00   7.2022482e-04
   2.6500000e+02   0.0000000e+00   7.1307687e-04
   2.6600000e+02   1.0000000e+00   7.0599987e-04
   2.6700000e+02   1.0000000e+00   6.9899311e-04
   2.6800000e+02   0.0000000e+00   6.9205588e-04
   2.6900000e+02   0.0000000e+00   6.8518750e-04
   2.7000000e+02   0.0000000e+00   6.7838729e-04
   2.7100000e+02   0.0000000e+00   6.7165457e-04
   2.7200000e+02   0.0000000e+00   6.6498867e-04
   2.7300000e+02   0.0000000e+00   6.5838892e-04
   2.7400000e+02   0.0000000e+00   6.5185468e-04
   2.7500000e+02   0.0000000e+00   6.4538528e-04
   2.7600000e+02   0.0000000e+00   6.3898009e-04
   2.7700000e+02   0.0000000e+00   6.3263847e-04
   2.7800000e+02   1.0000000e+00   6.2635979e-04
   2.7900000e+02   0.0000000e+00   6.2014342e-04
   2.8000000e+02   0.0000000e+00   6.1398874e-04
   2.8100000e+02   1.0000000e+00   6.0789515e-04
   2.8200000e+02   0.0000000e+00   6.0186204e-04
   2.8300000e+02   1.0000000e+00   5.9588880e-04
   2.8400000e+02   0.0000000e+00   5.8997484e-04
   2.8500000e+02   0.0000000e+00   5.8411958e-04
   2.8600000e+02   0.0000000e+00   5.7832242e-04
   2.8700000e+02   0.0000000e+00   5.7258280e-04
   2.8800000e+02   0.0000000e+00   5.6690015e-04
   2.8900000e+02   1.0000000e+00   5.6127389e-04
   2.9000000e+02   0.0000000e+00   5.5570348e-04
   2.9100000e+02   0.0000000e+00   5.5018834e-04
   2.9200000e+02   0.0000000e+00   5.4472794e-04
   2.9300000e+02   0.0000000e+00   5.3932174e-04
   2.9400000e+02   0.0000000e+00   5.3396918e-04
   2.9500000e+02   0.0000000e+00   5.2866975e-04
   2.9600000e+02   1.0000000e+00   5.2342292e-04
   2.9700000e+02   0.0000000e+00   5.1822816e-04
   2.9800000e+02   0.0000000e+00   5.1308495e-04
   2.9900000e+02   0.0000000e+00   5.0799279e-04
   3.0000000e+02   0.0000000e+00   5.0295116e-04
   3.0100000e+02   0.0000000e+00   4.9795957e-04
   3.0200000e+02   0.0000000e+00   4.9301753e-04
   3.0300000e+02   1.0000000e+00   4.8812452e-04
   3.0400000e+02   2.0000000e+00   4.8328008e-04
   3.0500000e+02   1.0000000e+00   4.7848372e-04
   3.0600000e+02   0.0000000e+00   4.7373496e-04
   3.0700000e+02   0.0000000e+00   4.6903334e-04
   3.0800000e+02   0.0000000e+00   4.6437837e-04
   3.0900000e+02   0.0000000e+00   4.5976960e-04
   3.1000000e+02   0.0000000e+00   4.5520657e-04
   3.1100000e+02   1.0000000e+00   4.5068883e-04
   3.1200000e+02   0.0000000e+00   4.4621592e-04
   3.1300000e+02   0.0000000e+00   4.4178741e-04
   3.1400000e+02   1.0000000e+00   4.3740284e-04
   3.1500000e+02   0.0000000e+00   4.3306180e-04
   3.1600000e+02   0.0000000e+00   4.2876383e-04
   3.1700000e+02   0.0000000e+00   4.2450852e-04
   3.1800000e+02   0.0000000e+00   4.2029545e-04
   3.1900000e+02   0.0000000e+00   4.1612418e-04
   3.2000000e+02   0.0000000e+00   4.1199432e-04
   3.2100000e+02   0.0000000e+00   4.0790544e-04
   3.2200000e+02   0.0000000e+00   4.0385714e-04
   3.2300000e+02   0.0000000e+00   3.9984902e-04
   3.2400000e+02   0.0000000e+00   3.9588068e-04
   3.2500000e+02   0.0000000e+00   3.9195172e-04
   3.2600000e+02   0.0000000e+00   3.8806176e-04
   3.2700000e+02   0.0000000e+00   3.8421040e-04
   3.2800000e+02   0.0000000e+00   3.8039727e-04
   3.2900000e+02   0.0000000e+00   3.7662198e-04
   3.3000000e+02   0.0000000e+00   3.7288416e-04
   3.3100000e+02   0.0000000e+00   3.6918343e-04
   3.3200000e+02   0.0000000e+00   3.6551943e-04
   3.3300000e+02   0.0000000e+00   3.6189180e-04
   3.3400000e+02   0.0000000e+00   3.5830017e-04
   3.3500000e+02   0.0000000e+00   3.5474418e-04
   3.3600000e+02   0.0000000e+00   3.5122349e-04
   3.3700000e+02   1.0000000e+00   3.4773774e-04
   3.3800000e+02   0.0000000e+00   3.4428658e-04
   3.3900000e+02   0.0000000e+00   3.4086967e-04
   3.4000000e+02   0.0000000e+00   3.3748668e-04
   3.4100000e+02   1.0000000e+00   3.3413726e-04
   3.4200000e+02   0.0000000e+00   3.3082108e-04
   3.4300000e+02   0.0000000e+00   3.2753781e-04
   3.4400000e+02   0.0000000e+00   3.2428713e-04
   3.4500000e+02   0.0000000e+00   3.2106871e-04
   3.4600000e+02   0.0000000e+00   3.1788223e-04
   3.4700000e+02   1.0000000e+00   3.1472738e-04
   3.4800000e+02   0.0000000e+00   3.1160384e-04
   3.4900000e+02   0.0000000e+00   3.0851129e-04
   3.5000000e+02   0.0000000e+00   3.0544944e-04
   3.5100000e+02   0.0000000e+00   3.0241798e-04
   3.5200000e+02   0.0000000e+00   2.9941660e-04
   3.5300000e+02   0.0000000e+00   2.9644501e-04
   3.5400000e+02   0.0000000e+00   2.9350292e-04
   3.5500000e+02   0.0000000e+00   2.9059002e-04
   3.5600000e+02   0.0000000e+00   2.8770603e-04
   3.5700000e+02   0.0000000e+00   2.8485066e-04
   3.5800000e+02   0.0000000e+00   2.8202363e-04
   3.5900000e+02   0.0000000e+00   2.7922466e-04
   3.6000000e+02   1.0000000e+00   2.7645347e-04
   3.6100000e+02   0.0000000e+00   2.7370978e-04
   3.6200000e+02   0.0000000e+00   2.7099332e-04
   3.6300000e+02   0.0000000e+00   2.6830382e-04
   3.6400000e+02   0.0000000e+00   2.6564101e-04
   3.6500000e+02   0.0000000e+00   2.6300463e-04
   3.6600000e+02   0.0000000e+00   2.6039441e-04
   3.6700000e+02   1.0000000e+00   2.5781010e-04
   3.6800000e+02   0.0000000e+00   2.5525144e-04
   3.6900000e+02   0.0000000e+00   2.5271817e-04
   3.7000000e+02   1.0000000e+00   2.5021005e-04
   3.7100000e+02   0.0000000e+00   2.4772681e-04
   3.7200000e+02   0.0000000e+00   2.4526822e-04
   3.7300000e+02   0.0000000e+00   2.4283404e-04
   3.7400000e+02   0.0000000e+00   2.4042401e-04
   3.7500000e+02   0.0000000e+00   2.3803789e-04
   3.7600000e+02   0.0000000e+00   2.3567546e-04
   3.7700000e+02   0.0000000e+00   2.3333648e-04
   3.7800000e+02   0.0000000e+00   2.3102071e-04
   3.7900000e+02   0.0000000e+00   2.2872792e-04
   3.8000000e+02   0.0000000e+00   2.2645789e-04
   3.8100000e+02   0.0000000e+00   2.2421038e-04
   3.8200000e+02   0.0000000e+00   2.2198519e-04
   3.8300000e+02   0.0000000e+00   2.1978207e-04
   3.8400000e+02   0.0000000e+00   2.1760082e-04
   3.8500000e+02   0.0000000e+00   2.1544122e-04
   3.8600000e+02   0.0000000e+00   2.1330305e-04
   3.8700000e+02   0.0000000e+00   2.1118611e-04
   3.8800000e+02   0.0000000e+00   2.0909017e-04
   3.8900000e+02   0.0000000e+00   2.0701503e-04
   3.9000000e+02   0.0000000e+00   2.0496049e-04
   3.9100000e+02   0.0000000e+00   2.0292634e-04
   3.9200000e+02   0.0000000e+00   2.0091238e-04
   3.9300000e+02   0.0000000e+00   1.9891840e-04
   3.9400000e+02   0.0000000e+00   1.9694422e-04
   3.9500000e+02   0.0000000e+00   1.9498963e-04
   3.9600000e+02   0.0000000e+00   1.9305443e-04
   3.9700000e+02   0.0000000e+00   1.9113844e-04
   3.9800000e+02   0.0000000e+00   1.8924147e-04
   3.9900000e+02   0.0000000e+00   1.8736333e-04
   4.0000000e+02   0.0000000e+00   1.8550382e-04
   4.0100000e+02   0.0000000e+00   1.8366277e-04
   4.0200000e+02   0.0000000e+00   1.8183999e-04
   4.0300000e+02   0.0000000e+00   1.8003530e-04
   4.0400000e+02   1.0000000e+00   1.7824852e-04
   4.0500000e+02   0.0000000e+00   1.7647948e-04
   4.0600000e+02   0.0000000e+00   1.7472799e-04
   4.0700000e+02   1.0000000e+00   1.7299389e-04
   4.0800000e+02   0.0000000e+00   1.7127699e-04
   4.0900000e+02   0.0000000e+00   1.6957713e-04
   4.1000000e+02   0.0000000e+00   1.6789415e-04
   4.1100000e+02   0.0000000e+00   1.6622787e-04
   4.1200000e+02   0.0000000e+00   1.6457812e-04
   4.1300000e+02   0.0000000e+00   1.6294475e-04
   4.1400000e+02   1.0000000e+00   1.6132759e-04
   4.1500000e+02   0.0000000e+00   1.5972648e-04
   4.1600000e+02   0.0000000e+00   1.5814126e-04
   4.1700000e+02   0.0000000e+00   1.5657177e-04
   4.1800000e+02   0.0000000e+00   1.5501786e-04
   4.1900000e+02   0.0000000e+00   1.5347937e-04
   4.2000000e+02   0.0000000e+00   1.5195615e-04
   4.2100000e+02   0.0000000e+00   1.5044804e-04
   4.2200000e+02   0.0000000e+00   1.4895490e-04
   4.2300000e+02   0.0000000e+00   1.4747659e-04
   4.2400000e+02   0.0000000e+00   1.4601294e-04
   4.2500000e+02   0.0000000e+00   1.4456382e-04
   4.2600000e+02   0.0000000e+00   1.4312908e-04
   4.2700000e+02   0.0000000e+00   1.4170858e-04
   4.2800000e+02   0.0000000e+00   1.4030218e-04
   4.2900000e+02   1.0000000e+00   1.3890974e-04
   4.3000000e+02   0.0000000e+00   1.3753112e-04
   4.3100000e+02   0.0000000e+00   1.3616618e-04
   4.3200000e+02   0.0000000e+00   1.3481478e-04
   4.3300000e+02   0.0000000e+00   1.3347680e-04
   4.3400000e+02   0.0000000e+00   1.3215210e-04
   4.3500000e+02   0.0000000e+00   1.3084054e-04
   4.3600000e+02   0.0000000e+00   1.2954200e-04
   4.3700000e+02   0.0000000e+00   1.2825635e-04
   4.3800000e+02   0.0000000e+00   1.2698345e-04
   4.3900000e+02   0.0000000e+00   1.2572319e-04
   4.4000000e+02   0.0000000e+00   1.2447544e-04
   4.4100000e+02   0.0000000e+00   1.2324007e-04
   4.4200000e+02   0.0000000e+00   1.2201696e-04
   4.4300000e+02   0.0000000e+00   1.2080600e-04
   4.4400000e+02   0.0000000e+00   1.1960704e-04
   4.4500000e+02   0.0000000e+00   1.1841999e-04
   4.4600000e+02   0.0000000e+00   1.1724472e-04
   4.4700000e+02   0.0000000e+00   1.1608111e-04
   4.4800000e+02   0.0000000e+00   1.1492906e-04
   4.4900000e+02   0.0000000e+00   1.1378843e-04
   4.5000000e+02   0.0000000e+00   1.1265913e-04
   4.5100000e+02   0.0000000e+00   1.1154103e-04
   4.5200000e+02   1.0000000e+00   1.1043403e-04
   4.5300000e+02   0.0000000e+00   1.0933802e-04
   4.5400000e+02   0.0000000e+00   1.0825288e-04
   4.5500000e+02   0.0000000e+00   1.0717851e-04
   4.5600000e+02   0.0000000e+00   1.0611481e-04
   4.5700000e+02   0.0000000e+00   1.0506166e-04
   4.5800000e+02   0.0000000e+00   1.0401897e-04
   4.5900000e+02   0.0000000e+00   1.0298662e-04
   4.6000000e+02   0.0000000e+00   1.0196452e-04
   4.6100000e+02   0.0000000e+00   1.0095256e-04
   4.6200000e+02   0.0000000e+00   9.9950651e-05
   4.6300000e+02   0.0000000e+00   9.8958680e-05
   4.6400000e+02   0.0000000e+00   9.7976555e-05
   4.6500000e+02   0.0000000e+00   9.7004177e-05
   4.6600000e+02   0.0000000e+00   9.6041450e-05
   4.6700000e+02   0.0000000e+00   9.5088277e-05
   4.6800000e+02   0.0000000e+00   9.4144564e-05
   4.6900000e+02   0.0000000e+00   9.3210217e-05
   4.7000000e+02   0.0000000e+00   9.2285143e-05
   4.7100000e+02   0.0000000e+00   9.1369250e-05
   4.7200000e+02   0.0000000e+00   9.0462447e-05
   4.7300000e+02   0.0000000e+00   8.9564643e-05
   4.7400000e+02   0.0000000e+00   8.8675750e-05
   4.7500000e+02   0.0000000e+00   8.7795679e-05
   4.7600000e+02   0.0000000e+00   8.6924342e-05
   4.7700000e+02   0.0000000e+00   8.6061653e-05
   4.7800000e+02   0.0000000e+00   8.5207525e-05
   4.7900000e+02   0.0000000e+00   8.4361875e-05
   4.8000000e+02   0.0000000e+00   8.3524617e-05
   4.8100000e+02   0.0000000e+00   8.2695669e-05
   4.8200000e+02   0.0000000e+00   8.1874947e-05
   4.8300000e+02   0.0000000e+00   8.1062371e-05
   4.8400000e+02   0.0000000e+00   8.0257860e-05
   4.8500000e+02   0.0000000e+00   7.9461333e-05
   4.8600000e+02   0.0000000e+00   7.8672711e-05
   4.8700000e+02   0.0000000e+00   7.7891916e-05
   4.8800000e+02   0.0000000e+00   7.7118870e-05
   4.8900000e+02   0.0000000e+00   7.6353496e-05
   4.9000000e+02   0.0000000e+00   7.5595718e-05
   4.9100000e+02   0.0000000e+00   7.4845461e-05
   4.9200000e+02   0.0000000e+00   7.4102650e-05
   4.9300000e+02   0.0000000e+00   7.3367211e-05
   4.9400000e+02   0.0000000e+00   7.2639071e-05
   4.9500000e+02   0.0000000e+00   7.1918157e-05
   4.9600000e+02   0.0000000e+00   7.1204398e-05
   4.9700000e+02   0.0000000e+00   7.0497723e-05
   4.9800000e+02   0.0000000e+00   6.9798061e-05
   4.9900000e+02   0.0000000e+00   6.9105344e-05
   5.0000000e+02   0.0000000e+00   6.8419501e-05
   5.0100000e+02   0.0000000e+00   6.7740465e-05
   5.0200000e+02   0.0000000e+00   6.7068168e-05
   5.0300000e+02   0.0000000e+00   6.6402543e-05
   5.0400000e+02   0.0000000e+00   6.5743525e-05
   5.0500000e+02   0.0000000e+00   6.5091046e-05
   5.0600000e+02   0.0000000e+00   6.4445044e-05
   5.0700000e+02   0.0000000e+00   6.3805453e-05
   5.0800000e+02   0.0000000e+00   6.3172209e-05
   5.0900000e+02   0.0000000e+00   6.2545250e-05
   5.1000000e+02   0.0000000e+00   6.1924514e-05
   5.1100000e+02   0.0000000e+00   6.1309938e-05
   5.1200000e+02   0.0000000e+00   6.0701461e-05
   5.1300000e+02   1.0000000e+00   6.0099024e-05
   5.1400000e+02   0.0000000e+00   5.9502565e-05
   5.1500000e+02   0.0000000e+00   5.8912026e-05
   5.1600000e+02   0.0000000e+00   5.8327348e-05
   5.1700000e+02   0.0000000e+00   5.7748472e-05
   5.1800000e+02   0.0000000e+00   5.7175342e-05
   5.1900000e+02   0.0000000e+00   5.6607899e-05
   5.2000000e+02   0.0000000e+00   5.6046089e-05
   5.2100000e+02   0.0000000e+00   5.5489854e-05
   5.2200000e+02   0.0000000e+00   5.4939139e-05
   5.2300000e+02   0.0000000e+00   5.4393890e-05
   5.2400000e+02   0.0000000e+00   5.3854053e-05
   5.2500000e+02   0.0000000e+00   5.3319573e-05
   5.2600000e+02   1.0000000e+00   5.2790398e-05
   5.2700000e+02   0.0000000e+00   5.2266474e-05
   5.2800000e+02   0.0000000e+00   5.1747750e-05
   5.2900000e+02   0.0000000e+00   5.1234175e-05
   5.3000000e+02   0.0000000e+00   5.0725696e-05
   5.3100000e+02   0.0000000e+00   5.0222264e-05
   5.3200000e+02   0.0000000e+00   4.9723828e-05
   5.3300000e+02   0.0000000e+00   4.9230339e-05
   5.3400000e+02   0.0000000e+00   4.8741748e-05
   5.3500000e+02   0.0000000e+00   4.8258005e-05
   5.3600000e+02   0.0000000e+00   4.7779064e-05
   5.3700000e+02   0.0000000e+00   4.7304876e-05
   5.3800000e+02   0.0000000e+00   4.6835394e-05
   5.3900000e+02   0.0000000e+00   4.6370571e-05
   5.4000000e+02   0.0000000e+00   4.5910362e-05
   5.4100000e+02   1.0000000e+00   4.5454720e-05
   5.4200000e+02   0.0000000e+00   4.5003600e-05
   5.4300000e+02   0.0000000e+00   4.4556958e-05
   5.4400000e+02   0.0000000e+00   4.4114748e-05
   5.4500000e+02   0.0000000e+00   4.3676927e-05
   5.4600000e+02   0.0000000e+00   4.3243451e-05
   5.4700000e+02   0.0000000e+00   4.2814277e-05
   5.4800000e+02   0.0000000e+00   4.2389362e-05
   5.4900000e+02   0.0000000e+00   4.1968665e-05
   5.5000000e+02   0.0000000e+00   4.1552143e-05
   5.5100000e+02   0.0000000e+00   4.1139754e-05
   5.5200000e+02   0.0000000e+00   4.0731459e-05
   5.5300000e+02   0.0000000e+00   4.0327215e-05
   5.5400000e+02   0.0000000e+00   3.9926984e-05
   5.5500000e+02   0.0000000e+00   3.9530725e-05
   5.5600000e+02   0.0000000e+00   3.9138398e-05
   5.5700000e+02   0.0000000e+00   3.8749965e-05
   5.5800000e+02   0.0000000e+00   3.8365387e-05
   5.5900000e+02   0.0000000e+00   3.7984626e-05
   5.6000000e+02   0.0000000e+00   3.7607644e-05
   5.6100000e+02   0.0000000e+00   3.7234403e-05
   5.6200000e+02   0.0000000e+00   3.6864867e-05
   5.6300000e+02   0.0000000e+00   3.6498998e-05
   5.6400000e+02   0.0000000e+00   3.6136760e-05
   5.6500000e+02   0.0000000e+00   3.5778117e-05
   5.6600000e+02   0.0000000e+00   3.5423033e-05
   5.6700000e+02   0.0000000e+00   3.5071474e-05
   5.6800000e+02   0.0000000e+00   3.4723404e-05
   5.6900000e+02   0.0000000e+00   3.4378788e-05
   5.7000000e+02   0.0000000e+00   3.4037592e-05
   5.7100000e+02   0.0000000e+00   3.3699783e-05
   5.7200000e+02   0.0000000e+00   3.3365326e-05
   5.7300000e+02   0.0000000e+00   3.3034188e-05
   5.7400000e+02   0.0000000e+00   3.2706337e-05
   5.7500000e+02   0.0000000e+00   3.2381740e-05
   5.7600000e+02   0.0000000e+00   3.2060364e-05
   5.7700000e+02   0.0000000e+00   3.1742178e-05
   5.7800000e+02   0.0000000e+00   3.1427150e-05
   5.7900000e+02   0.0000000e+00   3.1115248e-05
   5.8000000e+02   0.0000000e+00   3.0806441e-05
   5.8100000e+02   0.0000000e+00   3.0500700e-05
   5.8200000e+02   0.0000000e+00   3.0197993e-05
   5.8300000e+02   0.0000000e+00   2.9898290e-05
   5.8400000e+02   0.0000000e+00   2.9601561e-05
   5.8500000e+02   0.0000000e+00   2.9307778e-05
   5.8600000e+02   0.0000000e+00   2.9016910e-05
   5.8700000e+02   0.0000000e+00   2.8728928e-05
   5.8800000e+02   0.0000000e+00   2.8443805e-05
   5.8900000e+02   0.0000000e+00   2.8161512e-05
   5.9000000e+02   0.0000000e+00   2.7882020e-05
   5.9100000e+02   0.0000000e+00   2.7605302e-05
   5.9200000e+02   0.0000000e+00   2.7331331e-05
   5.9300000e+02   0.0000000e+00   2.7060078e-05
   5.9400000e+02   0.0000000e+00   2.6791518e-05
   5.9500000e+02   0.0000000e+00   2.6525623e-05
   5.9600000e+02   0.0000000e+00   2.6262367e-05
   5.9700000e+02   0.0000000e+00   2.6001723e-05
   5.9800000e+02   0.0000000e+00   2.5743667e-05
   5.9900000e+02   1.0000000e+00   2.5488171e-05
   6.0000000e+02   0.0000000e+00   2.5235211e-05
   6.0100000e+02   0.0000000e+00   2.4984762e-05
   6.0200000e+02   0.0000000e+00   2.4736798e-05
   6.0300000e+02   0.0000000e+00   2.4491295e-05
   6.0400000e+02   0.0000000e+00   2.4248229e-05
   6.0500000e+02   0.0000000e+00   2.4007575e-05
   6.0600000e+02   0.0000000e+00   2.3769310e-05
   6.0700000e+02   0.0000000e+00   2.3533409e-05
   6.0800000e+02   0.0000000e+00   2.3299849e-05
   6.0900000e+02   0.0000000e+00   2.3068607e-05
   6.1000000e+02   0.0000000e+00   2.2839661e-05
   6.1100000e+02   0.0000000e+00   2.2612986e-05
   6.1200000e+02   0.0000000e+00   2.2388561e-05
   6.1300000e+02   0.0000000e+00   2.2166364e-05
   6.1400000e+02   0.0000000e+00   2.1946372e-05
   6.1500000e+02   0.0000000e+00   2.1728563e-05
   6.1600000e+02   0.0000000e+00   2.1512915e-05
   6.1700000e+02   0.0000000e+00   2.1299408e-05
   6.1800000e+02   0.0000000e+00   2.1088020e-05
   6.1900000e+02   0.0000000e+00   2.0878730e-05
   6.2000000e+02   0.0000000e+00   2.0671517e-05
   6.2100000e+02   0.0000000e+00   2.0466361e-05
   6.2200000e+02   0.0000000e+00   2.0263240e-05
   6.2300000e+02   0.0000000e+00   2.0062136e-05
   6.2400000e+02   0.0000000e+00   1.9863027e-05
   6.2500000e+02   0.0000000e+00   1.9665894e-05
   6.2600000e+02   0.0000000e+00   1.9470718e-05
   6.2700000e+02   0.0000000e+00   1.9277479e-05
   6.2800000e+02   0.0000000e+00   1.9086158e-05
   6.2900000e+02   0.0000000e+00   1.8896736e-05
   6.3000000e+02   0.0000000e+00   1.8709193e-05
   6.3100000e+02   0.0000000e+00   1.8523512e-05
   6.3200000e+02   0.0000000e+00   1.8339673e-05
   6.3300000e+02   0.0000000e+00   1.8157659e-05
   6.3400000e+02   0.0000000e+00   1.7977452e-05
   6.3500000e+02   0.0000000e+00   1.7799033e-05
   6.3600000e+02   0.0000000e+00   1.7622385e-05
   6.3700000e+02   0.0000000e+00   1.7447490e-05
   6.3800000e+02   0.0000000e+00   1.7274330e-05
   6.3900000e+02   0.0000000e+00   1.7102890e-05
   6.4000000e+02   0.0000000e+00   1.6933150e-05
   6.4100000e+02   1.0000000e+00   1.6765095e-05
   6.4200000e+02   0.0000000e+00   1.6598709e-05
   6.4300000e+02   0.0000000e+00   1.6433973e-05
   6.4400000e+02   0.0000000e+00   1.6270873e-05
   6.4500000e+02   0.0000000e+00   1.6109391e-05
   6.4600000e+02   0.0000000e+00   1.5949511e-05
   6.4700000e+02   0.0000000e+00   1.5791219e-05
   6.4800000e+02   0.0000000e+00   1.5634497e-05
   6.4900000e+02   0.0000000e+00   1.5479331e-05
   6.5000000e+02   0.0000000e+00   1.5325705e-05
   6.5100000e+02   0.0000000e+00   1.5173604e-05
   6.5200000e+02   0.0000000e+00   1.5023012e-05
   6.5300000e+02   0.0000000e+00   1.4873914e-05
   6.5400000e+02   0.0000000e+00   1.4726297e-05
   6.5500000e+02   0.0000000e+00   1.4580144e-05
   6.5600000e+02   0.0000000e+00   1.4435442e-05
   6.5700000e+02   0.0000000e+00   1.4292176e-05
   6.5800000e+02   0.0000000e+00   1.4150332e-05
   6.5900000e+02   0.0000000e+00   1.4009896e-05
   6.6000000e+02   0.0000000e+00   1.3870853e-05
   6.6100000e+02   0.0000000e+00   1.3733190e-05
   6.6200000e+02   0.0000000e+00   1.3596894e-05
   6.6300000e+02   0.0000000e+00   1.3461950e-05
   6.6400000e+02   0.0000000e+00   1.3328346e-05
   6.6500000e+02   0.0000000e+00   1.3196067e-05
   6.6600000e+02   0.0000000e+00   1.3065102e-05
   6.6700000e+02   0.0000000e+00   1.2935436e-05
   6.6800000e+02   0.0000000e+00   1.2807057e-05
   6.6900000e+02   0.0000000e+00   1.2679952e-05
   6.7000000e+02   0.0000000e+00   1.2554108e-05
   6.7100000e+02   0.0000000e+00   1.2429514e-05
   6.7200000e+02   0.0000000e+00   1.2306156e-05
   6.7300000e+02   0.0000000e+00   1.2184022e-05
   6.7400000e+02   0.0000000e+00   1.2063101e-05
   6.7500000e+02   0.0000000e+00   1.1943379e-05
   6.7600000e+02   0.0000000e+00   1.1824846e-05
   6.7700000e+02   0.0000000e+00   1.1707489e-05
   6.7800000e+02   1.0000000e+00   1.1591297e-05
