   1.0000000e+00   1.5000000e+01   3.8864397e-02
   2.0000000e+00   1.9000000e+01   3.4828937e-02
   3.0000000e+00   1.3000000e+01   3.1264727e-02
   4.0000000e+00   1.2000000e+01   2.8116331e-02
   5.0000000e+00   9.0000000e+00   2.5334837e-02
   6.0000000e+00   1.0000000e+01   2.2877091e-02
   7.0000000e+00   2.0000000e+01   2.0705015e-02
   8.0000000e+00   5.0000000e+00   1.8785014e-02
   9.0000000e+00   1.3000000e+01   1.7087445e-02
   1.0000000e+01   9.0000000e+00   1.5586155e-02
   1.1000000e+01   1.0000000e+01   1.4258068e-02
   1.2000000e+01   1.0000000e+01   1.3082824e-02
   1.3000000e+01   5.0000000e+00   1.2042458e-02
   1.4000000e+01   6.0000000e+00   1.1121121e-02
   1.5000000e+01   7.0000000e+00   1.0304827e-02
   1.6000000e+01   3.0000000e+00   9.5812373e-03
   1.7000000e+01   3.0000000e+00   8.9394643e-03
   1.8000000e+01   0.0000000e+00   8.3699021e-03
   1.9000000e+01   2.0000000e+00   7.8640749e-03
   2.0000000e+01   4.0000000e+00   7.4145044e-03
   2.1000000e+01   1.0000000e+00   7.0145921e-03
   2.2000000e+01   1.0000000e+00   6.6585161e-03
   2.3000000e+01   2.0000000e+00   6.3411393e-03
   2.4000000e+01   2.0000000e+00   6.0579293e-03
   2.5000000e+01   1.0000000e+00   5.8048867e-03
   2.6000000e+01   4.0000000e+00   5.5784828e-03
   2.7000000e+01   3.0000000e+00   5.3756039e-03
   2.8000000e+01   2.0000000e+00   5.1935028e-03
   2.9000000e+01   4.0000000e+00   5.0297553e-03
   3.0000000e+01   3.0000000e+00   4.8822224e-03
   3.1000000e+01   5.0000000e+00   4.7490167e-03
   3.2000000e+01   1.0000000e+00   4.6284729e-03
   3.3000000e+01   4.0000000e+00   4.5191213e-03
   3.4000000e+01   1.0000000e+00   4.4196652e-03
   3.5000000e+01   3.0000000e+00   4.3289603e-03
   3.6000000e+01   2.0000000e+00   4.2459970e-03
   3.7000000e+01   2.0000000e+00   4.1698840e-03
   3.8000000e+01   1.0000000e+00   4.0998352e-03
   3.9000000e+01   2.0000000e+00   4.0351566e-03
   4.0000000e+01   0.0000000e+00   3.9752358e-03
   4.1000000e+01   2.0000000e+00   3.9195324e-03
   4.2000000e+01   4.0000000e+00   3.8675694e-03
   4.3000000e+01   4.0000000e+00   3.8189258e-03
   4.4000000e+01   1.0000000e+00   3.7732301e-03
   4.5000000e+01   1.0000000e+00   3.7301543e-03
   4.6000000e+01   1.0000000e+00   3.6894090e-03
   4.7000000e+01   0.0000000e+00   3.6507385e-03
   4.8000000e+01   2.0000000e+00   3.6139172e-03
   4.9000000e+01   1.0000000e+00   3.5787460e-03
   5.0000000e+01   3.0000000e+00   3.5450491e-03
   5.1000000e+01   3.0000000e+00   3.5126710e-03
   5.2000000e+01   3.0000000e+00   3.4814748e-03
   5.3000000e+01   2.0000000e+00   3.4513391e-03
   5.4000000e+01   2.0000000e+00   3.4221572e-03
   5.5000000e+01   2.0000000e+00   3.3938344e-03
   5.6000000e+01   2.0000000e+00   3.3662871e-03
   5.7000000e+01   2.0000000e+00   3.3394417e-03
   5.8000000e+01   2.0000000e+00   3.3132329e-03
   5.9000000e+01   2.0000000e+00   3.2876030e-03
   6.0000000e+01   0.0000000e+00   3.2625009e-03
   6.1000000e+01   1.0000000e+00   3.2378815e-03
   6.2000000e+01   3.0000000e+00   3.2137050e-03
   6.3000000e+01   1.0000000e+00   3.1899359e-03
   6.4000000e+01   1.0000000e+00   3.1665430e-03
   6.5000000e+01   1.0000000e+00   3.1434985e-03
   6.6000000e+01   3.0000000e+00   3.1207779e-03
   6.7000000e+01   2.0000000e+00   3.0983593e-03
   6.8000000e+01   1.0000000e+00   3.0762235e-03
   6.9000000e+01   0.0000000e+00   3.0543531e-03
   7.0000000e+01   1.0000000e+00   3.0327331e-03
   7.1000000e+01   2.0000000e+00   3.0113497e-03
   7.2000000e+01   2.0000000e+00   2.9901908e-03
   7.3000000e+01   2.0000000e+00   2.9692458e-03
   7.4000000e+01   1.0000000e+00   2.9485050e-03
   7.5000000e+01   1.0000000e+00   2.9279598e-03
   7.6000000e+01   2.0000000e+00   2.9076026e-03
   7.7000000e+01   0.0000000e+00   2.8874263e-03
   7.8000000e+01   1.0000000e+00   2.8674250e-03
   7.9000000e+01   1.0000000e+00   2.8475929e-03
   8.0000000e+01   2.0000000e+00   2.8279252e-03
   8.1000000e+01   1.0000000e+00   2.8084172e-03
   8.2000000e+01   2.0000000e+00   2.7890650e-03
   8.3000000e+01   2.0000000e+00   2.7698648e-03
   8.4000000e+01   0.0000000e+00   2.7508131e-03
   8.5000000e+01   2.0000000e+00   2.7319071e-03
   8.6000000e+01   2.0000000e+00   2.7131438e-03
   8.7000000e+01   1.0000000e+00   2.6945207e-03
   8.8000000e+01   0.0000000e+00   2.6760353e-03
   8.9000000e+01   0.0000000e+00   2.6576856e-03
   9.0000000e+01   1.0000000e+00   2.6394695e-03
   9.1000000e+01   0.0000000e+00   2.6213851e-03
   9.2000000e+01   3.0000000e+00   2.6034306e-03
   9.3000000e+01   1.0000000e+00   2.5856044e-03
   9.4000000e+01   1.0000000e+00   2.5679050e-03
   9.5000000e+01   2.0000000e+00   2.5503310e-03
   9.6000000e+01   3.0000000e+00   2.5328808e-03
   9.7000000e+01   1.0000000e+00   2.5155533e-03
   9.8000000e+01   1.0000000e+00   2.4983472e-03
   9.9000000e+01   0.0000000e+00   2.4812612e-03
   1.0000000e+02   1.0000000e+00   2.4642944e-03
   1.0100000e+02   1.0000000e+00   2.4474455e-03
   1.0200000e+02   1.0000000e+00   2.4307136e-03
   1.0300000e+02   0.0000000e+00   2.4140975e-03
   1.0400000e+02   1.0000000e+00   2.3975964e-03
   1.0500000e+02   3.0000000e+00   2.3812093e-03
   1.0600000e+02   1.0000000e+00   2.3649352e-03
   1.0700000e+02   1.0000000e+00   2.3487733e-03
   1.0800000e+02   1.0000000e+00   2.3327226e-03
   1.0900000e+02   1.0000000e+00   2.3167824e-03
   1.1000000e+02   0.0000000e+00   2.3009517e-03
   1.1100000e+02   1.0000000e+00   2.2852297e-03
   1.1200000e+02   0.0000000e+00   2.2696157e-03
   1.1300000e+02   2.0000000e+00   2.2541087e-03
   1.1400000e+02   1.0000000e+00   2.2387081e-03
   1.1500000e+02   0.0000000e+00   2.2234131e-03
   1.1600000e+02   0.0000000e+00   2.2082229e-03
   1.1700000e+02   2.0000000e+00   2.1931367e-03
   1.1800000e+02   3.0000000e+00   2.1781538e-03
   1.1900000e+02   0.0000000e+00   2.1632735e-03
   1.2000000e+02   2.0000000e+00   2.1484950e-03
   1.2100000e+02   0.0000000e+00   2.1338176e-03
   1.2200000e+02   1.0000000e+00   2.1192406e-03
   1.2300000e+02   0.0000000e+00   2.1047634e-03
   1.2400000e+02   1.0000000e+00   2.0903851e-03
   1.2500000e+02   1.0000000e+00   2.0761052e-03
   1.2600000e+02   0.0000000e+00   2.0619229e-03
   1.2700000e+02   0.0000000e+00   2.0478376e-03
   1.2800000e+02   0.0000000e+00   2.0338485e-03
   1.2900000e+02   1.0000000e+00   2.0199551e-03
   1.3000000e+02   0.0000000e+00   2.0061566e-03
   1.3100000e+02   1.0000000e+00   1.9924525e-03
   1.3200000e+02   0.0000000e+00   1.9788419e-03
   1.3300000e+02   0.0000000e+00   1.9653244e-03
   1.3400000e+02   1.0000000e+00   1.9518993e-03
   1.3500000e+02   0.0000000e+00   1.9385659e-03
   1.3600000e+02   1.0000000e+00   1.9253236e-03
   1.3700000e+02   2.0000000e+00   1.9121718e-03
   1.3800000e+02   1.0000000e+00   1.8991098e-03
   1.3900000e+02   1.0000000e+00   1.8861371e-03
   1.4000000e+02   1.0000000e+00   1.8732531e-03
   1.4100000e+02   0.0000000e+00   1.8604570e-03
   1.4200000e+02   1.0000000e+00   1.8477484e-03
   1.4300000e+02   1.0000000e+00   1.8351265e-03
   1.4400000e+02   0.0000000e+00   1.8225910e-03
   1.4500000e+02   2.0000000e+00   1.8101410e-03
   1.4600000e+02   0.0000000e+00   1.7977761e-03
   1.4700000e+02   0.0000000e+00   1.7854957e-03
   1.4800000e+02   0.0000000e+00   1.7732991e-03
   1.4900000e+02   0.0000000e+00   1.7611859e-03
   1.5000000e+02   3.0000000e+00   1.7491554e-03
   1.5100000e+02   0.0000000e+00   1.7372072e-03
   1.5200000e+02   5.0000000e+00   1.7253405e-03
   1.5300000e+02   0.0000000e+00   1.7135549e-03
   1.5400000e+02   1.0000000e+00   1.7018498e-03
   1.5500000e+02   0.0000000e+00   1.6902246e-03
   1.5600000e+02   1.0000000e+00   1.6786789e-03
   1.5700000e+02   1.0000000e+00   1.6672121e-03
   1.5800000e+02   1.0000000e+00   1.6558235e-03
   1.5900000e+02   2.0000000e+00   1.6445128e-03
   1.6000000e+02   1.0000000e+00   1.6332793e-03
   1.6100000e+02   0.0000000e+00   1.6221226e-03
   1.6200000e+02   2.0000000e+00   1.6110421e-03
   1.6300000e+02   3.0000000e+00   1.6000372e-03
   1.6400000e+02   2.0000000e+00   1.5891076e-03
   1.6500000e+02   0.0000000e+00   1.5782526e-03
   1.6600000e+02   4.0000000e+00   1.5674717e-03
   1.6700000e+02   2.0000000e+00   1.5567645e-03
   1.6800000e+02   2.0000000e+00   1.5461305e-03
   1.6900000e+02   1.0000000e+00   1.5355691e-03
   1.7000000e+02   1.0000000e+00   1.5250798e-03
   1.7100000e+02   1.0000000e+00   1.5146621e-03
   1.7200000e+02   1.0000000e+00   1.5043157e-03
   1.7300000e+02   0.0000000e+00   1.4940399e-03
   1.7400000e+02   0.0000000e+00   1.4838343e-03
   1.7500000e+02   0.0000000e+00   1.4736984e-03
   1.7600000e+02   0.0000000e+00   1.4636317e-03
   1.7700000e+02   1.0000000e+00   1.4536339e-03
   1.7800000e+02   1.0000000e+00   1.4437043e-03
   1.7900000e+02   2.0000000e+00   1.4338425e-03
   1.8000000e+02   0.0000000e+00   1.4240481e-03
   1.8100000e+02   3.0000000e+00   1.4143206e-03
   1.8200000e+02   2.0000000e+00   1.4046596e-03
   1.8300000e+02   1.0000000e+00   1.3950645e-03
   1.8400000e+02   2.0000000e+00   1.3855350e-03
   1.8500000e+02   1.0000000e+00   1.3760706e-03
   1.8600000e+02   1.0000000e+00   1.3666708e-03
   1.8700000e+02   0.0000000e+00   1.3573353e-03
   1.8800000e+02   0.0000000e+00   1.3480635e-03
   1.8900000e+02   0.0000000e+00   1.3388550e-03
   1.9000000e+02   0.0000000e+00   1.3297095e-03
   1.9100000e+02   1.0000000e+00   1.3206264e-03
   1.9200000e+02   0.0000000e+00   1.3116054e-03
   1.9300000e+02   0.0000000e+00   1.3026460e-03
   1.9400000e+02   0.0000000e+00   1.2937478e-03
   1.9500000e+02   0.0000000e+00   1.2849103e-03
   1.9600000e+02   0.0000000e+00   1.2761333e-03
   1.9700000e+02   1.0000000e+00   1.2674162e-03
   1.9800000e+02   0.0000000e+00   1.2587586e-03
   1.9900000e+02   2.0000000e+00   1.2501602e-03
   2.0000000e+02   1.0000000e+00   1.2416205e-03
   2.0100000e+02   0.0000000e+00   1.2331392e-03
   2.0200000e+02   0.0000000e+00   1.2247157e-03
   2.0300000e+02   2.0000000e+00   1.2163499e-03
   2.0400000e+02   0.0000000e+00   1.2080411e-03
   2.0500000e+02   0.0000000e+00   1.1997892e-03
   2.0600000e+02   0.0000000e+00   1.1915935e-03
   2.0700000e+02   0.0000000e+00   1.1834539e-03
   2.0800000e+02   3.0000000e+00   1.1753699e-03
   2.0900000e+02   1.0000000e+00   1.1673411e-03
   2.1000000e+02   0.0000000e+00   1.1593671e-03
   2.1100000e+02   0.0000000e+00   1.1514476e-03
   2.1200000e+02   0.0000000e+00   1.1435823e-03
   2.1300000e+02   0.0000000e+00   1.1357706e-03
   2.1400000e+02   0.0000000e+00   1.1280123e-03
   2.1500000e+02   0.0000000e+00   1.1203070e-03
   2.1600000e+02   2.0000000e+00   1.1126543e-03
   2.1700000e+02   1.0000000e+00   1.1050539e-03
   2.1800000e+02   0.0000000e+00   1.0975054e-03
   2.1900000e+02   1.0000000e+00   1.0900085e-03
   2.2000000e+02   0.0000000e+00   1.0825628e-03
   2.2100000e+02   2.0000000e+00   1.0751679e-03
   2.2200000e+02   0.0000000e+00   1.0678236e-03
   2.2300000e+02   3.0000000e+00   1.0605294e-03
   2.2400000e+02   0.0000000e+00   1.0532851e-03
   2.2500000e+02   1.0000000e+00   1.0460902e-03
   2.2600000e+02   0.0000000e+00   1.0389445e-03
   2.2700000e+02   2.0000000e+00   1.0318476e-03
   2.2800000e+02   0.0000000e+00   1.0247992e-03
   2.2900000e+02   1.0000000e+00   1.0177989e-03
   2.3000000e+02   1.0000000e+00   1.0108465e-03
   2.3100000e+02   0.0000000e+00   1.0039415e-03
   2.3200000e+02   1.0000000e+00   9.9708371e-04
   2.3300000e+02   0.0000000e+00   9.9027276e-04
   2.3400000e+02   0.0000000e+00   9.8350833e-04
   2.3500000e+02   0.0000000e+00   9.7679011e-04
   2.3600000e+02   0.0000000e+00   9.7011778e-04
   2.3700000e+02   0.0000000e+00   9.6349103e-04
   2.3800000e+02   0.0000000e+00   9.5690954e-04
   2.3900000e+02   0.0000000e+00   9.5037301e-04
   2.4000000e+02   0.0000000e+00   9.4388114e-04
   2.4100000e+02   0.0000000e+00   9.3743360e-04
   2.4200000e+02   0.0000000e+00   9.3103011e-04
   2.4300000e+02   0.0000000e+00   9.2467037e-04
   2.4400000e+02   0.0000000e+00   9.1835406e-04
   2.4500000e+02   1.0000000e+00   9.1208090e-04
   2.4600000e+02   0.0000000e+00   9.0585059e-04
   2.4700000e+02   1.0000000e+00   8.9966284e-04
   2.4800000e+02   0.0000000e+00   8.9351736e-04
   2.4900000e+02   0.0000000e+00   8.8741385e-04
   2.5000000e+02   2.0000000e+00   8.8135204e-04
   2.5100000e+02   0.0000000e+00   8.7533164e-04
   2.5200000e+02   0.0000000e+00   8.6935236e-04
   2.5300000e+02   0.0000000e+00   8.6341392e-04
   2.5400000e+02   1.0000000e+00   8.5751605e-04
   2.5500000e+02   1.0000000e+00   8.5165847e-04
   2.5600000e+02   2.0000000e+00   8.4584090e-04
   2.5700000e+02   1.0000000e+00   8.4006306e-04
   2.5800000e+02   0.0000000e+00   8.3432470e-04
   2.5900000e+02   0.0000000e+00   8.2862553e-04
   2.6000000e+02   2.0000000e+00   8.2296530e-04
   2.6100000e+02   1.0000000e+00   8.1734373e-04
   2.6200000e+02   1.0000000e+00   8.1176055e-04
   2.6300000e+02   0.0000000e+00   8.0621552e-04
   2.6400000e+02   0.0000000e+00   8.0070836e-04
   2.6500000e+02   1.0000000e+00   7.9523883e-04
   2.6600000e+02   0.0000000e+00   7.8980665e-04
   2.6700000e+02   0.0000000e+00   7.8441158e-04
   2.6800000e+02   0.0000000e+00   7.7905337e-04
   2.6900000e+02   0.0000000e+00   7.7373175e-04
   2.7000000e+02   0.0000000e+00   7.6844649e-04
   2.7100000e+02   0.0000000e+00   7.6319733e-04
   2.7200000e+02   0.0000000e+00   7.5798402e-04
   2.7300000e+02   0.0000000e+00   7.5280633e-04
   2.7400000e+02   0.0000000e+00   7.4766401e-04
   2.7500000e+02   0.0000000e+00   7.4255681e-04
   2.7600000e+02   1.0000000e+00   7.3748450e-04
   2.7700000e+02   0.0000000e+00   7.3244683e-04
   2.7800000e+02   0.0000000e+00   7.2744358e-04
   2.7900000e+02   0.0000000e+00   7.2247451e-04
   2.8000000e+02   0.0000000e+00   7.1753937e-04
   2.8100000e+02   0.0000000e+00   7.1263795e-04
   2.8200000e+02   0.0000000e+00   7.0777001e-04
   2.8300000e+02   0.0000000e+00   7.0293533e-04
   2.8400000e+02   1.0000000e+00   6.9813366e-04
   2.8500000e+02   0.0000000e+00   6.9336480e-04
   2.8600000e+02   0.0000000e+00   6.8862851e-04
   2.8700000e+02   0.0000000e+00   6.8392458e-04
   2.8800000e+02   0.0000000e+00   6.7925278e-04
   2.8900000e+02   0.0000000e+00   6.7461289e-04
   2.9000000e+02   0.0000000e+00   6.7000469e-04
   2.9100000e+02   0.0000000e+00   6.6542798e-04
   2.9200000e+02   1.0000000e+00   6.6088252e-04
   2.9300000e+02   0.0000000e+00   6.5636812e-04
   2.9400000e+02   0.0000000e+00   6.5188455e-04
   2.9500000e+02   0.0000000e+00   6.4743161e-04
   2.9600000e+02   1.0000000e+00   6.4300909e-04
   2.9700000e+02   0.0000000e+00   6.3861677e-04
   2.9800000e+02   1.0000000e+00   6.3425446e-04
   2.9900000e+02   0.0000000e+00   6.2992195e-04
   3.0000000e+02   0.0000000e+00   6.2561903e-04
   3.0100000e+02   1.0000000e+00   6.2134551e-04
   3.0200000e+02   0.0000000e+00   6.1710118e-04
   3.0300000e+02   0.0000000e+00   6.1288584e-04
   3.0400000e+02   0.0000000e+00   6.0869929e-04
   3.0500000e+02   0.0000000e+00   6.0454134e-04
   3.0600000e+02   1.0000000e+00   6.0041180e-04
   3.0700000e+02   0.0000000e+00   5.9631046e-04
   3.0800000e+02   0.0000000e+00   5.9223714e-04
   3.0900000e+02   0.0000000e+00   5.8819164e-04
   3.1000000e+02   0.0000000e+00   5.8417378e-04
   3.1100000e+02   1.0000000e+00   5.8018336e-04
   3.1200000e+02   0.0000000e+00   5.7622020e-04
   3.1300000e+02   0.0000000e+00   5.7228412e-04
   3.1400000e+02   1.0000000e+00   5.6837492e-04
   3.1500000e+02   0.0000000e+00   5.6449242e-04
   3.1600000e+02   0.0000000e+00   5.6063644e-04
   3.1700000e+02   1.0000000e+00   5.5680681e-04
   3.1800000e+02   0.0000000e+00   5.5300333e-04
   3.1900000e+02   0.0000000e+00   5.4922583e-04
   3.2000000e+02   1.0000000e+00   5.4547414e-04
   3.2100000e+02   0.0000000e+00   5.4174808e-04
   3.2200000e+02   0.0000000e+00   5.3804746e-04
   3.2300000e+02   0.0000000e+00   5.3437213e-04
   3.2400000e+02   0.0000000e+00   5.3072190e-04
   3.2500000e+02   0.0000000e+00   5.2709661e-04
   3.2600000e+02   2.0000000e+00   5.2349608e-04
   3.2700000e+02   0.0000000e+00   5.1992014e-04
   3.2800000e+02   0.0000000e+00   5.1636863e-04
   3.2900000e+02   0.0000000e+00   5.1284139e-04
   3.3000000e+02   0.0000000e+00   5.0933823e-04
   3.3100000e+02   0.0000000e+00   5.0585901e-04
   3.3200000e+02   0.0000000e+00   5.0240355e-04
   3.3300000e+02   1.0000000e+00   4.9897169e-04
   3.3400000e+02   1.0000000e+00   4.9556328e-04
   3.3500000e+02   1.0000000e+00   4.9217815e-04
   3.3600000e+02   0.0000000e+00   4.8881614e-04
   3.3700000e+02   1.0000000e+00   4.8547710e-04
   3.3800000e+02   0.0000000e+00   4.8216087e-04
   3.3900000e+02   0.0000000e+00   4.7886729e-04
   3.4000000e+02   1.0000000e+00   4.7559621e-04
   3.4100000e+02   1.0000000e+00   4.7234747e-04
   3.4200000e+02   0.0000000e+00   4.6912092e-04
   3.4300000e+02   1.0000000e+00   4.6591642e-04
   3.4400000e+02   0.0000000e+00   4.6273380e-04
   3.4500000e+02   0.0000000e+00   4.5957293e-04
   3.4600000e+02   0.0000000e+00   4.5643364e-04
   3.4700000e+02   0.0000000e+00   4.5331580e-04
   3.4800000e+02   0.0000000e+00   4.5021926e-04
   3.4900000e+02   0.0000000e+00   4.4714387e-04
   3.5000000e+02   1.0000000e+00   4.4408949e-04
   3.5100000e+02   0.0000000e+00   4.4105597e-04
   3.5200000e+02   2.0000000e+00   4.3804317e-04
   3.5300000e+02   0.0000000e+00   4.3505095e-04
   3.5400000e+02   1.0000000e+00   4.3207917e-04
   3.5500000e+02   0.0000000e+00   4.2912770e-04
   3.5600000e+02   0.0000000e+00   4.2619638e-04
   3.5700000e+02   0.0000000e+00   4.2328508e-04
   3.5800000e+02   0.0000000e+00   4.2039368e-04
   3.5900000e+02   0.0000000e+00   4.1752202e-04
   3.6000000e+02   0.0000000e+00   4.1466998e-04
   3.6100000e+02   0.0000000e+00   4.1183742e-04
   3.6200000e+02   0.0000000e+00   4.0902421e-04
   3.6300000e+02   0.0000000e+00   4.0623022e-04
   3.6400000e+02   0.0000000e+00   4.0345531e-04
   3.6500000e+02   0.0000000e+00   4.0069936e-04
   3.6600000e+02   0.0000000e+00   3.9796224e-04
   3.6700000e+02   0.0000000e+00   3.9524381e-04
   3.6800000e+02   1.0000000e+00   3.9254395e-04
   3.6900000e+02   1.0000000e+00   3.8986253e-04
   3.7000000e+02   0.0000000e+00   3.8719943e-04
   3.7100000e+02   0.0000000e+00   3.8455452e-04
   3.7200000e+02   0.0000000e+00   3.8192767e-04
   3.7300000e+02   1.0000000e+00   3.7931877e-04
   3.7400000e+02   0.0000000e+00   3.7672770e-04
   3.7500000e+02   1.0000000e+00   3.7415432e-04
   3.7600000e+02   0.0000000e+00   3.7159852e-04
   3.7700000e+02   0.0000000e+00   3.6906017e-04
   3.7800000e+02   0.0000000e+00   3.6653917e-04
   3.7900000e+02   0.0000000e+00   3.6403539e-04
   3.8000000e+02   0.0000000e+00   3.6154871e-04
   3.8100000e+02   0.0000000e+00   3.5907901e-04
   3.8200000e+02   0.0000000e+00   3.5662619e-04
   3.8300000e+02   0.0000000e+00   3.5419012e-04
   3.8400000e+02   0.0000000e+00   3.5177069e-04
   3.8500000e+02   0.0000000e+00   3.4936779e-04
   3.8600000e+02   0.0000000e+00   3.4698131e-04
   3.8700000e+02   0.0000000e+00   3.4461112e-04
   3.8800000e+02   0.0000000e+00   3.4225713e-04
   3.8900000e+02   0.0000000e+00   3.3991921e-04
   3.9000000e+02   1.0000000e+00   3.3759727e-04
   3.9100000e+02   0.0000000e+00   3.3529118e-04
   3.9200000e+02   0.0000000e+00   3.3300085e-04
   3.9300000e+02   0.0000000e+00   3.3072616e-04
   3.9400000e+02   0.0000000e+00   3.2846701e-04
   3.9500000e+02   0.0000000e+00   3.2622330e-04
   3.9600000e+02   1.0000000e+00   3.2399491e-04
   3.9700000e+02   0.0000000e+00   3.2178174e-04
   3.9800000e+02   0.0000000e+00   3.1958369e-04
   3.9900000e+02   0.0000000e+00   3.1740065e-04
   4.0000000e+02   1.0000000e+00   3.1523253e-04
   4.0100000e+02   0.0000000e+00   3.1307922e-04
   4.0200000e+02   0.0000000e+00   3.1094061e-04
   4.0300000e+02   0.0000000e+00   3.0881662e-04
   4.0400000e+02   0.0000000e+00   3.0670713e-04
   4.0500000e+02   1.0000000e+00   3.0461205e-04
   4.0600000e+02   0.0000000e+00   3.0253129e-04
   4.0700000e+02   0.0000000e+00   3.0046473e-04
   4.0800000e+02   1.0000000e+00   2.9841230e-04
   4.0900000e+02   0.0000000e+00   2.9637388e-04
   4.1000000e+02   0.0000000e+00   2.9434939e-04
   4.1100000e+02   1.0000000e+00   2.9233872e-04
   4.1200000e+02   0.0000000e+00   2.9034179e-04
   4.1300000e+02   0.0000000e+00   2.8835851e-04
   4.1400000e+02   0.0000000e+00   2.8638877e-04
   4.1500000e+02   0.0000000e+00   2.8443248e-04
   4.1600000e+02   0.0000000e+00   2.8248956e-04
   4.1700000e+02   0.0000000e+00   2.8055991e-04
   4.1800000e+02   0.0000000e+00   2.7864344e-04
   4.1900000e+02   0.0000000e+00   2.7674006e-04
   4.2000000e+02   0.0000000e+00   2.7484968e-04
   4.2100000e+02   0.0000000e+00   2.7297222e-04
   4.2200000e+02   0.0000000e+00   2.7110758e-04
   4.2300000e+02   0.0000000e+00   2.6925568e-04
   4.2400000e+02   0.0000000e+00   2.6741643e-04
   4.2500000e+02   0.0000000e+00   2.6558974e-04
   4.2600000e+02   0.0000000e+00   2.6377553e-04
   4.2700000e+02   1.0000000e+00   2.6197371e-04
   4.2800000e+02   0.0000000e+00   2.6018421e-04
   4.2900000e+02   0.0000000e+00   2.5840692e-04
   4.3000000e+02   0.0000000e+00   2.5664178e-04
   4.3100000e+02   0.0000000e+00   2.5488869e-04
   4.3200000e+02   0.0000000e+00   2.5314758e-04
   4.3300000e+02   0.0000000e+00   2.5141836e-04
   4.3400000e+02   0.0000000e+00   2.4970095e-04
   4.3500000e+02   0.0000000e+00   2.4799527e-04
   4.3600000e+02   0.0000000e+00   2.4630125e-04
   4.3700000e+02   0.0000000e+00   2.4461880e-04
   4.3800000e+02   0.0000000e+00   2.4294784e-04
   4.3900000e+02   0.0000000e+00   2.4128829e-04
   4.4000000e+02   0.0000000e+00   2.3964008e-04
   4.4100000e+02   0.0000000e+00   2.3800313e-04
   4.4200000e+02   0.0000000e+00   2.3637736e-04
   4.4300000e+02   1.0000000e+00   2.3476270e-04
   4.4400000e+02   0.0000000e+00   2.3315906e-04
   4.4500000e+02   0.0000000e+00   2.3156638e-04
   4.4600000e+02   0.0000000e+00   2.2998458e-04
   4.4700000e+02   0.0000000e+00   2.2841359e-04
   4.4800000e+02   0.0000000e+00   2.2685332e-04
   4.4900000e+02   0.0000000e+00   2.2530372e-04
   4.5000000e+02   0.0000000e+00   2.2376470e-04
   4.5100000e+02   0.0000000e+00   2.2223619e-04
   4.5200000e+02   0.0000000e+00   2.2071812e-04
   4.5300000e+02   0.0000000e+00   2.1921042e-04
   4.5400000e+02   0.0000000e+00   2.1771302e-04
   4.5500000e+02   0.0000000e+00   2.1622585e-04
   4.5600000e+02   0.0000000e+00   2.1474884e-04
   4.5700000e+02   0.0000000e+00   2.1328192e-04
   4.5800000e+02   0.0000000e+00   2.1182502e-04
   4.5900000e+02   0.0000000e+00   2.1037807e-04
   4.6000000e+02   0.0000000e+00   2.0894100e-04
   4.6100000e+02   0.0000000e+00   2.0751375e-04
   4.6200000e+02   0.0000000e+00   2.0609625e-04
   4.6300000e+02   0.0000000e+00   2.0468844e-04
   4.6400000e+02   0.0000000e+00   2.0329023e-04
   4.6500000e+02   0.0000000e+00   2.0190158e-04
   4.6600000e+02   1.0000000e+00   2.0052242e-04
   4.6700000e+02   0.0000000e+00   1.9915268e-04
   4.6800000e+02   0.0000000e+00   1.9779229e-04
   4.6900000e+02   0.0000000e+00   1.9644120e-04
   4.7000000e+02   0.0000000e+00   1.9509933e-04
   4.7100000e+02   0.0000000e+00   1.9376663e-04
   4.7200000e+02   0.0000000e+00   1.9244304e-04
   4.7300000e+02   0.0000000e+00   1.9112848e-04
   4.7400000e+02   0.0000000e+00   1.8982291e-04
   4.7500000e+02   1.0000000e+00   1.8852625e-04
   4.7600000e+02   0.0000000e+00   1.8723845e-04
   4.7700000e+02   0.0000000e+00   1.8595945e-04
   4.7800000e+02   0.0000000e+00   1.8468919e-04
   4.7900000e+02   0.0000000e+00   1.8342760e-04
   4.8000000e+02   0.0000000e+00   1.8217463e-04
   4.8100000e+02   0.0000000e+00   1.8093022e-04
   4.8200000e+02   0.0000000e+00   1.7969430e-04
   4.8300000e+02   0.0000000e+00   1.7846683e-04
   4.8400000e+02   0.0000000e+00   1.7724775e-04
   4.8500000e+02   0.0000000e+00   1.7603699e-04
   4.8600000e+02   0.0000000e+00   1.7483451e-04
   4.8700000e+02   1.0000000e+00   1.7364023e-04
   4.8800000e+02   0.0000000e+00   1.7245412e-04
   4.8900000e+02   0.0000000e+00   1.7127611e-04
   4.9000000e+02   0.0000000e+00   1.7010614e-04
   4.9100000e+02   0.0000000e+00   1.6894417e-04
   4.9200000e+02   0.0000000e+00   1.6779013e-04
   4.9300000e+02   0.0000000e+00   1.6664398e-04
   4.9400000e+02   0.0000000e+00   1.6550566e-04
   4.9500000e+02   0.0000000e+00   1.6437511e-04
   4.9600000e+02   0.0000000e+00   1.6325228e-04
   4.9700000e+02   0.0000000e+00   1.6213713e-04
   4.9800000e+02   0.0000000e+00   1.6102959e-04
   4.9900000e+02   0.0000000e+00   1.5992962e-04
   5.0000000e+02   0.0000000e+00   1.5883716e-04
   5.0100000e+02   0.0000000e+00   1.5775216e-04
   5.0200000e+02   1.0000000e+00   1.5667458e-04
   5.0300000e+02   0.0000000e+00   1.5560435e-04
   5.0400000e+02   0.0000000e+00   1.5454144e-04
   5.0500000e+02   0.0000000e+00   1.5348578e-04
   5.0600000e+02   0.0000000e+00   1.5243734e-04
   5.0700000e+02   0.0000000e+00   1.5139606e-04
   5.0800000e+02   0.0000000e+00   1.5036189e-04
   5.0900000e+02   0.0000000e+00   1.4933479e-04
   5.1000000e+02   0.0000000e+00   1.4831470e-04
   5.1100000e+02   0.0000000e+00   1.4730159e-04
   5.1200000e+02   1.0000000e+00   1.4629539e-04
   5.1300000e+02   0.0000000e+00   1.4529606e-04
   5.1400000e+02   0.0000000e+00   1.4430356e-04
   5.1500000e+02   0.0000000e+00   1.4331784e-04
   5.1600000e+02   0.0000000e+00   1.4233886e-04
   5.1700000e+02   0.0000000e+00   1.4136656e-04
   5.1800000e+02   0.0000000e+00   1.4040090e-04
   5.1900000e+02   0.0000000e+00   1.3944184e-04
   5.2000000e+02   0.0000000e+00   1.3848933e-04
   5.2100000e+02   0.0000000e+00   1.3754333e-04
   5.2200000e+02   0.0000000e+00   1.3660379e-04
   5.2300000e+02   0.0000000e+00   1.3567066e-04
   5.2400000e+02   0.0000000e+00   1.3474392e-04
   5.2500000e+02   0.0000000e+00   1.3382350e-04
   5.2600000e+02   0.0000000e+00   1.3290937e-04
   5.2700000e+02   0.0000000e+00   1.3200148e-04
   5.2800000e+02   0.0000000e+00   1.3109979e-04
   5.2900000e+02   0.0000000e+00   1.3020427e-04
   5.3000000e+02   0.0000000e+00   1.2931486e-04
   5.3100000e+02   0.0000000e+00   1.2843152e-04
   5.3200000e+02   0.0000000e+00   1.2755422e-04
   5.3300000e+02   0.0000000e+00   1.2668292e-04
   5.3400000e+02   1.0000000e+00   1.2581756e-04
   5.3500000e+02   0.0000000e+00   1.2495812e-04
   5.3600000e+02   0.0000000e+00   1.2410455e-04
   5.3700000e+02   0.0000000e+00   1.2325680e-04
   5.3800000e+02   0.0000000e+00   1.2241485e-04
   5.3900000e+02   0.0000000e+00   1.2157865e-04
   5.4000000e+02   0.0000000e+00   1.2074816e-04
   5.4100000e+02   0.0000000e+00   1.1992335e-04
   5.4200000e+02   0.0000000e+00   1.1910417e-04
   5.4300000e+02   0.0000000e+00   1.1829058e-04
   5.4400000e+02   0.0000000e+00   1.1748255e-04
   5.4500000e+02   0.0000000e+00   1.1668004e-04
   5.4600000e+02   1.0000000e+00   1.1588302e-04
   5.4700000e+02   0.0000000e+00   1.1509144e-04
   5.4800000e+02   0.0000000e+00   1.1430526e-04
   5.4900000e+02   0.0000000e+00   1.1352446e-04
   5.5000000e+02   1.0000000e+00   1.1274899e-04
   5.5100000e+02   0.0000000e+00   1.1197881e-04
   5.5200000e+02   1.0000000e+00   1.1121390e-04
   5.5300000e+02   0.0000000e+00   1.1045421e-04
   5.5400000e+02   0.0000000e+00   1.0969971e-04
   5.5500000e+02   0.0000000e+00   1.0895037e-04
   5.5600000e+02   0.0000000e+00   1.0820614e-04
   5.5700000e+02   0.0000000e+00   1.0746700e-04
   5.5800000e+02   0.0000000e+00   1.0673290e-04
   5.5900000e+02   0.0000000e+00   1.0600383e-04
   5.6000000e+02   0.0000000e+00   1.0527973e-04
   5.6100000e+02   0.0000000e+00   1.0456057e-04
   5.6200000e+02   0.0000000e+00   1.0384633e-04
   5.6300000e+02   0.0000000e+00   1.0313697e-04
   5.6400000e+02   0.0000000e+00   1.0243246e-04
   5.6500000e+02   0.0000000e+00   1.0173275e-04
   5.6600000e+02   0.0000000e+00   1.0103783e-04
   5.6700000e+02   0.0000000e+00   1.0034765e-04
   5.6800000e+02   0.0000000e+00   9.9662192e-05
   5.6900000e+02   0.0000000e+00   9.8981412e-05
   5.7000000e+02   0.0000000e+00   9.8305283e-05
   5.7100000e+02   0.0000000e+00   9.7633772e-05
   5.7200000e+02   0.0000000e+00   9.6966848e-05
   5.7300000e+02   0.0000000e+00   9.6304480e-05
   5.7400000e+02   0.0000000e+00   9.5646636e-05
   5.7500000e+02   0.0000000e+00   9.4993286e-05
   5.7600000e+02   0.0000000e+00   9.4344399e-05
   5.7700000e+02   0.0000000e+00   9.3699944e-05
   5.7800000e+02   0.0000000e+00   9.3059892e-05
   5.7900000e+02   0.0000000e+00   9.2424211e-05
   5.8000000e+02   0.0000000e+00   9.1792873e-05
   5.8100000e+02   0.0000000e+00   9.1165848e-05
   5.8200000e+02   0.0000000e+00   9.0543105e-05
   5.8300000e+02   0.0000000e+00   8.9924617e-05
   5.8400000e+02   0.0000000e+00   8.9310353e-05
   5.8500000e+02   0.0000000e+00   8.8700286e-05
   5.8600000e+02   0.0000000e+00   8.8094385e-05
   5.8700000e+02   0.0000000e+00   8.7492624e-05
   5.8800000e+02   0.0000000e+00   8.6894973e-05
   5.8900000e+02   0.0000000e+00   8.6301404e-05
   5.9000000e+02   0.0000000e+00   8.5711890e-05
   5.9100000e+02   0.0000000e+00   8.5126403e-05
   5.9200000e+02   0.0000000e+00   8.4544915e-05
   5.9300000e+02   0.0000000e+00   8.3967400e-05
   5.9400000e+02   0.0000000e+00   8.3393829e-05
   5.9500000e+02   0.0000000e+00   8.2824176e-05
   5.9600000e+02   1.0000000e+00   8.2258415e-05
   5.9700000e+02   0.0000000e+00   8.1696518e-05
   5.9800000e+02   0.0000000e+00   8.1138460e-05
   5.9900000e+02   0.0000000e+00   8.0584213e-05
   6.0000000e+02   0.0000000e+00   8.0033752e-05
   6.0100000e+02   0.0000000e+00   7.9487052e-05
   6.0200000e+02   0.0000000e+00   7.8944086e-05
   6.0300000e+02   0.0000000e+00   7.8404829e-05
   6.0400000e+02   0.0000000e+00   7.7869256e-05
   6.0500000e+02   0.0000000e+00   7.7337341e-05
   6.0600000e+02   0.0000000e+00   7.6809059e-05
   6.0700000e+02   0.0000000e+00   7.6284386e-05
   6.0800000e+02   0.0000000e+00   7.5763297e-05
   6.0900000e+02   0.0000000e+00   7.5245768e-05
   6.1000000e+02   0.0000000e+00   7.4731773e-05
   6.1100000e+02   0.0000000e+00   7.4221290e-05
   6.1200000e+02   0.0000000e+00   7.3714294e-05
   6.1300000e+02   1.0000000e+00   7.3210761e-05
   6.1400000e+02   0.0000000e+00   7.2710667e-05
   6.1500000e+02   0.0000000e+00   7.2213990e-05
   6.1600000e+02   0.0000000e+00   7.1720705e-05
   6.1700000e+02   0.0000000e+00   7.1230790e-05
   6.1800000e+02   0.0000000e+00   7.0744222e-05
   6.1900000e+02   0.0000000e+00   7.0260977e-05
   6.2000000e+02   0.0000000e+00   6.9781033e-05
   6.2100000e+02   0.0000000e+00   6.9304368e-05
   6.2200000e+02   0.0000000e+00   6.8830958e-05
   6.2300000e+02   0.0000000e+00   6.8360783e-05
   6.2400000e+02   0.0000000e+00   6.7893819e-05
   6.2500000e+02   0.0000000e+00   6.7430045e-05
   6.2600000e+02   0.0000000e+00   6.6969439e-05
   6.2700000e+02   0.0000000e+00   6.6511979e-05
   6.2800000e+02   0.0000000e+00   6.6057644e-05
   6.2900000e+02   0.0000000e+00   6.5606413e-05
   6.3000000e+02   0.0000000e+00   6.5158264e-05
   6.3100000e+02   0.0000000e+00   6.4713176e-05
   6.3200000e+02   0.0000000e+00   6.4271128e-05
   6.3300000e+02   0.0000000e+00   6.3832100e-05
   6.3400000e+02   0.0000000e+00   6.3396071e-05
   6.3500000e+02   0.0000000e+00   6.2963021e-05
   6.3600000e+02   0.0000000e+00   6.2532928e-05
   6.3700000e+02   0.0000000e+00   6.2105774e-05
   6.3800000e+02   0.0000000e+00   6.1681537e-05
   6.3900000e+02   0.0000000e+00   6.1260198e-05
   6.4000000e+02   0.0000000e+00   6.0841738e-05
   6.4100000e+02   0.0000000e+00   6.0426136e-05
   6.4200000e+02   0.0000000e+00   6.0013372e-05
   6.4300000e+02   0.0000000e+00   5.9603429e-05
   6.4400000e+02   0.0000000e+00   5.9196285e-05
   6.4500000e+02   1.0000000e+00   5.8791923e-05
   6.4600000e+02   0.0000000e+00   5.8390323e-05
   6.4700000e+02   0.0000000e+00   5.7991466e-05
   6.4800000e+02   0.0000000e+00   5.7595333e-05
   6.4900000e+02   0.0000000e+00   5.7201907e-05
   6.5000000e+02   0.0000000e+00   5.6811168e-05
   6.5100000e+02   0.0000000e+00   5.6423098e-05
   6.5200000e+02   0.0000000e+00   5.6037679e-05
   6.5300000e+02   0.0000000e+00   5.5654893e-05
   6.5400000e+02   0.0000000e+00   5.5274721e-05
   6.5500000e+02   0.0000000e+00   5.4897147e-05
   6.5600000e+02   0.0000000e+00   5.4522151e-05
   6.5700000e+02   0.0000000e+00   5.4149717e-05
   6.5800000e+02   0.0000000e+00   5.3779827e-05
   6.5900000e+02   0.0000000e+00   5.3412464e-05
   6.6000000e+02   0.0000000e+00   5.3047610e-05
   6.6100000e+02   0.0000000e+00   5.2685249e-05
   6.6200000e+02   0.0000000e+00   5.2325363e-05
   6.6300000e+02   0.0000000e+00   5.1967935e-05
   6.6400000e+02   0.0000000e+00   5.1612948e-05
   6.6500000e+02   0.0000000e+00   5.1260387e-05
   6.6600000e+02   0.0000000e+00   5.0910234e-05
   6.6700000e+02   0.0000000e+00   5.0562472e-05
   6.6800000e+02   0.0000000e+00   5.0217086e-05
   6.6900000e+02   0.0000000e+00   4.9874060e-05
   6.7000000e+02   0.0000000e+00   4.9533376e-05
   6.7100000e+02   0.0000000e+00   4.9195020e-05
   6.7200000e+02   0.0000000e+00   4.8858975e-05
   6.7300000e+02   0.0000000e+00   4.8525226e-05
   6.7400000e+02   0.0000000e+00   4.8193756e-05
   6.7500000e+02   0.0000000e+00   4.7864551e-05
   6.7600000e+02   0.0000000e+00   4.7537594e-05
   6.7700000e+02   0.0000000e+00   4.7212871e-05
   6.7800000e+02   0.0000000e+00   4.6890366e-05
   6.7900000e+02   0.0000000e+00   4.6570063e-05
   6.8000000e+02   0.0000000e+00   4.6251949e-05
   6.8100000e+02   0.0000000e+00   4.5936008e-05
   6.8200000e+02   0.0000000e+00   4.5622225e-05
   6.8300000e+02   0.0000000e+00   4.5310585e-05
   6.8400000e+02   0.0000000e+00   4.5001074e-05
   6.8500000e+02   0.0000000e+00   4.4693678e-05
   6.8600000e+02   0.0000000e+00   4.4388381e-05
   6.8700000e+02   0.0000000e+00   4.4085170e-05
   6.8800000e+02   0.0000000e+00   4.3784029e-05
   6.8900000e+02   0.0000000e+00   4.3484946e-05
   6.9000000e+02   0.0000000e+00   4.3187906e-05
   6.9100000e+02   0.0000000e+00   4.2892895e-05
   6.9200000e+02   0.0000000e+00   4.2599899e-05
   6.9300000e+02   0.0000000e+00   4.2308904e-05
   6.9400000e+02   0.0000000e+00   4.2019898e-05
   6.9500000e+02   0.0000000e+00   4.1732865e-05
   6.9600000e+02   0.0000000e+00   4.1447793e-05
   6.9700000e+02   0.0000000e+00   4.1164669e-05
   6.9800000e+02   0.0000000e+00   4.0883478e-05
   6.9900000e+02   0.0000000e+00   4.0604208e-05
   7.0000000e+02   0.0000000e+00   4.0326846e-05
   7.0100000e+02   0.0000000e+00   4.0051378e-05
   7.0200000e+02   0.0000000e+00   3.9777792e-05
   7.0300000e+02   0.0000000e+00   3.9506075e-05
   7.0400000e+02   0.0000000e+00   3.9236214e-05
   7.0500000e+02   0.0000000e+00   3.8968197e-05
   7.0600000e+02   0.0000000e+00   3.8702010e-05
   7.0700000e+02   0.0000000e+00   3.8437641e-05
   7.0800000e+02   0.0000000e+00   3.8175079e-05
   7.0900000e+02   1.0000000e+00   3.7914310e-05
   7.1000000e+02   0.0000000e+00   3.7655322e-05
   7.1100000e+02   0.0000000e+00   3.7398103e-05
   7.1200000e+02   0.0000000e+00   3.7142641e-05
   7.1300000e+02   0.0000000e+00   3.6888925e-05
   7.1400000e+02   0.0000000e+00   3.6636941e-05
   7.1500000e+02   0.0000000e+00   3.6386679e-05
   7.1600000e+02   0.0000000e+00   3.6138126e-05
   7.1700000e+02   0.0000000e+00   3.5891271e-05
   7.1800000e+02   0.0000000e+00   3.5646102e-05
   7.1900000e+02   0.0000000e+00   3.5402608e-05
   7.2000000e+02   0.0000000e+00   3.5160778e-05
   7.2100000e+02   0.0000000e+00   3.4920599e-05
   7.2200000e+02   0.0000000e+00   3.4682061e-05
   7.2300000e+02   0.0000000e+00   3.4445152e-05
   7.2400000e+02   0.0000000e+00   3.4209861e-05
   7.2500000e+02   0.0000000e+00   3.3976178e-05
   7.2600000e+02   0.0000000e+00   3.3744091e-05
   7.2700000e+02   0.0000000e+00   3.3513589e-05
   7.2800000e+02   0.0000000e+00   3.3284662e-05
   7.2900000e+02   0.0000000e+00   3.3057299e-05
   7.3000000e+02   0.0000000e+00   3.2831489e-05
   7.3100000e+02   0.0000000e+00   3.2607221e-05
   7.3200000e+02   0.0000000e+00   3.2384485e-05
   7.3300000e+02   0.0000000e+00   3.2163271e-05
   7.3400000e+02   0.0000000e+00   3.1943568e-05
   7.3500000e+02   0.0000000e+00   3.1725365e-05
   7.3600000e+02   0.0000000e+00   3.1508653e-05
   7.3700000e+02   0.0000000e+00   3.1293422e-05
   7.3800000e+02   0.0000000e+00   3.1079660e-05
   7.3900000e+02   0.0000000e+00   3.0867359e-05
   7.4000000e+02   0.0000000e+00   3.0656508e-05
   7.4100000e+02   0.0000000e+00   3.0447097e-05
   7.4200000e+02   0.0000000e+00   3.0239117e-05
   7.4300000e+02   0.0000000e+00   3.0032558e-05
   7.4400000e+02   0.0000000e+00   2.9827409e-05
   7.4500000e+02   0.0000000e+00   2.9623662e-05
   7.4600000e+02   0.0000000e+00   2.9421306e-05
   7.4700000e+02   0.0000000e+00   2.9220333e-05
   7.4800000e+02   0.0000000e+00   2.9020733e-05
   7.4900000e+02   0.0000000e+00   2.8822496e-05
   7.5000000e+02   0.0000000e+00   2.8625613e-05
   7.5100000e+02   0.0000000e+00   2.8430075e-05
   7.5200000e+02   0.0000000e+00   2.8235873e-05
   7.5300000e+02   0.0000000e+00   2.8042997e-05
   7.5400000e+02   0.0000000e+00   2.7851439e-05
   7.5500000e+02   0.0000000e+00   2.7661189e-05
   7.5600000e+02   0.0000000e+00   2.7472239e-05
   7.5700000e+02   0.0000000e+00   2.7284580e-05
   7.5800000e+02   1.0000000e+00   2.7098202e-05
   7.5900000e+02   0.0000000e+00   2.6913098e-05
   7.6000000e+02   0.0000000e+00   2.6729258e-05
   7.6100000e+02   0.0000000e+00   2.6546674e-05
   7.6200000e+02   0.0000000e+00   2.6365337e-05
   7.6300000e+02   0.0000000e+00   2.6185238e-05
   7.6400000e+02   0.0000000e+00   2.6006370e-05
   7.6500000e+02   0.0000000e+00   2.5828724e-05
   7.6600000e+02   0.0000000e+00   2.5652291e-05
   7.6700000e+02   0.0000000e+00   2.5477064e-05
   7.6800000e+02   0.0000000e+00   2.5303033e-05
   7.6900000e+02   0.0000000e+00   2.5130191e-05
   7.7000000e+02   0.0000000e+00   2.4958530e-05
   7.7100000e+02   0.0000000e+00   2.4788042e-05
   7.7200000e+02   0.0000000e+00   2.4618718e-05
   7.7300000e+02   0.0000000e+00   2.4450550e-05
   7.7400000e+02   0.0000000e+00   2.4283532e-05
   7.7500000e+02   0.0000000e+00   2.4117654e-05
   7.7600000e+02   0.0000000e+00   2.3952909e-05
   7.7700000e+02   0.0000000e+00   2.3789290e-05
   7.7800000e+02   0.0000000e+00   2.3626789e-05
   7.7900000e+02   0.0000000e+00   2.3465397e-05
   7.8000000e+02   0.0000000e+00   2.3305108e-05
   7.8100000e+02   0.0000000e+00   2.3145914e-05
   7.8200000e+02   0.0000000e+00   2.2987807e-05
   7.8300000e+02   0.0000000e+00   2.2830780e-05
   7.8400000e+02   0.0000000e+00   2.2674826e-05
   7.8500000e+02   0.0000000e+00   2.2519937e-05
   7.8600000e+02   0.0000000e+00   2.2366106e-05
   7.8700000e+02   0.0000000e+00   2.2213326e-05
   7.8800000e+02   0.0000000e+00   2.2061590e-05
   7.8900000e+02   0.0000000e+00   2.1910890e-05
   7.9000000e+02   0.0000000e+00   2.1761219e-05
   7.9100000e+02   0.0000000e+00   2.1612571e-05
   7.9200000e+02   0.0000000e+00   2.1464938e-05
   7.9300000e+02   0.0000000e+00   2.1318314e-05
   7.9400000e+02   0.0000000e+00   2.1172691e-05
   7.9500000e+02   0.0000000e+00   2.1028063e-05
   7.9600000e+02   0.0000000e+00   2.0884423e-05
   7.9700000e+02   0.0000000e+00   2.0741764e-05
   7.9800000e+02   0.0000000e+00   2.0600080e-05
   7.9900000e+02   0.0000000e+00   2.0459364e-05
   8.0000000e+02   0.0000000e+00   2.0319608e-05
   8.0100000e+02   0.0000000e+00   2.0180808e-05
   8.0200000e+02   0.0000000e+00   2.0042955e-05
   8.0300000e+02   0.0000000e+00   1.9906044e-05
   8.0400000e+02   0.0000000e+00   1.9770068e-05
   8.0500000e+02   0.0000000e+00   1.9635022e-05
   8.0600000e+02   0.0000000e+00   1.9500897e-05
   8.0700000e+02   0.0000000e+00   1.9367689e-05
   8.0800000e+02   0.0000000e+00   1.9235391e-05
   8.0900000e+02   0.0000000e+00   1.9103996e-05
   8.1000000e+02   0.0000000e+00   1.8973499e-05
   8.1100000e+02   0.0000000e+00   1.8843894e-05
   8.1200000e+02   0.0000000e+00   1.8715174e-05
   8.1300000e+02   0.0000000e+00   1.8587333e-05
   8.1400000e+02   0.0000000e+00   1.8460365e-05
   8.1500000e+02   0.0000000e+00   1.8334264e-05
   8.1600000e+02   0.0000000e+00   1.8209025e-05
   8.1700000e+02   0.0000000e+00   1.8084642e-05
   8.1800000e+02   0.0000000e+00   1.7961108e-05
   8.1900000e+02   0.0000000e+00   1.7838418e-05
   8.2000000e+02   0.0000000e+00   1.7716566e-05
   8.2100000e+02   0.0000000e+00   1.7595546e-05
   8.2200000e+02   0.0000000e+00   1.7475353e-05
   8.2300000e+02   0.0000000e+00   1.7355981e-05
   8.2400000e+02   0.0000000e+00   1.7237425e-05
   8.2500000e+02   0.0000000e+00   1.7119678e-05
   8.2600000e+02   0.0000000e+00   1.7002736e-05
   8.2700000e+02   0.0000000e+00   1.6886592e-05
   8.2800000e+02   0.0000000e+00   1.6771242e-05
   8.2900000e+02   0.0000000e+00   1.6656680e-05
   8.3000000e+02   0.0000000e+00   1.6542900e-05
   8.3100000e+02   0.0000000e+00   1.6429898e-05
   8.3200000e+02   0.0000000e+00   1.6317667e-05
   8.3300000e+02   0.0000000e+00   1.6206203e-05
   8.3400000e+02   0.0000000e+00   1.6095501e-05
   8.3500000e+02   0.0000000e+00   1.5985555e-05
   8.3600000e+02   0.0000000e+00   1.5876359e-05
   8.3700000e+02   0.0000000e+00   1.5767910e-05
   8.3800000e+02   0.0000000e+00   1.5660201e-05
   8.3900000e+02   0.0000000e+00   1.5553228e-05
   8.4000000e+02   0.0000000e+00   1.5446986e-05
   8.4100000e+02   0.0000000e+00   1.5341470e-05
   8.4200000e+02   0.0000000e+00   1.5236674e-05
   8.4300000e+02   0.0000000e+00   1.5132594e-05
   8.4400000e+02   0.0000000e+00   1.5029226e-05
   8.4500000e+02   0.0000000e+00   1.4926563e-05
   8.4600000e+02   0.0000000e+00   1.4824601e-05
   8.4700000e+02   0.0000000e+00   1.4723336e-05
   8.4800000e+02   0.0000000e+00   1.4622763e-05
   8.4900000e+02   0.0000000e+00   1.4522877e-05
   8.5000000e+02   0.0000000e+00   1.4423673e-05
   8.5100000e+02   0.0000000e+00   1.4325147e-05
   8.5200000e+02   0.0000000e+00   1.4227293e-05
   8.5300000e+02   0.0000000e+00   1.4130109e-05
   8.5400000e+02   0.0000000e+00   1.4033588e-05
   8.5500000e+02   0.0000000e+00   1.3937726e-05
   8.5600000e+02   0.0000000e+00   1.3842519e-05
   8.5700000e+02   0.0000000e+00   1.3747963e-05
   8.5800000e+02   0.0000000e+00   1.3654052e-05
   8.5900000e+02   0.0000000e+00   1.3560783e-05
   8.6000000e+02   0.0000000e+00   1.3468151e-05
   8.6100000e+02   0.0000000e+00   1.3376152e-05
   8.6200000e+02   0.0000000e+00   1.3284781e-05
   8.6300000e+02   0.0000000e+00   1.3194034e-05
   8.6400000e+02   0.0000000e+00   1.3103908e-05
   8.6500000e+02   0.0000000e+00   1.3014396e-05
   8.6600000e+02   0.0000000e+00   1.2925497e-05
   8.6700000e+02   0.0000000e+00   1.2837204e-05
   8.6800000e+02   0.0000000e+00   1.2749515e-05
   8.6900000e+02   0.0000000e+00   1.2662425e-05
   8.7000000e+02   0.0000000e+00   1.2575929e-05
   8.7100000e+02   0.0000000e+00   1.2490025e-05
   8.7200000e+02   0.0000000e+00   1.2404707e-05
   8.7300000e+02   0.0000000e+00   1.2319972e-05
   8.7400000e+02   0.0000000e+00   1.2235816e-05
   8.7500000e+02   0.0000000e+00   1.2152234e-05
   8.7600000e+02   0.0000000e+00   1.2069224e-05
   8.7700000e+02   0.0000000e+00   1.1986781e-05
   8.7800000e+02   0.0000000e+00   1.1904901e-05
   8.7900000e+02   0.0000000e+00   1.1823580e-05
   8.8000000e+02   0.0000000e+00   1.1742814e-05
   8.8100000e+02   0.0000000e+00   1.1662601e-05
   8.8200000e+02   0.0000000e+00   1.1582935e-05
   8.8300000e+02   0.0000000e+00   1.1503813e-05
   8.8400000e+02   0.0000000e+00   1.1425232e-05
   8.8500000e+02   0.0000000e+00   1.1347188e-05
   8.8600000e+02   0.0000000e+00   1.1269677e-05
   8.8700000e+02   0.0000000e+00   1.1192695e-05
   8.8800000e+02   0.0000000e+00   1.1116239e-05
   8.8900000e+02   0.0000000e+00   1.1040305e-05
   8.9000000e+02   0.0000000e+00   1.0964891e-05
   8.9100000e+02   0.0000000e+00   1.0889991e-05
   8.9200000e+02   0.0000000e+00   1.0815603e-05
   8.9300000e+02   0.0000000e+00   1.0741723e-05
   8.9400000e+02   0.0000000e+00   1.0668347e-05
   8.9500000e+02   0.0000000e+00   1.0595473e-05
   8.9600000e+02   0.0000000e+00   1.0523097e-05
   8.9700000e+02   0.0000000e+00   1.0451215e-05
   8.9800000e+02   0.0000000e+00   1.0379824e-05
   8.9900000e+02   0.0000000e+00   1.0308921e-05
   9.0000000e+02   0.0000000e+00   1.0238502e-05
   9.0100000e+02   0.0000000e+00   1.0168564e-05
   9.0200000e+02   0.0000000e+00   1.0099104e-05
   9.0300000e+02   0.0000000e+00   1.0030118e-05
   9.0400000e+02   0.0000000e+00   9.9616035e-06
   9.0500000e+02   0.0000000e+00   9.8935570e-06
   9.0600000e+02   0.0000000e+00   9.8259754e-06
   9.0700000e+02   0.0000000e+00   9.7588554e-06
   9.0800000e+02   0.0000000e+00   9.6921939e-06
   9.0900000e+02   0.0000000e+00   9.6259877e-06
   9.1000000e+02   0.0000000e+00   9.5602338e-06
   9.1100000e+02   0.0000000e+00   9.4949291e-06
   9.1200000e+02   0.0000000e+00   9.4300704e-06
   9.1300000e+02   0.0000000e+00   9.3656548e-06
   9.1400000e+02   0.0000000e+00   9.3016792e-06
   9.1500000e+02   0.0000000e+00   9.2381406e-06
   9.1600000e+02   0.0000000e+00   9.1750360e-06
   9.1700000e+02   0.0000000e+00   9.1123625e-06
   9.1800000e+02   0.0000000e+00   9.0501171e-06
   9.1900000e+02   0.0000000e+00   8.9882969e-06
   9.2000000e+02   0.0000000e+00   8.9268990e-06
   9.2100000e+02   0.0000000e+00   8.8659205e-06
   9.2200000e+02   0.0000000e+00   8.8053585e-06
   9.2300000e+02   0.0000000e+00   8.7452102e-06
   9.2400000e+02   0.0000000e+00   8.6854728e-06
   9.2500000e+02   0.0000000e+00   8.6261434e-06
   9.2600000e+02   0.0000000e+00   8.5672193e-06
   9.2700000e+02   0.0000000e+00   8.5086978e-06
   9.2800000e+02   0.0000000e+00   8.4505759e-06
   9.2900000e+02   0.0000000e+00   8.3928511e-06
   9.3000000e+02   0.0000000e+00   8.3355206e-06
   9.3100000e+02   0.0000000e+00   8.2785817e-06
   9.3200000e+02   0.0000000e+00   8.2220318e-06
   9.3300000e+02   0.0000000e+00   8.1658681e-06
   9.3400000e+02   0.0000000e+00   8.1100881e-06
   9.3500000e+02   0.0000000e+00   8.0546891e-06
   9.3600000e+02   0.0000000e+00   7.9996686e-06
   9.3700000e+02   0.0000000e+00   7.9450238e-06
   9.3800000e+02   0.0000000e+00   7.8907524e-06
   9.3900000e+02   0.0000000e+00   7.8368517e-06
   9.4000000e+02   0.0000000e+00   7.7833191e-06
   9.4100000e+02   0.0000000e+00   7.7301522e-06
   9.4200000e+02   0.0000000e+00   7.6773486e-06
   9.4300000e+02   0.0000000e+00   7.6249056e-06
   9.4400000e+02   0.0000000e+00   7.5728208e-06
   9.4500000e+02   0.0000000e+00   7.5210918e-06
   9.4600000e+02   0.0000000e+00   7.4697162e-06
   9.4700000e+02   0.0000000e+00   7.4186915e-06
   9.4800000e+02   0.0000000e+00   7.3680154e-06
   9.4900000e+02   0.0000000e+00   7.3176854e-06
   9.5000000e+02   0.0000000e+00   7.2676992e-06
   9.5100000e+02   0.0000000e+00   7.2180545e-06
   9.5200000e+02   0.0000000e+00   7.1687489e-06
   9.5300000e+02   1.0000000e+00   7.1197800e-06
