   1.0000000e+00   3.0000000e+00   9.6494990e-03
   2.0000000e+00   7.0000000e+00   9.5563862e-03
   3.0000000e+00   5.0000000e+00   9.4641718e-03
   4.0000000e+00   5.0000000e+00   9.3728473e-03
   5.0000000e+00   8.0000000e+00   9.2824040e-03
   6.0000000e+00   2.0000000e+00   9.1928335e-03
   7.0000000e+00   3.0000000e+00   9.1041273e-03
   8.0000000e+00   4.0000000e+00   9.0162770e-03
   9.0000000e+00   7.0000000e+00   8.9292744e-03
   1.0000000e+01   5.0000000e+00   8.8431114e-03
   1.1000000e+01   6.0000000e+00   8.7577798e-03
   1.2000000e+01   9.0000000e+00   8.6732716e-03
   1.3000000e+01   2.0000000e+00   8.5895789e-03
   1.4000000e+01   6.0000000e+00   8.5066938e-03
   1.5000000e+01   7.0000000e+00   8.4246084e-03
   1.6000000e+01   2.0000000e+00   8.3433152e-03
   1.7000000e+01   2.0000000e+00   8.2628064e-03
   1.8000000e+01   3.0000000e+00   8.1830744e-03
   1.9000000e+01   3.0000000e+00   8.1041119e-03
   2.0000000e+01   4.0000000e+00   8.0259112e-03
   2.1000000e+01   4.0000000e+00   7.9484652e-03
   2.2000000e+01   3.0000000e+00   7.8717665e-03
   2.3000000e+01   1.0000000e+00   7.7958079e-03
   2.4000000e+01   2.0000000e+00   7.7205823e-03
   2.5000000e+01   0.0000000e+00   7.6460825e-03
   2.6000000e+01   2.0000000e+00   7.5723016e-03
   2.7000000e+01   2.0000000e+00   7.4992327e-03
   2.8000000e+01   2.0000000e+00   7.4268689e-03
   2.9000000e+01   5.0000000e+00   7.3552033e-03
   3.0000000e+01   4.0000000e+00   7.2842293e-03
   3.1000000e+01   3.0000000e+00   7.2139401e-03
   3.2000000e+01   5.0000000e+00   7.1443292e-03
   3.3000000e+01   2.0000000e+00   7.0753900e-03
   3.4000000e+01   4.0000000e+00   7.0071161e-03
   3.5000000e+01   5.0000000e+00   6.9395009e-03
   3.6000000e+01   4.0000000e+00   6.8725382e-03
   3.7000000e+01   8.0000000e+00   6.8062216e-03
   3.8000000e+01   4.0000000e+00   6.7405450e-03
   3.9000000e+01   3.0000000e+00   6.6755021e-03
   4.0000000e+01   6.0000000e+00   6.6110869e-03
   4.1000000e+01   4.0000000e+00   6.5472932e-03
   4.2000000e+01   4.0000000e+00   6.4841151e-03
   4.3000000e+01   3.0000000e+00   6.4215466e-03
   4.4000000e+01   2.0000000e+00   6.3595819e-03
   4.5000000e+01   3.0000000e+00   6.2982152e-03
   4.6000000e+01   1.0000000e+00   6.2374405e-03
   4.7000000e+01   3.0000000e+00   6.1772524e-03
   4.8000000e+01   5.0000000e+00   6.1176450e-03
   4.9000000e+01   6.0000000e+00   6.0586128e-03
   5.0000000e+01   5.0000000e+00   6.0001502e-03
   5.1000000e+01   3.0000000e+00   5.9422517e-03
   5.2000000e+01   3.0000000e+00   5.8849120e-03
   5.3000000e+01   1.0000000e+00   5.8281255e-03
   5.4000000e+01   3.0000000e+00   5.7718870e-03
   5.5000000e+01   2.0000000e+00   5.7161912e-03
   5.6000000e+01   1.0000000e+00   5.6610328e-03
   5.7000000e+01   0.0000000e+00   5.6064067e-03
   5.8000000e+01   2.0000000e+00   5.5523077e-03
   5.9000000e+01   1.0000000e+00   5.4987307e-03
   6.0000000e+01   4.0000000e+00   5.4456707e-03
   6.1000000e+01   4.0000000e+00   5.3931227e-03
   6.2000000e+01   4.0000000e+00   5.3410818e-03
   6.3000000e+01   5.0000000e+00   5.2895430e-03
   6.4000000e+01   4.0000000e+00   5.2385016e-03
   6.5000000e+01   3.0000000e+00   5.1879527e-03
   6.6000000e+01   0.0000000e+00   5.1378915e-03
   6.7000000e+01   2.0000000e+00   5.0883134e-03
   6.8000000e+01   2.0000000e+00   5.0392138e-03
   6.9000000e+01   4.0000000e+00   4.9905879e-03
   7.0000000e+01   4.0000000e+00   4.9424312e-03
   7.1000000e+01   3.0000000e+00   4.8947392e-03
   7.2000000e+01   2.0000000e+00   4.8475074e-03
   7.3000000e+01   2.0000000e+00   4.8007314e-03
   7.4000000e+01   0.0000000e+00   4.7544068e-03
   7.5000000e+01   2.0000000e+00   4.7085291e-03
   7.6000000e+01   3.0000000e+00   4.6630942e-03
   7.7000000e+01   4.0000000e+00   4.6180977e-03
   7.8000000e+01   5.0000000e+00   4.5735353e-03
   7.9000000e+01   1.0000000e+00   4.5294030e-03
   8.0000000e+01   5.0000000e+00   4.4856965e-03
   8.1000000e+01   2.0000000e+00   4.4424118e-03
   8.2000000e+01   0.0000000e+00   4.3995448e-03
   8.3000000e+01   1.0000000e+00   4.3570914e-03
   8.4000000e+01   3.0000000e+00   4.3150476e-03
   8.5000000e+01   3.0000000e+00   4.2734096e-03
   8.6000000e+01   1.0000000e+00   4.2321733e-03
   8.7000000e+01   3.0000000e+00   4.1913349e-03
   8.8000000e+01   1.0000000e+00   4.1508907e-03
   8.9000000e+01   3.0000000e+00   4.1108367e-03
   9.0000000e+01   2.0000000e+00   4.0711691e-03
   9.1000000e+01   2.0000000e+00   4.0318844e-03
   9.2000000e+01   3.0000000e+00   3.9929787e-03
   9.3000000e+01   1.0000000e+00   3.9544485e-03
   9.4000000e+01   2.0000000e+00   3.9162900e-03
   9.5000000e+01   1.0000000e+00   3.8784998e-03
   9.6000000e+01   2.0000000e+00   3.8410742e-03
   9.7000000e+01   0.0000000e+00   3.8040098e-03
   9.8000000e+01   0.0000000e+00   3.7673030e-03
   9.9000000e+01   2.0000000e+00   3.7309504e-03
   1.0000000e+02   1.0000000e+00   3.6949486e-03
   1.0100000e+02   2.0000000e+00   3.6592942e-03
   1.0200000e+02   0.0000000e+00   3.6239838e-03
   1.0300000e+02   3.0000000e+00   3.5890142e-03
   1.0400000e+02   0.0000000e+00   3.5543820e-03
   1.0500000e+02   1.0000000e+00   3.5200840e-03
   1.0600000e+02   3.0000000e+00   3.4861170e-03
   1.0700000e+02   3.0000000e+00   3.4524777e-03
   1.0800000e+02   0.0000000e+00   3.4191630e-03
   1.0900000e+02   1.0000000e+00   3.3861698e-03
   1.1000000e+02   2.0000000e+00   3.3534950e-03
   1.1100000e+02   3.0000000e+00   3.3211354e-03
   1.1200000e+02   1.0000000e+00   3.2890881e-03
   1.1300000e+02   0.0000000e+00   3.2573501e-03
   1.1400000e+02   1.0000000e+00   3.2259183e-03
   1.1500000e+02   1.0000000e+00   3.1947898e-03
   1.1600000e+02   1.0000000e+00   3.1639617e-03
   1.1700000e+02   1.0000000e+00   3.1334310e-03
   1.1800000e+02   1.0000000e+00   3.1031950e-03
   1.1900000e+02   4.0000000e+00   3.0732507e-03
   1.2000000e+02   0.0000000e+00   3.0435954e-03
   1.2100000e+02   1.0000000e+00   3.0142262e-03
   1.2200000e+02   0.0000000e+00   2.9851404e-03
   1.2300000e+02   3.0000000e+00   2.9563353e-03
   1.2400000e+02   0.0000000e+00   2.9278082e-03
   1.2500000e+02   1.0000000e+00   2.8995563e-03
   1.2600000e+02   1.0000000e+00   2.8715770e-03
   1.2700000e+02   0.0000000e+00   2.8438677e-03
   1.2800000e+02   3.0000000e+00   2.8164258e-03
   1.2900000e+02   3.0000000e+00   2.7892487e-03
   1.3000000e+02   3.0000000e+00   2.7623339e-03
   1.3100000e+02   2.0000000e+00   2.7356787e-03
   1.3200000e+02   1.0000000e+00   2.7092808e-03
   1.3300000e+02   1.0000000e+00   2.6831376e-03
   1.3400000e+02   3.0000000e+00   2.6572467e-03
   1.3500000e+02   2.0000000e+00   2.6316056e-03
   1.3600000e+02   1.0000000e+00   2.6062119e-03
   1.3700000e+02   1.0000000e+00   2.5810633e-03
   1.3800000e+02   1.0000000e+00   2.5561573e-03
   1.3900000e+02   0.0000000e+00   2.5314917e-03
   1.4000000e+02   0.0000000e+00   2.5070640e-03
   1.4100000e+02   1.0000000e+00   2.4828721e-03
   1.4200000e+02   1.0000000e+00   2.4589136e-03
   1.4300000e+02   0.0000000e+00   2.4351864e-03
   1.4400000e+02   0.0000000e+00   2.4116880e-03
   1.4500000e+02   0.0000000e+00   2.3884165e-03
   1.4600000e+02   3.0000000e+00   2.3653694e-03
   1.4700000e+02   1.0000000e+00   2.3425448e-03
   1.4800000e+02   0.0000000e+00   2.3199404e-03
   1.4900000e+02   0.0000000e+00   2.2975542e-03
   1.5000000e+02   0.0000000e+00   2.2753839e-03
   1.5100000e+02   0.0000000e+00   2.2534276e-03
   1.5200000e+02   2.0000000e+00   2.2316831e-03
   1.5300000e+02   0.0000000e+00   2.2101485e-03
   1.5400000e+02   3.0000000e+00   2.1888217e-03
   1.5500000e+02   1.0000000e+00   2.1677007e-03
   1.5600000e+02   1.0000000e+00   2.1467834e-03
   1.5700000e+02   2.0000000e+00   2.1260681e-03
   1.5800000e+02   1.0000000e+00   2.1055526e-03
   1.5900000e+02   0.0000000e+00   2.0852350e-03
   1.6000000e+02   0.0000000e+00   2.0651136e-03
   1.6100000e+02   1.0000000e+00   2.0451862e-03
   1.6200000e+02   2.0000000e+00   2.0254512e-03
   1.6300000e+02   0.0000000e+00   2.0059066e-03
   1.6400000e+02   0.0000000e+00   1.9865506e-03
   1.6500000e+02   4.0000000e+00   1.9673814e-03
   1.6600000e+02   0.0000000e+00   1.9483972e-03
   1.6700000e+02   0.0000000e+00   1.9295961e-03
   1.6800000e+02   1.0000000e+00   1.9109765e-03
   1.6900000e+02   0.0000000e+00   1.8925365e-03
   1.7000000e+02   1.0000000e+00   1.8742745e-03
   1.7100000e+02   1.0000000e+00   1.8561887e-03
   1.7200000e+02   2.0000000e+00   1.8382774e-03
   1.7300000e+02   1.0000000e+00   1.8205389e-03
   1.7400000e+02   3.0000000e+00   1.8029716e-03
   1.7500000e+02   0.0000000e+00   1.7855739e-03
   1.7600000e+02   0.0000000e+00   1.7683440e-03
   1.7700000e+02   2.0000000e+00   1.7512803e-03
   1.7800000e+02   3.0000000e+00   1.7343814e-03
   1.7900000e+02   1.0000000e+00   1.7176455e-03
   1.8000000e+02   2.0000000e+00   1.7010710e-03
   1.8100000e+02   1.0000000e+00   1.6846566e-03
   1.8200000e+02   1.0000000e+00   1.6684005e-03
   1.8300000e+02   0.0000000e+00   1.6523012e-03
   1.8400000e+02   2.0000000e+00   1.6363574e-03
   1.8500000e+02   1.0000000e+00   1.6205673e-03
   1.8600000e+02   1.0000000e+00   1.6049297e-03
   1.8700000e+02   1.0000000e+00   1.5894429e-03
   1.8800000e+02   0.0000000e+00   1.5741056e-03
   1.8900000e+02   0.0000000e+00   1.5589162e-03
   1.9000000e+02   2.0000000e+00   1.5438735e-03
   1.9100000e+02   1.0000000e+00   1.5289759e-03
   1.9200000e+02   1.0000000e+00   1.5142220e-03
   1.9300000e+02   0.0000000e+00   1.4996105e-03
   1.9400000e+02   0.0000000e+00   1.4851400e-03
   1.9500000e+02   0.0000000e+00   1.4708092e-03
   1.9600000e+02   0.0000000e+00   1.4566166e-03
   1.9700000e+02   1.0000000e+00   1.4425610e-03
   1.9800000e+02   1.0000000e+00   1.4286410e-03
   1.9900000e+02   1.0000000e+00   1.4148553e-03
   2.0000000e+02   0.0000000e+00   1.4012027e-03
   2.0100000e+02   0.0000000e+00   1.3876818e-03
   2.0200000e+02   0.0000000e+00   1.3742914e-03
   2.0300000e+02   0.0000000e+00   1.3610301e-03
   2.0400000e+02   2.0000000e+00   1.3478969e-03
   2.0500000e+02   0.0000000e+00   1.3348903e-03
   2.0600000e+02   0.0000000e+00   1.3220093e-03
   2.0700000e+02   0.0000000e+00   1.3092526e-03
   2.0800000e+02   1.0000000e+00   1.2966190e-03
   2.0900000e+02   2.0000000e+00   1.2841072e-03
   2.1000000e+02   1.0000000e+00   1.2717162e-03
   2.1100000e+02   1.0000000e+00   1.2594448e-03
   2.1200000e+02   0.0000000e+00   1.2472918e-03
   2.1300000e+02   1.0000000e+00   1.2352561e-03
   2.1400000e+02   0.0000000e+00   1.2233365e-03
   2.1500000e+02   1.0000000e+00   1.2115319e-03
   2.1600000e+02   0.0000000e+00   1.1998412e-03
   2.1700000e+02   1.0000000e+00   1.1882633e-03
   2.1800000e+02   3.0000000e+00   1.1767972e-03
   2.1900000e+02   1.0000000e+00   1.1654417e-03
   2.2000000e+02   0.0000000e+00   1.1541958e-03
   2.2100000e+02   1.0000000e+00   1.1430584e-03
   2.2200000e+02   0.0000000e+00   1.1320284e-03
   2.2300000e+02   2.0000000e+00   1.1211049e-03
   2.2400000e+02   0.0000000e+00   1.1102868e-03
   2.2500000e+02   2.0000000e+00   1.0995731e-03
   2.2600000e+02   0.0000000e+00   1.0889628e-03
   2.2700000e+02   0.0000000e+00   1.0784548e-03
   2.2800000e+02   0.0000000e+00   1.0680483e-03
   2.2900000e+02   0.0000000e+00   1.0577421e-03
   2.3000000e+02   1.0000000e+00   1.0475355e-03
   2.3100000e+02   1.0000000e+00   1.0374273e-03
   2.3200000e+02   0.0000000e+00   1.0274166e-03
   2.3300000e+02   0.0000000e+00   1.0175026e-03
   2.3400000e+02   1.0000000e+00   1.0076842e-03
   2.3500000e+02   1.0000000e+00   9.9796052e-04
   2.3600000e+02   0.0000000e+00   9.8833070e-04
   2.3700000e+02   1.0000000e+00   9.7879380e-04
   2.3800000e+02   0.0000000e+00   9.6934893e-04
   2.3900000e+02   0.0000000e+00   9.5999520e-04
   2.4000000e+02   0.0000000e+00   9.5073173e-04
   2.4100000e+02   0.0000000e+00   9.4155764e-04
   2.4200000e+02   0.0000000e+00   9.3247208e-04
   2.4300000e+02   0.0000000e+00   9.2347420e-04
   2.4400000e+02   2.0000000e+00   9.1456313e-04
   2.4500000e+02   2.0000000e+00   9.0573806e-04
   2.4600000e+02   0.0000000e+00   8.9699814e-04
   2.4700000e+02   0.0000000e+00   8.8834256e-04
   2.4800000e+02   0.0000000e+00   8.7977049e-04
   2.4900000e+02   1.0000000e+00   8.7128115e-04
   2.5000000e+02   1.0000000e+00   8.6287372e-04
   2.5100000e+02   1.0000000e+00   8.5454742e-04
   2.5200000e+02   1.0000000e+00   8.4630147e-04
   2.5300000e+02   0.0000000e+00   8.3813508e-04
   2.5400000e+02   0.0000000e+00   8.3004750e-04
   2.5500000e+02   0.0000000e+00   8.2203796e-04
   2.5600000e+02   0.0000000e+00   8.1410570e-04
   2.5700000e+02   0.0000000e+00   8.0624999e-04
   2.5800000e+02   0.0000000e+00   7.9847008e-04
   2.5900000e+02   0.0000000e+00   7.9076525e-04
   2.6000000e+02   0.0000000e+00   7.8313476e-04
   2.6100000e+02   2.0000000e+00   7.7557790e-04
   2.6200000e+02   0.0000000e+00   7.6809396e-04
   2.6300000e+02   0.0000000e+00   7.6068224e-04
   2.6400000e+02   3.0000000e+00   7.5334204e-04
   2.6500000e+02   0.0000000e+00   7.4607266e-04
   2.6600000e+02   1.0000000e+00   7.3887344e-04
   2.6700000e+02   2.0000000e+00   7.3174368e-04
   2.6800000e+02   0.0000000e+00   7.2468272e-04
   2.6900000e+02   0.0000000e+00   7.1768989e-04
   2.7000000e+02   1.0000000e+00   7.1076455e-04
   2.7100000e+02   0.0000000e+00   7.0390602e-04
   2.7200000e+02   0.0000000e+00   6.9711368e-04
   2.7300000e+02   0.0000000e+00   6.9038689e-04
   2.7400000e+02   0.0000000e+00   6.8372500e-04
   2.7500000e+02   0.0000000e+00   6.7712739e-04
   2.7600000e+02   0.0000000e+00   6.7059345e-04
   2.7700000e+02   1.0000000e+00   6.6412256e-04
   2.7800000e+02   1.0000000e+00   6.5771411e-04
   2.7900000e+02   1.0000000e+00   6.5136750e-04
   2.8000000e+02   0.0000000e+00   6.4508213e-04
   2.8100000e+02   0.0000000e+00   6.3885741e-04
   2.8200000e+02   1.0000000e+00   6.3269276e-04
   2.8300000e+02   0.0000000e+00   6.2658759e-04
   2.8400000e+02   0.0000000e+00   6.2054133e-04
   2.8500000e+02   0.0000000e+00   6.1455342e-04
   2.8600000e+02   0.0000000e+00   6.0862329e-04
   2.8700000e+02   0.0000000e+00   6.0275038e-04
   2.8800000e+02   0.0000000e+00   5.9693414e-04
   2.8900000e+02   2.0000000e+00   5.9117402e-04
   2.9000000e+02   1.0000000e+00   5.8546949e-04
   2.9100000e+02   1.0000000e+00   5.7982000e-04
   2.9200000e+02   2.0000000e+00   5.7422503e-04
   2.9300000e+02   0.0000000e+00   5.6868405e-04
   2.9400000e+02   0.0000000e+00   5.6319653e-04
   2.9500000e+02   1.0000000e+00   5.5776197e-04
   2.9600000e+02   1.0000000e+00   5.5237984e-04
   2.9700000e+02   0.0000000e+00   5.4704965e-04
   2.9800000e+02   1.0000000e+00   5.4177090e-04
   2.9900000e+02   0.0000000e+00   5.3654308e-04
   3.0000000e+02   0.0000000e+00   5.3136571e-04
   3.0100000e+02   0.0000000e+00   5.2623830e-04
   3.0200000e+02   0.0000000e+00   5.2116036e-04
   3.0300000e+02   0.0000000e+00   5.1613142e-04
   3.0400000e+02   1.0000000e+00   5.1115101e-04
   3.0500000e+02   0.0000000e+00   5.0621866e-04
   3.0600000e+02   0.0000000e+00   5.0133391e-04
   3.0700000e+02   0.0000000e+00   4.9649629e-04
   3.0800000e+02   0.0000000e+00   4.9170535e-04
   3.0900000e+02   0.0000000e+00   4.8696064e-04
   3.1000000e+02   2.0000000e+00   4.8226171e-04
   3.1100000e+02   0.0000000e+00   4.7760813e-04
   3.1200000e+02   0.0000000e+00   4.7299945e-04
   3.1300000e+02   0.0000000e+00   4.6843524e-04
   3.1400000e+02   2.0000000e+00   4.6391507e-04
   3.1500000e+02   0.0000000e+00   4.5943852e-04
   3.1600000e+02   0.0000000e+00   4.5500517e-04
   3.1700000e+02   0.0000000e+00   4.5061460e-04
   3.1800000e+02   0.0000000e+00   4.4626640e-04
   3.1900000e+02   0.0000000e+00   4.4196015e-04
   3.2000000e+02   0.0000000e+00   4.3769546e-04
   3.2100000e+02   1.0000000e+00   4.3347191e-04
   3.2200000e+02   0.0000000e+00   4.2928913e-04
   3.2300000e+02   1.0000000e+00   4.2514670e-04
   3.2400000e+02   1.0000000e+00   4.2104425e-04
   3.2500000e+02   0.0000000e+00   4.1698138e-04
   3.2600000e+02   0.0000000e+00   4.1295772e-04
   3.2700000e+02   0.0000000e+00   4.0897289e-04
   3.2800000e+02   0.0000000e+00   4.0502650e-04
   3.2900000e+02   0.0000000e+00   4.0111820e-04
   3.3000000e+02   0.0000000e+00   3.9724761e-04
   3.3100000e+02   0.0000000e+00   3.9341437e-04
   3.3200000e+02   0.0000000e+00   3.8961812e-04
   3.3300000e+02   0.0000000e+00   3.8585850e-04
   3.3400000e+02   0.0000000e+00   3.8213516e-04
   3.3500000e+02   0.0000000e+00   3.7844774e-04
   3.3600000e+02   0.0000000e+00   3.7479591e-04
   3.3700000e+02   0.0000000e+00   3.7117932e-04
   3.3800000e+02   0.0000000e+00   3.6759763e-04
   3.3900000e+02   1.0000000e+00   3.6405049e-04
   3.4000000e+02   0.0000000e+00   3.6053759e-04
   3.4100000e+02   0.0000000e+00   3.5705858e-04
   3.4200000e+02   0.0000000e+00   3.5361314e-04
   3.4300000e+02   0.0000000e+00   3.5020096e-04
   3.4400000e+02   0.0000000e+00   3.4682169e-04
   3.4500000e+02   0.0000000e+00   3.4347504e-04
   3.4600000e+02   0.0000000e+00   3.4016067e-04
   3.4700000e+02   0.0000000e+00   3.3687829e-04
   3.4800000e+02   0.0000000e+00   3.3362759e-04
   3.4900000e+02   0.0000000e+00   3.3040825e-04
   3.5000000e+02   0.0000000e+00   3.2721997e-04
   3.5100000e+02   0.0000000e+00   3.2406246e-04
   3.5200000e+02   0.0000000e+00   3.2093542e-04
   3.5300000e+02   0.0000000e+00   3.1783856e-04
   3.5400000e+02   0.0000000e+00   3.1477158e-04
   3.5500000e+02   0.0000000e+00   3.1173419e-04
   3.5600000e+02   0.0000000e+00   3.0872611e-04
   3.5700000e+02   0.0000000e+00   3.0574706e-04
   3.5800000e+02   0.0000000e+00   3.0279675e-04
   3.5900000e+02   0.0000000e+00   2.9987491e-04
   3.6000000e+02   0.0000000e+00   2.9698127e-04
   3.6100000e+02   0.0000000e+00   2.9411555e-04
   3.6200000e+02   0.0000000e+00   2.9127748e-04
   3.6300000e+02   0.0000000e+00   2.8846680e-04
   3.6400000e+02   0.0000000e+00   2.8568324e-04
   3.6500000e+02   0.0000000e+00   2.8292654e-04
   3.6600000e+02   0.0000000e+00   2.8019644e-04
   3.6700000e+02   0.0000000e+00   2.7749269e-04
   3.6800000e+02   0.0000000e+00   2.7481502e-04
   3.6900000e+02   0.0000000e+00   2.7216319e-04
   3.7000000e+02   0.0000000e+00   2.6953696e-04
   3.7100000e+02   0.0000000e+00   2.6693606e-04
   3.7200000e+02   0.0000000e+00   2.6436026e-04
   3.7300000e+02   0.0000000e+00   2.6180932e-04
   3.7400000e+02   0.0000000e+00   2.5928299e-04
   3.7500000e+02   0.0000000e+00   2.5678104e-04
   3.7600000e+02   0.0000000e+00   2.5430323e-04
   3.7700000e+02   0.0000000e+00   2.5184933e-04
   3.7800000e+02   0.0000000e+00   2.4941911e-04
   3.7900000e+02   0.0000000e+00   2.4701234e-04
   3.8000000e+02   0.0000000e+00   2.4462879e-04
   3.8100000e+02   0.0000000e+00   2.4226825e-04
   3.8200000e+02   0.0000000e+00   2.3993048e-04
   3.8300000e+02   0.0000000e+00   2.3761527e-04
   3.8400000e+02   0.0000000e+00   2.3532240e-04
   3.8500000e+02   0.0000000e+00   2.3305166e-04
   3.8600000e+02   1.0000000e+00   2.3080283e-04
   3.8700000e+02   0.0000000e+00   2.2857570e-04
   3.8800000e+02   1.0000000e+00   2.2637006e-04
   3.8900000e+02   0.0000000e+00   2.2418570e-04
   3.9000000e+02   0.0000000e+00   2.2202242e-04
   3.9100000e+02   0.0000000e+00   2.1988001e-04
   3.9200000e+02   0.0000000e+00   2.1775828e-04
   3.9300000e+02   0.0000000e+00   2.1565702e-04
   3.9400000e+02   1.0000000e+00   2.1357604e-04
   3.9500000e+02   0.0000000e+00   2.1151514e-04
   3.9600000e+02   0.0000000e+00   2.0947412e-04
   3.9700000e+02   0.0000000e+00   2.0745280e-04
   3.9800000e+02   0.0000000e+00   2.0545099e-04
   3.9900000e+02   0.0000000e+00   2.0346849e-04
   4.0000000e+02   0.0000000e+00   2.0150512e-04
   4.0100000e+02   0.0000000e+00   1.9956070e-04
   4.0200000e+02   0.0000000e+00   1.9763504e-04
   4.0300000e+02   0.0000000e+00   1.9572796e-04
   4.0400000e+02   0.0000000e+00   1.9383928e-04
   4.0500000e+02   0.0000000e+00   1.9196883e-04
   4.0600000e+02   1.0000000e+00   1.9011643e-04
   4.0700000e+02   0.0000000e+00   1.8828190e-04
   4.0800000e+02   0.0000000e+00   1.8646507e-04
   4.0900000e+02   0.0000000e+00   1.8466578e-04
   4.1000000e+02   1.0000000e+00   1.8288384e-04
   4.1100000e+02   0.0000000e+00   1.8111911e-04
   4.1200000e+02   0.0000000e+00   1.7937140e-04
   4.1300000e+02   0.0000000e+00   1.7764055e-04
   4.1400000e+02   0.0000000e+00   1.7592641e-04
   4.1500000e+02   0.0000000e+00   1.7422881e-04
   4.1600000e+02   0.0000000e+00   1.7254759e-04
   4.1700000e+02   0.0000000e+00   1.7088259e-04
   4.1800000e+02   0.0000000e+00   1.6923366e-04
   4.1900000e+02   0.0000000e+00   1.6760064e-04
   4.2000000e+02   0.0000000e+00   1.6598338e-04
   4.2100000e+02   0.0000000e+00   1.6438172e-04
   4.2200000e+02   1.0000000e+00   1.6279552e-04
   4.2300000e+02   0.0000000e+00   1.6122463e-04
   4.2400000e+02   0.0000000e+00   1.5966889e-04
   4.2500000e+02   0.0000000e+00   1.5812816e-04
   4.2600000e+02   0.0000000e+00   1.5660231e-04
   4.2700000e+02   0.0000000e+00   1.5509117e-04
   4.2800000e+02   0.0000000e+00   1.5359462e-04
   4.2900000e+02   0.0000000e+00   1.5211251e-04
   4.3000000e+02   0.0000000e+00   1.5064470e-04
   4.3100000e+02   0.0000000e+00   1.4919105e-04
   4.3200000e+02   0.0000000e+00   1.4775143e-04
   4.3300000e+02   0.0000000e+00   1.4632571e-04
   4.3400000e+02   0.0000000e+00   1.4491374e-04
   4.3500000e+02   0.0000000e+00   1.4351539e-04
   4.3600000e+02   0.0000000e+00   1.4213054e-04
   4.3700000e+02   0.0000000e+00   1.4075905e-04
   4.3800000e+02   0.0000000e+00   1.3940080e-04
   4.3900000e+02   0.0000000e+00   1.3805565e-04
   4.4000000e+02   0.0000000e+00   1.3672348e-04
   4.4100000e+02   0.0000000e+00   1.3540417e-04
   4.4200000e+02   0.0000000e+00   1.3409759e-04
   4.4300000e+02   0.0000000e+00   1.3280361e-04
   4.4400000e+02   0.0000000e+00   1.3152212e-04
   4.4500000e+02   0.0000000e+00   1.3025300e-04
   4.4600000e+02   0.0000000e+00   1.2899613e-04
   4.4700000e+02   0.0000000e+00   1.2775138e-04
   4.4800000e+02   0.0000000e+00   1.2651864e-04
   4.4900000e+02   0.0000000e+00   1.2529780e-04
   4.5000000e+02   0.0000000e+00   1.2408874e-04
   4.5100000e+02   0.0000000e+00   1.2289134e-04
   4.5200000e+02   0.0000000e+00   1.2170550e-04
   4.5300000e+02   0.0000000e+00   1.2053111e-04
   4.5400000e+02   0.0000000e+00   1.1936804e-04
   4.5500000e+02   0.0000000e+00   1.1821620e-04
   4.5600000e+02   0.0000000e+00   1.1707547e-04
   4.5700000e+02   0.0000000e+00   1.1594575e-04
   4.5800000e+02   0.0000000e+00   1.1482693e-04
   4.5900000e+02   0.0000000e+00   1.1371891e-04
   4.6000000e+02   0.0000000e+00   1.1262158e-04
   4.6100000e+02   1.0000000e+00   1.1153484e-04
   4.6200000e+02   0.0000000e+00   1.1045858e-04
   4.6300000e+02   0.0000000e+00   1.0939271e-04
   4.6400000e+02   0.0000000e+00   1.0833713e-04
   4.6500000e+02   0.0000000e+00   1.0729173e-04
   4.6600000e+02   0.0000000e+00   1.0625642e-04
   4.6700000e+02   0.0000000e+00   1.0523110e-04
   4.6800000e+02   0.0000000e+00   1.0421567e-04
   4.6900000e+02   0.0000000e+00   1.0321004e-04
   4.7000000e+02   0.0000000e+00   1.0221412e-04
   4.7100000e+02   1.0000000e+00   1.0122780e-04
   4.7200000e+02   0.0000000e+00   1.0025100e-04
   4.7300000e+02   0.0000000e+00   9.9283632e-05
   4.7400000e+02   0.0000000e+00   9.8325595e-05
   4.7500000e+02   0.0000000e+00   9.7376802e-05
   4.7600000e+02   0.0000000e+00   9.6437165e-05
   4.7700000e+02   0.0000000e+00   9.5506594e-05
   4.7800000e+02   0.0000000e+00   9.4585004e-05
   4.7900000e+02   0.0000000e+00   9.3672306e-05
   4.8000000e+02   0.0000000e+00   9.2768415e-05
   4.8100000e+02   0.0000000e+00   9.1873246e-05
   4.8200000e+02   0.0000000e+00   9.0986715e-05
   4.8300000e+02   0.0000000e+00   9.0108739e-05
   4.8400000e+02   0.0000000e+00   8.9239235e-05
   4.8500000e+02   0.0000000e+00   8.8378121e-05
   4.8600000e+02   0.0000000e+00   8.7525316e-05
   4.8700000e+02   0.0000000e+00   8.6680741e-05
   4.8800000e+02   0.0000000e+00   8.5844315e-05
   4.8900000e+02   0.0000000e+00   8.5015961e-05
   4.9000000e+02   0.0000000e+00   8.4195599e-05
   4.9100000e+02   0.0000000e+00   8.3383154e-05
   4.9200000e+02   0.0000000e+00   8.2578548e-05
   4.9300000e+02   0.0000000e+00   8.1781707e-05
   4.9400000e+02   0.0000000e+00   8.0992554e-05
   4.9500000e+02   0.0000000e+00   8.0211016e-05
   4.9600000e+02   0.0000000e+00   7.9437020e-05
   4.9700000e+02   0.0000000e+00   7.8670493e-05
   4.9800000e+02   1.0000000e+00   7.7911362e-05
   4.9900000e+02   0.0000000e+00   7.7159556e-05
   5.0000000e+02   0.0000000e+00   7.6415005e-05
   5.0100000e+02   0.0000000e+00   7.5677639e-05
   5.0200000e+02   0.0000000e+00   7.4947388e-05
   5.0300000e+02   0.0000000e+00   7.4224183e-05
   5.0400000e+02   0.0000000e+00   7.3507957e-05
   5.0500000e+02   0.0000000e+00   7.2798642e-05
   5.0600000e+02   0.0000000e+00   7.2096171e-05
   5.0700000e+02   0.0000000e+00   7.1400479e-05
   5.0800000e+02   0.0000000e+00   7.0711500e-05
   5.0900000e+02   0.0000000e+00   7.0029170e-05
   5.1000000e+02   0.0000000e+00   6.9353423e-05
   5.1100000e+02   0.0000000e+00   6.8684198e-05
   5.1200000e+02   1.0000000e+00   6.8021430e-05
   5.1300000e+02   0.0000000e+00   6.7365057e-05
   5.1400000e+02   0.0000000e+00   6.6715018e-05
   5.1500000e+02   0.0000000e+00   6.6071251e-05
   5.1600000e+02   0.0000000e+00   6.5433697e-05
   5.1700000e+02   0.0000000e+00   6.4802294e-05
   5.1800000e+02   0.0000000e+00   6.4176985e-05
   5.1900000e+02   0.0000000e+00   6.3557709e-05
   5.2000000e+02   0.0000000e+00   6.2944409e-05
   5.2100000e+02   0.0000000e+00   6.2337027e-05
   5.2200000e+02   0.0000000e+00   6.1735506e-05
   5.2300000e+02   0.0000000e+00   6.1139789e-05
   5.2400000e+02   0.0000000e+00   6.0549821e-05
   5.2500000e+02   0.0000000e+00   5.9965545e-05
   5.2600000e+02   0.0000000e+00   5.9386908e-05
   5.2700000e+02   0.0000000e+00   5.8813854e-05
   5.2800000e+02   0.0000000e+00   5.8246330e-05
   5.2900000e+02   0.0000000e+00   5.7684282e-05
   5.3000000e+02   0.0000000e+00   5.7127658e-05
   5.3100000e+02   0.0000000e+00   5.6576404e-05
   5.3200000e+02   0.0000000e+00   5.6030470e-05
   5.3300000e+02   0.0000000e+00   5.5489804e-05
   5.3400000e+02   0.0000000e+00   5.4954355e-05
   5.3500000e+02   0.0000000e+00   5.4424073e-05
   5.3600000e+02   0.0000000e+00   5.3898908e-05
   5.3700000e+02   0.0000000e+00   5.3378811e-05
   5.3800000e+02   0.0000000e+00   5.2863732e-05
   5.3900000e+02   0.0000000e+00   5.2353624e-05
   5.4000000e+02   0.0000000e+00   5.1848437e-05
   5.4100000e+02   1.0000000e+00   5.1348126e-05
   5.4200000e+02   0.0000000e+00   5.0852642e-05
   5.4300000e+02   0.0000000e+00   5.0361940e-05
   5.4400000e+02   1.0000000e+00   4.9875972e-05
   5.4500000e+02   0.0000000e+00   4.9394694e-05
   5.4600000e+02   0.0000000e+00   4.8918060e-05
   5.4700000e+02   0.0000000e+00   4.8446025e-05
   5.4800000e+02   0.0000000e+00   4.7978545e-05
   5.4900000e+02   0.0000000e+00   4.7515577e-05
   5.5000000e+02   0.0000000e+00   4.7057075e-05
   5.5100000e+02   0.0000000e+00   4.6602998e-05
   5.5200000e+02   0.0000000e+00   4.6153302e-05
   5.5300000e+02   0.0000000e+00   4.5707946e-05
   5.5400000e+02   0.0000000e+00   4.5266887e-05
   5.5500000e+02   0.0000000e+00   4.4830084e-05
   5.5600000e+02   0.0000000e+00   4.4397497e-05
   5.5700000e+02   0.0000000e+00   4.3969083e-05
   5.5800000e+02   0.0000000e+00   4.3544803e-05
   5.5900000e+02   0.0000000e+00   4.3124618e-05
   5.6000000e+02   0.0000000e+00   4.2708487e-05
   5.6100000e+02   0.0000000e+00   4.2296371e-05
   5.6200000e+02   0.0000000e+00   4.1888233e-05
   5.6300000e+02   0.0000000e+00   4.1484032e-05
   5.6400000e+02   0.0000000e+00   4.1083732e-05
   5.6500000e+02   0.0000000e+00   4.0687295e-05
   5.6600000e+02   0.0000000e+00   4.0294683e-05
   5.6700000e+02   0.0000000e+00   3.9905859e-05
   5.6800000e+02   0.0000000e+00   3.9520787e-05
   5.6900000e+02   0.0000000e+00   3.9139432e-05
   5.7000000e+02   0.0000000e+00   3.8761756e-05
   5.7100000e+02   0.0000000e+00   3.8387724e-05
   5.7200000e+02   0.0000000e+00   3.8017302e-05
   5.7300000e+02   0.0000000e+00   3.7650454e-05
   5.7400000e+02   0.0000000e+00   3.7287146e-05
   5.7500000e+02   0.0000000e+00   3.6927344e-05
   5.7600000e+02   0.0000000e+00   3.6571013e-05
   5.7700000e+02   0.0000000e+00   3.6218121e-05
   5.7800000e+02   0.0000000e+00   3.5868635e-05
   5.7900000e+02   0.0000000e+00   3.5522520e-05
   5.8000000e+02   0.0000000e+00   3.5179746e-05
   5.8100000e+02   0.0000000e+00   3.4840279e-05
   5.8200000e+02   0.0000000e+00   3.4504088e-05
   5.8300000e+02   0.0000000e+00   3.4171140e-05
   5.8400000e+02   0.0000000e+00   3.3841406e-05
   5.8500000e+02   0.0000000e+00   3.3514853e-05
   5.8600000e+02   0.0000000e+00   3.3191452e-05
   5.8700000e+02   0.0000000e+00   3.2871171e-05
   5.8800000e+02   0.0000000e+00   3.2553981e-05
   5.8900000e+02   0.0000000e+00   3.2239851e-05
   5.9000000e+02   0.0000000e+00   3.1928753e-05
   5.9100000e+02   0.0000000e+00   3.1620656e-05
   5.9200000e+02   0.0000000e+00   3.1315533e-05
   5.9300000e+02   0.0000000e+00   3.1013354e-05
   5.9400000e+02   0.0000000e+00   3.0714090e-05
   5.9500000e+02   0.0000000e+00   3.0417715e-05
   5.9600000e+02   0.0000000e+00   3.0124199e-05
   5.9700000e+02   0.0000000e+00   2.9833516e-05
   5.9800000e+02   0.0000000e+00   2.9545637e-05
   5.9900000e+02   0.0000000e+00   2.9260536e-05
   6.0000000e+02   0.0000000e+00   2.8978187e-05
   6.0100000e+02   0.0000000e+00   2.8698562e-05
   6.0200000e+02   0.0000000e+00   2.8421635e-05
   6.0300000e+02   0.0000000e+00   2.8147381e-05
   6.0400000e+02   0.0000000e+00   2.7875773e-05
   6.0500000e+02   0.0000000e+00   2.7606785e-05
   6.0600000e+02   0.0000000e+00   2.7340394e-05
   6.0700000e+02   0.0000000e+00   2.7076573e-05
   6.0800000e+02   0.0000000e+00   2.6815297e-05
   6.0900000e+02   0.0000000e+00   2.6556543e-05
   6.1000000e+02   0.0000000e+00   2.6300286e-05
   6.1100000e+02   0.0000000e+00   2.6046501e-05
   6.1200000e+02   0.0000000e+00   2.5795165e-05
   6.1300000e+02   0.0000000e+00   2.5546255e-05
   6.1400000e+02   0.0000000e+00   2.5299746e-05
   6.1500000e+02   0.0000000e+00   2.5055617e-05
   6.1600000e+02   0.0000000e+00   2.4813842e-05
   6.1700000e+02   0.0000000e+00   2.4574401e-05
   6.1800000e+02   0.0000000e+00   2.4337271e-05
   6.1900000e+02   0.0000000e+00   2.4102428e-05
   6.2000000e+02   0.0000000e+00   2.3869852e-05
   6.2100000e+02   0.0000000e+00   2.3639520e-05
   6.2200000e+02   0.0000000e+00   2.3411410e-05
   6.2300000e+02   0.0000000e+00   2.3185502e-05
   6.2400000e+02   0.0000000e+00   2.2961773e-05
   6.2500000e+02   0.0000000e+00   2.2740204e-05
   6.2600000e+02   0.0000000e+00   2.2520772e-05
   6.2700000e+02   0.0000000e+00   2.2303458e-05
   6.2800000e+02   0.0000000e+00   2.2088241e-05
   6.2900000e+02   0.0000000e+00   2.1875100e-05
   6.3000000e+02   0.0000000e+00   2.1664017e-05
   6.3100000e+02   0.0000000e+00   2.1454970e-05
   6.3200000e+02   0.0000000e+00   2.1247940e-05
   6.3300000e+02   0.0000000e+00   2.1042908e-05
   6.3400000e+02   0.0000000e+00   2.0839854e-05
   6.3500000e+02   0.0000000e+00   2.0638760e-05
   6.3600000e+02   0.0000000e+00   2.0439607e-05
   6.3700000e+02   0.0000000e+00   2.0242375e-05
   6.3800000e+02   0.0000000e+00   2.0047046e-05
   6.3900000e+02   0.0000000e+00   1.9853602e-05
   6.4000000e+02   0.0000000e+00   1.9662025e-05
   6.4100000e+02   0.0000000e+00   1.9472296e-05
   6.4200000e+02   0.0000000e+00   1.9284398e-05
   6.4300000e+02   0.0000000e+00   1.9098313e-05
   6.4400000e+02   0.0000000e+00   1.8914024e-05
   6.4500000e+02   0.0000000e+00   1.8731513e-05
   6.4600000e+02   0.0000000e+00   1.8550763e-05
   6.4700000e+02   0.0000000e+00   1.8371758e-05
   6.4800000e+02   0.0000000e+00   1.8194480e-05
   6.4900000e+02   0.0000000e+00   1.8018912e-05
   6.5000000e+02   0.0000000e+00   1.7845039e-05
   6.5100000e+02   0.0000000e+00   1.7672843e-05
   6.5200000e+02   0.0000000e+00   1.7502309e-05
   6.5300000e+02   0.0000000e+00   1.7333420e-05
   6.5400000e+02   0.0000000e+00   1.7166161e-05
   6.5500000e+02   0.0000000e+00   1.7000517e-05
   6.5600000e+02   0.0000000e+00   1.6836470e-05
   6.5700000e+02   0.0000000e+00   1.6674007e-05
   6.5800000e+02   0.0000000e+00   1.6513111e-05
   6.5900000e+02   0.0000000e+00   1.6353768e-05
   6.6000000e+02   0.0000000e+00   1.6195962e-05
   6.6100000e+02   0.0000000e+00   1.6039679e-05
   6.6200000e+02   0.0000000e+00   1.5884904e-05
   6.6300000e+02   0.0000000e+00   1.5731623e-05
   6.6400000e+02   0.0000000e+00   1.5579820e-05
   6.6500000e+02   0.0000000e+00   1.5429483e-05
   6.6600000e+02   0.0000000e+00   1.5280596e-05
   6.6700000e+02   0.0000000e+00   1.5133146e-05
   6.6800000e+02   0.0000000e+00   1.4987119e-05
   6.6900000e+02   0.0000000e+00   1.4842501e-05
   6.7000000e+02   0.0000000e+00   1.4699278e-05
   6.7100000e+02   0.0000000e+00   1.4557437e-05
   6.7200000e+02   0.0000000e+00   1.4416965e-05
   6.7300000e+02   0.0000000e+00   1.4277849e-05
   6.7400000e+02   0.0000000e+00   1.4140075e-05
   6.7500000e+02   0.0000000e+00   1.4003630e-05
   6.7600000e+02   0.0000000e+00   1.3868502e-05
   6.7700000e+02   0.0000000e+00   1.3734678e-05
   6.7800000e+02   0.0000000e+00   1.3602145e-05
   6.7900000e+02   0.0000000e+00   1.3470891e-05
   6.8000000e+02   0.0000000e+00   1.3340904e-05
   6.8100000e+02   0.0000000e+00   1.3212171e-05
   6.8200000e+02   0.0000000e+00   1.3084680e-05
   6.8300000e+02   0.0000000e+00   1.2958420e-05
   6.8400000e+02   0.0000000e+00   1.2833377e-05
   6.8500000e+02   0.0000000e+00   1.2709542e-05
   6.8600000e+02   0.0000000e+00   1.2586901e-05
   6.8700000e+02   0.0000000e+00   1.2465444e-05
   6.8800000e+02   0.0000000e+00   1.2345158e-05
   6.8900000e+02   0.0000000e+00   1.2226034e-05
   6.9000000e+02   0.0000000e+00   1.2108059e-05
   6.9100000e+02   0.0000000e+00   1.1991222e-05
   6.9200000e+02   0.0000000e+00   1.1875513e-05
   6.9300000e+02   0.0000000e+00   1.1760920e-05
   6.9400000e+02   0.0000000e+00   1.1647433e-05
   6.9500000e+02   0.0000000e+00   1.1535041e-05
   6.9600000e+02   0.0000000e+00   1.1423734e-05
   6.9700000e+02   0.0000000e+00   1.1313500e-05
   6.9800000e+02   0.0000000e+00   1.1204331e-05
   6.9900000e+02   0.0000000e+00   1.1096215e-05
   7.0000000e+02   0.0000000e+00   1.0989142e-05
   7.0100000e+02   0.0000000e+00   1.0883102e-05
   7.0200000e+02   0.0000000e+00   1.0778085e-05
   7.0300000e+02   0.0000000e+00   1.0674082e-05
   7.0400000e+02   0.0000000e+00   1.0571083e-05
   7.0500000e+02   0.0000000e+00   1.0469077e-05
   7.0600000e+02   0.0000000e+00   1.0368056e-05
   7.0700000e+02   0.0000000e+00   1.0268009e-05
   7.0800000e+02   0.0000000e+00   1.0168928e-05
   7.0900000e+02   0.0000000e+00   1.0070803e-05
   7.1000000e+02   0.0000000e+00   9.9736248e-06
   7.1100000e+02   0.0000000e+00   9.8773843e-06
   7.1200000e+02   0.0000000e+00   9.7820725e-06
   7.1300000e+02   0.0000000e+00   9.6876804e-06
   7.1400000e+02   0.0000000e+00   9.5941992e-06
   7.1500000e+02   0.0000000e+00   9.5016199e-06
   7.1600000e+02   0.0000000e+00   9.4099341e-06
   7.1700000e+02   0.0000000e+00   9.3191329e-06
   7.1800000e+02   0.0000000e+00   9.2292080e-06
   7.1900000e+02   0.0000000e+00   9.1401507e-06
   7.2000000e+02   0.0000000e+00   9.0519529e-06
   7.2100000e+02   0.0000000e+00   8.9646060e-06
   7.2200000e+02   0.0000000e+00   8.8781021e-06
   7.2300000e+02   0.0000000e+00   8.7924328e-06
   7.2400000e+02   0.0000000e+00   8.7075903e-06
   7.2500000e+02   0.0000000e+00   8.6235664e-06
   7.2600000e+02   0.0000000e+00   8.5403533e-06
   7.2700000e+02   0.0000000e+00   8.4579432e-06
   7.2800000e+02   0.0000000e+00   8.3763283e-06
   7.2900000e+02   0.0000000e+00   8.2955009e-06
   7.3000000e+02   0.0000000e+00   8.2154535e-06
   7.3100000e+02   0.0000000e+00   8.1361784e-06
   7.3200000e+02   0.0000000e+00   8.0576684e-06
   7.3300000e+02   0.0000000e+00   7.9799159e-06
   7.3400000e+02   0.0000000e+00   7.9029137e-06
   7.3500000e+02   0.0000000e+00   7.8266546e-06
   7.3600000e+02   0.0000000e+00   7.7511313e-06
   7.3700000e+02   0.0000000e+00   7.6763368e-06
   7.3800000e+02   0.0000000e+00   7.6022640e-06
   7.3900000e+02   0.0000000e+00   7.5289059e-06
   7.4000000e+02   0.0000000e+00   7.4562557e-06
   7.4100000e+02   0.0000000e+00   7.3843066e-06
   7.4200000e+02   0.0000000e+00   7.3130518e-06
   7.4300000e+02   0.0000000e+00   7.2424845e-06
   7.4400000e+02   0.0000000e+00   7.1725981e-06
   7.4500000e+02   0.0000000e+00   7.1033861e-06
   7.4600000e+02   0.0000000e+00   7.0348420e-06
   7.4700000e+02   0.0000000e+00   6.9669593e-06
   7.4800000e+02   0.0000000e+00   6.8997317e-06
   7.4900000e+02   0.0000000e+00   6.8331527e-06
   7.5000000e+02   0.0000000e+00   6.7672162e-06
   7.5100000e+02   0.0000000e+00   6.7019160e-06
   7.5200000e+02   0.0000000e+00   6.6372458e-06
   7.5300000e+02   0.0000000e+00   6.5731997e-06
   7.5400000e+02   0.0000000e+00   6.5097716e-06
   7.5500000e+02   0.0000000e+00   6.4469556e-06
   7.5600000e+02   0.0000000e+00   6.3847457e-06
   7.5700000e+02   0.0000000e+00   6.3231361e-06
   7.5800000e+02   0.0000000e+00   6.2621210e-06
   7.5900000e+02   0.0000000e+00   6.2016947e-06
   7.6000000e+02   0.0000000e+00   6.1418514e-06
   7.6100000e+02   0.0000000e+00   6.0825857e-06
   7.6200000e+02   0.0000000e+00   6.0238918e-06
   7.6300000e+02   0.0000000e+00   5.9657642e-06
   7.6400000e+02   0.0000000e+00   5.9081976e-06
   7.6500000e+02   0.0000000e+00   5.8511864e-06
   7.6600000e+02   0.0000000e+00   5.7947254e-06
   7.6700000e+02   0.0000000e+00   5.7388092e-06
   7.6800000e+02   0.0000000e+00   5.6834326e-06
   7.6900000e+02   0.0000000e+00   5.6285903e-06
   7.7000000e+02   0.0000000e+00   5.5742772e-06
   7.7100000e+02   0.0000000e+00   5.5204882e-06
   7.7200000e+02   0.0000000e+00   5.4672183e-06
   7.7300000e+02   0.0000000e+00   5.4144624e-06
   7.7400000e+02   0.0000000e+00   5.3622155e-06
   7.7500000e+02   0.0000000e+00   5.3104728e-06
   7.7600000e+02   0.0000000e+00   5.2592294e-06
   7.7700000e+02   0.0000000e+00   5.2084805e-06
   7.7800000e+02   0.0000000e+00   5.1582213e-06
   7.7900000e+02   0.0000000e+00   5.1084470e-06
   7.8000000e+02   0.0000000e+00   5.0591531e-06
   7.8100000e+02   0.0000000e+00   5.0103348e-06
   7.8200000e+02   0.0000000e+00   4.9619876e-06
   7.8300000e+02   0.0000000e+00   4.9141069e-06
   7.8400000e+02   0.0000000e+00   4.8666882e-06
   7.8500000e+02   0.0000000e+00   4.8197271e-06
   7.8600000e+02   0.0000000e+00   4.7732191e-06
   7.8700000e+02   0.0000000e+00   4.7271600e-06
   7.8800000e+02   0.0000000e+00   4.6815452e-06
   7.8900000e+02   0.0000000e+00   4.6363707e-06
   7.9000000e+02   0.0000000e+00   4.5916320e-06
   7.9100000e+02   0.0000000e+00   4.5473251e-06
   7.9200000e+02   0.0000000e+00   4.5034457e-06
   7.9300000e+02   0.0000000e+00   4.4599897e-06
   7.9400000e+02   0.0000000e+00   4.4169530e-06
   7.9500000e+02   0.0000000e+00   4.3743316e-06
   7.9600000e+02   0.0000000e+00   4.3321215e-06
   7.9700000e+02   0.0000000e+00   4.2903187e-06
   7.9800000e+02   0.0000000e+00   4.2489193e-06
   7.9900000e+02   0.0000000e+00   4.2079193e-06
   8.0000000e+02   0.0000000e+00   4.1673150e-06
   8.0100000e+02   0.0000000e+00   4.1271025e-06
   8.0200000e+02   0.0000000e+00   4.0872781e-06
   8.0300000e+02   0.0000000e+00   4.0478379e-06
   8.0400000e+02   0.0000000e+00   4.0087783e-06
   8.0500000e+02   0.0000000e+00   3.9700956e-06
   8.0600000e+02   0.0000000e+00   3.9317861e-06
   8.0700000e+02   0.0000000e+00   3.8938464e-06
   8.0800000e+02   0.0000000e+00   3.8562727e-06
   8.0900000e+02   0.0000000e+00   3.8190616e-06
   8.1000000e+02   0.0000000e+00   3.7822096e-06
   8.1100000e+02   0.0000000e+00   3.7457131e-06
   8.1200000e+02   0.0000000e+00   3.7095689e-06
   8.1300000e+02   0.0000000e+00   3.6737734e-06
   8.1400000e+02   0.0000000e+00   3.6383233e-06
   8.1500000e+02   0.0000000e+00   3.6032153e-06
   8.1600000e+02   0.0000000e+00   3.5684461e-06
   8.1700000e+02   0.0000000e+00   3.5340124e-06
   8.1800000e+02   0.0000000e+00   3.4999109e-06
   8.1900000e+02   0.0000000e+00   3.4661386e-06
   8.2000000e+02   0.0000000e+00   3.4326921e-06
   8.2100000e+02   0.0000000e+00   3.3995683e-06
   8.2200000e+02   0.0000000e+00   3.3667642e-06
   8.2300000e+02   0.0000000e+00   3.3342766e-06
   8.2400000e+02   0.0000000e+00   3.3021025e-06
   8.2500000e+02   0.0000000e+00   3.2702388e-06
   8.2600000e+02   0.0000000e+00   3.2386827e-06
   8.2700000e+02   0.0000000e+00   3.2074310e-06
   8.2800000e+02   0.0000000e+00   3.1764809e-06
   8.2900000e+02   0.0000000e+00   3.1458295e-06
   8.3000000e+02   0.0000000e+00   3.1154738e-06
   8.3100000e+02   0.0000000e+00   3.0854110e-06
   8.3200000e+02   0.0000000e+00   3.0556384e-06
   8.3300000e+02   0.0000000e+00   3.0261530e-06
   8.3400000e+02   0.0000000e+00   2.9969521e-06
   8.3500000e+02   0.0000000e+00   2.9680330e-06
   8.3600000e+02   0.0000000e+00   2.9393930e-06
   8.3700000e+02   0.0000000e+00   2.9110293e-06
   8.3800000e+02   0.0000000e+00   2.8829393e-06
   8.3900000e+02   0.0000000e+00   2.8551204e-06
   8.4000000e+02   0.0000000e+00   2.8275699e-06
   8.4100000e+02   0.0000000e+00   2.8002853e-06
   8.4200000e+02   0.0000000e+00   2.7732640e-06
   8.4300000e+02   0.0000000e+00   2.7465034e-06
   8.4400000e+02   0.0000000e+00   2.7200010e-06
   8.4500000e+02   0.0000000e+00   2.6937543e-06
   8.4600000e+02   0.0000000e+00   2.6677609e-06
   8.4700000e+02   0.0000000e+00   2.6420184e-06
   8.4800000e+02   0.0000000e+00   2.6165242e-06
   8.4900000e+02   0.0000000e+00   2.5912761e-06
   8.5000000e+02   0.0000000e+00   2.5662716e-06
   8.5100000e+02   0.0000000e+00   2.5415083e-06
   8.5200000e+02   0.0000000e+00   2.5169841e-06
   8.5300000e+02   0.0000000e+00   2.4926964e-06
   8.5400000e+02   1.0000000e+00   2.4686431e-06
