   1.0000000e+00   4.0000000e+00   9.7668810e-03
   2.0000000e+00   7.0000000e+00   9.6714891e-03
   3.0000000e+00   1.0000000e+00   9.5770288e-03
   4.0000000e+00   4.0000000e+00   9.4834911e-03
   5.0000000e+00   7.0000000e+00   9.3908670e-03
   6.0000000e+00   3.0000000e+00   9.2991475e-03
   7.0000000e+00   3.0000000e+00   9.2083238e-03
   8.0000000e+00   7.0000000e+00   9.1183872e-03
   9.0000000e+00   2.0000000e+00   9.0293290e-03
   1.0000000e+01   5.0000000e+00   8.9411406e-03
   1.1000000e+01   5.0000000e+00   8.8538136e-03
   1.2000000e+01   4.0000000e+00   8.7673394e-03
   1.3000000e+01   8.0000000e+00   8.6817099e-03
   1.4000000e+01   5.0000000e+00   8.5969166e-03
   1.5000000e+01   5.0000000e+00   8.5129516e-03
   1.6000000e+01   4.0000000e+00   8.4298066e-03
   1.7000000e+01   2.0000000e+00   8.3474737e-03
   1.8000000e+01   2.0000000e+00   8.2659449e-03
   1.9000000e+01   2.0000000e+00   8.1852124e-03
   2.0000000e+01   4.0000000e+00   8.1052684e-03
   2.1000000e+01   2.0000000e+00   8.0261052e-03
   2.2000000e+01   7.0000000e+00   7.9477152e-03
   2.3000000e+01   5.0000000e+00   7.8700908e-03
   2.4000000e+01   3.0000000e+00   7.7932245e-03
   2.5000000e+01   2.0000000e+00   7.7171091e-03
   2.6000000e+01   2.0000000e+00   7.6417370e-03
   2.7000000e+01   5.0000000e+00   7.5671010e-03
   2.8000000e+01   3.0000000e+00   7.4931941e-03
   2.9000000e+01   3.0000000e+00   7.4200089e-03
   3.0000000e+01   5.0000000e+00   7.3475386e-03
   3.1000000e+01   0.0000000e+00   7.2757760e-03
   3.2000000e+01   2.0000000e+00   7.2047144e-03
   3.3000000e+01   3.0000000e+00   7.1343468e-03
   3.4000000e+01   2.0000000e+00   7.0646665e-03
   3.5000000e+01   2.0000000e+00   6.9956667e-03
   3.6000000e+01   3.0000000e+00   6.9273409e-03
   3.7000000e+01   2.0000000e+00   6.8596824e-03
   3.8000000e+01   5.0000000e+00   6.7926847e-03
   3.9000000e+01   4.0000000e+00   6.7263413e-03
   4.0000000e+01   5.0000000e+00   6.6606460e-03
   4.1000000e+01   4.0000000e+00   6.5955922e-03
   4.2000000e+01   3.0000000e+00   6.5311739e-03
   4.3000000e+01   4.0000000e+00   6.4673847e-03
   4.4000000e+01   6.0000000e+00   6.4042185e-03
   4.5000000e+01   1.0000000e+00   6.3416692e-03
   4.6000000e+01   2.0000000e+00   6.2797309e-03
   4.7000000e+01   5.0000000e+00   6.2183975e-03
   4.8000000e+01   4.0000000e+00   6.1576632e-03
   4.9000000e+01   6.0000000e+00   6.0975220e-03
   5.0000000e+01   5.0000000e+00   6.0379682e-03
   5.1000000e+01   2.0000000e+00   5.9789961e-03
   5.2000000e+01   2.0000000e+00   5.9206000e-03
   5.3000000e+01   4.0000000e+00   5.8627742e-03
   5.4000000e+01   5.0000000e+00   5.8055132e-03
   5.5000000e+01   3.0000000e+00   5.7488114e-03
   5.6000000e+01   4.0000000e+00   5.6926635e-03
   5.7000000e+01   2.0000000e+00   5.6370639e-03
   5.8000000e+01   3.0000000e+00   5.5820074e-03
   5.9000000e+01   2.0000000e+00   5.5274886e-03
   6.0000000e+01   3.0000000e+00   5.4735022e-03
   6.1000000e+01   1.0000000e+00   5.4200432e-03
   6.2000000e+01   2.0000000e+00   5.3671063e-03
   6.3000000e+01   4.0000000e+00   5.3146864e-03
   6.4000000e+01   0.0000000e+00   5.2627785e-03
   6.5000000e+01   0.0000000e+00   5.2113775e-03
   6.6000000e+01   3.0000000e+00   5.1604786e-03
   6.7000000e+01   5.0000000e+00   5.1100769e-03
   6.8000000e+01   6.0000000e+00   5.0601673e-03
   6.9000000e+01   3.0000000e+00   5.0107453e-03
   7.0000000e+01   2.0000000e+00   4.9618059e-03
   7.1000000e+01   1.0000000e+00   4.9133446e-03
   7.2000000e+01   4.0000000e+00   4.8653565e-03
   7.3000000e+01   3.0000000e+00   4.8178372e-03
   7.4000000e+01   1.0000000e+00   4.7707819e-03
   7.5000000e+01   2.0000000e+00   4.7241863e-03
   7.6000000e+01   1.0000000e+00   4.6780457e-03
   7.7000000e+01   2.0000000e+00   4.6323558e-03
   7.8000000e+01   3.0000000e+00   4.5871121e-03
   7.9000000e+01   1.0000000e+00   4.5423103e-03
   8.0000000e+01   2.0000000e+00   4.4979461e-03
   8.1000000e+01   3.0000000e+00   4.4540152e-03
   8.2000000e+01   3.0000000e+00   4.4105134e-03
   8.3000000e+01   4.0000000e+00   4.3674364e-03
   8.4000000e+01   4.0000000e+00   4.3247802e-03
   8.5000000e+01   0.0000000e+00   4.2825406e-03
   8.6000000e+01   4.0000000e+00   4.2407135e-03
   8.7000000e+01   4.0000000e+00   4.1992950e-03
   8.8000000e+01   2.0000000e+00   4.1582810e-03
   8.9000000e+01   2.0000000e+00   4.1176675e-03
   9.0000000e+01   2.0000000e+00   4.0774508e-03
   9.1000000e+01   2.0000000e+00   4.0376268e-03
   9.2000000e+01   4.0000000e+00   3.9981918e-03
   9.3000000e+01   2.0000000e+00   3.9591419e-03
   9.4000000e+01   1.0000000e+00   3.9204734e-03
   9.5000000e+01   1.0000000e+00   3.8821826e-03
   9.6000000e+01   1.0000000e+00   3.8442658e-03
   9.7000000e+01   2.0000000e+00   3.8067193e-03
   9.8000000e+01   3.0000000e+00   3.7695395e-03
   9.9000000e+01   5.0000000e+00   3.7327229e-03
   1.0000000e+02   0.0000000e+00   3.6962658e-03
   1.0100000e+02   1.0000000e+00   3.6601649e-03
   1.0200000e+02   1.0000000e+00   3.6244165e-03
   1.0300000e+02   1.0000000e+00   3.5890172e-03
   1.0400000e+02   0.0000000e+00   3.5539637e-03
   1.0500000e+02   0.0000000e+00   3.5192526e-03
   1.0600000e+02   2.0000000e+00   3.4848805e-03
   1.0700000e+02   0.0000000e+00   3.4508440e-03
   1.0800000e+02   1.0000000e+00   3.4171401e-03
   1.0900000e+02   3.0000000e+00   3.3837653e-03
   1.1000000e+02   1.0000000e+00   3.3507164e-03
   1.1100000e+02   1.0000000e+00   3.3179904e-03
   1.1200000e+02   3.0000000e+00   3.2855840e-03
   1.1300000e+02   3.0000000e+00   3.2534940e-03
   1.1400000e+02   0.0000000e+00   3.2217176e-03
   1.1500000e+02   0.0000000e+00   3.1902514e-03
   1.1600000e+02   0.0000000e+00   3.1590926e-03
   1.1700000e+02   0.0000000e+00   3.1282381e-03
   1.1800000e+02   0.0000000e+00   3.0976850e-03
   1.1900000e+02   0.0000000e+00   3.0674303e-03
   1.2000000e+02   1.0000000e+00   3.0374711e-03
   1.2100000e+02   0.0000000e+00   3.0078044e-03
   1.2200000e+02   3.0000000e+00   2.9784276e-03
   1.2300000e+02   0.0000000e+00   2.9493376e-03
   1.2400000e+02   1.0000000e+00   2.9205318e-03
   1.2500000e+02   2.0000000e+00   2.8920073e-03
   1.2600000e+02   3.0000000e+00   2.8637614e-03
   1.2700000e+02   0.0000000e+00   2.8357914e-03
   1.2800000e+02   3.0000000e+00   2.8080946e-03
   1.2900000e+02   1.0000000e+00   2.7806682e-03
   1.3000000e+02   1.0000000e+00   2.7535098e-03
   1.3100000e+02   2.0000000e+00   2.7266166e-03
   1.3200000e+02   1.0000000e+00   2.6999860e-03
   1.3300000e+02   2.0000000e+00   2.6736156e-03
   1.3400000e+02   0.0000000e+00   2.6475027e-03
   1.3500000e+02   1.0000000e+00   2.6216449e-03
   1.3600000e+02   0.0000000e+00   2.5960396e-03
   1.3700000e+02   0.0000000e+00   2.5706844e-03
   1.3800000e+02   2.0000000e+00   2.5455768e-03
   1.3900000e+02   1.0000000e+00   2.5207145e-03
   1.4000000e+02   1.0000000e+00   2.4960949e-03
   1.4100000e+02   3.0000000e+00   2.4717159e-03
   1.4200000e+02   3.0000000e+00   2.4475749e-03
   1.4300000e+02   1.0000000e+00   2.4236697e-03
   1.4400000e+02   1.0000000e+00   2.3999980e-03
   1.4500000e+02   1.0000000e+00   2.3765576e-03
   1.4600000e+02   1.0000000e+00   2.3533460e-03
   1.4700000e+02   1.0000000e+00   2.3303611e-03
   1.4800000e+02   2.0000000e+00   2.3076008e-03
   1.4900000e+02   1.0000000e+00   2.2850627e-03
   1.5000000e+02   4.0000000e+00   2.2627448e-03
   1.5100000e+02   2.0000000e+00   2.2406448e-03
   1.5200000e+02   0.0000000e+00   2.2187607e-03
   1.5300000e+02   1.0000000e+00   2.1970903e-03
   1.5400000e+02   3.0000000e+00   2.1756316e-03
   1.5500000e+02   0.0000000e+00   2.1543825e-03
   1.5600000e+02   0.0000000e+00   2.1333409e-03
   1.5700000e+02   1.0000000e+00   2.1125048e-03
   1.5800000e+02   3.0000000e+00   2.0918722e-03
   1.5900000e+02   1.0000000e+00   2.0714412e-03
   1.6000000e+02   2.0000000e+00   2.0512096e-03
   1.6100000e+02   1.0000000e+00   2.0311757e-03
   1.6200000e+02   1.0000000e+00   2.0113375e-03
   1.6300000e+02   3.0000000e+00   1.9916930e-03
   1.6400000e+02   1.0000000e+00   1.9722403e-03
   1.6500000e+02   0.0000000e+00   1.9529777e-03
   1.6600000e+02   1.0000000e+00   1.9339032e-03
   1.6700000e+02   1.0000000e+00   1.9150150e-03
   1.6800000e+02   1.0000000e+00   1.8963113e-03
   1.6900000e+02   1.0000000e+00   1.8777902e-03
   1.7000000e+02   3.0000000e+00   1.8594501e-03
   1.7100000e+02   2.0000000e+00   1.8412891e-03
   1.7200000e+02   0.0000000e+00   1.8233054e-03
   1.7300000e+02   1.0000000e+00   1.8054974e-03
   1.7400000e+02   0.0000000e+00   1.7878633e-03
   1.7500000e+02   0.0000000e+00   1.7704015e-03
   1.7600000e+02   0.0000000e+00   1.7531102e-03
   1.7700000e+02   1.0000000e+00   1.7359877e-03
   1.7800000e+02   0.0000000e+00   1.7190326e-03
   1.7900000e+02   2.0000000e+00   1.7022430e-03
   1.8000000e+02   0.0000000e+00   1.6856174e-03
   1.8100000e+02   0.0000000e+00   1.6691541e-03
   1.8200000e+02   0.0000000e+00   1.6528517e-03
   1.8300000e+02   2.0000000e+00   1.6367085e-03
   1.8400000e+02   0.0000000e+00   1.6207230e-03
   1.8500000e+02   0.0000000e+00   1.6048936e-03
   1.8600000e+02   2.0000000e+00   1.5892188e-03
   1.8700000e+02   0.0000000e+00   1.5736971e-03
   1.8800000e+02   0.0000000e+00   1.5583269e-03
   1.8900000e+02   0.0000000e+00   1.5431069e-03
   1.9000000e+02   3.0000000e+00   1.5280356e-03
   1.9100000e+02   0.0000000e+00   1.5131115e-03
   1.9200000e+02   0.0000000e+00   1.4983331e-03
   1.9300000e+02   1.0000000e+00   1.4836990e-03
   1.9400000e+02   1.0000000e+00   1.4692079e-03
   1.9500000e+02   1.0000000e+00   1.4548583e-03
   1.9600000e+02   0.0000000e+00   1.4406489e-03
   1.9700000e+02   0.0000000e+00   1.4265783e-03
   1.9800000e+02   0.0000000e+00   1.4126451e-03
   1.9900000e+02   0.0000000e+00   1.3988479e-03
   2.0000000e+02   2.0000000e+00   1.3851855e-03
   2.0100000e+02   0.0000000e+00   1.3716566e-03
   2.0200000e+02   0.0000000e+00   1.3582598e-03
   2.0300000e+02   1.0000000e+00   1.3449938e-03
   2.0400000e+02   0.0000000e+00   1.3318574e-03
   2.0500000e+02   0.0000000e+00   1.3188493e-03
   2.0600000e+02   0.0000000e+00   1.3059683e-03
   2.0700000e+02   0.0000000e+00   1.2932131e-03
   2.0800000e+02   0.0000000e+00   1.2805824e-03
   2.0900000e+02   2.0000000e+00   1.2680751e-03
   2.1000000e+02   1.0000000e+00   1.2556900e-03
   2.1100000e+02   1.0000000e+00   1.2434258e-03
   2.1200000e+02   1.0000000e+00   1.2312814e-03
   2.1300000e+02   0.0000000e+00   1.2192556e-03
   2.1400000e+02   0.0000000e+00   1.2073473e-03
   2.1500000e+02   0.0000000e+00   1.1955553e-03
   2.1600000e+02   1.0000000e+00   1.1838784e-03
   2.1700000e+02   1.0000000e+00   1.1723156e-03
   2.1800000e+02   0.0000000e+00   1.1608658e-03
   2.1900000e+02   0.0000000e+00   1.1495277e-03
   2.2000000e+02   2.0000000e+00   1.1383004e-03
   2.2100000e+02   0.0000000e+00   1.1271828e-03
   2.2200000e+02   0.0000000e+00   1.1161737e-03
   2.2300000e+02   0.0000000e+00   1.1052722e-03
   2.2400000e+02   0.0000000e+00   1.0944771e-03
   2.2500000e+02   1.0000000e+00   1.0837875e-03
   2.2600000e+02   0.0000000e+00   1.0732023e-03
   2.2700000e+02   1.0000000e+00   1.0627204e-03
   2.2800000e+02   0.0000000e+00   1.0523410e-03
   2.2900000e+02   0.0000000e+00   1.0420629e-03
   2.3000000e+02   1.0000000e+00   1.0318852e-03
   2.3100000e+02   1.0000000e+00   1.0218069e-03
   2.3200000e+02   2.0000000e+00   1.0118270e-03
   2.3300000e+02   0.0000000e+00   1.0019446e-03
   2.3400000e+02   1.0000000e+00   9.9215874e-04
   2.3500000e+02   1.0000000e+00   9.8246844e-04
   2.3600000e+02   0.0000000e+00   9.7287279e-04
   2.3700000e+02   0.0000000e+00   9.6337086e-04
   2.3800000e+02   0.0000000e+00   9.5396173e-04
   2.3900000e+02   0.0000000e+00   9.4464450e-04
   2.4000000e+02   0.0000000e+00   9.3541827e-04
   2.4100000e+02   0.0000000e+00   9.2628215e-04
   2.4200000e+02   0.0000000e+00   9.1723526e-04
   2.4300000e+02   0.0000000e+00   9.0827674e-04
   2.4400000e+02   0.0000000e+00   8.9940570e-04
   2.4500000e+02   0.0000000e+00   8.9062132e-04
   2.4600000e+02   0.0000000e+00   8.8192272e-04
   2.4700000e+02   1.0000000e+00   8.7330909e-04
   2.4800000e+02   0.0000000e+00   8.6477958e-04
   2.4900000e+02   1.0000000e+00   8.5633338e-04
   2.5000000e+02   1.0000000e+00   8.4796968e-04
   2.5100000e+02   0.0000000e+00   8.3968766e-04
   2.5200000e+02   1.0000000e+00   8.3148653e-04
   2.5300000e+02   0.0000000e+00   8.2336550e-04
   2.5400000e+02   0.0000000e+00   8.1532379e-04
   2.5500000e+02   0.0000000e+00   8.0736062e-04
   2.5600000e+02   1.0000000e+00   7.9947522e-04
   2.5700000e+02   0.0000000e+00   7.9166684e-04
   2.5800000e+02   1.0000000e+00   7.8393473e-04
   2.5900000e+02   1.0000000e+00   7.7627813e-04
   2.6000000e+02   0.0000000e+00   7.6869631e-04
   2.6100000e+02   0.0000000e+00   7.6118855e-04
   2.6200000e+02   0.0000000e+00   7.5375411e-04
   2.6300000e+02   0.0000000e+00   7.4639228e-04
   2.6400000e+02   1.0000000e+00   7.3910236e-04
   2.6500000e+02   0.0000000e+00   7.3188363e-04
   2.6600000e+02   1.0000000e+00   7.2473541e-04
   2.6700000e+02   0.0000000e+00   7.1765701e-04
   2.6800000e+02   0.0000000e+00   7.1064774e-04
   2.6900000e+02   0.0000000e+00   7.0370693e-04
   2.7000000e+02   0.0000000e+00   6.9683390e-04
   2.7100000e+02   0.0000000e+00   6.9002801e-04
   2.7200000e+02   0.0000000e+00   6.8328859e-04
   2.7300000e+02   1.0000000e+00   6.7661499e-04
   2.7400000e+02   0.0000000e+00   6.7000657e-04
   2.7500000e+02   0.0000000e+00   6.6346270e-04
   2.7600000e+02   1.0000000e+00   6.5698274e-04
   2.7700000e+02   0.0000000e+00   6.5056606e-04
   2.7800000e+02   0.0000000e+00   6.4421206e-04
   2.7900000e+02   0.0000000e+00   6.3792012e-04
   2.8000000e+02   0.0000000e+00   6.3168963e-04
   2.8100000e+02   0.0000000e+00   6.2551999e-04
   2.8200000e+02   1.0000000e+00   6.1941061e-04
   2.8300000e+02   0.0000000e+00   6.1336090e-04
   2.8400000e+02   0.0000000e+00   6.0737028e-04
   2.8500000e+02   2.0000000e+00   6.0143817e-04
   2.8600000e+02   0.0000000e+00   5.9556399e-04
   2.8700000e+02   1.0000000e+00   5.8974719e-04
   2.8800000e+02   1.0000000e+00   5.8398720e-04
   2.8900000e+02   1.0000000e+00   5.7828347e-04
   2.9000000e+02   0.0000000e+00   5.7263544e-04
   2.9100000e+02   0.0000000e+00   5.6704258e-04
   2.9200000e+02   0.0000000e+00   5.6150434e-04
   2.9300000e+02   0.0000000e+00   5.5602019e-04
   2.9400000e+02   0.0000000e+00   5.5058961e-04
   2.9500000e+02   0.0000000e+00   5.4521207e-04
   2.9600000e+02   0.0000000e+00   5.3988705e-04
   2.9700000e+02   1.0000000e+00   5.3461403e-04
   2.9800000e+02   0.0000000e+00   5.2939252e-04
   2.9900000e+02   1.0000000e+00   5.2422201e-04
   3.0000000e+02   1.0000000e+00   5.1910199e-04
   3.0100000e+02   0.0000000e+00   5.1403199e-04
   3.0200000e+02   0.0000000e+00   5.0901150e-04
   3.0300000e+02   0.0000000e+00   5.0404004e-04
   3.0400000e+02   0.0000000e+00   4.9911714e-04
   3.0500000e+02   1.0000000e+00   4.9424233e-04
   3.0600000e+02   0.0000000e+00   4.8941512e-04
   3.0700000e+02   2.0000000e+00   4.8463506e-04
   3.0800000e+02   1.0000000e+00   4.7990169e-04
   3.0900000e+02   0.0000000e+00   4.7521455e-04
   3.1000000e+02   0.0000000e+00   4.7057318e-04
   3.1100000e+02   3.0000000e+00   4.6597715e-04
   3.1200000e+02   0.0000000e+00   4.6142601e-04
   3.1300000e+02   1.0000000e+00   4.5691931e-04
   3.1400000e+02   0.0000000e+00   4.5245664e-04
   3.1500000e+02   0.0000000e+00   4.4803755e-04
   3.1600000e+02   0.0000000e+00   4.4366162e-04
   3.1700000e+02   0.0000000e+00   4.3932843e-04
   3.1800000e+02   0.0000000e+00   4.3503756e-04
   3.1900000e+02   0.0000000e+00   4.3078860e-04
   3.2000000e+02   0.0000000e+00   4.2658114e-04
   3.2100000e+02   0.0000000e+00   4.2241477e-04
   3.2200000e+02   1.0000000e+00   4.1828909e-04
   3.2300000e+02   0.0000000e+00   4.1420371e-04
   3.2400000e+02   0.0000000e+00   4.1015824e-04
   3.2500000e+02   0.0000000e+00   4.0615227e-04
   3.2600000e+02   0.0000000e+00   4.0218543e-04
   3.2700000e+02   1.0000000e+00   3.9825733e-04
   3.2800000e+02   0.0000000e+00   3.9436760e-04
   3.2900000e+02   0.0000000e+00   3.9051586e-04
   3.3000000e+02   1.0000000e+00   3.8670174e-04
   3.3100000e+02   0.0000000e+00   3.8292487e-04
   3.3200000e+02   0.0000000e+00   3.7918488e-04
   3.3300000e+02   0.0000000e+00   3.7548143e-04
   3.3400000e+02   0.0000000e+00   3.7181415e-04
   3.3500000e+02   1.0000000e+00   3.6818268e-04
   3.3600000e+02   0.0000000e+00   3.6458669e-04
   3.3700000e+02   0.0000000e+00   3.6102581e-04
   3.3800000e+02   0.0000000e+00   3.5749972e-04
   3.3900000e+02   0.0000000e+00   3.5400806e-04
   3.4000000e+02   0.0000000e+00   3.5055050e-04
   3.4100000e+02   0.0000000e+00   3.4712672e-04
   3.4200000e+02   0.0000000e+00   3.4373637e-04
   3.4300000e+02   0.0000000e+00   3.4037914e-04
   3.4400000e+02   0.0000000e+00   3.3705470e-04
   3.4500000e+02   0.0000000e+00   3.3376273e-04
   3.4600000e+02   1.0000000e+00   3.3050291e-04
   3.4700000e+02   0.0000000e+00   3.2727492e-04
   3.4800000e+02   1.0000000e+00   3.2407847e-04
   3.4900000e+02   0.0000000e+00   3.2091323e-04
   3.5000000e+02   0.0000000e+00   3.1777891e-04
   3.5100000e+02   1.0000000e+00   3.1467520e-04
   3.5200000e+02   0.0000000e+00   3.1160181e-04
   3.5300000e+02   0.0000000e+00   3.0855843e-04
   3.5400000e+02   0.0000000e+00   3.0554478e-04
   3.5500000e+02   0.0000000e+00   3.0256056e-04
   3.5600000e+02   0.0000000e+00   2.9960548e-04
   3.5700000e+02   0.0000000e+00   2.9667927e-04
   3.5800000e+02   0.0000000e+00   2.9378164e-04
   3.5900000e+02   0.0000000e+00   2.9091231e-04
   3.6000000e+02   0.0000000e+00   2.8807100e-04
   3.6100000e+02   0.0000000e+00   2.8525745e-04
   3.6200000e+02   1.0000000e+00   2.8247137e-04
   3.6300000e+02   1.0000000e+00   2.7971251e-04
   3.6400000e+02   0.0000000e+00   2.7698059e-04
   3.6500000e+02   0.0000000e+00   2.7427535e-04
   3.6600000e+02   0.0000000e+00   2.7159654e-04
   3.6700000e+02   0.0000000e+00   2.6894389e-04
   3.6800000e+02   0.0000000e+00   2.6631715e-04
   3.6900000e+02   0.0000000e+00   2.6371606e-04
   3.7000000e+02   0.0000000e+00   2.6114037e-04
   3.7100000e+02   0.0000000e+00   2.5858985e-04
   3.7200000e+02   0.0000000e+00   2.5606423e-04
   3.7300000e+02   1.0000000e+00   2.5356328e-04
   3.7400000e+02   0.0000000e+00   2.5108676e-04
   3.7500000e+02   0.0000000e+00   2.4863443e-04
   3.7600000e+02   0.0000000e+00   2.4620604e-04
   3.7700000e+02   0.0000000e+00   2.4380138e-04
   3.7800000e+02   0.0000000e+00   2.4142020e-04
   3.7900000e+02   0.0000000e+00   2.3906228e-04
   3.8000000e+02   0.0000000e+00   2.3672738e-04
   3.8100000e+02   0.0000000e+00   2.3441529e-04
   3.8200000e+02   1.0000000e+00   2.3212579e-04
   3.8300000e+02   0.0000000e+00   2.2985864e-04
   3.8400000e+02   0.0000000e+00   2.2761364e-04
   3.8500000e+02   0.0000000e+00   2.2539057e-04
   3.8600000e+02   0.0000000e+00   2.2318920e-04
   3.8700000e+02   0.0000000e+00   2.2100934e-04
   3.8800000e+02   0.0000000e+00   2.1885077e-04
   3.8900000e+02   0.0000000e+00   2.1671328e-04
   3.9000000e+02   0.0000000e+00   2.1459667e-04
   3.9100000e+02   0.0000000e+00   2.1250073e-04
   3.9200000e+02   1.0000000e+00   2.1042526e-04
   3.9300000e+02   1.0000000e+00   2.0837006e-04
   3.9400000e+02   0.0000000e+00   2.0633493e-04
   3.9500000e+02   0.0000000e+00   2.0431968e-04
   3.9600000e+02   0.0000000e+00   2.0232412e-04
   3.9700000e+02   0.0000000e+00   2.0034804e-04
   3.9800000e+02   0.0000000e+00   1.9839127e-04
   3.9900000e+02   1.0000000e+00   1.9645360e-04
   4.0000000e+02   1.0000000e+00   1.9453486e-04
   4.0100000e+02   0.0000000e+00   1.9263487e-04
   4.0200000e+02   0.0000000e+00   1.9075342e-04
   4.0300000e+02   0.0000000e+00   1.8889036e-04
   4.0400000e+02   0.0000000e+00   1.8704549e-04
   4.0500000e+02   0.0000000e+00   1.8521864e-04
   4.0600000e+02   0.0000000e+00   1.8340963e-04
   4.0700000e+02   0.0000000e+00   1.8161829e-04
   4.0800000e+02   0.0000000e+00   1.7984444e-04
   4.0900000e+02   0.0000000e+00   1.7808793e-04
   4.1000000e+02   0.0000000e+00   1.7634856e-04
   4.1100000e+02   0.0000000e+00   1.7462619e-04
   4.1200000e+02   0.0000000e+00   1.7292063e-04
   4.1300000e+02   0.0000000e+00   1.7123174e-04
   4.1400000e+02   0.0000000e+00   1.6955934e-04
   4.1500000e+02   0.0000000e+00   1.6790327e-04
   4.1600000e+02   0.0000000e+00   1.6626338e-04
   4.1700000e+02   0.0000000e+00   1.6463951e-04
   4.1800000e+02   0.0000000e+00   1.6303149e-04
   4.1900000e+02   0.0000000e+00   1.6143918e-04
   4.2000000e+02   0.0000000e+00   1.5986242e-04
   4.2100000e+02   0.0000000e+00   1.5830107e-04
   4.2200000e+02   0.0000000e+00   1.5675496e-04
   4.2300000e+02   0.0000000e+00   1.5522395e-04
   4.2400000e+02   0.0000000e+00   1.5370790e-04
   4.2500000e+02   0.0000000e+00   1.5220665e-04
   4.2600000e+02   0.0000000e+00   1.5072007e-04
   4.2700000e+02   1.0000000e+00   1.4924800e-04
   4.2800000e+02   1.0000000e+00   1.4779032e-04
   4.2900000e+02   0.0000000e+00   1.4634687e-04
   4.3000000e+02   0.0000000e+00   1.4491751e-04
   4.3100000e+02   0.0000000e+00   1.4350212e-04
   4.3200000e+02   0.0000000e+00   1.4210055e-04
   4.3300000e+02   0.0000000e+00   1.4071267e-04
   4.3400000e+02   0.0000000e+00   1.3933835e-04
   4.3500000e+02   0.0000000e+00   1.3797745e-04
   4.3600000e+02   0.0000000e+00   1.3662984e-04
   4.3700000e+02   0.0000000e+00   1.3529539e-04
   4.3800000e+02   0.0000000e+00   1.3397398e-04
   4.3900000e+02   0.0000000e+00   1.3266547e-04
   4.4000000e+02   1.0000000e+00   1.3136974e-04
   4.4100000e+02   0.0000000e+00   1.3008667e-04
   4.4200000e+02   0.0000000e+00   1.2881613e-04
   4.4300000e+02   0.0000000e+00   1.2755800e-04
   4.4400000e+02   0.0000000e+00   1.2631215e-04
   4.4500000e+02   0.0000000e+00   1.2507848e-04
   4.4600000e+02   0.0000000e+00   1.2385685e-04
   4.4700000e+02   0.0000000e+00   1.2264716e-04
   4.4800000e+02   0.0000000e+00   1.2144927e-04
   4.4900000e+02   0.0000000e+00   1.2026309e-04
   4.5000000e+02   0.0000000e+00   1.1908850e-04
   4.5100000e+02   0.0000000e+00   1.1792538e-04
   4.5200000e+02   0.0000000e+00   1.1677361e-04
   4.5300000e+02   0.0000000e+00   1.1563310e-04
   4.5400000e+02   0.0000000e+00   1.1450372e-04
   4.5500000e+02   0.0000000e+00   1.1338538e-04
   4.5600000e+02   0.0000000e+00   1.1227796e-04
   4.5700000e+02   0.0000000e+00   1.1118135e-04
   4.5800000e+02   0.0000000e+00   1.1009546e-04
   4.5900000e+02   0.0000000e+00   1.0902017e-04
   4.6000000e+02   1.0000000e+00   1.0795538e-04
   4.6100000e+02   0.0000000e+00   1.0690099e-04
   4.6200000e+02   0.0000000e+00   1.0585690e-04
   4.6300000e+02   0.0000000e+00   1.0482301e-04
   4.6400000e+02   0.0000000e+00   1.0379922e-04
   4.6500000e+02   0.0000000e+00   1.0278542e-04
   4.6600000e+02   0.0000000e+00   1.0178153e-04
   4.6700000e+02   1.0000000e+00   1.0078744e-04
   4.6800000e+02   1.0000000e+00   9.9803064e-05
   4.6900000e+02   0.0000000e+00   9.8828300e-05
   4.7000000e+02   0.0000000e+00   9.7863055e-05
   4.7100000e+02   0.0000000e+00   9.6907239e-05
   4.7200000e+02   0.0000000e+00   9.5960757e-05
   4.7300000e+02   0.0000000e+00   9.5023520e-05
   4.7400000e+02   0.0000000e+00   9.4095436e-05
   4.7500000e+02   0.0000000e+00   9.3176417e-05
   4.7600000e+02   0.0000000e+00   9.2266375e-05
   4.7700000e+02   0.0000000e+00   9.1365220e-05
   4.7800000e+02   0.0000000e+00   9.0472867e-05
   4.7900000e+02   0.0000000e+00   8.9589229e-05
   4.8000000e+02   0.0000000e+00   8.8714222e-05
   4.8100000e+02   0.0000000e+00   8.7847760e-05
   4.8200000e+02   0.0000000e+00   8.6989762e-05
   4.8300000e+02   0.0000000e+00   8.6140143e-05
   4.8400000e+02   0.0000000e+00   8.5298822e-05
   4.8500000e+02   0.0000000e+00   8.4465719e-05
   4.8600000e+02   0.0000000e+00   8.3640752e-05
   4.8700000e+02   0.0000000e+00   8.2823843e-05
   4.8800000e+02   0.0000000e+00   8.2014912e-05
   4.8900000e+02   0.0000000e+00   8.1213883e-05
   4.9000000e+02   0.0000000e+00   8.0420676e-05
   4.9100000e+02   0.0000000e+00   7.9635217e-05
   4.9200000e+02   0.0000000e+00   7.8857429e-05
   4.9300000e+02   0.0000000e+00   7.8087238e-05
   4.9400000e+02   0.0000000e+00   7.7324569e-05
   4.9500000e+02   0.0000000e+00   7.6569350e-05
   4.9600000e+02   0.0000000e+00   7.5821506e-05
   4.9700000e+02   0.0000000e+00   7.5080966e-05
   4.9800000e+02   0.0000000e+00   7.4347659e-05
   4.9900000e+02   0.0000000e+00   7.3621515e-05
   5.0000000e+02   0.0000000e+00   7.2902462e-05
   5.0100000e+02   0.0000000e+00   7.2190432e-05
   5.0200000e+02   0.0000000e+00   7.1485357e-05
   5.0300000e+02   0.0000000e+00   7.0787168e-05
   5.0400000e+02   0.0000000e+00   7.0095798e-05
   5.0500000e+02   0.0000000e+00   6.9411181e-05
   5.0600000e+02   0.0000000e+00   6.8733250e-05
   5.0700000e+02   0.0000000e+00   6.8061941e-05
   5.0800000e+02   0.0000000e+00   6.7397188e-05
   5.0900000e+02   0.0000000e+00   6.6738927e-05
   5.1000000e+02   0.0000000e+00   6.6087096e-05
   5.1100000e+02   0.0000000e+00   6.5441632e-05
   5.1200000e+02   0.0000000e+00   6.4802471e-05
   5.1300000e+02   0.0000000e+00   6.4169553e-05
   5.1400000e+02   0.0000000e+00   6.3542816e-05
   5.1500000e+02   0.0000000e+00   6.2922201e-05
   5.1600000e+02   0.0000000e+00   6.2307648e-05
   5.1700000e+02   0.0000000e+00   6.1699096e-05
   5.1800000e+02   0.0000000e+00   6.1096489e-05
   5.1900000e+02   0.0000000e+00   6.0499766e-05
   5.2000000e+02   0.0000000e+00   5.9908872e-05
   5.2100000e+02   0.0000000e+00   5.9323750e-05
   5.2200000e+02   0.0000000e+00   5.8744342e-05
   5.2300000e+02   0.0000000e+00   5.8170593e-05
   5.2400000e+02   0.0000000e+00   5.7602447e-05
   5.2500000e+02   0.0000000e+00   5.7039851e-05
   5.2600000e+02   0.0000000e+00   5.6482750e-05
   5.2700000e+02   0.0000000e+00   5.5931089e-05
   5.2800000e+02   0.0000000e+00   5.5384817e-05
   5.2900000e+02   0.0000000e+00   5.4843880e-05
   5.3000000e+02   0.0000000e+00   5.4308226e-05
   5.3100000e+02   0.0000000e+00   5.3777804e-05
   5.3200000e+02   0.0000000e+00   5.3252563e-05
   5.3300000e+02   0.0000000e+00   5.2732452e-05
   5.3400000e+02   0.0000000e+00   5.2217420e-05
   5.3500000e+02   0.0000000e+00   5.1707419e-05
   5.3600000e+02   0.0000000e+00   5.1202399e-05
   5.3700000e+02   0.0000000e+00   5.0702311e-05
   5.3800000e+02   0.0000000e+00   5.0207107e-05
   5.3900000e+02   0.0000000e+00   4.9716740e-05
   5.4000000e+02   0.0000000e+00   4.9231163e-05
   5.4100000e+02   0.0000000e+00   4.8750328e-05
   5.4200000e+02   0.0000000e+00   4.8274189e-05
   5.4300000e+02   0.0000000e+00   4.7802701e-05
   5.4400000e+02   0.0000000e+00   4.7335818e-05
   5.4500000e+02   0.0000000e+00   4.6873495e-05
   5.4600000e+02   0.0000000e+00   4.6415687e-05
   5.4700000e+02   0.0000000e+00   4.5962350e-05
   5.4800000e+02   0.0000000e+00   4.5513441e-05
   5.4900000e+02   0.0000000e+00   4.5068917e-05
   5.5000000e+02   0.0000000e+00   4.4628734e-05
   5.5100000e+02   0.0000000e+00   4.4192851e-05
   5.5200000e+02   0.0000000e+00   4.3761224e-05
   5.5300000e+02   0.0000000e+00   4.3333814e-05
   5.5400000e+02   0.0000000e+00   4.2910578e-05
   5.5500000e+02   0.0000000e+00   4.2491475e-05
   5.5600000e+02   0.0000000e+00   4.2076466e-05
   5.5700000e+02   0.0000000e+00   4.1665510e-05
   5.5800000e+02   0.0000000e+00   4.1258568e-05
   5.5900000e+02   0.0000000e+00   4.0855600e-05
   5.6000000e+02   0.0000000e+00   4.0456569e-05
   5.6100000e+02   0.0000000e+00   4.0061434e-05
   5.6200000e+02   0.0000000e+00   3.9670159e-05
   5.6300000e+02   0.0000000e+00   3.9282705e-05
   5.6400000e+02   0.0000000e+00   3.8899036e-05
   5.6500000e+02   0.0000000e+00   3.8519113e-05
   5.6600000e+02   0.0000000e+00   3.8142902e-05
   5.6700000e+02   0.0000000e+00   3.7770365e-05
   5.6800000e+02   0.0000000e+00   3.7401466e-05
   5.6900000e+02   0.0000000e+00   3.7036170e-05
   5.7000000e+02   0.0000000e+00   3.6674442e-05
   5.7100000e+02   0.0000000e+00   3.6316248e-05
   5.7200000e+02   0.0000000e+00   3.5961551e-05
   5.7300000e+02   0.0000000e+00   3.5610319e-05
   5.7400000e+02   0.0000000e+00   3.5262517e-05
   5.7500000e+02   0.0000000e+00   3.4918112e-05
   5.7600000e+02   0.0000000e+00   3.4577071e-05
   5.7700000e+02   0.0000000e+00   3.4239361e-05
   5.7800000e+02   0.0000000e+00   3.3904949e-05
   5.7900000e+02   0.0000000e+00   3.3573804e-05
   5.8000000e+02   0.0000000e+00   3.3245892e-05
   5.8100000e+02   0.0000000e+00   3.2921184e-05
   5.8200000e+02   0.0000000e+00   3.2599646e-05
   5.8300000e+02   0.0000000e+00   3.2281250e-05
   5.8400000e+02   0.0000000e+00   3.1965962e-05
   5.8500000e+02   0.0000000e+00   3.1653755e-05
   5.8600000e+02   0.0000000e+00   3.1344596e-05
   5.8700000e+02   0.0000000e+00   3.1038457e-05
   5.8800000e+02   0.0000000e+00   3.0735308e-05
   5.8900000e+02   0.0000000e+00   3.0435120e-05
   5.9000000e+02   0.0000000e+00   3.0137864e-05
   5.9100000e+02   0.0000000e+00   2.9843511e-05
   5.9200000e+02   0.0000000e+00   2.9552033e-05
   5.9300000e+02   0.0000000e+00   2.9263402e-05
   5.9400000e+02   1.0000000e+00   2.8977590e-05
