   1.0000000e+00   2.7000000e+01   5.5275723e-02
   2.0000000e+00   2.4000000e+01   5.0467524e-02
   3.0000000e+00   2.1000000e+01   4.6146540e-02
   4.0000000e+00   2.3000000e+01   4.2261678e-02
   5.0000000e+00   1.9000000e+01   3.8767237e-02
   6.0000000e+00   1.4000000e+01   3.5622345e-02
   7.0000000e+00   1.6000000e+01   3.2790442e-02
   8.0000000e+00   1.7000000e+01   3.0238826e-02
   9.0000000e+00   1.3000000e+01   2.7938248e-02
   1.0000000e+01   1.7000000e+01   2.5862541e-02
   1.1000000e+01   7.0000000e+00   2.3988302e-02
   1.2000000e+01   1.2000000e+01   2.2294592e-02
   1.3000000e+01   1.0000000e+01   2.0762681e-02
   1.4000000e+01   5.0000000e+00   1.9375811e-02
   1.5000000e+01   5.0000000e+00   1.8118992e-02
   1.6000000e+01   1.3000000e+01   1.6978809e-02
   1.7000000e+01   4.0000000e+00   1.5943262e-02
   1.8000000e+01   1.0000000e+01   1.5001610e-02
   1.9000000e+01   7.0000000e+00   1.4144244e-02
   2.0000000e+01   6.0000000e+00   1.3362565e-02
   2.1000000e+01   9.0000000e+00   1.2648874e-02
   2.2000000e+01   7.0000000e+00   1.1996283e-02
   2.3000000e+01   8.0000000e+00   1.1398625e-02
   2.4000000e+01   2.0000000e+00   1.0850379e-02
   2.5000000e+01   5.0000000e+00   1.0346604e-02
   2.6000000e+01   9.0000000e+00   9.8828724e-03
   2.7000000e+01   5.0000000e+00   9.4552222e-03
   2.8000000e+01   1.0000000e+00   9.0601034e-03
   2.9000000e+01   3.0000000e+00   8.6943362e-03
   3.0000000e+01   2.0000000e+00   8.3550721e-03
   3.1000000e+01   4.0000000e+00   8.0397582e-03
   3.2000000e+01   5.0000000e+00   7.7461067e-03
   3.3000000e+01   1.0000000e+00   7.4720668e-03
   3.4000000e+01   3.0000000e+00   7.2157995e-03
   3.5000000e+01   2.0000000e+00   6.9756556e-03
   3.6000000e+01   2.0000000e+00   6.7501555e-03
   3.7000000e+01   6.0000000e+00   6.5379715e-03
   3.8000000e+01   4.0000000e+00   6.3379118e-03
   3.9000000e+01   1.0000000e+00   6.1489063e-03
   4.0000000e+01   3.0000000e+00   5.9699934e-03
   4.1000000e+01   3.0000000e+00   5.8003093e-03
   4.2000000e+01   4.0000000e+00   5.6390772e-03
   4.3000000e+01   1.0000000e+00   5.4855984e-03
   4.4000000e+01   7.0000000e+00   5.3392440e-03
   4.5000000e+01   4.0000000e+00   5.1994479e-03
   4.6000000e+01   3.0000000e+00   5.0656997e-03
   4.7000000e+01   4.0000000e+00   4.9375396e-03
   4.8000000e+01   2.0000000e+00   4.8145524e-03
   4.9000000e+01   2.0000000e+00   4.6963634e-03
   5.0000000e+01   3.0000000e+00   4.5826339e-03
   5.1000000e+01   0.0000000e+00   4.4730575e-03
   5.2000000e+01   3.0000000e+00   4.3673571e-03
   5.3000000e+01   1.0000000e+00   4.2652811e-03
   5.4000000e+01   1.0000000e+00   4.1666017e-03
   5.5000000e+01   1.0000000e+00   4.0711118e-03
   5.6000000e+01   1.0000000e+00   3.9786230e-03
   5.7000000e+01   3.0000000e+00   3.8889639e-03
   5.8000000e+01   0.0000000e+00   3.8019781e-03
   5.9000000e+01   4.0000000e+00   3.7175230e-03
   6.0000000e+01   3.0000000e+00   3.6354681e-03
   6.1000000e+01   3.0000000e+00   3.5556937e-03
   6.2000000e+01   0.0000000e+00   3.4780903e-03
   6.3000000e+01   1.0000000e+00   3.4025571e-03
   6.4000000e+01   3.0000000e+00   3.3290014e-03
   6.5000000e+01   2.0000000e+00   3.2573376e-03
   6.6000000e+01   2.0000000e+00   3.1874867e-03
   6.7000000e+01   0.0000000e+00   3.1193755e-03
   6.8000000e+01   3.0000000e+00   3.0529362e-03
   6.9000000e+01   0.0000000e+00   2.9881058e-03
   7.0000000e+01   0.0000000e+00   2.9248253e-03
   7.1000000e+01   2.0000000e+00   2.8630402e-03
   7.2000000e+01   0.0000000e+00   2.8026990e-03
   7.3000000e+01   3.0000000e+00   2.7437537e-03
   7.4000000e+01   2.0000000e+00   2.6861593e-03
   7.5000000e+01   0.0000000e+00   2.6298733e-03
   7.6000000e+01   1.0000000e+00   2.5748556e-03
   7.7000000e+01   0.0000000e+00   2.5210685e-03
   7.8000000e+01   0.0000000e+00   2.4684761e-03
   7.9000000e+01   3.0000000e+00   2.4170446e-03
   8.0000000e+01   1.0000000e+00   2.3667415e-03
   8.1000000e+01   1.0000000e+00   2.3175363e-03
   8.2000000e+01   0.0000000e+00   2.2693997e-03
   8.3000000e+01   0.0000000e+00   2.2223037e-03
   8.4000000e+01   0.0000000e+00   2.1762214e-03
   8.5000000e+01   0.0000000e+00   2.1311274e-03
   8.6000000e+01   1.0000000e+00   2.0869969e-03
   8.7000000e+01   2.0000000e+00   2.0438063e-03
   8.8000000e+01   2.0000000e+00   2.0015329e-03
   8.9000000e+01   0.0000000e+00   1.9601547e-03
   9.0000000e+01   4.0000000e+00   1.9196505e-03
   9.1000000e+01   1.0000000e+00   1.8800001e-03
   9.2000000e+01   0.0000000e+00   1.8411835e-03
   9.3000000e+01   0.0000000e+00   1.8031817e-03
   9.4000000e+01   1.0000000e+00   1.7659762e-03
   9.5000000e+01   0.0000000e+00   1.7295491e-03
   9.6000000e+01   1.0000000e+00   1.6938829e-03
   9.7000000e+01   1.0000000e+00   1.6589607e-03
   9.8000000e+01   1.0000000e+00   1.6247661e-03
   9.9000000e+01   2.0000000e+00   1.5912832e-03
   1.0000000e+02   0.0000000e+00   1.5584964e-03
   1.0100000e+02   2.0000000e+00   1.5263906e-03
   1.0200000e+02   0.0000000e+00   1.4949511e-03
   1.0300000e+02   0.0000000e+00   1.4641635e-03
   1.0400000e+02   0.0000000e+00   1.4340138e-03
   1.0500000e+02   0.0000000e+00   1.4044885e-03
   1.0600000e+02   0.0000000e+00   1.3755742e-03
   1.0700000e+02   1.0000000e+00   1.3472580e-03
   1.0800000e+02   1.0000000e+00   1.3195271e-03
   1.0900000e+02   1.0000000e+00   1.2923693e-03
   1.1000000e+02   1.0000000e+00   1.2657724e-03
   1.1100000e+02   3.0000000e+00   1.2397247e-03
   1.1200000e+02   1.0000000e+00   1.2142146e-03
   1.1300000e+02   0.0000000e+00   1.1892308e-03
   1.1400000e+02   0.0000000e+00   1.1647624e-03
   1.1500000e+02   0.0000000e+00   1.1407985e-03
   1.1600000e+02   1.0000000e+00   1.1173288e-03
   1.1700000e+02   1.0000000e+00   1.0943427e-03
   1.1800000e+02   0.0000000e+00   1.0718304e-03
   1.1900000e+02   0.0000000e+00   1.0497819e-03
   1.2000000e+02   2.0000000e+00   1.0281876e-03
   1.2100000e+02   0.0000000e+00   1.0070381e-03
   1.2200000e+02   0.0000000e+00   9.8632420e-04
   1.2300000e+02   1.0000000e+00   9.6603680e-04
   1.2400000e+02   0.0000000e+00   9.4616711e-04
   1.2500000e+02   0.0000000e+00   9.2670647e-04
   1.2600000e+02   0.0000000e+00   9.0764642e-04
   1.2700000e+02   0.0000000e+00   8.8897870e-04
   1.2800000e+02   0.0000000e+00   8.7069518e-04
   1.2900000e+02   0.0000000e+00   8.5278794e-04
   1.3000000e+02   0.0000000e+00   8.3524920e-04
   1.3100000e+02   0.0000000e+00   8.1807136e-04
   1.3200000e+02   1.0000000e+00   8.0124697e-04
   1.3300000e+02   1.0000000e+00   7.8476875e-04
   1.3400000e+02   2.0000000e+00   7.6862955e-04
   1.3500000e+02   0.0000000e+00   7.5282238e-04
   1.3600000e+02   0.0000000e+00   7.3734040e-04
   1.3700000e+02   1.0000000e+00   7.2217691e-04
   1.3800000e+02   1.0000000e+00   7.0732534e-04
   1.3900000e+02   0.0000000e+00   6.9277928e-04
   1.4000000e+02   0.0000000e+00   6.7853242e-04
   1.4100000e+02   0.0000000e+00   6.6457861e-04
   1.4200000e+02   1.0000000e+00   6.5091182e-04
   1.4300000e+02   0.0000000e+00   6.3752612e-04
   1.4400000e+02   0.0000000e+00   6.2441574e-04
   1.4500000e+02   0.0000000e+00   6.1157500e-04
   1.4600000e+02   0.0000000e+00   5.9899837e-04
   1.4700000e+02   1.0000000e+00   5.8668040e-04
   1.4800000e+02   0.0000000e+00   5.7461576e-04
   1.4900000e+02   1.0000000e+00   5.6279925e-04
   1.5000000e+02   0.0000000e+00   5.5122576e-04
   1.5100000e+02   0.0000000e+00   5.3989029e-04
   1.5200000e+02   0.0000000e+00   5.2878794e-04
   1.5300000e+02   1.0000000e+00   5.1791392e-04
   1.5400000e+02   0.0000000e+00   5.0726353e-04
   1.5500000e+02   0.0000000e+00   4.9683216e-04
   1.5600000e+02   0.0000000e+00   4.8661532e-04
   1.5700000e+02   0.0000000e+00   4.7660859e-04
   1.5800000e+02   0.0000000e+00   4.6680764e-04
   1.5900000e+02   0.0000000e+00   4.5720825e-04
   1.6000000e+02   0.0000000e+00   4.4780626e-04
   1.6100000e+02   0.0000000e+00   4.3859763e-04
   1.6200000e+02   0.0000000e+00   4.2957836e-04
   1.6300000e+02   0.0000000e+00   4.2074458e-04
   1.6400000e+02   0.0000000e+00   4.1209245e-04
   1.6500000e+02   0.0000000e+00   4.0361825e-04
   1.6600000e+02   0.0000000e+00   3.9531831e-04
   1.6700000e+02   0.0000000e+00   3.8718906e-04
   1.6800000e+02   1.0000000e+00   3.7922698e-04
   1.6900000e+02   0.0000000e+00   3.7142863e-04
   1.7000000e+02   1.0000000e+00   3.6379065e-04
   1.7100000e+02   1.0000000e+00   3.5630973e-04
   1.7200000e+02   0.0000000e+00   3.4898266e-04
   1.7300000e+02   0.0000000e+00   3.4180625e-04
   1.7400000e+02   0.0000000e+00   3.3477743e-04
   1.7500000e+02   0.0000000e+00   3.2789314e-04
   1.7600000e+02   0.0000000e+00   3.2115042e-04
   1.7700000e+02   0.0000000e+00   3.1454636e-04
   1.7800000e+02   0.0000000e+00   3.0807811e-04
   1.7900000e+02   0.0000000e+00   3.0174286e-04
   1.8000000e+02   1.0000000e+00   2.9553790e-04
   1.8100000e+02   1.0000000e+00   2.8946053e-04
   1.8200000e+02   1.0000000e+00   2.8350814e-04
   1.8300000e+02   0.0000000e+00   2.7767815e-04
   1.8400000e+02   0.0000000e+00   2.7196804e-04
   1.8500000e+02   0.0000000e+00   2.6637536e-04
   1.8600000e+02   1.0000000e+00   2.6089769e-04
   1.8700000e+02   0.0000000e+00   2.5553265e-04
   1.8800000e+02   0.0000000e+00   2.5027795e-04
   1.8900000e+02   0.0000000e+00   2.4513130e-04
   1.9000000e+02   0.0000000e+00   2.4009048e-04
   1.9100000e+02   0.0000000e+00   2.3515332e-04
   1.9200000e+02   0.0000000e+00   2.3031769e-04
   1.9300000e+02   0.0000000e+00   2.2558150e-04
   1.9400000e+02   0.0000000e+00   2.2094270e-04
   1.9500000e+02   0.0000000e+00   2.1639930e-04
   1.9600000e+02   0.0000000e+00   2.1194932e-04
   1.9700000e+02   0.0000000e+00   2.0759085e-04
   1.9800000e+02   1.0000000e+00   2.0332201e-04
   1.9900000e+02   1.0000000e+00   1.9914095e-04
   2.0000000e+02   0.0000000e+00   1.9504587e-04
   2.0100000e+02   0.0000000e+00   1.9103500e-04
   2.0200000e+02   0.0000000e+00   1.8710660e-04
   2.0300000e+02   0.0000000e+00   1.8325899e-04
   2.0400000e+02   0.0000000e+00   1.7949051e-04
   2.0500000e+02   0.0000000e+00   1.7579951e-04
   2.0600000e+02   0.0000000e+00   1.7218442e-04
   2.0700000e+02   0.0000000e+00   1.6864366e-04
   2.0800000e+02   0.0000000e+00   1.6517572e-04
   2.0900000e+02   0.0000000e+00   1.6177909e-04
   2.1000000e+02   0.0000000e+00   1.5845231e-04
   2.1100000e+02   0.0000000e+00   1.5519394e-04
   2.1200000e+02   0.0000000e+00   1.5200258e-04
   2.1300000e+02   1.0000000e+00   1.4887684e-04
   2.1400000e+02   0.0000000e+00   1.4581537e-04
   2.1500000e+02   0.0000000e+00   1.4281687e-04
   2.1600000e+02   0.0000000e+00   1.3988002e-04
   2.1700000e+02   0.0000000e+00   1.3700356e-04
   2.1800000e+02   0.0000000e+00   1.3418626e-04
   2.1900000e+02   0.0000000e+00   1.3142689e-04
   2.2000000e+02   0.0000000e+00   1.2872426e-04
   2.2100000e+02   0.0000000e+00   1.2607721e-04
   2.2200000e+02   0.0000000e+00   1.2348460e-04
   2.2300000e+02   0.0000000e+00   1.2094529e-04
   2.2400000e+02   0.0000000e+00   1.1845821e-04
   2.2500000e+02   0.0000000e+00   1.1602226e-04
   2.2600000e+02   0.0000000e+00   1.1363641e-04
   2.2700000e+02   0.0000000e+00   1.1129963e-04
   2.2800000e+02   0.0000000e+00   1.0901089e-04
   2.2900000e+02   0.0000000e+00   1.0676922e-04
   2.3000000e+02   0.0000000e+00   1.0457365e-04
   2.3100000e+02   0.0000000e+00   1.0242322e-04
   2.3200000e+02   0.0000000e+00   1.0031702e-04
   2.3300000e+02   0.0000000e+00   9.8254129e-05
   2.3400000e+02   0.0000000e+00   9.6233658e-05
   2.3500000e+02   0.0000000e+00   9.4254735e-05
   2.3600000e+02   0.0000000e+00   9.2316506e-05
   2.3700000e+02   0.0000000e+00   9.0418135e-05
   2.3800000e+02   0.0000000e+00   8.8558801e-05
   2.3900000e+02   0.0000000e+00   8.6737702e-05
   2.4000000e+02   0.0000000e+00   8.4954052e-05
   2.4100000e+02   0.0000000e+00   8.3207080e-05
   2.4200000e+02   0.0000000e+00   8.1496032e-05
   2.4300000e+02   0.0000000e+00   7.9820170e-05
   2.4400000e+02   1.0000000e+00   7.8178770e-05
   2.4500000e+02   0.0000000e+00   7.6571123e-05
   2.4600000e+02   0.0000000e+00   7.4996535e-05
   2.4700000e+02   0.0000000e+00   7.3454327e-05
   2.4800000e+02   0.0000000e+00   7.1943832e-05
   2.4900000e+02   0.0000000e+00   7.0464399e-05
   2.5000000e+02   0.0000000e+00   6.9015389e-05
   2.5100000e+02   0.0000000e+00   6.7596175e-05
   2.5200000e+02   0.0000000e+00   6.6206146e-05
   2.5300000e+02   0.0000000e+00   6.4844701e-05
   2.5400000e+02   0.0000000e+00   6.3511252e-05
   2.5500000e+02   0.0000000e+00   6.2205224e-05
   2.5600000e+02   0.0000000e+00   6.0926053e-05
   2.5700000e+02   0.0000000e+00   5.9673186e-05
   2.5800000e+02   0.0000000e+00   5.8446083e-05
   2.5900000e+02   0.0000000e+00   5.7244214e-05
   2.6000000e+02   0.0000000e+00   5.6067059e-05
   2.6100000e+02   0.0000000e+00   5.4914112e-05
   2.6200000e+02   0.0000000e+00   5.3784873e-05
   2.6300000e+02   0.0000000e+00   5.2678855e-05
   2.6400000e+02   0.0000000e+00   5.1595582e-05
   2.6500000e+02   0.0000000e+00   5.0534584e-05
   2.6600000e+02   0.0000000e+00   4.9495405e-05
   2.6700000e+02   0.0000000e+00   4.8477595e-05
   2.6800000e+02   0.0000000e+00   4.7480715e-05
   2.6900000e+02   0.0000000e+00   4.6504335e-05
   2.7000000e+02   0.0000000e+00   4.5548032e-05
   2.7100000e+02   0.0000000e+00   4.4611395e-05
   2.7200000e+02   0.0000000e+00   4.3694018e-05
   2.7300000e+02   0.0000000e+00   4.2795507e-05
   2.7400000e+02   0.0000000e+00   4.1915471e-05
   2.7500000e+02   0.0000000e+00   4.1053533e-05
   2.7600000e+02   0.0000000e+00   4.0209320e-05
   2.7700000e+02   0.0000000e+00   3.9382466e-05
   2.7800000e+02   0.0000000e+00   3.8572616e-05
   2.7900000e+02   0.0000000e+00   3.7779419e-05
   2.8000000e+02   0.0000000e+00   3.7002533e-05
   2.8100000e+02   0.0000000e+00   3.6241624e-05
   2.8200000e+02   1.0000000e+00   3.5496361e-05
