   1.0000000e+00   1.0000000e+00   9.5101553e-03
   2.0000000e+00   1.0000000e+00   9.4197123e-03
   3.0000000e+00   1.0000000e+00   9.3301293e-03
   4.0000000e+00   1.0000000e+00   9.2413984e-03
   5.0000000e+00   0.0000000e+00   9.1535112e-03
   6.0000000e+00   3.0000000e+00   9.0664599e-03
   7.0000000e+00   2.0000000e+00   8.9802365e-03
   8.0000000e+00   2.0000000e+00   8.8948330e-03
   9.0000000e+00   0.0000000e+00   8.8102418e-03
   1.0000000e+01   3.0000000e+00   8.7264550e-03
   1.1000000e+01   1.0000000e+00   8.6434651e-03
   1.2000000e+01   2.0000000e+00   8.5612644e-03
   1.3000000e+01   2.0000000e+00   8.4798454e-03
   1.4000000e+01   3.0000000e+00   8.3992008e-03
   1.5000000e+01   0.0000000e+00   8.3193231e-03
   1.6000000e+01   2.0000000e+00   8.2402050e-03
   1.7000000e+01   2.0000000e+00   8.1618394e-03
   1.8000000e+01   0.0000000e+00   8.0842190e-03
   1.9000000e+01   3.0000000e+00   8.0073368e-03
   2.0000000e+01   3.0000000e+00   7.9311858e-03
   2.1000000e+01   0.0000000e+00   7.8557590e-03
   2.2000000e+01   2.0000000e+00   7.7810495e-03
   2.3000000e+01   3.0000000e+00   7.7070505e-03
   2.4000000e+01   1.0000000e+00   7.6337553e-03
   2.5000000e+01   2.0000000e+00   7.5611571e-03
   2.6000000e+01   3.0000000e+00   7.4892493e-03
   2.7000000e+01   2.0000000e+00   7.4180254e-03
   2.8000000e+01   0.0000000e+00   7.3474788e-03
   2.9000000e+01   1.0000000e+00   7.2776032e-03
   3.0000000e+01   2.0000000e+00   7.2083920e-03
   3.1000000e+01   2.0000000e+00   7.1398391e-03
   3.2000000e+01   1.0000000e+00   7.0719381e-03
   3.3000000e+01   1.0000000e+00   7.0046829e-03
   3.4000000e+01   1.0000000e+00   6.9380673e-03
   3.5000000e+01   0.0000000e+00   6.8720852e-03
   3.6000000e+01   4.0000000e+00   6.8067306e-03
   3.7000000e+01   0.0000000e+00   6.7419975e-03
   3.8000000e+01   3.0000000e+00   6.6778801e-03
   3.9000000e+01   1.0000000e+00   6.6143724e-03
   4.0000000e+01   0.0000000e+00   6.5514687e-03
   4.1000000e+01   3.0000000e+00   6.4891632e-03
   4.2000000e+01   2.0000000e+00   6.4274502e-03
   4.3000000e+01   4.0000000e+00   6.3663242e-03
   4.4000000e+01   1.0000000e+00   6.3057795e-03
   4.5000000e+01   1.0000000e+00   6.2458105e-03
   4.6000000e+01   1.0000000e+00   6.1864119e-03
   4.7000000e+01   1.0000000e+00   6.1275781e-03
   4.8000000e+01   1.0000000e+00   6.0693039e-03
   4.9000000e+01   2.0000000e+00   6.0115839e-03
   5.0000000e+01   1.0000000e+00   5.9544128e-03
   5.1000000e+01   2.0000000e+00   5.8977854e-03
   5.2000000e+01   3.0000000e+00   5.8416966e-03
   5.3000000e+01   1.0000000e+00   5.7861411e-03
   5.4000000e+01   1.0000000e+00   5.7311140e-03
   5.5000000e+01   4.0000000e+00   5.6766102e-03
   5.6000000e+01   0.0000000e+00   5.6226248e-03
   5.7000000e+01   2.0000000e+00   5.5691528e-03
   5.8000000e+01   2.0000000e+00   5.5161892e-03
   5.9000000e+01   0.0000000e+00   5.4637294e-03
   6.0000000e+01   0.0000000e+00   5.4117685e-03
   6.1000000e+01   0.0000000e+00   5.3603018e-03
   6.2000000e+01   2.0000000e+00   5.3093245e-03
   6.3000000e+01   1.0000000e+00   5.2588320e-03
   6.4000000e+01   2.0000000e+00   5.2088196e-03
   6.5000000e+01   0.0000000e+00   5.1592830e-03
   6.6000000e+01   0.0000000e+00   5.1102174e-03
   6.7000000e+01   3.0000000e+00   5.0616184e-03
   6.8000000e+01   3.0000000e+00   5.0134816e-03
   6.9000000e+01   1.0000000e+00   4.9658027e-03
   7.0000000e+01   0.0000000e+00   4.9185771e-03
   7.1000000e+01   0.0000000e+00   4.8718007e-03
   7.2000000e+01   1.0000000e+00   4.8254691e-03
   7.3000000e+01   0.0000000e+00   4.7795781e-03
   7.4000000e+01   0.0000000e+00   4.7341236e-03
   7.5000000e+01   0.0000000e+00   4.6891013e-03
   7.6000000e+01   2.0000000e+00   4.6445073e-03
   7.7000000e+01   0.0000000e+00   4.6003373e-03
   7.8000000e+01   1.0000000e+00   4.5565874e-03
   7.9000000e+01   0.0000000e+00   4.5132535e-03
   8.0000000e+01   2.0000000e+00   4.4703318e-03
   8.1000000e+01   0.0000000e+00   4.4278182e-03
   8.2000000e+01   0.0000000e+00   4.3857090e-03
   8.3000000e+01   1.0000000e+00   4.3440002e-03
   8.4000000e+01   1.0000000e+00   4.3026881e-03
   8.5000000e+01   0.0000000e+00   4.2617688e-03
   8.6000000e+01   1.0000000e+00   4.2212388e-03
   8.7000000e+01   0.0000000e+00   4.1810941e-03
   8.8000000e+01   0.0000000e+00   4.1413313e-03
   8.9000000e+01   2.0000000e+00   4.1019466e-03
   9.0000000e+01   0.0000000e+00   4.0629364e-03
   9.1000000e+01   0.0000000e+00   4.0242973e-03
   9.2000000e+01   0.0000000e+00   3.9860256e-03
   9.3000000e+01   1.0000000e+00   3.9481179e-03
   9.4000000e+01   0.0000000e+00   3.9105706e-03
   9.5000000e+01   0.0000000e+00   3.8733805e-03
   9.6000000e+01   1.0000000e+00   3.8365441e-03
   9.7000000e+01   0.0000000e+00   3.8000579e-03
   9.8000000e+01   1.0000000e+00   3.7639188e-03
   9.9000000e+01   1.0000000e+00   3.7281233e-03
   1.0000000e+02   0.0000000e+00   3.6926683e-03
   1.0100000e+02   1.0000000e+00   3.6575504e-03
   1.0200000e+02   0.0000000e+00   3.6227666e-03
   1.0300000e+02   0.0000000e+00   3.5883135e-03
   1.0400000e+02   0.0000000e+00   3.5541881e-03
   1.0500000e+02   2.0000000e+00   3.5203872e-03
   1.0600000e+02   0.0000000e+00   3.4869078e-03
   1.0700000e+02   0.0000000e+00   3.4537467e-03
   1.0800000e+02   0.0000000e+00   3.4209011e-03
   1.0900000e+02   0.0000000e+00   3.3883678e-03
   1.1000000e+02   0.0000000e+00   3.3561439e-03
   1.1100000e+02   1.0000000e+00   3.3242264e-03
   1.1200000e+02   2.0000000e+00   3.2926125e-03
   1.1300000e+02   1.0000000e+00   3.2612993e-03
   1.1400000e+02   0.0000000e+00   3.2302838e-03
   1.1500000e+02   0.0000000e+00   3.1995633e-03
   1.1600000e+02   2.0000000e+00   3.1691349e-03
   1.1700000e+02   1.0000000e+00   3.1389960e-03
   1.1800000e+02   1.0000000e+00   3.1091436e-03
   1.1900000e+02   3.0000000e+00   3.0795752e-03
   1.2000000e+02   0.0000000e+00   3.0502880e-03
   1.2100000e+02   1.0000000e+00   3.0212793e-03
   1.2200000e+02   2.0000000e+00   2.9925464e-03
   1.2300000e+02   0.0000000e+00   2.9640868e-03
   1.2400000e+02   0.0000000e+00   2.9358979e-03
   1.2500000e+02   0.0000000e+00   2.9079771e-03
   1.2600000e+02   2.0000000e+00   2.8803218e-03
   1.2700000e+02   0.0000000e+00   2.8529294e-03
   1.2800000e+02   0.0000000e+00   2.8257976e-03
   1.2900000e+02   1.0000000e+00   2.7989239e-03
   1.3000000e+02   0.0000000e+00   2.7723057e-03
   1.3100000e+02   0.0000000e+00   2.7459406e-03
   1.3200000e+02   1.0000000e+00   2.7198263e-03
   1.3300000e+02   1.0000000e+00   2.6939603e-03
   1.3400000e+02   0.0000000e+00   2.6683403e-03
   1.3500000e+02   2.0000000e+00   2.6429640e-03
   1.3600000e+02   0.0000000e+00   2.6178290e-03
   1.3700000e+02   0.0000000e+00   2.5929330e-03
   1.3800000e+02   0.0000000e+00   2.5682738e-03
   1.3900000e+02   0.0000000e+00   2.5438492e-03
   1.4000000e+02   0.0000000e+00   2.5196568e-03
   1.4100000e+02   0.0000000e+00   2.4956944e-03
   1.4200000e+02   0.0000000e+00   2.4719600e-03
   1.4300000e+02   0.0000000e+00   2.4484513e-03
   1.4400000e+02   1.0000000e+00   2.4251661e-03
   1.4500000e+02   1.0000000e+00   2.4021024e-03
   1.4600000e+02   0.0000000e+00   2.3792580e-03
   1.4700000e+02   1.0000000e+00   2.3566309e-03
   1.4800000e+02   0.0000000e+00   2.3342190e-03
   1.4900000e+02   0.0000000e+00   2.3120202e-03
   1.5000000e+02   0.0000000e+00   2.2900326e-03
   1.5100000e+02   0.0000000e+00   2.2682540e-03
   1.5200000e+02   1.0000000e+00   2.2466825e-03
   1.5300000e+02   2.0000000e+00   2.2253162e-03
   1.5400000e+02   0.0000000e+00   2.2041531e-03
   1.5500000e+02   2.0000000e+00   2.1831913e-03
   1.5600000e+02   0.0000000e+00   2.1624288e-03
   1.5700000e+02   0.0000000e+00   2.1418638e-03
   1.5800000e+02   0.0000000e+00   2.1214943e-03
   1.5900000e+02   0.0000000e+00   2.1013186e-03
   1.6000000e+02   1.0000000e+00   2.0813347e-03
   1.6100000e+02   0.0000000e+00   2.0615409e-03
   1.6200000e+02   0.0000000e+00   2.0419353e-03
   1.6300000e+02   2.0000000e+00   2.0225162e-03
   1.6400000e+02   0.0000000e+00   2.0032818e-03
   1.6500000e+02   0.0000000e+00   1.9842302e-03
   1.6600000e+02   0.0000000e+00   1.9653599e-03
   1.6700000e+02   1.0000000e+00   1.9466690e-03
   1.6800000e+02   0.0000000e+00   1.9281559e-03
   1.6900000e+02   0.0000000e+00   1.9098188e-03
   1.7000000e+02   1.0000000e+00   1.8916562e-03
   1.7100000e+02   0.0000000e+00   1.8736662e-03
   1.7200000e+02   0.0000000e+00   1.8558474e-03
   1.7300000e+02   2.0000000e+00   1.8381980e-03
   1.7400000e+02   2.0000000e+00   1.8207164e-03
   1.7500000e+02   0.0000000e+00   1.8034011e-03
   1.7600000e+02   0.0000000e+00   1.7862505e-03
   1.7700000e+02   1.0000000e+00   1.7692630e-03
   1.7800000e+02   0.0000000e+00   1.7524370e-03
   1.7900000e+02   1.0000000e+00   1.7357711e-03
   1.8000000e+02   0.0000000e+00   1.7192636e-03
   1.8100000e+02   0.0000000e+00   1.7029131e-03
   1.8200000e+02   0.0000000e+00   1.6867182e-03
   1.8300000e+02   0.0000000e+00   1.6706772e-03
   1.8400000e+02   0.0000000e+00   1.6547888e-03
   1.8500000e+02   0.0000000e+00   1.6390515e-03
   1.8600000e+02   0.0000000e+00   1.6234639e-03
   1.8700000e+02   0.0000000e+00   1.6080245e-03
   1.8800000e+02   1.0000000e+00   1.5927319e-03
   1.8900000e+02   0.0000000e+00   1.5775848e-03
   1.9000000e+02   0.0000000e+00   1.5625817e-03
   1.9100000e+02   0.0000000e+00   1.5477213e-03
   1.9200000e+02   0.0000000e+00   1.5330023e-03
   1.9300000e+02   0.0000000e+00   1.5184232e-03
   1.9400000e+02   1.0000000e+00   1.5039827e-03
   1.9500000e+02   0.0000000e+00   1.4896796e-03
   1.9600000e+02   0.0000000e+00   1.4755125e-03
   1.9700000e+02   0.0000000e+00   1.4614802e-03
   1.9800000e+02   0.0000000e+00   1.4475813e-03
   1.9900000e+02   0.0000000e+00   1.4338146e-03
   2.0000000e+02   0.0000000e+00   1.4201788e-03
   2.0100000e+02   0.0000000e+00   1.4066726e-03
   2.0200000e+02   0.0000000e+00   1.3932950e-03
   2.0300000e+02   0.0000000e+00   1.3800445e-03
   2.0400000e+02   0.0000000e+00   1.3669201e-03
   2.0500000e+02   0.0000000e+00   1.3539205e-03
   2.0600000e+02   0.0000000e+00   1.3410445e-03
   2.0700000e+02   2.0000000e+00   1.3282909e-03
   2.0800000e+02   0.0000000e+00   1.3156587e-03
   2.0900000e+02   1.0000000e+00   1.3031465e-03
   2.1000000e+02   0.0000000e+00   1.2907534e-03
   2.1100000e+02   2.0000000e+00   1.2784782e-03
   2.1200000e+02   0.0000000e+00   1.2663196e-03
   2.1300000e+02   0.0000000e+00   1.2542767e-03
   2.1400000e+02   0.0000000e+00   1.2423484e-03
   2.1500000e+02   2.0000000e+00   1.2305334e-03
   2.1600000e+02   0.0000000e+00   1.2188309e-03
   2.1700000e+02   0.0000000e+00   1.2072396e-03
   2.1800000e+02   0.0000000e+00   1.1957586e-03
   2.1900000e+02   0.0000000e+00   1.1843867e-03
   2.2000000e+02   0.0000000e+00   1.1731230e-03
   2.2100000e+02   1.0000000e+00   1.1619664e-03
   2.2200000e+02   1.0000000e+00   1.1509160e-03
   2.2300000e+02   1.0000000e+00   1.1399706e-03
   2.2400000e+02   1.0000000e+00   1.1291293e-03
   2.2500000e+02   0.0000000e+00   1.1183911e-03
   2.2600000e+02   0.0000000e+00   1.1077550e-03
   2.2700000e+02   0.0000000e+00   1.0972201e-03
   2.2800000e+02   0.0000000e+00   1.0867853e-03
   2.2900000e+02   0.0000000e+00   1.0764498e-03
   2.3000000e+02   0.0000000e+00   1.0662126e-03
   2.3100000e+02   0.0000000e+00   1.0560728e-03
   2.3200000e+02   1.0000000e+00   1.0460294e-03
   2.3300000e+02   1.0000000e+00   1.0360815e-03
   2.3400000e+02   0.0000000e+00   1.0262282e-03
   2.3500000e+02   0.0000000e+00   1.0164686e-03
   2.3600000e+02   0.0000000e+00   1.0068018e-03
   2.3700000e+02   0.0000000e+00   9.9722698e-04
   2.3800000e+02   0.0000000e+00   9.8774319e-04
   2.3900000e+02   1.0000000e+00   9.7834960e-04
   2.4000000e+02   0.0000000e+00   9.6904534e-04
   2.4100000e+02   0.0000000e+00   9.5982957e-04
   2.4200000e+02   2.0000000e+00   9.5070144e-04
   2.4300000e+02   1.0000000e+00   9.4166013e-04
   2.4400000e+02   1.0000000e+00   9.3270479e-04
   2.4500000e+02   0.0000000e+00   9.2383462e-04
   2.4600000e+02   0.0000000e+00   9.1504881e-04
   2.4700000e+02   0.0000000e+00   9.0634656e-04
   2.4800000e+02   0.0000000e+00   8.9772706e-04
   2.4900000e+02   0.0000000e+00   8.8918954e-04
   2.5000000e+02   1.0000000e+00   8.8073321e-04
   2.5100000e+02   0.0000000e+00   8.7235730e-04
   2.5200000e+02   0.0000000e+00   8.6406104e-04
   2.5300000e+02   0.0000000e+00   8.5584369e-04
   2.5400000e+02   0.0000000e+00   8.4770448e-04
   2.5500000e+02   0.0000000e+00   8.3964268e-04
   2.5600000e+02   0.0000000e+00   8.3165755e-04
   2.5700000e+02   0.0000000e+00   8.2374836e-04
   2.5800000e+02   1.0000000e+00   8.1591438e-04
   2.5900000e+02   0.0000000e+00   8.0815491e-04
   2.6000000e+02   0.0000000e+00   8.0046923e-04
   2.6100000e+02   0.0000000e+00   7.9285664e-04
   2.6200000e+02   0.0000000e+00   7.8531645e-04
   2.6300000e+02   0.0000000e+00   7.7784797e-04
   2.6400000e+02   0.0000000e+00   7.7045052e-04
   2.6500000e+02   0.0000000e+00   7.6312341e-04
   2.6600000e+02   0.0000000e+00   7.5586599e-04
   2.6700000e+02   0.0000000e+00   7.4867759e-04
   2.6800000e+02   0.0000000e+00   7.4155755e-04
   2.6900000e+02   0.0000000e+00   7.3450522e-04
   2.7000000e+02   0.0000000e+00   7.2751996e-04
   2.7100000e+02   0.0000000e+00   7.2060113e-04
   2.7200000e+02   0.0000000e+00   7.1374811e-04
   2.7300000e+02   0.0000000e+00   7.0696025e-04
   2.7400000e+02   0.0000000e+00   7.0023695e-04
   2.7500000e+02   0.0000000e+00   6.9357759e-04
   2.7600000e+02   0.0000000e+00   6.8698156e-04
   2.7700000e+02   0.0000000e+00   6.8044825e-04
   2.7800000e+02   0.0000000e+00   6.7397709e-04
   2.7900000e+02   1.0000000e+00   6.6756746e-04
   2.8000000e+02   0.0000000e+00   6.6121879e-04
   2.8100000e+02   0.0000000e+00   6.5493050e-04
   2.8200000e+02   0.0000000e+00   6.4870200e-04
   2.8300000e+02   0.0000000e+00   6.4253275e-04
   2.8400000e+02   0.0000000e+00   6.3642216e-04
   2.8500000e+02   0.0000000e+00   6.3036969e-04
   2.8600000e+02   0.0000000e+00   6.2437477e-04
   2.8700000e+02   1.0000000e+00   6.1843687e-04
   2.8800000e+02   0.0000000e+00   6.1255544e-04
   2.8900000e+02   0.0000000e+00   6.0672994e-04
   2.9000000e+02   0.0000000e+00   6.0095985e-04
   2.9100000e+02   0.0000000e+00   5.9524463e-04
   2.9200000e+02   0.0000000e+00   5.8958376e-04
   2.9300000e+02   0.0000000e+00   5.8397673e-04
   2.9400000e+02   0.0000000e+00   5.7842302e-04
   2.9500000e+02   0.0000000e+00   5.7292212e-04
   2.9600000e+02   0.0000000e+00   5.6747354e-04
   2.9700000e+02   0.0000000e+00   5.6207678e-04
   2.9800000e+02   0.0000000e+00   5.5673135e-04
   2.9900000e+02   1.0000000e+00   5.5143674e-04
   3.0000000e+02   0.0000000e+00   5.4619250e-04
   3.0100000e+02   0.0000000e+00   5.4099812e-04
   3.0200000e+02   0.0000000e+00   5.3585314e-04
   3.0300000e+02   0.0000000e+00   5.3075710e-04
   3.0400000e+02   0.0000000e+00   5.2570951e-04
   3.0500000e+02   1.0000000e+00   5.2070994e-04
   3.0600000e+02   0.0000000e+00   5.1575790e-04
   3.0700000e+02   0.0000000e+00   5.1085297e-04
   3.0800000e+02   0.0000000e+00   5.0599467e-04
   3.0900000e+02   0.0000000e+00   5.0118259e-04
   3.1000000e+02   0.0000000e+00   4.9641626e-04
   3.1100000e+02   0.0000000e+00   4.9169527e-04
   3.1200000e+02   0.0000000e+00   4.8701917e-04
   3.1300000e+02   0.0000000e+00   4.8238754e-04
   3.1400000e+02   0.0000000e+00   4.7779996e-04
   3.1500000e+02   0.0000000e+00   4.7325601e-04
   3.1600000e+02   0.0000000e+00   4.6875527e-04
   3.1700000e+02   0.0000000e+00   4.6429733e-04
   3.1800000e+02   0.0000000e+00   4.5988179e-04
   3.1900000e+02   1.0000000e+00   4.5550825e-04
   3.2000000e+02   0.0000000e+00   4.5117629e-04
   3.2100000e+02   0.0000000e+00   4.4688554e-04
   3.2200000e+02   0.0000000e+00   4.4263559e-04
   3.2300000e+02   1.0000000e+00   4.3842605e-04
   3.2400000e+02   0.0000000e+00   4.3425655e-04
   3.2500000e+02   0.0000000e+00   4.3012671e-04
   3.2600000e+02   0.0000000e+00   4.2603613e-04
   3.2700000e+02   0.0000000e+00   4.2198446e-04
   3.2800000e+02   0.0000000e+00   4.1797133e-04
   3.2900000e+02   0.0000000e+00   4.1399635e-04
   3.3000000e+02   0.0000000e+00   4.1005918e-04
   3.3100000e+02   0.0000000e+00   4.0615946e-04
   3.3200000e+02   0.0000000e+00   4.0229682e-04
   3.3300000e+02   0.0000000e+00   3.9847091e-04
   3.3400000e+02   0.0000000e+00   3.9468139e-04
   3.3500000e+02   0.0000000e+00   3.9092791e-04
   3.3600000e+02   0.0000000e+00   3.8721013e-04
   3.3700000e+02   0.0000000e+00   3.8352770e-04
   3.3800000e+02   1.0000000e+00   3.7988029e-04
   3.3900000e+02   0.0000000e+00   3.7626757e-04
   3.4000000e+02   0.0000000e+00   3.7268921e-04
   3.4100000e+02   0.0000000e+00   3.6914487e-04
   3.4200000e+02   0.0000000e+00   3.6563425e-04
   3.4300000e+02   0.0000000e+00   3.6215701e-04
   3.4400000e+02   0.0000000e+00   3.5871284e-04
   3.4500000e+02   0.0000000e+00   3.5530143e-04
   3.4600000e+02   0.0000000e+00   3.5192245e-04
   3.4700000e+02   0.0000000e+00   3.4857562e-04
   3.4800000e+02   0.0000000e+00   3.4526061e-04
   3.4900000e+02   0.0000000e+00   3.4197713e-04
   3.5000000e+02   0.0000000e+00   3.3872487e-04
   3.5100000e+02   0.0000000e+00   3.3550354e-04
   3.5200000e+02   0.0000000e+00   3.3231285e-04
   3.5300000e+02   0.0000000e+00   3.2915251e-04
   3.5400000e+02   0.0000000e+00   3.2602222e-04
   3.5500000e+02   0.0000000e+00   3.2292169e-04
   3.5600000e+02   0.0000000e+00   3.1985066e-04
   3.5700000e+02   0.0000000e+00   3.1680883e-04
   3.5800000e+02   0.0000000e+00   3.1379593e-04
   3.5900000e+02   0.0000000e+00   3.1081168e-04
   3.6000000e+02   0.0000000e+00   3.0785581e-04
   3.6100000e+02   0.0000000e+00   3.0492806e-04
   3.6200000e+02   0.0000000e+00   3.0202814e-04
   3.6300000e+02   0.0000000e+00   2.9915581e-04
   3.6400000e+02   0.0000000e+00   2.9631079e-04
   3.6500000e+02   0.0000000e+00   2.9349283e-04
   3.6600000e+02   0.0000000e+00   2.9070167e-04
   3.6700000e+02   0.0000000e+00   2.8793705e-04
   3.6800000e+02   0.0000000e+00   2.8519872e-04
   3.6900000e+02   0.0000000e+00   2.8248644e-04
   3.7000000e+02   0.0000000e+00   2.7979995e-04
   3.7100000e+02   0.0000000e+00   2.7713901e-04
   3.7200000e+02   0.0000000e+00   2.7450337e-04
   3.7300000e+02   0.0000000e+00   2.7189280e-04
   3.7400000e+02   0.0000000e+00   2.6930706e-04
   3.7500000e+02   0.0000000e+00   2.6674591e-04
   3.7600000e+02   0.0000000e+00   2.6420911e-04
   3.7700000e+02   0.0000000e+00   2.6169644e-04
   3.7800000e+02   0.0000000e+00   2.5920767e-04
   3.7900000e+02   0.0000000e+00   2.5674256e-04
   3.8000000e+02   0.0000000e+00   2.5430090e-04
   3.8100000e+02   0.0000000e+00   2.5188246e-04
   3.8200000e+02   0.0000000e+00   2.4948702e-04
   3.8300000e+02   1.0000000e+00   2.4711436e-04
   3.8400000e+02   0.0000000e+00   2.4476426e-04
   3.8500000e+02   0.0000000e+00   2.4243652e-04
   3.8600000e+02   0.0000000e+00   2.4013091e-04
   3.8700000e+02   0.0000000e+00   2.3784723e-04
   3.8800000e+02   0.0000000e+00   2.3558526e-04
   3.8900000e+02   0.0000000e+00   2.3334481e-04
   3.9000000e+02   0.0000000e+00   2.3112566e-04
   3.9100000e+02   0.0000000e+00   2.2892762e-04
   3.9200000e+02   0.0000000e+00   2.2675049e-04
   3.9300000e+02   0.0000000e+00   2.2459405e-04
   3.9400000e+02   0.0000000e+00   2.2245813e-04
   3.9500000e+02   0.0000000e+00   2.2034252e-04
   3.9600000e+02   0.0000000e+00   2.1824703e-04
   3.9700000e+02   0.0000000e+00   2.1617146e-04
   3.9800000e+02   0.0000000e+00   2.1411564e-04
   3.9900000e+02   0.0000000e+00   2.1207937e-04
   4.0000000e+02   0.0000000e+00   2.1006246e-04
   4.0100000e+02   0.0000000e+00   2.0806473e-04
   4.0200000e+02   0.0000000e+00   2.0608600e-04
   4.0300000e+02   0.0000000e+00   2.0412609e-04
   4.0400000e+02   0.0000000e+00   2.0218482e-04
   4.0500000e+02   0.0000000e+00   2.0026201e-04
   4.0600000e+02   0.0000000e+00   1.9835749e-04
   4.0700000e+02   0.0000000e+00   1.9647108e-04
   4.0800000e+02   0.0000000e+00   1.9460261e-04
   4.0900000e+02   0.0000000e+00   1.9275191e-04
   4.1000000e+02   0.0000000e+00   1.9091881e-04
   4.1100000e+02   0.0000000e+00   1.8910314e-04
   4.1200000e+02   0.0000000e+00   1.8730474e-04
   4.1300000e+02   0.0000000e+00   1.8552344e-04
   4.1400000e+02   0.0000000e+00   1.8375909e-04
   4.1500000e+02   0.0000000e+00   1.8201151e-04
   4.1600000e+02   0.0000000e+00   1.8028055e-04
   4.1700000e+02   0.0000000e+00   1.7856606e-04
   4.1800000e+02   0.0000000e+00   1.7686786e-04
   4.1900000e+02   0.0000000e+00   1.7518582e-04
   4.2000000e+02   1.0000000e+00   1.7351978e-04
   4.2100000e+02   0.0000000e+00   1.7186958e-04
   4.2200000e+02   0.0000000e+00   1.7023507e-04
   4.2300000e+02   0.0000000e+00   1.6861611e-04
   4.2400000e+02   0.0000000e+00   1.6701255e-04
   4.2500000e+02   0.0000000e+00   1.6542423e-04
   4.2600000e+02   0.0000000e+00   1.6385102e-04
   4.2700000e+02   1.0000000e+00   1.6229277e-04
   4.2800000e+02   1.0000000e+00   1.6074934e-04
   4.2900000e+02   0.0000000e+00   1.5922059e-04
   4.3000000e+02   0.0000000e+00   1.5770638e-04
   4.3100000e+02   0.0000000e+00   1.5620657e-04
   4.3200000e+02   0.0000000e+00   1.5472102e-04
   4.3300000e+02   0.0000000e+00   1.5324960e-04
   4.3400000e+02   1.0000000e+00   1.5179217e-04
   4.3500000e+02   0.0000000e+00   1.5034860e-04
   4.3600000e+02   0.0000000e+00   1.4891876e-04
   4.3700000e+02   0.0000000e+00   1.4750252e-04
   4.3800000e+02   0.0000000e+00   1.4609975e-04
   4.3900000e+02   0.0000000e+00   1.4471032e-04
   4.4000000e+02   0.0000000e+00   1.4333410e-04
   4.4100000e+02   0.0000000e+00   1.4197097e-04
   4.4200000e+02   0.0000000e+00   1.4062081e-04
   4.4300000e+02   0.0000000e+00   1.3928348e-04
   4.4400000e+02   0.0000000e+00   1.3795887e-04
   4.4500000e+02   0.0000000e+00   1.3664686e-04
   4.4600000e+02   0.0000000e+00   1.3534733e-04
   4.4700000e+02   0.0000000e+00   1.3406016e-04
   4.4800000e+02   0.0000000e+00   1.3278522e-04
   4.4900000e+02   0.0000000e+00   1.3152241e-04
   4.5000000e+02   0.0000000e+00   1.3027162e-04
   4.5100000e+02   1.0000000e+00   1.2903271e-04
   4.5200000e+02   0.0000000e+00   1.2780559e-04
   4.5300000e+02   0.0000000e+00   1.2659014e-04
   4.5400000e+02   0.0000000e+00   1.2538625e-04
   4.5500000e+02   0.0000000e+00   1.2419381e-04
   4.5600000e+02   0.0000000e+00   1.2301270e-04
   4.5700000e+02   0.0000000e+00   1.2184283e-04
   4.5800000e+02   0.0000000e+00   1.2068409e-04
   4.5900000e+02   0.0000000e+00   1.1953637e-04
   4.6000000e+02   0.0000000e+00   1.1839956e-04
   4.6100000e+02   0.0000000e+00   1.1727356e-04
   4.6200000e+02   0.0000000e+00   1.1615827e-04
   4.6300000e+02   0.0000000e+00   1.1505358e-04
   4.6400000e+02   0.0000000e+00   1.1395941e-04
   4.6500000e+02   0.0000000e+00   1.1287564e-04
   4.6600000e+02   0.0000000e+00   1.1180217e-04
   4.6700000e+02   0.0000000e+00   1.1073891e-04
   4.6800000e+02   0.0000000e+00   1.0968577e-04
   4.6900000e+02   0.0000000e+00   1.0864264e-04
   4.7000000e+02   0.0000000e+00   1.0760943e-04
   4.7100000e+02   0.0000000e+00   1.0658605e-04
   4.7200000e+02   0.0000000e+00   1.0557240e-04
   4.7300000e+02   0.0000000e+00   1.0456839e-04
   4.7400000e+02   0.0000000e+00   1.0357393e-04
   4.7500000e+02   0.0000000e+00   1.0258893e-04
   4.7600000e+02   0.0000000e+00   1.0161329e-04
   4.7700000e+02   0.0000000e+00   1.0064693e-04
   4.7800000e+02   0.0000000e+00   9.9689763e-05
   4.7900000e+02   0.0000000e+00   9.8741697e-05
   4.8000000e+02   0.0000000e+00   9.7802649e-05
   4.8100000e+02   1.0000000e+00   9.6872530e-05
