   1.0000000e+00   2.5000000e+01   6.1979167e-02
   2.0000000e+00   3.3000000e+01   5.8137750e-02
   3.0000000e+00   2.1000000e+01   5.4534420e-02
   4.0000000e+00   3.0000000e+01   5.1154422e-02
   5.0000000e+00   2.2000000e+01   4.7983914e-02
   6.0000000e+00   2.2000000e+01   4.5009911e-02
   7.0000000e+00   1.7000000e+01   4.2220234e-02
   8.0000000e+00   2.0000000e+01   3.9603459e-02
   9.0000000e+00   1.8000000e+01   3.7148870e-02
   1.0000000e+01   2.0000000e+01   3.4846414e-02
   1.1000000e+01   2.4000000e+01   3.2686662e-02
   1.2000000e+01   1.1000000e+01   3.0660770e-02
   1.3000000e+01   1.0000000e+01   2.8760441e-02
   1.4000000e+01   1.2000000e+01   2.6977893e-02
   1.5000000e+01   1.1000000e+01   2.5305826e-02
   1.6000000e+01   5.0000000e+00   2.3737392e-02
   1.7000000e+01   1.3000000e+01   2.2266168e-02
   1.8000000e+01   5.0000000e+00   2.0886129e-02
   1.9000000e+01   1.5000000e+01   1.9591624e-02
   2.0000000e+01   1.1000000e+01   1.8377352e-02
   2.1000000e+01   5.0000000e+00   1.7238339e-02
   2.2000000e+01   8.0000000e+00   1.6169921e-02
   2.3000000e+01   1.0000000e+01   1.5167723e-02
   2.4000000e+01   8.0000000e+00   1.4227640e-02
   2.5000000e+01   5.0000000e+00   1.3345823e-02
   2.6000000e+01   6.0000000e+00   1.2518660e-02
   2.7000000e+01   5.0000000e+00   1.1742764e-02
   2.8000000e+01   4.0000000e+00   1.1014957e-02
   2.9000000e+01   7.0000000e+00   1.0332259e-02
   3.0000000e+01   1.1000000e+01   9.6918743e-03
   3.1000000e+01   4.0000000e+00   9.0911800e-03
   3.2000000e+01   5.0000000e+00   8.5277162e-03
   3.3000000e+01   3.0000000e+00   7.9991755e-03
   3.4000000e+01   2.0000000e+00   7.5033933e-03
   3.5000000e+01   5.0000000e+00   7.0383392e-03
   3.6000000e+01   0.0000000e+00   6.6021088e-03
   3.7000000e+01   1.0000000e+00   6.1929156e-03
   3.8000000e+01   4.0000000e+00   5.8090838e-03
   3.9000000e+01   2.0000000e+00   5.4490417e-03
   4.0000000e+01   3.0000000e+00   5.1113146e-03
   4.1000000e+01   1.0000000e+00   4.7945196e-03
   4.2000000e+01   0.0000000e+00   4.4973593e-03
   4.3000000e+01   1.0000000e+00   4.2186167e-03
   4.4000000e+01   2.0000000e+00   3.9571503e-03
   4.5000000e+01   2.0000000e+00   3.7118895e-03
   4.6000000e+01   0.0000000e+00   3.4818296e-03
   4.7000000e+01   2.0000000e+00   3.2660287e-03
   4.8000000e+01   2.0000000e+00   3.0636030e-03
   4.9000000e+01   2.0000000e+00   2.8737234e-03
   5.0000000e+01   1.0000000e+00   2.6956125e-03
   5.1000000e+01   0.0000000e+00   2.5285406e-03
   5.2000000e+01   1.0000000e+00   2.3718238e-03
   5.3000000e+01   2.0000000e+00   2.2248201e-03
   5.4000000e+01   0.0000000e+00   2.0869276e-03
   5.5000000e+01   0.0000000e+00   1.9575816e-03
   5.6000000e+01   0.0000000e+00   1.8362523e-03
   5.7000000e+01   0.0000000e+00   1.7224429e-03
   5.8000000e+01   1.0000000e+00   1.6156874e-03
   5.9000000e+01   1.0000000e+00   1.5155484e-03
   6.0000000e+01   0.0000000e+00   1.4216160e-03
   6.1000000e+01   0.0000000e+00   1.3335054e-03
   6.2000000e+01   0.0000000e+00   1.2508558e-03
   6.3000000e+01   0.0000000e+00   1.1733288e-03
   6.4000000e+01   1.0000000e+00   1.1006069e-03
   6.5000000e+01   0.0000000e+00   1.0323922e-03
   6.6000000e+01   1.0000000e+00   9.6840539e-04
   6.7000000e+01   1.0000000e+00   9.0838444e-04
   6.8000000e+01   1.0000000e+00   8.5208353e-04
   6.9000000e+01   1.0000000e+00   7.9927210e-04
   7.0000000e+01   0.0000000e+00   7.4973388e-04
   7.1000000e+01   3.0000000e+00   7.0326600e-04
   7.2000000e+01   0.0000000e+00   6.5967816e-04
   7.3000000e+01   0.0000000e+00   6.1879186e-04
   7.4000000e+01   0.0000000e+00   5.8043965e-04
   7.5000000e+01   0.0000000e+00   5.4446449e-04
   7.6000000e+01   0.0000000e+00   5.1071903e-04
   7.7000000e+01   0.0000000e+00   4.7906509e-04
   7.8000000e+01   2.0000000e+00   4.4937304e-04
   7.9000000e+01   1.0000000e+00   4.2152127e-04
   8.0000000e+01   1.0000000e+00   3.9539573e-04
   8.1000000e+01   1.0000000e+00   3.7088943e-04
   8.2000000e+01   0.0000000e+00   3.4790202e-04
   8.3000000e+01   1.0000000e+00   3.2633934e-04
   8.4000000e+01   0.0000000e+00   3.0611310e-04
   8.5000000e+01   0.0000000e+00   2.8714046e-04
   8.6000000e+01   0.0000000e+00   2.6934374e-04
   8.7000000e+01   0.0000000e+00   2.5265004e-04
   8.8000000e+01   0.0000000e+00   2.3699100e-04
   8.9000000e+01   0.0000000e+00   2.2230249e-04
   9.0000000e+01   0.0000000e+00   2.0852437e-04
   9.1000000e+01   0.0000000e+00   1.9560020e-04
   9.2000000e+01   0.0000000e+00   1.8347707e-04
   9.3000000e+01   0.0000000e+00   1.7210531e-04
   9.4000000e+01   0.0000000e+00   1.6143837e-04
   9.5000000e+01   0.0000000e+00   1.5143255e-04
   9.6000000e+01   0.0000000e+00   1.4204689e-04
   9.7000000e+01   0.0000000e+00   1.3324294e-04
   9.8000000e+01   0.0000000e+00   1.2498465e-04
   9.9000000e+01   0.0000000e+00   1.1723821e-04
   1.0000000e+02   0.0000000e+00   1.0997188e-04
   1.0100000e+02   0.0000000e+00   1.0315592e-04
   1.0200000e+02   0.0000000e+00   9.6762399e-05
   1.0300000e+02   0.0000000e+00   9.0765146e-05
   1.0400000e+02   0.0000000e+00   8.5139598e-05
   1.0500000e+02   0.0000000e+00   7.9862717e-05
   1.0600000e+02   0.0000000e+00   7.4912892e-05
   1.0700000e+02   1.0000000e+00   7.0269854e-05
