   1.0000000e+00   3.0000000e+00   1.0185378e-02
   2.0000000e+00   2.0000000e+00   1.0081636e-02
   3.0000000e+00   5.0000000e+00   9.9789508e-03
   4.0000000e+00   3.0000000e+00   9.8773115e-03
   5.0000000e+00   7.0000000e+00   9.7767073e-03
   6.0000000e+00   6.0000000e+00   9.6771278e-03
   7.0000000e+00   5.0000000e+00   9.5785626e-03
   8.0000000e+00   2.0000000e+00   9.4810014e-03
   9.0000000e+00   4.0000000e+00   9.3844338e-03
   1.0000000e+01   6.0000000e+00   9.2888498e-03
   1.1000000e+01   5.0000000e+00   9.1942393e-03
   1.2000000e+01   4.0000000e+00   9.1005925e-03
   1.3000000e+01   5.0000000e+00   9.0078995e-03
   1.4000000e+01   2.0000000e+00   8.9161507e-03
   1.5000000e+01   5.0000000e+00   8.8253363e-03
   1.6000000e+01   5.0000000e+00   8.7354469e-03
   1.7000000e+01   1.0000000e+00   8.6464731e-03
   1.8000000e+01   4.0000000e+00   8.5584055e-03
   1.9000000e+01   3.0000000e+00   8.4712349e-03
   2.0000000e+01   3.0000000e+00   8.3849522e-03
   2.1000000e+01   8.0000000e+00   8.2995483e-03
   2.2000000e+01   5.0000000e+00   8.2150142e-03
   2.3000000e+01   5.0000000e+00   8.1313412e-03
   2.4000000e+01   0.0000000e+00   8.0485204e-03
   2.5000000e+01   5.0000000e+00   7.9665432e-03
   2.6000000e+01   6.0000000e+00   7.8854009e-03
   2.7000000e+01   6.0000000e+00   7.8050852e-03
   2.8000000e+01   4.0000000e+00   7.7255874e-03
   2.9000000e+01   2.0000000e+00   7.6468994e-03
   3.0000000e+01   2.0000000e+00   7.5690128e-03
   3.1000000e+01   5.0000000e+00   7.4919196e-03
   3.2000000e+01   0.0000000e+00   7.4156115e-03
   3.3000000e+01   3.0000000e+00   7.3400807e-03
   3.4000000e+01   5.0000000e+00   7.2653192e-03
   3.5000000e+01   3.0000000e+00   7.1913192e-03
   3.6000000e+01   5.0000000e+00   7.1180729e-03
   3.7000000e+01   3.0000000e+00   7.0455726e-03
   3.8000000e+01   2.0000000e+00   6.9738108e-03
   3.9000000e+01   5.0000000e+00   6.9027799e-03
   4.0000000e+01   1.0000000e+00   6.8324725e-03
   4.1000000e+01   6.0000000e+00   6.7628812e-03
   4.2000000e+01   4.0000000e+00   6.6939987e-03
   4.3000000e+01   5.0000000e+00   6.6258178e-03
   4.4000000e+01   3.0000000e+00   6.5583313e-03
   4.5000000e+01   6.0000000e+00   6.4915322e-03
   4.6000000e+01   4.0000000e+00   6.4254135e-03
   4.7000000e+01   3.0000000e+00   6.3599683e-03
   4.8000000e+01   5.0000000e+00   6.2951896e-03
   4.9000000e+01   0.0000000e+00   6.2310707e-03
   5.0000000e+01   3.0000000e+00   6.1676049e-03
   5.1000000e+01   1.0000000e+00   6.1047855e-03
   5.2000000e+01   5.0000000e+00   6.0426059e-03
   5.3000000e+01   9.0000000e+00   5.9810597e-03
   5.4000000e+01   4.0000000e+00   5.9201404e-03
   5.5000000e+01   5.0000000e+00   5.8598415e-03
   5.6000000e+01   1.0000000e+00   5.8001568e-03
   5.7000000e+01   0.0000000e+00   5.7410800e-03
   5.8000000e+01   2.0000000e+00   5.6826049e-03
   5.9000000e+01   2.0000000e+00   5.6247255e-03
   6.0000000e+01   1.0000000e+00   5.5674355e-03
   6.1000000e+01   2.0000000e+00   5.5107291e-03
   6.2000000e+01   1.0000000e+00   5.4546002e-03
   6.3000000e+01   1.0000000e+00   5.3990430e-03
   6.4000000e+01   2.0000000e+00   5.3440517e-03
   6.5000000e+01   4.0000000e+00   5.2896206e-03
   6.6000000e+01   1.0000000e+00   5.2357438e-03
   6.7000000e+01   4.0000000e+00   5.1824157e-03
   6.8000000e+01   4.0000000e+00   5.1296309e-03
   6.9000000e+01   4.0000000e+00   5.0773836e-03
   7.0000000e+01   2.0000000e+00   5.0256686e-03
   7.1000000e+01   4.0000000e+00   4.9744802e-03
   7.2000000e+01   1.0000000e+00   4.9238133e-03
   7.3000000e+01   2.0000000e+00   4.8736624e-03
   7.4000000e+01   3.0000000e+00   4.8240223e-03
   7.5000000e+01   1.0000000e+00   4.7748878e-03
   7.6000000e+01   4.0000000e+00   4.7262538e-03
   7.7000000e+01   1.0000000e+00   4.6781151e-03
   7.8000000e+01   1.0000000e+00   4.6304667e-03
   7.9000000e+01   3.0000000e+00   4.5833037e-03
   8.0000000e+01   1.0000000e+00   4.5366210e-03
   8.1000000e+01   4.0000000e+00   4.4904138e-03
   8.2000000e+01   0.0000000e+00   4.4446772e-03
   8.3000000e+01   2.0000000e+00   4.3994065e-03
   8.4000000e+01   1.0000000e+00   4.3545969e-03
   8.5000000e+01   1.0000000e+00   4.3102437e-03
   8.6000000e+01   2.0000000e+00   4.2663422e-03
   8.7000000e+01   2.0000000e+00   4.2228879e-03
   8.8000000e+01   0.0000000e+00   4.1798762e-03
   8.9000000e+01   1.0000000e+00   4.1373026e-03
   9.0000000e+01   3.0000000e+00   4.0951626e-03
   9.1000000e+01   1.0000000e+00   4.0534518e-03
   9.2000000e+01   2.0000000e+00   4.0121659e-03
   9.3000000e+01   1.0000000e+00   3.9713004e-03
   9.4000000e+01   1.0000000e+00   3.9308512e-03
   9.5000000e+01   0.0000000e+00   3.8908140e-03
   9.6000000e+01   3.0000000e+00   3.8511846e-03
   9.7000000e+01   2.0000000e+00   3.8119588e-03
   9.8000000e+01   1.0000000e+00   3.7731326e-03
   9.9000000e+01   2.0000000e+00   3.7347018e-03
   1.0000000e+02   1.0000000e+00   3.6966625e-03
   1.0100000e+02   4.0000000e+00   3.6590106e-03
   1.0200000e+02   2.0000000e+00   3.6217422e-03
   1.0300000e+02   2.0000000e+00   3.5848533e-03
   1.0400000e+02   1.0000000e+00   3.5483403e-03
   1.0500000e+02   2.0000000e+00   3.5121991e-03
   1.0600000e+02   3.0000000e+00   3.4764260e-03
   1.0700000e+02   0.0000000e+00   3.4410173e-03
   1.0800000e+02   3.0000000e+00   3.4059692e-03
   1.0900000e+02   4.0000000e+00   3.3712781e-03
   1.1000000e+02   4.0000000e+00   3.3369404e-03
   1.1100000e+02   1.0000000e+00   3.3029524e-03
   1.1200000e+02   2.0000000e+00   3.2693106e-03
   1.1300000e+02   1.0000000e+00   3.2360114e-03
   1.1400000e+02   1.0000000e+00   3.2030514e-03
   1.1500000e+02   3.0000000e+00   3.1704271e-03
   1.1600000e+02   3.0000000e+00   3.1381351e-03
   1.1700000e+02   1.0000000e+00   3.1061720e-03
   1.1800000e+02   2.0000000e+00   3.0745345e-03
   1.1900000e+02   0.0000000e+00   3.0432192e-03
   1.2000000e+02   1.0000000e+00   3.0122229e-03
   1.2100000e+02   2.0000000e+00   2.9815422e-03
   1.2200000e+02   1.0000000e+00   2.9511741e-03
   1.2300000e+02   1.0000000e+00   2.9211153e-03
   1.2400000e+02   4.0000000e+00   2.8913626e-03
   1.2500000e+02   2.0000000e+00   2.8619130e-03
   1.2600000e+02   3.0000000e+00   2.8327633e-03
   1.2700000e+02   2.0000000e+00   2.8039106e-03
   1.2800000e+02   3.0000000e+00   2.7753517e-03
   1.2900000e+02   1.0000000e+00   2.7470837e-03
   1.3000000e+02   1.0000000e+00   2.7191036e-03
   1.3100000e+02   2.0000000e+00   2.6914085e-03
   1.3200000e+02   3.0000000e+00   2.6639955e-03
   1.3300000e+02   4.0000000e+00   2.6368617e-03
   1.3400000e+02   0.0000000e+00   2.6100042e-03
   1.3500000e+02   1.0000000e+00   2.5834204e-03
   1.3600000e+02   0.0000000e+00   2.5571072e-03
   1.3700000e+02   5.0000000e+00   2.5310621e-03
   1.3800000e+02   2.0000000e+00   2.5052823e-03
   1.3900000e+02   2.0000000e+00   2.4797651e-03
   1.4000000e+02   0.0000000e+00   2.4545077e-03
   1.4100000e+02   1.0000000e+00   2.4295076e-03
   1.4200000e+02   0.0000000e+00   2.4047622e-03
   1.4300000e+02   1.0000000e+00   2.3802688e-03
   1.4400000e+02   1.0000000e+00   2.3560248e-03
   1.4500000e+02   2.0000000e+00   2.3320278e-03
   1.4600000e+02   1.0000000e+00   2.3082752e-03
   1.4700000e+02   2.0000000e+00   2.2847646e-03
   1.4800000e+02   0.0000000e+00   2.2614934e-03
   1.4900000e+02   0.0000000e+00   2.2384592e-03
   1.5000000e+02   1.0000000e+00   2.2156597e-03
   1.5100000e+02   0.0000000e+00   2.1930923e-03
   1.5200000e+02   1.0000000e+00   2.1707549e-03
   1.5300000e+02   0.0000000e+00   2.1486449e-03
   1.5400000e+02   0.0000000e+00   2.1267601e-03
   1.5500000e+02   0.0000000e+00   2.1050983e-03
   1.5600000e+02   3.0000000e+00   2.0836571e-03
   1.5700000e+02   1.0000000e+00   2.0624342e-03
   1.5800000e+02   0.0000000e+00   2.0414276e-03
   1.5900000e+02   0.0000000e+00   2.0206349e-03
   1.6000000e+02   1.0000000e+00   2.0000539e-03
   1.6100000e+02   3.0000000e+00   1.9796826e-03
   1.6200000e+02   0.0000000e+00   1.9595188e-03
   1.6300000e+02   0.0000000e+00   1.9395604e-03
   1.6400000e+02   0.0000000e+00   1.9198052e-03
   1.6500000e+02   3.0000000e+00   1.9002513e-03
   1.6600000e+02   1.0000000e+00   1.8808965e-03
   1.6700000e+02   0.0000000e+00   1.8617388e-03
   1.6800000e+02   2.0000000e+00   1.8427763e-03
   1.6900000e+02   1.0000000e+00   1.8240070e-03
   1.7000000e+02   1.0000000e+00   1.8054288e-03
   1.7100000e+02   1.0000000e+00   1.7870398e-03
   1.7200000e+02   0.0000000e+00   1.7688381e-03
   1.7300000e+02   0.0000000e+00   1.7508218e-03
   1.7400000e+02   0.0000000e+00   1.7329890e-03
   1.7500000e+02   0.0000000e+00   1.7153379e-03
   1.7600000e+02   0.0000000e+00   1.6978665e-03
   1.7700000e+02   2.0000000e+00   1.6805731e-03
   1.7800000e+02   0.0000000e+00   1.6634558e-03
   1.7900000e+02   0.0000000e+00   1.6465129e-03
   1.8000000e+02   3.0000000e+00   1.6297426e-03
   1.8100000e+02   0.0000000e+00   1.6131430e-03
   1.8200000e+02   0.0000000e+00   1.5967125e-03
   1.8300000e+02   2.0000000e+00   1.5804494e-03
   1.8400000e+02   2.0000000e+00   1.5643519e-03
   1.8500000e+02   0.0000000e+00   1.5484184e-03
   1.8600000e+02   1.0000000e+00   1.5326472e-03
   1.8700000e+02   2.0000000e+00   1.5170366e-03
   1.8800000e+02   1.0000000e+00   1.5015850e-03
   1.8900000e+02   0.0000000e+00   1.4862908e-03
   1.9000000e+02   1.0000000e+00   1.4711524e-03
   1.9100000e+02   3.0000000e+00   1.4561681e-03
   1.9200000e+02   0.0000000e+00   1.4413365e-03
   1.9300000e+02   0.0000000e+00   1.4266560e-03
   1.9400000e+02   0.0000000e+00   1.4121249e-03
   1.9500000e+02   0.0000000e+00   1.3977419e-03
   1.9600000e+02   1.0000000e+00   1.3835054e-03
   1.9700000e+02   1.0000000e+00   1.3694138e-03
   1.9800000e+02   2.0000000e+00   1.3554658e-03
   1.9900000e+02   1.0000000e+00   1.3416599e-03
   2.0000000e+02   1.0000000e+00   1.3279946e-03
   2.0100000e+02   0.0000000e+00   1.3144685e-03
   2.0200000e+02   0.0000000e+00   1.3010801e-03
   2.0300000e+02   0.0000000e+00   1.2878281e-03
   2.0400000e+02   0.0000000e+00   1.2747111e-03
   2.0500000e+02   0.0000000e+00   1.2617277e-03
   2.0600000e+02   1.0000000e+00   1.2488765e-03
   2.0700000e+02   0.0000000e+00   1.2361562e-03
   2.0800000e+02   1.0000000e+00   1.2235655e-03
   2.0900000e+02   0.0000000e+00   1.2111030e-03
   2.1000000e+02   0.0000000e+00   1.1987675e-03
   2.1100000e+02   0.0000000e+00   1.1865576e-03
   2.1200000e+02   0.0000000e+00   1.1744721e-03
   2.1300000e+02   0.0000000e+00   1.1625096e-03
   2.1400000e+02   2.0000000e+00   1.1506690e-03
   2.1500000e+02   3.0000000e+00   1.1389490e-03
   2.1600000e+02   0.0000000e+00   1.1273484e-03
   2.1700000e+02   0.0000000e+00   1.1158659e-03
   2.1800000e+02   0.0000000e+00   1.1045004e-03
   2.1900000e+02   1.0000000e+00   1.0932507e-03
   2.2000000e+02   1.0000000e+00   1.0821155e-03
   2.2100000e+02   0.0000000e+00   1.0710937e-03
   2.2200000e+02   1.0000000e+00   1.0601842e-03
   2.2300000e+02   0.0000000e+00   1.0493859e-03
   2.2400000e+02   0.0000000e+00   1.0386975e-03
   2.2500000e+02   1.0000000e+00   1.0281179e-03
   2.2600000e+02   1.0000000e+00   1.0176462e-03
   2.2700000e+02   0.0000000e+00   1.0072811e-03
   2.2800000e+02   1.0000000e+00   9.9702152e-04
   2.2900000e+02   0.0000000e+00   9.8686648e-04
   2.3000000e+02   1.0000000e+00   9.7681487e-04
   2.3100000e+02   0.0000000e+00   9.6686564e-04
   2.3200000e+02   0.0000000e+00   9.5701775e-04
   2.3300000e+02   1.0000000e+00   9.4727016e-04
   2.3400000e+02   0.0000000e+00   9.3762186e-04
   2.3500000e+02   1.0000000e+00   9.2807182e-04
   2.3600000e+02   1.0000000e+00   9.1861906e-04
   2.3700000e+02   1.0000000e+00   9.0926258e-04
   2.3800000e+02   0.0000000e+00   9.0000139e-04
   2.3900000e+02   0.0000000e+00   8.9083454e-04
   2.4000000e+02   0.0000000e+00   8.8176105e-04
   2.4100000e+02   0.0000000e+00   8.7277998e-04
   2.4200000e+02   0.0000000e+00   8.6389039e-04
   2.4300000e+02   2.0000000e+00   8.5509134e-04
   2.4400000e+02   0.0000000e+00   8.4638191e-04
   2.4500000e+02   1.0000000e+00   8.3776119e-04
   2.4600000e+02   1.0000000e+00   8.2922828e-04
   2.4700000e+02   0.0000000e+00   8.2078227e-04
   2.4800000e+02   1.0000000e+00   8.1242230e-04
   2.4900000e+02   0.0000000e+00   8.0414747e-04
   2.5000000e+02   0.0000000e+00   7.9595692e-04
   2.5100000e+02   0.0000000e+00   7.8784980e-04
   2.5200000e+02   0.0000000e+00   7.7982525e-04
   2.5300000e+02   0.0000000e+00   7.7188244e-04
   2.5400000e+02   0.0000000e+00   7.6402052e-04
   2.5500000e+02   0.0000000e+00   7.5623868e-04
   2.5600000e+02   0.0000000e+00   7.4853611e-04
   2.5700000e+02   0.0000000e+00   7.4091198e-04
   2.5800000e+02   0.0000000e+00   7.3336551e-04
   2.5900000e+02   1.0000000e+00   7.2589591e-04
   2.6000000e+02   1.0000000e+00   7.1850239e-04
   2.6100000e+02   0.0000000e+00   7.1118417e-04
   2.6200000e+02   0.0000000e+00   7.0394049e-04
   2.6300000e+02   0.0000000e+00   6.9677059e-04
   2.6400000e+02   0.0000000e+00   6.8967372e-04
   2.6500000e+02   0.0000000e+00   6.8264913e-04
   2.6600000e+02   0.0000000e+00   6.7569609e-04
   2.6700000e+02   0.0000000e+00   6.6881387e-04
   2.6800000e+02   0.0000000e+00   6.6200175e-04
   2.6900000e+02   0.0000000e+00   6.5525901e-04
   2.7000000e+02   1.0000000e+00   6.4858495e-04
   2.7100000e+02   0.0000000e+00   6.4197886e-04
   2.7200000e+02   0.0000000e+00   6.3544007e-04
   2.7300000e+02   0.0000000e+00   6.2896787e-04
   2.7400000e+02   0.0000000e+00   6.2256159e-04
   2.7500000e+02   1.0000000e+00   6.1622057e-04
   2.7600000e+02   1.0000000e+00   6.0994413e-04
   2.7700000e+02   1.0000000e+00   6.0373162e-04
   2.7800000e+02   0.0000000e+00   5.9758238e-04
   2.7900000e+02   0.0000000e+00   5.9149578e-04
   2.8000000e+02   0.0000000e+00   5.8547117e-04
   2.8100000e+02   1.0000000e+00   5.7950793e-04
   2.8200000e+02   0.0000000e+00   5.7360542e-04
   2.8300000e+02   0.0000000e+00   5.6776303e-04
   2.8400000e+02   0.0000000e+00   5.6198015e-04
   2.8500000e+02   0.0000000e+00   5.5625617e-04
   2.8600000e+02   1.0000000e+00   5.5059049e-04
   2.8700000e+02   1.0000000e+00   5.4498252e-04
   2.8800000e+02   0.0000000e+00   5.3943167e-04
   2.8900000e+02   2.0000000e+00   5.3393735e-04
   2.9000000e+02   1.0000000e+00   5.2849900e-04
   2.9100000e+02   1.0000000e+00   5.2311603e-04
   2.9200000e+02   1.0000000e+00   5.1778790e-04
   2.9300000e+02   0.0000000e+00   5.1251403e-04
   2.9400000e+02   0.0000000e+00   5.0729389e-04
   2.9500000e+02   0.0000000e+00   5.0212691e-04
   2.9600000e+02   0.0000000e+00   4.9701255e-04
   2.9700000e+02   0.0000000e+00   4.9195029e-04
   2.9800000e+02   0.0000000e+00   4.8693959e-04
   2.9900000e+02   1.0000000e+00   4.8197993e-04
   3.0000000e+02   0.0000000e+00   4.7707078e-04
   3.0100000e+02   0.0000000e+00   4.7221163e-04
   3.0200000e+02   0.0000000e+00   4.6740198e-04
   3.0300000e+02   0.0000000e+00   4.6264132e-04
   3.0400000e+02   2.0000000e+00   4.5792914e-04
   3.0500000e+02   0.0000000e+00   4.5326496e-04
   3.0600000e+02   0.0000000e+00   4.4864828e-04
   3.0700000e+02   0.0000000e+00   4.4407863e-04
   3.0800000e+02   0.0000000e+00   4.3955552e-04
   3.0900000e+02   0.0000000e+00   4.3507848e-04
   3.1000000e+02   0.0000000e+00   4.3064704e-04
   3.1100000e+02   0.0000000e+00   4.2626074e-04
   3.1200000e+02   0.0000000e+00   4.2191911e-04
   3.1300000e+02   0.0000000e+00   4.1762171e-04
   3.1400000e+02   0.0000000e+00   4.1336807e-04
   3.1500000e+02   0.0000000e+00   4.0915776e-04
   3.1600000e+02   1.0000000e+00   4.0499034e-04
   3.1700000e+02   0.0000000e+00   4.0086536e-04
   3.1800000e+02   1.0000000e+00   3.9678239e-04
   3.1900000e+02   0.0000000e+00   3.9274101e-04
   3.2000000e+02   0.0000000e+00   3.8874080e-04
   3.2100000e+02   0.0000000e+00   3.8478132e-04
   3.2200000e+02   0.0000000e+00   3.8086218e-04
   3.2300000e+02   0.0000000e+00   3.7698296e-04
   3.2400000e+02   1.0000000e+00   3.7314324e-04
   3.2500000e+02   1.0000000e+00   3.6934264e-04
   3.2600000e+02   1.0000000e+00   3.6558074e-04
   3.2700000e+02   1.0000000e+00   3.6185716e-04
   3.2800000e+02   0.0000000e+00   3.5817151e-04
   3.2900000e+02   0.0000000e+00   3.5452340e-04
   3.3000000e+02   0.0000000e+00   3.5091245e-04
   3.3100000e+02   0.0000000e+00   3.4733827e-04
   3.3200000e+02   1.0000000e+00   3.4380050e-04
   3.3300000e+02   0.0000000e+00   3.4029876e-04
   3.3400000e+02   1.0000000e+00   3.3683269e-04
   3.3500000e+02   0.0000000e+00   3.3340192e-04
   3.3600000e+02   0.0000000e+00   3.3000610e-04
   3.3700000e+02   0.0000000e+00   3.2664486e-04
   3.3800000e+02   0.0000000e+00   3.2331786e-04
   3.3900000e+02   0.0000000e+00   3.2002474e-04
   3.4000000e+02   0.0000000e+00   3.1676517e-04
   3.4100000e+02   0.0000000e+00   3.1353880e-04
   3.4200000e+02   1.0000000e+00   3.1034529e-04
   3.4300000e+02   0.0000000e+00   3.0718430e-04
   3.4400000e+02   0.0000000e+00   3.0405551e-04
   3.4500000e+02   0.0000000e+00   3.0095859e-04
   3.4600000e+02   0.0000000e+00   2.9789322e-04
   3.4700000e+02   0.0000000e+00   2.9485906e-04
   3.4800000e+02   0.0000000e+00   2.9185581e-04
   3.4900000e+02   0.0000000e+00   2.8888315e-04
   3.5000000e+02   0.0000000e+00   2.8594076e-04
   3.5100000e+02   0.0000000e+00   2.8302835e-04
   3.5200000e+02   0.0000000e+00   2.8014560e-04
   3.5300000e+02   0.0000000e+00   2.7729221e-04
   3.5400000e+02   0.0000000e+00   2.7446788e-04
   3.5500000e+02   0.0000000e+00   2.7167232e-04
   3.5600000e+02   0.0000000e+00   2.6890524e-04
   3.5700000e+02   0.0000000e+00   2.6616634e-04
   3.5800000e+02   0.0000000e+00   2.6345533e-04
   3.5900000e+02   0.0000000e+00   2.6077194e-04
   3.6000000e+02   0.0000000e+00   2.5811588e-04
   3.6100000e+02   0.0000000e+00   2.5548687e-04
   3.6200000e+02   0.0000000e+00   2.5288464e-04
   3.6300000e+02   0.0000000e+00   2.5030892e-04
   3.6400000e+02   0.0000000e+00   2.4775943e-04
   3.6500000e+02   0.0000000e+00   2.4523590e-04
   3.6600000e+02   1.0000000e+00   2.4273808e-04
   3.6700000e+02   0.0000000e+00   2.4026570e-04
   3.6800000e+02   0.0000000e+00   2.3781851e-04
   3.6900000e+02   0.0000000e+00   2.3539623e-04
   3.7000000e+02   0.0000000e+00   2.3299863e-04
   3.7100000e+02   0.0000000e+00   2.3062546e-04
   3.7200000e+02   1.0000000e+00   2.2827645e-04
   3.7300000e+02   0.0000000e+00   2.2595137e-04
   3.7400000e+02   0.0000000e+00   2.2364997e-04
   3.7500000e+02   0.0000000e+00   2.2137201e-04
   3.7600000e+02   0.0000000e+00   2.1911725e-04
   3.7700000e+02   0.0000000e+00   2.1688546e-04
   3.7800000e+02   0.0000000e+00   2.1467640e-04
   3.7900000e+02   0.0000000e+00   2.1248984e-04
   3.8000000e+02   0.0000000e+00   2.1032555e-04
   3.8100000e+02   0.0000000e+00   2.0818330e-04
   3.8200000e+02   0.0000000e+00   2.0606288e-04
   3.8300000e+02   0.0000000e+00   2.0396405e-04
   3.8400000e+02   1.0000000e+00   2.0188660e-04
   3.8500000e+02   1.0000000e+00   1.9983031e-04
   3.8600000e+02   0.0000000e+00   1.9779496e-04
   3.8700000e+02   0.0000000e+00   1.9578034e-04
   3.8800000e+02   0.0000000e+00   1.9378624e-04
   3.8900000e+02   0.0000000e+00   1.9181246e-04
   3.9000000e+02   0.0000000e+00   1.8985878e-04
   3.9100000e+02   0.0000000e+00   1.8792499e-04
   3.9200000e+02   0.0000000e+00   1.8601091e-04
   3.9300000e+02   0.0000000e+00   1.8411631e-04
   3.9400000e+02   0.0000000e+00   1.8224102e-04
   3.9500000e+02   0.0000000e+00   1.8038483e-04
   3.9600000e+02   0.0000000e+00   1.7854754e-04
   3.9700000e+02   0.0000000e+00   1.7672896e-04
   3.9800000e+02   1.0000000e+00   1.7492891e-04
   3.9900000e+02   0.0000000e+00   1.7314720e-04
   4.0000000e+02   0.0000000e+00   1.7138363e-04
   4.0100000e+02   1.0000000e+00   1.6963802e-04
   4.0200000e+02   0.0000000e+00   1.6791019e-04
   4.0300000e+02   0.0000000e+00   1.6619996e-04
   4.0400000e+02   0.0000000e+00   1.6450715e-04
   4.0500000e+02   0.0000000e+00   1.6283159e-04
   4.0600000e+02   0.0000000e+00   1.6117309e-04
   4.0700000e+02   0.0000000e+00   1.5953148e-04
   4.0800000e+02   0.0000000e+00   1.5790659e-04
   4.0900000e+02   0.0000000e+00   1.5629825e-04
   4.1000000e+02   0.0000000e+00   1.5470629e-04
   4.1100000e+02   0.0000000e+00   1.5313055e-04
   4.1200000e+02   0.0000000e+00   1.5157086e-04
   4.1300000e+02   0.0000000e+00   1.5002705e-04
   4.1400000e+02   0.0000000e+00   1.4849897e-04
   4.1500000e+02   0.0000000e+00   1.4698645e-04
   4.1600000e+02   0.0000000e+00   1.4548934e-04
   4.1700000e+02   0.0000000e+00   1.4400747e-04
   4.1800000e+02   1.0000000e+00   1.4254070e-04
   4.1900000e+02   0.0000000e+00   1.4108887e-04
   4.2000000e+02   0.0000000e+00   1.3965183e-04
   4.2100000e+02   0.0000000e+00   1.3822942e-04
   4.2200000e+02   0.0000000e+00   1.3682150e-04
   4.2300000e+02   0.0000000e+00   1.3542793e-04
   4.2400000e+02   0.0000000e+00   1.3404854e-04
   4.2500000e+02   0.0000000e+00   1.3268321e-04
   4.2600000e+02   0.0000000e+00   1.3133178e-04
   4.2700000e+02   0.0000000e+00   1.2999411e-04
   4.2800000e+02   0.0000000e+00   1.2867007e-04
   4.2900000e+02   0.0000000e+00   1.2735952e-04
   4.3000000e+02   0.0000000e+00   1.2606232e-04
   4.3100000e+02   0.0000000e+00   1.2477832e-04
   4.3200000e+02   0.0000000e+00   1.2350741e-04
   4.3300000e+02   0.0000000e+00   1.2224944e-04
   4.3400000e+02   0.0000000e+00   1.2100428e-04
   4.3500000e+02   0.0000000e+00   1.1977181e-04
   4.3600000e+02   0.0000000e+00   1.1855189e-04
   4.3700000e+02   0.0000000e+00   1.1734439e-04
   4.3800000e+02   0.0000000e+00   1.1614919e-04
   4.3900000e+02   0.0000000e+00   1.1496617e-04
   4.4000000e+02   0.0000000e+00   1.1379520e-04
   4.4100000e+02   0.0000000e+00   1.1263615e-04
   4.4200000e+02   1.0000000e+00   1.1148891e-04
   4.4300000e+02   0.0000000e+00   1.1035335e-04
   4.4400000e+02   0.0000000e+00   1.0922936e-04
   4.4500000e+02   0.0000000e+00   1.0811682e-04
   4.4600000e+02   0.0000000e+00   1.0701561e-04
   4.4700000e+02   0.0000000e+00   1.0592561e-04
   4.4800000e+02   0.0000000e+00   1.0484672e-04
   4.4900000e+02   0.0000000e+00   1.0377882e-04
   4.5000000e+02   0.0000000e+00   1.0272179e-04
   4.5100000e+02   0.0000000e+00   1.0167553e-04
   4.5200000e+02   0.0000000e+00   1.0063993e-04
   4.5300000e+02   0.0000000e+00   9.9614871e-05
   4.5400000e+02   0.0000000e+00   9.8600256e-05
   4.5500000e+02   0.0000000e+00   9.7595975e-05
   4.5600000e+02   0.0000000e+00   9.6601924e-05
   4.5700000e+02   0.0000000e+00   9.5617996e-05
   4.5800000e+02   1.0000000e+00   9.4644091e-05
   4.5900000e+02   0.0000000e+00   9.3680105e-05
   4.6000000e+02   0.0000000e+00   9.2725938e-05
   4.6100000e+02   0.0000000e+00   9.1781489e-05
   4.6200000e+02   0.0000000e+00   9.0846660e-05
   4.6300000e+02   0.0000000e+00   8.9921352e-05
   4.6400000e+02   0.0000000e+00   8.9005469e-05
   4.6500000e+02   0.0000000e+00   8.8098915e-05
   4.6600000e+02   0.0000000e+00   8.7201594e-05
   4.6700000e+02   0.0000000e+00   8.6313413e-05
   4.6800000e+02   0.0000000e+00   8.5434278e-05
   4.6900000e+02   0.0000000e+00   8.4564098e-05
   4.7000000e+02   0.0000000e+00   8.3702781e-05
   4.7100000e+02   0.0000000e+00   8.2850236e-05
   4.7200000e+02   0.0000000e+00   8.2006375e-05
   4.7300000e+02   0.0000000e+00   8.1171109e-05
   4.7400000e+02   0.0000000e+00   8.0344351e-05
   4.7500000e+02   0.0000000e+00   7.9526013e-05
   4.7600000e+02   0.0000000e+00   7.8716011e-05
   4.7700000e+02   0.0000000e+00   7.7914258e-05
   4.7800000e+02   0.0000000e+00   7.7120672e-05
   4.7900000e+02   0.0000000e+00   7.6335169e-05
   4.8000000e+02   0.0000000e+00   7.5557666e-05
   4.8100000e+02   0.0000000e+00   7.4788083e-05
   4.8200000e+02   0.0000000e+00   7.4026338e-05
   4.8300000e+02   0.0000000e+00   7.3272352e-05
   4.8400000e+02   0.0000000e+00   7.2526045e-05
   4.8500000e+02   0.0000000e+00   7.1787340e-05
   4.8600000e+02   0.0000000e+00   7.1056159e-05
   4.8700000e+02   0.0000000e+00   7.0332425e-05
   4.8800000e+02   0.0000000e+00   6.9616063e-05
   4.8900000e+02   1.0000000e+00   6.8906997e-05
   4.9000000e+02   0.0000000e+00   6.8205153e-05
   4.9100000e+02   0.0000000e+00   6.7510458e-05
   4.9200000e+02   0.0000000e+00   6.6822838e-05
   4.9300000e+02   0.0000000e+00   6.6142222e-05
   4.9400000e+02   0.0000000e+00   6.5468539e-05
   4.9500000e+02   0.0000000e+00   6.4801717e-05
   4.9600000e+02   0.0000000e+00   6.4141687e-05
   4.9700000e+02   0.0000000e+00   6.3488380e-05
   4.9800000e+02   0.0000000e+00   6.2841727e-05
   4.9900000e+02   0.0000000e+00   6.2201660e-05
   5.0000000e+02   0.0000000e+00   6.1568112e-05
   5.0100000e+02   0.0000000e+00   6.0941018e-05
   5.0200000e+02   0.0000000e+00   6.0320311e-05
   5.0300000e+02   0.0000000e+00   5.9705925e-05
   5.0400000e+02   0.0000000e+00   5.9097798e-05
   5.0500000e+02   0.0000000e+00   5.8495865e-05
   5.0600000e+02   0.0000000e+00   5.7900062e-05
   5.0700000e+02   0.0000000e+00   5.7310328e-05
   5.0800000e+02   0.0000000e+00   5.6726601e-05
   5.0900000e+02   0.0000000e+00   5.6148819e-05
   5.1000000e+02   0.0000000e+00   5.5576922e-05
   5.1100000e+02   0.0000000e+00   5.5010850e-05
   5.1200000e+02   0.0000000e+00   5.4450544e-05
   5.1300000e+02   0.0000000e+00   5.3895944e-05
   5.1400000e+02   0.0000000e+00   5.3346994e-05
   5.1500000e+02   0.0000000e+00   5.2803634e-05
   5.1600000e+02   0.0000000e+00   5.2265809e-05
   5.1700000e+02   0.0000000e+00   5.1733462e-05
   5.1800000e+02   0.0000000e+00   5.1206538e-05
   5.1900000e+02   0.0000000e+00   5.0684980e-05
   5.2000000e+02   0.0000000e+00   5.0168734e-05
   5.2100000e+02   0.0000000e+00   4.9657746e-05
   5.2200000e+02   0.0000000e+00   4.9151963e-05
   5.2300000e+02   0.0000000e+00   4.8651332e-05
   5.2400000e+02   0.0000000e+00   4.8155800e-05
   5.2500000e+02   0.0000000e+00   4.7665315e-05
   5.2600000e+02   0.0000000e+00   4.7179826e-05
   5.2700000e+02   0.0000000e+00   4.6699281e-05
   5.2800000e+02   0.0000000e+00   4.6223631e-05
   5.2900000e+02   0.0000000e+00   4.5752826e-05
   5.3000000e+02   0.0000000e+00   4.5286816e-05
   5.3100000e+02   0.0000000e+00   4.4825553e-05
   5.3200000e+02   0.0000000e+00   4.4368988e-05
   5.3300000e+02   0.0000000e+00   4.3917073e-05
   5.3400000e+02   0.0000000e+00   4.3469761e-05
   5.3500000e+02   0.0000000e+00   4.3027005e-05
   5.3600000e+02   0.0000000e+00   4.2588759e-05
   5.3700000e+02   0.0000000e+00   4.2154976e-05
   5.3800000e+02   0.0000000e+00   4.1725612e-05
   5.3900000e+02   0.0000000e+00   4.1300621e-05
   5.4000000e+02   0.0000000e+00   4.0879958e-05
   5.4100000e+02   0.0000000e+00   4.0463580e-05
   5.4200000e+02   0.0000000e+00   4.0051443e-05
   5.4300000e+02   0.0000000e+00   3.9643504e-05
   5.4400000e+02   0.0000000e+00   3.9239720e-05
   5.4500000e+02   0.0000000e+00   3.8840049e-05
   5.4600000e+02   0.0000000e+00   3.8444448e-05
   5.4700000e+02   0.0000000e+00   3.8052877e-05
   5.4800000e+02   0.0000000e+00   3.7665294e-05
   5.4900000e+02   0.0000000e+00   3.7281659e-05
   5.5000000e+02   0.0000000e+00   3.6901931e-05
   5.5100000e+02   0.0000000e+00   3.6526071e-05
   5.5200000e+02   0.0000000e+00   3.6154039e-05
   5.5300000e+02   0.0000000e+00   3.5785797e-05
   5.5400000e+02   0.0000000e+00   3.5421305e-05
   5.5500000e+02   0.0000000e+00   3.5060525e-05
   5.5600000e+02   0.0000000e+00   3.4703421e-05
   5.5700000e+02   0.0000000e+00   3.4349953e-05
   5.5800000e+02   0.0000000e+00   3.4000086e-05
   5.5900000e+02   0.0000000e+00   3.3653782e-05
   5.6000000e+02   0.0000000e+00   3.3311006e-05
   5.6100000e+02   0.0000000e+00   3.2971721e-05
   5.6200000e+02   0.0000000e+00   3.2635891e-05
   5.6300000e+02   0.0000000e+00   3.2303482e-05
   5.6400000e+02   0.0000000e+00   3.1974459e-05
   5.6500000e+02   0.0000000e+00   3.1648787e-05
   5.6600000e+02   0.0000000e+00   3.1326432e-05
   5.6700000e+02   0.0000000e+00   3.1007361e-05
   5.6800000e+02   0.0000000e+00   3.0691539e-05
   5.6900000e+02   0.0000000e+00   3.0378934e-05
   5.7000000e+02   0.0000000e+00   3.0069513e-05
   5.7100000e+02   0.0000000e+00   2.9763244e-05
   5.7200000e+02   0.0000000e+00   2.9460094e-05
   5.7300000e+02   0.0000000e+00   2.9160032e-05
   5.7400000e+02   0.0000000e+00   2.8863026e-05
   5.7500000e+02   0.0000000e+00   2.8569045e-05
   5.7600000e+02   0.0000000e+00   2.8278058e-05
   5.7700000e+02   0.0000000e+00   2.7990036e-05
   5.7800000e+02   0.0000000e+00   2.7704947e-05
   5.7900000e+02   0.0000000e+00   2.7422761e-05
   5.8000000e+02   0.0000000e+00   2.7143450e-05
   5.8100000e+02   0.0000000e+00   2.6866984e-05
   5.8200000e+02   0.0000000e+00   2.6593333e-05
   5.8300000e+02   0.0000000e+00   2.6322470e-05
   5.8400000e+02   0.0000000e+00   2.6054366e-05
   5.8500000e+02   0.0000000e+00   2.5788992e-05
   5.8600000e+02   0.0000000e+00   2.5526322e-05
   5.8700000e+02   0.0000000e+00   2.5266326e-05
   5.8800000e+02   0.0000000e+00   2.5008979e-05
   5.8900000e+02   0.0000000e+00   2.4754253e-05
   5.9000000e+02   0.0000000e+00   2.4502122e-05
   5.9100000e+02   0.0000000e+00   2.4252559e-05
   5.9200000e+02   0.0000000e+00   2.4005537e-05
   5.9300000e+02   0.0000000e+00   2.3761032e-05
   5.9400000e+02   0.0000000e+00   2.3519017e-05
   5.9500000e+02   0.0000000e+00   2.3279467e-05
   5.9600000e+02   0.0000000e+00   2.3042356e-05
   5.9700000e+02   0.0000000e+00   2.2807661e-05
   5.9800000e+02   1.0000000e+00   2.2575357e-05
