   1.0000000e+00   1.8000000e+01   5.0306747e-02
   2.0000000e+00   2.4000000e+01   4.6538577e-02
   3.0000000e+00   2.8000000e+01   4.3107026e-02
   4.0000000e+00   1.5000000e+01   3.9980419e-02
   5.0000000e+00   1.9000000e+01   3.7130100e-02
   6.0000000e+00   1.6000000e+01   3.4530146e-02
   7.0000000e+00   1.6000000e+01   3.2157104e-02
   8.0000000e+00   1.8000000e+01   2.9989754e-02
   9.0000000e+00   1.5000000e+01   2.8008896e-02
   1.0000000e+01   1.4000000e+01   2.6197158e-02
   1.1000000e+01   1.2000000e+01   2.4538820e-02
   1.2000000e+01   1.4000000e+01   2.3019656e-02
   1.3000000e+01   3.0000000e+00   2.1626792e-02
   1.4000000e+01   7.0000000e+00   2.0348576e-02
   1.5000000e+01   1.2000000e+01   1.9174463e-02
   1.6000000e+01   8.0000000e+00   1.8094905e-02
   1.7000000e+01   1.1000000e+01   1.7101261e-02
   1.8000000e+01   7.0000000e+00   1.6185707e-02
   1.9000000e+01   8.0000000e+00   1.5341159e-02
   2.0000000e+01   7.0000000e+00   1.4561202e-02
   2.1000000e+01   6.0000000e+00   1.3840027e-02
   2.2000000e+01   9.0000000e+00   1.3172372e-02
   2.3000000e+01   6.0000000e+00   1.2553470e-02
   2.4000000e+01   3.0000000e+00   1.1979004e-02
   2.5000000e+01   5.0000000e+00   1.1445061e-02
   2.6000000e+01   6.0000000e+00   1.0948095e-02
   2.7000000e+01   1.0000000e+01   1.0484891e-02
   2.8000000e+01   4.0000000e+00   1.0052535e-02
   2.9000000e+01   1.0000000e+00   9.6483863e-03
   3.0000000e+01   4.0000000e+00   9.2700473e-03
   3.1000000e+01   2.0000000e+00   8.9153443e-03
   3.2000000e+01   2.0000000e+00   8.5823046e-03
   3.3000000e+01   4.0000000e+00   8.2691377e-03
   3.4000000e+01   6.0000000e+00   7.9742181e-03
   3.5000000e+01   5.0000000e+00   7.6960694e-03
   3.6000000e+01   7.0000000e+00   7.4333504e-03
   3.7000000e+01   2.0000000e+00   7.1848423e-03
   3.8000000e+01   3.0000000e+00   6.9494369e-03
   3.9000000e+01   3.0000000e+00   6.7261263e-03
   4.0000000e+01   2.0000000e+00   6.5139936e-03
   4.1000000e+01   3.0000000e+00   6.3122038e-03
   4.2000000e+01   9.0000000e+00   6.1199969e-03
   4.3000000e+01   0.0000000e+00   5.9366798e-03
   4.4000000e+01   4.0000000e+00   5.7616210e-03
   4.5000000e+01   2.0000000e+00   5.5942443e-03
   4.6000000e+01   2.0000000e+00   5.4340237e-03
   4.7000000e+01   1.0000000e+00   5.2804786e-03
   4.8000000e+01   2.0000000e+00   5.1331699e-03
   4.9000000e+01   0.0000000e+00   4.9916959e-03
   5.0000000e+01   3.0000000e+00   4.8556887e-03
   5.1000000e+01   1.0000000e+00   4.7248113e-03
   5.2000000e+01   2.0000000e+00   4.5987548e-03
   5.3000000e+01   2.0000000e+00   4.4772356e-03
   5.4000000e+01   3.0000000e+00   4.3599929e-03
   5.5000000e+01   1.0000000e+00   4.2467873e-03
   5.6000000e+01   3.0000000e+00   4.1373980e-03
   5.7000000e+01   0.0000000e+00   4.0316218e-03
   5.8000000e+01   3.0000000e+00   3.9292711e-03
   5.9000000e+01   5.0000000e+00   3.8301726e-03
   6.0000000e+01   3.0000000e+00   3.7341660e-03
   6.1000000e+01   0.0000000e+00   3.6411029e-03
   6.2000000e+01   1.0000000e+00   3.5508457e-03
   6.3000000e+01   1.0000000e+00   3.4632667e-03
   6.4000000e+01   3.0000000e+00   3.3782470e-03
   6.5000000e+01   4.0000000e+00   3.2956762e-03
   6.6000000e+01   1.0000000e+00   3.2154511e-03
   6.7000000e+01   2.0000000e+00   3.1374754e-03
   6.8000000e+01   1.0000000e+00   3.0616592e-03
   6.9000000e+01   1.0000000e+00   2.9879181e-03
   7.0000000e+01   2.0000000e+00   2.9161732e-03
   7.1000000e+01   1.0000000e+00   2.8463502e-03
   7.2000000e+01   1.0000000e+00   2.7783792e-03
   7.3000000e+01   0.0000000e+00   2.7121946e-03
   7.4000000e+01   0.0000000e+00   2.6477343e-03
   7.5000000e+01   1.0000000e+00   2.5849396e-03
   7.6000000e+01   0.0000000e+00   2.5237550e-03
   7.7000000e+01   1.0000000e+00   2.4641281e-03
   7.8000000e+01   1.0000000e+00   2.4060090e-03
   7.9000000e+01   1.0000000e+00   2.3493502e-03
   8.0000000e+01   3.0000000e+00   2.2941066e-03
   8.1000000e+01   1.0000000e+00   2.2402354e-03
   8.2000000e+01   3.0000000e+00   2.1876956e-03
   8.3000000e+01   1.0000000e+00   2.1364479e-03
   8.4000000e+01   1.0000000e+00   2.0864550e-03
   8.5000000e+01   1.0000000e+00   2.0376810e-03
   8.6000000e+01   2.0000000e+00   1.9900916e-03
   8.7000000e+01   1.0000000e+00   1.9436537e-03
   8.8000000e+01   0.0000000e+00   1.8983358e-03
   8.9000000e+01   0.0000000e+00   1.8541074e-03
   9.0000000e+01   3.0000000e+00   1.8109391e-03
   9.1000000e+01   2.0000000e+00   1.7688028e-03
   9.2000000e+01   0.0000000e+00   1.7276712e-03
   9.3000000e+01   1.0000000e+00   1.6875181e-03
   9.4000000e+01   0.0000000e+00   1.6483180e-03
   9.5000000e+01   0.0000000e+00   1.6100465e-03
   9.6000000e+01   0.0000000e+00   1.5726799e-03
   9.7000000e+01   0.0000000e+00   1.5361952e-03
   9.8000000e+01   1.0000000e+00   1.5005703e-03
   9.9000000e+01   1.0000000e+00   1.4657835e-03
   1.0000000e+02   3.0000000e+00   1.4318140e-03
   1.0100000e+02   0.0000000e+00   1.3986416e-03
   1.0200000e+02   1.0000000e+00   1.3662466e-03
   1.0300000e+02   0.0000000e+00   1.3346100e-03
   1.0400000e+02   1.0000000e+00   1.3037133e-03
   1.0500000e+02   1.0000000e+00   1.2735384e-03
   1.0600000e+02   0.0000000e+00   1.2440678e-03
   1.0700000e+02   1.0000000e+00   1.2152846e-03
   1.0800000e+02   1.0000000e+00   1.1871723e-03
   1.0900000e+02   0.0000000e+00   1.1597146e-03
   1.1000000e+02   1.0000000e+00   1.1328959e-03
   1.1100000e+02   2.0000000e+00   1.1067011e-03
   1.1200000e+02   1.0000000e+00   1.0811151e-03
   1.1300000e+02   0.0000000e+00   1.0561237e-03
   1.1400000e+02   1.0000000e+00   1.0317126e-03
   1.1500000e+02   0.0000000e+00   1.0078681e-03
   1.1600000e+02   0.0000000e+00   9.8457691e-04
   1.1700000e+02   0.0000000e+00   9.6182592e-04
   1.1800000e+02   0.0000000e+00   9.3960243e-04
   1.1900000e+02   1.0000000e+00   9.1789403e-04
   1.2000000e+02   0.0000000e+00   8.9668863e-04
   1.2100000e+02   0.0000000e+00   8.7597444e-04
   1.2200000e+02   0.0000000e+00   8.5573995e-04
   1.2300000e+02   0.0000000e+00   8.3597395e-04
   1.2400000e+02   0.0000000e+00   8.1666547e-04
   1.2500000e+02   0.0000000e+00   7.9780384e-04
   1.2600000e+02   0.0000000e+00   7.7937863e-04
   1.2700000e+02   1.0000000e+00   7.6137967e-04
   1.2800000e+02   0.0000000e+00   7.4379702e-04
   1.2900000e+02   1.0000000e+00   7.2662101e-04
   1.3000000e+02   0.0000000e+00   7.0984216e-04
   1.3100000e+02   0.0000000e+00   6.9345124e-04
   1.3200000e+02   0.0000000e+00   6.7743923e-04
   1.3300000e+02   1.0000000e+00   6.6179734e-04
   1.3400000e+02   1.0000000e+00   6.4651698e-04
   1.3500000e+02   1.0000000e+00   6.3158975e-04
   1.3600000e+02   0.0000000e+00   6.1700745e-04
   1.3700000e+02   0.0000000e+00   6.0276210e-04
   1.3800000e+02   1.0000000e+00   5.8884588e-04
   1.3900000e+02   0.0000000e+00   5.7525117e-04
   1.4000000e+02   0.0000000e+00   5.6197051e-04
   1.4100000e+02   0.0000000e+00   5.4899664e-04
   1.4200000e+02   0.0000000e+00   5.3632244e-04
   1.4300000e+02   1.0000000e+00   5.2394098e-04
   1.4400000e+02   0.0000000e+00   5.1184549e-04
   1.4500000e+02   0.0000000e+00   5.0002935e-04
   1.4600000e+02   1.0000000e+00   4.8848610e-04
   1.4700000e+02   0.0000000e+00   4.7720942e-04
   1.4800000e+02   1.0000000e+00   4.6619315e-04
   1.4900000e+02   0.0000000e+00   4.5543126e-04
   1.5000000e+02   1.0000000e+00   4.4491788e-04
   1.5100000e+02   0.0000000e+00   4.3464726e-04
   1.5200000e+02   0.0000000e+00   4.2461379e-04
   1.5300000e+02   0.0000000e+00   4.1481199e-04
   1.5400000e+02   0.0000000e+00   4.0523649e-04
   1.5500000e+02   0.0000000e+00   3.9588208e-04
   1.5600000e+02   0.0000000e+00   3.8674365e-04
   1.5700000e+02   1.0000000e+00   3.7781620e-04
   1.5800000e+02   0.0000000e+00   3.6909486e-04
   1.5900000e+02   0.0000000e+00   3.6057487e-04
   1.6000000e+02   0.0000000e+00   3.5225157e-04
   1.6100000e+02   0.0000000e+00   3.4412043e-04
   1.6200000e+02   0.0000000e+00   3.3617700e-04
   1.6300000e+02   0.0000000e+00   3.2841695e-04
   1.6400000e+02   0.0000000e+00   3.2083605e-04
   1.6500000e+02   1.0000000e+00   3.1343015e-04
   1.6600000e+02   0.0000000e+00   3.0619522e-04
   1.6700000e+02   0.0000000e+00   2.9912731e-04
   1.6800000e+02   0.0000000e+00   2.9222255e-04
   1.6900000e+02   0.0000000e+00   2.8547719e-04
   1.7000000e+02   0.0000000e+00   2.7888755e-04
   1.7100000e+02   0.0000000e+00   2.7245001e-04
   1.7200000e+02   0.0000000e+00   2.6616109e-04
   1.7300000e+02   0.0000000e+00   2.6001734e-04
   1.7400000e+02   0.0000000e+00   2.5401540e-04
   1.7500000e+02   0.0000000e+00   2.4815202e-04
   1.7600000e+02   0.0000000e+00   2.4242398e-04
   1.7700000e+02   0.0000000e+00   2.3682817e-04
   1.7800000e+02   0.0000000e+00   2.3136153e-04
   1.7900000e+02   0.0000000e+00   2.2602108e-04
   1.8000000e+02   1.0000000e+00   2.2080390e-04
   1.8100000e+02   0.0000000e+00   2.1570715e-04
   1.8200000e+02   1.0000000e+00   2.1072806e-04
   1.8300000e+02   0.0000000e+00   2.0586389e-04
   1.8400000e+02   0.0000000e+00   2.0111201e-04
   1.8500000e+02   0.0000000e+00   1.9646981e-04
   1.8600000e+02   0.0000000e+00   1.9193477e-04
   1.8700000e+02   0.0000000e+00   1.8750441e-04
   1.8800000e+02   0.0000000e+00   1.8317632e-04
   1.8900000e+02   0.0000000e+00   1.7894814e-04
   1.9000000e+02   2.0000000e+00   1.7481755e-04
   1.9100000e+02   0.0000000e+00   1.7078231e-04
   1.9200000e+02   0.0000000e+00   1.6684021e-04
   1.9300000e+02   0.0000000e+00   1.6298911e-04
   1.9400000e+02   0.0000000e+00   1.5922690e-04
   1.9500000e+02   0.0000000e+00   1.5555153e-04
   1.9600000e+02   0.0000000e+00   1.5196100e-04
   1.9700000e+02   0.0000000e+00   1.4845335e-04
   1.9800000e+02   0.0000000e+00   1.4502667e-04
   1.9900000e+02   0.0000000e+00   1.4167909e-04
   2.0000000e+02   0.0000000e+00   1.3840877e-04
   2.0100000e+02   0.0000000e+00   1.3521394e-04
   2.0200000e+02   0.0000000e+00   1.3209286e-04
   2.0300000e+02   0.0000000e+00   1.2904382e-04
   2.0400000e+02   0.0000000e+00   1.2606516e-04
   2.0500000e+02   0.0000000e+00   1.2315526e-04
   2.0600000e+02   0.0000000e+00   1.2031252e-04
   2.0700000e+02   0.0000000e+00   1.1753541e-04
   2.0800000e+02   0.0000000e+00   1.1482239e-04
   2.0900000e+02   0.0000000e+00   1.1217200e-04
   2.1000000e+02   0.0000000e+00   1.0958279e-04
   2.1100000e+02   0.0000000e+00   1.0705334e-04
   2.1200000e+02   0.0000000e+00   1.0458228e-04
   2.1300000e+02   0.0000000e+00   1.0216825e-04
   2.1400000e+02   0.0000000e+00   9.9809954e-05
   2.1500000e+02   0.0000000e+00   9.7506088e-05
   2.1600000e+02   0.0000000e+00   9.5255402e-05
   2.1700000e+02   0.0000000e+00   9.3056667e-05
   2.1800000e+02   0.0000000e+00   9.0908685e-05
   2.1900000e+02   0.0000000e+00   8.8810283e-05
   2.2000000e+02   0.0000000e+00   8.6760318e-05
   2.2100000e+02   1.0000000e+00   8.4757672e-05
   2.2200000e+02   0.0000000e+00   8.2801251e-05
   2.2300000e+02   1.0000000e+00   8.0889990e-05
