   1.0000000e+00   5.0000000e+00   9.3454342e-03
   2.0000000e+00   1.0000000e+00   9.2580971e-03
   3.0000000e+00   3.0000000e+00   9.1715761e-03
   4.0000000e+00   2.0000000e+00   9.0858638e-03
   5.0000000e+00   1.0000000e+00   9.0009524e-03
   6.0000000e+00   6.0000000e+00   8.9168346e-03
   7.0000000e+00   2.0000000e+00   8.8335029e-03
   8.0000000e+00   5.0000000e+00   8.7509500e-03
   9.0000000e+00   6.0000000e+00   8.6691686e-03
   1.0000000e+01   6.0000000e+00   8.5881514e-03
   1.1000000e+01   4.0000000e+00   8.5078914e-03
   1.2000000e+01   7.0000000e+00   8.4283815e-03
   1.3000000e+01   7.0000000e+00   8.3496146e-03
   1.4000000e+01   5.0000000e+00   8.2715838e-03
   1.5000000e+01   6.0000000e+00   8.1942823e-03
   1.6000000e+01   1.0000000e+00   8.1177032e-03
   1.7000000e+01   3.0000000e+00   8.0418397e-03
   1.8000000e+01   4.0000000e+00   7.9666852e-03
   1.9000000e+01   4.0000000e+00   7.8922331e-03
   2.0000000e+01   5.0000000e+00   7.8184768e-03
   2.1000000e+01   1.0000000e+00   7.7454097e-03
   2.2000000e+01   4.0000000e+00   7.6730255e-03
   2.3000000e+01   0.0000000e+00   7.6013177e-03
   2.4000000e+01   5.0000000e+00   7.5302801e-03
   2.5000000e+01   4.0000000e+00   7.4599064e-03
   2.6000000e+01   2.0000000e+00   7.3901903e-03
   2.7000000e+01   3.0000000e+00   7.3211258e-03
   2.8000000e+01   3.0000000e+00   7.2527067e-03
   2.9000000e+01   2.0000000e+00   7.1849270e-03
   3.0000000e+01   5.0000000e+00   7.1177807e-03
   3.1000000e+01   2.0000000e+00   7.0512620e-03
   3.2000000e+01   7.0000000e+00   6.9853649e-03
   3.3000000e+01   2.0000000e+00   6.9200836e-03
   3.4000000e+01   5.0000000e+00   6.8554124e-03
   3.5000000e+01   4.0000000e+00   6.7913456e-03
   3.6000000e+01   6.0000000e+00   6.7278775e-03
   3.7000000e+01   4.0000000e+00   6.6650026e-03
   3.8000000e+01   1.0000000e+00   6.6027152e-03
   3.9000000e+01   2.0000000e+00   6.5410100e-03
   4.0000000e+01   3.0000000e+00   6.4798814e-03
   4.1000000e+01   8.0000000e+00   6.4193241e-03
   4.2000000e+01   2.0000000e+00   6.3593327e-03
   4.3000000e+01   2.0000000e+00   6.2999020e-03
   4.4000000e+01   3.0000000e+00   6.2410267e-03
   4.5000000e+01   4.0000000e+00   6.1827016e-03
   4.6000000e+01   2.0000000e+00   6.1249216e-03
   4.7000000e+01   3.0000000e+00   6.0676815e-03
   4.8000000e+01   0.0000000e+00   6.0109764e-03
   4.9000000e+01   1.0000000e+00   5.9548012e-03
   5.0000000e+01   7.0000000e+00   5.8991510e-03
   5.1000000e+01   3.0000000e+00   5.8440209e-03
   5.2000000e+01   1.0000000e+00   5.7894060e-03
   5.3000000e+01   1.0000000e+00   5.7353015e-03
   5.4000000e+01   1.0000000e+00   5.6817026e-03
   5.5000000e+01   4.0000000e+00   5.6286046e-03
   5.6000000e+01   5.0000000e+00   5.5760028e-03
   5.7000000e+01   2.0000000e+00   5.5238927e-03
   5.8000000e+01   5.0000000e+00   5.4722695e-03
   5.9000000e+01   1.0000000e+00   5.4211288e-03
   6.0000000e+01   0.0000000e+00   5.3704660e-03
   6.1000000e+01   1.0000000e+00   5.3202766e-03
   6.2000000e+01   1.0000000e+00   5.2705563e-03
   6.3000000e+01   2.0000000e+00   5.2213007e-03
   6.4000000e+01   3.0000000e+00   5.1725054e-03
   6.5000000e+01   3.0000000e+00   5.1241661e-03
   6.6000000e+01   3.0000000e+00   5.0762785e-03
   6.7000000e+01   3.0000000e+00   5.0288385e-03
   6.8000000e+01   3.0000000e+00   4.9818418e-03
   6.9000000e+01   2.0000000e+00   4.9352843e-03
   7.0000000e+01   2.0000000e+00   4.8891619e-03
   7.1000000e+01   2.0000000e+00   4.8434706e-03
   7.2000000e+01   5.0000000e+00   4.7982063e-03
   7.3000000e+01   2.0000000e+00   4.7533649e-03
   7.4000000e+01   1.0000000e+00   4.7089427e-03
   7.5000000e+01   3.0000000e+00   4.6649356e-03
   7.6000000e+01   1.0000000e+00   4.6213397e-03
   7.7000000e+01   5.0000000e+00   4.5781513e-03
   7.8000000e+01   1.0000000e+00   4.5353665e-03
   7.9000000e+01   2.0000000e+00   4.4929815e-03
   8.0000000e+01   3.0000000e+00   4.4509927e-03
   8.1000000e+01   2.0000000e+00   4.4093962e-03
   8.2000000e+01   6.0000000e+00   4.3681885e-03
   8.3000000e+01   2.0000000e+00   4.3273659e-03
   8.4000000e+01   2.0000000e+00   4.2869247e-03
   8.5000000e+01   4.0000000e+00   4.2468616e-03
   8.6000000e+01   2.0000000e+00   4.2071728e-03
   8.7000000e+01   5.0000000e+00   4.1678549e-03
   8.8000000e+01   2.0000000e+00   4.1289045e-03
   8.9000000e+01   3.0000000e+00   4.0903181e-03
   9.0000000e+01   1.0000000e+00   4.0520923e-03
   9.1000000e+01   3.0000000e+00   4.0142238e-03
   9.2000000e+01   3.0000000e+00   3.9767091e-03
   9.3000000e+01   3.0000000e+00   3.9395450e-03
   9.4000000e+01   3.0000000e+00   3.9027283e-03
   9.5000000e+01   1.0000000e+00   3.8662556e-03
   9.6000000e+01   1.0000000e+00   3.8301237e-03
   9.7000000e+01   4.0000000e+00   3.7943296e-03
   9.8000000e+01   0.0000000e+00   3.7588699e-03
   9.9000000e+01   1.0000000e+00   3.7237416e-03
   1.0000000e+02   2.0000000e+00   3.6889417e-03
   1.0100000e+02   3.0000000e+00   3.6544669e-03
   1.0200000e+02   1.0000000e+00   3.6203143e-03
   1.0300000e+02   4.0000000e+00   3.5864809e-03
   1.0400000e+02   3.0000000e+00   3.5529637e-03
   1.0500000e+02   1.0000000e+00   3.5197597e-03
   1.0600000e+02   2.0000000e+00   3.4868660e-03
   1.0700000e+02   2.0000000e+00   3.4542797e-03
   1.0800000e+02   3.0000000e+00   3.4219980e-03
   1.0900000e+02   2.0000000e+00   3.3900179e-03
   1.1000000e+02   0.0000000e+00   3.3583367e-03
   1.1100000e+02   0.0000000e+00   3.3269516e-03
   1.1200000e+02   0.0000000e+00   3.2958598e-03
   1.1300000e+02   1.0000000e+00   3.2650586e-03
   1.1400000e+02   1.0000000e+00   3.2345452e-03
   1.1500000e+02   1.0000000e+00   3.2043170e-03
   1.1600000e+02   3.0000000e+00   3.1743712e-03
   1.1700000e+02   0.0000000e+00   3.1447054e-03
   1.1800000e+02   2.0000000e+00   3.1153167e-03
   1.1900000e+02   5.0000000e+00   3.0862027e-03
   1.2000000e+02   0.0000000e+00   3.0573608e-03
   1.2100000e+02   1.0000000e+00   3.0287885e-03
   1.2200000e+02   3.0000000e+00   3.0004831e-03
   1.2300000e+02   1.0000000e+00   2.9724423e-03
   1.2400000e+02   1.0000000e+00   2.9446635e-03
   1.2500000e+02   0.0000000e+00   2.9171444e-03
   1.2600000e+02   1.0000000e+00   2.8898824e-03
   1.2700000e+02   1.0000000e+00   2.8628752e-03
   1.2800000e+02   1.0000000e+00   2.8361204e-03
   1.2900000e+02   2.0000000e+00   2.8096156e-03
   1.3000000e+02   0.0000000e+00   2.7833585e-03
   1.3100000e+02   2.0000000e+00   2.7573468e-03
   1.3200000e+02   0.0000000e+00   2.7315782e-03
   1.3300000e+02   1.0000000e+00   2.7060504e-03
   1.3400000e+02   2.0000000e+00   2.6807612e-03
   1.3500000e+02   2.0000000e+00   2.6557083e-03
   1.3600000e+02   1.0000000e+00   2.6308896e-03
   1.3700000e+02   1.0000000e+00   2.6063028e-03
   1.3800000e+02   0.0000000e+00   2.5819458e-03
   1.3900000e+02   1.0000000e+00   2.5578164e-03
   1.4000000e+02   2.0000000e+00   2.5339125e-03
   1.4100000e+02   4.0000000e+00   2.5102319e-03
   1.4200000e+02   1.0000000e+00   2.4867727e-03
   1.4300000e+02   1.0000000e+00   2.4635328e-03
   1.4400000e+02   2.0000000e+00   2.4405100e-03
   1.4500000e+02   1.0000000e+00   2.4177024e-03
   1.4600000e+02   2.0000000e+00   2.3951079e-03
   1.4700000e+02   1.0000000e+00   2.3727246e-03
   1.4800000e+02   0.0000000e+00   2.3505504e-03
   1.4900000e+02   1.0000000e+00   2.3285835e-03
   1.5000000e+02   0.0000000e+00   2.3068219e-03
   1.5100000e+02   3.0000000e+00   2.2852636e-03
   1.5200000e+02   1.0000000e+00   2.2639068e-03
   1.5300000e+02   0.0000000e+00   2.2427496e-03
   1.5400000e+02   1.0000000e+00   2.2217902e-03
   1.5500000e+02   0.0000000e+00   2.2010266e-03
   1.5600000e+02   1.0000000e+00   2.1804570e-03
   1.5700000e+02   1.0000000e+00   2.1600797e-03
   1.5800000e+02   0.0000000e+00   2.1398928e-03
   1.5900000e+02   3.0000000e+00   2.1198946e-03
   1.6000000e+02   0.0000000e+00   2.1000833e-03
   1.6100000e+02   2.0000000e+00   2.0804571e-03
   1.6200000e+02   1.0000000e+00   2.0610143e-03
   1.6300000e+02   0.0000000e+00   2.0417532e-03
   1.6400000e+02   1.0000000e+00   2.0226722e-03
   1.6500000e+02   0.0000000e+00   2.0037694e-03
   1.6600000e+02   1.0000000e+00   1.9850433e-03
   1.6700000e+02   1.0000000e+00   1.9664922e-03
   1.6800000e+02   2.0000000e+00   1.9481145e-03
   1.6900000e+02   0.0000000e+00   1.9299085e-03
   1.7000000e+02   2.0000000e+00   1.9118727e-03
   1.7100000e+02   1.0000000e+00   1.8940054e-03
   1.7200000e+02   1.0000000e+00   1.8763051e-03
   1.7300000e+02   1.0000000e+00   1.8587702e-03
   1.7400000e+02   0.0000000e+00   1.8413992e-03
   1.7500000e+02   0.0000000e+00   1.8241905e-03
   1.7600000e+02   0.0000000e+00   1.8071427e-03
   1.7700000e+02   0.0000000e+00   1.7902541e-03
   1.7800000e+02   2.0000000e+00   1.7735234e-03
   1.7900000e+02   1.0000000e+00   1.7569491e-03
   1.8000000e+02   2.0000000e+00   1.7405296e-03
   1.8100000e+02   1.0000000e+00   1.7242636e-03
   1.8200000e+02   1.0000000e+00   1.7081496e-03
   1.8300000e+02   0.0000000e+00   1.6921862e-03
   1.8400000e+02   0.0000000e+00   1.6763720e-03
   1.8500000e+02   2.0000000e+00   1.6607056e-03
   1.8600000e+02   0.0000000e+00   1.6451856e-03
   1.8700000e+02   1.0000000e+00   1.6298106e-03
   1.8800000e+02   1.0000000e+00   1.6145793e-03
   1.8900000e+02   0.0000000e+00   1.5994904e-03
   1.9000000e+02   2.0000000e+00   1.5845425e-03
   1.9100000e+02   1.0000000e+00   1.5697342e-03
   1.9200000e+02   0.0000000e+00   1.5550644e-03
   1.9300000e+02   1.0000000e+00   1.5405316e-03
   1.9400000e+02   0.0000000e+00   1.5261347e-03
   1.9500000e+02   2.0000000e+00   1.5118723e-03
   1.9600000e+02   1.0000000e+00   1.4977432e-03
   1.9700000e+02   0.0000000e+00   1.4837461e-03
   1.9800000e+02   0.0000000e+00   1.4698799e-03
   1.9900000e+02   3.0000000e+00   1.4561432e-03
   2.0000000e+02   0.0000000e+00   1.4425349e-03
   2.0100000e+02   1.0000000e+00   1.4290538e-03
   2.0200000e+02   1.0000000e+00   1.4156987e-03
   2.0300000e+02   2.0000000e+00   1.4024684e-03
   2.0400000e+02   1.0000000e+00   1.3893617e-03
   2.0500000e+02   2.0000000e+00   1.3763775e-03
   2.0600000e+02   0.0000000e+00   1.3635146e-03
   2.0700000e+02   0.0000000e+00   1.3507720e-03
   2.0800000e+02   1.0000000e+00   1.3381485e-03
   2.0900000e+02   0.0000000e+00   1.3256429e-03
   2.1000000e+02   0.0000000e+00   1.3132542e-03
   2.1100000e+02   0.0000000e+00   1.3009812e-03
   2.1200000e+02   0.0000000e+00   1.2888230e-03
   2.1300000e+02   1.0000000e+00   1.2767784e-03
   2.1400000e+02   1.0000000e+00   1.2648463e-03
   2.1500000e+02   1.0000000e+00   1.2530258e-03
   2.1600000e+02   0.0000000e+00   1.2413157e-03
   2.1700000e+02   0.0000000e+00   1.2297151e-03
   2.1800000e+02   0.0000000e+00   1.2182229e-03
   2.1900000e+02   0.0000000e+00   1.2068381e-03
   2.2000000e+02   0.0000000e+00   1.1955596e-03
   2.2100000e+02   0.0000000e+00   1.1843866e-03
   2.2200000e+02   0.0000000e+00   1.1733180e-03
   2.2300000e+02   0.0000000e+00   1.1623528e-03
   2.2400000e+02   2.0000000e+00   1.1514901e-03
   2.2500000e+02   0.0000000e+00   1.1407290e-03
   2.2600000e+02   2.0000000e+00   1.1300684e-03
   2.2700000e+02   1.0000000e+00   1.1195074e-03
   2.2800000e+02   1.0000000e+00   1.1090451e-03
   2.2900000e+02   0.0000000e+00   1.0986806e-03
   2.3000000e+02   0.0000000e+00   1.0884129e-03
   2.3100000e+02   0.0000000e+00   1.0782413e-03
   2.3200000e+02   0.0000000e+00   1.0681646e-03
   2.3300000e+02   0.0000000e+00   1.0581822e-03
   2.3400000e+02   1.0000000e+00   1.0482930e-03
   2.3500000e+02   1.0000000e+00   1.0384962e-03
   2.3600000e+02   1.0000000e+00   1.0287910e-03
   2.3700000e+02   0.0000000e+00   1.0191765e-03
   2.3800000e+02   1.0000000e+00   1.0096519e-03
   2.3900000e+02   0.0000000e+00   1.0002163e-03
   2.4000000e+02   2.0000000e+00   9.9086880e-04
   2.4100000e+02   0.0000000e+00   9.8160870e-04
   2.4200000e+02   1.0000000e+00   9.7243514e-04
   2.4300000e+02   0.0000000e+00   9.6334731e-04
   2.4400000e+02   1.0000000e+00   9.5434441e-04
   2.4500000e+02   1.0000000e+00   9.4542565e-04
   2.4600000e+02   0.0000000e+00   9.3659024e-04
   2.4700000e+02   0.0000000e+00   9.2783739e-04
   2.4800000e+02   0.0000000e+00   9.1916635e-04
   2.4900000e+02   0.0000000e+00   9.1057634e-04
   2.5000000e+02   0.0000000e+00   9.0206661e-04
   2.5100000e+02   0.0000000e+00   8.9363641e-04
   2.5200000e+02   0.0000000e+00   8.8528499e-04
   2.5300000e+02   0.0000000e+00   8.7701161e-04
   2.5400000e+02   0.0000000e+00   8.6881556e-04
   2.5500000e+02   0.0000000e+00   8.6069610e-04
   2.5600000e+02   1.0000000e+00   8.5265252e-04
   2.5700000e+02   1.0000000e+00   8.4468411e-04
   2.5800000e+02   0.0000000e+00   8.3679017e-04
   2.5900000e+02   0.0000000e+00   8.2897001e-04
   2.6000000e+02   1.0000000e+00   8.2122292e-04
   2.6100000e+02   1.0000000e+00   8.1354824e-04
   2.6200000e+02   0.0000000e+00   8.0594528e-04
   2.6300000e+02   0.0000000e+00   7.9841337e-04
   2.6400000e+02   1.0000000e+00   7.9095185e-04
   2.6500000e+02   0.0000000e+00   7.8356006e-04
   2.6600000e+02   0.0000000e+00   7.7623735e-04
   2.6700000e+02   0.0000000e+00   7.6898307e-04
   2.6800000e+02   0.0000000e+00   7.6179659e-04
   2.6900000e+02   0.0000000e+00   7.5467727e-04
   2.7000000e+02   0.0000000e+00   7.4762449e-04
   2.7100000e+02   0.0000000e+00   7.4063761e-04
   2.7200000e+02   0.0000000e+00   7.3371603e-04
   2.7300000e+02   1.0000000e+00   7.2685914e-04
   2.7400000e+02   0.0000000e+00   7.2006632e-04
   2.7500000e+02   1.0000000e+00   7.1333699e-04
   2.7600000e+02   1.0000000e+00   7.0667055e-04
   2.7700000e+02   0.0000000e+00   7.0006640e-04
   2.7800000e+02   1.0000000e+00   6.9352398e-04
   2.7900000e+02   0.0000000e+00   6.8704270e-04
   2.8000000e+02   0.0000000e+00   6.8062198e-04
   2.8100000e+02   0.0000000e+00   6.7426128e-04
   2.8200000e+02   0.0000000e+00   6.6796001e-04
   2.8300000e+02   1.0000000e+00   6.6171763e-04
   2.8400000e+02   0.0000000e+00   6.5553360e-04
   2.8500000e+02   1.0000000e+00   6.4940735e-04
   2.8600000e+02   0.0000000e+00   6.4333836e-04
   2.8700000e+02   1.0000000e+00   6.3732608e-04
   2.8800000e+02   0.0000000e+00   6.3136999e-04
   2.8900000e+02   0.0000000e+00   6.2546956e-04
   2.9000000e+02   0.0000000e+00   6.1962428e-04
   2.9100000e+02   0.0000000e+00   6.1383362e-04
   2.9200000e+02   0.0000000e+00   6.0809708e-04
   2.9300000e+02   0.0000000e+00   6.0241415e-04
   2.9400000e+02   0.0000000e+00   5.9678433e-04
   2.9500000e+02   0.0000000e+00   5.9120712e-04
   2.9600000e+02   0.0000000e+00   5.8568203e-04
   2.9700000e+02   0.0000000e+00   5.8020858e-04
   2.9800000e+02   0.0000000e+00   5.7478628e-04
   2.9900000e+02   1.0000000e+00   5.6941465e-04
   3.0000000e+02   0.0000000e+00   5.6409322e-04
   3.0100000e+02   0.0000000e+00   5.5882153e-04
   3.0200000e+02   0.0000000e+00   5.5359910e-04
   3.0300000e+02   1.0000000e+00   5.4842547e-04
   3.0400000e+02   0.0000000e+00   5.4330020e-04
   3.0500000e+02   0.0000000e+00   5.3822282e-04
   3.0600000e+02   0.0000000e+00   5.3319290e-04
   3.0700000e+02   2.0000000e+00   5.2820998e-04
   3.0800000e+02   0.0000000e+00   5.2327363e-04
   3.0900000e+02   0.0000000e+00   5.1838341e-04
   3.1000000e+02   0.0000000e+00   5.1353889e-04
   3.1100000e+02   0.0000000e+00   5.0873964e-04
   3.1200000e+02   0.0000000e+00   5.0398525e-04
   3.1300000e+02   0.0000000e+00   4.9927529e-04
   3.1400000e+02   2.0000000e+00   4.9460935e-04
   3.1500000e+02   0.0000000e+00   4.8998701e-04
   3.1600000e+02   1.0000000e+00   4.8540787e-04
   3.1700000e+02   0.0000000e+00   4.8087152e-04
   3.1800000e+02   0.0000000e+00   4.7637757e-04
   3.1900000e+02   0.0000000e+00   4.7192561e-04
   3.2000000e+02   0.0000000e+00   4.6751526e-04
   3.2100000e+02   0.0000000e+00   4.6314613e-04
   3.2200000e+02   0.0000000e+00   4.5881783e-04
   3.2300000e+02   0.0000000e+00   4.5452997e-04
   3.2400000e+02   0.0000000e+00   4.5028219e-04
   3.2500000e+02   0.0000000e+00   4.4607411e-04
   3.2600000e+02   0.0000000e+00   4.4190535e-04
   3.2700000e+02   0.0000000e+00   4.3777556e-04
   3.2800000e+02   0.0000000e+00   4.3368435e-04
   3.2900000e+02   0.0000000e+00   4.2963139e-04
   3.3000000e+02   1.0000000e+00   4.2561629e-04
   3.3100000e+02   1.0000000e+00   4.2163873e-04
   3.3200000e+02   0.0000000e+00   4.1769833e-04
   3.3300000e+02   1.0000000e+00   4.1379476e-04
   3.3400000e+02   0.0000000e+00   4.0992766e-04
   3.3500000e+02   0.0000000e+00   4.0609671e-04
   3.3600000e+02   0.0000000e+00   4.0230156e-04
   3.3700000e+02   0.0000000e+00   3.9854188e-04
   3.3800000e+02   0.0000000e+00   3.9481733e-04
   3.3900000e+02   0.0000000e+00   3.9112759e-04
   3.4000000e+02   1.0000000e+00   3.8747234e-04
   3.4100000e+02   0.0000000e+00   3.8385124e-04
   3.4200000e+02   1.0000000e+00   3.8026398e-04
   3.4300000e+02   1.0000000e+00   3.7671025e-04
   3.4400000e+02   0.0000000e+00   3.7318973e-04
   3.4500000e+02   0.0000000e+00   3.6970211e-04
   3.4600000e+02   1.0000000e+00   3.6624708e-04
   3.4700000e+02   0.0000000e+00   3.6282434e-04
   3.4800000e+02   0.0000000e+00   3.5943359e-04
   3.4900000e+02   0.0000000e+00   3.5607453e-04
   3.5000000e+02   0.0000000e+00   3.5274686e-04
   3.5100000e+02   0.0000000e+00   3.4945029e-04
   3.5200000e+02   1.0000000e+00   3.4618452e-04
   3.5300000e+02   0.0000000e+00   3.4294928e-04
   3.5400000e+02   0.0000000e+00   3.3974427e-04
   3.5500000e+02   0.0000000e+00   3.3656921e-04
   3.5600000e+02   0.0000000e+00   3.3342382e-04
   3.5700000e+02   0.0000000e+00   3.3030783e-04
   3.5800000e+02   0.0000000e+00   3.2722096e-04
   3.5900000e+02   0.0000000e+00   3.2416294e-04
   3.6000000e+02   0.0000000e+00   3.2113350e-04
   3.6100000e+02   0.0000000e+00   3.1813237e-04
   3.6200000e+02   0.0000000e+00   3.1515928e-04
   3.6300000e+02   0.0000000e+00   3.1221398e-04
   3.6400000e+02   0.0000000e+00   3.0929621e-04
   3.6500000e+02   0.0000000e+00   3.0640570e-04
   3.6600000e+02   0.0000000e+00   3.0354220e-04
   3.6700000e+02   0.0000000e+00   3.0070547e-04
   3.6800000e+02   0.0000000e+00   2.9789525e-04
   3.6900000e+02   0.0000000e+00   2.9511129e-04
   3.7000000e+02   0.0000000e+00   2.9235334e-04
   3.7100000e+02   0.0000000e+00   2.8962117e-04
   3.7200000e+02   1.0000000e+00   2.8691454e-04
   3.7300000e+02   0.0000000e+00   2.8423320e-04
   3.7400000e+02   0.0000000e+00   2.8157692e-04
   3.7500000e+02   0.0000000e+00   2.7894546e-04
   3.7600000e+02   0.0000000e+00   2.7633859e-04
   3.7700000e+02   1.0000000e+00   2.7375609e-04
   3.7800000e+02   0.0000000e+00   2.7119772e-04
   3.7900000e+02   0.0000000e+00   2.6866326e-04
   3.8000000e+02   0.0000000e+00   2.6615248e-04
   3.8100000e+02   0.0000000e+00   2.6366517e-04
   3.8200000e+02   0.0000000e+00   2.6120111e-04
   3.8300000e+02   0.0000000e+00   2.5876007e-04
   3.8400000e+02   0.0000000e+00   2.5634184e-04
   3.8500000e+02   0.0000000e+00   2.5394622e-04
   3.8600000e+02   0.0000000e+00   2.5157298e-04
   3.8700000e+02   0.0000000e+00   2.4922192e-04
   3.8800000e+02   0.0000000e+00   2.4689283e-04
   3.8900000e+02   0.0000000e+00   2.4458551e-04
   3.9000000e+02   0.0000000e+00   2.4229975e-04
   3.9100000e+02   0.0000000e+00   2.4003536e-04
   3.9200000e+02   0.0000000e+00   2.3779212e-04
   3.9300000e+02   1.0000000e+00   2.3556985e-04
   3.9400000e+02   0.0000000e+00   2.3336835e-04
   3.9500000e+02   1.0000000e+00   2.3118742e-04
   3.9600000e+02   0.0000000e+00   2.2902688e-04
   3.9700000e+02   0.0000000e+00   2.2688652e-04
   3.9800000e+02   0.0000000e+00   2.2476617e-04
   3.9900000e+02   0.0000000e+00   2.2266563e-04
   4.0000000e+02   0.0000000e+00   2.2058472e-04
   4.0100000e+02   0.0000000e+00   2.1852326e-04
   4.0200000e+02   0.0000000e+00   2.1648107e-04
   4.0300000e+02   0.0000000e+00   2.1445796e-04
   4.0400000e+02   0.0000000e+00   2.1245375e-04
   4.0500000e+02   0.0000000e+00   2.1046828e-04
   4.0600000e+02   0.0000000e+00   2.0850136e-04
   4.0700000e+02   0.0000000e+00   2.0655283e-04
   4.0800000e+02   0.0000000e+00   2.0462250e-04
   4.0900000e+02   0.0000000e+00   2.0271022e-04
   4.1000000e+02   0.0000000e+00   2.0081580e-04
   4.1100000e+02   0.0000000e+00   1.9893909e-04
   4.1200000e+02   0.0000000e+00   1.9707992e-04
   4.1300000e+02   0.0000000e+00   1.9523812e-04
   4.1400000e+02   0.0000000e+00   1.9341354e-04
   4.1500000e+02   0.0000000e+00   1.9160600e-04
   4.1600000e+02   0.0000000e+00   1.8981536e-04
   4.1700000e+02   0.0000000e+00   1.8804145e-04
   4.1800000e+02   0.0000000e+00   1.8628413e-04
   4.1900000e+02   0.0000000e+00   1.8454322e-04
   4.2000000e+02   0.0000000e+00   1.8281858e-04
   4.2100000e+02   0.0000000e+00   1.8111006e-04
   4.2200000e+02   0.0000000e+00   1.7941751e-04
   4.2300000e+02   0.0000000e+00   1.7774078e-04
   4.2400000e+02   0.0000000e+00   1.7607971e-04
   4.2500000e+02   1.0000000e+00   1.7443417e-04
   4.2600000e+02   0.0000000e+00   1.7280401e-04
   4.2700000e+02   0.0000000e+00   1.7118908e-04
   4.2800000e+02   0.0000000e+00   1.6958924e-04
   4.2900000e+02   0.0000000e+00   1.6800436e-04
   4.3000000e+02   0.0000000e+00   1.6643428e-04
   4.3100000e+02   0.0000000e+00   1.6487888e-04
   4.3200000e+02   0.0000000e+00   1.6333802e-04
   4.3300000e+02   0.0000000e+00   1.6181155e-04
   4.3400000e+02   0.0000000e+00   1.6029936e-04
   4.3500000e+02   0.0000000e+00   1.5880129e-04
   4.3600000e+02   0.0000000e+00   1.5731722e-04
   4.3700000e+02   0.0000000e+00   1.5584702e-04
   4.3800000e+02   0.0000000e+00   1.5439057e-04
   4.3900000e+02   0.0000000e+00   1.5294772e-04
   4.4000000e+02   0.0000000e+00   1.5151836e-04
   4.4100000e+02   0.0000000e+00   1.5010235e-04
   4.4200000e+02   0.0000000e+00   1.4869958e-04
   4.4300000e+02   1.0000000e+00   1.4730992e-04
   4.4400000e+02   0.0000000e+00   1.4593324e-04
   4.4500000e+02   0.0000000e+00   1.4456943e-04
   4.4600000e+02   0.0000000e+00   1.4321837e-04
   4.4700000e+02   0.0000000e+00   1.4187993e-04
   4.4800000e+02   0.0000000e+00   1.4055400e-04
   4.4900000e+02   1.0000000e+00   1.3924046e-04
   4.5000000e+02   0.0000000e+00   1.3793920e-04
   4.5100000e+02   0.0000000e+00   1.3665010e-04
   4.5200000e+02   0.0000000e+00   1.3537304e-04
   4.5300000e+02   0.0000000e+00   1.3410792e-04
   4.5400000e+02   0.0000000e+00   1.3285463e-04
   4.5500000e+02   0.0000000e+00   1.3161304e-04
   4.5600000e+02   0.0000000e+00   1.3038306e-04
   4.5700000e+02   0.0000000e+00   1.2916458e-04
   4.5800000e+02   0.0000000e+00   1.2795748e-04
   4.5900000e+02   0.0000000e+00   1.2676166e-04
   4.6000000e+02   0.0000000e+00   1.2557702e-04
   4.6100000e+02   1.0000000e+00   1.2440344e-04
   4.6200000e+02   0.0000000e+00   1.2324084e-04
   4.6300000e+02   1.0000000e+00   1.2208910e-04
   4.6400000e+02   0.0000000e+00   1.2094812e-04
   4.6500000e+02   1.0000000e+00   1.1981781e-04
   4.6600000e+02   0.0000000e+00   1.1869806e-04
   4.6700000e+02   0.0000000e+00   1.1758878e-04
   4.6800000e+02   0.0000000e+00   1.1648986e-04
   4.6900000e+02   1.0000000e+00   1.1540121e-04
   4.7000000e+02   1.0000000e+00   1.1432274e-04
   4.7100000e+02   0.0000000e+00   1.1325434e-04
   4.7200000e+02   0.0000000e+00   1.1219593e-04
   4.7300000e+02   0.0000000e+00   1.1114741e-04
   4.7400000e+02   0.0000000e+00   1.1010869e-04
   4.7500000e+02   0.0000000e+00   1.0907968e-04
   4.7600000e+02   0.0000000e+00   1.0806028e-04
   4.7700000e+02   0.0000000e+00   1.0705041e-04
   4.7800000e+02   0.0000000e+00   1.0604998e-04
   4.7900000e+02   0.0000000e+00   1.0505889e-04
   4.8000000e+02   0.0000000e+00   1.0407707e-04
   4.8100000e+02   0.0000000e+00   1.0310443e-04
   4.8200000e+02   0.0000000e+00   1.0214087e-04
   4.8300000e+02   0.0000000e+00   1.0118632e-04
   4.8400000e+02   0.0000000e+00   1.0024069e-04
   4.8500000e+02   0.0000000e+00   9.9303898e-05
   4.8600000e+02   0.0000000e+00   9.8375860e-05
   4.8700000e+02   0.0000000e+00   9.7456494e-05
   4.8800000e+02   0.0000000e+00   9.6545721e-05
   4.8900000e+02   0.0000000e+00   9.5643459e-05
   4.9000000e+02   0.0000000e+00   9.4749630e-05
   4.9100000e+02   0.0000000e+00   9.3864153e-05
   4.9200000e+02   0.0000000e+00   9.2986952e-05
   4.9300000e+02   0.0000000e+00   9.2117949e-05
   4.9400000e+02   0.0000000e+00   9.1257066e-05
   4.9500000e+02   0.0000000e+00   9.0404230e-05
   4.9600000e+02   0.0000000e+00   8.9559363e-05
   4.9700000e+02   0.0000000e+00   8.8722392e-05
   4.9800000e+02   0.0000000e+00   8.7893242e-05
   4.9900000e+02   0.0000000e+00   8.7071842e-05
   5.0000000e+02   0.0000000e+00   8.6258118e-05
   5.0100000e+02   0.0000000e+00   8.5451998e-05
   5.0200000e+02   0.0000000e+00   8.4653412e-05
   5.0300000e+02   0.0000000e+00   8.3862289e-05
   5.0400000e+02   0.0000000e+00   8.3078560e-05
   5.0500000e+02   0.0000000e+00   8.2302154e-05
   5.0600000e+02   0.0000000e+00   8.1533005e-05
   5.0700000e+02   0.0000000e+00   8.0771044e-05
   5.0800000e+02   0.0000000e+00   8.0016203e-05
   5.0900000e+02   0.0000000e+00   7.9268417e-05
   5.1000000e+02   0.0000000e+00   7.8527619e-05
   5.1100000e+02   0.0000000e+00   7.7793745e-05
   5.1200000e+02   0.0000000e+00   7.7066728e-05
   5.1300000e+02   0.0000000e+00   7.6346506e-05
   5.1400000e+02   0.0000000e+00   7.5633015e-05
   5.1500000e+02   0.0000000e+00   7.4926192e-05
   5.1600000e+02   0.0000000e+00   7.4225974e-05
   5.1700000e+02   0.0000000e+00   7.3532300e-05
   5.1800000e+02   0.0000000e+00   7.2845109e-05
   5.1900000e+02   0.0000000e+00   7.2164339e-05
   5.2000000e+02   0.0000000e+00   7.1489932e-05
   5.2100000e+02   1.0000000e+00   7.0821828e-05
   5.2200000e+02   0.0000000e+00   7.0159967e-05
   5.2300000e+02   1.0000000e+00   6.9504292e-05
   5.2400000e+02   0.0000000e+00   6.8854744e-05
   5.2500000e+02   0.0000000e+00   6.8211267e-05
   5.2600000e+02   0.0000000e+00   6.7573803e-05
   5.2700000e+02   0.0000000e+00   6.6942296e-05
   5.2800000e+02   0.0000000e+00   6.6316691e-05
   5.2900000e+02   0.0000000e+00   6.5696933e-05
   5.3000000e+02   0.0000000e+00   6.5082967e-05
   5.3100000e+02   0.0000000e+00   6.4474738e-05
   5.3200000e+02   0.0000000e+00   6.3872194e-05
   5.3300000e+02   0.0000000e+00   6.3275280e-05
   5.3400000e+02   0.0000000e+00   6.2683945e-05
   5.3500000e+02   0.0000000e+00   6.2098137e-05
   5.3600000e+02   0.0000000e+00   6.1517803e-05
   5.3700000e+02   0.0000000e+00   6.0942892e-05
   5.3800000e+02   0.0000000e+00   6.0373354e-05
   5.3900000e+02   0.0000000e+00   5.9809139e-05
   5.4000000e+02   0.0000000e+00   5.9250197e-05
   5.4100000e+02   0.0000000e+00   5.8696478e-05
   5.4200000e+02   0.0000000e+00   5.8147934e-05
   5.4300000e+02   0.0000000e+00   5.7604516e-05
   5.4400000e+02   0.0000000e+00   5.7066177e-05
   5.4500000e+02   0.0000000e+00   5.6532869e-05
   5.4600000e+02   0.0000000e+00   5.6004544e-05
   5.4700000e+02   0.0000000e+00   5.5481158e-05
   5.4800000e+02   0.0000000e+00   5.4962662e-05
   5.4900000e+02   0.0000000e+00   5.4449012e-05
   5.5000000e+02   0.0000000e+00   5.3940162e-05
   5.5100000e+02   0.0000000e+00   5.3436068e-05
   5.5200000e+02   0.0000000e+00   5.2936685e-05
   5.5300000e+02   0.0000000e+00   5.2441969e-05
   5.5400000e+02   0.0000000e+00   5.1951876e-05
   5.5500000e+02   0.0000000e+00   5.1466363e-05
   5.5600000e+02   1.0000000e+00   5.0985387e-05
   5.5700000e+02   0.0000000e+00   5.0508907e-05
   5.5800000e+02   0.0000000e+00   5.0036879e-05
   5.5900000e+02   0.0000000e+00   4.9569263e-05
   5.6000000e+02   0.0000000e+00   4.9106016e-05
   5.6100000e+02   0.0000000e+00   4.8647099e-05
   5.6200000e+02   0.0000000e+00   4.8192471e-05
   5.6300000e+02   0.0000000e+00   4.7742092e-05
   5.6400000e+02   0.0000000e+00   4.7295921e-05
   5.6500000e+02   0.0000000e+00   4.6853920e-05
   5.6600000e+02   0.0000000e+00   4.6416050e-05
   5.6700000e+02   0.0000000e+00   4.5982272e-05
   5.6800000e+02   0.0000000e+00   4.5552547e-05
   5.6900000e+02   0.0000000e+00   4.5126839e-05
   5.7000000e+02   0.0000000e+00   4.4705109e-05
   5.7100000e+02   0.0000000e+00   4.4287321e-05
   5.7200000e+02   0.0000000e+00   4.3873436e-05
   5.7300000e+02   0.0000000e+00   4.3463420e-05
   5.7400000e+02   0.0000000e+00   4.3057235e-05
   5.7500000e+02   0.0000000e+00   4.2654847e-05
   5.7600000e+02   0.0000000e+00   4.2256219e-05
   5.7700000e+02   0.0000000e+00   4.1861316e-05
   5.7800000e+02   0.0000000e+00   4.1470104e-05
   5.7900000e+02   0.0000000e+00   4.1082548e-05
   5.8000000e+02   0.0000000e+00   4.0698614e-05
   5.8100000e+02   0.0000000e+00   4.0318267e-05
   5.8200000e+02   0.0000000e+00   3.9941476e-05
   5.8300000e+02   0.0000000e+00   3.9568205e-05
   5.8400000e+02   0.0000000e+00   3.9198423e-05
   5.8500000e+02   0.0000000e+00   3.8832097e-05
   5.8600000e+02   0.0000000e+00   3.8469194e-05
   5.8700000e+02   0.0000000e+00   3.8109683e-05
   5.8800000e+02   0.0000000e+00   3.7753531e-05
   5.8900000e+02   0.0000000e+00   3.7400708e-05
   5.9000000e+02   0.0000000e+00   3.7051182e-05
   5.9100000e+02   0.0000000e+00   3.6704923e-05
   5.9200000e+02   0.0000000e+00   3.6361899e-05
   5.9300000e+02   0.0000000e+00   3.6022082e-05
   5.9400000e+02   0.0000000e+00   3.5685440e-05
   5.9500000e+02   0.0000000e+00   3.5351944e-05
   5.9600000e+02   0.0000000e+00   3.5021564e-05
   5.9700000e+02   0.0000000e+00   3.4694273e-05
   5.9800000e+02   0.0000000e+00   3.4370040e-05
   5.9900000e+02   0.0000000e+00   3.4048837e-05
   6.0000000e+02   0.0000000e+00   3.3730636e-05
   6.0100000e+02   0.0000000e+00   3.3415408e-05
   6.0200000e+02   0.0000000e+00   3.3103127e-05
   6.0300000e+02   0.0000000e+00   3.2793764e-05
   6.0400000e+02   0.0000000e+00   3.2487292e-05
   6.0500000e+02   0.0000000e+00   3.2183684e-05
   6.0600000e+02   0.0000000e+00   3.1882913e-05
   6.0700000e+02   0.0000000e+00   3.1584954e-05
   6.0800000e+02   0.0000000e+00   3.1289778e-05
   6.0900000e+02   0.0000000e+00   3.0997362e-05
   6.1000000e+02   0.0000000e+00   3.0707678e-05
   6.1100000e+02   0.0000000e+00   3.0420701e-05
   6.1200000e+02   0.0000000e+00   3.0136407e-05
   6.1300000e+02   0.0000000e+00   2.9854769e-05
   6.1400000e+02   0.0000000e+00   2.9575763e-05
   6.1500000e+02   0.0000000e+00   2.9299365e-05
   6.1600000e+02   0.0000000e+00   2.9025550e-05
   6.1700000e+02   0.0000000e+00   2.8754293e-05
   6.1800000e+02   0.0000000e+00   2.8485572e-05
   6.1900000e+02   0.0000000e+00   2.8219362e-05
   6.2000000e+02   0.0000000e+00   2.7955640e-05
   6.2100000e+02   0.0000000e+00   2.7694382e-05
   6.2200000e+02   0.0000000e+00   2.7435566e-05
   6.2300000e+02   0.0000000e+00   2.7179169e-05
   6.2400000e+02   0.0000000e+00   2.6925168e-05
   6.2500000e+02   0.0000000e+00   2.6673540e-05
   6.2600000e+02   0.0000000e+00   2.6424264e-05
   6.2700000e+02   0.0000000e+00   2.6177318e-05
   6.2800000e+02   0.0000000e+00   2.5932680e-05
   6.2900000e+02   0.0000000e+00   2.5690328e-05
   6.3000000e+02   0.0000000e+00   2.5450240e-05
   6.3100000e+02   0.0000000e+00   2.5212397e-05
   6.3200000e+02   0.0000000e+00   2.4976776e-05
   6.3300000e+02   0.0000000e+00   2.4743357e-05
   6.3400000e+02   0.0000000e+00   2.4512120e-05
   6.3500000e+02   0.0000000e+00   2.4283043e-05
   6.3600000e+02   0.0000000e+00   2.4056108e-05
   6.3700000e+02   0.0000000e+00   2.3831293e-05
   6.3800000e+02   0.0000000e+00   2.3608579e-05
   6.3900000e+02   0.0000000e+00   2.3387947e-05
   6.4000000e+02   0.0000000e+00   2.3169376e-05
   6.4100000e+02   0.0000000e+00   2.2952848e-05
   6.4200000e+02   0.0000000e+00   2.2738344e-05
   6.4300000e+02   0.0000000e+00   2.2525844e-05
   6.4400000e+02   0.0000000e+00   2.2315331e-05
   6.4500000e+02   0.0000000e+00   2.2106784e-05
   6.4600000e+02   0.0000000e+00   2.1900187e-05
   6.4700000e+02   0.0000000e+00   2.1695520e-05
   6.4800000e+02   0.0000000e+00   2.1492766e-05
   6.4900000e+02   0.0000000e+00   2.1291907e-05
   6.5000000e+02   0.0000000e+00   2.1092924e-05
   6.5100000e+02   0.0000000e+00   2.0895802e-05
   6.5200000e+02   0.0000000e+00   2.0700522e-05
   6.5300000e+02   0.0000000e+00   2.0507066e-05
   6.5400000e+02   0.0000000e+00   2.0315419e-05
   6.5500000e+02   0.0000000e+00   2.0125562e-05
   6.5600000e+02   0.0000000e+00   1.9937480e-05
   6.5700000e+02   0.0000000e+00   1.9751156e-05
   6.5800000e+02   0.0000000e+00   1.9566573e-05
   6.5900000e+02   0.0000000e+00   1.9383715e-05
   6.6000000e+02   0.0000000e+00   1.9202565e-05
   6.6100000e+02   0.0000000e+00   1.9023109e-05
   6.6200000e+02   0.0000000e+00   1.8845330e-05
   6.6300000e+02   0.0000000e+00   1.8669212e-05
   6.6400000e+02   0.0000000e+00   1.8494740e-05
   6.6500000e+02   0.0000000e+00   1.8321899e-05
   6.6600000e+02   0.0000000e+00   1.8150673e-05
   6.6700000e+02   0.0000000e+00   1.7981047e-05
   6.6800000e+02   0.0000000e+00   1.7813006e-05
   6.6900000e+02   0.0000000e+00   1.7646536e-05
   6.7000000e+02   0.0000000e+00   1.7481621e-05
   6.7100000e+02   0.0000000e+00   1.7318248e-05
   6.7200000e+02   0.0000000e+00   1.7156401e-05
   6.7300000e+02   0.0000000e+00   1.6996067e-05
   6.7400000e+02   0.0000000e+00   1.6837232e-05
   6.7500000e+02   0.0000000e+00   1.6679880e-05
   6.7600000e+02   0.0000000e+00   1.6524000e-05
   6.7700000e+02   0.0000000e+00   1.6369576e-05
   6.7800000e+02   0.0000000e+00   1.6216595e-05
   6.7900000e+02   0.0000000e+00   1.6065044e-05
   6.8000000e+02   0.0000000e+00   1.5914909e-05
   6.8100000e+02   0.0000000e+00   1.5766177e-05
   6.8200000e+02   0.0000000e+00   1.5618836e-05
   6.8300000e+02   0.0000000e+00   1.5472871e-05
   6.8400000e+02   0.0000000e+00   1.5328270e-05
   6.8500000e+02   0.0000000e+00   1.5185021e-05
   6.8600000e+02   0.0000000e+00   1.5043110e-05
   6.8700000e+02   0.0000000e+00   1.4902526e-05
   6.8800000e+02   0.0000000e+00   1.4763255e-05
   6.8900000e+02   0.0000000e+00   1.4625286e-05
   6.9000000e+02   0.0000000e+00   1.4488606e-05
   6.9100000e+02   0.0000000e+00   1.4353204e-05
   6.9200000e+02   0.0000000e+00   1.4219067e-05
   6.9300000e+02   0.0000000e+00   1.4086184e-05
   6.9400000e+02   0.0000000e+00   1.3954542e-05
   6.9500000e+02   0.0000000e+00   1.3824131e-05
   6.9600000e+02   0.0000000e+00   1.3694939e-05
   6.9700000e+02   0.0000000e+00   1.3566953e-05
   6.9800000e+02   0.0000000e+00   1.3440164e-05
   6.9900000e+02   0.0000000e+00   1.3314560e-05
   7.0000000e+02   0.0000000e+00   1.3190130e-05
   7.0100000e+02   0.0000000e+00   1.3066862e-05
   7.0200000e+02   1.0000000e+00   1.2944747e-05
   7.0300000e+02   0.0000000e+00   1.2823773e-05
   7.0400000e+02   0.0000000e+00   1.2703929e-05
   7.0500000e+02   0.0000000e+00   1.2585205e-05
   7.0600000e+02   0.0000000e+00   1.2467591e-05
   7.0700000e+02   0.0000000e+00   1.2351076e-05
   7.0800000e+02   0.0000000e+00   1.2235650e-05
   7.0900000e+02   0.0000000e+00   1.2121302e-05
   7.1000000e+02   0.0000000e+00   1.2008023e-05
   7.1100000e+02   0.0000000e+00   1.1895803e-05
   7.1200000e+02   0.0000000e+00   1.1784632e-05
   7.1300000e+02   0.0000000e+00   1.1674499e-05
   7.1400000e+02   0.0000000e+00   1.1565396e-05
   7.1500000e+02   0.0000000e+00   1.1457312e-05
   7.1600000e+02   0.0000000e+00   1.1350239e-05
   7.1700000e+02   0.0000000e+00   1.1244166e-05
   7.1800000e+02   0.0000000e+00   1.1139084e-05
   7.1900000e+02   0.0000000e+00   1.1034985e-05
   7.2000000e+02   0.0000000e+00   1.0931858e-05
   7.2100000e+02   0.0000000e+00   1.0829695e-05
   7.2200000e+02   0.0000000e+00   1.0728487e-05
   7.2300000e+02   0.0000000e+00   1.0628224e-05
   7.2400000e+02   0.0000000e+00   1.0528899e-05
   7.2500000e+02   0.0000000e+00   1.0430502e-05
   7.2600000e+02   0.0000000e+00   1.0333024e-05
   7.2700000e+02   0.0000000e+00   1.0236458e-05
   7.2800000e+02   0.0000000e+00   1.0140794e-05
   7.2900000e+02   0.0000000e+00   1.0046024e-05
   7.3000000e+02   0.0000000e+00   9.9521391e-06
   7.3100000e+02   0.0000000e+00   9.8591320e-06
   7.3200000e+02   0.0000000e+00   9.7669941e-06
   7.3300000e+02   0.0000000e+00   9.6757173e-06
   7.3400000e+02   0.0000000e+00   9.5852935e-06
   7.3500000e+02   0.0000000e+00   9.4957148e-06
   7.3600000e+02   1.0000000e+00   9.4069732e-06
