   1.0000000e+00   3.0000000e+00   1.0212996e-02
   2.0000000e+00   5.0000000e+00   1.0108691e-02
   3.0000000e+00   7.0000000e+00   1.0005451e-02
   4.0000000e+00   6.0000000e+00   9.9032652e-03
   5.0000000e+00   4.0000000e+00   9.8021231e-03
   6.0000000e+00   6.0000000e+00   9.7020141e-03
   7.0000000e+00   6.0000000e+00   9.6029275e-03
   8.0000000e+00   4.0000000e+00   9.5048528e-03
   9.0000000e+00   6.0000000e+00   9.4077798e-03
   1.0000000e+01   6.0000000e+00   9.3116982e-03
   1.1000000e+01   3.0000000e+00   9.2165978e-03
   1.2000000e+01   3.0000000e+00   9.1224687e-03
   1.3000000e+01   3.0000000e+00   9.0293010e-03
   1.4000000e+01   6.0000000e+00   8.9370848e-03
   1.5000000e+01   4.0000000e+00   8.8458104e-03
   1.6000000e+01   2.0000000e+00   8.7554682e-03
   1.7000000e+01   3.0000000e+00   8.6660486e-03
   1.8000000e+01   4.0000000e+00   8.5775423e-03
   1.9000000e+01   3.0000000e+00   8.4899399e-03
   2.0000000e+01   3.0000000e+00   8.4032321e-03
   2.1000000e+01   6.0000000e+00   8.3174100e-03
   2.2000000e+01   6.0000000e+00   8.2324643e-03
   2.3000000e+01   9.0000000e+00   8.1483862e-03
   2.4000000e+01   6.0000000e+00   8.0651667e-03
   2.5000000e+01   4.0000000e+00   7.9827972e-03
   2.6000000e+01   3.0000000e+00   7.9012689e-03
   2.7000000e+01   2.0000000e+00   7.8205733e-03
   2.8000000e+01   4.0000000e+00   7.7407018e-03
   2.9000000e+01   2.0000000e+00   7.6616461e-03
   3.0000000e+01   3.0000000e+00   7.5833977e-03
   3.1000000e+01   2.0000000e+00   7.5059485e-03
   3.2000000e+01   3.0000000e+00   7.4292903e-03
   3.3000000e+01   5.0000000e+00   7.3534150e-03
   3.4000000e+01   5.0000000e+00   7.2783146e-03
   3.5000000e+01   3.0000000e+00   7.2039812e-03
   3.6000000e+01   4.0000000e+00   7.1304069e-03
   3.7000000e+01   1.0000000e+00   7.0575841e-03
   3.8000000e+01   6.0000000e+00   6.9855050e-03
   3.9000000e+01   4.0000000e+00   6.9141621e-03
   4.0000000e+01   3.0000000e+00   6.8435478e-03
   4.1000000e+01   3.0000000e+00   6.7736547e-03
   4.2000000e+01   2.0000000e+00   6.7044754e-03
   4.3000000e+01   3.0000000e+00   6.6360026e-03
   4.4000000e+01   1.0000000e+00   6.5682291e-03
   4.5000000e+01   0.0000000e+00   6.5011478e-03
   4.6000000e+01   2.0000000e+00   6.4347516e-03
   4.7000000e+01   9.0000000e+00   6.3690335e-03
   4.8000000e+01   5.0000000e+00   6.3039866e-03
   4.9000000e+01   4.0000000e+00   6.2396040e-03
   5.0000000e+01   3.0000000e+00   6.1758790e-03
   5.1000000e+01   5.0000000e+00   6.1128047e-03
   5.2000000e+01   5.0000000e+00   6.0503747e-03
   5.3000000e+01   1.0000000e+00   5.9885822e-03
   5.4000000e+01   2.0000000e+00   5.9274209e-03
   5.5000000e+01   1.0000000e+00   5.8668841e-03
   5.6000000e+01   3.0000000e+00   5.8069657e-03
   5.7000000e+01   3.0000000e+00   5.7476592e-03
   5.8000000e+01   2.0000000e+00   5.6889583e-03
   5.9000000e+01   1.0000000e+00   5.6308570e-03
   6.0000000e+01   1.0000000e+00   5.5733491e-03
   6.1000000e+01   3.0000000e+00   5.5164285e-03
   6.2000000e+01   1.0000000e+00   5.4600892e-03
   6.3000000e+01   4.0000000e+00   5.4043254e-03
   6.4000000e+01   4.0000000e+00   5.3491310e-03
   6.5000000e+01   6.0000000e+00   5.2945004e-03
   6.6000000e+01   2.0000000e+00   5.2404277e-03
   6.7000000e+01   2.0000000e+00   5.1869072e-03
   6.8000000e+01   2.0000000e+00   5.1339333e-03
   6.9000000e+01   4.0000000e+00   5.0815005e-03
   7.0000000e+01   7.0000000e+00   5.0296031e-03
   7.1000000e+01   1.0000000e+00   4.9782358e-03
   7.2000000e+01   2.0000000e+00   4.9273931e-03
   7.3000000e+01   2.0000000e+00   4.8770697e-03
   7.4000000e+01   2.0000000e+00   4.8272602e-03
   7.5000000e+01   0.0000000e+00   4.7779594e-03
   7.6000000e+01   3.0000000e+00   4.7291621e-03
   7.7000000e+01   2.0000000e+00   4.6808632e-03
   7.8000000e+01   4.0000000e+00   4.6330576e-03
   7.9000000e+01   6.0000000e+00   4.5857402e-03
   8.0000000e+01   1.0000000e+00   4.5389060e-03
   8.1000000e+01   3.0000000e+00   4.4925502e-03
   8.2000000e+01   1.0000000e+00   4.4466678e-03
   8.3000000e+01   2.0000000e+00   4.4012540e-03
   8.4000000e+01   2.0000000e+00   4.3563040e-03
   8.5000000e+01   1.0000000e+00   4.3118131e-03
   8.6000000e+01   0.0000000e+00   4.2677766e-03
   8.7000000e+01   5.0000000e+00   4.2241898e-03
   8.8000000e+01   3.0000000e+00   4.1810481e-03
   8.9000000e+01   4.0000000e+00   4.1383471e-03
   9.0000000e+01   2.0000000e+00   4.0960822e-03
   9.1000000e+01   5.0000000e+00   4.0542489e-03
   9.2000000e+01   2.0000000e+00   4.0128429e-03
   9.3000000e+01   1.0000000e+00   3.9718597e-03
   9.4000000e+01   2.0000000e+00   3.9312951e-03
   9.5000000e+01   1.0000000e+00   3.8911448e-03
   9.6000000e+01   2.0000000e+00   3.8514046e-03
   9.7000000e+01   0.0000000e+00   3.8120702e-03
   9.8000000e+01   1.0000000e+00   3.7731376e-03
   9.9000000e+01   0.0000000e+00   3.7346025e-03
   1.0000000e+02   0.0000000e+00   3.6964610e-03
   1.0100000e+02   2.0000000e+00   3.6587091e-03
   1.0200000e+02   1.0000000e+00   3.6213427e-03
   1.0300000e+02   0.0000000e+00   3.5843580e-03
   1.0400000e+02   1.0000000e+00   3.5477509e-03
   1.0500000e+02   0.0000000e+00   3.5115178e-03
   1.0600000e+02   2.0000000e+00   3.4756546e-03
   1.0700000e+02   2.0000000e+00   3.4401578e-03
   1.0800000e+02   0.0000000e+00   3.4050235e-03
   1.0900000e+02   2.0000000e+00   3.3702480e-03
   1.1000000e+02   2.0000000e+00   3.3358277e-03
   1.1100000e+02   2.0000000e+00   3.3017589e-03
   1.1200000e+02   2.0000000e+00   3.2680380e-03
   1.1300000e+02   1.0000000e+00   3.2346615e-03
   1.1400000e+02   0.0000000e+00   3.2016260e-03
   1.1500000e+02   2.0000000e+00   3.1689278e-03
   1.1600000e+02   1.0000000e+00   3.1365635e-03
   1.1700000e+02   2.0000000e+00   3.1045298e-03
   1.1800000e+02   1.0000000e+00   3.0728233e-03
   1.1900000e+02   2.0000000e+00   3.0414405e-03
   1.2000000e+02   1.0000000e+00   3.0103783e-03
   1.2100000e+02   0.0000000e+00   2.9796333e-03
   1.2200000e+02   3.0000000e+00   2.9492023e-03
   1.2300000e+02   0.0000000e+00   2.9190821e-03
   1.2400000e+02   3.0000000e+00   2.8892696e-03
   1.2500000e+02   1.0000000e+00   2.8597615e-03
   1.2600000e+02   1.0000000e+00   2.8305547e-03
   1.2700000e+02   1.0000000e+00   2.8016463e-03
   1.2800000e+02   1.0000000e+00   2.7730331e-03
   1.2900000e+02   0.0000000e+00   2.7447121e-03
   1.3000000e+02   2.0000000e+00   2.7166804e-03
   1.3100000e+02   1.0000000e+00   2.6889349e-03
   1.3200000e+02   0.0000000e+00   2.6614729e-03
   1.3300000e+02   0.0000000e+00   2.6342912e-03
   1.3400000e+02   1.0000000e+00   2.6073872e-03
   1.3500000e+02   1.0000000e+00   2.5807580e-03
   1.3600000e+02   1.0000000e+00   2.5544007e-03
   1.3700000e+02   0.0000000e+00   2.5283126e-03
   1.3800000e+02   3.0000000e+00   2.5024910e-03
   1.3900000e+02   0.0000000e+00   2.4769331e-03
   1.4000000e+02   3.0000000e+00   2.4516362e-03
   1.4100000e+02   1.0000000e+00   2.4265976e-03
   1.4200000e+02   0.0000000e+00   2.4018148e-03
   1.4300000e+02   1.0000000e+00   2.3772851e-03
   1.4400000e+02   3.0000000e+00   2.3530059e-03
   1.4500000e+02   0.0000000e+00   2.3289746e-03
   1.4600000e+02   1.0000000e+00   2.3051888e-03
   1.4700000e+02   3.0000000e+00   2.2816459e-03
   1.4800000e+02   2.0000000e+00   2.2583435e-03
   1.4900000e+02   0.0000000e+00   2.2352790e-03
   1.5000000e+02   1.0000000e+00   2.2124501e-03
   1.5100000e+02   1.0000000e+00   2.1898544e-03
   1.5200000e+02   3.0000000e+00   2.1674894e-03
   1.5300000e+02   4.0000000e+00   2.1453528e-03
   1.5400000e+02   1.0000000e+00   2.1234424e-03
   1.5500000e+02   2.0000000e+00   2.1017557e-03
   1.5600000e+02   1.0000000e+00   2.0802904e-03
   1.5700000e+02   2.0000000e+00   2.0590444e-03
   1.5800000e+02   1.0000000e+00   2.0380154e-03
   1.5900000e+02   1.0000000e+00   2.0172012e-03
   1.6000000e+02   0.0000000e+00   1.9965995e-03
   1.6100000e+02   1.0000000e+00   1.9762083e-03
   1.6200000e+02   1.0000000e+00   1.9560252e-03
   1.6300000e+02   0.0000000e+00   1.9360484e-03
   1.6400000e+02   0.0000000e+00   1.9162755e-03
   1.6500000e+02   1.0000000e+00   1.8967046e-03
   1.6600000e+02   1.0000000e+00   1.8773336e-03
   1.6700000e+02   1.0000000e+00   1.8581604e-03
   1.6800000e+02   1.0000000e+00   1.8391830e-03
   1.6900000e+02   0.0000000e+00   1.8203994e-03
   1.7000000e+02   0.0000000e+00   1.8018077e-03
   1.7100000e+02   2.0000000e+00   1.7834058e-03
   1.7200000e+02   0.0000000e+00   1.7651919e-03
   1.7300000e+02   2.0000000e+00   1.7471640e-03
   1.7400000e+02   1.0000000e+00   1.7293202e-03
   1.7500000e+02   0.0000000e+00   1.7116587e-03
   1.7600000e+02   0.0000000e+00   1.6941775e-03
   1.7700000e+02   1.0000000e+00   1.6768749e-03
   1.7800000e+02   1.0000000e+00   1.6597490e-03
   1.7900000e+02   0.0000000e+00   1.6427980e-03
   1.8000000e+02   0.0000000e+00   1.6260201e-03
   1.8100000e+02   1.0000000e+00   1.6094135e-03
   1.8200000e+02   1.0000000e+00   1.5929766e-03
   1.8300000e+02   0.0000000e+00   1.5767075e-03
   1.8400000e+02   1.0000000e+00   1.5606046e-03
   1.8500000e+02   2.0000000e+00   1.5446662e-03
   1.8600000e+02   2.0000000e+00   1.5288905e-03
   1.8700000e+02   1.0000000e+00   1.5132760e-03
   1.8800000e+02   1.0000000e+00   1.4978209e-03
   1.8900000e+02   2.0000000e+00   1.4825236e-03
   1.9000000e+02   2.0000000e+00   1.4673826e-03
   1.9100000e+02   0.0000000e+00   1.4523963e-03
   1.9200000e+02   0.0000000e+00   1.4375629e-03
   1.9300000e+02   0.0000000e+00   1.4228811e-03
   1.9400000e+02   0.0000000e+00   1.4083492e-03
   1.9500000e+02   0.0000000e+00   1.3939658e-03
   1.9600000e+02   1.0000000e+00   1.3797292e-03
   1.9700000e+02   0.0000000e+00   1.3656380e-03
   1.9800000e+02   3.0000000e+00   1.3516908e-03
   1.9900000e+02   2.0000000e+00   1.3378860e-03
   2.0000000e+02   0.0000000e+00   1.3242221e-03
   2.0100000e+02   1.0000000e+00   1.3106979e-03
   2.0200000e+02   0.0000000e+00   1.2973117e-03
   2.0300000e+02   2.0000000e+00   1.2840623e-03
   2.0400000e+02   1.0000000e+00   1.2709482e-03
   2.0500000e+02   2.0000000e+00   1.2579680e-03
   2.0600000e+02   0.0000000e+00   1.2451203e-03
   2.0700000e+02   0.0000000e+00   1.2324039e-03
   2.0800000e+02   2.0000000e+00   1.2198174e-03
   2.0900000e+02   0.0000000e+00   1.2073594e-03
   2.1000000e+02   0.0000000e+00   1.1950287e-03
   2.1100000e+02   2.0000000e+00   1.1828238e-03
   2.1200000e+02   2.0000000e+00   1.1707437e-03
   2.1300000e+02   3.0000000e+00   1.1587869e-03
   2.1400000e+02   0.0000000e+00   1.1469522e-03
   2.1500000e+02   0.0000000e+00   1.1352384e-03
   2.1600000e+02   1.0000000e+00   1.1236442e-03
   2.1700000e+02   0.0000000e+00   1.1121684e-03
   2.1800000e+02   0.0000000e+00   1.1008098e-03
   2.1900000e+02   3.0000000e+00   1.0895673e-03
   2.2000000e+02   0.0000000e+00   1.0784395e-03
   2.2100000e+02   0.0000000e+00   1.0674254e-03
   2.2200000e+02   1.0000000e+00   1.0565238e-03
   2.2300000e+02   0.0000000e+00   1.0457335e-03
   2.2400000e+02   0.0000000e+00   1.0350535e-03
   2.2500000e+02   0.0000000e+00   1.0244825e-03
   2.2600000e+02   1.0000000e+00   1.0140194e-03
   2.2700000e+02   1.0000000e+00   1.0036632e-03
   2.2800000e+02   1.0000000e+00   9.9341284e-04
   2.2900000e+02   0.0000000e+00   9.8326711e-04
   2.3000000e+02   1.0000000e+00   9.7322501e-04
   2.3100000e+02   0.0000000e+00   9.6328547e-04
   2.3200000e+02   0.0000000e+00   9.5344744e-04
   2.3300000e+02   0.0000000e+00   9.4370988e-04
   2.3400000e+02   0.0000000e+00   9.3407178e-04
   2.3500000e+02   0.0000000e+00   9.2453211e-04
   2.3600000e+02   0.0000000e+00   9.1508986e-04
   2.3700000e+02   1.0000000e+00   9.0574405e-04
   2.3800000e+02   2.0000000e+00   8.9649369e-04
   2.3900000e+02   0.0000000e+00   8.8733781e-04
   2.4000000e+02   0.0000000e+00   8.7827543e-04
   2.4100000e+02   0.0000000e+00   8.6930561e-04
   2.4200000e+02   0.0000000e+00   8.6042739e-04
   2.4300000e+02   0.0000000e+00   8.5163985e-04
   2.4400000e+02   0.0000000e+00   8.4294206e-04
   2.4500000e+02   0.0000000e+00   8.3433309e-04
   2.4600000e+02   0.0000000e+00   8.2581205e-04
   2.4700000e+02   2.0000000e+00   8.1737804e-04
   2.4800000e+02   2.0000000e+00   8.0903016e-04
   2.4900000e+02   0.0000000e+00   8.0076753e-04
   2.5000000e+02   0.0000000e+00   7.9258930e-04
   2.5100000e+02   0.0000000e+00   7.8449459e-04
   2.5200000e+02   0.0000000e+00   7.7648255e-04
   2.5300000e+02   0.0000000e+00   7.6855233e-04
   2.5400000e+02   1.0000000e+00   7.6070311e-04
   2.5500000e+02   0.0000000e+00   7.5293405e-04
   2.5600000e+02   0.0000000e+00   7.4524434e-04
   2.5700000e+02   1.0000000e+00   7.3763316e-04
   2.5800000e+02   0.0000000e+00   7.3009972e-04
   2.5900000e+02   0.0000000e+00   7.2264321e-04
   2.6000000e+02   0.0000000e+00   7.1526286e-04
   2.6100000e+02   0.0000000e+00   7.0795789e-04
   2.6200000e+02   0.0000000e+00   7.0072751e-04
   2.6300000e+02   0.0000000e+00   6.9357099e-04
   2.6400000e+02   0.0000000e+00   6.8648755e-04
   2.6500000e+02   0.0000000e+00   6.7947645e-04
   2.6600000e+02   0.0000000e+00   6.7253696e-04
   2.6700000e+02   1.0000000e+00   6.6566835e-04
   2.6800000e+02   1.0000000e+00   6.5886988e-04
   2.6900000e+02   0.0000000e+00   6.5214084e-04
   2.7000000e+02   0.0000000e+00   6.4548053e-04
   2.7100000e+02   0.0000000e+00   6.3888824e-04
   2.7200000e+02   2.0000000e+00   6.3236328e-04
   2.7300000e+02   0.0000000e+00   6.2590495e-04
   2.7400000e+02   0.0000000e+00   6.1951259e-04
   2.7500000e+02   0.0000000e+00   6.1318551e-04
   2.7600000e+02   1.0000000e+00   6.0692305e-04
   2.7700000e+02   0.0000000e+00   6.0072455e-04
   2.7800000e+02   0.0000000e+00   5.9458935e-04
   2.7900000e+02   0.0000000e+00   5.8851681e-04
   2.8000000e+02   0.0000000e+00   5.8250629e-04
   2.8100000e+02   0.0000000e+00   5.7655715e-04
   2.8200000e+02   1.0000000e+00   5.7066878e-04
   2.8300000e+02   0.0000000e+00   5.6484054e-04
   2.8400000e+02   0.0000000e+00   5.5907183e-04
   2.8500000e+02   1.0000000e+00   5.5336203e-04
   2.8600000e+02   0.0000000e+00   5.4771054e-04
   2.8700000e+02   0.0000000e+00   5.4211678e-04
   2.8800000e+02   0.0000000e+00   5.3658014e-04
   2.8900000e+02   0.0000000e+00   5.3110005e-04
   2.9000000e+02   1.0000000e+00   5.2567593e-04
   2.9100000e+02   0.0000000e+00   5.2030720e-04
   2.9200000e+02   1.0000000e+00   5.1499331e-04
   2.9300000e+02   0.0000000e+00   5.0973368e-04
   2.9400000e+02   0.0000000e+00   5.0452777e-04
   2.9500000e+02   2.0000000e+00   4.9937503e-04
   2.9600000e+02   0.0000000e+00   4.9427492e-04
   2.9700000e+02   0.0000000e+00   4.8922689e-04
   2.9800000e+02   0.0000000e+00   4.8423042e-04
   2.9900000e+02   1.0000000e+00   4.7928498e-04
   3.0000000e+02   0.0000000e+00   4.7439004e-04
   3.0100000e+02   0.0000000e+00   4.6954510e-04
   3.0200000e+02   0.0000000e+00   4.6474963e-04
   3.0300000e+02   0.0000000e+00   4.6000315e-04
   3.0400000e+02   0.0000000e+00   4.5530514e-04
   3.0500000e+02   0.0000000e+00   4.5065511e-04
   3.0600000e+02   0.0000000e+00   4.4605257e-04
   3.0700000e+02   0.0000000e+00   4.4149704e-04
   3.0800000e+02   0.0000000e+00   4.3698803e-04
   3.0900000e+02   0.0000000e+00   4.3252507e-04
   3.1000000e+02   0.0000000e+00   4.2810769e-04
   3.1100000e+02   1.0000000e+00   4.2373543e-04
   3.1200000e+02   0.0000000e+00   4.1940782e-04
   3.1300000e+02   0.0000000e+00   4.1512441e-04
   3.1400000e+02   0.0000000e+00   4.1088475e-04
   3.1500000e+02   0.0000000e+00   4.0668838e-04
   3.1600000e+02   0.0000000e+00   4.0253488e-04
   3.1700000e+02   1.0000000e+00   3.9842379e-04
   3.1800000e+02   0.0000000e+00   3.9435469e-04
   3.1900000e+02   0.0000000e+00   3.9032715e-04
   3.2000000e+02   0.0000000e+00   3.8634074e-04
   3.2100000e+02   0.0000000e+00   3.8239504e-04
   3.2200000e+02   0.0000000e+00   3.7848964e-04
   3.2300000e+02   0.0000000e+00   3.7462413e-04
   3.2400000e+02   0.0000000e+00   3.7079809e-04
   3.2500000e+02   0.0000000e+00   3.6701113e-04
   3.2600000e+02   0.0000000e+00   3.6326285e-04
   3.2700000e+02   0.0000000e+00   3.5955285e-04
   3.2800000e+02   1.0000000e+00   3.5588074e-04
   3.2900000e+02   0.0000000e+00   3.5224613e-04
   3.3000000e+02   0.0000000e+00   3.4864864e-04
   3.3100000e+02   0.0000000e+00   3.4508789e-04
   3.3200000e+02   0.0000000e+00   3.4156351e-04
   3.3300000e+02   0.0000000e+00   3.3807513e-04
   3.3400000e+02   1.0000000e+00   3.3462237e-04
   3.3500000e+02   0.0000000e+00   3.3120487e-04
   3.3600000e+02   0.0000000e+00   3.2782227e-04
   3.3700000e+02   0.0000000e+00   3.2447423e-04
   3.3800000e+02   0.0000000e+00   3.2116037e-04
   3.3900000e+02   0.0000000e+00   3.1788036e-04
   3.4000000e+02   0.0000000e+00   3.1463385e-04
   3.4100000e+02   0.0000000e+00   3.1142050e-04
   3.4200000e+02   0.0000000e+00   3.0823996e-04
   3.4300000e+02   0.0000000e+00   3.0509191e-04
   3.4400000e+02   0.0000000e+00   3.0197601e-04
   3.4500000e+02   0.0000000e+00   2.9889193e-04
   3.4600000e+02   0.0000000e+00   2.9583934e-04
   3.4700000e+02   0.0000000e+00   2.9281794e-04
   3.4800000e+02   0.0000000e+00   2.8982739e-04
   3.4900000e+02   0.0000000e+00   2.8686738e-04
   3.5000000e+02   0.0000000e+00   2.8393761e-04
   3.5100000e+02   0.0000000e+00   2.8103775e-04
   3.5200000e+02   0.0000000e+00   2.7816752e-04
   3.5300000e+02   0.0000000e+00   2.7532659e-04
   3.5400000e+02   0.0000000e+00   2.7251468e-04
   3.5500000e+02   0.0000000e+00   2.6973149e-04
   3.5600000e+02   0.0000000e+00   2.6697673e-04
   3.5700000e+02   0.0000000e+00   2.6425009e-04
   3.5800000e+02   0.0000000e+00   2.6155131e-04
   3.5900000e+02   0.0000000e+00   2.5888009e-04
   3.6000000e+02   0.0000000e+00   2.5623614e-04
   3.6100000e+02   0.0000000e+00   2.5361921e-04
   3.6200000e+02   0.0000000e+00   2.5102899e-04
   3.6300000e+02   0.0000000e+00   2.4846524e-04
   3.6400000e+02   0.0000000e+00   2.4592766e-04
   3.6500000e+02   0.0000000e+00   2.4341600e-04
   3.6600000e+02   0.0000000e+00   2.4093000e-04
   3.6700000e+02   0.0000000e+00   2.3846938e-04
   3.6800000e+02   2.0000000e+00   2.3603389e-04
   3.6900000e+02   0.0000000e+00   2.3362328e-04
   3.7000000e+02   0.0000000e+00   2.3123729e-04
   3.7100000e+02   0.0000000e+00   2.2887566e-04
   3.7200000e+02   0.0000000e+00   2.2653815e-04
   3.7300000e+02   0.0000000e+00   2.2422452e-04
   3.7400000e+02   0.0000000e+00   2.2193452e-04
   3.7500000e+02   0.0000000e+00   2.1966790e-04
   3.7600000e+02   0.0000000e+00   2.1742443e-04
   3.7700000e+02   0.0000000e+00   2.1520388e-04
   3.7800000e+02   1.0000000e+00   2.1300600e-04
   3.7900000e+02   0.0000000e+00   2.1083057e-04
   3.8000000e+02   1.0000000e+00   2.0867736e-04
   3.8100000e+02   0.0000000e+00   2.0654614e-04
   3.8200000e+02   0.0000000e+00   2.0443668e-04
   3.8300000e+02   0.0000000e+00   2.0234877e-04
   3.8400000e+02   0.0000000e+00   2.0028219e-04
   3.8500000e+02   0.0000000e+00   1.9823670e-04
   3.8600000e+02   0.0000000e+00   1.9621211e-04
   3.8700000e+02   0.0000000e+00   1.9420820e-04
   3.8800000e+02   0.0000000e+00   1.9222475e-04
   3.8900000e+02   0.0000000e+00   1.9026156e-04
   3.9000000e+02   0.0000000e+00   1.8831842e-04
   3.9100000e+02   0.0000000e+00   1.8639513e-04
   3.9200000e+02   0.0000000e+00   1.8449147e-04
   3.9300000e+02   0.0000000e+00   1.8260726e-04
   3.9400000e+02   0.0000000e+00   1.8074230e-04
   3.9500000e+02   0.0000000e+00   1.7889637e-04
   3.9600000e+02   0.0000000e+00   1.7706931e-04
   3.9700000e+02   0.0000000e+00   1.7526090e-04
   3.9800000e+02   1.0000000e+00   1.7347096e-04
   3.9900000e+02   0.0000000e+00   1.7169930e-04
   4.0000000e+02   0.0000000e+00   1.6994574e-04
   4.0100000e+02   1.0000000e+00   1.6821008e-04
   4.0200000e+02   0.0000000e+00   1.6649215e-04
   4.0300000e+02   0.0000000e+00   1.6479177e-04
   4.0400000e+02   0.0000000e+00   1.6310875e-04
   4.0500000e+02   0.0000000e+00   1.6144292e-04
   4.0600000e+02   0.0000000e+00   1.5979411e-04
   4.0700000e+02   0.0000000e+00   1.5816213e-04
   4.0800000e+02   1.0000000e+00   1.5654682e-04
   4.0900000e+02   0.0000000e+00   1.5494801e-04
   4.1000000e+02   0.0000000e+00   1.5336553e-04
   4.1100000e+02   0.0000000e+00   1.5179920e-04
   4.1200000e+02   0.0000000e+00   1.5024888e-04
   4.1300000e+02   0.0000000e+00   1.4871439e-04
   4.1400000e+02   0.0000000e+00   1.4719557e-04
   4.1500000e+02   0.0000000e+00   1.4569226e-04
   4.1600000e+02   0.0000000e+00   1.4420431e-04
   4.1700000e+02   0.0000000e+00   1.4273155e-04
   4.1800000e+02   0.0000000e+00   1.4127383e-04
   4.1900000e+02   0.0000000e+00   1.3983100e-04
   4.2000000e+02   0.0000000e+00   1.3840291e-04
   4.2100000e+02   0.0000000e+00   1.3698940e-04
   4.2200000e+02   0.0000000e+00   1.3559033e-04
   4.2300000e+02   0.0000000e+00   1.3420555e-04
   4.2400000e+02   0.0000000e+00   1.3283490e-04
   4.2500000e+02   0.0000000e+00   1.3147826e-04
   4.2600000e+02   0.0000000e+00   1.3013548e-04
   4.2700000e+02   0.0000000e+00   1.2880640e-04
   4.2800000e+02   0.0000000e+00   1.2749090e-04
   4.2900000e+02   0.0000000e+00   1.2618884e-04
   4.3000000e+02   0.0000000e+00   1.2490007e-04
   4.3100000e+02   1.0000000e+00   1.2362447e-04
   4.3200000e+02   0.0000000e+00   1.2236189e-04
   4.3300000e+02   0.0000000e+00   1.2111221e-04
   4.3400000e+02   0.0000000e+00   1.1987529e-04
   4.3500000e+02   0.0000000e+00   1.1865101e-04
   4.3600000e+02   0.0000000e+00   1.1743922e-04
   4.3700000e+02   0.0000000e+00   1.1623982e-04
   4.3800000e+02   0.0000000e+00   1.1505266e-04
   4.3900000e+02   0.0000000e+00   1.1387763e-04
   4.4000000e+02   0.0000000e+00   1.1271460e-04
   4.4100000e+02   0.0000000e+00   1.1156344e-04
   4.4200000e+02   0.0000000e+00   1.1042405e-04
   4.4300000e+02   0.0000000e+00   1.0929629e-04
   4.4400000e+02   0.0000000e+00   1.0818004e-04
   4.4500000e+02   0.0000000e+00   1.0707520e-04
   4.4600000e+02   0.0000000e+00   1.0598164e-04
   4.4700000e+02   0.0000000e+00   1.0489925e-04
   4.4800000e+02   1.0000000e+00   1.0382792e-04
   4.4900000e+02   0.0000000e+00   1.0276752e-04
   4.5000000e+02   0.0000000e+00   1.0171796e-04
   4.5100000e+02   0.0000000e+00   1.0067911e-04
   4.5200000e+02   0.0000000e+00   9.9650878e-05
   4.5300000e+02   0.0000000e+00   9.8633144e-05
   4.5400000e+02   0.0000000e+00   9.7625804e-05
   4.5500000e+02   0.0000000e+00   9.6628752e-05
   4.5600000e+02   0.0000000e+00   9.5641883e-05
   4.5700000e+02   1.0000000e+00   9.4665092e-05
   4.5800000e+02   0.0000000e+00   9.3698278e-05
   4.5900000e+02   0.0000000e+00   9.2741338e-05
   4.6000000e+02   0.0000000e+00   9.1794171e-05
   4.6100000e+02   1.0000000e+00   9.0856678e-05
   4.6200000e+02   0.0000000e+00   8.9928759e-05
   4.6300000e+02   0.0000000e+00   8.9010317e-05
   4.6400000e+02   0.0000000e+00   8.8101255e-05
   4.6500000e+02   0.0000000e+00   8.7201477e-05
   4.6600000e+02   0.0000000e+00   8.6310889e-05
   4.6700000e+02   0.0000000e+00   8.5429396e-05
   4.6800000e+02   0.0000000e+00   8.4556906e-05
   4.6900000e+02   0.0000000e+00   8.3693326e-05
   4.7000000e+02   0.0000000e+00   8.2838567e-05
   4.7100000e+02   0.0000000e+00   8.1992537e-05
   4.7200000e+02   0.0000000e+00   8.1155147e-05
   4.7300000e+02   0.0000000e+00   8.0326310e-05
   4.7400000e+02   0.0000000e+00   7.9505938e-05
   4.7500000e+02   0.0000000e+00   7.8693944e-05
   4.7600000e+02   0.0000000e+00   7.7890243e-05
   4.7700000e+02   0.0000000e+00   7.7094750e-05
   4.7800000e+02   0.0000000e+00   7.6307382e-05
   4.7900000e+02   0.0000000e+00   7.5528055e-05
   4.8000000e+02   0.0000000e+00   7.4756687e-05
   4.8100000e+02   0.0000000e+00   7.3993197e-05
   4.8200000e+02   0.0000000e+00   7.3237505e-05
   4.8300000e+02   0.0000000e+00   7.2489531e-05
   4.8400000e+02   0.0000000e+00   7.1749196e-05
   4.8500000e+02   0.0000000e+00   7.1016421e-05
   4.8600000e+02   0.0000000e+00   7.0291131e-05
   4.8700000e+02   0.0000000e+00   6.9573248e-05
   4.8800000e+02   0.0000000e+00   6.8862697e-05
   4.8900000e+02   0.0000000e+00   6.8159402e-05
   4.9000000e+02   0.0000000e+00   6.7463290e-05
   4.9100000e+02   0.0000000e+00   6.6774288e-05
   4.9200000e+02   0.0000000e+00   6.6092323e-05
   4.9300000e+02   0.0000000e+00   6.5417322e-05
   4.9400000e+02   0.0000000e+00   6.4749215e-05
   4.9500000e+02   0.0000000e+00   6.4087932e-05
   4.9600000e+02   0.0000000e+00   6.3433402e-05
   4.9700000e+02   0.0000000e+00   6.2785557e-05
   4.9800000e+02   0.0000000e+00   6.2144328e-05
   4.9900000e+02   0.0000000e+00   6.1509648e-05
   5.0000000e+02   0.0000000e+00   6.0881450e-05
   5.0100000e+02   0.0000000e+00   6.0259668e-05
   5.0200000e+02   0.0000000e+00   5.9644237e-05
   5.0300000e+02   0.0000000e+00   5.9035090e-05
   5.0400000e+02   0.0000000e+00   5.8432165e-05
   5.0500000e+02   0.0000000e+00   5.7835398e-05
   5.0600000e+02   0.0000000e+00   5.7244725e-05
   5.0700000e+02   0.0000000e+00   5.6660085e-05
   5.0800000e+02   0.0000000e+00   5.6081416e-05
   5.0900000e+02   0.0000000e+00   5.5508656e-05
   5.1000000e+02   0.0000000e+00   5.4941747e-05
   5.1100000e+02   0.0000000e+00   5.4380627e-05
   5.1200000e+02   0.0000000e+00   5.3825238e-05
   5.1300000e+02   0.0000000e+00   5.3275521e-05
   5.1400000e+02   0.0000000e+00   5.2731418e-05
   5.1500000e+02   0.0000000e+00   5.2192872e-05
   5.1600000e+02   0.0000000e+00   5.1659827e-05
   5.1700000e+02   0.0000000e+00   5.1132225e-05
   5.1800000e+02   0.0000000e+00   5.0610012e-05
   5.1900000e+02   0.0000000e+00   5.0093132e-05
   5.2000000e+02   0.0000000e+00   4.9581531e-05
   5.2100000e+02   0.0000000e+00   4.9075155e-05
   5.2200000e+02   0.0000000e+00   4.8573951e-05
   5.2300000e+02   0.0000000e+00   4.8077865e-05
   5.2400000e+02   0.0000000e+00   4.7586846e-05
   5.2500000e+02   0.0000000e+00   4.7100842e-05
   5.2600000e+02   0.0000000e+00   4.6619801e-05
   5.2700000e+02   0.0000000e+00   4.6143673e-05
   5.2800000e+02   0.0000000e+00   4.5672408e-05
   5.2900000e+02   0.0000000e+00   4.5205956e-05
   5.3000000e+02   0.0000000e+00   4.4744268e-05
   5.3100000e+02   0.0000000e+00   4.4287295e-05
   5.3200000e+02   0.0000000e+00   4.3834989e-05
   5.3300000e+02   0.0000000e+00   4.3387302e-05
   5.3400000e+02   0.0000000e+00   4.2944188e-05
   5.3500000e+02   0.0000000e+00   4.2505599e-05
   5.3600000e+02   0.0000000e+00   4.2071489e-05
   5.3700000e+02   0.0000000e+00   4.1641814e-05
   5.3800000e+02   0.0000000e+00   4.1216526e-05
   5.3900000e+02   0.0000000e+00   4.0795582e-05
   5.4000000e+02   0.0000000e+00   4.0378937e-05
   5.4100000e+02   0.0000000e+00   3.9966547e-05
   5.4200000e+02   0.0000000e+00   3.9558368e-05
   5.4300000e+02   0.0000000e+00   3.9154359e-05
   5.4400000e+02   0.0000000e+00   3.8754476e-05
   5.4500000e+02   0.0000000e+00   3.8358676e-05
   5.4600000e+02   0.0000000e+00   3.7966919e-05
   5.4700000e+02   0.0000000e+00   3.7579163e-05
   5.4800000e+02   0.0000000e+00   3.7195367e-05
   5.4900000e+02   0.0000000e+00   3.6815491e-05
   5.5000000e+02   0.0000000e+00   3.6439495e-05
   5.5100000e+02   0.0000000e+00   3.6067338e-05
   5.5200000e+02   0.0000000e+00   3.5698983e-05
   5.5300000e+02   0.0000000e+00   3.5334389e-05
   5.5400000e+02   0.0000000e+00   3.4973519e-05
   5.5500000e+02   0.0000000e+00   3.4616335e-05
   5.5600000e+02   0.0000000e+00   3.4262798e-05
   5.5700000e+02   0.0000000e+00   3.3912873e-05
   5.5800000e+02   1.0000000e+00   3.3566521e-05
   5.5900000e+02   0.0000000e+00   3.3223706e-05
   5.6000000e+02   0.0000000e+00   3.2884392e-05
   5.6100000e+02   0.0000000e+00   3.2548544e-05
   5.6200000e+02   0.0000000e+00   3.2216126e-05
   5.6300000e+02   0.0000000e+00   3.1887103e-05
   5.6400000e+02   0.0000000e+00   3.1561440e-05
   5.6500000e+02   0.0000000e+00   3.1239103e-05
   5.6600000e+02   0.0000000e+00   3.0920058e-05
   5.6700000e+02   0.0000000e+00   3.0604272e-05
   5.6800000e+02   0.0000000e+00   3.0291710e-05
   5.6900000e+02   0.0000000e+00   2.9982341e-05
   5.7000000e+02   0.0000000e+00   2.9676132e-05
   5.7100000e+02   0.0000000e+00   2.9373050e-05
   5.7200000e+02   0.0000000e+00   2.9073063e-05
   5.7300000e+02   0.0000000e+00   2.8776140e-05
   5.7400000e+02   0.0000000e+00   2.8482249e-05
   5.7500000e+02   0.0000000e+00   2.8191360e-05
   5.7600000e+02   0.0000000e+00   2.7903442e-05
   5.7700000e+02   0.0000000e+00   2.7618464e-05
   5.7800000e+02   0.0000000e+00   2.7336397e-05
   5.7900000e+02   0.0000000e+00   2.7057210e-05
   5.8000000e+02   0.0000000e+00   2.6780875e-05
   5.8100000e+02   0.0000000e+00   2.6507362e-05
   5.8200000e+02   0.0000000e+00   2.6236642e-05
   5.8300000e+02   0.0000000e+00   2.5968688e-05
   5.8400000e+02   0.0000000e+00   2.5703470e-05
   5.8500000e+02   0.0000000e+00   2.5440960e-05
   5.8600000e+02   0.0000000e+00   2.5181132e-05
   5.8700000e+02   0.0000000e+00   2.4923957e-05
   5.8800000e+02   1.0000000e+00   2.4669409e-05
   5.8900000e+02   0.0000000e+00   2.4417460e-05
   5.9000000e+02   0.0000000e+00   2.4168085e-05
   5.9100000e+02   0.0000000e+00   2.3921256e-05
   5.9200000e+02   0.0000000e+00   2.3676948e-05
   5.9300000e+02   0.0000000e+00   2.3435136e-05
   5.9400000e+02   0.0000000e+00   2.3195793e-05
   5.9500000e+02   0.0000000e+00   2.2958894e-05
   5.9600000e+02   0.0000000e+00   2.2724415e-05
   5.9700000e+02   1.0000000e+00   2.2492331e-05
   5.9800000e+02   0.0000000e+00   2.2262617e-05
   5.9900000e+02   0.0000000e+00   2.2035249e-05
   6.0000000e+02   0.0000000e+00   2.1810203e-05
   6.0100000e+02   0.0000000e+00   2.1587455e-05
   6.0200000e+02   0.0000000e+00   2.1366983e-05
   6.0300000e+02   0.0000000e+00   2.1148762e-05
   6.0400000e+02   0.0000000e+00   2.0932770e-05
   6.0500000e+02   0.0000000e+00   2.0718983e-05
   6.0600000e+02   0.0000000e+00   2.0507380e-05
   6.0700000e+02   0.0000000e+00   2.0297939e-05
   6.0800000e+02   0.0000000e+00   2.0090636e-05
   6.0900000e+02   0.0000000e+00   1.9885450e-05
   6.1000000e+02   0.0000000e+00   1.9682360e-05
   6.1100000e+02   0.0000000e+00   1.9481344e-05
   6.1200000e+02   0.0000000e+00   1.9282381e-05
   6.1300000e+02   0.0000000e+00   1.9085451e-05
   6.1400000e+02   0.0000000e+00   1.8890531e-05
   6.1500000e+02   0.0000000e+00   1.8697602e-05
   6.1600000e+02   0.0000000e+00   1.8506644e-05
   6.1700000e+02   0.0000000e+00   1.8317635e-05
   6.1800000e+02   0.0000000e+00   1.8130557e-05
   6.1900000e+02   0.0000000e+00   1.7945390e-05
   6.2000000e+02   0.0000000e+00   1.7762114e-05
   6.2100000e+02   0.0000000e+00   1.7580709e-05
   6.2200000e+02   0.0000000e+00   1.7401158e-05
   6.2300000e+02   0.0000000e+00   1.7223440e-05
   6.2400000e+02   0.0000000e+00   1.7047537e-05
   6.2500000e+02   0.0000000e+00   1.6873430e-05
   6.2600000e+02   0.0000000e+00   1.6701102e-05
   6.2700000e+02   0.0000000e+00   1.6530534e-05
   6.2800000e+02   0.0000000e+00   1.6361708e-05
   6.2900000e+02   0.0000000e+00   1.6194605e-05
   6.3000000e+02   0.0000000e+00   1.6029210e-05
   6.3100000e+02   0.0000000e+00   1.5865504e-05
   6.3200000e+02   0.0000000e+00   1.5703469e-05
   6.3300000e+02   0.0000000e+00   1.5543090e-05
   6.3400000e+02   0.0000000e+00   1.5384348e-05
   6.3500000e+02   0.0000000e+00   1.5227228e-05
   6.3600000e+02   0.0000000e+00   1.5071713e-05
   6.3700000e+02   0.0000000e+00   1.4917785e-05
   6.3800000e+02   0.0000000e+00   1.4765430e-05
   6.3900000e+02   0.0000000e+00   1.4614631e-05
   6.4000000e+02   0.0000000e+00   1.4465371e-05
   6.4100000e+02   0.0000000e+00   1.4317637e-05
   6.4200000e+02   0.0000000e+00   1.4171411e-05
   6.4300000e+02   0.0000000e+00   1.4026678e-05
   6.4400000e+02   0.0000000e+00   1.3883424e-05
   6.4500000e+02   0.0000000e+00   1.3741632e-05
   6.4600000e+02   0.0000000e+00   1.3601289e-05
   6.4700000e+02   0.0000000e+00   1.3462379e-05
   6.4800000e+02   0.0000000e+00   1.3324888e-05
   6.4900000e+02   0.0000000e+00   1.3188801e-05
   6.5000000e+02   0.0000000e+00   1.3054104e-05
   6.5100000e+02   0.0000000e+00   1.2920782e-05
   6.5200000e+02   0.0000000e+00   1.2788822e-05
   6.5300000e+02   0.0000000e+00   1.2658210e-05
   6.5400000e+02   0.0000000e+00   1.2528932e-05
   6.5500000e+02   0.0000000e+00   1.2400974e-05
   6.5600000e+02   0.0000000e+00   1.2274323e-05
   6.5700000e+02   0.0000000e+00   1.2148965e-05
   6.5800000e+02   0.0000000e+00   1.2024888e-05
   6.5900000e+02   0.0000000e+00   1.1902078e-05
   6.6000000e+02   0.0000000e+00   1.1780522e-05
   6.6100000e+02   0.0000000e+00   1.1660208e-05
   6.6200000e+02   0.0000000e+00   1.1541122e-05
   6.6300000e+02   0.0000000e+00   1.1423252e-05
   6.6400000e+02   0.0000000e+00   1.1306587e-05
   6.6500000e+02   0.0000000e+00   1.1191113e-05
   6.6600000e+02   0.0000000e+00   1.1076818e-05
   6.6700000e+02   0.0000000e+00   1.0963690e-05
   6.6800000e+02   0.0000000e+00   1.0851718e-05
   6.6900000e+02   0.0000000e+00   1.0740890e-05
   6.7000000e+02   0.0000000e+00   1.0631193e-05
   6.7100000e+02   0.0000000e+00   1.0522617e-05
   6.7200000e+02   0.0000000e+00   1.0415149e-05
   6.7300000e+02   0.0000000e+00   1.0308779e-05
   6.7400000e+02   0.0000000e+00   1.0203496e-05
   6.7500000e+02   0.0000000e+00   1.0099288e-05
   6.7600000e+02   0.0000000e+00   9.9961436e-06
   6.7700000e+02   0.0000000e+00   9.8940531e-06
   6.7800000e+02   0.0000000e+00   9.7930051e-06
   6.7900000e+02   0.0000000e+00   9.6929892e-06
   6.8000000e+02   0.0000000e+00   9.5939948e-06
   6.8100000e+02   1.0000000e+00   9.4960113e-06
