   1.0000000e+00   3.5000000e+01   5.7168202e-02
   2.0000000e+00   1.8000000e+01   5.3132614e-02
   3.0000000e+00   2.0000000e+01   4.9411554e-02
   4.0000000e+00   1.6000000e+01   4.5979580e-02
   5.0000000e+00   2.5000000e+01   4.2813334e-02
   6.0000000e+00   1.6000000e+01   3.9891373e-02
   7.0000000e+00   1.8000000e+01   3.7194007e-02
   8.0000000e+00   2.2000000e+01   3.4703157e-02
   9.0000000e+00   1.8000000e+01   3.2402225e-02
   1.0000000e+01   1.6000000e+01   3.0275968e-02
   1.1000000e+01   1.4000000e+01   2.8310388e-02
   1.2000000e+01   1.7000000e+01   2.6492632e-02
   1.3000000e+01   1.1000000e+01   2.4810894e-02
   1.4000000e+01   1.2000000e+01   2.3254333e-02
   1.5000000e+01   1.1000000e+01   2.1812990e-02
   1.6000000e+01   1.3000000e+01   2.0477718e-02
   1.7000000e+01   1.0000000e+01   1.9240116e-02
   1.8000000e+01   7.0000000e+00   1.8092463e-02
   1.9000000e+01   9.0000000e+00   1.7027670e-02
   2.0000000e+01   1.0000000e+01   1.6039219e-02
   2.1000000e+01   6.0000000e+00   1.5121124e-02
   2.2000000e+01   8.0000000e+00   1.4267884e-02
   2.3000000e+01   1.0000000e+01   1.3474442e-02
   2.4000000e+01   6.0000000e+00   1.2736152e-02
   2.5000000e+01   1.0000000e+01   1.2048742e-02
   2.6000000e+01   3.0000000e+00   1.1408284e-02
   2.7000000e+01   3.0000000e+00   1.0811170e-02
   2.8000000e+01   3.0000000e+00   1.0254079e-02
   2.9000000e+01   5.0000000e+00   9.7339577e-03
   3.0000000e+01   3.0000000e+00   9.2479995e-03
   3.1000000e+01   4.0000000e+00   8.7936214e-03
   3.2000000e+01   6.0000000e+00   8.3684473e-03
   3.3000000e+01   3.0000000e+00   7.9702908e-03
   3.4000000e+01   1.0000000e+00   7.5971401e-03
   3.5000000e+01   3.0000000e+00   7.2471432e-03
   3.6000000e+01   1.0000000e+00   6.9185953e-03
   3.7000000e+01   3.0000000e+00   6.6099266e-03
   3.8000000e+01   4.0000000e+00   6.3196915e-03
   3.9000000e+01   2.0000000e+00   6.0465583e-03
   4.0000000e+01   2.0000000e+00   5.7893000e-03
   4.1000000e+01   1.0000000e+00   5.5467859e-03
   4.2000000e+01   4.0000000e+00   5.3179739e-03
   4.3000000e+01   4.0000000e+00   5.1019028e-03
   4.4000000e+01   2.0000000e+00   4.8976865e-03
   4.5000000e+01   4.0000000e+00   4.7045072e-03
   4.6000000e+01   1.0000000e+00   4.5216106e-03
   4.7000000e+01   1.0000000e+00   4.3483001e-03
   4.8000000e+01   3.0000000e+00   4.1839328e-03
   4.9000000e+01   0.0000000e+00   4.0279144e-03
   5.0000000e+01   3.0000000e+00   3.8796962e-03
   5.1000000e+01   0.0000000e+00   3.7387707e-03
   5.2000000e+01   2.0000000e+00   3.6046688e-03
   5.3000000e+01   2.0000000e+00   3.4769564e-03
   5.4000000e+01   1.0000000e+00   3.3552318e-03
   5.5000000e+01   1.0000000e+00   3.2391231e-03
   5.6000000e+01   1.0000000e+00   3.1282857e-03
   5.7000000e+01   2.0000000e+00   3.0224003e-03
   5.8000000e+01   0.0000000e+00   2.9211708e-03
   5.9000000e+01   0.0000000e+00   2.8243225e-03
   6.0000000e+01   3.0000000e+00   2.7316005e-03
   6.1000000e+01   3.0000000e+00   2.6427680e-03
   6.2000000e+01   1.0000000e+00   2.5576050e-03
   6.3000000e+01   1.0000000e+00   2.4759068e-03
   6.4000000e+01   2.0000000e+00   2.3974831e-03
   6.5000000e+01   3.0000000e+00   2.3221567e-03
   6.6000000e+01   2.0000000e+00   2.2497625e-03
   6.7000000e+01   2.0000000e+00   2.1801466e-03
   6.8000000e+01   1.0000000e+00   2.1131655e-03
   6.9000000e+01   0.0000000e+00   2.0486851e-03
   7.0000000e+01   0.0000000e+00   1.9865801e-03
   7.1000000e+01   0.0000000e+00   1.9267337e-03
   7.2000000e+01   0.0000000e+00   1.8690362e-03
   7.3000000e+01   2.0000000e+00   1.8133852e-03
   7.4000000e+01   1.0000000e+00   1.7596844e-03
   7.5000000e+01   1.0000000e+00   1.7078439e-03
   7.6000000e+01   1.0000000e+00   1.6577791e-03
   7.7000000e+01   0.0000000e+00   1.6094104e-03
   7.8000000e+01   1.0000000e+00   1.5626633e-03
   7.9000000e+01   0.0000000e+00   1.5174674e-03
   8.0000000e+01   1.0000000e+00   1.4737566e-03
   8.1000000e+01   0.0000000e+00   1.4314684e-03
   8.2000000e+01   1.0000000e+00   1.3905440e-03
   8.3000000e+01   1.0000000e+00   1.3509280e-03
   8.4000000e+01   2.0000000e+00   1.3125676e-03
   8.5000000e+01   1.0000000e+00   1.2754134e-03
   8.6000000e+01   2.0000000e+00   1.2394183e-03
   8.7000000e+01   2.0000000e+00   1.2045377e-03
   8.8000000e+01   0.0000000e+00   1.1707294e-03
   8.9000000e+01   0.0000000e+00   1.1379533e-03
   9.0000000e+01   0.0000000e+00   1.1061714e-03
   9.1000000e+01   1.0000000e+00   1.0753475e-03
   9.2000000e+01   0.0000000e+00   1.0454471e-03
   9.3000000e+01   0.0000000e+00   1.0164375e-03
   9.4000000e+01   0.0000000e+00   9.8828728e-04
   9.5000000e+01   1.0000000e+00   9.6096679e-04
   9.6000000e+01   0.0000000e+00   9.3444753e-04
   9.7000000e+01   1.0000000e+00   9.0870234e-04
   9.8000000e+01   1.0000000e+00   8.8370524e-04
   9.9000000e+01   0.0000000e+00   8.5943139e-04
   1.0000000e+02   0.0000000e+00   8.3585699e-04
   1.0100000e+02   1.0000000e+00   8.1295927e-04
   1.0200000e+02   0.0000000e+00   7.9071638e-04
   1.0300000e+02   2.0000000e+00   7.6910738e-04
   1.0400000e+02   1.0000000e+00   7.4811215e-04
   1.0500000e+02   1.0000000e+00   7.2771139e-04
   1.0600000e+02   1.0000000e+00   7.0788653e-04
   1.0700000e+02   0.0000000e+00   6.8861974e-04
   1.0800000e+02   0.0000000e+00   6.6989384e-04
   1.0900000e+02   0.0000000e+00   6.5169231e-04
   1.1000000e+02   1.0000000e+00   6.3399924e-04
   1.1100000e+02   0.0000000e+00   6.1679929e-04
   1.1200000e+02   0.0000000e+00   6.0007769e-04
   1.1300000e+02   1.0000000e+00   5.8382016e-04
   1.1400000e+02   0.0000000e+00   5.6801296e-04
   1.1500000e+02   0.0000000e+00   5.5264281e-04
   1.1600000e+02   0.0000000e+00   5.3769689e-04
   1.1700000e+02   0.0000000e+00   5.2316280e-04
   1.1800000e+02   0.0000000e+00   5.0902858e-04
   1.1900000e+02   1.0000000e+00   4.9528265e-04
   1.2000000e+02   1.0000000e+00   4.8191382e-04
   1.2100000e+02   0.0000000e+00   4.6891127e-04
   1.2200000e+02   0.0000000e+00   4.5626450e-04
   1.2300000e+02   0.0000000e+00   4.4396339e-04
   1.2400000e+02   0.0000000e+00   4.3199810e-04
   1.2500000e+02   0.0000000e+00   4.2035914e-04
   1.2600000e+02   1.0000000e+00   4.0903728e-04
   1.2700000e+02   0.0000000e+00   3.9802359e-04
   1.2800000e+02   0.0000000e+00   3.8730943e-04
   1.2900000e+02   0.0000000e+00   3.7688640e-04
   1.3000000e+02   0.0000000e+00   3.6674637e-04
   1.3100000e+02   0.0000000e+00   3.5688145e-04
   1.3200000e+02   0.0000000e+00   3.4728399e-04
   1.3300000e+02   0.0000000e+00   3.3794656e-04
   1.3400000e+02   2.0000000e+00   3.2886195e-04
   1.3500000e+02   0.0000000e+00   3.2002319e-04
   1.3600000e+02   0.0000000e+00   3.1142348e-04
   1.3700000e+02   0.0000000e+00   3.0305623e-04
   1.3800000e+02   0.0000000e+00   2.9491504e-04
   1.3900000e+02   0.0000000e+00   2.8699371e-04
   1.4000000e+02   0.0000000e+00   2.7928621e-04
   1.4100000e+02   0.0000000e+00   2.7178667e-04
   1.4200000e+02   0.0000000e+00   2.6448940e-04
   1.4300000e+02   0.0000000e+00   2.5738888e-04
   1.4400000e+02   0.0000000e+00   2.5047973e-04
   1.4500000e+02   0.0000000e+00   2.4375673e-04
   1.4600000e+02   0.0000000e+00   2.3721481e-04
   1.4700000e+02   0.0000000e+00   2.3084905e-04
   1.4800000e+02   0.0000000e+00   2.2465464e-04
   1.4900000e+02   0.0000000e+00   2.1862694e-04
   1.5000000e+02   0.0000000e+00   2.1276141e-04
   1.5100000e+02   0.0000000e+00   2.0705367e-04
   1.5200000e+02   0.0000000e+00   2.0149942e-04
   1.5300000e+02   0.0000000e+00   1.9609451e-04
   1.5400000e+02   0.0000000e+00   1.9083490e-04
   1.5500000e+02   0.0000000e+00   1.8571665e-04
   1.5600000e+02   0.0000000e+00   1.8073594e-04
   1.5700000e+02   0.0000000e+00   1.7588905e-04
   1.5800000e+02   0.0000000e+00   1.7117237e-04
   1.5900000e+02   0.0000000e+00   1.6658238e-04
   1.6000000e+02   0.0000000e+00   1.6211566e-04
   1.6100000e+02   0.0000000e+00   1.5776889e-04
   1.6200000e+02   0.0000000e+00   1.5353882e-04
   1.6300000e+02   1.0000000e+00   1.4942232e-04
   1.6400000e+02   0.0000000e+00   1.4541632e-04
   1.6500000e+02   0.0000000e+00   1.4151784e-04
   1.6600000e+02   0.0000000e+00   1.3772399e-04
   1.6700000e+02   0.0000000e+00   1.3403195e-04
   1.6800000e+02   0.0000000e+00   1.3043898e-04
   1.6900000e+02   0.0000000e+00   1.2694241e-04
   1.7000000e+02   0.0000000e+00   1.2353965e-04
   1.7100000e+02   0.0000000e+00   1.2022818e-04
   1.7200000e+02   0.0000000e+00   1.1700554e-04
   1.7300000e+02   0.0000000e+00   1.1386934e-04
   1.7400000e+02   0.0000000e+00   1.1081727e-04
   1.7500000e+02   0.0000000e+00   1.0784705e-04
   1.7600000e+02   0.0000000e+00   1.0495649e-04
   1.7700000e+02   0.0000000e+00   1.0214344e-04
   1.7800000e+02   0.0000000e+00   9.9405834e-05
   1.7900000e+02   0.0000000e+00   9.6741635e-05
   1.8000000e+02   0.0000000e+00   9.4148874e-05
   1.8100000e+02   0.0000000e+00   9.1625632e-05
   1.8200000e+02   0.0000000e+00   8.9170043e-05
   1.8300000e+02   0.0000000e+00   8.6780291e-05
   1.8400000e+02   0.0000000e+00   8.4454608e-05
   1.8500000e+02   0.0000000e+00   8.2191275e-05
   1.8600000e+02   0.0000000e+00   7.9988618e-05
   1.8700000e+02   0.0000000e+00   7.7845009e-05
   1.8800000e+02   0.0000000e+00   7.5758863e-05
   1.8900000e+02   0.0000000e+00   7.3728639e-05
   1.9000000e+02   0.0000000e+00   7.1752837e-05
   1.9100000e+02   0.0000000e+00   6.9829995e-05
   1.9200000e+02   0.0000000e+00   6.7958695e-05
   1.9300000e+02   0.0000000e+00   6.6137552e-05
   1.9400000e+02   0.0000000e+00   6.4365222e-05
   1.9500000e+02   0.0000000e+00   6.2640396e-05
   1.9600000e+02   1.0000000e+00   6.0961799e-05
   1.9700000e+02   0.0000000e+00   5.9328193e-05
   1.9800000e+02   0.0000000e+00   5.7738369e-05
   1.9900000e+02   0.0000000e+00   5.6191155e-05
   2.0000000e+02   0.0000000e+00   5.4685407e-05
   2.0100000e+02   0.0000000e+00   5.3220015e-05
   2.0200000e+02   0.0000000e+00   5.1793895e-05
   2.0300000e+02   0.0000000e+00   5.0405995e-05
   2.0400000e+02   0.0000000e+00   4.9055291e-05
   2.0500000e+02   0.0000000e+00   4.7740785e-05
   2.0600000e+02   0.0000000e+00   4.6461506e-05
   2.0700000e+02   0.0000000e+00   4.5216511e-05
   2.0800000e+02   0.0000000e+00   4.4004880e-05
   2.0900000e+02   0.0000000e+00   4.2825719e-05
   2.1000000e+02   0.0000000e+00   4.1678157e-05
   2.1100000e+02   0.0000000e+00   4.0561348e-05
   2.1200000e+02   0.0000000e+00   3.9474467e-05
   2.1300000e+02   0.0000000e+00   3.8416713e-05
   2.1400000e+02   1.0000000e+00   3.7387303e-05
