   1.0000000e+00   2.7000000e+01   5.2422900e-02
   2.0000000e+00   2.6000000e+01   4.7346569e-02
   3.0000000e+00   1.7000000e+01   4.2788177e-02
   4.0000000e+00   1.8000000e+01   3.8694716e-02
   5.0000000e+00   1.3000000e+01   3.5018607e-02
   6.0000000e+00   1.5000000e+01   3.1717137e-02
   7.0000000e+00   1.8000000e+01   2.8751967e-02
   8.0000000e+00   1.2000000e+01   2.6088683e-02
   9.0000000e+00   1.4000000e+01   2.3696394e-02
   1.0000000e+01   1.2000000e+01   2.1547368e-02
   1.1000000e+01   1.0000000e+01   1.9616715e-02
   1.2000000e+01   3.0000000e+00   1.7882091e-02
   1.3000000e+01   1.0000000e+01   1.6323439e-02
   1.4000000e+01   6.0000000e+00   1.4922757e-02
   1.5000000e+01   8.0000000e+00   1.3663882e-02
   1.6000000e+01   5.0000000e+00   1.2532308e-02
   1.7000000e+01   8.0000000e+00   1.1515015e-02
   1.8000000e+01   4.0000000e+00   1.0600312e-02
   1.9000000e+01   4.0000000e+00   9.7777084e-03
   2.0000000e+01   4.0000000e+00   9.0377844e-03
   2.1000000e+01   2.0000000e+00   8.3720861e-03
   2.2000000e+01   5.0000000e+00   7.7730244e-03
   2.3000000e+01   3.0000000e+00   7.2337870e-03
   2.4000000e+01   4.0000000e+00   6.7482589e-03
   2.5000000e+01   2.0000000e+00   6.3109511e-03
   2.6000000e+01   3.0000000e+00   5.9169360e-03
   2.7000000e+01   1.0000000e+00   5.5617909e-03
   2.8000000e+01   2.0000000e+00   5.2415454e-03
   2.9000000e+01   1.0000000e+00   4.9526355e-03
   3.0000000e+01   3.0000000e+00   4.6918621e-03
   3.1000000e+01   2.0000000e+00   4.4563535e-03
   3.2000000e+01   5.0000000e+00   4.2435317e-03
   3.3000000e+01   2.0000000e+00   4.0510828e-03
   3.4000000e+01   0.0000000e+00   3.8769295e-03
   3.5000000e+01   1.0000000e+00   3.7192073e-03
   3.6000000e+01   7.0000000e+00   3.5762423e-03
   3.7000000e+01   1.0000000e+00   3.4465320e-03
   3.8000000e+01   3.0000000e+00   3.3287277e-03
   3.9000000e+01   3.0000000e+00   3.2216185e-03
   4.0000000e+01   2.0000000e+00   3.1241177e-03
   4.1000000e+01   0.0000000e+00   3.0352495e-03
   4.2000000e+01   0.0000000e+00   2.9541382e-03
   4.3000000e+01   4.0000000e+00   2.8799975e-03
   4.4000000e+01   0.0000000e+00   2.8121216e-03
   4.5000000e+01   0.0000000e+00   2.7498769e-03
   4.6000000e+01   2.0000000e+00   2.6926947e-03
   4.7000000e+01   2.0000000e+00   2.6400643e-03
   4.8000000e+01   3.0000000e+00   2.5915273e-03
   4.9000000e+01   1.0000000e+00   2.5466724e-03
   5.0000000e+01   1.0000000e+00   2.5051299e-03
   5.1000000e+01   0.0000000e+00   2.4665683e-03
   5.2000000e+01   1.0000000e+00   2.4306899e-03
   5.3000000e+01   1.0000000e+00   2.3972272e-03
   5.4000000e+01   2.0000000e+00   2.3659404e-03
   5.5000000e+01   0.0000000e+00   2.3366139e-03
   5.6000000e+01   1.0000000e+00   2.3090543e-03
   5.7000000e+01   0.0000000e+00   2.2830880e-03
   5.8000000e+01   1.0000000e+00   2.2585588e-03
   5.9000000e+01   2.0000000e+00   2.2353268e-03
   6.0000000e+01   1.0000000e+00   2.2132663e-03
   6.1000000e+01   0.0000000e+00   2.1922644e-03
   6.2000000e+01   1.0000000e+00   2.1722196e-03
   6.3000000e+01   3.0000000e+00   2.1530409e-03
   6.4000000e+01   0.0000000e+00   2.1346465e-03
   6.5000000e+01   0.0000000e+00   2.1169630e-03
   6.6000000e+01   1.0000000e+00   2.0999245e-03
   6.7000000e+01   0.0000000e+00   2.0834715e-03
   6.8000000e+01   2.0000000e+00   2.0675511e-03
   6.9000000e+01   0.0000000e+00   2.0521152e-03
   7.0000000e+01   0.0000000e+00   2.0371209e-03
   7.1000000e+01   0.0000000e+00   2.0225298e-03
   7.2000000e+01   0.0000000e+00   2.0083070e-03
   7.3000000e+01   0.0000000e+00   1.9944213e-03
   7.4000000e+01   2.0000000e+00   1.9808448e-03
   7.5000000e+01   1.0000000e+00   1.9675523e-03
   7.6000000e+01   1.0000000e+00   1.9545211e-03
   7.7000000e+01   2.0000000e+00   1.9417309e-03
   7.8000000e+01   1.0000000e+00   1.9291632e-03
   7.9000000e+01   1.0000000e+00   1.9168017e-03
   8.0000000e+01   1.0000000e+00   1.9046315e-03
   8.1000000e+01   0.0000000e+00   1.8926393e-03
   8.2000000e+01   0.0000000e+00   1.8808130e-03
   8.3000000e+01   3.0000000e+00   1.8691418e-03
   8.4000000e+01   3.0000000e+00   1.8576160e-03
   8.5000000e+01   1.0000000e+00   1.8462267e-03
   8.6000000e+01   1.0000000e+00   1.8349661e-03
   8.7000000e+01   0.0000000e+00   1.8238269e-03
   8.8000000e+01   0.0000000e+00   1.8128028e-03
   8.9000000e+01   0.0000000e+00   1.8018879e-03
   9.0000000e+01   1.0000000e+00   1.7910770e-03
   9.1000000e+01   2.0000000e+00   1.7803652e-03
   9.2000000e+01   2.0000000e+00   1.7697483e-03
   9.3000000e+01   0.0000000e+00   1.7592224e-03
   9.4000000e+01   0.0000000e+00   1.7487839e-03
   9.5000000e+01   0.0000000e+00   1.7384297e-03
   9.6000000e+01   1.0000000e+00   1.7281568e-03
   9.7000000e+01   1.0000000e+00   1.7179625e-03
   9.8000000e+01   1.0000000e+00   1.7078446e-03
   9.9000000e+01   0.0000000e+00   1.6978007e-03
   1.0000000e+02   1.0000000e+00   1.6878288e-03
   1.0100000e+02   2.0000000e+00   1.6779272e-03
   1.0200000e+02   1.0000000e+00   1.6680942e-03
   1.0300000e+02   0.0000000e+00   1.6583282e-03
   1.0400000e+02   1.0000000e+00   1.6486279e-03
   1.0500000e+02   1.0000000e+00   1.6389918e-03
   1.0600000e+02   2.0000000e+00   1.6294189e-03
   1.0700000e+02   0.0000000e+00   1.6199080e-03
   1.0800000e+02   2.0000000e+00   1.6104581e-03
   1.0900000e+02   1.0000000e+00   1.6010682e-03
   1.1000000e+02   1.0000000e+00   1.5917375e-03
   1.1100000e+02   2.0000000e+00   1.5824652e-03
   1.1200000e+02   0.0000000e+00   1.5732504e-03
   1.1300000e+02   1.0000000e+00   1.5640925e-03
   1.1400000e+02   1.0000000e+00   1.5549907e-03
   1.1500000e+02   1.0000000e+00   1.5459445e-03
   1.1600000e+02   0.0000000e+00   1.5369533e-03
   1.1700000e+02   1.0000000e+00   1.5280164e-03
   1.1800000e+02   1.0000000e+00   1.5191333e-03
   1.1900000e+02   0.0000000e+00   1.5103036e-03
   1.2000000e+02   2.0000000e+00   1.5015266e-03
   1.2100000e+02   0.0000000e+00   1.4928021e-03
   1.2200000e+02   1.0000000e+00   1.4841294e-03
   1.2300000e+02   0.0000000e+00   1.4755082e-03
   1.2400000e+02   2.0000000e+00   1.4669380e-03
   1.2500000e+02   3.0000000e+00   1.4584185e-03
   1.2600000e+02   0.0000000e+00   1.4499493e-03
   1.2700000e+02   0.0000000e+00   1.4415299e-03
   1.2800000e+02   1.0000000e+00   1.4331601e-03
   1.2900000e+02   0.0000000e+00   1.4248395e-03
   1.3000000e+02   1.0000000e+00   1.4165676e-03
   1.3100000e+02   1.0000000e+00   1.4083443e-03
   1.3200000e+02   1.0000000e+00   1.4001690e-03
   1.3300000e+02   3.0000000e+00   1.3920416e-03
   1.3400000e+02   0.0000000e+00   1.3839618e-03
   1.3500000e+02   0.0000000e+00   1.3759291e-03
   1.3600000e+02   0.0000000e+00   1.3679433e-03
   1.3700000e+02   1.0000000e+00   1.3600041e-03
   1.3800000e+02   0.0000000e+00   1.3521111e-03
   1.3900000e+02   0.0000000e+00   1.3442642e-03
   1.4000000e+02   1.0000000e+00   1.3364630e-03
   1.4100000e+02   0.0000000e+00   1.3287072e-03
   1.4200000e+02   1.0000000e+00   1.3209966e-03
   1.4300000e+02   2.0000000e+00   1.3133309e-03
   1.4400000e+02   0.0000000e+00   1.3057097e-03
   1.4500000e+02   1.0000000e+00   1.2981329e-03
   1.4600000e+02   1.0000000e+00   1.2906001e-03
   1.4700000e+02   0.0000000e+00   1.2831111e-03
   1.4800000e+02   0.0000000e+00   1.2756656e-03
   1.4900000e+02   2.0000000e+00   1.2682635e-03
   1.5000000e+02   0.0000000e+00   1.2609043e-03
   1.5100000e+02   0.0000000e+00   1.2535879e-03
   1.5200000e+02   0.0000000e+00   1.2463139e-03
   1.5300000e+02   0.0000000e+00   1.2390823e-03
   1.5400000e+02   1.0000000e+00   1.2318926e-03
   1.5500000e+02   2.0000000e+00   1.2247447e-03
   1.5600000e+02   0.0000000e+00   1.2176383e-03
   1.5700000e+02   0.0000000e+00   1.2105731e-03
   1.5800000e+02   1.0000000e+00   1.2035490e-03
   1.5900000e+02   0.0000000e+00   1.1965656e-03
   1.6000000e+02   0.0000000e+00   1.1896228e-03
   1.6100000e+02   3.0000000e+00   1.1827203e-03
   1.6200000e+02   1.0000000e+00   1.1758578e-03
   1.6300000e+02   1.0000000e+00   1.1690352e-03
   1.6400000e+02   0.0000000e+00   1.1622522e-03
   1.6500000e+02   3.0000000e+00   1.1555086e-03
   1.6600000e+02   0.0000000e+00   1.1488041e-03
   1.6700000e+02   0.0000000e+00   1.1421385e-03
   1.6800000e+02   1.0000000e+00   1.1355116e-03
   1.6900000e+02   1.0000000e+00   1.1289231e-03
   1.7000000e+02   0.0000000e+00   1.1223729e-03
   1.7100000e+02   1.0000000e+00   1.1158607e-03
   1.7200000e+02   1.0000000e+00   1.1093862e-03
   1.7300000e+02   0.0000000e+00   1.1029494e-03
   1.7400000e+02   1.0000000e+00   1.0965499e-03
   1.7500000e+02   0.0000000e+00   1.0901875e-03
   1.7600000e+02   0.0000000e+00   1.0838621e-03
   1.7700000e+02   0.0000000e+00   1.0775734e-03
   1.7800000e+02   0.0000000e+00   1.0713211e-03
   1.7900000e+02   1.0000000e+00   1.0651051e-03
   1.8000000e+02   0.0000000e+00   1.0589252e-03
   1.8100000e+02   0.0000000e+00   1.0527812e-03
   1.8200000e+02   0.0000000e+00   1.0466728e-03
   1.8300000e+02   0.0000000e+00   1.0405999e-03
   1.8400000e+02   1.0000000e+00   1.0345622e-03
   1.8500000e+02   1.0000000e+00   1.0285595e-03
   1.8600000e+02   0.0000000e+00   1.0225916e-03
   1.8700000e+02   0.0000000e+00   1.0166584e-03
   1.8800000e+02   1.0000000e+00   1.0107596e-03
   1.8900000e+02   0.0000000e+00   1.0048950e-03
   1.9000000e+02   0.0000000e+00   9.9906451e-04
   1.9100000e+02   0.0000000e+00   9.9326780e-04
   1.9200000e+02   1.0000000e+00   9.8750472e-04
   1.9300000e+02   0.0000000e+00   9.8177509e-04
   1.9400000e+02   0.0000000e+00   9.7607870e-04
   1.9500000e+02   1.0000000e+00   9.7041536e-04
   1.9600000e+02   0.0000000e+00   9.6478488e-04
   1.9700000e+02   0.0000000e+00   9.5918707e-04
   1.9800000e+02   0.0000000e+00   9.5362174e-04
   1.9900000e+02   1.0000000e+00   9.4808870e-04
   2.0000000e+02   0.0000000e+00   9.4258776e-04
   2.0100000e+02   0.0000000e+00   9.3711874e-04
   2.0200000e+02   1.0000000e+00   9.3168145e-04
   2.0300000e+02   0.0000000e+00   9.2627571e-04
   2.0400000e+02   0.0000000e+00   9.2090134e-04
   2.0500000e+02   1.0000000e+00   9.1555815e-04
   2.0600000e+02   1.0000000e+00   9.1024596e-04
   2.0700000e+02   0.0000000e+00   9.0496459e-04
   2.0800000e+02   1.0000000e+00   8.9971387e-04
   2.0900000e+02   1.0000000e+00   8.9449361e-04
   2.1000000e+02   0.0000000e+00   8.8930364e-04
   2.1100000e+02   1.0000000e+00   8.8414379e-04
   2.1200000e+02   0.0000000e+00   8.7901387e-04
   2.1300000e+02   0.0000000e+00   8.7391372e-04
   2.1400000e+02   0.0000000e+00   8.6884315e-04
   2.1500000e+02   1.0000000e+00   8.6380201e-04
   2.1600000e+02   1.0000000e+00   8.5879012e-04
   2.1700000e+02   0.0000000e+00   8.5380731e-04
   2.1800000e+02   0.0000000e+00   8.4885341e-04
   2.1900000e+02   1.0000000e+00   8.4392825e-04
   2.2000000e+02   0.0000000e+00   8.3903167e-04
   2.2100000e+02   2.0000000e+00   8.3416350e-04
   2.2200000e+02   1.0000000e+00   8.2932357e-04
   2.2300000e+02   2.0000000e+00   8.2451173e-04
   2.2400000e+02   0.0000000e+00   8.1972780e-04
   2.2500000e+02   0.0000000e+00   8.1497164e-04
   2.2600000e+02   1.0000000e+00   8.1024306e-04
   2.2700000e+02   1.0000000e+00   8.0554193e-04
   2.2800000e+02   0.0000000e+00   8.0086807e-04
   2.2900000e+02   0.0000000e+00   7.9622133e-04
   2.3000000e+02   0.0000000e+00   7.9160155e-04
   2.3100000e+02   0.0000000e+00   7.8700857e-04
   2.3200000e+02   2.0000000e+00   7.8244225e-04
   2.3300000e+02   1.0000000e+00   7.7790242e-04
   2.3400000e+02   0.0000000e+00   7.7338892e-04
   2.3500000e+02   0.0000000e+00   7.6890162e-04
   2.3600000e+02   2.0000000e+00   7.6444035e-04
   2.3700000e+02   1.0000000e+00   7.6000497e-04
   2.3800000e+02   0.0000000e+00   7.5559532e-04
   2.3900000e+02   1.0000000e+00   7.5121126e-04
   2.4000000e+02   2.0000000e+00   7.4685264e-04
   2.4100000e+02   0.0000000e+00   7.4251930e-04
   2.4200000e+02   0.0000000e+00   7.3821111e-04
   2.4300000e+02   0.0000000e+00   7.3392791e-04
   2.4400000e+02   0.0000000e+00   7.2966956e-04
   2.4500000e+02   0.0000000e+00   7.2543593e-04
   2.4600000e+02   0.0000000e+00   7.2122685e-04
   2.4700000e+02   0.0000000e+00   7.1704220e-04
   2.4800000e+02   0.0000000e+00   7.1288183e-04
   2.4900000e+02   1.0000000e+00   7.0874560e-04
   2.5000000e+02   0.0000000e+00   7.0463336e-04
   2.5100000e+02   0.0000000e+00   7.0054499e-04
   2.5200000e+02   0.0000000e+00   6.9648033e-04
   2.5300000e+02   1.0000000e+00   6.9243926e-04
   2.5400000e+02   1.0000000e+00   6.8842164e-04
   2.5500000e+02   1.0000000e+00   6.8442733e-04
   2.5600000e+02   0.0000000e+00   6.8045619e-04
   2.5700000e+02   0.0000000e+00   6.7650810e-04
   2.5800000e+02   0.0000000e+00   6.7258291e-04
   2.5900000e+02   0.0000000e+00   6.6868050e-04
   2.6000000e+02   0.0000000e+00   6.6480073e-04
   2.6100000e+02   0.0000000e+00   6.6094347e-04
   2.6200000e+02   0.0000000e+00   6.5710859e-04
   2.6300000e+02   0.0000000e+00   6.5329596e-04
   2.6400000e+02   0.0000000e+00   6.4950545e-04
   2.6500000e+02   0.0000000e+00   6.4573693e-04
   2.6600000e+02   1.0000000e+00   6.4199028e-04
   2.6700000e+02   0.0000000e+00   6.3826537e-04
   2.6800000e+02   0.0000000e+00   6.3456207e-04
   2.6900000e+02   1.0000000e+00   6.3088026e-04
   2.7000000e+02   0.0000000e+00   6.2721981e-04
   2.7100000e+02   0.0000000e+00   6.2358060e-04
   2.7200000e+02   1.0000000e+00   6.1996251e-04
   2.7300000e+02   0.0000000e+00   6.1636540e-04
   2.7400000e+02   1.0000000e+00   6.1278917e-04
   2.7500000e+02   0.0000000e+00   6.0923369e-04
   2.7600000e+02   0.0000000e+00   6.0569883e-04
   2.7700000e+02   1.0000000e+00   6.0218449e-04
   2.7800000e+02   0.0000000e+00   5.9869054e-04
   2.7900000e+02   0.0000000e+00   5.9521686e-04
   2.8000000e+02   0.0000000e+00   5.9176333e-04
   2.8100000e+02   0.0000000e+00   5.8832984e-04
   2.8200000e+02   0.0000000e+00   5.8491628e-04
   2.8300000e+02   0.0000000e+00   5.8152252e-04
   2.8400000e+02   0.0000000e+00   5.7814845e-04
   2.8500000e+02   0.0000000e+00   5.7479396e-04
   2.8600000e+02   0.0000000e+00   5.7145893e-04
   2.8700000e+02   0.0000000e+00   5.6814325e-04
   2.8800000e+02   0.0000000e+00   5.6484681e-04
   2.8900000e+02   0.0000000e+00   5.6156949e-04
   2.9000000e+02   1.0000000e+00   5.5831119e-04
   2.9100000e+02   0.0000000e+00   5.5507180e-04
   2.9200000e+02   0.0000000e+00   5.5185120e-04
   2.9300000e+02   0.0000000e+00   5.4864929e-04
   2.9400000e+02   1.0000000e+00   5.4546595e-04
   2.9500000e+02   0.0000000e+00   5.4230109e-04
   2.9600000e+02   0.0000000e+00   5.3915459e-04
   2.9700000e+02   0.0000000e+00   5.3602634e-04
   2.9800000e+02   0.0000000e+00   5.3291625e-04
   2.9900000e+02   0.0000000e+00   5.2982420e-04
   3.0000000e+02   0.0000000e+00   5.2675009e-04
   3.0100000e+02   0.0000000e+00   5.2369382e-04
   3.0200000e+02   0.0000000e+00   5.2065528e-04
   3.0300000e+02   0.0000000e+00   5.1763437e-04
   3.0400000e+02   0.0000000e+00   5.1463099e-04
   3.0500000e+02   0.0000000e+00   5.1164503e-04
   3.0600000e+02   0.0000000e+00   5.0867640e-04
   3.0700000e+02   1.0000000e+00   5.0572499e-04
   3.0800000e+02   0.0000000e+00   5.0279071e-04
   3.0900000e+02   0.0000000e+00   4.9987345e-04
   3.1000000e+02   0.0000000e+00   4.9697312e-04
   3.1100000e+02   0.0000000e+00   4.9408962e-04
   3.1200000e+02   0.0000000e+00   4.9122285e-04
   3.1300000e+02   0.0000000e+00   4.8837271e-04
   3.1400000e+02   0.0000000e+00   4.8553911e-04
   3.1500000e+02   0.0000000e+00   4.8272195e-04
   3.1600000e+02   0.0000000e+00   4.7992113e-04
   3.1700000e+02   0.0000000e+00   4.7713657e-04
   3.1800000e+02   0.0000000e+00   4.7436816e-04
   3.1900000e+02   0.0000000e+00   4.7161581e-04
   3.2000000e+02   1.0000000e+00   4.6887943e-04
   3.2100000e+02   0.0000000e+00   4.6615894e-04
   3.2200000e+02   1.0000000e+00   4.6345422e-04
   3.2300000e+02   0.0000000e+00   4.6076520e-04
   3.2400000e+02   0.0000000e+00   4.5809178e-04
   3.2500000e+02   0.0000000e+00   4.5543387e-04
   3.2600000e+02   0.0000000e+00   4.5279138e-04
   3.2700000e+02   1.0000000e+00   4.5016423e-04
   3.2800000e+02   0.0000000e+00   4.4755232e-04
   3.2900000e+02   0.0000000e+00   4.4495556e-04
   3.3000000e+02   1.0000000e+00   4.4237387e-04
   3.3100000e+02   0.0000000e+00   4.3980716e-04
   3.3200000e+02   0.0000000e+00   4.3725534e-04
   3.3300000e+02   0.0000000e+00   4.3471833e-04
   3.3400000e+02   0.0000000e+00   4.3219604e-04
   3.3500000e+02   0.0000000e+00   4.2968838e-04
   3.3600000e+02   0.0000000e+00   4.2719527e-04
   3.3700000e+02   1.0000000e+00   4.2471663e-04
   3.3800000e+02   1.0000000e+00   4.2225237e-04
   3.3900000e+02   0.0000000e+00   4.1980241e-04
   3.4000000e+02   0.0000000e+00   4.1736666e-04
   3.4100000e+02   1.0000000e+00   4.1494504e-04
   3.4200000e+02   0.0000000e+00   4.1253748e-04
   3.4300000e+02   0.0000000e+00   4.1014388e-04
   3.4400000e+02   0.0000000e+00   4.0776417e-04
   3.4500000e+02   0.0000000e+00   4.0539827e-04
   3.4600000e+02   0.0000000e+00   4.0304610e-04
   3.4700000e+02   0.0000000e+00   4.0070757e-04
   3.4800000e+02   0.0000000e+00   3.9838262e-04
   3.4900000e+02   0.0000000e+00   3.9607115e-04
   3.5000000e+02   0.0000000e+00   3.9377309e-04
   3.5100000e+02   0.0000000e+00   3.9148837e-04
   3.5200000e+02   0.0000000e+00   3.8921690e-04
   3.5300000e+02   0.0000000e+00   3.8695861e-04
   3.5400000e+02   1.0000000e+00   3.8471343e-04
   3.5500000e+02   0.0000000e+00   3.8248127e-04
   3.5600000e+02   0.0000000e+00   3.8026207e-04
   3.5700000e+02   0.0000000e+00   3.7805574e-04
   3.5800000e+02   0.0000000e+00   3.7586221e-04
   3.5900000e+02   0.0000000e+00   3.7368141e-04
   3.6000000e+02   0.0000000e+00   3.7151326e-04
   3.6100000e+02   0.0000000e+00   3.6935769e-04
   3.6200000e+02   0.0000000e+00   3.6721463e-04
   3.6300000e+02   0.0000000e+00   3.6508400e-04
   3.6400000e+02   0.0000000e+00   3.6296574e-04
   3.6500000e+02   0.0000000e+00   3.6085976e-04
   3.6600000e+02   0.0000000e+00   3.5876601e-04
   3.6700000e+02   0.0000000e+00   3.5668440e-04
   3.6800000e+02   0.0000000e+00   3.5461487e-04
   3.6900000e+02   0.0000000e+00   3.5255735e-04
   3.7000000e+02   1.0000000e+00   3.5051177e-04
   3.7100000e+02   0.0000000e+00   3.4847805e-04
   3.7200000e+02   0.0000000e+00   3.4645614e-04
   3.7300000e+02   0.0000000e+00   3.4444595e-04
   3.7400000e+02   0.0000000e+00   3.4244743e-04
   3.7500000e+02   0.0000000e+00   3.4046051e-04
   3.7600000e+02   0.0000000e+00   3.3848511e-04
   3.7700000e+02   0.0000000e+00   3.3652118e-04
   3.7800000e+02   0.0000000e+00   3.3456864e-04
   3.7900000e+02   1.0000000e+00   3.3262743e-04
   3.8000000e+02   0.0000000e+00   3.3069748e-04
   3.8100000e+02   0.0000000e+00   3.2877873e-04
   3.8200000e+02   0.0000000e+00   3.2687111e-04
   3.8300000e+02   0.0000000e+00   3.2497456e-04
   3.8400000e+02   0.0000000e+00   3.2308902e-04
   3.8500000e+02   0.0000000e+00   3.2121441e-04
   3.8600000e+02   0.0000000e+00   3.1935069e-04
   3.8700000e+02   0.0000000e+00   3.1749777e-04
   3.8800000e+02   0.0000000e+00   3.1565561e-04
   3.8900000e+02   0.0000000e+00   3.1382413e-04
   3.9000000e+02   0.0000000e+00   3.1200329e-04
   3.9100000e+02   1.0000000e+00   3.1019300e-04
   3.9200000e+02   0.0000000e+00   3.0839322e-04
   3.9300000e+02   0.0000000e+00   3.0660388e-04
   3.9400000e+02   0.0000000e+00   3.0482493e-04
   3.9500000e+02   0.0000000e+00   3.0305630e-04
   3.9600000e+02   0.0000000e+00   3.0129792e-04
   3.9700000e+02   0.0000000e+00   2.9954975e-04
   3.9800000e+02   0.0000000e+00   2.9781173e-04
   3.9900000e+02   2.0000000e+00   2.9608378e-04
   4.0000000e+02   0.0000000e+00   2.9436587e-04
   4.0100000e+02   0.0000000e+00   2.9265792e-04
   4.0200000e+02   0.0000000e+00   2.9095988e-04
   4.0300000e+02   0.0000000e+00   2.8927169e-04
   4.0400000e+02   0.0000000e+00   2.8759330e-04
   4.0500000e+02   0.0000000e+00   2.8592465e-04
   4.0600000e+02   0.0000000e+00   2.8426567e-04
   4.0700000e+02   0.0000000e+00   2.8261633e-04
   4.0800000e+02   0.0000000e+00   2.8097655e-04
   4.0900000e+02   0.0000000e+00   2.7934629e-04
   4.1000000e+02   0.0000000e+00   2.7772549e-04
   4.1100000e+02   0.0000000e+00   2.7611409e-04
   4.1200000e+02   0.0000000e+00   2.7451204e-04
   4.1300000e+02   0.0000000e+00   2.7291928e-04
   4.1400000e+02   0.0000000e+00   2.7133577e-04
   4.1500000e+02   0.0000000e+00   2.6976144e-04
   4.1600000e+02   1.0000000e+00   2.6819625e-04
   4.1700000e+02   0.0000000e+00   2.6664014e-04
   4.1800000e+02   1.0000000e+00   2.6509306e-04
   4.1900000e+02   0.0000000e+00   2.6355496e-04
   4.2000000e+02   0.0000000e+00   2.6202578e-04
   4.2100000e+02   0.0000000e+00   2.6050547e-04
   4.2200000e+02   0.0000000e+00   2.5899398e-04
   4.2300000e+02   0.0000000e+00   2.5749127e-04
   4.2400000e+02   0.0000000e+00   2.5599727e-04
   4.2500000e+02   0.0000000e+00   2.5451194e-04
   4.2600000e+02   0.0000000e+00   2.5303523e-04
   4.2700000e+02   0.0000000e+00   2.5156708e-04
   4.2800000e+02   0.0000000e+00   2.5010746e-04
   4.2900000e+02   0.0000000e+00   2.4865630e-04
   4.3000000e+02   0.0000000e+00   2.4721357e-04
   4.3100000e+02   0.0000000e+00   2.4577920e-04
   4.3200000e+02   0.0000000e+00   2.4435316e-04
   4.3300000e+02   0.0000000e+00   2.4293539e-04
   4.3400000e+02   0.0000000e+00   2.4152585e-04
   4.3500000e+02   0.0000000e+00   2.4012448e-04
   4.3600000e+02   0.0000000e+00   2.3873125e-04
   4.3700000e+02   0.0000000e+00   2.3734610e-04
   4.3800000e+02   1.0000000e+00   2.3596899e-04
   4.3900000e+02   0.0000000e+00   2.3459986e-04
   4.4000000e+02   0.0000000e+00   2.3323869e-04
   4.4100000e+02   1.0000000e+00   2.3188540e-04
   4.4200000e+02   0.0000000e+00   2.3053997e-04
   4.4300000e+02   0.0000000e+00   2.2920235e-04
   4.4400000e+02   0.0000000e+00   2.2787249e-04
   4.4500000e+02   0.0000000e+00   2.2655034e-04
   4.4600000e+02   0.0000000e+00   2.2523587e-04
   4.4700000e+02   0.0000000e+00   2.2392902e-04
   4.4800000e+02   0.0000000e+00   2.2262976e-04
   4.4900000e+02   0.0000000e+00   2.2133803e-04
   4.5000000e+02   0.0000000e+00   2.2005380e-04
   4.5100000e+02   0.0000000e+00   2.1877702e-04
   4.5200000e+02   0.0000000e+00   2.1750764e-04
   4.5300000e+02   0.0000000e+00   2.1624564e-04
   4.5400000e+02   0.0000000e+00   2.1499095e-04
   4.5500000e+02   0.0000000e+00   2.1374355e-04
   4.5600000e+02   0.0000000e+00   2.1250338e-04
   4.5700000e+02   0.0000000e+00   2.1127041e-04
   4.5800000e+02   0.0000000e+00   2.1004459e-04
   4.5900000e+02   0.0000000e+00   2.0882588e-04
   4.6000000e+02   0.0000000e+00   2.0761425e-04
   4.6100000e+02   0.0000000e+00   2.0640964e-04
   4.6200000e+02   0.0000000e+00   2.0521203e-04
   4.6300000e+02   0.0000000e+00   2.0402136e-04
   4.6400000e+02   0.0000000e+00   2.0283760e-04
   4.6500000e+02   0.0000000e+00   2.0166071e-04
   4.6600000e+02   0.0000000e+00   2.0049065e-04
   4.6700000e+02   0.0000000e+00   1.9932738e-04
   4.6800000e+02   0.0000000e+00   1.9817085e-04
   4.6900000e+02   1.0000000e+00   1.9702104e-04
   4.7000000e+02   0.0000000e+00   1.9587790e-04
   4.7100000e+02   0.0000000e+00   1.9474139e-04
   4.7200000e+02   1.0000000e+00   1.9361147e-04
   4.7300000e+02   0.0000000e+00   1.9248812e-04
   4.7400000e+02   0.0000000e+00   1.9137127e-04
   4.7500000e+02   0.0000000e+00   1.9026091e-04
   4.7600000e+02   0.0000000e+00   1.8915699e-04
   4.7700000e+02   1.0000000e+00   1.8805948e-04
   4.7800000e+02   0.0000000e+00   1.8696834e-04
   4.7900000e+02   0.0000000e+00   1.8588352e-04
   4.8000000e+02   0.0000000e+00   1.8480500e-04
   4.8100000e+02   0.0000000e+00   1.8373274e-04
   4.8200000e+02   0.0000000e+00   1.8266670e-04
   4.8300000e+02   0.0000000e+00   1.8160684e-04
   4.8400000e+02   0.0000000e+00   1.8055313e-04
   4.8500000e+02   0.0000000e+00   1.7950554e-04
   4.8600000e+02   0.0000000e+00   1.7846403e-04
   4.8700000e+02   0.0000000e+00   1.7742856e-04
   4.8800000e+02   0.0000000e+00   1.7639909e-04
   4.8900000e+02   0.0000000e+00   1.7537560e-04
   4.9000000e+02   1.0000000e+00   1.7435805e-04
   4.9100000e+02   1.0000000e+00   1.7334640e-04
   4.9200000e+02   0.0000000e+00   1.7234062e-04
   4.9300000e+02   0.0000000e+00   1.7134068e-04
   4.9400000e+02   1.0000000e+00   1.7034654e-04
   4.9500000e+02   0.0000000e+00   1.6935817e-04
   4.9600000e+02   0.0000000e+00   1.6837553e-04
   4.9700000e+02   0.0000000e+00   1.6739859e-04
   4.9800000e+02   1.0000000e+00   1.6642732e-04
   4.9900000e+02   0.0000000e+00   1.6546169e-04
   5.0000000e+02   0.0000000e+00   1.6450166e-04
   5.0100000e+02   0.0000000e+00   1.6354720e-04
   5.0200000e+02   0.0000000e+00   1.6259828e-04
   5.0300000e+02   0.0000000e+00   1.6165486e-04
   5.0400000e+02   0.0000000e+00   1.6071692e-04
   5.0500000e+02   0.0000000e+00   1.5978442e-04
   5.0600000e+02   0.0000000e+00   1.5885733e-04
   5.0700000e+02   0.0000000e+00   1.5793562e-04
   5.0800000e+02   1.0000000e+00   1.5701925e-04
   5.0900000e+02   0.0000000e+00   1.5610821e-04
   5.1000000e+02   0.0000000e+00   1.5520245e-04
   5.1100000e+02   0.0000000e+00   1.5430194e-04
   5.1200000e+02   0.0000000e+00   1.5340666e-04
   5.1300000e+02   0.0000000e+00   1.5251658e-04
   5.1400000e+02   0.0000000e+00   1.5163166e-04
   5.1500000e+02   0.0000000e+00   1.5075187e-04
   5.1600000e+02   0.0000000e+00   1.4987719e-04
   5.1700000e+02   0.0000000e+00   1.4900758e-04
   5.1800000e+02   0.0000000e+00   1.4814302e-04
   5.1900000e+02   0.0000000e+00   1.4728348e-04
   5.2000000e+02   0.0000000e+00   1.4642892e-04
   5.2100000e+02   0.0000000e+00   1.4557932e-04
   5.2200000e+02   0.0000000e+00   1.4473465e-04
   5.2300000e+02   0.0000000e+00   1.4389488e-04
   5.2400000e+02   0.0000000e+00   1.4305998e-04
   5.2500000e+02   0.0000000e+00   1.4222993e-04
   5.2600000e+02   0.0000000e+00   1.4140469e-04
   5.2700000e+02   0.0000000e+00   1.4058424e-04
   5.2800000e+02   0.0000000e+00   1.3976856e-04
   5.2900000e+02   0.0000000e+00   1.3895760e-04
   5.3000000e+02   0.0000000e+00   1.3815135e-04
   5.3100000e+02   0.0000000e+00   1.3734978e-04
   5.3200000e+02   0.0000000e+00   1.3655286e-04
   5.3300000e+02   0.0000000e+00   1.3576056e-04
   5.3400000e+02   0.0000000e+00   1.3497286e-04
   5.3500000e+02   0.0000000e+00   1.3418973e-04
   5.3600000e+02   0.0000000e+00   1.3341114e-04
   5.3700000e+02   0.0000000e+00   1.3263707e-04
   5.3800000e+02   0.0000000e+00   1.3186750e-04
   5.3900000e+02   0.0000000e+00   1.3110238e-04
   5.4000000e+02   0.0000000e+00   1.3034171e-04
   5.4100000e+02   0.0000000e+00   1.2958545e-04
   5.4200000e+02   0.0000000e+00   1.2883358e-04
   5.4300000e+02   0.0000000e+00   1.2808607e-04
   5.4400000e+02   0.0000000e+00   1.2734290e-04
   5.4500000e+02   0.0000000e+00   1.2660404e-04
   5.4600000e+02   0.0000000e+00   1.2586947e-04
   5.4700000e+02   0.0000000e+00   1.2513915e-04
   5.4800000e+02   0.0000000e+00   1.2441308e-04
   5.4900000e+02   0.0000000e+00   1.2369122e-04
   5.5000000e+02   1.0000000e+00   1.2297355e-04
   5.5100000e+02   0.0000000e+00   1.2226004e-04
   5.5200000e+02   0.0000000e+00   1.2155067e-04
   5.5300000e+02   0.0000000e+00   1.2084542e-04
   5.5400000e+02   0.0000000e+00   1.2014426e-04
   5.5500000e+02   0.0000000e+00   1.1944716e-04
   5.5600000e+02   0.0000000e+00   1.1875412e-04
   5.5700000e+02   0.0000000e+00   1.1806509e-04
   5.5800000e+02   0.0000000e+00   1.1738006e-04
   5.5900000e+02   1.0000000e+00   1.1669901e-04
   5.6000000e+02   0.0000000e+00   1.1602190e-04
   5.6100000e+02   0.0000000e+00   1.1534873e-04
   5.6200000e+02   0.0000000e+00   1.1467946e-04
   5.6300000e+02   0.0000000e+00   1.1401408e-04
   5.6400000e+02   0.0000000e+00   1.1335255e-04
   5.6500000e+02   0.0000000e+00   1.1269486e-04
   5.6600000e+02   0.0000000e+00   1.1204099e-04
   5.6700000e+02   0.0000000e+00   1.1139092e-04
   5.6800000e+02   1.0000000e+00   1.1074461e-04
   5.6900000e+02   0.0000000e+00   1.1010206e-04
   5.7000000e+02   0.0000000e+00   1.0946323e-04
   5.7100000e+02   0.0000000e+00   1.0882811e-04
   5.7200000e+02   0.0000000e+00   1.0819668e-04
   5.7300000e+02   0.0000000e+00   1.0756891e-04
   5.7400000e+02   1.0000000e+00   1.0694478e-04
   5.7500000e+02   0.0000000e+00   1.0632427e-04
   5.7600000e+02   0.0000000e+00   1.0570736e-04
   5.7700000e+02   0.0000000e+00   1.0509403e-04
   5.7800000e+02   0.0000000e+00   1.0448427e-04
   5.7900000e+02   0.0000000e+00   1.0387803e-04
   5.8000000e+02   0.0000000e+00   1.0327532e-04
   5.8100000e+02   0.0000000e+00   1.0267610e-04
   5.8200000e+02   0.0000000e+00   1.0208036e-04
   5.8300000e+02   0.0000000e+00   1.0148808e-04
   5.8400000e+02   1.0000000e+00   1.0089923e-04
   5.8500000e+02   0.0000000e+00   1.0031380e-04
   5.8600000e+02   0.0000000e+00   9.9731769e-05
   5.8700000e+02   1.0000000e+00   9.9153112e-05
   5.8800000e+02   0.0000000e+00   9.8577813e-05
   5.8900000e+02   0.0000000e+00   9.8005852e-05
   5.9000000e+02   0.0000000e+00   9.7437209e-05
   5.9100000e+02   0.0000000e+00   9.6871866e-05
   5.9200000e+02   0.0000000e+00   9.6309802e-05
   5.9300000e+02   1.0000000e+00   9.5751000e-05
   5.9400000e+02   0.0000000e+00   9.5195441e-05
   5.9500000e+02   0.0000000e+00   9.4643104e-05
   5.9600000e+02   0.0000000e+00   9.4093973e-05
   5.9700000e+02   0.0000000e+00   9.3548027e-05
   5.9800000e+02   0.0000000e+00   9.3005249e-05
   5.9900000e+02   0.0000000e+00   9.2465621e-05
   6.0000000e+02   0.0000000e+00   9.1929123e-05
   6.0100000e+02   0.0000000e+00   9.1395739e-05
   6.0200000e+02   0.0000000e+00   9.0865449e-05
   6.0300000e+02   0.0000000e+00   9.0338235e-05
   6.0400000e+02   0.0000000e+00   8.9814081e-05
   6.0500000e+02   0.0000000e+00   8.9292968e-05
   6.0600000e+02   0.0000000e+00   8.8774879e-05
   6.0700000e+02   0.0000000e+00   8.8259795e-05
   6.0800000e+02   0.0000000e+00   8.7747701e-05
   6.0900000e+02   0.0000000e+00   8.7238577e-05
   6.1000000e+02   0.0000000e+00   8.6732407e-05
   6.1100000e+02   0.0000000e+00   8.6229175e-05
   6.1200000e+02   0.0000000e+00   8.5728862e-05
   6.1300000e+02   0.0000000e+00   8.5231452e-05
   6.1400000e+02   0.0000000e+00   8.4736928e-05
   6.1500000e+02   0.0000000e+00   8.4245273e-05
   6.1600000e+02   0.0000000e+00   8.3756471e-05
   6.1700000e+02   0.0000000e+00   8.3270505e-05
   6.1800000e+02   0.0000000e+00   8.2787359e-05
   6.1900000e+02   1.0000000e+00   8.2307016e-05
   6.2000000e+02   0.0000000e+00   8.1829460e-05
   6.2100000e+02   0.0000000e+00   8.1354675e-05
   6.2200000e+02   0.0000000e+00   8.0882644e-05
   6.2300000e+02   0.0000000e+00   8.0413353e-05
   6.2400000e+02   0.0000000e+00   7.9946784e-05
   6.2500000e+02   0.0000000e+00   7.9482922e-05
   6.2600000e+02   0.0000000e+00   7.9021752e-05
   6.2700000e+02   0.0000000e+00   7.8563258e-05
   6.2800000e+02   0.0000000e+00   7.8107423e-05
   6.2900000e+02   0.0000000e+00   7.7654234e-05
   6.3000000e+02   0.0000000e+00   7.7203674e-05
   6.3100000e+02   0.0000000e+00   7.6755728e-05
   6.3200000e+02   0.0000000e+00   7.6310382e-05
   6.3300000e+02   0.0000000e+00   7.5867619e-05
   6.3400000e+02   1.0000000e+00   7.5427425e-05
   6.3500000e+02   0.0000000e+00   7.4989785e-05
   6.3600000e+02   0.0000000e+00   7.4554685e-05
   6.3700000e+02   0.0000000e+00   7.4122109e-05
   6.3800000e+02   0.0000000e+00   7.3692043e-05
   6.3900000e+02   0.0000000e+00   7.3264472e-05
   6.4000000e+02   0.0000000e+00   7.2839382e-05
   6.4100000e+02   0.0000000e+00   7.2416758e-05
   6.4200000e+02   0.0000000e+00   7.1996587e-05
   6.4300000e+02   0.0000000e+00   7.1578853e-05
   6.4400000e+02   0.0000000e+00   7.1163543e-05
   6.4500000e+02   0.0000000e+00   7.0750643e-05
   6.4600000e+02   0.0000000e+00   7.0340139e-05
   6.4700000e+02   0.0000000e+00   6.9932016e-05
   6.4800000e+02   0.0000000e+00   6.9526262e-05
   6.4900000e+02   0.0000000e+00   6.9122861e-05
   6.5000000e+02   0.0000000e+00   6.8721801e-05
   6.5100000e+02   0.0000000e+00   6.8323069e-05
   6.5200000e+02   0.0000000e+00   6.7926649e-05
   6.5300000e+02   0.0000000e+00   6.7532530e-05
   6.5400000e+02   0.0000000e+00   6.7140697e-05
   6.5500000e+02   0.0000000e+00   6.6751138e-05
   6.5600000e+02   0.0000000e+00   6.6363840e-05
   6.5700000e+02   0.0000000e+00   6.5978788e-05
   6.5800000e+02   0.0000000e+00   6.5595970e-05
   6.5900000e+02   0.0000000e+00   6.5215374e-05
   6.6000000e+02   0.0000000e+00   6.4836986e-05
   6.6100000e+02   0.0000000e+00   6.4460793e-05
   6.6200000e+02   0.0000000e+00   6.4086783e-05
   6.6300000e+02   0.0000000e+00   6.3714944e-05
   6.6400000e+02   0.0000000e+00   6.3345261e-05
   6.6500000e+02   0.0000000e+00   6.2977724e-05
   6.6600000e+02   0.0000000e+00   6.2612319e-05
   6.6700000e+02   0.0000000e+00   6.2249034e-05
   6.6800000e+02   0.0000000e+00   6.1887857e-05
   6.6900000e+02   0.0000000e+00   6.1528776e-05
   6.7000000e+02   0.0000000e+00   6.1171778e-05
   6.7100000e+02   0.0000000e+00   6.0816851e-05
   6.7200000e+02   0.0000000e+00   6.0463984e-05
   6.7300000e+02   0.0000000e+00   6.0113164e-05
   6.7400000e+02   0.0000000e+00   5.9764380e-05
   6.7500000e+02   0.0000000e+00   5.9417619e-05
   6.7600000e+02   0.0000000e+00   5.9072870e-05
   6.7700000e+02   0.0000000e+00   5.8730122e-05
   6.7800000e+02   0.0000000e+00   5.8389362e-05
   6.7900000e+02   0.0000000e+00   5.8050579e-05
   6.8000000e+02   0.0000000e+00   5.7713762e-05
   6.8100000e+02   0.0000000e+00   5.7378899e-05
   6.8200000e+02   0.0000000e+00   5.7045980e-05
   6.8300000e+02   0.0000000e+00   5.6714991e-05
   6.8400000e+02   0.0000000e+00   5.6385924e-05
   6.8500000e+02   0.0000000e+00   5.6058765e-05
   6.8600000e+02   0.0000000e+00   5.5733505e-05
   6.8700000e+02   0.0000000e+00   5.5410132e-05
   6.8800000e+02   0.0000000e+00   5.5088635e-05
   6.8900000e+02   0.0000000e+00   5.4769004e-05
   6.9000000e+02   0.0000000e+00   5.4451227e-05
   6.9100000e+02   0.0000000e+00   5.4135294e-05
   6.9200000e+02   0.0000000e+00   5.3821194e-05
   6.9300000e+02   0.0000000e+00   5.3508916e-05
   6.9400000e+02   0.0000000e+00   5.3198450e-05
   6.9500000e+02   0.0000000e+00   5.2889786e-05
   6.9600000e+02   0.0000000e+00   5.2582913e-05
   6.9700000e+02   0.0000000e+00   5.2277820e-05
   6.9800000e+02   0.0000000e+00   5.1974497e-05
   6.9900000e+02   0.0000000e+00   5.1672934e-05
   7.0000000e+02   0.0000000e+00   5.1373121e-05
   7.0100000e+02   0.0000000e+00   5.1075048e-05
   7.0200000e+02   0.0000000e+00   5.0778704e-05
   7.0300000e+02   0.0000000e+00   5.0484079e-05
   7.0400000e+02   0.0000000e+00   5.0191164e-05
   7.0500000e+02   0.0000000e+00   4.9899948e-05
   7.0600000e+02   0.0000000e+00   4.9610422e-05
   7.0700000e+02   0.0000000e+00   4.9322576e-05
   7.0800000e+02   0.0000000e+00   4.9036400e-05
   7.0900000e+02   0.0000000e+00   4.8751884e-05
   7.1000000e+02   0.0000000e+00   4.8469020e-05
   7.1100000e+02   0.0000000e+00   4.8187796e-05
   7.1200000e+02   0.0000000e+00   4.7908204e-05
   7.1300000e+02   0.0000000e+00   4.7630235e-05
   7.1400000e+02   0.0000000e+00   4.7353878e-05
   7.1500000e+02   0.0000000e+00   4.7079124e-05
   7.1600000e+02   1.0000000e+00   4.6805965e-05
   7.1700000e+02   0.0000000e+00   4.6534391e-05
   7.1800000e+02   0.0000000e+00   4.6264392e-05
   7.1900000e+02   0.0000000e+00   4.5995960e-05
   7.2000000e+02   0.0000000e+00   4.5729086e-05
   7.2100000e+02   0.0000000e+00   4.5463760e-05
   7.2200000e+02   0.0000000e+00   4.5199973e-05
   7.2300000e+02   0.0000000e+00   4.4937717e-05
   7.2400000e+02   0.0000000e+00   4.4676982e-05
   7.2500000e+02   0.0000000e+00   4.4417761e-05
   7.2600000e+02   0.0000000e+00   4.4160043e-05
   7.2700000e+02   0.0000000e+00   4.3903821e-05
   7.2800000e+02   0.0000000e+00   4.3649085e-05
   7.2900000e+02   0.0000000e+00   4.3395827e-05
   7.3000000e+02   0.0000000e+00   4.3144039e-05
   7.3100000e+02   0.0000000e+00   4.2893712e-05
   7.3200000e+02   0.0000000e+00   4.2644837e-05
   7.3300000e+02   0.0000000e+00   4.2397406e-05
   7.3400000e+02   0.0000000e+00   4.2151411e-05
   7.3500000e+02   0.0000000e+00   4.1906843e-05
   7.3600000e+02   0.0000000e+00   4.1663694e-05
   7.3700000e+02   0.0000000e+00   4.1421956e-05
   7.3800000e+02   0.0000000e+00   4.1181620e-05
   7.3900000e+02   0.0000000e+00   4.0942679e-05
   7.4000000e+02   0.0000000e+00   4.0705124e-05
   7.4100000e+02   0.0000000e+00   4.0468948e-05
   7.4200000e+02   0.0000000e+00   4.0234142e-05
   7.4300000e+02   0.0000000e+00   4.0000698e-05
   7.4400000e+02   0.0000000e+00   3.9768609e-05
   7.4500000e+02   0.0000000e+00   3.9537866e-05
   7.4600000e+02   0.0000000e+00   3.9308462e-05
   7.4700000e+02   0.0000000e+00   3.9080389e-05
   7.4800000e+02   0.0000000e+00   3.8853640e-05
   7.4900000e+02   0.0000000e+00   3.8628206e-05
   7.5000000e+02   0.0000000e+00   3.8404080e-05
   7.5100000e+02   0.0000000e+00   3.8181255e-05
   7.5200000e+02   0.0000000e+00   3.7959722e-05
   7.5300000e+02   0.0000000e+00   3.7739475e-05
   7.5400000e+02   0.0000000e+00   3.7520506e-05
   7.5500000e+02   0.0000000e+00   3.7302807e-05
   7.5600000e+02   0.0000000e+00   3.7086371e-05
   7.5700000e+02   0.0000000e+00   3.6871191e-05
   7.5800000e+02   0.0000000e+00   3.6657260e-05
   7.5900000e+02   0.0000000e+00   3.6444569e-05
   7.6000000e+02   0.0000000e+00   3.6233113e-05
   7.6100000e+02   0.0000000e+00   3.6022884e-05
   7.6200000e+02   0.0000000e+00   3.5813875e-05
   7.6300000e+02   0.0000000e+00   3.5606078e-05
   7.6400000e+02   0.0000000e+00   3.5399487e-05
   7.6500000e+02   0.0000000e+00   3.5194094e-05
   7.6600000e+02   0.0000000e+00   3.4989894e-05
   7.6700000e+02   0.0000000e+00   3.4786878e-05
   7.6800000e+02   0.0000000e+00   3.4585040e-05
   7.6900000e+02   0.0000000e+00   3.4384373e-05
   7.7000000e+02   0.0000000e+00   3.4184870e-05
   7.7100000e+02   0.0000000e+00   3.3986525e-05
   7.7200000e+02   0.0000000e+00   3.3789331e-05
   7.7300000e+02   0.0000000e+00   3.3593281e-05
   7.7400000e+02   0.0000000e+00   3.3398368e-05
   7.7500000e+02   0.0000000e+00   3.3204587e-05
   7.7600000e+02   0.0000000e+00   3.3011929e-05
   7.7700000e+02   0.0000000e+00   3.2820390e-05
   7.7800000e+02   0.0000000e+00   3.2629962e-05
   7.7900000e+02   0.0000000e+00   3.2440638e-05
   7.8000000e+02   0.0000000e+00   3.2252413e-05
   7.8100000e+02   0.0000000e+00   3.2065281e-05
   7.8200000e+02   0.0000000e+00   3.1879234e-05
   7.8300000e+02   0.0000000e+00   3.1694266e-05
   7.8400000e+02   0.0000000e+00   3.1510372e-05
   7.8500000e+02   0.0000000e+00   3.1327545e-05
   7.8600000e+02   0.0000000e+00   3.1145778e-05
   7.8700000e+02   0.0000000e+00   3.0965066e-05
   7.8800000e+02   0.0000000e+00   3.0785403e-05
   7.8900000e+02   0.0000000e+00   3.0606782e-05
   7.9000000e+02   0.0000000e+00   3.0429198e-05
   7.9100000e+02   0.0000000e+00   3.0252644e-05
   7.9200000e+02   0.0000000e+00   3.0077114e-05
   7.9300000e+02   0.0000000e+00   2.9902602e-05
   7.9400000e+02   0.0000000e+00   2.9729104e-05
   7.9500000e+02   0.0000000e+00   2.9556612e-05
   7.9600000e+02   0.0000000e+00   2.9385120e-05
   7.9700000e+02   0.0000000e+00   2.9214624e-05
   7.9800000e+02   0.0000000e+00   2.9045117e-05
   7.9900000e+02   0.0000000e+00   2.8876593e-05
   8.0000000e+02   0.0000000e+00   2.8709048e-05
   8.0100000e+02   0.0000000e+00   2.8542474e-05
   8.0200000e+02   0.0000000e+00   2.8376867e-05
   8.0300000e+02   0.0000000e+00   2.8212221e-05
   8.0400000e+02   0.0000000e+00   2.8048530e-05
   8.0500000e+02   0.0000000e+00   2.7885788e-05
   8.0600000e+02   0.0000000e+00   2.7723991e-05
   8.0700000e+02   0.0000000e+00   2.7563133e-05
   8.0800000e+02   0.0000000e+00   2.7403208e-05
   8.0900000e+02   0.0000000e+00   2.7244211e-05
   8.1000000e+02   0.0000000e+00   2.7086137e-05
   8.1100000e+02   0.0000000e+00   2.6928980e-05
   8.1200000e+02   0.0000000e+00   2.6772734e-05
   8.1300000e+02   0.0000000e+00   2.6617395e-05
   8.1400000e+02   0.0000000e+00   2.6462958e-05
   8.1500000e+02   0.0000000e+00   2.6309416e-05
   8.1600000e+02   0.0000000e+00   2.6156765e-05
   8.1700000e+02   0.0000000e+00   2.6005001e-05
   8.1800000e+02   0.0000000e+00   2.5854116e-05
   8.1900000e+02   0.0000000e+00   2.5704107e-05
   8.2000000e+02   0.0000000e+00   2.5554969e-05
   8.2100000e+02   0.0000000e+00   2.5406695e-05
   8.2200000e+02   0.0000000e+00   2.5259282e-05
   8.2300000e+02   0.0000000e+00   2.5112725e-05
   8.2400000e+02   0.0000000e+00   2.4967017e-05
   8.2500000e+02   0.0000000e+00   2.4822156e-05
   8.2600000e+02   0.0000000e+00   2.4678134e-05
   8.2700000e+02   0.0000000e+00   2.4534948e-05
   8.2800000e+02   0.0000000e+00   2.4392593e-05
   8.2900000e+02   0.0000000e+00   2.4251064e-05
   8.3000000e+02   0.0000000e+00   2.4110357e-05
   8.3100000e+02   0.0000000e+00   2.3970465e-05
   8.3200000e+02   0.0000000e+00   2.3831385e-05
   8.3300000e+02   0.0000000e+00   2.3693113e-05
   8.3400000e+02   0.0000000e+00   2.3555642e-05
   8.3500000e+02   0.0000000e+00   2.3418969e-05
   8.3600000e+02   0.0000000e+00   2.3283089e-05
   8.3700000e+02   0.0000000e+00   2.3147998e-05
   8.3800000e+02   0.0000000e+00   2.3013690e-05
   8.3900000e+02   0.0000000e+00   2.2880162e-05
   8.4000000e+02   0.0000000e+00   2.2747408e-05
   8.4100000e+02   0.0000000e+00   2.2615425e-05
   8.4200000e+02   0.0000000e+00   2.2484207e-05
   8.4300000e+02   0.0000000e+00   2.2353751e-05
   8.4400000e+02   0.0000000e+00   2.2224051e-05
   8.4500000e+02   0.0000000e+00   2.2095105e-05
   8.4600000e+02   0.0000000e+00   2.1966906e-05
   8.4700000e+02   0.0000000e+00   2.1839451e-05
   8.4800000e+02   0.0000000e+00   2.1712736e-05
   8.4900000e+02   0.0000000e+00   2.1586756e-05
   8.5000000e+02   1.0000000e+00   2.1461506e-05
   8.5100000e+02   0.0000000e+00   2.1336984e-05
   8.5200000e+02   0.0000000e+00   2.1213184e-05
   8.5300000e+02   0.0000000e+00   2.1090102e-05
   8.5400000e+02   0.0000000e+00   2.0967735e-05
   8.5500000e+02   0.0000000e+00   2.0846077e-05
   8.5600000e+02   0.0000000e+00   2.0725126e-05
   8.5700000e+02   0.0000000e+00   2.0604876e-05
   8.5800000e+02   0.0000000e+00   2.0485324e-05
   8.5900000e+02   0.0000000e+00   2.0366465e-05
   8.6000000e+02   0.0000000e+00   2.0248296e-05
   8.6100000e+02   0.0000000e+00   2.0130813e-05
   8.6200000e+02   0.0000000e+00   2.0014011e-05
   8.6300000e+02   0.0000000e+00   1.9897887e-05
   8.6400000e+02   0.0000000e+00   1.9782437e-05
   8.6500000e+02   0.0000000e+00   1.9667657e-05
   8.6600000e+02   0.0000000e+00   1.9553543e-05
   8.6700000e+02   0.0000000e+00   1.9440091e-05
   8.6800000e+02   0.0000000e+00   1.9327297e-05
   8.6900000e+02   0.0000000e+00   1.9215157e-05
   8.7000000e+02   0.0000000e+00   1.9103668e-05
   8.7100000e+02   0.0000000e+00   1.8992826e-05
   8.7200000e+02   0.0000000e+00   1.8882627e-05
   8.7300000e+02   0.0000000e+00   1.8773068e-05
   8.7400000e+02   0.0000000e+00   1.8664144e-05
   8.7500000e+02   0.0000000e+00   1.8555852e-05
   8.7600000e+02   0.0000000e+00   1.8448189e-05
   8.7700000e+02   0.0000000e+00   1.8341150e-05
   8.7800000e+02   0.0000000e+00   1.8234732e-05
   8.7900000e+02   0.0000000e+00   1.8128932e-05
   8.8000000e+02   0.0000000e+00   1.8023746e-05
   8.8100000e+02   0.0000000e+00   1.7919170e-05
   8.8200000e+02   0.0000000e+00   1.7815200e-05
   8.8300000e+02   0.0000000e+00   1.7711834e-05
   8.8400000e+02   0.0000000e+00   1.7609068e-05
   8.8500000e+02   0.0000000e+00   1.7506898e-05
   8.8600000e+02   0.0000000e+00   1.7405320e-05
   8.8700000e+02   0.0000000e+00   1.7304332e-05
   8.8800000e+02   0.0000000e+00   1.7203930e-05
   8.8900000e+02   0.0000000e+00   1.7104111e-05
   8.9000000e+02   0.0000000e+00   1.7004871e-05
   8.9100000e+02   0.0000000e+00   1.6906206e-05
   8.9200000e+02   0.0000000e+00   1.6808114e-05
   8.9300000e+02   0.0000000e+00   1.6710591e-05
   8.9400000e+02   0.0000000e+00   1.6613634e-05
   8.9500000e+02   0.0000000e+00   1.6517240e-05
   8.9600000e+02   0.0000000e+00   1.6421405e-05
   8.9700000e+02   0.0000000e+00   1.6326126e-05
   8.9800000e+02   0.0000000e+00   1.6231399e-05
   8.9900000e+02   0.0000000e+00   1.6137223e-05
   9.0000000e+02   0.0000000e+00   1.6043592e-05
   9.0100000e+02   0.0000000e+00   1.5950505e-05
   9.0200000e+02   0.0000000e+00   1.5857958e-05
   9.0300000e+02   0.0000000e+00   1.5765948e-05
   9.0400000e+02   0.0000000e+00   1.5674472e-05
   9.0500000e+02   0.0000000e+00   1.5583527e-05
   9.0600000e+02   0.0000000e+00   1.5493109e-05
   9.0700000e+02   0.0000000e+00   1.5403216e-05
   9.0800000e+02   0.0000000e+00   1.5313845e-05
   9.0900000e+02   0.0000000e+00   1.5224992e-05
   9.1000000e+02   0.0000000e+00   1.5136655e-05
   9.1100000e+02   0.0000000e+00   1.5048830e-05
   9.1200000e+02   0.0000000e+00   1.4961515e-05
   9.1300000e+02   0.0000000e+00   1.4874706e-05
   9.1400000e+02   0.0000000e+00   1.4788401e-05
   9.1500000e+02   0.0000000e+00   1.4702597e-05
   9.1600000e+02   0.0000000e+00   1.4617290e-05
   9.1700000e+02   0.0000000e+00   1.4532479e-05
   9.1800000e+02   0.0000000e+00   1.4448160e-05
   9.1900000e+02   0.0000000e+00   1.4364329e-05
   9.2000000e+02   0.0000000e+00   1.4280986e-05
   9.2100000e+02   0.0000000e+00   1.4198126e-05
   9.2200000e+02   0.0000000e+00   1.4115746e-05
   9.2300000e+02   1.0000000e+00   1.4033845e-05
   9.2400000e+02   0.0000000e+00   1.3952419e-05
   9.2500000e+02   0.0000000e+00   1.3871465e-05
   9.2600000e+02   0.0000000e+00   1.3790981e-05
   9.2700000e+02   0.0000000e+00   1.3710964e-05
   9.2800000e+02   0.0000000e+00   1.3631411e-05
   9.2900000e+02   0.0000000e+00   1.3552320e-05
   9.3000000e+02   0.0000000e+00   1.3473687e-05
   9.3100000e+02   0.0000000e+00   1.3395511e-05
   9.3200000e+02   0.0000000e+00   1.3317789e-05
   9.3300000e+02   0.0000000e+00   1.3240517e-05
   9.3400000e+02   0.0000000e+00   1.3163694e-05
   9.3500000e+02   0.0000000e+00   1.3087317e-05
   9.3600000e+02   0.0000000e+00   1.3011382e-05
   9.3700000e+02   0.0000000e+00   1.2935889e-05
   9.3800000e+02   0.0000000e+00   1.2860833e-05
   9.3900000e+02   0.0000000e+00   1.2786213e-05
   9.4000000e+02   0.0000000e+00   1.2712025e-05
   9.4100000e+02   0.0000000e+00   1.2638269e-05
   9.4200000e+02   0.0000000e+00   1.2564940e-05
   9.4300000e+02   0.0000000e+00   1.2492036e-05
   9.4400000e+02   0.0000000e+00   1.2419556e-05
   9.4500000e+02   0.0000000e+00   1.2347496e-05
   9.4600000e+02   0.0000000e+00   1.2275854e-05
   9.4700000e+02   0.0000000e+00   1.2204628e-05
   9.4800000e+02   0.0000000e+00   1.2133815e-05
   9.4900000e+02   0.0000000e+00   1.2063413e-05
   9.5000000e+02   1.0000000e+00   1.1993420e-05
   9.5100000e+02   0.0000000e+00   1.1923832e-05
   9.5200000e+02   0.0000000e+00   1.1854649e-05
   9.5300000e+02   0.0000000e+00   1.1785867e-05
   9.5400000e+02   0.0000000e+00   1.1717483e-05
   9.5500000e+02   0.0000000e+00   1.1649497e-05
   9.5600000e+02   0.0000000e+00   1.1581905e-05
   9.5700000e+02   0.0000000e+00   1.1514705e-05
   9.5800000e+02   0.0000000e+00   1.1447896e-05
   9.5900000e+02   0.0000000e+00   1.1381473e-05
   9.6000000e+02   0.0000000e+00   1.1315437e-05
   9.6100000e+02   0.0000000e+00   1.1249783e-05
   9.6200000e+02   0.0000000e+00   1.1184510e-05
   9.6300000e+02   0.0000000e+00   1.1119616e-05
   9.6400000e+02   0.0000000e+00   1.1055099e-05
   9.6500000e+02   0.0000000e+00   1.0990956e-05
   9.6600000e+02   0.0000000e+00   1.0927185e-05
   9.6700000e+02   0.0000000e+00   1.0863784e-05
   9.6800000e+02   0.0000000e+00   1.0800751e-05
   9.6900000e+02   0.0000000e+00   1.0738083e-05
   9.7000000e+02   0.0000000e+00   1.0675780e-05
   9.7100000e+02   0.0000000e+00   1.0613837e-05
   9.7200000e+02   0.0000000e+00   1.0552255e-05
   9.7300000e+02   0.0000000e+00   1.0491029e-05
   9.7400000e+02   0.0000000e+00   1.0430159e-05
   9.7500000e+02   0.0000000e+00   1.0369642e-05
   9.7600000e+02   0.0000000e+00   1.0309476e-05
   9.7700000e+02   0.0000000e+00   1.0249659e-05
   9.7800000e+02   0.0000000e+00   1.0190189e-05
   9.7900000e+02   0.0000000e+00   1.0131064e-05
   9.8000000e+02   0.0000000e+00   1.0072282e-05
   9.8100000e+02   0.0000000e+00   1.0013842e-05
   9.8200000e+02   0.0000000e+00   9.9557399e-06
   9.8300000e+02   0.0000000e+00   9.8979754e-06
   9.8400000e+02   0.0000000e+00   9.8405461e-06
   9.8500000e+02   0.0000000e+00   9.7834499e-06
   9.8600000e+02   0.0000000e+00   9.7266851e-06
   9.8700000e+02   0.0000000e+00   9.6702496e-06
   9.8800000e+02   0.0000000e+00   9.6141415e-06
   9.8900000e+02   0.0000000e+00   9.5583590e-06
   9.9000000e+02   0.0000000e+00   9.5029002e-06
   9.9100000e+02   0.0000000e+00   9.4477631e-06
   9.9200000e+02   0.0000000e+00   9.3929460e-06
   9.9300000e+02   0.0000000e+00   9.3384469e-06
   9.9400000e+02   0.0000000e+00   9.2842640e-06
   9.9500000e+02   0.0000000e+00   9.2303955e-06
   9.9600000e+02   0.0000000e+00   9.1768395e-06
   9.9700000e+02   0.0000000e+00   9.1235943e-06
   9.9800000e+02   0.0000000e+00   9.0706581e-06
   9.9900000e+02   0.0000000e+00   9.0180289e-06
   1.0000000e+03   0.0000000e+00   8.9657051e-06
   1.0010000e+03   0.0000000e+00   8.9136849e-06
   1.0020000e+03   0.0000000e+00   8.8619666e-06
   1.0030000e+03   0.0000000e+00   8.8105483e-06
   1.0040000e+03   0.0000000e+00   8.7594284e-06
   1.0050000e+03   0.0000000e+00   8.7086050e-06
   1.0060000e+03   0.0000000e+00   8.6580766e-06
   1.0070000e+03   0.0000000e+00   8.6078413e-06
   1.0080000e+03   0.0000000e+00   8.5578975e-06
   1.0090000e+03   0.0000000e+00   8.5082434e-06
   1.0100000e+03   0.0000000e+00   8.4588775e-06
   1.0110000e+03   0.0000000e+00   8.4097980e-06
   1.0120000e+03   0.0000000e+00   8.3610032e-06
   1.0130000e+03   0.0000000e+00   8.3124916e-06
   1.0140000e+03   0.0000000e+00   8.2642615e-06
   1.0150000e+03   0.0000000e+00   8.2163111e-06
   1.0160000e+03   0.0000000e+00   8.1686390e-06
   1.0170000e+03   0.0000000e+00   8.1212435e-06
   1.0180000e+03   0.0000000e+00   8.0741230e-06
   1.0190000e+03   0.0000000e+00   8.0272759e-06
   1.0200000e+03   0.0000000e+00   7.9807006e-06
   1.0210000e+03   0.0000000e+00   7.9343955e-06
   1.0220000e+03   0.0000000e+00   7.8883591e-06
   1.0230000e+03   0.0000000e+00   7.8425899e-06
   1.0240000e+03   0.0000000e+00   7.7970861e-06
   1.0250000e+03   0.0000000e+00   7.7518464e-06
   1.0260000e+03   0.0000000e+00   7.7068692e-06
   1.0270000e+03   0.0000000e+00   7.6621529e-06
   1.0280000e+03   0.0000000e+00   7.6176961e-06
   1.0290000e+03   0.0000000e+00   7.5734973e-06
   1.0300000e+03   0.0000000e+00   7.5295549e-06
   1.0310000e+03   0.0000000e+00   7.4858674e-06
   1.0320000e+03   0.0000000e+00   7.4424334e-06
   1.0330000e+03   0.0000000e+00   7.3992515e-06
   1.0340000e+03   0.0000000e+00   7.3563200e-06
   1.0350000e+03   0.0000000e+00   7.3136377e-06
   1.0360000e+03   0.0000000e+00   7.2712030e-06
   1.0370000e+03   0.0000000e+00   7.2290146e-06
   1.0380000e+03   0.0000000e+00   7.1870709e-06
   1.0390000e+03   0.0000000e+00   7.1453706e-06
   1.0400000e+03   0.0000000e+00   7.1039122e-06
   1.0410000e+03   0.0000000e+00   7.0626944e-06
   1.0420000e+03   0.0000000e+00   7.0217157e-06
   1.0430000e+03   0.0000000e+00   6.9809748e-06
   1.0440000e+03   0.0000000e+00   6.9404703e-06
   1.0450000e+03   0.0000000e+00   6.9002008e-06
   1.0460000e+03   0.0000000e+00   6.8601649e-06
   1.0470000e+03   0.0000000e+00   6.8203613e-06
   1.0480000e+03   0.0000000e+00   6.7807887e-06
   1.0490000e+03   0.0000000e+00   6.7414457e-06
   1.0500000e+03   0.0000000e+00   6.7023309e-06
   1.0510000e+03   0.0000000e+00   6.6634431e-06
   1.0520000e+03   0.0000000e+00   6.6247810e-06
   1.0530000e+03   0.0000000e+00   6.5863431e-06
   1.0540000e+03   0.0000000e+00   6.5481283e-06
   1.0550000e+03   0.0000000e+00   6.5101352e-06
   1.0560000e+03   0.0000000e+00   6.4723626e-06
   1.0570000e+03   0.0000000e+00   6.4348091e-06
   1.0580000e+03   0.0000000e+00   6.3974735e-06
   1.0590000e+03   0.0000000e+00   6.3603545e-06
   1.0600000e+03   0.0000000e+00   6.3234509e-06
   1.0610000e+03   0.0000000e+00   6.2867614e-06
   1.0620000e+03   0.0000000e+00   6.2502848e-06
   1.0630000e+03   0.0000000e+00   6.2140199e-06
   1.0640000e+03   0.0000000e+00   6.1779653e-06
   1.0650000e+03   0.0000000e+00   6.1421199e-06
   1.0660000e+03   0.0000000e+00   6.1064826e-06
   1.0670000e+03   0.0000000e+00   6.0710520e-06
   1.0680000e+03   0.0000000e+00   6.0358269e-06
   1.0690000e+03   0.0000000e+00   6.0008063e-06
   1.0700000e+03   0.0000000e+00   5.9659888e-06
   1.0710000e+03   0.0000000e+00   5.9313734e-06
   1.0720000e+03   0.0000000e+00   5.8969588e-06
   1.0730000e+03   0.0000000e+00   5.8627439e-06
   1.0740000e+03   0.0000000e+00   5.8287275e-06
   1.0750000e+03   0.0000000e+00   5.7949084e-06
   1.0760000e+03   0.0000000e+00   5.7612856e-06
   1.0770000e+03   0.0000000e+00   5.7278579e-06
   1.0780000e+03   0.0000000e+00   5.6946241e-06
   1.0790000e+03   0.0000000e+00   5.6615832e-06
   1.0800000e+03   0.0000000e+00   5.6287339e-06
   1.0810000e+03   0.0000000e+00   5.5960753e-06
   1.0820000e+03   0.0000000e+00   5.5636061e-06
   1.0830000e+03   0.0000000e+00   5.5313253e-06
   1.0840000e+03   0.0000000e+00   5.4992319e-06
   1.0850000e+03   0.0000000e+00   5.4673246e-06
   1.0860000e+03   0.0000000e+00   5.4356025e-06
   1.0870000e+03   0.0000000e+00   5.4040644e-06
   1.0880000e+03   0.0000000e+00   5.3727093e-06
   1.0890000e+03   0.0000000e+00   5.3415362e-06
   1.0900000e+03   0.0000000e+00   5.3105439e-06
   1.0910000e+03   0.0000000e+00   5.2797314e-06
   1.0920000e+03   0.0000000e+00   5.2490977e-06
   1.0930000e+03   0.0000000e+00   5.2186418e-06
   1.0940000e+03   0.0000000e+00   5.1883625e-06
   1.0950000e+03   0.0000000e+00   5.1582590e-06
   1.0960000e+03   0.0000000e+00   5.1283301e-06
   1.0970000e+03   0.0000000e+00   5.0985749e-06
   1.0980000e+03   0.0000000e+00   5.0689923e-06
   1.0990000e+03   0.0000000e+00   5.0395813e-06
   1.1000000e+03   0.0000000e+00   5.0103410e-06
   1.1010000e+03   0.0000000e+00   4.9812704e-06
   1.1020000e+03   0.0000000e+00   4.9523684e-06
   1.1030000e+03   0.0000000e+00   4.9236341e-06
   1.1040000e+03   0.0000000e+00   4.8950665e-06
   1.1050000e+03   0.0000000e+00   4.8666647e-06
   1.1060000e+03   0.0000000e+00   4.8384277e-06
   1.1070000e+03   0.0000000e+00   4.8103545e-06
   1.1080000e+03   0.0000000e+00   4.7824442e-06
   1.1090000e+03   0.0000000e+00   4.7546958e-06
   1.1100000e+03   0.0000000e+00   4.7271085e-06
   1.1110000e+03   0.0000000e+00   4.6996812e-06
   1.1120000e+03   0.0000000e+00   4.6724130e-06
   1.1130000e+03   0.0000000e+00   4.6453031e-06
   1.1140000e+03   0.0000000e+00   4.6183504e-06
   1.1150000e+03   0.0000000e+00   4.5915541e-06
   1.1160000e+03   0.0000000e+00   4.5649134e-06
   1.1170000e+03   0.0000000e+00   4.5384271e-06
   1.1180000e+03   0.0000000e+00   4.5120946e-06
   1.1190000e+03   0.0000000e+00   4.4859148e-06
   1.1200000e+03   0.0000000e+00   4.4598870e-06
   1.1210000e+03   0.0000000e+00   4.4340101e-06
   1.1220000e+03   0.0000000e+00   4.4082834e-06
   1.1230000e+03   0.0000000e+00   4.3827060e-06
   1.1240000e+03   0.0000000e+00   4.3572770e-06
   1.1250000e+03   0.0000000e+00   4.3319955e-06
   1.1260000e+03   0.0000000e+00   4.3068607e-06
   1.1270000e+03   0.0000000e+00   4.2818717e-06
   1.1280000e+03   0.0000000e+00   4.2570277e-06
   1.1290000e+03   0.0000000e+00   4.2323279e-06
   1.1300000e+03   0.0000000e+00   4.2077714e-06
   1.1310000e+03   0.0000000e+00   4.1833573e-06
   1.1320000e+03   0.0000000e+00   4.1590850e-06
   1.1330000e+03   0.0000000e+00   4.1349534e-06
   1.1340000e+03   0.0000000e+00   4.1109619e-06
   1.1350000e+03   0.0000000e+00   4.0871095e-06
   1.1360000e+03   0.0000000e+00   4.0633956e-06
   1.1370000e+03   0.0000000e+00   4.0398192e-06
   1.1380000e+03   0.0000000e+00   4.0163797e-06
   1.1390000e+03   0.0000000e+00   3.9930761e-06
   1.1400000e+03   0.0000000e+00   3.9699078e-06
   1.1410000e+03   0.0000000e+00   3.9468739e-06
   1.1420000e+03   0.0000000e+00   3.9239736e-06
   1.1430000e+03   0.0000000e+00   3.9012062e-06
   1.1440000e+03   0.0000000e+00   3.8785709e-06
   1.1450000e+03   0.0000000e+00   3.8560669e-06
   1.1460000e+03   0.0000000e+00   3.8336935e-06
   1.1470000e+03   0.0000000e+00   3.8114499e-06
   1.1480000e+03   0.0000000e+00   3.7893354e-06
   1.1490000e+03   0.0000000e+00   3.7673492e-06
   1.1500000e+03   0.0000000e+00   3.7454905e-06
   1.1510000e+03   0.0000000e+00   3.7237587e-06
   1.1520000e+03   0.0000000e+00   3.7021530e-06
   1.1530000e+03   0.0000000e+00   3.6806726e-06
   1.1540000e+03   0.0000000e+00   3.6593168e-06
   1.1550000e+03   0.0000000e+00   3.6380850e-06
   1.1560000e+03   0.0000000e+00   3.6169764e-06
   1.1570000e+03   0.0000000e+00   3.5959902e-06
   1.1580000e+03   0.0000000e+00   3.5751258e-06
   1.1590000e+03   0.0000000e+00   3.5543825e-06
   1.1600000e+03   0.0000000e+00   3.5337595e-06
   1.1610000e+03   0.0000000e+00   3.5132561e-06
   1.1620000e+03   0.0000000e+00   3.4928718e-06
   1.1630000e+03   0.0000000e+00   3.4726057e-06
   1.1640000e+03   0.0000000e+00   3.4524572e-06
   1.1650000e+03   0.0000000e+00   3.4324256e-06
   1.1660000e+03   0.0000000e+00   3.4125102e-06
   1.1670000e+03   0.0000000e+00   3.3927103e-06
   1.1680000e+03   0.0000000e+00   3.3730254e-06
   1.1690000e+03   0.0000000e+00   3.3534547e-06
   1.1700000e+03   0.0000000e+00   3.3339975e-06
   1.1710000e+03   0.0000000e+00   3.3146532e-06
   1.1720000e+03   0.0000000e+00   3.2954212e-06
   1.1730000e+03   0.0000000e+00   3.2763007e-06
   1.1740000e+03   0.0000000e+00   3.2572912e-06
   1.1750000e+03   0.0000000e+00   3.2383919e-06
   1.1760000e+03   0.0000000e+00   3.2196024e-06
   1.1770000e+03   0.0000000e+00   3.2009218e-06
   1.1780000e+03   0.0000000e+00   3.1823497e-06
   1.1790000e+03   0.0000000e+00   3.1638852e-06
   1.1800000e+03   0.0000000e+00   3.1455280e-06
   1.1810000e+03   0.0000000e+00   3.1272772e-06
   1.1820000e+03   0.0000000e+00   3.1091323e-06
   1.1830000e+03   0.0000000e+00   3.0910928e-06
   1.1840000e+03   0.0000000e+00   3.0731578e-06
   1.1850000e+03   0.0000000e+00   3.0553270e-06
   1.1860000e+03   0.0000000e+00   3.0375996e-06
   1.1870000e+03   0.0000000e+00   3.0199750e-06
   1.1880000e+03   0.0000000e+00   3.0024527e-06
   1.1890000e+03   0.0000000e+00   2.9850321e-06
   1.1900000e+03   0.0000000e+00   2.9677126e-06
   1.1910000e+03   0.0000000e+00   2.9504935e-06
   1.1920000e+03   0.0000000e+00   2.9333744e-06
   1.1930000e+03   0.0000000e+00   2.9163545e-06
   1.1940000e+03   0.0000000e+00   2.8994335e-06
   1.1950000e+03   0.0000000e+00   2.8826106e-06
   1.1960000e+03   0.0000000e+00   2.8658853e-06
   1.1970000e+03   0.0000000e+00   2.8492571e-06
   1.1980000e+03   0.0000000e+00   2.8327253e-06
   1.1990000e+03   0.0000000e+00   2.8162895e-06
   1.2000000e+03   0.0000000e+00   2.7999490e-06
   1.2010000e+03   0.0000000e+00   2.7837033e-06
   1.2020000e+03   0.0000000e+00   2.7675519e-06
   1.2030000e+03   0.0000000e+00   2.7514942e-06
   1.2040000e+03   0.0000000e+00   2.7355297e-06
   1.2050000e+03   0.0000000e+00   2.7196578e-06
   1.2060000e+03   0.0000000e+00   2.7038780e-06
   1.2070000e+03   0.0000000e+00   2.6881897e-06
   1.2080000e+03   0.0000000e+00   2.6725925e-06
   1.2090000e+03   0.0000000e+00   2.6570858e-06
   1.2100000e+03   0.0000000e+00   2.6416690e-06
   1.2110000e+03   0.0000000e+00   2.6263417e-06
   1.2120000e+03   0.0000000e+00   2.6111033e-06
   1.2130000e+03   0.0000000e+00   2.5959534e-06
   1.2140000e+03   0.0000000e+00   2.5808913e-06
   1.2150000e+03   0.0000000e+00   2.5659166e-06
   1.2160000e+03   0.0000000e+00   2.5510289e-06
   1.2170000e+03   0.0000000e+00   2.5362275e-06
   1.2180000e+03   0.0000000e+00   2.5215119e-06
   1.2190000e+03   0.0000000e+00   2.5068818e-06
   1.2200000e+03   1.0000000e+00   2.4923365e-06
