   1.0000000e+00   2.1000000e+01   5.1246428e-02
   2.0000000e+00   2.6000000e+01   4.6337645e-02
   3.0000000e+00   1.5000000e+01   4.1920601e-02
   4.0000000e+00   2.3000000e+01   3.7945927e-02
   5.0000000e+00   1.4000000e+01   3.4369211e-02
   6.0000000e+00   1.4000000e+01   3.1150500e-02
   7.0000000e+00   1.0000000e+01   2.8253854e-02
   8.0000000e+00   1.3000000e+01   2.5646941e-02
   9.0000000e+00   1.3000000e+01   2.3300673e-02
   1.0000000e+01   1.1000000e+01   2.1188887e-02
   1.1000000e+01   1.0000000e+01   1.9288043e-02
   1.2000000e+01   9.0000000e+00   1.7576966e-02
   1.3000000e+01   1.0000000e+01   1.6036608e-02
   1.4000000e+01   9.0000000e+00   1.4649833e-02
   1.5000000e+01   6.0000000e+00   1.3401224e-02
   1.6000000e+01   6.0000000e+00   1.2276914e-02
   1.7000000e+01   6.0000000e+00   1.1264428e-02
   1.8000000e+01   8.0000000e+00   1.0352543e-02
   1.9000000e+01   3.0000000e+00   9.5311625e-03
   2.0000000e+01   3.0000000e+00   8.7912045e-03
   2.1000000e+01   6.0000000e+00   8.1244987e-03
   2.2000000e+01   2.0000000e+00   7.5236951e-03
   2.3000000e+01   5.0000000e+00   6.9821815e-03
   2.4000000e+01   4.0000000e+00   6.4940098e-03
   2.5000000e+01   6.0000000e+00   6.0538289e-03
   2.6000000e+01   0.0000000e+00   5.6568253e-03
   2.7000000e+01   3.0000000e+00   5.2986685e-03
   2.8000000e+01   3.0000000e+00   4.9754628e-03
   2.9000000e+01   0.0000000e+00   4.6837038e-03
   3.0000000e+01   0.0000000e+00   4.4202388e-03
   3.1000000e+01   0.0000000e+00   4.1822318e-03
   3.2000000e+01   2.0000000e+00   3.9671313e-03
   3.3000000e+01   1.0000000e+00   3.7726421e-03
   3.4000000e+01   4.0000000e+00   3.5966995e-03
   3.5000000e+01   1.0000000e+00   3.4374459e-03
   3.6000000e+01   0.0000000e+00   3.2932104e-03
   3.7000000e+01   2.0000000e+00   3.1624897e-03
   3.8000000e+01   0.0000000e+00   3.0439315e-03
   3.9000000e+01   1.0000000e+00   2.9363192e-03
   4.0000000e+01   0.0000000e+00   2.8385583e-03
   4.1000000e+01   2.0000000e+00   2.7496644e-03
   4.2000000e+01   2.0000000e+00   2.6687517e-03
   4.3000000e+01   2.0000000e+00   2.5950232e-03
   4.4000000e+01   0.0000000e+00   2.5277624e-03
   4.5000000e+01   1.0000000e+00   2.4663241e-03
   4.6000000e+01   0.0000000e+00   2.4101283e-03
   4.7000000e+01   1.0000000e+00   2.3586531e-03
   4.8000000e+01   1.0000000e+00   2.3114288e-03
   4.9000000e+01   1.0000000e+00   2.2680332e-03
   5.0000000e+01   0.0000000e+00   2.2280862e-03
   5.1000000e+01   4.0000000e+00   2.1912458e-03
   5.2000000e+01   2.0000000e+00   2.1572046e-03
   5.3000000e+01   0.0000000e+00   2.1256857e-03
   5.4000000e+01   1.0000000e+00   2.0964403e-03
   5.5000000e+01   0.0000000e+00   2.0692443e-03
   5.6000000e+01   0.0000000e+00   2.0438963e-03
   5.7000000e+01   2.0000000e+00   2.0202150e-03
   5.8000000e+01   0.0000000e+00   1.9980371e-03
   5.9000000e+01   1.0000000e+00   1.9772161e-03
   6.0000000e+01   1.0000000e+00   1.9576198e-03
   6.1000000e+01   0.0000000e+00   1.9391294e-03
   6.2000000e+01   4.0000000e+00   1.9216381e-03
   6.3000000e+01   2.0000000e+00   1.9050496e-03
   6.4000000e+01   2.0000000e+00   1.8892775e-03
   6.5000000e+01   0.0000000e+00   1.8742438e-03
   6.6000000e+01   2.0000000e+00   1.8598784e-03
   6.7000000e+01   0.0000000e+00   1.8461184e-03
   6.8000000e+01   1.0000000e+00   1.8329069e-03
   6.9000000e+01   0.0000000e+00   1.8201929e-03
   7.0000000e+01   4.0000000e+00   1.8079305e-03
   7.1000000e+01   0.0000000e+00   1.7960782e-03
   7.2000000e+01   0.0000000e+00   1.7845989e-03
   7.3000000e+01   1.0000000e+00   1.7734590e-03
   7.4000000e+01   1.0000000e+00   1.7626283e-03
   7.5000000e+01   2.0000000e+00   1.7520798e-03
   7.6000000e+01   1.0000000e+00   1.7417889e-03
   7.7000000e+01   0.0000000e+00   1.7317337e-03
   7.8000000e+01   0.0000000e+00   1.7218943e-03
   7.9000000e+01   3.0000000e+00   1.7122529e-03
   8.0000000e+01   0.0000000e+00   1.7027934e-03
   8.1000000e+01   1.0000000e+00   1.6935013e-03
   8.2000000e+01   0.0000000e+00   1.6843636e-03
   8.3000000e+01   2.0000000e+00   1.6753685e-03
   8.4000000e+01   0.0000000e+00   1.6665055e-03
   8.5000000e+01   0.0000000e+00   1.6577650e-03
   8.6000000e+01   0.0000000e+00   1.6491384e-03
   8.7000000e+01   1.0000000e+00   1.6406179e-03
   8.8000000e+01   1.0000000e+00   1.6321966e-03
   8.9000000e+01   0.0000000e+00   1.6238680e-03
   9.0000000e+01   0.0000000e+00   1.6156266e-03
   9.1000000e+01   0.0000000e+00   1.6074672e-03
   9.2000000e+01   1.0000000e+00   1.5993852e-03
   9.3000000e+01   3.0000000e+00   1.5913763e-03
   9.4000000e+01   1.0000000e+00   1.5834368e-03
   9.5000000e+01   1.0000000e+00   1.5755632e-03
   9.6000000e+01   1.0000000e+00   1.5677524e-03
   9.7000000e+01   0.0000000e+00   1.5600017e-03
   9.8000000e+01   2.0000000e+00   1.5523085e-03
   9.9000000e+01   0.0000000e+00   1.5446705e-03
   1.0000000e+02   1.0000000e+00   1.5370855e-03
   1.0100000e+02   1.0000000e+00   1.5295518e-03
   1.0200000e+02   0.0000000e+00   1.5220676e-03
   1.0300000e+02   0.0000000e+00   1.5146313e-03
   1.0400000e+02   1.0000000e+00   1.5072415e-03
   1.0500000e+02   1.0000000e+00   1.4998969e-03
   1.0600000e+02   0.0000000e+00   1.4925963e-03
   1.0700000e+02   2.0000000e+00   1.4853387e-03
   1.0800000e+02   1.0000000e+00   1.4781230e-03
   1.0900000e+02   1.0000000e+00   1.4709484e-03
   1.1000000e+02   0.0000000e+00   1.4638140e-03
   1.1100000e+02   1.0000000e+00   1.4567190e-03
   1.1200000e+02   1.0000000e+00   1.4496628e-03
   1.1300000e+02   1.0000000e+00   1.4426447e-03
   1.1400000e+02   0.0000000e+00   1.4356641e-03
   1.1500000e+02   1.0000000e+00   1.4287204e-03
   1.1600000e+02   0.0000000e+00   1.4218132e-03
   1.1700000e+02   0.0000000e+00   1.4149420e-03
   1.1800000e+02   0.0000000e+00   1.4081062e-03
   1.1900000e+02   1.0000000e+00   1.4013056e-03
   1.2000000e+02   1.0000000e+00   1.3945397e-03
   1.2100000e+02   0.0000000e+00   1.3878082e-03
   1.2200000e+02   1.0000000e+00   1.3811106e-03
   1.2300000e+02   1.0000000e+00   1.3744468e-03
   1.2400000e+02   1.0000000e+00   1.3678163e-03
   1.2500000e+02   0.0000000e+00   1.3612189e-03
   1.2600000e+02   0.0000000e+00   1.3546543e-03
   1.2700000e+02   2.0000000e+00   1.3481223e-03
   1.2800000e+02   0.0000000e+00   1.3416226e-03
   1.2900000e+02   1.0000000e+00   1.3351549e-03
   1.3000000e+02   0.0000000e+00   1.3287191e-03
   1.3100000e+02   0.0000000e+00   1.3223149e-03
   1.3200000e+02   1.0000000e+00   1.3159420e-03
   1.3300000e+02   0.0000000e+00   1.3096004e-03
   1.3400000e+02   1.0000000e+00   1.3032897e-03
   1.3500000e+02   0.0000000e+00   1.2970098e-03
   1.3600000e+02   1.0000000e+00   1.2907606e-03
   1.3700000e+02   1.0000000e+00   1.2845417e-03
   1.3800000e+02   0.0000000e+00   1.2783531e-03
   1.3900000e+02   2.0000000e+00   1.2721946e-03
   1.4000000e+02   0.0000000e+00   1.2660660e-03
   1.4100000e+02   1.0000000e+00   1.2599670e-03
   1.4200000e+02   0.0000000e+00   1.2538977e-03
   1.4300000e+02   2.0000000e+00   1.2478577e-03
   1.4400000e+02   1.0000000e+00   1.2418470e-03
   1.4500000e+02   1.0000000e+00   1.2358654e-03
   1.4600000e+02   0.0000000e+00   1.2299127e-03
   1.4700000e+02   0.0000000e+00   1.2239888e-03
   1.4800000e+02   2.0000000e+00   1.2180935e-03
   1.4900000e+02   0.0000000e+00   1.2122267e-03
   1.5000000e+02   3.0000000e+00   1.2063882e-03
   1.5100000e+02   0.0000000e+00   1.2005779e-03
   1.5200000e+02   0.0000000e+00   1.1947957e-03
   1.5300000e+02   0.0000000e+00   1.1890414e-03
   1.5400000e+02   0.0000000e+00   1.1833148e-03
   1.5500000e+02   1.0000000e+00   1.1776159e-03
   1.5600000e+02   0.0000000e+00   1.1719444e-03
   1.5700000e+02   0.0000000e+00   1.1663003e-03
   1.5800000e+02   4.0000000e+00   1.1606835e-03
   1.5900000e+02   1.0000000e+00   1.1550937e-03
   1.6000000e+02   0.0000000e+00   1.1495308e-03
   1.6100000e+02   0.0000000e+00   1.1439948e-03
   1.6200000e+02   0.0000000e+00   1.1384854e-03
   1.6300000e+02   0.0000000e+00   1.1330026e-03
   1.6400000e+02   0.0000000e+00   1.1275462e-03
   1.6500000e+02   0.0000000e+00   1.1221161e-03
   1.6600000e+02   0.0000000e+00   1.1167122e-03
   1.6700000e+02   0.0000000e+00   1.1113343e-03
   1.6800000e+02   0.0000000e+00   1.1059824e-03
   1.6900000e+02   0.0000000e+00   1.1006562e-03
   1.7000000e+02   0.0000000e+00   1.0953556e-03
   1.7100000e+02   0.0000000e+00   1.0900806e-03
   1.7200000e+02   0.0000000e+00   1.0848311e-03
   1.7300000e+02   0.0000000e+00   1.0796068e-03
   1.7400000e+02   0.0000000e+00   1.0744076e-03
   1.7500000e+02   0.0000000e+00   1.0692335e-03
   1.7600000e+02   0.0000000e+00   1.0640844e-03
   1.7700000e+02   0.0000000e+00   1.0589600e-03
   1.7800000e+02   1.0000000e+00   1.0538603e-03
   1.7900000e+02   1.0000000e+00   1.0487852e-03
   1.8000000e+02   2.0000000e+00   1.0437345e-03
   1.8100000e+02   0.0000000e+00   1.0387082e-03
   1.8200000e+02   1.0000000e+00   1.0337060e-03
   1.8300000e+02   0.0000000e+00   1.0287280e-03
   1.8400000e+02   1.0000000e+00   1.0237739e-03
   1.8500000e+02   2.0000000e+00   1.0188437e-03
   1.8600000e+02   0.0000000e+00   1.0139372e-03
   1.8700000e+02   1.0000000e+00   1.0090544e-03
   1.8800000e+02   0.0000000e+00   1.0041950e-03
   1.8900000e+02   1.0000000e+00   9.9935912e-04
   1.9000000e+02   0.0000000e+00   9.9454649e-04
   1.9100000e+02   1.0000000e+00   9.8975703e-04
   1.9200000e+02   1.0000000e+00   9.8499064e-04
   1.9300000e+02   0.0000000e+00   9.8024720e-04
   1.9400000e+02   0.0000000e+00   9.7552660e-04
   1.9500000e+02   1.0000000e+00   9.7082874e-04
   1.9600000e+02   0.0000000e+00   9.6615351e-04
   1.9700000e+02   0.0000000e+00   9.6150079e-04
   1.9800000e+02   0.0000000e+00   9.5687047e-04
   1.9900000e+02   1.0000000e+00   9.5226246e-04
   2.0000000e+02   0.0000000e+00   9.4767663e-04
   2.0100000e+02   1.0000000e+00   9.4311289e-04
   2.0200000e+02   0.0000000e+00   9.3857113e-04
   2.0300000e+02   1.0000000e+00   9.3405124e-04
   2.0400000e+02   0.0000000e+00   9.2955312e-04
   2.0500000e+02   1.0000000e+00   9.2507666e-04
   2.0600000e+02   0.0000000e+00   9.2062175e-04
   2.0700000e+02   0.0000000e+00   9.1618830e-04
   2.0800000e+02   0.0000000e+00   9.1177621e-04
   2.0900000e+02   0.0000000e+00   9.0738535e-04
   2.1000000e+02   3.0000000e+00   9.0301565e-04
   2.1100000e+02   0.0000000e+00   8.9866698e-04
   2.1200000e+02   0.0000000e+00   8.9433926e-04
   2.1300000e+02   1.0000000e+00   8.9003238e-04
   2.1400000e+02   1.0000000e+00   8.8574624e-04
   2.1500000e+02   0.0000000e+00   8.8148074e-04
   2.1600000e+02   0.0000000e+00   8.7723579e-04
   2.1700000e+02   0.0000000e+00   8.7301127e-04
   2.1800000e+02   0.0000000e+00   8.6880710e-04
   2.1900000e+02   0.0000000e+00   8.6462318e-04
   2.2000000e+02   0.0000000e+00   8.6045940e-04
   2.2100000e+02   1.0000000e+00   8.5631568e-04
   2.2200000e+02   0.0000000e+00   8.5219191e-04
   2.2300000e+02   1.0000000e+00   8.4808800e-04
   2.2400000e+02   0.0000000e+00   8.4400385e-04
   2.2500000e+02   0.0000000e+00   8.3993938e-04
   2.2600000e+02   0.0000000e+00   8.3589447e-04
   2.2700000e+02   1.0000000e+00   8.3186904e-04
   2.2800000e+02   0.0000000e+00   8.2786300e-04
   2.2900000e+02   1.0000000e+00   8.2387625e-04
   2.3000000e+02   0.0000000e+00   8.1990870e-04
   2.3100000e+02   1.0000000e+00   8.1596026e-04
   2.3200000e+02   0.0000000e+00   8.1203083e-04
   2.3300000e+02   1.0000000e+00   8.0812033e-04
   2.3400000e+02   0.0000000e+00   8.0422865e-04
   2.3500000e+02   0.0000000e+00   8.0035572e-04
   2.3600000e+02   1.0000000e+00   7.9650144e-04
   2.3700000e+02   1.0000000e+00   7.9266572e-04
   2.3800000e+02   1.0000000e+00   7.8884847e-04
   2.3900000e+02   0.0000000e+00   7.8504960e-04
   2.4000000e+02   0.0000000e+00   7.8126903e-04
   2.4100000e+02   1.0000000e+00   7.7750667e-04
   2.4200000e+02   0.0000000e+00   7.7376242e-04
   2.4300000e+02   1.0000000e+00   7.7003620e-04
   2.4400000e+02   1.0000000e+00   7.6632793e-04
   2.4500000e+02   0.0000000e+00   7.6263752e-04
   2.4600000e+02   0.0000000e+00   7.5896488e-04
   2.4700000e+02   0.0000000e+00   7.5530992e-04
   2.4800000e+02   1.0000000e+00   7.5167257e-04
   2.4900000e+02   1.0000000e+00   7.4805273e-04
   2.5000000e+02   0.0000000e+00   7.4445032e-04
   2.5100000e+02   0.0000000e+00   7.4086527e-04
   2.5200000e+02   0.0000000e+00   7.3729747e-04
   2.5300000e+02   0.0000000e+00   7.3374686e-04
   2.5400000e+02   0.0000000e+00   7.3021335e-04
   2.5500000e+02   1.0000000e+00   7.2669685e-04
   2.5600000e+02   0.0000000e+00   7.2319729e-04
   2.5700000e+02   0.0000000e+00   7.1971458e-04
   2.5800000e+02   4.0000000e+00   7.1624865e-04
   2.5900000e+02   0.0000000e+00   7.1279940e-04
   2.6000000e+02   0.0000000e+00   7.0936676e-04
   2.6100000e+02   0.0000000e+00   7.0595066e-04
   2.6200000e+02   0.0000000e+00   7.0255100e-04
   2.6300000e+02   0.0000000e+00   6.9916772e-04
   2.6400000e+02   2.0000000e+00   6.9580073e-04
   2.6500000e+02   1.0000000e+00   6.9244996e-04
   2.6600000e+02   2.0000000e+00   6.8911532e-04
   2.6700000e+02   1.0000000e+00   6.8579674e-04
   2.6800000e+02   0.0000000e+00   6.8249414e-04
   2.6900000e+02   1.0000000e+00   6.7920745e-04
   2.7000000e+02   0.0000000e+00   6.7593658e-04
   2.7100000e+02   0.0000000e+00   6.7268146e-04
   2.7200000e+02   0.0000000e+00   6.6944202e-04
   2.7300000e+02   1.0000000e+00   6.6621819e-04
   2.7400000e+02   0.0000000e+00   6.6300987e-04
   2.7500000e+02   0.0000000e+00   6.5981701e-04
   2.7600000e+02   0.0000000e+00   6.5663952e-04
   2.7700000e+02   0.0000000e+00   6.5347733e-04
   2.7800000e+02   0.0000000e+00   6.5033038e-04
   2.7900000e+02   0.0000000e+00   6.4719857e-04
   2.8000000e+02   0.0000000e+00   6.4408185e-04
   2.8100000e+02   1.0000000e+00   6.4098014e-04
   2.8200000e+02   0.0000000e+00   6.3789337e-04
   2.8300000e+02   2.0000000e+00   6.3482146e-04
   2.8400000e+02   0.0000000e+00   6.3176434e-04
   2.8500000e+02   0.0000000e+00   6.2872195e-04
   2.8600000e+02   1.0000000e+00   6.2569420e-04
   2.8700000e+02   0.0000000e+00   6.2268104e-04
   2.8800000e+02   0.0000000e+00   6.1968239e-04
   2.8900000e+02   0.0000000e+00   6.1669818e-04
   2.9000000e+02   0.0000000e+00   6.1372834e-04
   2.9100000e+02   0.0000000e+00   6.1077280e-04
   2.9200000e+02   0.0000000e+00   6.0783149e-04
   2.9300000e+02   0.0000000e+00   6.0490435e-04
   2.9400000e+02   0.0000000e+00   6.0199131e-04
   2.9500000e+02   0.0000000e+00   5.9909229e-04
   2.9600000e+02   0.0000000e+00   5.9620724e-04
   2.9700000e+02   0.0000000e+00   5.9333608e-04
   2.9800000e+02   0.0000000e+00   5.9047874e-04
   2.9900000e+02   0.0000000e+00   5.8763517e-04
   3.0000000e+02   0.0000000e+00   5.8480529e-04
   3.0100000e+02   1.0000000e+00   5.8198903e-04
   3.0200000e+02   0.0000000e+00   5.7918634e-04
   3.0300000e+02   0.0000000e+00   5.7639715e-04
   3.0400000e+02   0.0000000e+00   5.7362139e-04
   3.0500000e+02   0.0000000e+00   5.7085899e-04
   3.0600000e+02   0.0000000e+00   5.6810990e-04
   3.0700000e+02   2.0000000e+00   5.6537405e-04
   3.0800000e+02   0.0000000e+00   5.6265137e-04
   3.0900000e+02   0.0000000e+00   5.5994180e-04
   3.1000000e+02   0.0000000e+00   5.5724529e-04
   3.1100000e+02   0.0000000e+00   5.5456175e-04
   3.1200000e+02   0.0000000e+00   5.5189114e-04
   3.1300000e+02   0.0000000e+00   5.4923340e-04
   3.1400000e+02   0.0000000e+00   5.4658845e-04
   3.1500000e+02   1.0000000e+00   5.4395624e-04
   3.1600000e+02   0.0000000e+00   5.4133670e-04
   3.1700000e+02   1.0000000e+00   5.3872978e-04
   3.1800000e+02   0.0000000e+00   5.3613541e-04
   3.1900000e+02   0.0000000e+00   5.3355354e-04
   3.2000000e+02   0.0000000e+00   5.3098410e-04
   3.2100000e+02   0.0000000e+00   5.2842703e-04
   3.2200000e+02   0.0000000e+00   5.2588228e-04
   3.2300000e+02   1.0000000e+00   5.2334978e-04
   3.2400000e+02   0.0000000e+00   5.2082948e-04
   3.2500000e+02   0.0000000e+00   5.1832132e-04
   3.2600000e+02   1.0000000e+00   5.1582523e-04
   3.2700000e+02   0.0000000e+00   5.1334117e-04
   3.2800000e+02   1.0000000e+00   5.1086907e-04
   3.2900000e+02   0.0000000e+00   5.0840887e-04
   3.3000000e+02   0.0000000e+00   5.0596052e-04
   3.3100000e+02   0.0000000e+00   5.0352396e-04
   3.3200000e+02   0.0000000e+00   5.0109913e-04
   3.3300000e+02   0.0000000e+00   4.9868599e-04
   3.3400000e+02   0.0000000e+00   4.9628446e-04
   3.3500000e+02   0.0000000e+00   4.9389450e-04
   3.3600000e+02   1.0000000e+00   4.9151604e-04
   3.3700000e+02   0.0000000e+00   4.8914904e-04
   3.3800000e+02   0.0000000e+00   4.8679344e-04
   3.3900000e+02   0.0000000e+00   4.8444919e-04
   3.4000000e+02   0.0000000e+00   4.8211622e-04
   3.4100000e+02   0.0000000e+00   4.7979449e-04
   3.4200000e+02   0.0000000e+00   4.7748394e-04
   3.4300000e+02   0.0000000e+00   4.7518451e-04
   3.4400000e+02   0.0000000e+00   4.7289616e-04
   3.4500000e+02   1.0000000e+00   4.7061883e-04
   3.4600000e+02   0.0000000e+00   4.6835247e-04
   3.4700000e+02   1.0000000e+00   4.6609702e-04
   3.4800000e+02   1.0000000e+00   4.6385243e-04
   3.4900000e+02   0.0000000e+00   4.6161865e-04
   3.5000000e+02   1.0000000e+00   4.5939563e-04
   3.5100000e+02   0.0000000e+00   4.5718331e-04
   3.5200000e+02   0.0000000e+00   4.5498165e-04
   3.5300000e+02   0.0000000e+00   4.5279059e-04
   3.5400000e+02   0.0000000e+00   4.5061008e-04
   3.5500000e+02   0.0000000e+00   4.4844007e-04
   3.5600000e+02   0.0000000e+00   4.4628051e-04
   3.5700000e+02   1.0000000e+00   4.4413136e-04
   3.5800000e+02   1.0000000e+00   4.4199255e-04
   3.5900000e+02   1.0000000e+00   4.3986404e-04
   3.6000000e+02   0.0000000e+00   4.3774578e-04
   3.6100000e+02   0.0000000e+00   4.3563772e-04
   3.6200000e+02   1.0000000e+00   4.3353982e-04
   3.6300000e+02   0.0000000e+00   4.3145202e-04
   3.6400000e+02   0.0000000e+00   4.2937427e-04
   3.6500000e+02   0.0000000e+00   4.2730653e-04
   3.6600000e+02   0.0000000e+00   4.2524874e-04
   3.6700000e+02   0.0000000e+00   4.2320087e-04
   3.6800000e+02   0.0000000e+00   4.2116285e-04
   3.6900000e+02   0.0000000e+00   4.1913466e-04
   3.7000000e+02   0.0000000e+00   4.1711622e-04
   3.7100000e+02   1.0000000e+00   4.1510751e-04
   3.7200000e+02   0.0000000e+00   4.1310848e-04
   3.7300000e+02   0.0000000e+00   4.1111906e-04
   3.7400000e+02   0.0000000e+00   4.0913923e-04
   3.7500000e+02   0.0000000e+00   4.0716894e-04
   3.7600000e+02   1.0000000e+00   4.0520813e-04
   3.7700000e+02   0.0000000e+00   4.0325676e-04
   3.7800000e+02   0.0000000e+00   4.0131480e-04
   3.7900000e+02   0.0000000e+00   3.9938218e-04
   3.8000000e+02   0.0000000e+00   3.9745887e-04
   3.8100000e+02   0.0000000e+00   3.9554482e-04
   3.8200000e+02   0.0000000e+00   3.9364000e-04
   3.8300000e+02   0.0000000e+00   3.9174434e-04
   3.8400000e+02   0.0000000e+00   3.8985781e-04
   3.8500000e+02   0.0000000e+00   3.8798037e-04
   3.8600000e+02   0.0000000e+00   3.8611197e-04
   3.8700000e+02   0.0000000e+00   3.8425256e-04
   3.8800000e+02   0.0000000e+00   3.8240212e-04
   3.8900000e+02   1.0000000e+00   3.8056058e-04
   3.9000000e+02   0.0000000e+00   3.7872791e-04
   3.9100000e+02   0.0000000e+00   3.7690406e-04
   3.9200000e+02   0.0000000e+00   3.7508900e-04
   3.9300000e+02   0.0000000e+00   3.7328268e-04
   3.9400000e+02   1.0000000e+00   3.7148506e-04
   3.9500000e+02   0.0000000e+00   3.6969610e-04
   3.9600000e+02   1.0000000e+00   3.6791575e-04
   3.9700000e+02   1.0000000e+00   3.6614397e-04
   3.9800000e+02   0.0000000e+00   3.6438073e-04
   3.9900000e+02   0.0000000e+00   3.6262598e-04
   4.0000000e+02   1.0000000e+00   3.6087967e-04
   4.0100000e+02   1.0000000e+00   3.5914178e-04
   4.0200000e+02   0.0000000e+00   3.5741226e-04
   4.0300000e+02   1.0000000e+00   3.5569107e-04
   4.0400000e+02   0.0000000e+00   3.5397816e-04
   4.0500000e+02   0.0000000e+00   3.5227350e-04
   4.0600000e+02   0.0000000e+00   3.5057706e-04
   4.0700000e+02   0.0000000e+00   3.4888878e-04
   4.0800000e+02   0.0000000e+00   3.4720863e-04
   4.0900000e+02   0.0000000e+00   3.4553657e-04
   4.1000000e+02   0.0000000e+00   3.4387257e-04
   4.1100000e+02   0.0000000e+00   3.4221658e-04
   4.1200000e+02   1.0000000e+00   3.4056856e-04
   4.1300000e+02   1.0000000e+00   3.3892848e-04
   4.1400000e+02   1.0000000e+00   3.3729630e-04
   4.1500000e+02   0.0000000e+00   3.3567198e-04
   4.1600000e+02   0.0000000e+00   3.3405548e-04
   4.1700000e+02   0.0000000e+00   3.3244677e-04
   4.1800000e+02   0.0000000e+00   3.3084580e-04
   4.1900000e+02   0.0000000e+00   3.2925254e-04
   4.2000000e+02   0.0000000e+00   3.2766696e-04
   4.2100000e+02   0.0000000e+00   3.2608901e-04
   4.2200000e+02   0.0000000e+00   3.2451866e-04
   4.2300000e+02   0.0000000e+00   3.2295587e-04
   4.2400000e+02   0.0000000e+00   3.2140061e-04
   4.2500000e+02   0.0000000e+00   3.1985284e-04
   4.2600000e+02   0.0000000e+00   3.1831252e-04
   4.2700000e+02   0.0000000e+00   3.1677962e-04
   4.2800000e+02   0.0000000e+00   3.1525410e-04
   4.2900000e+02   1.0000000e+00   3.1373592e-04
   4.3000000e+02   0.0000000e+00   3.1222506e-04
   4.3100000e+02   0.0000000e+00   3.1072148e-04
   4.3200000e+02   0.0000000e+00   3.0922513e-04
   4.3300000e+02   0.0000000e+00   3.0773599e-04
   4.3400000e+02   0.0000000e+00   3.0625403e-04
   4.3500000e+02   0.0000000e+00   3.0477920e-04
   4.3600000e+02   1.0000000e+00   3.0331147e-04
   4.3700000e+02   0.0000000e+00   3.0185081e-04
   4.3800000e+02   0.0000000e+00   3.0039718e-04
   4.3900000e+02   0.0000000e+00   2.9895055e-04
   4.4000000e+02   0.0000000e+00   2.9751090e-04
   4.4100000e+02   0.0000000e+00   2.9607817e-04
   4.4200000e+02   0.0000000e+00   2.9465234e-04
   4.4300000e+02   1.0000000e+00   2.9323338e-04
   4.4400000e+02   0.0000000e+00   2.9182125e-04
   4.4500000e+02   0.0000000e+00   2.9041593e-04
   4.4600000e+02   0.0000000e+00   2.8901737e-04
   4.4700000e+02   0.0000000e+00   2.8762555e-04
   4.4800000e+02   1.0000000e+00   2.8624042e-04
   4.4900000e+02   0.0000000e+00   2.8486197e-04
   4.5000000e+02   0.0000000e+00   2.8349016e-04
   4.5100000e+02   0.0000000e+00   2.8212495e-04
   4.5200000e+02   0.0000000e+00   2.8076632e-04
   4.5300000e+02   0.0000000e+00   2.7941423e-04
   4.5400000e+02   0.0000000e+00   2.7806865e-04
   4.5500000e+02   0.0000000e+00   2.7672956e-04
   4.5600000e+02   1.0000000e+00   2.7539691e-04
   4.5700000e+02   0.0000000e+00   2.7407067e-04
   4.5800000e+02   0.0000000e+00   2.7275083e-04
   4.5900000e+02   0.0000000e+00   2.7143734e-04
   4.6000000e+02   0.0000000e+00   2.7013018e-04
   4.6100000e+02   0.0000000e+00   2.6882931e-04
   4.6200000e+02   0.0000000e+00   2.6753470e-04
   4.6300000e+02   0.0000000e+00   2.6624633e-04
   4.6400000e+02   0.0000000e+00   2.6496417e-04
   4.6500000e+02   0.0000000e+00   2.6368818e-04
   4.6600000e+02   0.0000000e+00   2.6241833e-04
   4.6700000e+02   0.0000000e+00   2.6115460e-04
   4.6800000e+02   0.0000000e+00   2.5989696e-04
   4.6900000e+02   0.0000000e+00   2.5864537e-04
   4.7000000e+02   1.0000000e+00   2.5739981e-04
   4.7100000e+02   0.0000000e+00   2.5616024e-04
   4.7200000e+02   0.0000000e+00   2.5492665e-04
   4.7300000e+02   0.0000000e+00   2.5369900e-04
   4.7400000e+02   0.0000000e+00   2.5247726e-04
   4.7500000e+02   0.0000000e+00   2.5126140e-04
   4.7600000e+02   0.0000000e+00   2.5005140e-04
   4.7700000e+02   0.0000000e+00   2.4884722e-04
   4.7800000e+02   0.0000000e+00   2.4764884e-04
   4.7900000e+02   0.0000000e+00   2.4645624e-04
   4.8000000e+02   0.0000000e+00   2.4526938e-04
   4.8100000e+02   0.0000000e+00   2.4408823e-04
   4.8200000e+02   0.0000000e+00   2.4291277e-04
   4.8300000e+02   0.0000000e+00   2.4174297e-04
   4.8400000e+02   0.0000000e+00   2.4057881e-04
   4.8500000e+02   0.0000000e+00   2.3942025e-04
   4.8600000e+02   0.0000000e+00   2.3826727e-04
   4.8700000e+02   0.0000000e+00   2.3711985e-04
   4.8800000e+02   0.0000000e+00   2.3597795e-04
   4.8900000e+02   0.0000000e+00   2.3484155e-04
   4.9000000e+02   2.0000000e+00   2.3371062e-04
   4.9100000e+02   0.0000000e+00   2.3258513e-04
   4.9200000e+02   0.0000000e+00   2.3146507e-04
   4.9300000e+02   0.0000000e+00   2.3035040e-04
   4.9400000e+02   0.0000000e+00   2.2924110e-04
   4.9500000e+02   0.0000000e+00   2.2813714e-04
   4.9600000e+02   0.0000000e+00   2.2703850e-04
   4.9700000e+02   0.0000000e+00   2.2594515e-04
   4.9800000e+02   0.0000000e+00   2.2485706e-04
   4.9900000e+02   0.0000000e+00   2.2377422e-04
   5.0000000e+02   0.0000000e+00   2.2269658e-04
   5.0100000e+02   0.0000000e+00   2.2162414e-04
   5.0200000e+02   0.0000000e+00   2.2055686e-04
   5.0300000e+02   0.0000000e+00   2.1949473e-04
   5.0400000e+02   0.0000000e+00   2.1843770e-04
   5.0500000e+02   0.0000000e+00   2.1738577e-04
   5.0600000e+02   0.0000000e+00   2.1633890e-04
   5.0700000e+02   0.0000000e+00   2.1529708e-04
   5.0800000e+02   0.0000000e+00   2.1426027e-04
   5.0900000e+02   0.0000000e+00   2.1322845e-04
   5.1000000e+02   0.0000000e+00   2.1220161e-04
   5.1100000e+02   1.0000000e+00   2.1117971e-04
   5.1200000e+02   1.0000000e+00   2.1016273e-04
   5.1300000e+02   0.0000000e+00   2.0915064e-04
   5.1400000e+02   0.0000000e+00   2.0814343e-04
   5.1500000e+02   0.0000000e+00   2.0714107e-04
   5.1600000e+02   0.0000000e+00   2.0614354e-04
   5.1700000e+02   0.0000000e+00   2.0515082e-04
   5.1800000e+02   0.0000000e+00   2.0416287e-04
   5.1900000e+02   0.0000000e+00   2.0317968e-04
   5.2000000e+02   1.0000000e+00   2.0220122e-04
   5.2100000e+02   0.0000000e+00   2.0122748e-04
   5.2200000e+02   0.0000000e+00   2.0025843e-04
   5.2300000e+02   0.0000000e+00   1.9929404e-04
   5.2400000e+02   0.0000000e+00   1.9833430e-04
   5.2500000e+02   0.0000000e+00   1.9737918e-04
   5.2600000e+02   0.0000000e+00   1.9642866e-04
   5.2700000e+02   0.0000000e+00   1.9548271e-04
   5.2800000e+02   0.0000000e+00   1.9454133e-04
   5.2900000e+02   0.0000000e+00   1.9360447e-04
   5.3000000e+02   0.0000000e+00   1.9267213e-04
   5.3100000e+02   0.0000000e+00   1.9174428e-04
   5.3200000e+02   0.0000000e+00   1.9082089e-04
   5.3300000e+02   1.0000000e+00   1.8990195e-04
   5.3400000e+02   0.0000000e+00   1.8898744e-04
   5.3500000e+02   0.0000000e+00   1.8807733e-04
   5.3600000e+02   0.0000000e+00   1.8717160e-04
   5.3700000e+02   0.0000000e+00   1.8627024e-04
   5.3800000e+02   0.0000000e+00   1.8537322e-04
   5.3900000e+02   0.0000000e+00   1.8448051e-04
   5.4000000e+02   0.0000000e+00   1.8359211e-04
   5.4100000e+02   0.0000000e+00   1.8270798e-04
   5.4200000e+02   0.0000000e+00   1.8182811e-04
   5.4300000e+02   0.0000000e+00   1.8095248e-04
   5.4400000e+02   0.0000000e+00   1.8008107e-04
   5.4500000e+02   0.0000000e+00   1.7921385e-04
   5.4600000e+02   1.0000000e+00   1.7835081e-04
   5.4700000e+02   0.0000000e+00   1.7749192e-04
   5.4800000e+02   0.0000000e+00   1.7663717e-04
   5.4900000e+02   0.0000000e+00   1.7578654e-04
   5.5000000e+02   0.0000000e+00   1.7494000e-04
   5.5100000e+02   0.0000000e+00   1.7409754e-04
   5.5200000e+02   0.0000000e+00   1.7325914e-04
   5.5300000e+02   0.0000000e+00   1.7242477e-04
   5.5400000e+02   0.0000000e+00   1.7159442e-04
   5.5500000e+02   0.0000000e+00   1.7076807e-04
   5.5600000e+02   0.0000000e+00   1.6994570e-04
   5.5700000e+02   1.0000000e+00   1.6912729e-04
   5.5800000e+02   0.0000000e+00   1.6831283e-04
   5.5900000e+02   0.0000000e+00   1.6750228e-04
   5.6000000e+02   0.0000000e+00   1.6669564e-04
   5.6100000e+02   0.0000000e+00   1.6589288e-04
   5.6200000e+02   0.0000000e+00   1.6509399e-04
   5.6300000e+02   0.0000000e+00   1.6429894e-04
   5.6400000e+02   0.0000000e+00   1.6350773e-04
   5.6500000e+02   0.0000000e+00   1.6272032e-04
   5.6600000e+02   2.0000000e+00   1.6193671e-04
   5.6700000e+02   0.0000000e+00   1.6115687e-04
   5.6800000e+02   0.0000000e+00   1.6038078e-04
   5.6900000e+02   0.0000000e+00   1.5960843e-04
   5.7000000e+02   1.0000000e+00   1.5883981e-04
   5.7100000e+02   1.0000000e+00   1.5807488e-04
   5.7200000e+02   0.0000000e+00   1.5731364e-04
   5.7300000e+02   0.0000000e+00   1.5655606e-04
   5.7400000e+02   0.0000000e+00   1.5580213e-04
   5.7500000e+02   0.0000000e+00   1.5505183e-04
   5.7600000e+02   0.0000000e+00   1.5430515e-04
   5.7700000e+02   0.0000000e+00   1.5356206e-04
   5.7800000e+02   0.0000000e+00   1.5282255e-04
   5.7900000e+02   0.0000000e+00   1.5208660e-04
   5.8000000e+02   0.0000000e+00   1.5135419e-04
   5.8100000e+02   0.0000000e+00   1.5062532e-04
   5.8200000e+02   0.0000000e+00   1.4989995e-04
   5.8300000e+02   0.0000000e+00   1.4917807e-04
   5.8400000e+02   0.0000000e+00   1.4845968e-04
   5.8500000e+02   0.0000000e+00   1.4774474e-04
   5.8600000e+02   0.0000000e+00   1.4703324e-04
   5.8700000e+02   0.0000000e+00   1.4632517e-04
   5.8800000e+02   0.0000000e+00   1.4562051e-04
   5.8900000e+02   0.0000000e+00   1.4491925e-04
   5.9000000e+02   0.0000000e+00   1.4422136e-04
   5.9100000e+02   0.0000000e+00   1.4352683e-04
   5.9200000e+02   0.0000000e+00   1.4283564e-04
   5.9300000e+02   0.0000000e+00   1.4214779e-04
   5.9400000e+02   0.0000000e+00   1.4146325e-04
   5.9500000e+02   0.0000000e+00   1.4078200e-04
   5.9600000e+02   0.0000000e+00   1.4010403e-04
   5.9700000e+02   0.0000000e+00   1.3942933e-04
   5.9800000e+02   0.0000000e+00   1.3875788e-04
   5.9900000e+02   0.0000000e+00   1.3808967e-04
   6.0000000e+02   0.0000000e+00   1.3742467e-04
   6.0100000e+02   0.0000000e+00   1.3676287e-04
   6.0200000e+02   0.0000000e+00   1.3610426e-04
   6.0300000e+02   0.0000000e+00   1.3544882e-04
   6.0400000e+02   1.0000000e+00   1.3479654e-04
   6.0500000e+02   0.0000000e+00   1.3414740e-04
   6.0600000e+02   0.0000000e+00   1.3350138e-04
   6.0700000e+02   0.0000000e+00   1.3285848e-04
   6.0800000e+02   0.0000000e+00   1.3221867e-04
   6.0900000e+02   0.0000000e+00   1.3158194e-04
   6.1000000e+02   0.0000000e+00   1.3094828e-04
   6.1100000e+02   0.0000000e+00   1.3031767e-04
   6.1200000e+02   0.0000000e+00   1.2969010e-04
   6.1300000e+02   0.0000000e+00   1.2906555e-04
   6.1400000e+02   0.0000000e+00   1.2844401e-04
   6.1500000e+02   0.0000000e+00   1.2782546e-04
   6.1600000e+02   0.0000000e+00   1.2720989e-04
   6.1700000e+02   0.0000000e+00   1.2659728e-04
   6.1800000e+02   0.0000000e+00   1.2598763e-04
   6.1900000e+02   0.0000000e+00   1.2538091e-04
   6.2000000e+02   0.0000000e+00   1.2477711e-04
   6.2100000e+02   0.0000000e+00   1.2417622e-04
   6.2200000e+02   0.0000000e+00   1.2357822e-04
   6.2300000e+02   0.0000000e+00   1.2298310e-04
   6.2400000e+02   0.0000000e+00   1.2239085e-04
   6.2500000e+02   0.0000000e+00   1.2180145e-04
   6.2600000e+02   0.0000000e+00   1.2121489e-04
   6.2700000e+02   0.0000000e+00   1.2063116e-04
   6.2800000e+02   0.0000000e+00   1.2005023e-04
   6.2900000e+02   0.0000000e+00   1.1947211e-04
   6.3000000e+02   0.0000000e+00   1.1889676e-04
   6.3100000e+02   0.0000000e+00   1.1832419e-04
   6.3200000e+02   0.0000000e+00   1.1775437e-04
   6.3300000e+02   0.0000000e+00   1.1718730e-04
   6.3400000e+02   0.0000000e+00   1.1662296e-04
   6.3500000e+02   0.0000000e+00   1.1606134e-04
   6.3600000e+02   0.0000000e+00   1.1550242e-04
   6.3700000e+02   0.0000000e+00   1.1494620e-04
   6.3800000e+02   0.0000000e+00   1.1439265e-04
   6.3900000e+02   0.0000000e+00   1.1384177e-04
   6.4000000e+02   0.0000000e+00   1.1329354e-04
   6.4100000e+02   0.0000000e+00   1.1274795e-04
   6.4200000e+02   0.0000000e+00   1.1220499e-04
   6.4300000e+02   0.0000000e+00   1.1166464e-04
   6.4400000e+02   0.0000000e+00   1.1112690e-04
   6.4500000e+02   0.0000000e+00   1.1059174e-04
   6.4600000e+02   0.0000000e+00   1.1005916e-04
   6.4700000e+02   0.0000000e+00   1.0952915e-04
   6.4800000e+02   0.0000000e+00   1.0900169e-04
   6.4900000e+02   0.0000000e+00   1.0847677e-04
   6.5000000e+02   0.0000000e+00   1.0795438e-04
   6.5100000e+02   0.0000000e+00   1.0743450e-04
   6.5200000e+02   0.0000000e+00   1.0691713e-04
   6.5300000e+02   0.0000000e+00   1.0640224e-04
   6.5400000e+02   0.0000000e+00   1.0588984e-04
   6.5500000e+02   0.0000000e+00   1.0537991e-04
   6.5600000e+02   0.0000000e+00   1.0487243e-04
   6.5700000e+02   0.0000000e+00   1.0436739e-04
   6.5800000e+02   0.0000000e+00   1.0386479e-04
   6.5900000e+02   0.0000000e+00   1.0336461e-04
   6.6000000e+02   0.0000000e+00   1.0286683e-04
   6.6100000e+02   0.0000000e+00   1.0237146e-04
   6.6200000e+02   0.0000000e+00   1.0187846e-04
   6.6300000e+02   0.0000000e+00   1.0138785e-04
   6.6400000e+02   0.0000000e+00   1.0089959e-04
   6.6500000e+02   0.0000000e+00   1.0041369e-04
   6.6600000e+02   0.0000000e+00   9.9930126e-05
   6.6700000e+02   0.0000000e+00   9.9448892e-05
   6.6800000e+02   0.0000000e+00   9.8969974e-05
   6.6900000e+02   0.0000000e+00   9.8493364e-05
   6.7000000e+02   0.0000000e+00   9.8019048e-05
   6.7100000e+02   0.0000000e+00   9.7547017e-05
   6.7200000e+02   0.0000000e+00   9.7077259e-05
   6.7300000e+02   0.0000000e+00   9.6609763e-05
   6.7400000e+02   0.0000000e+00   9.6144518e-05
   6.7500000e+02   0.0000000e+00   9.5681514e-05
   6.7600000e+02   0.0000000e+00   9.5220739e-05
   6.7700000e+02   0.0000000e+00   9.4762184e-05
   6.7800000e+02   0.0000000e+00   9.4305836e-05
   6.7900000e+02   0.0000000e+00   9.3851687e-05
   6.8000000e+02   0.0000000e+00   9.3399724e-05
   6.8100000e+02   0.0000000e+00   9.2949938e-05
   6.8200000e+02   0.0000000e+00   9.2502318e-05
   6.8300000e+02   0.0000000e+00   9.2056854e-05
   6.8400000e+02   0.0000000e+00   9.1613535e-05
   6.8500000e+02   0.0000000e+00   9.1172350e-05
   6.8600000e+02   0.0000000e+00   9.0733291e-05
   6.8700000e+02   0.0000000e+00   9.0296345e-05
   6.8800000e+02   0.0000000e+00   8.9861504e-05
   6.8900000e+02   0.0000000e+00   8.9428757e-05
   6.9000000e+02   0.0000000e+00   8.8998094e-05
   6.9100000e+02   0.0000000e+00   8.8569505e-05
   6.9200000e+02   0.0000000e+00   8.8142980e-05
   6.9300000e+02   0.0000000e+00   8.7718509e-05
   6.9400000e+02   0.0000000e+00   8.7296082e-05
   6.9500000e+02   0.0000000e+00   8.6875689e-05
   6.9600000e+02   0.0000000e+00   8.6457321e-05
   6.9700000e+02   0.0000000e+00   8.6040968e-05
   6.9800000e+02   0.0000000e+00   8.5626619e-05
   6.9900000e+02   0.0000000e+00   8.5214266e-05
   7.0000000e+02   0.0000000e+00   8.4803899e-05
   7.0100000e+02   0.0000000e+00   8.4395508e-05
   7.0200000e+02   0.0000000e+00   8.3989084e-05
   7.0300000e+02   0.0000000e+00   8.3584617e-05
   7.0400000e+02   0.0000000e+00   8.3182097e-05
   7.0500000e+02   0.0000000e+00   8.2781516e-05
   7.0600000e+02   0.0000000e+00   8.2382865e-05
   7.0700000e+02   0.0000000e+00   8.1986132e-05
   7.0800000e+02   0.0000000e+00   8.1591311e-05
   7.0900000e+02   0.0000000e+00   8.1198391e-05
   7.1000000e+02   0.0000000e+00   8.0807363e-05
   7.1100000e+02   0.0000000e+00   8.0418218e-05
   7.1200000e+02   0.0000000e+00   8.0030947e-05
   7.1300000e+02   0.0000000e+00   7.9645541e-05
   7.1400000e+02   0.0000000e+00   7.9261991e-05
   7.1500000e+02   0.0000000e+00   7.8880289e-05
   7.1600000e+02   0.0000000e+00   7.8500424e-05
   7.1700000e+02   0.0000000e+00   7.8122389e-05
   7.1800000e+02   0.0000000e+00   7.7746174e-05
   7.1900000e+02   0.0000000e+00   7.7371771e-05
   7.2000000e+02   0.0000000e+00   7.6999171e-05
   7.2100000e+02   0.0000000e+00   7.6628365e-05
   7.2200000e+02   0.0000000e+00   7.6259345e-05
   7.2300000e+02   0.0000000e+00   7.5892102e-05
   7.2400000e+02   1.0000000e+00   7.5526628e-05
   7.2500000e+02   0.0000000e+00   7.5162913e-05
   7.2600000e+02   0.0000000e+00   7.4800950e-05
   7.2700000e+02   0.0000000e+00   7.4440731e-05
   7.2800000e+02   0.0000000e+00   7.4082246e-05
   7.2900000e+02   0.0000000e+00   7.3725487e-05
   7.3000000e+02   0.0000000e+00   7.3370446e-05
   7.3100000e+02   0.0000000e+00   7.3017115e-05
   7.3200000e+02   0.0000000e+00   7.2665486e-05
   7.3300000e+02   0.0000000e+00   7.2315550e-05
   7.3400000e+02   0.0000000e+00   7.1967299e-05
   7.3500000e+02   0.0000000e+00   7.1620726e-05
   7.3600000e+02   0.0000000e+00   7.1275821e-05
   7.3700000e+02   0.0000000e+00   7.0932577e-05
   7.3800000e+02   0.0000000e+00   7.0590987e-05
   7.3900000e+02   0.0000000e+00   7.0251041e-05
   7.4000000e+02   0.0000000e+00   6.9912732e-05
   7.4100000e+02   0.0000000e+00   6.9576053e-05
   7.4200000e+02   0.0000000e+00   6.9240994e-05
   7.4300000e+02   0.0000000e+00   6.8907550e-05
   7.4400000e+02   0.0000000e+00   6.8575711e-05
   7.4500000e+02   0.0000000e+00   6.8245470e-05
   7.4600000e+02   0.0000000e+00   6.7916820e-05
   7.4700000e+02   1.0000000e+00   6.7589752e-05
   7.4800000e+02   0.0000000e+00   6.7264259e-05
   7.4900000e+02   1.0000000e+00   6.6940334e-05
   7.5000000e+02   0.0000000e+00   6.6617969e-05
   7.5100000e+02   0.0000000e+00   6.6297156e-05
   7.5200000e+02   0.0000000e+00   6.5977888e-05
   7.5300000e+02   0.0000000e+00   6.5660158e-05
   7.5400000e+02   0.0000000e+00   6.5343957e-05
   7.5500000e+02   0.0000000e+00   6.5029280e-05
   7.5600000e+02   0.0000000e+00   6.4716118e-05
   7.5700000e+02   0.0000000e+00   6.4404463e-05
   7.5800000e+02   0.0000000e+00   6.4094310e-05
   7.5900000e+02   0.0000000e+00   6.3785651e-05
   7.6000000e+02   0.0000000e+00   6.3478477e-05
   7.6100000e+02   0.0000000e+00   6.3172783e-05
   7.6200000e+02   0.0000000e+00   6.2868561e-05
   7.6300000e+02   0.0000000e+00   6.2565805e-05
   7.6400000e+02   0.0000000e+00   6.2264506e-05
   7.6500000e+02   0.0000000e+00   6.1964658e-05
   7.6600000e+02   0.0000000e+00   6.1666254e-05
   7.6700000e+02   0.0000000e+00   6.1369287e-05
   7.6800000e+02   0.0000000e+00   6.1073751e-05
   7.6900000e+02   0.0000000e+00   6.0779637e-05
   7.7000000e+02   0.0000000e+00   6.0486940e-05
   7.7100000e+02   0.0000000e+00   6.0195652e-05
   7.7200000e+02   0.0000000e+00   5.9905767e-05
   7.7300000e+02   0.0000000e+00   5.9617279e-05
   7.7400000e+02   0.0000000e+00   5.9330179e-05
   7.7500000e+02   0.0000000e+00   5.9044462e-05
   7.7600000e+02   0.0000000e+00   5.8760121e-05
   7.7700000e+02   0.0000000e+00   5.8477149e-05
   7.7800000e+02   0.0000000e+00   5.8195540e-05
   7.7900000e+02   0.0000000e+00   5.7915287e-05
   7.8000000e+02   1.0000000e+00   5.7636384e-05
   7.8100000e+02   0.0000000e+00   5.7358824e-05
   7.8200000e+02   0.0000000e+00   5.7082600e-05
   7.8300000e+02   0.0000000e+00   5.6807707e-05
   7.8400000e+02   0.0000000e+00   5.6534138e-05
   7.8500000e+02   0.0000000e+00   5.6261886e-05
   7.8600000e+02   0.0000000e+00   5.5990945e-05
   7.8700000e+02   0.0000000e+00   5.5721308e-05
   7.8800000e+02   0.0000000e+00   5.5452971e-05
   7.8900000e+02   0.0000000e+00   5.5185925e-05
   7.9000000e+02   0.0000000e+00   5.4920166e-05
   7.9100000e+02   1.0000000e+00   5.4655686e-05
   7.9200000e+02   0.0000000e+00   5.4392480e-05
   7.9300000e+02   0.0000000e+00   5.4130542e-05
   7.9400000e+02   0.0000000e+00   5.3869865e-05
   7.9500000e+02   0.0000000e+00   5.3610443e-05
   7.9600000e+02   0.0000000e+00   5.3352271e-05
   7.9700000e+02   0.0000000e+00   5.3095342e-05
   7.9800000e+02   0.0000000e+00   5.2839650e-05
   7.9900000e+02   0.0000000e+00   5.2585189e-05
   8.0000000e+02   0.0000000e+00   5.2331954e-05
   8.0100000e+02   0.0000000e+00   5.2079939e-05
   8.0200000e+02   0.0000000e+00   5.1829137e-05
   8.0300000e+02   0.0000000e+00   5.1579543e-05
   8.0400000e+02   0.0000000e+00   5.1331151e-05
   8.0500000e+02   0.0000000e+00   5.1083955e-05
   8.0600000e+02   0.0000000e+00   5.0837949e-05
   8.0700000e+02   0.0000000e+00   5.0593128e-05
   8.0800000e+02   0.0000000e+00   5.0349486e-05
   8.0900000e+02   0.0000000e+00   5.0107018e-05
   8.1000000e+02   0.0000000e+00   4.9865717e-05
   8.1100000e+02   0.0000000e+00   4.9625578e-05
   8.1200000e+02   0.0000000e+00   4.9386596e-05
   8.1300000e+02   0.0000000e+00   4.9148764e-05
   8.1400000e+02   0.0000000e+00   4.8912078e-05
   8.1500000e+02   0.0000000e+00   4.8676531e-05
   8.1600000e+02   0.0000000e+00   4.8442119e-05
   8.1700000e+02   0.0000000e+00   4.8208836e-05
   8.1800000e+02   0.0000000e+00   4.7976676e-05
   8.1900000e+02   0.0000000e+00   4.7745634e-05
   8.2000000e+02   0.0000000e+00   4.7515705e-05
   8.2100000e+02   0.0000000e+00   4.7286883e-05
   8.2200000e+02   0.0000000e+00   4.7059163e-05
   8.2300000e+02   0.0000000e+00   4.6832540e-05
   8.2400000e+02   0.0000000e+00   4.6607008e-05
   8.2500000e+02   0.0000000e+00   4.6382562e-05
   8.2600000e+02   0.0000000e+00   4.6159197e-05
   8.2700000e+02   0.0000000e+00   4.5936908e-05
   8.2800000e+02   0.0000000e+00   4.5715689e-05
   8.2900000e+02   0.0000000e+00   4.5495536e-05
   8.3000000e+02   0.0000000e+00   4.5276442e-05
   8.3100000e+02   0.0000000e+00   4.5058404e-05
   8.3200000e+02   0.0000000e+00   4.4841416e-05
   8.3300000e+02   0.0000000e+00   4.4625472e-05
   8.3400000e+02   0.0000000e+00   4.4410569e-05
   8.3500000e+02   0.0000000e+00   4.4196701e-05
   8.3600000e+02   0.0000000e+00   4.3983862e-05
   8.3700000e+02   0.0000000e+00   4.3772049e-05
   8.3800000e+02   0.0000000e+00   4.3561255e-05
   8.3900000e+02   0.0000000e+00   4.3351477e-05
   8.4000000e+02   0.0000000e+00   4.3142709e-05
   8.4100000e+02   0.0000000e+00   4.2934946e-05
   8.4200000e+02   0.0000000e+00   4.2728183e-05
   8.4300000e+02   0.0000000e+00   4.2522417e-05
   8.4400000e+02   0.0000000e+00   4.2317641e-05
   8.4500000e+02   0.0000000e+00   4.2113852e-05
   8.4600000e+02   0.0000000e+00   4.1911044e-05
   8.4700000e+02   1.0000000e+00   4.1709212e-05
   8.4800000e+02   0.0000000e+00   4.1508353e-05
   8.4900000e+02   0.0000000e+00   4.1308460e-05
   8.5000000e+02   0.0000000e+00   4.1109531e-05
   8.5100000e+02   0.0000000e+00   4.0911559e-05
   8.5200000e+02   0.0000000e+00   4.0714541e-05
   8.5300000e+02   0.0000000e+00   4.0518472e-05
   8.5400000e+02   0.0000000e+00   4.0323346e-05
   8.5500000e+02   0.0000000e+00   4.0129161e-05
   8.5600000e+02   0.0000000e+00   3.9935910e-05
   8.5700000e+02   0.0000000e+00   3.9743590e-05
   8.5800000e+02   0.0000000e+00   3.9552197e-05
   8.5900000e+02   0.0000000e+00   3.9361725e-05
   8.6000000e+02   0.0000000e+00   3.9172170e-05
   8.6100000e+02   0.0000000e+00   3.8983528e-05
   8.6200000e+02   0.0000000e+00   3.8795795e-05
   8.6300000e+02   0.0000000e+00   3.8608966e-05
   8.6400000e+02   0.0000000e+00   3.8423036e-05
   8.6500000e+02   0.0000000e+00   3.8238002e-05
   8.6600000e+02   0.0000000e+00   3.8053859e-05
   8.6700000e+02   0.0000000e+00   3.7870602e-05
   8.6800000e+02   1.0000000e+00   3.7688228e-05
   8.6900000e+02   0.0000000e+00   3.7506733e-05
   8.7000000e+02   0.0000000e+00   3.7326111e-05
   8.7100000e+02   0.0000000e+00   3.7146360e-05
   8.7200000e+02   0.0000000e+00   3.6967473e-05
   8.7300000e+02   0.0000000e+00   3.6789449e-05
   8.7400000e+02   0.0000000e+00   3.6612281e-05
   8.7500000e+02   0.0000000e+00   3.6435967e-05
   8.7600000e+02   0.0000000e+00   3.6260502e-05
   8.7700000e+02   0.0000000e+00   3.6085882e-05
   8.7800000e+02   0.0000000e+00   3.5912103e-05
   8.7900000e+02   0.0000000e+00   3.5739161e-05
   8.8000000e+02   0.0000000e+00   3.5567051e-05
   8.8100000e+02   0.0000000e+00   3.5395771e-05
   8.8200000e+02   0.0000000e+00   3.5225315e-05
   8.8300000e+02   0.0000000e+00   3.5055680e-05
   8.8400000e+02   0.0000000e+00   3.4886862e-05
   8.8500000e+02   0.0000000e+00   3.4718857e-05
   8.8600000e+02   0.0000000e+00   3.4551661e-05
   8.8700000e+02   0.0000000e+00   3.4385270e-05
   8.8800000e+02   0.0000000e+00   3.4219681e-05
   8.8900000e+02   0.0000000e+00   3.4054888e-05
   8.9000000e+02   0.0000000e+00   3.3890890e-05
   8.9100000e+02   0.0000000e+00   3.3727681e-05
   8.9200000e+02   0.0000000e+00   3.3565258e-05
   8.9300000e+02   0.0000000e+00   3.3403618e-05
   8.9400000e+02   0.0000000e+00   3.3242756e-05
   8.9500000e+02   0.0000000e+00   3.3082668e-05
   8.9600000e+02   0.0000000e+00   3.2923352e-05
   8.9700000e+02   0.0000000e+00   3.2764802e-05
   8.9800000e+02   0.0000000e+00   3.2607017e-05
   8.9900000e+02   0.0000000e+00   3.2449991e-05
   9.0000000e+02   0.0000000e+00   3.2293721e-05
   9.0100000e+02   0.0000000e+00   3.2138204e-05
   9.0200000e+02   0.0000000e+00   3.1983435e-05
   9.0300000e+02   0.0000000e+00   3.1829412e-05
   9.0400000e+02   0.0000000e+00   3.1676131e-05
   9.0500000e+02   0.0000000e+00   3.1523588e-05
   9.0600000e+02   0.0000000e+00   3.1371780e-05
   9.0700000e+02   0.0000000e+00   3.1220702e-05
   9.0800000e+02   0.0000000e+00   3.1070352e-05
   9.0900000e+02   0.0000000e+00   3.0920726e-05
   9.1000000e+02   0.0000000e+00   3.0771821e-05
   9.1100000e+02   0.0000000e+00   3.0623633e-05
   9.1200000e+02   0.0000000e+00   3.0476158e-05
   9.1300000e+02   0.0000000e+00   3.0329394e-05
   9.1400000e+02   0.0000000e+00   3.0183336e-05
   9.1500000e+02   0.0000000e+00   3.0037982e-05
   9.1600000e+02   0.0000000e+00   2.9893328e-05
   9.1700000e+02   0.0000000e+00   2.9749370e-05
   9.1800000e+02   0.0000000e+00   2.9606106e-05
   9.1900000e+02   0.0000000e+00   2.9463532e-05
   9.2000000e+02   0.0000000e+00   2.9321644e-05
   9.2100000e+02   0.0000000e+00   2.9180439e-05
   9.2200000e+02   0.0000000e+00   2.9039915e-05
   9.2300000e+02   0.0000000e+00   2.8900067e-05
   9.2400000e+02   0.0000000e+00   2.8760892e-05
   9.2500000e+02   0.0000000e+00   2.8622388e-05
   9.2600000e+02   0.0000000e+00   2.8484551e-05
   9.2700000e+02   0.0000000e+00   2.8347378e-05
   9.2800000e+02   0.0000000e+00   2.8210865e-05
   9.2900000e+02   0.0000000e+00   2.8075010e-05
   9.3000000e+02   0.0000000e+00   2.7939809e-05
   9.3100000e+02   0.0000000e+00   2.7805259e-05
   9.3200000e+02   0.0000000e+00   2.7671356e-05
   9.3300000e+02   0.0000000e+00   2.7538099e-05
   9.3400000e+02   0.0000000e+00   2.7405484e-05
   9.3500000e+02   0.0000000e+00   2.7273507e-05
   9.3600000e+02   0.0000000e+00   2.7142166e-05
   9.3700000e+02   0.0000000e+00   2.7011457e-05
   9.3800000e+02   0.0000000e+00   2.6881377e-05
   9.3900000e+02   0.0000000e+00   2.6751924e-05
   9.4000000e+02   0.0000000e+00   2.6623095e-05
   9.4100000e+02   0.0000000e+00   2.6494886e-05
   9.4200000e+02   0.0000000e+00   2.6367294e-05
   9.4300000e+02   0.0000000e+00   2.6240317e-05
   9.4400000e+02   0.0000000e+00   2.6113951e-05
   9.4500000e+02   0.0000000e+00   2.5988194e-05
   9.4600000e+02   0.0000000e+00   2.5863042e-05
   9.4700000e+02   0.0000000e+00   2.5738493e-05
   9.4800000e+02   0.0000000e+00   2.5614544e-05
   9.4900000e+02   0.0000000e+00   2.5491192e-05
   9.5000000e+02   0.0000000e+00   2.5368434e-05
   9.5100000e+02   0.0000000e+00   2.5246267e-05
   9.5200000e+02   0.0000000e+00   2.5124688e-05
   9.5300000e+02   0.0000000e+00   2.5003695e-05
   9.5400000e+02   0.0000000e+00   2.4883284e-05
   9.5500000e+02   0.0000000e+00   2.4763453e-05
   9.5600000e+02   0.0000000e+00   2.4644200e-05
   9.5700000e+02   0.0000000e+00   2.4525520e-05
   9.5800000e+02   0.0000000e+00   2.4407413e-05
   9.5900000e+02   0.0000000e+00   2.4289874e-05
   9.6000000e+02   0.0000000e+00   2.4172901e-05
   9.6100000e+02   0.0000000e+00   2.4056491e-05
   9.6200000e+02   0.0000000e+00   2.3940642e-05
   9.6300000e+02   0.0000000e+00   2.3825351e-05
   9.6400000e+02   0.0000000e+00   2.3710615e-05
   9.6500000e+02   0.0000000e+00   2.3596431e-05
   9.6600000e+02   0.0000000e+00   2.3482798e-05
   9.6700000e+02   0.0000000e+00   2.3369711e-05
   9.6800000e+02   0.0000000e+00   2.3257169e-05
   9.6900000e+02   0.0000000e+00   2.3145170e-05
   9.7000000e+02   0.0000000e+00   2.3033709e-05
   9.7100000e+02   0.0000000e+00   2.2922786e-05
   9.7200000e+02   0.0000000e+00   2.2812396e-05
   9.7300000e+02   0.0000000e+00   2.2702538e-05
   9.7400000e+02   0.0000000e+00   2.2593209e-05
   9.7500000e+02   0.0000000e+00   2.2484407e-05
   9.7600000e+02   0.0000000e+00   2.2376129e-05
   9.7700000e+02   0.0000000e+00   2.2268372e-05
   9.7800000e+02   0.0000000e+00   2.2161134e-05
   9.7900000e+02   0.0000000e+00   2.2054412e-05
   9.8000000e+02   0.0000000e+00   2.1948204e-05
   9.8100000e+02   0.0000000e+00   2.1842508e-05
   9.8200000e+02   0.0000000e+00   2.1737321e-05
   9.8300000e+02   0.0000000e+00   2.1632640e-05
   9.8400000e+02   0.0000000e+00   2.1528464e-05
   9.8500000e+02   0.0000000e+00   2.1424789e-05
   9.8600000e+02   0.0000000e+00   2.1321613e-05
   9.8700000e+02   0.0000000e+00   2.1218934e-05
   9.8800000e+02   0.0000000e+00   2.1116750e-05
   9.8900000e+02   0.0000000e+00   2.1015058e-05
   9.9000000e+02   0.0000000e+00   2.0913856e-05
   9.9100000e+02   0.0000000e+00   2.0813141e-05
   9.9200000e+02   0.0000000e+00   2.0712911e-05
   9.9300000e+02   0.0000000e+00   2.0613163e-05
   9.9400000e+02   0.0000000e+00   2.0513896e-05
   9.9500000e+02   0.0000000e+00   2.0415107e-05
   9.9600000e+02   0.0000000e+00   2.0316794e-05
   9.9700000e+02   0.0000000e+00   2.0218954e-05
   9.9800000e+02   0.0000000e+00   2.0121585e-05
   9.9900000e+02   0.0000000e+00   2.0024686e-05
   1.0000000e+03   0.0000000e+00   1.9928253e-05
   1.0010000e+03   0.0000000e+00   1.9832284e-05
   1.0020000e+03   0.0000000e+00   1.9736777e-05
   1.0030000e+03   0.0000000e+00   1.9641731e-05
   1.0040000e+03   0.0000000e+00   1.9547142e-05
   1.0050000e+03   0.0000000e+00   1.9453008e-05
   1.0060000e+03   0.0000000e+00   1.9359328e-05
   1.0070000e+03   0.0000000e+00   1.9266099e-05
   1.0080000e+03   0.0000000e+00   1.9173320e-05
   1.0090000e+03   0.0000000e+00   1.9080986e-05
   1.0100000e+03   0.0000000e+00   1.8989098e-05
   1.0110000e+03   0.0000000e+00   1.8897652e-05
   1.0120000e+03   0.0000000e+00   1.8806646e-05
   1.0130000e+03   0.0000000e+00   1.8716079e-05
   1.0140000e+03   0.0000000e+00   1.8625948e-05
   1.0150000e+03   0.0000000e+00   1.8536250e-05
   1.0160000e+03   0.0000000e+00   1.8446985e-05
   1.0170000e+03   0.0000000e+00   1.8358150e-05
   1.0180000e+03   0.0000000e+00   1.8269742e-05
   1.0190000e+03   0.0000000e+00   1.8181761e-05
   1.0200000e+03   0.0000000e+00   1.8094202e-05
   1.0210000e+03   0.0000000e+00   1.8007066e-05
   1.0220000e+03   0.0000000e+00   1.7920349e-05
   1.0230000e+03   0.0000000e+00   1.7834050e-05
   1.0240000e+03   0.0000000e+00   1.7748166e-05
   1.0250000e+03   0.0000000e+00   1.7662696e-05
   1.0260000e+03   0.0000000e+00   1.7577638e-05
   1.0270000e+03   0.0000000e+00   1.7492989e-05
   1.0280000e+03   0.0000000e+00   1.7408748e-05
   1.0290000e+03   0.0000000e+00   1.7324912e-05
   1.0300000e+03   0.0000000e+00   1.7241481e-05
   1.0310000e+03   0.0000000e+00   1.7158451e-05
   1.0320000e+03   0.0000000e+00   1.7075821e-05
   1.0330000e+03   0.0000000e+00   1.6993588e-05
   1.0340000e+03   0.0000000e+00   1.6911752e-05
   1.0350000e+03   0.0000000e+00   1.6830310e-05
   1.0360000e+03   0.0000000e+00   1.6749260e-05
   1.0370000e+03   0.0000000e+00   1.6668601e-05
   1.0380000e+03   0.0000000e+00   1.6588329e-05
   1.0390000e+03   0.0000000e+00   1.6508445e-05
   1.0400000e+03   0.0000000e+00   1.6428945e-05
   1.0410000e+03   0.0000000e+00   1.6349828e-05
   1.0420000e+03   0.0000000e+00   1.6271092e-05
   1.0430000e+03   0.0000000e+00   1.6192735e-05
   1.0440000e+03   0.0000000e+00   1.6114755e-05
   1.0450000e+03   0.0000000e+00   1.6037151e-05
   1.0460000e+03   0.0000000e+00   1.5959921e-05
   1.0470000e+03   0.0000000e+00   1.5883063e-05
   1.0480000e+03   0.0000000e+00   1.5806575e-05
   1.0490000e+03   0.0000000e+00   1.5730455e-05
   1.0500000e+03   0.0000000e+00   1.5654701e-05
   1.0510000e+03   0.0000000e+00   1.5579313e-05
   1.0520000e+03   0.0000000e+00   1.5504287e-05
   1.0530000e+03   0.0000000e+00   1.5429623e-05
   1.0540000e+03   0.0000000e+00   1.5355319e-05
   1.0550000e+03   0.0000000e+00   1.5281372e-05
   1.0560000e+03   0.0000000e+00   1.5207781e-05
   1.0570000e+03   0.0000000e+00   1.5134545e-05
   1.0580000e+03   0.0000000e+00   1.5061661e-05
   1.0590000e+03   0.0000000e+00   1.4989129e-05
   1.0600000e+03   0.0000000e+00   1.4916945e-05
   1.0610000e+03   0.0000000e+00   1.4845110e-05
   1.0620000e+03   1.0000000e+00   1.4773620e-05
   1.0630000e+03   0.0000000e+00   1.4702474e-05
   1.0640000e+03   0.0000000e+00   1.4631672e-05
   1.0650000e+03   0.0000000e+00   1.4561210e-05
   1.0660000e+03   0.0000000e+00   1.4491087e-05
   1.0670000e+03   0.0000000e+00   1.4421302e-05
   1.0680000e+03   0.0000000e+00   1.4351853e-05
   1.0690000e+03   0.0000000e+00   1.4282739e-05
   1.0700000e+03   0.0000000e+00   1.4213957e-05
   1.0710000e+03   0.0000000e+00   1.4145507e-05
   1.0720000e+03   0.0000000e+00   1.4077387e-05
   1.0730000e+03   0.0000000e+00   1.4009594e-05
   1.0740000e+03   0.0000000e+00   1.3942128e-05
   1.0750000e+03   0.0000000e+00   1.3874986e-05
   1.0760000e+03   0.0000000e+00   1.3808169e-05
   1.0770000e+03   0.0000000e+00   1.3741672e-05
   1.0780000e+03   0.0000000e+00   1.3675497e-05
   1.0790000e+03   0.0000000e+00   1.3609639e-05
   1.0800000e+03   0.0000000e+00   1.3544099e-05
   1.0810000e+03   0.0000000e+00   1.3478875e-05
   1.0820000e+03   0.0000000e+00   1.3413964e-05
   1.0830000e+03   0.0000000e+00   1.3349367e-05
   1.0840000e+03   0.0000000e+00   1.3285080e-05
   1.0850000e+03   0.0000000e+00   1.3221103e-05
   1.0860000e+03   0.0000000e+00   1.3157434e-05
   1.0870000e+03   0.0000000e+00   1.3094071e-05
   1.0880000e+03   0.0000000e+00   1.3031014e-05
   1.0890000e+03   0.0000000e+00   1.2968261e-05
   1.0900000e+03   0.0000000e+00   1.2905809e-05
   1.0910000e+03   0.0000000e+00   1.2843659e-05
   1.0920000e+03   0.0000000e+00   1.2781807e-05
   1.0930000e+03   0.0000000e+00   1.2720254e-05
   1.0940000e+03   0.0000000e+00   1.2658997e-05
   1.0950000e+03   0.0000000e+00   1.2598035e-05
   1.0960000e+03   0.0000000e+00   1.2537366e-05
   1.0970000e+03   0.0000000e+00   1.2476990e-05
   1.0980000e+03   0.0000000e+00   1.2416904e-05
   1.0990000e+03   0.0000000e+00   1.2357108e-05
   1.1000000e+03   0.0000000e+00   1.2297600e-05
   1.1010000e+03   0.0000000e+00   1.2238378e-05
   1.1020000e+03   0.0000000e+00   1.2179442e-05
   1.1030000e+03   0.0000000e+00   1.2120789e-05
   1.1040000e+03   0.0000000e+00   1.2062419e-05
   1.1050000e+03   0.0000000e+00   1.2004330e-05
   1.1060000e+03   0.0000000e+00   1.1946520e-05
   1.1070000e+03   0.0000000e+00   1.1888989e-05
   1.1080000e+03   0.0000000e+00   1.1831735e-05
   1.1090000e+03   0.0000000e+00   1.1774757e-05
   1.1100000e+03   0.0000000e+00   1.1718053e-05
   1.1110000e+03   0.0000000e+00   1.1661622e-05
   1.1120000e+03   0.0000000e+00   1.1605463e-05
   1.1130000e+03   0.0000000e+00   1.1549575e-05
   1.1140000e+03   0.0000000e+00   1.1493955e-05
   1.1150000e+03   0.0000000e+00   1.1438604e-05
   1.1160000e+03   0.0000000e+00   1.1383519e-05
   1.1170000e+03   0.0000000e+00   1.1328699e-05
   1.1180000e+03   0.0000000e+00   1.1274143e-05
   1.1190000e+03   0.0000000e+00   1.1219850e-05
   1.1200000e+03   0.0000000e+00   1.1165819e-05
   1.1210000e+03   0.0000000e+00   1.1112048e-05
   1.1220000e+03   0.0000000e+00   1.1058535e-05
   1.1230000e+03   0.0000000e+00   1.1005280e-05
   1.1240000e+03   0.0000000e+00   1.0952282e-05
   1.1250000e+03   0.0000000e+00   1.0899539e-05
   1.1260000e+03   0.0000000e+00   1.0847050e-05
   1.1270000e+03   0.0000000e+00   1.0794814e-05
   1.1280000e+03   0.0000000e+00   1.0742829e-05
   1.1290000e+03   0.0000000e+00   1.0691095e-05
   1.1300000e+03   0.0000000e+00   1.0639610e-05
   1.1310000e+03   0.0000000e+00   1.0588372e-05
   1.1320000e+03   0.0000000e+00   1.0537382e-05
   1.1330000e+03   0.0000000e+00   1.0486637e-05
   1.1340000e+03   0.0000000e+00   1.0436136e-05
   1.1350000e+03   0.0000000e+00   1.0385879e-05
   1.1360000e+03   0.0000000e+00   1.0335863e-05
   1.1370000e+03   0.0000000e+00   1.0286089e-05
   1.1380000e+03   0.0000000e+00   1.0236554e-05
   1.1390000e+03   0.0000000e+00   1.0187258e-05
   1.1400000e+03   0.0000000e+00   1.0138199e-05
   1.1410000e+03   0.0000000e+00   1.0089376e-05
   1.1420000e+03   0.0000000e+00   1.0040789e-05
   1.1430000e+03   0.0000000e+00   9.9924352e-06
   1.1440000e+03   0.0000000e+00   9.9443145e-06
   1.1450000e+03   0.0000000e+00   9.8964256e-06
   1.1460000e+03   0.0000000e+00   9.8487672e-06
   1.1470000e+03   0.0000000e+00   9.8013384e-06
   1.1480000e+03   0.0000000e+00   9.7541380e-06
   1.1490000e+03   0.0000000e+00   9.7071649e-06
   1.1500000e+03   0.0000000e+00   9.6604180e-06
   1.1510000e+03   0.0000000e+00   9.6138962e-06
   1.1520000e+03   0.0000000e+00   9.5675985e-06
   1.1530000e+03   0.0000000e+00   9.5215237e-06
   1.1540000e+03   0.0000000e+00   9.4756708e-06
   1.1550000e+03   0.0000000e+00   9.4300387e-06
   1.1560000e+03   0.0000000e+00   9.3846264e-06
   1.1570000e+03   0.0000000e+00   9.3394327e-06
   1.1580000e+03   0.0000000e+00   9.2944567e-06
   1.1590000e+03   0.0000000e+00   9.2496973e-06
   1.1600000e+03   0.0000000e+00   9.2051534e-06
   1.1610000e+03   0.0000000e+00   9.1608241e-06
   1.1620000e+03   0.0000000e+00   9.1167082e-06
   1.1630000e+03   0.0000000e+00   9.0728048e-06
   1.1640000e+03   0.0000000e+00   9.0291128e-06
   1.1650000e+03   0.0000000e+00   8.9856312e-06
   1.1660000e+03   0.0000000e+00   8.9423590e-06
   1.1670000e+03   0.0000000e+00   8.8992952e-06
   1.1680000e+03   0.0000000e+00   8.8564387e-06
   1.1690000e+03   0.0000000e+00   8.8137887e-06
   1.1700000e+03   0.0000000e+00   8.7713440e-06
   1.1710000e+03   0.0000000e+00   8.7291038e-06
   1.1720000e+03   0.0000000e+00   8.6870669e-06
   1.1730000e+03   0.0000000e+00   8.6452325e-06
   1.1740000e+03   0.0000000e+00   8.6035996e-06
   1.1750000e+03   0.0000000e+00   8.5621672e-06
   1.1760000e+03   0.0000000e+00   8.5209342e-06
   1.1770000e+03   0.0000000e+00   8.4798999e-06
   1.1780000e+03   0.0000000e+00   8.4390631e-06
   1.1790000e+03   0.0000000e+00   8.3984230e-06
   1.1800000e+03   0.0000000e+00   8.3579787e-06
   1.1810000e+03   0.0000000e+00   8.3177291e-06
   1.1820000e+03   0.0000000e+00   8.2776733e-06
   1.1830000e+03   0.0000000e+00   8.2378104e-06
   1.1840000e+03   0.0000000e+00   8.1981395e-06
   1.1850000e+03   0.0000000e+00   8.1586596e-06
   1.1860000e+03   0.0000000e+00   8.1193699e-06
   1.1870000e+03   0.0000000e+00   8.0802693e-06
   1.1880000e+03   0.0000000e+00   8.0413571e-06
   1.1890000e+03   0.0000000e+00   8.0026323e-06
   1.1900000e+03   0.0000000e+00   7.9640939e-06
   1.1910000e+03   0.0000000e+00   7.9257411e-06
   1.1920000e+03   0.0000000e+00   7.8875731e-06
   1.1930000e+03   0.0000000e+00   7.8495888e-06
   1.1940000e+03   0.0000000e+00   7.8117874e-06
   1.1950000e+03   0.0000000e+00   7.7741681e-06
   1.1960000e+03   0.0000000e+00   7.7367300e-06
   1.1970000e+03   0.0000000e+00   7.6994721e-06
   1.1980000e+03   0.0000000e+00   7.6623937e-06
   1.1990000e+03   0.0000000e+00   7.6254938e-06
   1.2000000e+03   0.0000000e+00   7.5887717e-06
   1.2010000e+03   0.0000000e+00   7.5522263e-06
   1.2020000e+03   0.0000000e+00   7.5158570e-06
   1.2030000e+03   0.0000000e+00   7.4796628e-06
   1.2040000e+03   0.0000000e+00   7.4436429e-06
   1.2050000e+03   0.0000000e+00   7.4077965e-06
   1.2060000e+03   0.0000000e+00   7.3721227e-06
   1.2070000e+03   0.0000000e+00   7.3366207e-06
   1.2080000e+03   0.0000000e+00   7.3012896e-06
   1.2090000e+03   0.0000000e+00   7.2661287e-06
   1.2100000e+03   0.0000000e+00   7.2311371e-06
   1.2110000e+03   0.0000000e+00   7.1963141e-06
   1.2120000e+03   0.0000000e+00   7.1616587e-06
   1.2130000e+03   1.0000000e+00   7.1271702e-06
   1.2140000e+03   0.0000000e+00   7.0928478e-06
   1.2150000e+03   0.0000000e+00   7.0586907e-06
   1.2160000e+03   0.0000000e+00   7.0246981e-06
   1.2170000e+03   0.0000000e+00   6.9908692e-06
   1.2180000e+03   0.0000000e+00   6.9572032e-06
   1.2190000e+03   0.0000000e+00   6.9236993e-06
   1.2200000e+03   0.0000000e+00   6.8903568e-06
   1.2210000e+03   0.0000000e+00   6.8571748e-06
   1.2220000e+03   0.0000000e+00   6.8241527e-06
   1.2230000e+03   0.0000000e+00   6.7912895e-06
   1.2240000e+03   0.0000000e+00   6.7585846e-06
   1.2250000e+03   0.0000000e+00   6.7260373e-06
   1.2260000e+03   0.0000000e+00   6.6936466e-06
   1.2270000e+03   0.0000000e+00   6.6614119e-06
   1.2280000e+03   0.0000000e+00   6.6293325e-06
   1.2290000e+03   0.0000000e+00   6.5974076e-06
   1.2300000e+03   0.0000000e+00   6.5656364e-06
   1.2310000e+03   0.0000000e+00   6.5340181e-06
   1.2320000e+03   0.0000000e+00   6.5025522e-06
   1.2330000e+03   0.0000000e+00   6.4712378e-06
   1.2340000e+03   0.0000000e+00   6.4400742e-06
   1.2350000e+03   0.0000000e+00   6.4090607e-06
   1.2360000e+03   0.0000000e+00   6.3781965e-06
   1.2370000e+03   0.0000000e+00   6.3474809e-06
   1.2380000e+03   0.0000000e+00   6.3169133e-06
   1.2390000e+03   0.0000000e+00   6.2864929e-06
   1.2400000e+03   0.0000000e+00   6.2562189e-06
   1.2410000e+03   0.0000000e+00   6.2260908e-06
   1.2420000e+03   0.0000000e+00   6.1961077e-06
   1.2430000e+03   0.0000000e+00   6.1662691e-06
   1.2440000e+03   0.0000000e+00   6.1365741e-06
   1.2450000e+03   0.0000000e+00   6.1070221e-06
   1.2460000e+03   0.0000000e+00   6.0776125e-06
   1.2470000e+03   0.0000000e+00   6.0483445e-06
   1.2480000e+03   0.0000000e+00   6.0192174e-06
   1.2490000e+03   0.0000000e+00   5.9902306e-06
   1.2500000e+03   0.0000000e+00   5.9613834e-06
   1.2510000e+03   0.0000000e+00   5.9326751e-06
   1.2520000e+03   0.0000000e+00   5.9041050e-06
   1.2530000e+03   0.0000000e+00   5.8756726e-06
   1.2540000e+03   0.0000000e+00   5.8473770e-06
   1.2550000e+03   0.0000000e+00   5.8192177e-06
   1.2560000e+03   0.0000000e+00   5.7911941e-06
   1.2570000e+03   0.0000000e+00   5.7633054e-06
   1.2580000e+03   0.0000000e+00   5.7355510e-06
   1.2590000e+03   0.0000000e+00   5.7079302e-06
   1.2600000e+03   0.0000000e+00   5.6804425e-06
   1.2610000e+03   0.0000000e+00   5.6530871e-06
   1.2620000e+03   0.0000000e+00   5.6258635e-06
   1.2630000e+03   0.0000000e+00   5.5987709e-06
   1.2640000e+03   0.0000000e+00   5.5718089e-06
   1.2650000e+03   0.0000000e+00   5.5449766e-06
   1.2660000e+03   0.0000000e+00   5.5182736e-06
   1.2670000e+03   0.0000000e+00   5.4916992e-06
   1.2680000e+03   0.0000000e+00   5.4652528e-06
   1.2690000e+03   0.0000000e+00   5.4389337e-06
   1.2700000e+03   0.0000000e+00   5.4127414e-06
   1.2710000e+03   0.0000000e+00   5.3866752e-06
   1.2720000e+03   0.0000000e+00   5.3607345e-06
   1.2730000e+03   0.0000000e+00   5.3349188e-06
   1.2740000e+03   0.0000000e+00   5.3092274e-06
   1.2750000e+03   0.0000000e+00   5.2836597e-06
   1.2760000e+03   0.0000000e+00   5.2582151e-06
   1.2770000e+03   0.0000000e+00   5.2328930e-06
   1.2780000e+03   0.0000000e+00   5.2076929e-06
   1.2790000e+03   0.0000000e+00   5.1826142e-06
   1.2800000e+03   0.0000000e+00   5.1576562e-06
   1.2810000e+03   0.0000000e+00   5.1328184e-06
   1.2820000e+03   0.0000000e+00   5.1081003e-06
   1.2830000e+03   0.0000000e+00   5.0835011e-06
   1.2840000e+03   0.0000000e+00   5.0590205e-06
   1.2850000e+03   0.0000000e+00   5.0346577e-06
   1.2860000e+03   0.0000000e+00   5.0104122e-06
   1.2870000e+03   0.0000000e+00   4.9862835e-06
   1.2880000e+03   0.0000000e+00   4.9622710e-06
   1.2890000e+03   0.0000000e+00   4.9383742e-06
   1.2900000e+03   0.0000000e+00   4.9145924e-06
   1.2910000e+03   0.0000000e+00   4.8909251e-06
   1.2920000e+03   0.0000000e+00   4.8673719e-06
   1.2930000e+03   0.0000000e+00   4.8439320e-06
   1.2940000e+03   0.0000000e+00   4.8206050e-06
   1.2950000e+03   0.0000000e+00   4.7973904e-06
   1.2960000e+03   0.0000000e+00   4.7742876e-06
   1.2970000e+03   0.0000000e+00   4.7512960e-06
   1.2980000e+03   0.0000000e+00   4.7284151e-06
   1.2990000e+03   0.0000000e+00   4.7056444e-06
   1.3000000e+03   0.0000000e+00   4.6829834e-06
   1.3010000e+03   0.0000000e+00   4.6604315e-06
   1.3020000e+03   0.0000000e+00   4.6379882e-06
   1.3030000e+03   0.0000000e+00   4.6156530e-06
   1.3040000e+03   0.0000000e+00   4.5934254e-06
   1.3050000e+03   0.0000000e+00   4.5713047e-06
   1.3060000e+03   0.0000000e+00   4.5492907e-06
   1.3070000e+03   0.0000000e+00   4.5273826e-06
   1.3080000e+03   0.0000000e+00   4.5055800e-06
   1.3090000e+03   0.0000000e+00   4.4838825e-06
   1.3100000e+03   0.0000000e+00   4.4622894e-06
   1.3110000e+03   0.0000000e+00   4.4408003e-06
   1.3120000e+03   0.0000000e+00   4.4194147e-06
   1.3130000e+03   0.0000000e+00   4.3981321e-06
   1.3140000e+03   0.0000000e+00   4.3769519e-06
   1.3150000e+03   0.0000000e+00   4.3558738e-06
   1.3160000e+03   0.0000000e+00   4.3348972e-06
   1.3170000e+03   0.0000000e+00   4.3140216e-06
   1.3180000e+03   0.0000000e+00   4.2932465e-06
   1.3190000e+03   0.0000000e+00   4.2725714e-06
   1.3200000e+03   0.0000000e+00   4.2519960e-06
   1.3210000e+03   0.0000000e+00   4.2315196e-06
   1.3220000e+03   0.0000000e+00   4.2111418e-06
   1.3230000e+03   0.0000000e+00   4.1908622e-06
   1.3240000e+03   0.0000000e+00   4.1706802e-06
   1.3250000e+03   0.0000000e+00   4.1505954e-06
   1.3260000e+03   0.0000000e+00   4.1306073e-06
   1.3270000e+03   0.0000000e+00   4.1107155e-06
   1.3280000e+03   0.0000000e+00   4.0909195e-06
   1.3290000e+03   0.0000000e+00   4.0712188e-06
   1.3300000e+03   0.0000000e+00   4.0516130e-06
   1.3310000e+03   0.0000000e+00   4.0321016e-06
   1.3320000e+03   0.0000000e+00   4.0126842e-06
   1.3330000e+03   0.0000000e+00   3.9933603e-06
   1.3340000e+03   0.0000000e+00   3.9741294e-06
   1.3350000e+03   0.0000000e+00   3.9549911e-06
   1.3360000e+03   0.0000000e+00   3.9359450e-06
   1.3370000e+03   0.0000000e+00   3.9169907e-06
   1.3380000e+03   0.0000000e+00   3.8981276e-06
   1.3390000e+03   0.0000000e+00   3.8793553e-06
   1.3400000e+03   0.0000000e+00   3.8606735e-06
   1.3410000e+03   0.0000000e+00   3.8420816e-06
   1.3420000e+03   0.0000000e+00   3.8235792e-06
   1.3430000e+03   0.0000000e+00   3.8051660e-06
   1.3440000e+03   0.0000000e+00   3.7868414e-06
   1.3450000e+03   0.0000000e+00   3.7686051e-06
   1.3460000e+03   0.0000000e+00   3.7504566e-06
   1.3470000e+03   0.0000000e+00   3.7323954e-06
   1.3480000e+03   0.0000000e+00   3.7144213e-06
   1.3490000e+03   0.0000000e+00   3.6965337e-06
   1.3500000e+03   0.0000000e+00   3.6787323e-06
   1.3510000e+03   0.0000000e+00   3.6610166e-06
   1.3520000e+03   1.0000000e+00   3.6433862e-06
