   1.0000000e+00   2.0000000e+00   0.0000000e+00
   2.0000000e+00   2.0000000e+00   6.2740558e-03
   3.0000000e+00   6.0000000e+00   8.5424829e-03
   4.0000000e+00   4.0000000e+00   9.3232842e-03
   5.0000000e+00   6.0000000e+00   9.5519921e-03
   6.0000000e+00   6.0000000e+00   9.5761882e-03
   7.0000000e+00   2.0000000e+00   9.5250068e-03
   8.0000000e+00   7.0000000e+00   9.4464202e-03
   9.0000000e+00   5.0000000e+00   9.3582463e-03
   1.0000000e+01   4.0000000e+00   9.2670991e-03
   1.1000000e+01   5.0000000e+00   9.1754300e-03
   1.2000000e+01   3.0000000e+00   9.0841442e-03
   1.3000000e+01   3.0000000e+00   8.9935720e-03
   1.4000000e+01   2.0000000e+00   8.9038306e-03
   1.5000000e+01   5.0000000e+00   8.8149578e-03
   1.6000000e+01   6.0000000e+00   8.7269621e-03
   1.7000000e+01   2.0000000e+00   8.6398411e-03
   1.8000000e+01   6.0000000e+00   8.5535885e-03
   1.9000000e+01   5.0000000e+00   8.4681965e-03
   2.0000000e+01   3.0000000e+00   8.3836567e-03
   2.1000000e+01   2.0000000e+00   8.2999608e-03
   2.2000000e+01   6.0000000e+00   8.2171005e-03
   2.3000000e+01   0.0000000e+00   8.1350674e-03
   2.4000000e+01   6.0000000e+00   8.0538532e-03
   2.5000000e+01   3.0000000e+00   7.9734498e-03
   2.6000000e+01   3.0000000e+00   7.8938491e-03
   2.7000000e+01   3.0000000e+00   7.8150430e-03
   2.8000000e+01   1.0000000e+00   7.7370237e-03
   2.9000000e+01   3.0000000e+00   7.6597833e-03
   3.0000000e+01   5.0000000e+00   7.5833140e-03
   3.1000000e+01   3.0000000e+00   7.5076081e-03
   3.2000000e+01   4.0000000e+00   7.4326580e-03
   3.3000000e+01   5.0000000e+00   7.3584561e-03
   3.4000000e+01   4.0000000e+00   7.2849950e-03
   3.5000000e+01   8.0000000e+00   7.2122673e-03
   3.6000000e+01   2.0000000e+00   7.1402656e-03
   3.7000000e+01   4.0000000e+00   7.0689828e-03
   3.8000000e+01   1.0000000e+00   6.9984116e-03
   3.9000000e+01   4.0000000e+00   6.9285449e-03
   4.0000000e+01   1.0000000e+00   6.8593757e-03
   4.1000000e+01   3.0000000e+00   6.7908970e-03
   4.2000000e+01   4.0000000e+00   6.7231020e-03
   4.3000000e+01   4.0000000e+00   6.6559838e-03
   4.4000000e+01   3.0000000e+00   6.5895356e-03
   4.5000000e+01   1.0000000e+00   6.5237508e-03
   4.6000000e+01   4.0000000e+00   6.4586228e-03
   4.7000000e+01   3.0000000e+00   6.3941449e-03
   4.8000000e+01   4.0000000e+00   6.3303107e-03
   4.9000000e+01   2.0000000e+00   6.2671138e-03
   5.0000000e+01   3.0000000e+00   6.2045479e-03
   5.1000000e+01   5.0000000e+00   6.1426065e-03
   5.2000000e+01   1.0000000e+00   6.0812835e-03
   5.3000000e+01   2.0000000e+00   6.0205727e-03
   5.4000000e+01   4.0000000e+00   5.9604680e-03
   5.5000000e+01   2.0000000e+00   5.9009633e-03
   5.6000000e+01   1.0000000e+00   5.8420527e-03
   5.7000000e+01   3.0000000e+00   5.7837302e-03
   5.8000000e+01   2.0000000e+00   5.7259899e-03
   5.9000000e+01   4.0000000e+00   5.6688261e-03
   6.0000000e+01   3.0000000e+00   5.6122330e-03
   6.1000000e+01   3.0000000e+00   5.5562048e-03
   6.2000000e+01   7.0000000e+00   5.5007360e-03
   6.3000000e+01   3.0000000e+00   5.4458209e-03
   6.4000000e+01   3.0000000e+00   5.3914541e-03
   6.5000000e+01   3.0000000e+00   5.3376300e-03
   6.6000000e+01   3.0000000e+00   5.2843432e-03
   6.7000000e+01   0.0000000e+00   5.2315885e-03
   6.8000000e+01   1.0000000e+00   5.1793604e-03
   6.9000000e+01   2.0000000e+00   5.1276537e-03
   7.0000000e+01   2.0000000e+00   5.0764632e-03
   7.1000000e+01   0.0000000e+00   5.0257837e-03
   7.2000000e+01   1.0000000e+00   4.9756102e-03
   7.3000000e+01   4.0000000e+00   4.9259376e-03
   7.4000000e+01   3.0000000e+00   4.8767609e-03
   7.5000000e+01   3.0000000e+00   4.8280751e-03
   7.6000000e+01   2.0000000e+00   4.7798753e-03
   7.7000000e+01   3.0000000e+00   4.7321568e-03
   7.8000000e+01   2.0000000e+00   4.6849146e-03
   7.9000000e+01   3.0000000e+00   4.6381441e-03
   8.0000000e+01   1.0000000e+00   4.5918404e-03
   8.1000000e+01   2.0000000e+00   4.5459991e-03
   8.2000000e+01   3.0000000e+00   4.5006154e-03
   8.3000000e+01   1.0000000e+00   4.4556847e-03
   8.4000000e+01   1.0000000e+00   4.4112026e-03
   8.5000000e+01   5.0000000e+00   4.3671646e-03
   8.6000000e+01   0.0000000e+00   4.3235663e-03
   8.7000000e+01   2.0000000e+00   4.2804031e-03
   8.8000000e+01   6.0000000e+00   4.2376709e-03
   8.9000000e+01   4.0000000e+00   4.1953653e-03
   9.0000000e+01   1.0000000e+00   4.1534821e-03
   9.1000000e+01   3.0000000e+00   4.1120169e-03
   9.2000000e+01   1.0000000e+00   4.0709658e-03
   9.3000000e+01   0.0000000e+00   4.0303244e-03
   9.4000000e+01   1.0000000e+00   3.9900888e-03
   9.5000000e+01   1.0000000e+00   3.9502548e-03
   9.6000000e+01   1.0000000e+00   3.9108186e-03
   9.7000000e+01   4.0000000e+00   3.8717760e-03
   9.8000000e+01   1.0000000e+00   3.8331232e-03
   9.9000000e+01   2.0000000e+00   3.7948563e-03
   1.0000000e+02   1.0000000e+00   3.7569714e-03
   1.0100000e+02   2.0000000e+00   3.7194647e-03
   1.0200000e+02   1.0000000e+00   3.6823325e-03
   1.0300000e+02   1.0000000e+00   3.6455709e-03
   1.0400000e+02   1.0000000e+00   3.6091764e-03
   1.0500000e+02   2.0000000e+00   3.5731452e-03
   1.0600000e+02   0.0000000e+00   3.5374737e-03
   1.0700000e+02   0.0000000e+00   3.5021583e-03
   1.0800000e+02   0.0000000e+00   3.4671955e-03
   1.0900000e+02   0.0000000e+00   3.4325817e-03
   1.1000000e+02   4.0000000e+00   3.3983135e-03
   1.1100000e+02   3.0000000e+00   3.3643874e-03
   1.1200000e+02   0.0000000e+00   3.3307999e-03
   1.1300000e+02   4.0000000e+00   3.2975478e-03
   1.1400000e+02   1.0000000e+00   3.2646277e-03
   1.1500000e+02   1.0000000e+00   3.2320362e-03
   1.1600000e+02   0.0000000e+00   3.1997701e-03
   1.1700000e+02   5.0000000e+00   3.1678260e-03
   1.1800000e+02   0.0000000e+00   3.1362009e-03
   1.1900000e+02   0.0000000e+00   3.1048915e-03
   1.2000000e+02   0.0000000e+00   3.0738947e-03
   1.2100000e+02   1.0000000e+00   3.0432074e-03
   1.2200000e+02   2.0000000e+00   3.0128263e-03
   1.2300000e+02   0.0000000e+00   2.9827486e-03
   1.2400000e+02   2.0000000e+00   2.9529712e-03
   1.2500000e+02   1.0000000e+00   2.9234910e-03
   1.2600000e+02   0.0000000e+00   2.8943052e-03
   1.2700000e+02   3.0000000e+00   2.8654107e-03
   1.2800000e+02   3.0000000e+00   2.8368046e-03
   1.2900000e+02   3.0000000e+00   2.8084842e-03
   1.3000000e+02   2.0000000e+00   2.7804465e-03
   1.3100000e+02   2.0000000e+00   2.7526887e-03
   1.3200000e+02   1.0000000e+00   2.7252080e-03
   1.3300000e+02   1.0000000e+00   2.6980016e-03
   1.3400000e+02   2.0000000e+00   2.6710669e-03
   1.3500000e+02   0.0000000e+00   2.6444010e-03
   1.3600000e+02   2.0000000e+00   2.6180014e-03
   1.3700000e+02   1.0000000e+00   2.5918653e-03
   1.3800000e+02   3.0000000e+00   2.5659901e-03
   1.3900000e+02   1.0000000e+00   2.5403733e-03
   1.4000000e+02   4.0000000e+00   2.5150122e-03
   1.4100000e+02   1.0000000e+00   2.4899042e-03
   1.4200000e+02   1.0000000e+00   2.4650470e-03
   1.4300000e+02   2.0000000e+00   2.4404379e-03
   1.4400000e+02   1.0000000e+00   2.4160744e-03
   1.4500000e+02   2.0000000e+00   2.3919542e-03
   1.4600000e+02   1.0000000e+00   2.3680748e-03
   1.4700000e+02   0.0000000e+00   2.3444338e-03
   1.4800000e+02   1.0000000e+00   2.3210288e-03
   1.4900000e+02   3.0000000e+00   2.2978575e-03
   1.5000000e+02   2.0000000e+00   2.2749174e-03
   1.5100000e+02   2.0000000e+00   2.2522064e-03
   1.5200000e+02   1.0000000e+00   2.2297222e-03
   1.5300000e+02   3.0000000e+00   2.2074623e-03
   1.5400000e+02   2.0000000e+00   2.1854248e-03
   1.5500000e+02   0.0000000e+00   2.1636072e-03
   1.5600000e+02   1.0000000e+00   2.1420074e-03
   1.5700000e+02   1.0000000e+00   2.1206233e-03
   1.5800000e+02   1.0000000e+00   2.0994526e-03
   1.5900000e+02   1.0000000e+00   2.0784933e-03
   1.6000000e+02   1.0000000e+00   2.0577433e-03
   1.6100000e+02   2.0000000e+00   2.0372004e-03
   1.6200000e+02   3.0000000e+00   2.0168625e-03
   1.6300000e+02   1.0000000e+00   1.9967278e-03
   1.6400000e+02   0.0000000e+00   1.9767940e-03
   1.6500000e+02   1.0000000e+00   1.9570592e-03
   1.6600000e+02   1.0000000e+00   1.9375215e-03
   1.6700000e+02   1.0000000e+00   1.9181787e-03
   1.6800000e+02   1.0000000e+00   1.8990291e-03
   1.6900000e+02   2.0000000e+00   1.8800707e-03
   1.7000000e+02   2.0000000e+00   1.8613016e-03
   1.7100000e+02   1.0000000e+00   1.8427198e-03
   1.7200000e+02   2.0000000e+00   1.8243235e-03
   1.7300000e+02   0.0000000e+00   1.8061109e-03
   1.7400000e+02   0.0000000e+00   1.7880801e-03
   1.7500000e+02   2.0000000e+00   1.7702293e-03
   1.7600000e+02   2.0000000e+00   1.7525567e-03
   1.7700000e+02   0.0000000e+00   1.7350605e-03
   1.7800000e+02   0.0000000e+00   1.7177390e-03
   1.7900000e+02   0.0000000e+00   1.7005904e-03
   1.8000000e+02   1.0000000e+00   1.6836131e-03
   1.8100000e+02   3.0000000e+00   1.6668052e-03
   1.8200000e+02   0.0000000e+00   1.6501651e-03
   1.8300000e+02   0.0000000e+00   1.6336911e-03
   1.8400000e+02   1.0000000e+00   1.6173816e-03
   1.8500000e+02   0.0000000e+00   1.6012350e-03
   1.8600000e+02   0.0000000e+00   1.5852495e-03
   1.8700000e+02   2.0000000e+00   1.5694236e-03
   1.8800000e+02   1.0000000e+00   1.5537557e-03
   1.8900000e+02   0.0000000e+00   1.5382442e-03
   1.9000000e+02   2.0000000e+00   1.5228876e-03
   1.9100000e+02   1.0000000e+00   1.5076842e-03
   1.9200000e+02   0.0000000e+00   1.4926327e-03
   1.9300000e+02   1.0000000e+00   1.4777314e-03
   1.9400000e+02   0.0000000e+00   1.4629789e-03
   1.9500000e+02   0.0000000e+00   1.4483736e-03
   1.9600000e+02   0.0000000e+00   1.4339142e-03
   1.9700000e+02   0.0000000e+00   1.4195991e-03
   1.9800000e+02   3.0000000e+00   1.4054270e-03
   1.9900000e+02   2.0000000e+00   1.3913963e-03
   2.0000000e+02   0.0000000e+00   1.3775057e-03
   2.0100000e+02   0.0000000e+00   1.3637537e-03
   2.0200000e+02   0.0000000e+00   1.3501391e-03
   2.0300000e+02   0.0000000e+00   1.3366603e-03
   2.0400000e+02   0.0000000e+00   1.3233161e-03
   2.0500000e+02   2.0000000e+00   1.3101052e-03
   2.0600000e+02   1.0000000e+00   1.2970261e-03
   2.0700000e+02   1.0000000e+00   1.2840776e-03
   2.0800000e+02   1.0000000e+00   1.2712584e-03
   2.0900000e+02   2.0000000e+00   1.2585671e-03
   2.1000000e+02   0.0000000e+00   1.2460026e-03
   2.1100000e+02   0.0000000e+00   1.2335635e-03
   2.1200000e+02   1.0000000e+00   1.2212485e-03
   2.1300000e+02   1.0000000e+00   1.2090565e-03
   2.1400000e+02   0.0000000e+00   1.1969862e-03
   2.1500000e+02   2.0000000e+00   1.1850365e-03
   2.1600000e+02   0.0000000e+00   1.1732060e-03
   2.1700000e+02   1.0000000e+00   1.1614936e-03
   2.1800000e+02   0.0000000e+00   1.1498982e-03
   2.1900000e+02   2.0000000e+00   1.1384185e-03
   2.2000000e+02   0.0000000e+00   1.1270534e-03
   2.2100000e+02   4.0000000e+00   1.1158018e-03
   2.2200000e+02   0.0000000e+00   1.1046625e-03
   2.2300000e+02   0.0000000e+00   1.0936344e-03
   2.2400000e+02   1.0000000e+00   1.0827164e-03
   2.2500000e+02   0.0000000e+00   1.0719074e-03
   2.2600000e+02   2.0000000e+00   1.0612063e-03
   2.2700000e+02   1.0000000e+00   1.0506120e-03
   2.2800000e+02   1.0000000e+00   1.0401236e-03
   2.2900000e+02   0.0000000e+00   1.0297398e-03
   2.3000000e+02   0.0000000e+00   1.0194596e-03
   2.3100000e+02   1.0000000e+00   1.0092822e-03
   2.3200000e+02   0.0000000e+00   9.9920627e-04
   2.3300000e+02   0.0000000e+00   9.8923097e-04
   2.3400000e+02   0.0000000e+00   9.7935526e-04
   2.3500000e+02   0.0000000e+00   9.6957814e-04
   2.3600000e+02   0.0000000e+00   9.5989863e-04
   2.3700000e+02   0.0000000e+00   9.5031574e-04
   2.3800000e+02   0.0000000e+00   9.4082853e-04
   2.3900000e+02   0.0000000e+00   9.3143603e-04
   2.4000000e+02   0.0000000e+00   9.2213730e-04
   2.4100000e+02   0.0000000e+00   9.1293140e-04
   2.4200000e+02   1.0000000e+00   9.0381740e-04
   2.4300000e+02   1.0000000e+00   8.9479439e-04
   2.4400000e+02   2.0000000e+00   8.8586146e-04
   2.4500000e+02   1.0000000e+00   8.7701771e-04
   2.4600000e+02   0.0000000e+00   8.6826225e-04
   2.4700000e+02   0.0000000e+00   8.5959420e-04
   2.4800000e+02   1.0000000e+00   8.5101268e-04
   2.4900000e+02   0.0000000e+00   8.4251683e-04
   2.5000000e+02   2.0000000e+00   8.3410580e-04
   2.5100000e+02   0.0000000e+00   8.2577873e-04
   2.5200000e+02   1.0000000e+00   8.1753480e-04
   2.5300000e+02   0.0000000e+00   8.0937317e-04
   2.5400000e+02   0.0000000e+00   8.0129302e-04
   2.5500000e+02   0.0000000e+00   7.9329353e-04
   2.5600000e+02   0.0000000e+00   7.8537391e-04
   2.5700000e+02   0.0000000e+00   7.7753335e-04
   2.5800000e+02   1.0000000e+00   7.6977106e-04
   2.5900000e+02   0.0000000e+00   7.6208627e-04
   2.6000000e+02   0.0000000e+00   7.5447819e-04
   2.6100000e+02   0.0000000e+00   7.4694607e-04
   2.6200000e+02   0.0000000e+00   7.3948914e-04
   2.6300000e+02   1.0000000e+00   7.3210666e-04
   2.6400000e+02   1.0000000e+00   7.2479787e-04
   2.6500000e+02   0.0000000e+00   7.1756205e-04
   2.6600000e+02   0.0000000e+00   7.1039847e-04
   2.6700000e+02   0.0000000e+00   7.0330641e-04
   2.6800000e+02   0.0000000e+00   6.9628514e-04
   2.6900000e+02   0.0000000e+00   6.8933398e-04
   2.7000000e+02   0.0000000e+00   6.8245220e-04
   2.7100000e+02   0.0000000e+00   6.7563913e-04
   2.7200000e+02   0.0000000e+00   6.6889408e-04
   2.7300000e+02   0.0000000e+00   6.6221636e-04
   2.7400000e+02   0.0000000e+00   6.5560531e-04
   2.7500000e+02   0.0000000e+00   6.4906025e-04
   2.7600000e+02   1.0000000e+00   6.4258054e-04
   2.7700000e+02   0.0000000e+00   6.3616552e-04
   2.7800000e+02   0.0000000e+00   6.2981454e-04
   2.7900000e+02   0.0000000e+00   6.2352696e-04
   2.8000000e+02   0.0000000e+00   6.1730215e-04
   2.8100000e+02   0.0000000e+00   6.1113949e-04
   2.8200000e+02   0.0000000e+00   6.0503835e-04
   2.8300000e+02   0.0000000e+00   5.9899811e-04
   2.8400000e+02   1.0000000e+00   5.9301818e-04
   2.8500000e+02   0.0000000e+00   5.8709795e-04
   2.8600000e+02   0.0000000e+00   5.8123682e-04
   2.8700000e+02   1.0000000e+00   5.7543421e-04
   2.8800000e+02   0.0000000e+00   5.6968952e-04
   2.8900000e+02   1.0000000e+00   5.6400218e-04
   2.9000000e+02   0.0000000e+00   5.5837162e-04
   2.9100000e+02   1.0000000e+00   5.5279728e-04
   2.9200000e+02   0.0000000e+00   5.4727858e-04
   2.9300000e+02   0.0000000e+00   5.4181498e-04
   2.9400000e+02   0.0000000e+00   5.3640592e-04
   2.9500000e+02   1.0000000e+00   5.3105086e-04
   2.9600000e+02   0.0000000e+00   5.2574926e-04
   2.9700000e+02   1.0000000e+00   5.2050059e-04
   2.9800000e+02   0.0000000e+00   5.1530432e-04
   2.9900000e+02   0.0000000e+00   5.1015992e-04
   3.0000000e+02   0.0000000e+00   5.0506688e-04
   3.0100000e+02   0.0000000e+00   5.0002468e-04
   3.0200000e+02   0.0000000e+00   4.9503283e-04
   3.0300000e+02   0.0000000e+00   4.9009081e-04
   3.0400000e+02   0.0000000e+00   4.8519812e-04
   3.0500000e+02   0.0000000e+00   4.8035428e-04
   3.0600000e+02   1.0000000e+00   4.7555880e-04
   3.0700000e+02   0.0000000e+00   4.7081119e-04
   3.0800000e+02   0.0000000e+00   4.6611098e-04
   3.0900000e+02   0.0000000e+00   4.6145769e-04
   3.1000000e+02   1.0000000e+00   4.5685085e-04
   3.1100000e+02   1.0000000e+00   4.5229001e-04
   3.1200000e+02   0.0000000e+00   4.4777470e-04
   3.1300000e+02   1.0000000e+00   4.4330446e-04
   3.1400000e+02   0.0000000e+00   4.3887886e-04
   3.1500000e+02   1.0000000e+00   4.3449743e-04
   3.1600000e+02   1.0000000e+00   4.3015975e-04
   3.1700000e+02   1.0000000e+00   4.2586537e-04
   3.1800000e+02   2.0000000e+00   4.2161386e-04
   3.1900000e+02   0.0000000e+00   4.1740480e-04
   3.2000000e+02   0.0000000e+00   4.1323775e-04
   3.2100000e+02   0.0000000e+00   4.0911231e-04
   3.2200000e+02   0.0000000e+00   4.0502805e-04
   3.2300000e+02   0.0000000e+00   4.0098456e-04
   3.2400000e+02   1.0000000e+00   3.9698145e-04
   3.2500000e+02   0.0000000e+00   3.9301829e-04
   3.2600000e+02   0.0000000e+00   3.8909470e-04
   3.2700000e+02   0.0000000e+00   3.8521029e-04
   3.2800000e+02   0.0000000e+00   3.8136465e-04
   3.2900000e+02   0.0000000e+00   3.7755740e-04
   3.3000000e+02   0.0000000e+00   3.7378816e-04
   3.3100000e+02   0.0000000e+00   3.7005655e-04
   3.3200000e+02   0.0000000e+00   3.6636219e-04
   3.3300000e+02   0.0000000e+00   3.6270472e-04
   3.3400000e+02   0.0000000e+00   3.5908376e-04
   3.3500000e+02   0.0000000e+00   3.5549894e-04
   3.3600000e+02   0.0000000e+00   3.5194992e-04
   3.3700000e+02   0.0000000e+00   3.4843633e-04
   3.3800000e+02   0.0000000e+00   3.4495781e-04
   3.3900000e+02   1.0000000e+00   3.4151402e-04
   3.4000000e+02   0.0000000e+00   3.3810461e-04
   3.4100000e+02   0.0000000e+00   3.3472923e-04
   3.4200000e+02   1.0000000e+00   3.3138756e-04
   3.4300000e+02   0.0000000e+00   3.2807924e-04
   3.4400000e+02   0.0000000e+00   3.2480396e-04
   3.4500000e+02   0.0000000e+00   3.2156137e-04
   3.4600000e+02   0.0000000e+00   3.1835115e-04
   3.4700000e+02   0.0000000e+00   3.1517298e-04
   3.4800000e+02   0.0000000e+00   3.1202654e-04
   3.4900000e+02   0.0000000e+00   3.0891151e-04
   3.5000000e+02   0.0000000e+00   3.0582757e-04
   3.5100000e+02   0.0000000e+00   3.0277443e-04
   3.5200000e+02   0.0000000e+00   2.9975177e-04
   3.5300000e+02   0.0000000e+00   2.9675928e-04
   3.5400000e+02   0.0000000e+00   2.9379666e-04
   3.5500000e+02   1.0000000e+00   2.9086363e-04
   3.5600000e+02   0.0000000e+00   2.8795987e-04
   3.5700000e+02   0.0000000e+00   2.8508510e-04
   3.5800000e+02   0.0000000e+00   2.8223904e-04
   3.5900000e+02   0.0000000e+00   2.7942138e-04
   3.6000000e+02   1.0000000e+00   2.7663186e-04
   3.6100000e+02   0.0000000e+00   2.7387018e-04
   3.6200000e+02   0.0000000e+00   2.7113607e-04
   3.6300000e+02   0.0000000e+00   2.6842926e-04
   3.6400000e+02   0.0000000e+00   2.6574947e-04
   3.6500000e+02   0.0000000e+00   2.6309644e-04
   3.6600000e+02   0.0000000e+00   2.6046989e-04
   3.6700000e+02   1.0000000e+00   2.5786956e-04
   3.6800000e+02   0.0000000e+00   2.5529519e-04
   3.6900000e+02   0.0000000e+00   2.5274652e-04
   3.7000000e+02   0.0000000e+00   2.5022330e-04
   3.7100000e+02   0.0000000e+00   2.4772526e-04
   3.7200000e+02   0.0000000e+00   2.4525217e-04
   3.7300000e+02   0.0000000e+00   2.4280376e-04
   3.7400000e+02   0.0000000e+00   2.4037979e-04
   3.7500000e+02   0.0000000e+00   2.3798003e-04
   3.7600000e+02   0.0000000e+00   2.3560422e-04
   3.7700000e+02   0.0000000e+00   2.3325213e-04
   3.7800000e+02   0.0000000e+00   2.3092353e-04
   3.7900000e+02   1.0000000e+00   2.2861817e-04
   3.8000000e+02   0.0000000e+00   2.2633582e-04
   3.8100000e+02   0.0000000e+00   2.2407626e-04
   3.8200000e+02   0.0000000e+00   2.2183926e-04
   3.8300000e+02   0.0000000e+00   2.1962459e-04
   3.8400000e+02   0.0000000e+00   2.1743202e-04
   3.8500000e+02   0.0000000e+00   2.1526135e-04
   3.8600000e+02   0.0000000e+00   2.1311235e-04
   3.8700000e+02   0.0000000e+00   2.1098480e-04
   3.8800000e+02   0.0000000e+00   2.0887850e-04
   3.8900000e+02   0.0000000e+00   2.0679321e-04
   3.9000000e+02   0.0000000e+00   2.0472875e-04
   3.9100000e+02   0.0000000e+00   2.0268490e-04
   3.9200000e+02   0.0000000e+00   2.0066145e-04
   3.9300000e+02   0.0000000e+00   1.9865820e-04
   3.9400000e+02   0.0000000e+00   1.9667496e-04
   3.9500000e+02   0.0000000e+00   1.9471151e-04
   3.9600000e+02   0.0000000e+00   1.9276766e-04
   3.9700000e+02   0.0000000e+00   1.9084322e-04
   3.9800000e+02   0.0000000e+00   1.8893799e-04
   3.9900000e+02   0.0000000e+00   1.8705178e-04
   4.0000000e+02   0.0000000e+00   1.8518440e-04
   4.0100000e+02   0.0000000e+00   1.8333566e-04
   4.0200000e+02   0.0000000e+00   1.8150538e-04
   4.0300000e+02   0.0000000e+00   1.7969337e-04
   4.0400000e+02   0.0000000e+00   1.7789945e-04
   4.0500000e+02   0.0000000e+00   1.7612344e-04
   4.0600000e+02   0.0000000e+00   1.7436516e-04
   4.0700000e+02   0.0000000e+00   1.7262444e-04
   4.0800000e+02   0.0000000e+00   1.7090109e-04
   4.0900000e+02   1.0000000e+00   1.6919495e-04
   4.1000000e+02   0.0000000e+00   1.6750583e-04
   4.1100000e+02   0.0000000e+00   1.6583359e-04
   4.1200000e+02   0.0000000e+00   1.6417803e-04
   4.1300000e+02   0.0000000e+00   1.6253901e-04
   4.1400000e+02   0.0000000e+00   1.6091635e-04
   4.1500000e+02   0.0000000e+00   1.5930988e-04
   4.1600000e+02   0.0000000e+00   1.5771946e-04
   4.1700000e+02   0.0000000e+00   1.5614491e-04
   4.1800000e+02   0.0000000e+00   1.5458608e-04
   4.1900000e+02   0.0000000e+00   1.5304281e-04
   4.2000000e+02   0.0000000e+00   1.5151495e-04
   4.2100000e+02   0.0000000e+00   1.5000234e-04
   4.2200000e+02   0.0000000e+00   1.4850484e-04
   4.2300000e+02   0.0000000e+00   1.4702228e-04
   4.2400000e+02   0.0000000e+00   1.4555452e-04
   4.2500000e+02   0.0000000e+00   1.4410142e-04
   4.2600000e+02   0.0000000e+00   1.4266283e-04
   4.2700000e+02   0.0000000e+00   1.4123859e-04
   4.2800000e+02   0.0000000e+00   1.3982857e-04
   4.2900000e+02   0.0000000e+00   1.3843263e-04
   4.3000000e+02   0.0000000e+00   1.3705063e-04
   4.3100000e+02   0.0000000e+00   1.3568242e-04
   4.3200000e+02   1.0000000e+00   1.3432788e-04
   4.3300000e+02   0.0000000e+00   1.3298685e-04
   4.3400000e+02   0.0000000e+00   1.3165921e-04
   4.3500000e+02   0.0000000e+00   1.3034483e-04
   4.3600000e+02   0.0000000e+00   1.2904357e-04
   4.3700000e+02   1.0000000e+00   1.2775530e-04
   4.3800000e+02   0.0000000e+00   1.2647989e-04
   4.3900000e+02   0.0000000e+00   1.2521721e-04
   4.4000000e+02   0.0000000e+00   1.2396714e-04
   4.4100000e+02   0.0000000e+00   1.2272955e-04
   4.4200000e+02   0.0000000e+00   1.2150431e-04
   4.4300000e+02   0.0000000e+00   1.2029131e-04
   4.4400000e+02   0.0000000e+00   1.1909042e-04
   4.4500000e+02   0.0000000e+00   1.1790151e-04
   4.4600000e+02   0.0000000e+00   1.1672447e-04
   4.4700000e+02   0.0000000e+00   1.1555919e-04
   4.4800000e+02   0.0000000e+00   1.1440553e-04
   4.4900000e+02   0.0000000e+00   1.1326340e-04
   4.5000000e+02   0.0000000e+00   1.1213266e-04
   4.5100000e+02   0.0000000e+00   1.1101322e-04
   4.5200000e+02   0.0000000e+00   1.0990495e-04
   4.5300000e+02   0.0000000e+00   1.0880774e-04
   4.5400000e+02   0.0000000e+00   1.0772149e-04
   4.5500000e+02   0.0000000e+00   1.0664608e-04
   4.5600000e+02   0.0000000e+00   1.0558141e-04
   4.5700000e+02   0.0000000e+00   1.0452737e-04
   4.5800000e+02   0.0000000e+00   1.0348385e-04
   4.5900000e+02   0.0000000e+00   1.0245075e-04
   4.6000000e+02   0.0000000e+00   1.0142796e-04
   4.6100000e+02   0.0000000e+00   1.0041538e-04
   4.6200000e+02   0.0000000e+00   9.9412913e-05
   4.6300000e+02   0.0000000e+00   9.8420452e-05
   4.6400000e+02   0.0000000e+00   9.7437899e-05
   4.6500000e+02   0.0000000e+00   9.6465155e-05
   4.6600000e+02   0.0000000e+00   9.5502122e-05
   4.6700000e+02   0.0000000e+00   9.4548703e-05
   4.6800000e+02   0.0000000e+00   9.3604802e-05
   4.6900000e+02   0.0000000e+00   9.2670325e-05
   4.7000000e+02   0.0000000e+00   9.1745176e-05
   4.7100000e+02   0.0000000e+00   9.0829264e-05
   4.7200000e+02   0.0000000e+00   8.9922495e-05
   4.7300000e+02   0.0000000e+00   8.9024779e-05
   4.7400000e+02   0.0000000e+00   8.8136025e-05
   4.7500000e+02   0.0000000e+00   8.7256144e-05
   4.7600000e+02   0.0000000e+00   8.6385046e-05
   4.7700000e+02   0.0000000e+00   8.5522645e-05
   4.7800000e+02   0.0000000e+00   8.4668854e-05
   4.7900000e+02   0.0000000e+00   8.3823586e-05
   4.8000000e+02   0.0000000e+00   8.2986756e-05
   4.8100000e+02   0.0000000e+00   8.2158281e-05
   4.8200000e+02   0.0000000e+00   8.1338077e-05
   4.8300000e+02   0.0000000e+00   8.0526061e-05
   4.8400000e+02   0.0000000e+00   7.9722151e-05
   4.8500000e+02   0.0000000e+00   7.8926268e-05
   4.8600000e+02   0.0000000e+00   7.8138329e-05
   4.8700000e+02   0.0000000e+00   7.7358257e-05
   4.8800000e+02   0.0000000e+00   7.6585972e-05
   4.8900000e+02   0.0000000e+00   7.5821398e-05
   4.9000000e+02   0.0000000e+00   7.5064456e-05
   4.9100000e+02   0.0000000e+00   7.4315071e-05
   4.9200000e+02   0.0000000e+00   7.3573167e-05
   4.9300000e+02   0.0000000e+00   7.2838670e-05
   4.9400000e+02   0.0000000e+00   7.2111505e-05
   4.9500000e+02   0.0000000e+00   7.1391600e-05
   4.9600000e+02   0.0000000e+00   7.0678882e-05
   4.9700000e+02   0.0000000e+00   6.9973279e-05
   4.9800000e+02   0.0000000e+00   6.9274720e-05
   4.9900000e+02   0.0000000e+00   6.8583135e-05
   5.0000000e+02   0.0000000e+00   6.7898455e-05
   5.0100000e+02   0.0000000e+00   6.7220609e-05
   5.0200000e+02   0.0000000e+00   6.6549531e-05
   5.0300000e+02   0.0000000e+00   6.5885152e-05
   5.0400000e+02   0.0000000e+00   6.5227406e-05
   5.0500000e+02   0.0000000e+00   6.4576227e-05
   5.0600000e+02   0.0000000e+00   6.3931548e-05
   5.0700000e+02   0.0000000e+00   6.3293305e-05
   5.0800000e+02   0.0000000e+00   6.2661434e-05
   5.0900000e+02   0.0000000e+00   6.2035871e-05
   5.1000000e+02   0.0000000e+00   6.1416553e-05
   5.1100000e+02   1.0000000e+00   6.0803418e-05
   5.1200000e+02   0.0000000e+00   6.0196404e-05
   5.1300000e+02   0.0000000e+00   5.9595450e-05
   5.1400000e+02   0.0000000e+00   5.9000496e-05
   5.1500000e+02   0.0000000e+00   5.8411481e-05
   5.1600000e+02   0.0000000e+00   5.7828346e-05
   5.1700000e+02   1.0000000e+00   5.7251033e-05
   5.1800000e+02   0.0000000e+00   5.6679483e-05
   5.1900000e+02   0.0000000e+00   5.6113639e-05
   5.2000000e+02   0.0000000e+00   5.5553444e-05
   5.2100000e+02   0.0000000e+00   5.4998842e-05
   5.2200000e+02   0.0000000e+00   5.4449776e-05
   5.2300000e+02   0.0000000e+00   5.3906192e-05
   5.2400000e+02   0.0000000e+00   5.3368035e-05
   5.2500000e+02   0.0000000e+00   5.2835250e-05
   5.2600000e+02   0.0000000e+00   5.2307784e-05
   5.2700000e+02   0.0000000e+00   5.1785584e-05
   5.2800000e+02   0.0000000e+00   5.1268597e-05
   5.2900000e+02   0.0000000e+00   5.0756771e-05
   5.3000000e+02   0.0000000e+00   5.0250055e-05
   5.3100000e+02   0.0000000e+00   4.9748397e-05
   5.3200000e+02   0.0000000e+00   4.9251748e-05
   5.3300000e+02   0.0000000e+00   4.8760057e-05
   5.3400000e+02   0.0000000e+00   4.8273275e-05
   5.3500000e+02   0.0000000e+00   4.7791352e-05
   5.3600000e+02   0.0000000e+00   4.7314240e-05
   5.3700000e+02   0.0000000e+00   4.6841892e-05
   5.3800000e+02   0.0000000e+00   4.6374259e-05
   5.3900000e+02   0.0000000e+00   4.5911294e-05
   5.4000000e+02   0.0000000e+00   4.5452952e-05
   5.4100000e+02   0.0000000e+00   4.4999185e-05
   5.4200000e+02   0.0000000e+00   4.4549948e-05
   5.4300000e+02   0.0000000e+00   4.4105196e-05
   5.4400000e+02   0.0000000e+00   4.3664884e-05
   5.4500000e+02   0.0000000e+00   4.3228968e-05
   5.4600000e+02   0.0000000e+00   4.2797403e-05
   5.4700000e+02   0.0000000e+00   4.2370147e-05
   5.4800000e+02   0.0000000e+00   4.1947157e-05
   5.4900000e+02   0.0000000e+00   4.1528389e-05
   5.5000000e+02   0.0000000e+00   4.1113802e-05
   5.5100000e+02   0.0000000e+00   4.0703354e-05
   5.5200000e+02   0.0000000e+00   4.0297003e-05
   5.5300000e+02   0.0000000e+00   3.9894709e-05
   5.5400000e+02   0.0000000e+00   3.9496432e-05
   5.5500000e+02   0.0000000e+00   3.9102130e-05
   5.5600000e+02   0.0000000e+00   3.8711765e-05
   5.5700000e+02   0.0000000e+00   3.8325297e-05
   5.5800000e+02   0.0000000e+00   3.7942687e-05
   5.5900000e+02   0.0000000e+00   3.7563897e-05
   5.6000000e+02   0.0000000e+00   3.7188888e-05
   5.6100000e+02   0.0000000e+00   3.6817623e-05
   5.6200000e+02   0.0000000e+00   3.6450064e-05
   5.6300000e+02   0.0000000e+00   3.6086175e-05
   5.6400000e+02   0.0000000e+00   3.5725919e-05
   5.6500000e+02   0.0000000e+00   3.5369259e-05
   5.6600000e+02   0.0000000e+00   3.5016160e-05
   5.6700000e+02   0.0000000e+00   3.4666586e-05
   5.6800000e+02   0.0000000e+00   3.4320502e-05
   5.6900000e+02   0.0000000e+00   3.3977873e-05
   5.7000000e+02   0.0000000e+00   3.3638664e-05
   5.7100000e+02   0.0000000e+00   3.3302842e-05
   5.7200000e+02   0.0000000e+00   3.2970372e-05
   5.7300000e+02   0.0000000e+00   3.2641222e-05
   5.7400000e+02   0.0000000e+00   3.2315357e-05
   5.7500000e+02   0.0000000e+00   3.1992746e-05
   5.7600000e+02   0.0000000e+00   3.1673355e-05
   5.7700000e+02   0.0000000e+00   3.1357153e-05
   5.7800000e+02   0.0000000e+00   3.1044108e-05
   5.7900000e+02   0.0000000e+00   3.0734187e-05
   5.8000000e+02   0.0000000e+00   3.0427361e-05
   5.8100000e+02   0.0000000e+00   3.0123598e-05
   5.8200000e+02   0.0000000e+00   2.9822868e-05
   5.8300000e+02   0.0000000e+00   2.9525139e-05
   5.8400000e+02   0.0000000e+00   2.9230383e-05
   5.8500000e+02   0.0000000e+00   2.8938570e-05
   5.8600000e+02   0.0000000e+00   2.8649670e-05
   5.8700000e+02   0.0000000e+00   2.8363654e-05
   5.8800000e+02   0.0000000e+00   2.8080493e-05
   5.8900000e+02   0.0000000e+00   2.7800159e-05
   5.9000000e+02   0.0000000e+00   2.7522624e-05
   5.9100000e+02   0.0000000e+00   2.7247860e-05
   5.9200000e+02   0.0000000e+00   2.6975838e-05
   5.9300000e+02   0.0000000e+00   2.6706533e-05
   5.9400000e+02   0.0000000e+00   2.6439915e-05
   5.9500000e+02   0.0000000e+00   2.6175960e-05
   5.9600000e+02   0.0000000e+00   2.5914639e-05
   5.9700000e+02   0.0000000e+00   2.5655928e-05
   5.9800000e+02   0.0000000e+00   2.5399799e-05
   5.9900000e+02   0.0000000e+00   2.5146227e-05
   6.0000000e+02   0.0000000e+00   2.4895187e-05
   6.0100000e+02   0.0000000e+00   2.4646653e-05
   6.0200000e+02   0.0000000e+00   2.4400600e-05
   6.0300000e+02   0.0000000e+00   2.4157003e-05
   6.0400000e+02   0.0000000e+00   2.3915838e-05
   6.0500000e+02   0.0000000e+00   2.3677081e-05
   6.0600000e+02   0.0000000e+00   2.3440708e-05
   6.0700000e+02   0.0000000e+00   2.3206694e-05
   6.0800000e+02   0.0000000e+00   2.2975016e-05
   6.0900000e+02   0.0000000e+00   2.2745652e-05
   6.1000000e+02   0.0000000e+00   2.2518577e-05
   6.1100000e+02   0.0000000e+00   2.2293769e-05
   6.1200000e+02   0.0000000e+00   2.2071205e-05
   6.1300000e+02   0.0000000e+00   2.1850864e-05
   6.1400000e+02   0.0000000e+00   2.1632722e-05
   6.1500000e+02   0.0000000e+00   2.1416757e-05
   6.1600000e+02   0.0000000e+00   2.1202949e-05
   6.1700000e+02   0.0000000e+00   2.0991275e-05
   6.1800000e+02   0.0000000e+00   2.0781715e-05
   6.1900000e+02   0.0000000e+00   2.0574246e-05
   6.2000000e+02   0.0000000e+00   2.0368849e-05
   6.2100000e+02   0.0000000e+00   2.0165502e-05
   6.2200000e+02   0.0000000e+00   1.9964186e-05
   6.2300000e+02   0.0000000e+00   1.9764879e-05
   6.2400000e+02   0.0000000e+00   1.9567562e-05
   6.2500000e+02   0.0000000e+00   1.9372214e-05
   6.2600000e+02   0.0000000e+00   1.9178817e-05
   6.2700000e+02   0.0000000e+00   1.8987351e-05
   6.2800000e+02   0.0000000e+00   1.8797796e-05
   6.2900000e+02   0.0000000e+00   1.8610133e-05
   6.3000000e+02   0.0000000e+00   1.8424344e-05
   6.3100000e+02   0.0000000e+00   1.8240410e-05
   6.3200000e+02   0.0000000e+00   1.8058312e-05
   6.3300000e+02   0.0000000e+00   1.7878032e-05
   6.3400000e+02   0.0000000e+00   1.7699551e-05
   6.3500000e+02   0.0000000e+00   1.7522853e-05
   6.3600000e+02   0.0000000e+00   1.7347918e-05
   6.3700000e+02   0.0000000e+00   1.7174730e-05
   6.3800000e+02   0.0000000e+00   1.7003271e-05
   6.3900000e+02   0.0000000e+00   1.6833524e-05
   6.4000000e+02   0.0000000e+00   1.6665471e-05
   6.4100000e+02   0.0000000e+00   1.6499096e-05
   6.4200000e+02   0.0000000e+00   1.6334382e-05
   6.4300000e+02   0.0000000e+00   1.6171312e-05
   6.4400000e+02   0.0000000e+00   1.6009870e-05
   6.4500000e+02   0.0000000e+00   1.5850040e-05
   6.4600000e+02   0.0000000e+00   1.5691806e-05
   6.4700000e+02   0.0000000e+00   1.5535151e-05
   6.4800000e+02   0.0000000e+00   1.5380060e-05
   6.4900000e+02   0.0000000e+00   1.5226517e-05
   6.5000000e+02   0.0000000e+00   1.5074508e-05
   6.5100000e+02   0.0000000e+00   1.4924016e-05
   6.5200000e+02   0.0000000e+00   1.4775026e-05
   6.5300000e+02   0.0000000e+00   1.4627524e-05
   6.5400000e+02   0.0000000e+00   1.4481494e-05
   6.5500000e+02   0.0000000e+00   1.4336922e-05
   6.5600000e+02   0.0000000e+00   1.4193793e-05
   6.5700000e+02   0.0000000e+00   1.4052093e-05
   6.5800000e+02   0.0000000e+00   1.3911808e-05
   6.5900000e+02   0.0000000e+00   1.3772924e-05
   6.6000000e+02   0.0000000e+00   1.3635425e-05
   6.6100000e+02   0.0000000e+00   1.3499300e-05
   6.6200000e+02   0.0000000e+00   1.3364533e-05
   6.6300000e+02   0.0000000e+00   1.3231112e-05
   6.6400000e+02   0.0000000e+00   1.3099023e-05
   6.6500000e+02   0.0000000e+00   1.2968253e-05
   6.6600000e+02   0.0000000e+00   1.2838788e-05
   6.6700000e+02   0.0000000e+00   1.2710615e-05
   6.6800000e+02   0.0000000e+00   1.2583722e-05
   6.6900000e+02   0.0000000e+00   1.2458096e-05
   6.7000000e+02   0.0000000e+00   1.2333724e-05
   6.7100000e+02   0.0000000e+00   1.2210594e-05
   6.7200000e+02   0.0000000e+00   1.2088693e-05
   6.7300000e+02   0.0000000e+00   1.1968009e-05
   6.7400000e+02   0.0000000e+00   1.1848530e-05
   6.7500000e+02   0.0000000e+00   1.1730243e-05
   6.7600000e+02   0.0000000e+00   1.1613138e-05
   6.7700000e+02   0.0000000e+00   1.1497201e-05
   6.7800000e+02   0.0000000e+00   1.1382422e-05
   6.7900000e+02   0.0000000e+00   1.1268789e-05
   6.8000000e+02   0.0000000e+00   1.1156290e-05
   6.8100000e+02   0.0000000e+00   1.1044914e-05
   6.8200000e+02   0.0000000e+00   1.0934650e-05
   6.8300000e+02   0.0000000e+00   1.0825487e-05
   6.8400000e+02   0.0000000e+00   1.0717414e-05
   6.8500000e+02   0.0000000e+00   1.0610420e-05
   6.8600000e+02   0.0000000e+00   1.0504494e-05
   6.8700000e+02   0.0000000e+00   1.0399625e-05
   6.8800000e+02   0.0000000e+00   1.0295803e-05
   6.8900000e+02   0.0000000e+00   1.0193018e-05
   6.9000000e+02   0.0000000e+00   1.0091259e-05
   6.9100000e+02   0.0000000e+00   9.9905155e-06
   6.9200000e+02   0.0000000e+00   9.8907779e-06
   6.9300000e+02   0.0000000e+00   9.7920361e-06
   6.9400000e+02   0.0000000e+00   9.6942800e-06
   6.9500000e+02   0.0000000e+00   9.5974999e-06
   6.9600000e+02   0.0000000e+00   9.5016859e-06
   6.9700000e+02   0.0000000e+00   9.4068285e-06
   6.9800000e+02   0.0000000e+00   9.3129180e-06
   6.9900000e+02   0.0000000e+00   9.2199451e-06
   7.0000000e+02   0.0000000e+00   9.1279004e-06
   7.0100000e+02   0.0000000e+00   9.0367745e-06
   7.0200000e+02   0.0000000e+00   8.9465584e-06
   7.0300000e+02   0.0000000e+00   8.8572429e-06
   7.0400000e+02   0.0000000e+00   8.7688191e-06
   7.0500000e+02   0.0000000e+00   8.6812780e-06
   7.0600000e+02   0.0000000e+00   8.5946109e-06
   7.0700000e+02   0.0000000e+00   8.5088090e-06
   7.0800000e+02   0.0000000e+00   8.4238637e-06
   7.0900000e+02   0.0000000e+00   8.3397664e-06
   7.1000000e+02   0.0000000e+00   8.2565087e-06
   7.1100000e+02   0.0000000e+00   8.1740821e-06
   7.1200000e+02   0.0000000e+00   8.0924784e-06
   7.1300000e+02   0.0000000e+00   8.0116894e-06
   7.1400000e+02   0.0000000e+00   7.9317070e-06
   7.1500000e+02   0.0000000e+00   7.8525230e-06
   7.1600000e+02   0.0000000e+00   7.7741295e-06
   7.1700000e+02   0.0000000e+00   7.6965186e-06
   7.1800000e+02   0.0000000e+00   7.6196826e-06
   7.1900000e+02   0.0000000e+00   7.5436136e-06
   7.2000000e+02   0.0000000e+00   7.4683041e-06
   7.2100000e+02   0.0000000e+00   7.3937463e-06
   7.2200000e+02   0.0000000e+00   7.3199329e-06
   7.2300000e+02   0.0000000e+00   7.2468564e-06
   7.2400000e+02   0.0000000e+00   7.1745094e-06
   7.2500000e+02   0.0000000e+00   7.1028847e-06
   7.2600000e+02   0.0000000e+00   7.0319750e-06
   7.2700000e+02   0.0000000e+00   6.9617733e-06
   7.2800000e+02   0.0000000e+00   6.8922724e-06
   7.2900000e+02   0.0000000e+00   6.8234653e-06
   7.3000000e+02   0.0000000e+00   6.7553451e-06
   7.3100000e+02   0.0000000e+00   6.6879050e-06
   7.3200000e+02   0.0000000e+00   6.6211382e-06
   7.3300000e+02   0.0000000e+00   6.5550379e-06
   7.3400000e+02   0.0000000e+00   6.4895975e-06
   7.3500000e+02   0.0000000e+00   6.4248104e-06
   7.3600000e+02   0.0000000e+00   6.3606701e-06
   7.3700000e+02   0.0000000e+00   6.2971701e-06
   7.3800000e+02   0.0000000e+00   6.2343041e-06
   7.3900000e+02   0.0000000e+00   6.1720656e-06
   7.4000000e+02   0.0000000e+00   6.1104485e-06
   7.4100000e+02   0.0000000e+00   6.0494466e-06
   7.4200000e+02   0.0000000e+00   5.9890536e-06
   7.4300000e+02   0.0000000e+00   5.9292636e-06
   7.4400000e+02   0.0000000e+00   5.8700704e-06
   7.4500000e+02   0.0000000e+00   5.8114682e-06
   7.4600000e+02   0.0000000e+00   5.7534510e-06
   7.4700000e+02   0.0000000e+00   5.6960131e-06
   7.4800000e+02   0.0000000e+00   5.6391485e-06
   7.4900000e+02   0.0000000e+00   5.5828516e-06
   7.5000000e+02   0.0000000e+00   5.5271168e-06
   7.5100000e+02   0.0000000e+00   5.4719384e-06
   7.5200000e+02   0.0000000e+00   5.4173108e-06
   7.5300000e+02   1.0000000e+00   5.3632286e-06
