   1.0000000e+00   2.3000000e+01   4.4348954e-02
   2.0000000e+00   1.7000000e+01   4.0710179e-02
   3.0000000e+00   1.8000000e+01   3.7386732e-02
   4.0000000e+00   1.5000000e+01   3.4351197e-02
   5.0000000e+00   9.0000000e+00   3.1578542e-02
   6.0000000e+00   1.8000000e+01   2.9045911e-02
   7.0000000e+00   1.2000000e+01   2.6732436e-02
   8.0000000e+00   1.1000000e+01   2.4619063e-02
   9.0000000e+00   1.6000000e+01   2.2688397e-02
   1.0000000e+01   1.2000000e+01   2.0924555e-02
   1.1000000e+01   1.0000000e+01   1.9313034e-02
   1.2000000e+01   6.0000000e+00   1.7840592e-02
   1.3000000e+01   6.0000000e+00   1.6495141e-02
   1.4000000e+01   7.0000000e+00   1.5265642e-02
   1.5000000e+01   8.0000000e+00   1.4142017e-02
   1.6000000e+01   6.0000000e+00   1.3115065e-02
   1.7000000e+01   6.0000000e+00   1.2176382e-02
   1.8000000e+01   8.0000000e+00   1.1318299e-02
   1.9000000e+01   3.0000000e+00   1.0533811e-02
   2.0000000e+01   3.0000000e+00   9.8165235e-03
   2.1000000e+01   6.0000000e+00   9.1605975e-03
   2.2000000e+01   5.0000000e+00   8.5607021e-03
   2.3000000e+01   6.0000000e+00   8.0119697e-03
   2.4000000e+01   7.0000000e+00   7.5099561e-03
   2.5000000e+01   3.0000000e+00   7.0506035e-03
   2.6000000e+01   6.0000000e+00   6.6302071e-03
   2.7000000e+01   1.0000000e+00   6.2453842e-03
   2.8000000e+01   3.0000000e+00   5.8930462e-03
   2.9000000e+01   1.0000000e+00   5.5703730e-03
   3.0000000e+01   4.0000000e+00   5.2747898e-03
   3.1000000e+01   3.0000000e+00   5.0039458e-03
   3.2000000e+01   0.0000000e+00   4.7556946e-03
   3.3000000e+01   1.0000000e+00   4.5280761e-03
   3.4000000e+01   3.0000000e+00   4.3193011e-03
   3.5000000e+01   1.0000000e+00   4.1277356e-03
   3.6000000e+01   3.0000000e+00   3.9518879e-03
   3.7000000e+01   0.0000000e+00   3.7903959e-03
   3.8000000e+01   1.0000000e+00   3.6420161e-03
   3.9000000e+01   3.0000000e+00   3.5056127e-03
   4.0000000e+01   0.0000000e+00   3.3801492e-03
   4.1000000e+01   1.0000000e+00   3.2646788e-03
   4.2000000e+01   2.0000000e+00   3.1583371e-03
   4.3000000e+01   3.0000000e+00   3.0603350e-03
   4.4000000e+01   0.0000000e+00   2.9699519e-03
   4.5000000e+01   2.0000000e+00   2.8865298e-03
   4.6000000e+01   3.0000000e+00   2.8094679e-03
   4.7000000e+01   1.0000000e+00   2.7382178e-03
   4.8000000e+01   1.0000000e+00   2.6722784e-03
   4.9000000e+01   0.0000000e+00   2.6111927e-03
   5.0000000e+01   1.0000000e+00   2.5545428e-03
   5.1000000e+01   0.0000000e+00   2.5019477e-03
   5.2000000e+01   0.0000000e+00   2.4530590e-03
   5.3000000e+01   0.0000000e+00   2.4075590e-03
   5.4000000e+01   1.0000000e+00   2.3651573e-03
   5.5000000e+01   2.0000000e+00   2.3255888e-03
   5.6000000e+01   0.0000000e+00   2.2886117e-03
   5.7000000e+01   1.0000000e+00   2.2540048e-03
   5.8000000e+01   1.0000000e+00   2.2215663e-03
   5.9000000e+01   1.0000000e+00   2.1911121e-03
   6.0000000e+01   2.0000000e+00   2.1624737e-03
   6.1000000e+01   1.0000000e+00   2.1354976e-03
   6.2000000e+01   3.0000000e+00   2.1100435e-03
   6.3000000e+01   0.0000000e+00   2.0859831e-03
   6.4000000e+01   0.0000000e+00   2.0631995e-03
   6.5000000e+01   1.0000000e+00   2.0415858e-03
   6.6000000e+01   0.0000000e+00   2.0210444e-03
   6.7000000e+01   0.0000000e+00   2.0014863e-03
   6.8000000e+01   0.0000000e+00   1.9828299e-03
   6.9000000e+01   1.0000000e+00   1.9650010e-03
   7.0000000e+01   1.0000000e+00   1.9479317e-03
   7.1000000e+01   1.0000000e+00   1.9315599e-03
   7.2000000e+01   0.0000000e+00   1.9158291e-03
   7.3000000e+01   0.0000000e+00   1.9006875e-03
   7.4000000e+01   1.0000000e+00   1.8860878e-03
   7.5000000e+01   0.0000000e+00   1.8719868e-03
   7.6000000e+01   0.0000000e+00   1.8583453e-03
   7.7000000e+01   0.0000000e+00   1.8451270e-03
   7.8000000e+01   1.0000000e+00   1.8322991e-03
   7.9000000e+01   3.0000000e+00   1.8198316e-03
   8.0000000e+01   1.0000000e+00   1.8076970e-03
   8.1000000e+01   0.0000000e+00   1.7958701e-03
   8.2000000e+01   0.0000000e+00   1.7843280e-03
   8.3000000e+01   2.0000000e+00   1.7730498e-03
   8.4000000e+01   1.0000000e+00   1.7620163e-03
   8.5000000e+01   2.0000000e+00   1.7512100e-03
   8.6000000e+01   0.0000000e+00   1.7406148e-03
   8.7000000e+01   0.0000000e+00   1.7302162e-03
   8.8000000e+01   0.0000000e+00   1.7200007e-03
   8.9000000e+01   0.0000000e+00   1.7099561e-03
   9.0000000e+01   0.0000000e+00   1.7000713e-03
   9.1000000e+01   1.0000000e+00   1.6903359e-03
   9.2000000e+01   0.0000000e+00   1.6807407e-03
   9.3000000e+01   0.0000000e+00   1.6712770e-03
   9.4000000e+01   0.0000000e+00   1.6619370e-03
   9.5000000e+01   1.0000000e+00   1.6527135e-03
   9.6000000e+01   3.0000000e+00   1.6435999e-03
   9.7000000e+01   2.0000000e+00   1.6345903e-03
   9.8000000e+01   1.0000000e+00   1.6256791e-03
   9.9000000e+01   2.0000000e+00   1.6168613e-03
   1.0000000e+02   0.0000000e+00   1.6081322e-03
   1.0100000e+02   0.0000000e+00   1.5994875e-03
   1.0200000e+02   1.0000000e+00   1.5909235e-03
   1.0300000e+02   1.0000000e+00   1.5824364e-03
   1.0400000e+02   2.0000000e+00   1.5740231e-03
   1.0500000e+02   1.0000000e+00   1.5656805e-03
   1.0600000e+02   0.0000000e+00   1.5574058e-03
   1.0700000e+02   1.0000000e+00   1.5491965e-03
   1.0800000e+02   1.0000000e+00   1.5410503e-03
   1.0900000e+02   1.0000000e+00   1.5329650e-03
   1.1000000e+02   0.0000000e+00   1.5249386e-03
   1.1100000e+02   1.0000000e+00   1.5169693e-03
   1.1200000e+02   2.0000000e+00   1.5090555e-03
   1.1300000e+02   1.0000000e+00   1.5011954e-03
   1.1400000e+02   2.0000000e+00   1.4933878e-03
   1.1500000e+02   1.0000000e+00   1.4856313e-03
   1.1600000e+02   1.0000000e+00   1.4779246e-03
   1.1700000e+02   0.0000000e+00   1.4702666e-03
   1.1800000e+02   1.0000000e+00   1.4626563e-03
   1.1900000e+02   1.0000000e+00   1.4550927e-03
   1.2000000e+02   0.0000000e+00   1.4475748e-03
   1.2100000e+02   2.0000000e+00   1.4401018e-03
   1.2200000e+02   1.0000000e+00   1.4326730e-03
   1.2300000e+02   1.0000000e+00   1.4252875e-03
   1.2400000e+02   2.0000000e+00   1.4179447e-03
   1.2500000e+02   1.0000000e+00   1.4106440e-03
   1.2600000e+02   1.0000000e+00   1.4033847e-03
   1.2700000e+02   2.0000000e+00   1.3961663e-03
   1.2800000e+02   1.0000000e+00   1.3889883e-03
   1.2900000e+02   1.0000000e+00   1.3818501e-03
   1.3000000e+02   0.0000000e+00   1.3747512e-03
   1.3100000e+02   0.0000000e+00   1.3676913e-03
   1.3200000e+02   0.0000000e+00   1.3606698e-03
   1.3300000e+02   0.0000000e+00   1.3536864e-03
   1.3400000e+02   0.0000000e+00   1.3467408e-03
   1.3500000e+02   0.0000000e+00   1.3398324e-03
   1.3600000e+02   0.0000000e+00   1.3329611e-03
   1.3700000e+02   0.0000000e+00   1.3261264e-03
   1.3800000e+02   0.0000000e+00   1.3193281e-03
   1.3900000e+02   2.0000000e+00   1.3125657e-03
   1.4000000e+02   1.0000000e+00   1.3058392e-03
   1.4100000e+02   0.0000000e+00   1.2991480e-03
   1.4200000e+02   1.0000000e+00   1.2924921e-03
   1.4300000e+02   1.0000000e+00   1.2858711e-03
   1.4400000e+02   2.0000000e+00   1.2792847e-03
   1.4500000e+02   0.0000000e+00   1.2727328e-03
   1.4600000e+02   0.0000000e+00   1.2662151e-03
   1.4700000e+02   0.0000000e+00   1.2597313e-03
   1.4800000e+02   0.0000000e+00   1.2532812e-03
   1.4900000e+02   1.0000000e+00   1.2468646e-03
   1.5000000e+02   1.0000000e+00   1.2404813e-03
   1.5100000e+02   0.0000000e+00   1.2341311e-03
   1.5200000e+02   0.0000000e+00   1.2278138e-03
   1.5300000e+02   0.0000000e+00   1.2215291e-03
   1.5400000e+02   0.0000000e+00   1.2152769e-03
   1.5500000e+02   1.0000000e+00   1.2090569e-03
   1.5600000e+02   0.0000000e+00   1.2028691e-03
   1.5700000e+02   2.0000000e+00   1.1967132e-03
   1.5800000e+02   1.0000000e+00   1.1905889e-03
   1.5900000e+02   0.0000000e+00   1.1844962e-03
   1.6000000e+02   0.0000000e+00   1.1784349e-03
   1.6100000e+02   2.0000000e+00   1.1724047e-03
   1.6200000e+02   0.0000000e+00   1.1664055e-03
   1.6300000e+02   2.0000000e+00   1.1604372e-03
   1.6400000e+02   0.0000000e+00   1.1544995e-03
   1.6500000e+02   1.0000000e+00   1.1485924e-03
   1.6600000e+02   5.0000000e+00   1.1427155e-03
   1.6700000e+02   1.0000000e+00   1.1368688e-03
   1.6800000e+02   0.0000000e+00   1.1310521e-03
   1.6900000e+02   0.0000000e+00   1.1252653e-03
   1.7000000e+02   0.0000000e+00   1.1195081e-03
   1.7100000e+02   1.0000000e+00   1.1137804e-03
   1.7200000e+02   0.0000000e+00   1.1080821e-03
   1.7300000e+02   0.0000000e+00   1.1024130e-03
   1.7400000e+02   0.0000000e+00   1.0967730e-03
   1.7500000e+02   0.0000000e+00   1.0911619e-03
   1.7600000e+02   1.0000000e+00   1.0855795e-03
   1.7700000e+02   1.0000000e+00   1.0800257e-03
   1.7800000e+02   0.0000000e+00   1.0745003e-03
   1.7900000e+02   0.0000000e+00   1.0690033e-03
   1.8000000e+02   0.0000000e+00   1.0635344e-03
   1.8100000e+02   1.0000000e+00   1.0580935e-03
   1.8200000e+02   1.0000000e+00   1.0526805e-03
   1.8300000e+02   0.0000000e+00   1.0472951e-03
   1.8400000e+02   1.0000000e+00   1.0419374e-03
   1.8500000e+02   0.0000000e+00   1.0366071e-03
   1.8600000e+02   1.0000000e+00   1.0313040e-03
   1.8700000e+02   1.0000000e+00   1.0260281e-03
   1.8800000e+02   0.0000000e+00   1.0207792e-03
   1.8900000e+02   0.0000000e+00   1.0155572e-03
   1.9000000e+02   1.0000000e+00   1.0103619e-03
   1.9100000e+02   0.0000000e+00   1.0051932e-03
   1.9200000e+02   0.0000000e+00   1.0000509e-03
   1.9300000e+02   2.0000000e+00   9.9493499e-04
   1.9400000e+02   0.0000000e+00   9.8984523e-04
   1.9500000e+02   1.0000000e+00   9.8478150e-04
   1.9600000e+02   1.0000000e+00   9.7974369e-04
   1.9700000e+02   0.0000000e+00   9.7473166e-04
   1.9800000e+02   1.0000000e+00   9.6974527e-04
   1.9900000e+02   0.0000000e+00   9.6478440e-04
   2.0000000e+02   1.0000000e+00   9.5984891e-04
   2.0100000e+02   0.0000000e+00   9.5493867e-04
   2.0200000e+02   0.0000000e+00   9.5005355e-04
   2.0300000e+02   0.0000000e+00   9.4519343e-04
   2.0400000e+02   0.0000000e+00   9.4035818e-04
   2.0500000e+02   1.0000000e+00   9.3554766e-04
   2.0600000e+02   2.0000000e+00   9.3076175e-04
   2.0700000e+02   0.0000000e+00   9.2600033e-04
   2.0800000e+02   2.0000000e+00   9.2126327e-04
   2.0900000e+02   2.0000000e+00   9.1655044e-04
   2.1000000e+02   1.0000000e+00   9.1186173e-04
   2.1100000e+02   1.0000000e+00   9.0719700e-04
   2.1200000e+02   0.0000000e+00   9.0255613e-04
   2.1300000e+02   1.0000000e+00   8.9793901e-04
   2.1400000e+02   0.0000000e+00   8.9334551e-04
   2.1500000e+02   0.0000000e+00   8.8877551e-04
   2.1600000e+02   1.0000000e+00   8.8422889e-04
   2.1700000e+02   0.0000000e+00   8.7970553e-04
   2.1800000e+02   1.0000000e+00   8.7520531e-04
   2.1900000e+02   0.0000000e+00   8.7072811e-04
   2.2000000e+02   0.0000000e+00   8.6627381e-04
   2.2100000e+02   0.0000000e+00   8.6184230e-04
   2.2200000e+02   0.0000000e+00   8.5743347e-04
   2.2300000e+02   0.0000000e+00   8.5304718e-04
   2.2400000e+02   0.0000000e+00   8.4868334e-04
   2.2500000e+02   0.0000000e+00   8.4434182e-04
   2.2600000e+02   0.0000000e+00   8.4002251e-04
   2.2700000e+02   1.0000000e+00   8.3572529e-04
   2.2800000e+02   0.0000000e+00   8.3145006e-04
   2.2900000e+02   0.0000000e+00   8.2719670e-04
   2.3000000e+02   0.0000000e+00   8.2296510e-04
   2.3100000e+02   1.0000000e+00   8.1875515e-04
   2.3200000e+02   1.0000000e+00   8.1456673e-04
   2.3300000e+02   0.0000000e+00   8.1039974e-04
   2.3400000e+02   0.0000000e+00   8.0625407e-04
   2.3500000e+02   0.0000000e+00   8.0212960e-04
   2.3600000e+02   0.0000000e+00   7.9802623e-04
   2.3700000e+02   0.0000000e+00   7.9394386e-04
   2.3800000e+02   0.0000000e+00   7.8988237e-04
   2.3900000e+02   0.0000000e+00   7.8584165e-04
   2.4000000e+02   0.0000000e+00   7.8182161e-04
   2.4100000e+02   0.0000000e+00   7.7782213e-04
   2.4200000e+02   0.0000000e+00   7.7384311e-04
   2.4300000e+02   0.0000000e+00   7.6988445e-04
   2.4400000e+02   0.0000000e+00   7.6594603e-04
   2.4500000e+02   0.0000000e+00   7.6202777e-04
   2.4600000e+02   0.0000000e+00   7.5812955e-04
   2.4700000e+02   3.0000000e+00   7.5425127e-04
   2.4800000e+02   1.0000000e+00   7.5039283e-04
   2.4900000e+02   0.0000000e+00   7.4655413e-04
   2.5000000e+02   0.0000000e+00   7.4273506e-04
   2.5100000e+02   0.0000000e+00   7.3893553e-04
   2.5200000e+02   1.0000000e+00   7.3515544e-04
   2.5300000e+02   2.0000000e+00   7.3139469e-04
   2.5400000e+02   0.0000000e+00   7.2765318e-04
   2.5500000e+02   0.0000000e+00   7.2393080e-04
   2.5600000e+02   0.0000000e+00   7.2022747e-04
   2.5700000e+02   2.0000000e+00   7.1654308e-04
   2.5800000e+02   0.0000000e+00   7.1287754e-04
   2.5900000e+02   0.0000000e+00   7.0923075e-04
   2.6000000e+02   1.0000000e+00   7.0560262e-04
   2.6100000e+02   0.0000000e+00   7.0199305e-04
   2.6200000e+02   0.0000000e+00   6.9840194e-04
   2.6300000e+02   1.0000000e+00   6.9482920e-04
   2.6400000e+02   0.0000000e+00   6.9127474e-04
   2.6500000e+02   0.0000000e+00   6.8773846e-04
   2.6600000e+02   0.0000000e+00   6.8422028e-04
   2.6700000e+02   1.0000000e+00   6.8072009e-04
   2.6800000e+02   0.0000000e+00   6.7723780e-04
   2.6900000e+02   0.0000000e+00   6.7377333e-04
   2.7000000e+02   1.0000000e+00   6.7032659e-04
   2.7100000e+02   1.0000000e+00   6.6689747e-04
   2.7200000e+02   0.0000000e+00   6.6348590e-04
   2.7300000e+02   1.0000000e+00   6.6009178e-04
   2.7400000e+02   0.0000000e+00   6.5671502e-04
   2.7500000e+02   0.0000000e+00   6.5335554e-04
   2.7600000e+02   2.0000000e+00   6.5001324e-04
   2.7700000e+02   0.0000000e+00   6.4668804e-04
   2.7800000e+02   0.0000000e+00   6.4337985e-04
   2.7900000e+02   3.0000000e+00   6.4008858e-04
   2.8000000e+02   1.0000000e+00   6.3681415e-04
   2.8100000e+02   0.0000000e+00   6.3355647e-04
   2.8200000e+02   0.0000000e+00   6.3031546e-04
   2.8300000e+02   1.0000000e+00   6.2709102e-04
   2.8400000e+02   0.0000000e+00   6.2388308e-04
   2.8500000e+02   0.0000000e+00   6.2069155e-04
   2.8600000e+02   0.0000000e+00   6.1751635e-04
   2.8700000e+02   0.0000000e+00   6.1435739e-04
   2.8800000e+02   0.0000000e+00   6.1121459e-04
   2.8900000e+02   0.0000000e+00   6.0808787e-04
   2.9000000e+02   0.0000000e+00   6.0497714e-04
   2.9100000e+02   1.0000000e+00   6.0188233e-04
   2.9200000e+02   0.0000000e+00   5.9880335e-04
   2.9300000e+02   0.0000000e+00   5.9574012e-04
   2.9400000e+02   0.0000000e+00   5.9269255e-04
   2.9500000e+02   0.0000000e+00   5.8966058e-04
   2.9600000e+02   0.0000000e+00   5.8664412e-04
   2.9700000e+02   0.0000000e+00   5.8364309e-04
   2.9800000e+02   0.0000000e+00   5.8065741e-04
   2.9900000e+02   1.0000000e+00   5.7768701e-04
   3.0000000e+02   0.0000000e+00   5.7473180e-04
   3.0100000e+02   1.0000000e+00   5.7179171e-04
   3.0200000e+02   0.0000000e+00   5.6886666e-04
   3.0300000e+02   0.0000000e+00   5.6595657e-04
   3.0400000e+02   0.0000000e+00   5.6306137e-04
   3.0500000e+02   1.0000000e+00   5.6018098e-04
   3.0600000e+02   0.0000000e+00   5.5731532e-04
   3.0700000e+02   0.0000000e+00   5.5446433e-04
   3.0800000e+02   0.0000000e+00   5.5162792e-04
   3.0900000e+02   0.0000000e+00   5.4880602e-04
   3.1000000e+02   1.0000000e+00   5.4599855e-04
   3.1100000e+02   0.0000000e+00   5.4320545e-04
   3.1200000e+02   0.0000000e+00   5.4042663e-04
   3.1300000e+02   0.0000000e+00   5.3766203e-04
   3.1400000e+02   1.0000000e+00   5.3491157e-04
   3.1500000e+02   0.0000000e+00   5.3217518e-04
   3.1600000e+02   0.0000000e+00   5.2945280e-04
   3.1700000e+02   0.0000000e+00   5.2674433e-04
   3.1800000e+02   1.0000000e+00   5.2404973e-04
   3.1900000e+02   1.0000000e+00   5.2136890e-04
   3.2000000e+02   0.0000000e+00   5.1870179e-04
   3.2100000e+02   0.0000000e+00   5.1604833e-04
   3.2200000e+02   0.0000000e+00   5.1340844e-04
   3.2300000e+02   0.0000000e+00   5.1078205e-04
   3.2400000e+02   0.0000000e+00   5.0816910e-04
   3.2500000e+02   0.0000000e+00   5.0556952e-04
   3.2600000e+02   0.0000000e+00   5.0298323e-04
   3.2700000e+02   0.0000000e+00   5.0041018e-04
   3.2800000e+02   1.0000000e+00   4.9785028e-04
   3.2900000e+02   0.0000000e+00   4.9530349e-04
   3.3000000e+02   0.0000000e+00   4.9276972e-04
   3.3100000e+02   1.0000000e+00   4.9024891e-04
   3.3200000e+02   0.0000000e+00   4.8774100e-04
   3.3300000e+02   0.0000000e+00   4.8524592e-04
   3.3400000e+02   0.0000000e+00   4.8276360e-04
   3.3500000e+02   0.0000000e+00   4.8029398e-04
   3.3600000e+02   0.0000000e+00   4.7783699e-04
   3.3700000e+02   0.0000000e+00   4.7539257e-04
   3.3800000e+02   0.0000000e+00   4.7296066e-04
   3.3900000e+02   0.0000000e+00   4.7054119e-04
   3.4000000e+02   0.0000000e+00   4.6813409e-04
   3.4100000e+02   0.0000000e+00   4.6573931e-04
   3.4200000e+02   0.0000000e+00   4.6335678e-04
   3.4300000e+02   1.0000000e+00   4.6098644e-04
   3.4400000e+02   1.0000000e+00   4.5862822e-04
   3.4500000e+02   0.0000000e+00   4.5628207e-04
   3.4600000e+02   0.0000000e+00   4.5394792e-04
   3.4700000e+02   0.0000000e+00   4.5162571e-04
   3.4800000e+02   1.0000000e+00   4.4931538e-04
   3.4900000e+02   1.0000000e+00   4.4701686e-04
   3.5000000e+02   0.0000000e+00   4.4473011e-04
   3.5100000e+02   0.0000000e+00   4.4245505e-04
   3.5200000e+02   0.0000000e+00   4.4019164e-04
   3.5300000e+02   0.0000000e+00   4.3793980e-04
   3.5400000e+02   0.0000000e+00   4.3569948e-04
   3.5500000e+02   0.0000000e+00   4.3347062e-04
   3.5600000e+02   0.0000000e+00   4.3125316e-04
   3.5700000e+02   0.0000000e+00   4.2904705e-04
   3.5800000e+02   0.0000000e+00   4.2685222e-04
   3.5900000e+02   0.0000000e+00   4.2466862e-04
   3.6000000e+02   0.0000000e+00   4.2249619e-04
   3.6100000e+02   0.0000000e+00   4.2033487e-04
   3.6200000e+02   1.0000000e+00   4.1818461e-04
   3.6300000e+02   0.0000000e+00   4.1604535e-04
   3.6400000e+02   0.0000000e+00   4.1391703e-04
   3.6500000e+02   0.0000000e+00   4.1179960e-04
   3.6600000e+02   1.0000000e+00   4.0969301e-04
   3.6700000e+02   0.0000000e+00   4.0759719e-04
   3.6800000e+02   1.0000000e+00   4.0551209e-04
   3.6900000e+02   0.0000000e+00   4.0343765e-04
   3.7000000e+02   0.0000000e+00   4.0137383e-04
   3.7100000e+02   2.0000000e+00   3.9932057e-04
   3.7200000e+02   1.0000000e+00   3.9727781e-04
   3.7300000e+02   0.0000000e+00   3.9524550e-04
   3.7400000e+02   0.0000000e+00   3.9322359e-04
   3.7500000e+02   0.0000000e+00   3.9121202e-04
   3.7600000e+02   0.0000000e+00   3.8921074e-04
   3.7700000e+02   0.0000000e+00   3.8721969e-04
   3.7800000e+02   1.0000000e+00   3.8523884e-04
   3.7900000e+02   0.0000000e+00   3.8326811e-04
   3.8000000e+02   0.0000000e+00   3.8130747e-04
   3.8100000e+02   0.0000000e+00   3.7935686e-04
   3.8200000e+02   0.0000000e+00   3.7741623e-04
   3.8300000e+02   0.0000000e+00   3.7548552e-04
   3.8400000e+02   0.0000000e+00   3.7356469e-04
   3.8500000e+02   0.0000000e+00   3.7165369e-04
   3.8600000e+02   0.0000000e+00   3.6975246e-04
   3.8700000e+02   1.0000000e+00   3.6786096e-04
   3.8800000e+02   0.0000000e+00   3.6597913e-04
   3.8900000e+02   0.0000000e+00   3.6410694e-04
   3.9000000e+02   0.0000000e+00   3.6224431e-04
   3.9100000e+02   0.0000000e+00   3.6039122e-04
   3.9200000e+02   0.0000000e+00   3.5854761e-04
   3.9300000e+02   0.0000000e+00   3.5671343e-04
   3.9400000e+02   0.0000000e+00   3.5488863e-04
   3.9500000e+02   1.0000000e+00   3.5307316e-04
   3.9600000e+02   0.0000000e+00   3.5126699e-04
   3.9700000e+02   0.0000000e+00   3.4947005e-04
   3.9800000e+02   0.0000000e+00   3.4768230e-04
   3.9900000e+02   0.0000000e+00   3.4590370e-04
   4.0000000e+02   0.0000000e+00   3.4413420e-04
   4.0100000e+02   0.0000000e+00   3.4237375e-04
   4.0200000e+02   0.0000000e+00   3.4062231e-04
   4.0300000e+02   0.0000000e+00   3.3887983e-04
   4.0400000e+02   0.0000000e+00   3.3714626e-04
   4.0500000e+02   0.0000000e+00   3.3542156e-04
   4.0600000e+02   0.0000000e+00   3.3370568e-04
   4.0700000e+02   0.0000000e+00   3.3199858e-04
   4.0800000e+02   0.0000000e+00   3.3030021e-04
   4.0900000e+02   0.0000000e+00   3.2861053e-04
   4.1000000e+02   0.0000000e+00   3.2692949e-04
   4.1100000e+02   0.0000000e+00   3.2525706e-04
   4.1200000e+02   0.0000000e+00   3.2359317e-04
   4.1300000e+02   0.0000000e+00   3.2193780e-04
   4.1400000e+02   0.0000000e+00   3.2029090e-04
   4.1500000e+02   0.0000000e+00   3.1865243e-04
   4.1600000e+02   0.0000000e+00   3.1702233e-04
   4.1700000e+02   0.0000000e+00   3.1540058e-04
   4.1800000e+02   0.0000000e+00   3.1378712e-04
   4.1900000e+02   0.0000000e+00   3.1218191e-04
   4.2000000e+02   0.0000000e+00   3.1058492e-04
   4.2100000e+02   0.0000000e+00   3.0899609e-04
   4.2200000e+02   0.0000000e+00   3.0741540e-04
   4.2300000e+02   0.0000000e+00   3.0584278e-04
   4.2400000e+02   0.0000000e+00   3.0427822e-04
   4.2500000e+02   0.0000000e+00   3.0272166e-04
   4.2600000e+02   0.0000000e+00   3.0117306e-04
   4.2700000e+02   1.0000000e+00   2.9963238e-04
   4.2800000e+02   0.0000000e+00   2.9809958e-04
   4.2900000e+02   0.0000000e+00   2.9657463e-04
   4.3000000e+02   1.0000000e+00   2.9505748e-04
   4.3100000e+02   0.0000000e+00   2.9354808e-04
   4.3200000e+02   0.0000000e+00   2.9204641e-04
   4.3300000e+02   0.0000000e+00   2.9055242e-04
   4.3400000e+02   1.0000000e+00   2.8906608e-04
   4.3500000e+02   0.0000000e+00   2.8758733e-04
   4.3600000e+02   0.0000000e+00   2.8611615e-04
   4.3700000e+02   0.0000000e+00   2.8465250e-04
   4.3800000e+02   0.0000000e+00   2.8319634e-04
   4.3900000e+02   0.0000000e+00   2.8174762e-04
   4.4000000e+02   0.0000000e+00   2.8030632e-04
   4.4100000e+02   0.0000000e+00   2.7887238e-04
   4.4200000e+02   0.0000000e+00   2.7744579e-04
   4.4300000e+02   0.0000000e+00   2.7602649e-04
   4.4400000e+02   0.0000000e+00   2.7461445e-04
   4.4500000e+02   0.0000000e+00   2.7320964e-04
   4.4600000e+02   0.0000000e+00   2.7181201e-04
   4.4700000e+02   1.0000000e+00   2.7042153e-04
   4.4800000e+02   1.0000000e+00   2.6903817e-04
   4.4900000e+02   0.0000000e+00   2.6766188e-04
   4.5000000e+02   0.0000000e+00   2.6629263e-04
   4.5100000e+02   0.0000000e+00   2.6493038e-04
   4.5200000e+02   0.0000000e+00   2.6357511e-04
   4.5300000e+02   0.0000000e+00   2.6222677e-04
   4.5400000e+02   0.0000000e+00   2.6088532e-04
   4.5500000e+02   0.0000000e+00   2.5955074e-04
   4.5600000e+02   0.0000000e+00   2.5822299e-04
   4.5700000e+02   1.0000000e+00   2.5690202e-04
   4.5800000e+02   0.0000000e+00   2.5558782e-04
   4.5900000e+02   1.0000000e+00   2.5428034e-04
   4.6000000e+02   0.0000000e+00   2.5297954e-04
   4.6100000e+02   0.0000000e+00   2.5168540e-04
   4.6200000e+02   0.0000000e+00   2.5039789e-04
   4.6300000e+02   0.0000000e+00   2.4911695e-04
   4.6400000e+02   0.0000000e+00   2.4784257e-04
   4.6500000e+02   0.0000000e+00   2.4657471e-04
   4.6600000e+02   1.0000000e+00   2.4531334e-04
   4.6700000e+02   0.0000000e+00   2.4405842e-04
   4.6800000e+02   0.0000000e+00   2.4280991e-04
   4.6900000e+02   0.0000000e+00   2.4156780e-04
   4.7000000e+02   0.0000000e+00   2.4033204e-04
   4.7100000e+02   0.0000000e+00   2.3910260e-04
   4.7200000e+02   0.0000000e+00   2.3787945e-04
   4.7300000e+02   0.0000000e+00   2.3666255e-04
   4.7400000e+02   0.0000000e+00   2.3545188e-04
   4.7500000e+02   1.0000000e+00   2.3424741e-04
   4.7600000e+02   0.0000000e+00   2.3304910e-04
   4.7700000e+02   0.0000000e+00   2.3185691e-04
   4.7800000e+02   0.0000000e+00   2.3067083e-04
   4.7900000e+02   0.0000000e+00   2.2949081e-04
   4.8000000e+02   0.0000000e+00   2.2831683e-04
   4.8100000e+02   0.0000000e+00   2.2714886e-04
   4.8200000e+02   0.0000000e+00   2.2598686e-04
   4.8300000e+02   0.0000000e+00   2.2483080e-04
   4.8400000e+02   0.0000000e+00   2.2368066e-04
   4.8500000e+02   0.0000000e+00   2.2253640e-04
   4.8600000e+02   0.0000000e+00   2.2139800e-04
   4.8700000e+02   0.0000000e+00   2.2026541e-04
   4.8800000e+02   0.0000000e+00   2.1913863e-04
   4.8900000e+02   1.0000000e+00   2.1801760e-04
   4.9000000e+02   0.0000000e+00   2.1690232e-04
   4.9100000e+02   0.0000000e+00   2.1579273e-04
   4.9200000e+02   0.0000000e+00   2.1468883e-04
   4.9300000e+02   0.0000000e+00   2.1359057e-04
   4.9400000e+02   0.0000000e+00   2.1249792e-04
   4.9500000e+02   0.0000000e+00   2.1141087e-04
   4.9600000e+02   0.0000000e+00   2.1032938e-04
   4.9700000e+02   0.0000000e+00   2.0925342e-04
   4.9800000e+02   0.0000000e+00   2.0818297e-04
   4.9900000e+02   0.0000000e+00   2.0711799e-04
   5.0000000e+02   0.0000000e+00   2.0605846e-04
   5.0100000e+02   0.0000000e+00   2.0500435e-04
   5.0200000e+02   1.0000000e+00   2.0395563e-04
   5.0300000e+02   0.0000000e+00   2.0291228e-04
   5.0400000e+02   0.0000000e+00   2.0187426e-04
   5.0500000e+02   1.0000000e+00   2.0084156e-04
   5.0600000e+02   0.0000000e+00   1.9981413e-04
   5.0700000e+02   0.0000000e+00   1.9879197e-04
   5.0800000e+02   0.0000000e+00   1.9777503e-04
   5.0900000e+02   0.0000000e+00   1.9676329e-04
   5.1000000e+02   1.0000000e+00   1.9575673e-04
   5.1100000e+02   0.0000000e+00   1.9475532e-04
   5.1200000e+02   0.0000000e+00   1.9375904e-04
   5.1300000e+02   0.0000000e+00   1.9276784e-04
   5.1400000e+02   0.0000000e+00   1.9178172e-04
   5.1500000e+02   0.0000000e+00   1.9080065e-04
   5.1600000e+02   0.0000000e+00   1.8982459e-04
   5.1700000e+02   0.0000000e+00   1.8885352e-04
   5.1800000e+02   0.0000000e+00   1.8788743e-04
   5.1900000e+02   0.0000000e+00   1.8692627e-04
   5.2000000e+02   0.0000000e+00   1.8597003e-04
   5.2100000e+02   0.0000000e+00   1.8501869e-04
   5.2200000e+02   0.0000000e+00   1.8407221e-04
   5.2300000e+02   0.0000000e+00   1.8313057e-04
   5.2400000e+02   0.0000000e+00   1.8219375e-04
   5.2500000e+02   0.0000000e+00   1.8126172e-04
   5.2600000e+02   0.0000000e+00   1.8033446e-04
   5.2700000e+02   0.0000000e+00   1.7941195e-04
   5.2800000e+02   0.0000000e+00   1.7849415e-04
   5.2900000e+02   0.0000000e+00   1.7758104e-04
   5.3000000e+02   0.0000000e+00   1.7667261e-04
   5.3100000e+02   0.0000000e+00   1.7576883e-04
   5.3200000e+02   0.0000000e+00   1.7486967e-04
   5.3300000e+02   0.0000000e+00   1.7397511e-04
   5.3400000e+02   0.0000000e+00   1.7308512e-04
   5.3500000e+02   0.0000000e+00   1.7219969e-04
   5.3600000e+02   0.0000000e+00   1.7131879e-04
   5.3700000e+02   0.0000000e+00   1.7044239e-04
   5.3800000e+02   0.0000000e+00   1.6957048e-04
   5.3900000e+02   0.0000000e+00   1.6870302e-04
   5.4000000e+02   0.0000000e+00   1.6784001e-04
   5.4100000e+02   0.0000000e+00   1.6698141e-04
   5.4200000e+02   0.0000000e+00   1.6612720e-04
   5.4300000e+02   0.0000000e+00   1.6527736e-04
   5.4400000e+02   0.0000000e+00   1.6443187e-04
   5.4500000e+02   0.0000000e+00   1.6359071e-04
   5.4600000e+02   0.0000000e+00   1.6275384e-04
   5.4700000e+02   0.0000000e+00   1.6192126e-04
   5.4800000e+02   0.0000000e+00   1.6109294e-04
   5.4900000e+02   0.0000000e+00   1.6026885e-04
   5.5000000e+02   0.0000000e+00   1.5944898e-04
   5.5100000e+02   0.0000000e+00   1.5863331e-04
   5.5200000e+02   0.0000000e+00   1.5782181e-04
   5.5300000e+02   0.0000000e+00   1.5701445e-04
   5.5400000e+02   0.0000000e+00   1.5621123e-04
   5.5500000e+02   0.0000000e+00   1.5541212e-04
   5.5600000e+02   0.0000000e+00   1.5461710e-04
   5.5700000e+02   0.0000000e+00   1.5382614e-04
   5.5800000e+02   0.0000000e+00   1.5303923e-04
   5.5900000e+02   0.0000000e+00   1.5225634e-04
   5.6000000e+02   0.0000000e+00   1.5147746e-04
   5.6100000e+02   1.0000000e+00   1.5070256e-04
   5.6200000e+02   0.0000000e+00   1.4993163e-04
   5.6300000e+02   0.0000000e+00   1.4916464e-04
   5.6400000e+02   1.0000000e+00   1.4840158e-04
   5.6500000e+02   0.0000000e+00   1.4764242e-04
   5.6600000e+02   0.0000000e+00   1.4688714e-04
   5.6700000e+02   0.0000000e+00   1.4613573e-04
   5.6800000e+02   0.0000000e+00   1.4538816e-04
   5.6900000e+02   0.0000000e+00   1.4464441e-04
   5.7000000e+02   0.0000000e+00   1.4390447e-04
   5.7100000e+02   0.0000000e+00   1.4316831e-04
   5.7200000e+02   0.0000000e+00   1.4243592e-04
   5.7300000e+02   0.0000000e+00   1.4170728e-04
   5.7400000e+02   0.0000000e+00   1.4098236e-04
   5.7500000e+02   0.0000000e+00   1.4026115e-04
   5.7600000e+02   0.0000000e+00   1.3954364e-04
   5.7700000e+02   0.0000000e+00   1.3882979e-04
   5.7800000e+02   1.0000000e+00   1.3811959e-04
   5.7900000e+02   0.0000000e+00   1.3741303e-04
   5.8000000e+02   1.0000000e+00   1.3671008e-04
   5.8100000e+02   0.0000000e+00   1.3601073e-04
   5.8200000e+02   0.0000000e+00   1.3531495e-04
   5.8300000e+02   0.0000000e+00   1.3462274e-04
   5.8400000e+02   0.0000000e+00   1.3393406e-04
   5.8500000e+02   1.0000000e+00   1.3324891e-04
   5.8600000e+02   0.0000000e+00   1.3256726e-04
   5.8700000e+02   0.0000000e+00   1.3188911e-04
   5.8800000e+02   1.0000000e+00   1.3121441e-04
   5.8900000e+02   0.0000000e+00   1.3054318e-04
   5.9000000e+02   0.0000000e+00   1.2987537e-04
   5.9100000e+02   0.0000000e+00   1.2921098e-04
   5.9200000e+02   0.0000000e+00   1.2854999e-04
   5.9300000e+02   0.0000000e+00   1.2789238e-04
   5.9400000e+02   0.0000000e+00   1.2723814e-04
   5.9500000e+02   0.0000000e+00   1.2658724e-04
   5.9600000e+02   0.0000000e+00   1.2593967e-04
   5.9700000e+02   0.0000000e+00   1.2529542e-04
   5.9800000e+02   1.0000000e+00   1.2465446e-04
   5.9900000e+02   0.0000000e+00   1.2401678e-04
   6.0000000e+02   0.0000000e+00   1.2338236e-04
   6.0100000e+02   0.0000000e+00   1.2275118e-04
   6.0200000e+02   0.0000000e+00   1.2212324e-04
   6.0300000e+02   0.0000000e+00   1.2149851e-04
   6.0400000e+02   0.0000000e+00   1.2087697e-04
   6.0500000e+02   0.0000000e+00   1.2025861e-04
   6.0600000e+02   0.0000000e+00   1.1964342e-04
   6.0700000e+02   0.0000000e+00   1.1903137e-04
   6.0800000e+02   0.0000000e+00   1.1842246e-04
   6.0900000e+02   0.0000000e+00   1.1781666e-04
   6.1000000e+02   0.0000000e+00   1.1721396e-04
   6.1100000e+02   0.0000000e+00   1.1661434e-04
   6.1200000e+02   0.0000000e+00   1.1601779e-04
   6.1300000e+02   1.0000000e+00   1.1542429e-04
   6.1400000e+02   0.0000000e+00   1.1483382e-04
   6.1500000e+02   0.0000000e+00   1.1424638e-04
   6.1600000e+02   0.0000000e+00   1.1366194e-04
   6.1700000e+02   0.0000000e+00   1.1308050e-04
   6.1800000e+02   0.0000000e+00   1.1250202e-04
   6.1900000e+02   0.0000000e+00   1.1192651e-04
   6.2000000e+02   0.0000000e+00   1.1135394e-04
   6.2100000e+02   0.0000000e+00   1.1078430e-04
   6.2200000e+02   0.0000000e+00   1.1021757e-04
   6.2300000e+02   0.0000000e+00   1.0965374e-04
   6.2400000e+02   0.0000000e+00   1.0909280e-04
   6.2500000e+02   0.0000000e+00   1.0853473e-04
   6.2600000e+02   0.0000000e+00   1.0797951e-04
   6.2700000e+02   0.0000000e+00   1.0742713e-04
   6.2800000e+02   0.0000000e+00   1.0687758e-04
   6.2900000e+02   0.0000000e+00   1.0633083e-04
   6.3000000e+02   0.0000000e+00   1.0578689e-04
   6.3100000e+02   0.0000000e+00   1.0524573e-04
   6.3200000e+02   0.0000000e+00   1.0470733e-04
   6.3300000e+02   0.0000000e+00   1.0417169e-04
   6.3400000e+02   0.0000000e+00   1.0363879e-04
   6.3500000e+02   0.0000000e+00   1.0310862e-04
   6.3600000e+02   0.0000000e+00   1.0258116e-04
   6.3700000e+02   0.0000000e+00   1.0205640e-04
   6.3800000e+02   0.0000000e+00   1.0153432e-04
   6.3900000e+02   0.0000000e+00   1.0101491e-04
   6.4000000e+02   0.0000000e+00   1.0049816e-04
   6.4100000e+02   0.0000000e+00   9.9984052e-05
   6.4200000e+02   0.0000000e+00   9.9472574e-05
   6.4300000e+02   0.0000000e+00   9.8963714e-05
   6.4400000e+02   0.0000000e+00   9.8457456e-05
   6.4500000e+02   0.0000000e+00   9.7953788e-05
   6.4600000e+02   0.0000000e+00   9.7452697e-05
   6.4700000e+02   0.0000000e+00   9.6954169e-05
   6.4800000e+02   0.0000000e+00   9.6458191e-05
   6.4900000e+02   0.0000000e+00   9.5964751e-05
   6.5000000e+02   0.0000000e+00   9.5473835e-05
   6.5100000e+02   0.0000000e+00   9.4985430e-05
   6.5200000e+02   0.0000000e+00   9.4499524e-05
   6.5300000e+02   0.0000000e+00   9.4016103e-05
   6.5400000e+02   0.0000000e+00   9.3535155e-05
   6.5500000e+02   0.0000000e+00   9.3056668e-05
   6.5600000e+02   0.0000000e+00   9.2580628e-05
   6.5700000e+02   0.0000000e+00   9.2107024e-05
   6.5800000e+02   0.0000000e+00   9.1635842e-05
   6.5900000e+02   0.0000000e+00   9.1167071e-05
   6.6000000e+02   0.0000000e+00   9.0700698e-05
   6.6100000e+02   0.0000000e+00   9.0236710e-05
   6.6200000e+02   0.0000000e+00   8.9775096e-05
   6.6300000e+02   0.0000000e+00   8.9315844e-05
   6.6400000e+02   0.0000000e+00   8.8858941e-05
   6.6500000e+02   0.0000000e+00   8.8404375e-05
   6.6600000e+02   0.0000000e+00   8.7952135e-05
   6.6700000e+02   0.0000000e+00   8.7502208e-05
   6.6800000e+02   0.0000000e+00   8.7054582e-05
   6.6900000e+02   0.0000000e+00   8.6609247e-05
   6.7000000e+02   1.0000000e+00   8.6166190e-05
   6.7100000e+02   0.0000000e+00   8.5725399e-05
   6.7200000e+02   0.0000000e+00   8.5286863e-05
   6.7300000e+02   0.0000000e+00   8.4850571e-05
   6.7400000e+02   0.0000000e+00   8.4416510e-05
   6.7500000e+02   0.0000000e+00   8.3984670e-05
   6.7600000e+02   0.0000000e+00   8.3555039e-05
   6.7700000e+02   0.0000000e+00   8.3127606e-05
   6.7800000e+02   0.0000000e+00   8.2702359e-05
   6.7900000e+02   0.0000000e+00   8.2279288e-05
   6.8000000e+02   0.0000000e+00   8.1858381e-05
   6.8100000e+02   0.0000000e+00   8.1439627e-05
   6.8200000e+02   0.0000000e+00   8.1023015e-05
   6.8300000e+02   0.0000000e+00   8.0608535e-05
   6.8400000e+02   0.0000000e+00   8.0196175e-05
   6.8500000e+02   0.0000000e+00   7.9785924e-05
   6.8600000e+02   0.0000000e+00   7.9377772e-05
   6.8700000e+02   0.0000000e+00   7.8971708e-05
   6.8800000e+02   0.0000000e+00   7.8567722e-05
   6.8900000e+02   0.0000000e+00   7.8165801e-05
   6.9000000e+02   0.0000000e+00   7.7765937e-05
   6.9100000e+02   0.0000000e+00   7.7368119e-05
   6.9200000e+02   0.0000000e+00   7.6972335e-05
   6.9300000e+02   0.0000000e+00   7.6578577e-05
   6.9400000e+02   0.0000000e+00   7.6186832e-05
   6.9500000e+02   0.0000000e+00   7.5797092e-05
   6.9600000e+02   0.0000000e+00   7.5409345e-05
   6.9700000e+02   0.0000000e+00   7.5023582e-05
   6.9800000e+02   0.0000000e+00   7.4639792e-05
   6.9900000e+02   0.0000000e+00   7.4257965e-05
   7.0000000e+02   0.0000000e+00   7.3878092e-05
   7.0100000e+02   0.0000000e+00   7.3500162e-05
   7.0200000e+02   0.0000000e+00   7.3124166e-05
   7.0300000e+02   0.0000000e+00   7.2750093e-05
   7.0400000e+02   0.0000000e+00   7.2377933e-05
   7.0500000e+02   0.0000000e+00   7.2007677e-05
   7.0600000e+02   0.0000000e+00   7.1639316e-05
   7.0700000e+02   0.0000000e+00   7.1272838e-05
   7.0800000e+02   0.0000000e+00   7.0908236e-05
   7.0900000e+02   0.0000000e+00   7.0545499e-05
   7.1000000e+02   0.0000000e+00   7.0184617e-05
   7.1100000e+02   0.0000000e+00   6.9825581e-05
   7.1200000e+02   0.0000000e+00   6.9468382e-05
   7.1300000e+02   0.0000000e+00   6.9113011e-05
   7.1400000e+02   0.0000000e+00   6.8759457e-05
   7.1500000e+02   0.0000000e+00   6.8407712e-05
   7.1600000e+02   0.0000000e+00   6.8057766e-05
   7.1700000e+02   0.0000000e+00   6.7709611e-05
   7.1800000e+02   0.0000000e+00   6.7363236e-05
   7.1900000e+02   0.0000000e+00   6.7018633e-05
   7.2000000e+02   0.0000000e+00   6.6675794e-05
   7.2100000e+02   0.0000000e+00   6.6334708e-05
   7.2200000e+02   0.0000000e+00   6.5995367e-05
   7.2300000e+02   0.0000000e+00   6.5657762e-05
   7.2400000e+02   0.0000000e+00   6.5321884e-05
   7.2500000e+02   0.0000000e+00   6.4987724e-05
   7.2600000e+02   0.0000000e+00   6.4655273e-05
   7.2700000e+02   0.0000000e+00   6.4324523e-05
   7.2800000e+02   0.0000000e+00   6.3995466e-05
   7.2900000e+02   0.0000000e+00   6.3668091e-05
   7.3000000e+02   0.0000000e+00   6.3342391e-05
   7.3100000e+02   0.0000000e+00   6.3018358e-05
   7.3200000e+02   0.0000000e+00   6.2695982e-05
   7.3300000e+02   0.0000000e+00   6.2375255e-05
   7.3400000e+02   0.0000000e+00   6.2056169e-05
   7.3500000e+02   0.0000000e+00   6.1738715e-05
   7.3600000e+02   0.0000000e+00   6.1422885e-05
   7.3700000e+02   1.0000000e+00   6.1108671e-05
   7.3800000e+02   0.0000000e+00   6.0796064e-05
   7.3900000e+02   0.0000000e+00   6.0485056e-05
   7.4000000e+02   0.0000000e+00   6.0175640e-05
   7.4100000e+02   0.0000000e+00   5.9867806e-05
   7.4200000e+02   0.0000000e+00   5.9561547e-05
   7.4300000e+02   0.0000000e+00   5.9256855e-05
   7.4400000e+02   0.0000000e+00   5.8953721e-05
   7.4500000e+02   0.0000000e+00   5.8652138e-05
   7.4600000e+02   0.0000000e+00   5.8352098e-05
   7.4700000e+02   0.0000000e+00   5.8053592e-05
   7.4800000e+02   0.0000000e+00   5.7756614e-05
   7.4900000e+02   0.0000000e+00   5.7461155e-05
   7.5000000e+02   0.0000000e+00   5.7167207e-05
   7.5100000e+02   0.0000000e+00   5.6874764e-05
   7.5200000e+02   0.0000000e+00   5.6583816e-05
   7.5300000e+02   0.0000000e+00   5.6294356e-05
   7.5400000e+02   0.0000000e+00   5.6006377e-05
   7.5500000e+02   0.0000000e+00   5.5719872e-05
   7.5600000e+02   0.0000000e+00   5.5434832e-05
   7.5700000e+02   0.0000000e+00   5.5151250e-05
   7.5800000e+02   0.0000000e+00   5.4869119e-05
   7.5900000e+02   0.0000000e+00   5.4588431e-05
   7.6000000e+02   0.0000000e+00   5.4309179e-05
   7.6100000e+02   0.0000000e+00   5.4031356e-05
   7.6200000e+02   0.0000000e+00   5.3754954e-05
   7.6300000e+02   0.0000000e+00   5.3479965e-05
   7.6400000e+02   0.0000000e+00   5.3206384e-05
   7.6500000e+02   0.0000000e+00   5.2934202e-05
   7.6600000e+02   0.0000000e+00   5.2663412e-05
   7.6700000e+02   0.0000000e+00   5.2394008e-05
   7.6800000e+02   0.0000000e+00   5.2125982e-05
   7.6900000e+02   0.0000000e+00   5.1859327e-05
   7.7000000e+02   0.0000000e+00   5.1594036e-05
   7.7100000e+02   1.0000000e+00   5.1330102e-05
   7.7200000e+02   0.0000000e+00   5.1067518e-05
   7.7300000e+02   0.0000000e+00   5.0806278e-05
   7.7400000e+02   0.0000000e+00   5.0546374e-05
   7.7500000e+02   0.0000000e+00   5.0287799e-05
   7.7600000e+02   0.0000000e+00   5.0030548e-05
   7.7700000e+02   0.0000000e+00   4.9774612e-05
   7.7800000e+02   0.0000000e+00   4.9519986e-05
   7.7900000e+02   0.0000000e+00   4.9266662e-05
   7.8000000e+02   0.0000000e+00   4.9014634e-05
   7.8100000e+02   0.0000000e+00   4.8763895e-05
   7.8200000e+02   0.0000000e+00   4.8514439e-05
   7.8300000e+02   0.0000000e+00   4.8266259e-05
   7.8400000e+02   1.0000000e+00   4.8019349e-05
   7.8500000e+02   0.0000000e+00   4.7773702e-05
   7.8600000e+02   0.0000000e+00   4.7529311e-05
   7.8700000e+02   0.0000000e+00   4.7286171e-05
   7.8800000e+02   0.0000000e+00   4.7044274e-05
   7.8900000e+02   0.0000000e+00   4.6803615e-05
   7.9000000e+02   0.0000000e+00   4.6564187e-05
   7.9100000e+02   0.0000000e+00   4.6325984e-05
   7.9200000e+02   0.0000000e+00   4.6088999e-05
   7.9300000e+02   0.0000000e+00   4.5853227e-05
   7.9400000e+02   0.0000000e+00   4.5618660e-05
   7.9500000e+02   0.0000000e+00   4.5385294e-05
   7.9600000e+02   0.0000000e+00   4.5153121e-05
   7.9700000e+02   0.0000000e+00   4.4922137e-05
   7.9800000e+02   0.0000000e+00   4.4692334e-05
   7.9900000e+02   0.0000000e+00   4.4463706e-05
   8.0000000e+02   0.0000000e+00   4.4236248e-05
   8.0100000e+02   0.0000000e+00   4.4009953e-05
   8.0200000e+02   0.0000000e+00   4.3784817e-05
   8.0300000e+02   1.0000000e+00   4.3560832e-05
   8.0400000e+02   0.0000000e+00   4.3337992e-05
   8.0500000e+02   1.0000000e+00   4.3116293e-05
   8.0600000e+02   0.0000000e+00   4.2895728e-05
   8.0700000e+02   0.0000000e+00   4.2676291e-05
   8.0800000e+02   0.0000000e+00   4.2457976e-05
   8.0900000e+02   0.0000000e+00   4.2240779e-05
   8.1000000e+02   0.0000000e+00   4.2024693e-05
   8.1100000e+02   0.0000000e+00   4.1809711e-05
   8.1200000e+02   1.0000000e+00   4.1595830e-05
   8.1300000e+02   0.0000000e+00   4.1383043e-05
   8.1400000e+02   0.0000000e+00   4.1171344e-05
   8.1500000e+02   0.0000000e+00   4.0960729e-05
   8.1600000e+02   0.0000000e+00   4.0751191e-05
   8.1700000e+02   0.0000000e+00   4.0542724e-05
   8.1800000e+02   0.0000000e+00   4.0335324e-05
   8.1900000e+02   0.0000000e+00   4.0128985e-05
   8.2000000e+02   0.0000000e+00   3.9923702e-05
   8.2100000e+02   0.0000000e+00   3.9719469e-05
   8.2200000e+02   0.0000000e+00   3.9516280e-05
   8.2300000e+02   0.0000000e+00   3.9314131e-05
   8.2400000e+02   0.0000000e+00   3.9113016e-05
   8.2500000e+02   0.0000000e+00   3.8912930e-05
   8.2600000e+02   0.0000000e+00   3.8713868e-05
   8.2700000e+02   0.0000000e+00   3.8515824e-05
   8.2800000e+02   0.0000000e+00   3.8318792e-05
   8.2900000e+02   0.0000000e+00   3.8122769e-05
   8.3000000e+02   0.0000000e+00   3.7927749e-05
   8.3100000e+02   0.0000000e+00   3.7733726e-05
   8.3200000e+02   0.0000000e+00   3.7540696e-05
   8.3300000e+02   0.0000000e+00   3.7348653e-05
   8.3400000e+02   0.0000000e+00   3.7157593e-05
   8.3500000e+02   0.0000000e+00   3.6967510e-05
   8.3600000e+02   0.0000000e+00   3.6778399e-05
   8.3700000e+02   0.0000000e+00   3.6590256e-05
   8.3800000e+02   0.0000000e+00   3.6403075e-05
   8.3900000e+02   0.0000000e+00   3.6216852e-05
   8.4000000e+02   0.0000000e+00   3.6031582e-05
   8.4100000e+02   0.0000000e+00   3.5847259e-05
   8.4200000e+02   0.0000000e+00   3.5663879e-05
   8.4300000e+02   0.0000000e+00   3.5481437e-05
   8.4400000e+02   0.0000000e+00   3.5299929e-05
   8.4500000e+02   0.0000000e+00   3.5119349e-05
   8.4600000e+02   0.0000000e+00   3.4939693e-05
   8.4700000e+02   0.0000000e+00   3.4760956e-05
   8.4800000e+02   0.0000000e+00   3.4583133e-05
   8.4900000e+02   0.0000000e+00   3.4406220e-05
   8.5000000e+02   0.0000000e+00   3.4230212e-05
   8.5100000e+02   0.0000000e+00   3.4055104e-05
   8.5200000e+02   0.0000000e+00   3.3880892e-05
   8.5300000e+02   0.0000000e+00   3.3707572e-05
   8.5400000e+02   0.0000000e+00   3.3535138e-05
   8.5500000e+02   0.0000000e+00   3.3363586e-05
   8.5600000e+02   0.0000000e+00   3.3192911e-05
   8.5700000e+02   0.0000000e+00   3.3023110e-05
   8.5800000e+02   0.0000000e+00   3.2854177e-05
   8.5900000e+02   0.0000000e+00   3.2686109e-05
   8.6000000e+02   0.0000000e+00   3.2518900e-05
   8.6100000e+02   0.0000000e+00   3.2352547e-05
   8.6200000e+02   0.0000000e+00   3.2187045e-05
   8.6300000e+02   0.0000000e+00   3.2022389e-05
   8.6400000e+02   0.0000000e+00   3.1858576e-05
   8.6500000e+02   0.0000000e+00   3.1695600e-05
   8.6600000e+02   0.0000000e+00   3.1533459e-05
   8.6700000e+02   0.0000000e+00   3.1372146e-05
   8.6800000e+02   0.0000000e+00   3.1211659e-05
   8.6900000e+02   0.0000000e+00   3.1051993e-05
   8.7000000e+02   0.0000000e+00   3.0893144e-05
   8.7100000e+02   0.0000000e+00   3.0735108e-05
   8.7200000e+02   0.0000000e+00   3.0577879e-05
   8.7300000e+02   0.0000000e+00   3.0421456e-05
   8.7400000e+02   0.0000000e+00   3.0265832e-05
   8.7500000e+02   0.0000000e+00   3.0111004e-05
   8.7600000e+02   0.0000000e+00   2.9956969e-05
   8.7700000e+02   0.0000000e+00   2.9803721e-05
   8.7800000e+02   0.0000000e+00   2.9651258e-05
   8.7900000e+02   0.0000000e+00   2.9499574e-05
   8.8000000e+02   0.0000000e+00   2.9348666e-05
   8.8100000e+02   0.0000000e+00   2.9198531e-05
   8.8200000e+02   0.0000000e+00   2.9049163e-05
   8.8300000e+02   0.0000000e+00   2.8900560e-05
   8.8400000e+02   0.0000000e+00   2.8752716e-05
   8.8500000e+02   0.0000000e+00   2.8605629e-05
   8.8600000e+02   0.0000000e+00   2.8459294e-05
   8.8700000e+02   0.0000000e+00   2.8313708e-05
   8.8800000e+02   0.0000000e+00   2.8168867e-05
   8.8900000e+02   0.0000000e+00   2.8024767e-05
   8.9000000e+02   0.0000000e+00   2.7881404e-05
   8.9100000e+02   0.0000000e+00   2.7738774e-05
   8.9200000e+02   0.0000000e+00   2.7596874e-05
   8.9300000e+02   0.0000000e+00   2.7455699e-05
   8.9400000e+02   0.0000000e+00   2.7315247e-05
   8.9500000e+02   0.0000000e+00   2.7175514e-05
   8.9600000e+02   0.0000000e+00   2.7036495e-05
   8.9700000e+02   1.0000000e+00   2.6898187e-05
   8.9800000e+02   0.0000000e+00   2.6760587e-05
   8.9900000e+02   0.0000000e+00   2.6623691e-05
   9.0000000e+02   0.0000000e+00   2.6487495e-05
   9.0100000e+02   0.0000000e+00   2.6351996e-05
   9.0200000e+02   0.0000000e+00   2.6217190e-05
   9.0300000e+02   0.0000000e+00   2.6083074e-05
   9.0400000e+02   0.0000000e+00   2.5949644e-05
   9.0500000e+02   0.0000000e+00   2.5816896e-05
   9.0600000e+02   0.0000000e+00   2.5684827e-05
   9.0700000e+02   0.0000000e+00   2.5553434e-05
   9.0800000e+02   0.0000000e+00   2.5422714e-05
   9.0900000e+02   0.0000000e+00   2.5292661e-05
   9.1000000e+02   0.0000000e+00   2.5163275e-05
   9.1100000e+02   0.0000000e+00   2.5034550e-05
   9.1200000e+02   0.0000000e+00   2.4906483e-05
   9.1300000e+02   0.0000000e+00   2.4779072e-05
   9.1400000e+02   0.0000000e+00   2.4652312e-05
   9.1500000e+02   0.0000000e+00   2.4526201e-05
   9.1600000e+02   0.0000000e+00   2.4400735e-05
   9.1700000e+02   0.0000000e+00   2.4275911e-05
   9.1800000e+02   0.0000000e+00   2.4151726e-05
   9.1900000e+02   0.0000000e+00   2.4028175e-05
   9.2000000e+02   0.0000000e+00   2.3905257e-05
   9.2100000e+02   0.0000000e+00   2.3782968e-05
   9.2200000e+02   0.0000000e+00   2.3661304e-05
   9.2300000e+02   0.0000000e+00   2.3540262e-05
   9.2400000e+02   0.0000000e+00   2.3419840e-05
   9.2500000e+02   0.0000000e+00   2.3300034e-05
   9.2600000e+02   0.0000000e+00   2.3180840e-05
   9.2700000e+02   0.0000000e+00   2.3062257e-05
   9.2800000e+02   0.0000000e+00   2.2944280e-05
   9.2900000e+02   0.0000000e+00   2.2826906e-05
   9.3000000e+02   0.0000000e+00   2.2710133e-05
   9.3100000e+02   0.0000000e+00   2.2593957e-05
   9.3200000e+02   0.0000000e+00   2.2478376e-05
   9.3300000e+02   0.0000000e+00   2.2363386e-05
   9.3400000e+02   0.0000000e+00   2.2248984e-05
   9.3500000e+02   0.0000000e+00   2.2135167e-05
   9.3600000e+02   0.0000000e+00   2.2021933e-05
   9.3700000e+02   0.0000000e+00   2.1909278e-05
   9.3800000e+02   0.0000000e+00   2.1797199e-05
   9.3900000e+02   0.0000000e+00   2.1685693e-05
   9.4000000e+02   0.0000000e+00   2.1574758e-05
   9.4100000e+02   0.0000000e+00   2.1464391e-05
   9.4200000e+02   0.0000000e+00   2.1354588e-05
   9.4300000e+02   0.0000000e+00   2.1245346e-05
   9.4400000e+02   0.0000000e+00   2.1136664e-05
   9.4500000e+02   0.0000000e+00   2.1028538e-05
   9.4600000e+02   0.0000000e+00   2.0920964e-05
   9.4700000e+02   0.0000000e+00   2.0813941e-05
   9.4800000e+02   0.0000000e+00   2.0707466e-05
   9.4900000e+02   0.0000000e+00   2.0601535e-05
   9.5000000e+02   0.0000000e+00   2.0496146e-05
   9.5100000e+02   0.0000000e+00   2.0391296e-05
   9.5200000e+02   0.0000000e+00   2.0286982e-05
   9.5300000e+02   0.0000000e+00   2.0183203e-05
   9.5400000e+02   0.0000000e+00   2.0079954e-05
   9.5500000e+02   0.0000000e+00   1.9977233e-05
   9.5600000e+02   0.0000000e+00   1.9875037e-05
   9.5700000e+02   0.0000000e+00   1.9773365e-05
   9.5800000e+02   0.0000000e+00   1.9672213e-05
   9.5900000e+02   0.0000000e+00   1.9571578e-05
   9.6000000e+02   0.0000000e+00   1.9471458e-05
   9.6100000e+02   0.0000000e+00   1.9371850e-05
   9.6200000e+02   0.0000000e+00   1.9272751e-05
   9.6300000e+02   0.0000000e+00   1.9174160e-05
   9.6400000e+02   0.0000000e+00   1.9076073e-05
   9.6500000e+02   0.0000000e+00   1.8978487e-05
   9.6600000e+02   0.0000000e+00   1.8881401e-05
   9.6700000e+02   0.0000000e+00   1.8784812e-05
   9.6800000e+02   0.0000000e+00   1.8688716e-05
   9.6900000e+02   0.0000000e+00   1.8593112e-05
   9.7000000e+02   0.0000000e+00   1.8497998e-05
   9.7100000e+02   0.0000000e+00   1.8403370e-05
   9.7200000e+02   0.0000000e+00   1.8309226e-05
   9.7300000e+02   0.0000000e+00   1.8215563e-05
   9.7400000e+02   0.0000000e+00   1.8122380e-05
   9.7500000e+02   0.0000000e+00   1.8029673e-05
   9.7600000e+02   0.0000000e+00   1.7937441e-05
   9.7700000e+02   0.0000000e+00   1.7845680e-05
   9.7800000e+02   0.0000000e+00   1.7754389e-05
   9.7900000e+02   0.0000000e+00   1.7663565e-05
   9.8000000e+02   0.0000000e+00   1.7573205e-05
   9.8100000e+02   0.0000000e+00   1.7483308e-05
   9.8200000e+02   0.0000000e+00   1.7393871e-05
   9.8300000e+02   0.0000000e+00   1.7304891e-05
   9.8400000e+02   0.0000000e+00   1.7216366e-05
   9.8500000e+02   0.0000000e+00   1.7128294e-05
   9.8600000e+02   0.0000000e+00   1.7040673e-05
   9.8700000e+02   0.0000000e+00   1.6953500e-05
   9.8800000e+02   0.0000000e+00   1.6866773e-05
   9.8900000e+02   0.0000000e+00   1.6780489e-05
   9.9000000e+02   0.0000000e+00   1.6694647e-05
   9.9100000e+02   0.0000000e+00   1.6609244e-05
   9.9200000e+02   0.0000000e+00   1.6524278e-05
   9.9300000e+02   0.0000000e+00   1.6439747e-05
   9.9400000e+02   0.0000000e+00   1.6355648e-05
   9.9500000e+02   0.0000000e+00   1.6271979e-05
   9.9600000e+02   0.0000000e+00   1.6188738e-05
   9.9700000e+02   0.0000000e+00   1.6105923e-05
   9.9800000e+02   0.0000000e+00   1.6023532e-05
   9.9900000e+02   0.0000000e+00   1.5941562e-05
   1.0000000e+03   0.0000000e+00   1.5860012e-05
   1.0010000e+03   1.0000000e+00   1.5778878e-05
