   1.0000000e+00   3.0000000e+00   9.7947669e-03
   2.0000000e+00   6.0000000e+00   9.6988294e-03
   3.0000000e+00   6.0000000e+00   9.6038316e-03
   4.0000000e+00   6.0000000e+00   9.5097643e-03
   5.0000000e+00   3.0000000e+00   9.4166184e-03
   6.0000000e+00   4.0000000e+00   9.3243848e-03
   7.0000000e+00   1.0000000e+00   9.2330546e-03
   8.0000000e+00   4.0000000e+00   9.1426190e-03
   9.0000000e+00   5.0000000e+00   9.0530692e-03
   1.0000000e+01   2.0000000e+00   8.9643965e-03
   1.1000000e+01   5.0000000e+00   8.8765923e-03
   1.2000000e+01   4.0000000e+00   8.7896482e-03
   1.3000000e+01   6.0000000e+00   8.7035556e-03
   1.4000000e+01   5.0000000e+00   8.6183063e-03
   1.5000000e+01   4.0000000e+00   8.5338920e-03
   1.6000000e+01   2.0000000e+00   8.4503045e-03
   1.7000000e+01   4.0000000e+00   8.3675358e-03
   1.8000000e+01   5.0000000e+00   8.2855777e-03
   1.9000000e+01   9.0000000e+00   8.2044224e-03
   2.0000000e+01   1.0000000e+01   8.1240620e-03
   2.1000000e+01   5.0000000e+00   8.0444887e-03
   2.2000000e+01   3.0000000e+00   7.9656948e-03
   2.3000000e+01   4.0000000e+00   7.8876727e-03
   2.4000000e+01   5.0000000e+00   7.8104148e-03
   2.5000000e+01   0.0000000e+00   7.7339136e-03
   2.6000000e+01   6.0000000e+00   7.6581617e-03
   2.7000000e+01   2.0000000e+00   7.5831518e-03
   2.8000000e+01   7.0000000e+00   7.5088766e-03
   2.9000000e+01   4.0000000e+00   7.4353289e-03
   3.0000000e+01   4.0000000e+00   7.3625016e-03
   3.1000000e+01   5.0000000e+00   7.2903876e-03
   3.2000000e+01   6.0000000e+00   7.2189800e-03
   3.3000000e+01   3.0000000e+00   7.1482717e-03
   3.4000000e+01   3.0000000e+00   7.0782561e-03
   3.5000000e+01   3.0000000e+00   7.0089262e-03
   3.6000000e+01   4.0000000e+00   6.9402754e-03
   3.7000000e+01   1.0000000e+00   6.8722970e-03
   3.8000000e+01   4.0000000e+00   6.8049845e-03
   3.9000000e+01   5.0000000e+00   6.7383313e-03
   4.0000000e+01   4.0000000e+00   6.6723309e-03
   4.1000000e+01   7.0000000e+00   6.6069769e-03
   4.2000000e+01   7.0000000e+00   6.5422631e-03
   4.3000000e+01   2.0000000e+00   6.4781832e-03
   4.4000000e+01   2.0000000e+00   6.4147309e-03
   4.5000000e+01   3.0000000e+00   6.3519001e-03
   4.6000000e+01   1.0000000e+00   6.2896847e-03
   4.7000000e+01   0.0000000e+00   6.2280787e-03
   4.8000000e+01   4.0000000e+00   6.1670762e-03
   4.9000000e+01   2.0000000e+00   6.1066711e-03
   5.0000000e+01   3.0000000e+00   6.0468577e-03
   5.1000000e+01   3.0000000e+00   5.9876301e-03
   5.2000000e+01   5.0000000e+00   5.9289827e-03
   5.3000000e+01   5.0000000e+00   5.8709097e-03
   5.4000000e+01   0.0000000e+00   5.8134055e-03
   5.5000000e+01   1.0000000e+00   5.7564645e-03
   5.6000000e+01   3.0000000e+00   5.7000813e-03
   5.7000000e+01   3.0000000e+00   5.6442503e-03
   5.8000000e+01   3.0000000e+00   5.5889662e-03
   5.9000000e+01   3.0000000e+00   5.5342236e-03
   6.0000000e+01   4.0000000e+00   5.4800172e-03
   6.1000000e+01   2.0000000e+00   5.4263417e-03
   6.2000000e+01   3.0000000e+00   5.3731919e-03
   6.3000000e+01   0.0000000e+00   5.3205628e-03
   6.4000000e+01   2.0000000e+00   5.2684491e-03
   6.5000000e+01   1.0000000e+00   5.2168459e-03
   6.6000000e+01   0.0000000e+00   5.1657481e-03
   6.7000000e+01   3.0000000e+00   5.1151508e-03
   6.8000000e+01   5.0000000e+00   5.0650491e-03
   6.9000000e+01   0.0000000e+00   5.0154381e-03
   7.0000000e+01   4.0000000e+00   4.9663130e-03
   7.1000000e+01   2.0000000e+00   4.9176692e-03
   7.2000000e+01   5.0000000e+00   4.8695017e-03
   7.3000000e+01   5.0000000e+00   4.8218061e-03
   7.4000000e+01   2.0000000e+00   4.7745776e-03
   7.5000000e+01   1.0000000e+00   4.7278118e-03
   7.6000000e+01   0.0000000e+00   4.6815039e-03
   7.7000000e+01   2.0000000e+00   4.6356497e-03
   7.8000000e+01   2.0000000e+00   4.5902446e-03
   7.9000000e+01   2.0000000e+00   4.5452842e-03
   8.0000000e+01   1.0000000e+00   4.5007642e-03
   8.1000000e+01   5.0000000e+00   4.4566803e-03
   8.2000000e+01   2.0000000e+00   4.4130281e-03
   8.3000000e+01   3.0000000e+00   4.3698036e-03
   8.4000000e+01   1.0000000e+00   4.3270024e-03
   8.5000000e+01   2.0000000e+00   4.2846204e-03
   8.6000000e+01   2.0000000e+00   4.2426535e-03
   8.7000000e+01   3.0000000e+00   4.2010977e-03
   8.8000000e+01   2.0000000e+00   4.1599489e-03
   8.9000000e+01   4.0000000e+00   4.1192032e-03
   9.0000000e+01   2.0000000e+00   4.0788566e-03
   9.1000000e+01   2.0000000e+00   4.0389051e-03
   9.2000000e+01   0.0000000e+00   3.9993450e-03
   9.3000000e+01   2.0000000e+00   3.9601723e-03
   9.4000000e+01   0.0000000e+00   3.9213834e-03
   9.5000000e+01   2.0000000e+00   3.8829743e-03
   9.6000000e+01   2.0000000e+00   3.8449415e-03
   9.7000000e+01   1.0000000e+00   3.8072812e-03
   9.8000000e+01   1.0000000e+00   3.7699898e-03
   9.9000000e+01   2.0000000e+00   3.7330636e-03
   1.0000000e+02   0.0000000e+00   3.6964991e-03
   1.0100000e+02   3.0000000e+00   3.6602928e-03
   1.0200000e+02   1.0000000e+00   3.6244411e-03
   1.0300000e+02   3.0000000e+00   3.5889405e-03
   1.0400000e+02   0.0000000e+00   3.5537877e-03
   1.0500000e+02   1.0000000e+00   3.5189791e-03
   1.0600000e+02   1.0000000e+00   3.4845116e-03
   1.0700000e+02   1.0000000e+00   3.4503816e-03
   1.0800000e+02   0.0000000e+00   3.4165859e-03
   1.0900000e+02   2.0000000e+00   3.3831212e-03
   1.1000000e+02   1.0000000e+00   3.3499844e-03
   1.1100000e+02   1.0000000e+00   3.3171720e-03
   1.1200000e+02   1.0000000e+00   3.2846811e-03
   1.1300000e+02   2.0000000e+00   3.2525084e-03
   1.1400000e+02   3.0000000e+00   3.2206509e-03
   1.1500000e+02   3.0000000e+00   3.1891053e-03
   1.1600000e+02   2.0000000e+00   3.1578688e-03
   1.1700000e+02   2.0000000e+00   3.1269382e-03
   1.1800000e+02   2.0000000e+00   3.0963106e-03
   1.1900000e+02   0.0000000e+00   3.0659829e-03
   1.2000000e+02   2.0000000e+00   3.0359523e-03
   1.2100000e+02   0.0000000e+00   3.0062159e-03
   1.2200000e+02   2.0000000e+00   2.9767707e-03
   1.2300000e+02   3.0000000e+00   2.9476139e-03
   1.2400000e+02   3.0000000e+00   2.9187428e-03
   1.2500000e+02   0.0000000e+00   2.8901543e-03
   1.2600000e+02   1.0000000e+00   2.8618460e-03
   1.2700000e+02   2.0000000e+00   2.8338148e-03
   1.2800000e+02   1.0000000e+00   2.8060583e-03
   1.2900000e+02   1.0000000e+00   2.7785736e-03
   1.3000000e+02   1.0000000e+00   2.7513581e-03
   1.3100000e+02   2.0000000e+00   2.7244092e-03
   1.3200000e+02   2.0000000e+00   2.6977243e-03
   1.3300000e+02   0.0000000e+00   2.6713007e-03
   1.3400000e+02   1.0000000e+00   2.6451359e-03
   1.3500000e+02   2.0000000e+00   2.6192274e-03
   1.3600000e+02   0.0000000e+00   2.5935727e-03
   1.3700000e+02   0.0000000e+00   2.5681693e-03
   1.3800000e+02   1.0000000e+00   2.5430146e-03
   1.3900000e+02   1.0000000e+00   2.5181064e-03
   1.4000000e+02   0.0000000e+00   2.4934421e-03
   1.4100000e+02   1.0000000e+00   2.4690195e-03
   1.4200000e+02   0.0000000e+00   2.4448360e-03
   1.4300000e+02   2.0000000e+00   2.4208894e-03
   1.4400000e+02   3.0000000e+00   2.3971773e-03
   1.4500000e+02   0.0000000e+00   2.3736975e-03
   1.4600000e+02   0.0000000e+00   2.3504477e-03
   1.4700000e+02   1.0000000e+00   2.3274256e-03
   1.4800000e+02   0.0000000e+00   2.3046291e-03
   1.4900000e+02   1.0000000e+00   2.2820557e-03
   1.5000000e+02   1.0000000e+00   2.2597035e-03
   1.5100000e+02   0.0000000e+00   2.2375703e-03
   1.5200000e+02   4.0000000e+00   2.2156538e-03
   1.5300000e+02   0.0000000e+00   2.1939520e-03
   1.5400000e+02   0.0000000e+00   2.1724627e-03
   1.5500000e+02   1.0000000e+00   2.1511840e-03
   1.5600000e+02   2.0000000e+00   2.1301136e-03
   1.5700000e+02   1.0000000e+00   2.1092497e-03
   1.5800000e+02   2.0000000e+00   2.0885901e-03
   1.5900000e+02   0.0000000e+00   2.0681328e-03
   1.6000000e+02   1.0000000e+00   2.0478759e-03
   1.6100000e+02   2.0000000e+00   2.0278175e-03
   1.6200000e+02   2.0000000e+00   2.0079555e-03
   1.6300000e+02   1.0000000e+00   1.9882880e-03
   1.6400000e+02   0.0000000e+00   1.9688132e-03
   1.6500000e+02   0.0000000e+00   1.9495291e-03
   1.6600000e+02   1.0000000e+00   1.9304339e-03
   1.6700000e+02   0.0000000e+00   1.9115258e-03
   1.6800000e+02   1.0000000e+00   1.8928028e-03
   1.6900000e+02   0.0000000e+00   1.8742633e-03
   1.7000000e+02   1.0000000e+00   1.8559053e-03
   1.7100000e+02   3.0000000e+00   1.8377271e-03
   1.7200000e+02   0.0000000e+00   1.8197270e-03
   1.7300000e+02   0.0000000e+00   1.8019032e-03
   1.7400000e+02   0.0000000e+00   1.7842540e-03
   1.7500000e+02   1.0000000e+00   1.7667777e-03
   1.7600000e+02   0.0000000e+00   1.7494725e-03
   1.7700000e+02   2.0000000e+00   1.7323368e-03
   1.7800000e+02   2.0000000e+00   1.7153690e-03
   1.7900000e+02   1.0000000e+00   1.6985673e-03
   1.8000000e+02   0.0000000e+00   1.6819303e-03
   1.8100000e+02   0.0000000e+00   1.6654561e-03
   1.8200000e+02   1.0000000e+00   1.6491434e-03
   1.8300000e+02   1.0000000e+00   1.6329904e-03
   1.8400000e+02   0.0000000e+00   1.6169957e-03
   1.8500000e+02   0.0000000e+00   1.6011576e-03
   1.8600000e+02   1.0000000e+00   1.5854746e-03
   1.8700000e+02   0.0000000e+00   1.5699452e-03
   1.8800000e+02   2.0000000e+00   1.5545680e-03
   1.8900000e+02   0.0000000e+00   1.5393414e-03
   1.9000000e+02   0.0000000e+00   1.5242639e-03
   1.9100000e+02   1.0000000e+00   1.5093341e-03
   1.9200000e+02   0.0000000e+00   1.4945505e-03
   1.9300000e+02   0.0000000e+00   1.4799117e-03
   1.9400000e+02   0.0000000e+00   1.4654163e-03
   1.9500000e+02   1.0000000e+00   1.4510629e-03
   1.9600000e+02   2.0000000e+00   1.4368501e-03
   1.9700000e+02   2.0000000e+00   1.4227765e-03
   1.9800000e+02   2.0000000e+00   1.4088407e-03
   1.9900000e+02   1.0000000e+00   1.3950414e-03
   2.0000000e+02   0.0000000e+00   1.3813773e-03
   2.0100000e+02   0.0000000e+00   1.3678471e-03
   2.0200000e+02   2.0000000e+00   1.3544493e-03
   2.0300000e+02   0.0000000e+00   1.3411828e-03
   2.0400000e+02   1.0000000e+00   1.3280462e-03
   2.0500000e+02   1.0000000e+00   1.3150383e-03
   2.0600000e+02   0.0000000e+00   1.3021578e-03
   2.0700000e+02   1.0000000e+00   1.2894035e-03
   2.0800000e+02   1.0000000e+00   1.2767741e-03
   2.0900000e+02   1.0000000e+00   1.2642684e-03
   2.1000000e+02   1.0000000e+00   1.2518852e-03
   2.1100000e+02   0.0000000e+00   1.2396233e-03
   2.1200000e+02   1.0000000e+00   1.2274814e-03
   2.1300000e+02   1.0000000e+00   1.2154585e-03
   2.1400000e+02   0.0000000e+00   1.2035534e-03
   2.1500000e+02   1.0000000e+00   1.1917649e-03
   2.1600000e+02   0.0000000e+00   1.1800918e-03
   2.1700000e+02   0.0000000e+00   1.1685331e-03
   2.1800000e+02   0.0000000e+00   1.1570876e-03
   2.1900000e+02   0.0000000e+00   1.1457542e-03
   2.2000000e+02   0.0000000e+00   1.1345318e-03
   2.2100000e+02   1.0000000e+00   1.1234193e-03
   2.2200000e+02   1.0000000e+00   1.1124157e-03
   2.2300000e+02   2.0000000e+00   1.1015198e-03
   2.2400000e+02   0.0000000e+00   1.0907307e-03
   2.2500000e+02   2.0000000e+00   1.0800473e-03
   2.2600000e+02   0.0000000e+00   1.0694684e-03
   2.2700000e+02   1.0000000e+00   1.0589933e-03
   2.2800000e+02   1.0000000e+00   1.0486207e-03
   2.2900000e+02   0.0000000e+00   1.0383497e-03
   2.3000000e+02   1.0000000e+00   1.0281793e-03
   2.3100000e+02   1.0000000e+00   1.0181085e-03
   2.3200000e+02   0.0000000e+00   1.0081364e-03
   2.3300000e+02   0.0000000e+00   9.9826190e-04
   2.3400000e+02   2.0000000e+00   9.8848416e-04
   2.3500000e+02   1.0000000e+00   9.7880218e-04
   2.3600000e+02   2.0000000e+00   9.6921505e-04
   2.3700000e+02   2.0000000e+00   9.5972181e-04
   2.3800000e+02   0.0000000e+00   9.5032156e-04
   2.3900000e+02   1.0000000e+00   9.4101338e-04
   2.4000000e+02   0.0000000e+00   9.3179637e-04
   2.4100000e+02   3.0000000e+00   9.2266965e-04
   2.4200000e+02   0.0000000e+00   9.1363231e-04
   2.4300000e+02   0.0000000e+00   9.0468350e-04
   2.4400000e+02   0.0000000e+00   8.9582233e-04
   2.4500000e+02   0.0000000e+00   8.8704796e-04
   2.4600000e+02   0.0000000e+00   8.7835953e-04
   2.4700000e+02   1.0000000e+00   8.6975621e-04
   2.4800000e+02   0.0000000e+00   8.6123715e-04
   2.4900000e+02   1.0000000e+00   8.5280153e-04
   2.5000000e+02   0.0000000e+00   8.4444854e-04
   2.5100000e+02   1.0000000e+00   8.3617736e-04
   2.5200000e+02   1.0000000e+00   8.2798720e-04
   2.5300000e+02   1.0000000e+00   8.1987726e-04
   2.5400000e+02   0.0000000e+00   8.1184675e-04
   2.5500000e+02   0.0000000e+00   8.0389490e-04
   2.5600000e+02   0.0000000e+00   7.9602094e-04
   2.5700000e+02   0.0000000e+00   7.8822410e-04
   2.5800000e+02   0.0000000e+00   7.8050363e-04
   2.5900000e+02   1.0000000e+00   7.7285878e-04
   2.6000000e+02   0.0000000e+00   7.6528880e-04
   2.6100000e+02   0.0000000e+00   7.5779298e-04
   2.6200000e+02   0.0000000e+00   7.5037057e-04
   2.6300000e+02   0.0000000e+00   7.4302087e-04
   2.6400000e+02   2.0000000e+00   7.3574315e-04
   2.6500000e+02   1.0000000e+00   7.2853672e-04
   2.6600000e+02   1.0000000e+00   7.2140087e-04
   2.6700000e+02   1.0000000e+00   7.1433492e-04
   2.6800000e+02   0.0000000e+00   7.0733818e-04
   2.6900000e+02   0.0000000e+00   7.0040996e-04
   2.7000000e+02   1.0000000e+00   6.9354961e-04
   2.7100000e+02   0.0000000e+00   6.8675645e-04
   2.7200000e+02   0.0000000e+00   6.8002983e-04
   2.7300000e+02   1.0000000e+00   6.7336910e-04
   2.7400000e+02   0.0000000e+00   6.6677361e-04
   2.7500000e+02   0.0000000e+00   6.6024272e-04
   2.7600000e+02   0.0000000e+00   6.5377579e-04
   2.7700000e+02   0.0000000e+00   6.4737221e-04
   2.7800000e+02   0.0000000e+00   6.4103135e-04
   2.7900000e+02   1.0000000e+00   6.3475260e-04
   2.8000000e+02   0.0000000e+00   6.2853534e-04
   2.8100000e+02   0.0000000e+00   6.2237899e-04
   2.8200000e+02   0.0000000e+00   6.1628293e-04
   2.8300000e+02   0.0000000e+00   6.1024658e-04
   2.8400000e+02   0.0000000e+00   6.0426936e-04
   2.8500000e+02   0.0000000e+00   5.9835068e-04
   2.8600000e+02   0.0000000e+00   5.9248998e-04
   2.8700000e+02   0.0000000e+00   5.8668668e-04
   2.8800000e+02   0.0000000e+00   5.8094022e-04
   2.8900000e+02   0.0000000e+00   5.7525004e-04
   2.9000000e+02   1.0000000e+00   5.6961560e-04
   2.9100000e+02   0.0000000e+00   5.6403635e-04
   2.9200000e+02   0.0000000e+00   5.5851175e-04
   2.9300000e+02   1.0000000e+00   5.5304125e-04
   2.9400000e+02   0.0000000e+00   5.4762434e-04
   2.9500000e+02   0.0000000e+00   5.4226049e-04
   2.9600000e+02   0.0000000e+00   5.3694918e-04
   2.9700000e+02   0.0000000e+00   5.3168988e-04
   2.9800000e+02   0.0000000e+00   5.2648210e-04
   2.9900000e+02   0.0000000e+00   5.2132534e-04
   3.0000000e+02   0.0000000e+00   5.1621908e-04
   3.0100000e+02   0.0000000e+00   5.1116283e-04
   3.0200000e+02   0.0000000e+00   5.0615611e-04
   3.0300000e+02   0.0000000e+00   5.0119843e-04
   3.0400000e+02   0.0000000e+00   4.9628931e-04
   3.0500000e+02   0.0000000e+00   4.9142827e-04
   3.0600000e+02   0.0000000e+00   4.8661484e-04
   3.0700000e+02   0.0000000e+00   4.8184856e-04
   3.0800000e+02   1.0000000e+00   4.7712897e-04
   3.0900000e+02   1.0000000e+00   4.7245560e-04
   3.1000000e+02   0.0000000e+00   4.6782801e-04
   3.1100000e+02   0.0000000e+00   4.6324574e-04
   3.1200000e+02   0.0000000e+00   4.5870836e-04
   3.1300000e+02   1.0000000e+00   4.5421542e-04
   3.1400000e+02   0.0000000e+00   4.4976648e-04
   3.1500000e+02   0.0000000e+00   4.4536113e-04
   3.1600000e+02   0.0000000e+00   4.4099892e-04
   3.1700000e+02   0.0000000e+00   4.3667944e-04
   3.1800000e+02   0.0000000e+00   4.3240226e-04
   3.1900000e+02   0.0000000e+00   4.2816698e-04
   3.2000000e+02   0.0000000e+00   4.2397319e-04
   3.2100000e+02   0.0000000e+00   4.1982047e-04
   3.2200000e+02   0.0000000e+00   4.1570843e-04
   3.2300000e+02   0.0000000e+00   4.1163666e-04
   3.2400000e+02   0.0000000e+00   4.0760477e-04
   3.2500000e+02   0.0000000e+00   4.0361238e-04
   3.2600000e+02   0.0000000e+00   3.9965909e-04
   3.2700000e+02   1.0000000e+00   3.9574452e-04
   3.2800000e+02   0.0000000e+00   3.9186830e-04
   3.2900000e+02   0.0000000e+00   3.8803004e-04
   3.3000000e+02   0.0000000e+00   3.8422938e-04
   3.3100000e+02   1.0000000e+00   3.8046594e-04
   3.3200000e+02   0.0000000e+00   3.7673936e-04
   3.3300000e+02   0.0000000e+00   3.7304929e-04
   3.3400000e+02   0.0000000e+00   3.6939536e-04
   3.3500000e+02   0.0000000e+00   3.6577722e-04
   3.3600000e+02   0.0000000e+00   3.6219451e-04
   3.3700000e+02   0.0000000e+00   3.5864690e-04
   3.3800000e+02   0.0000000e+00   3.5513404e-04
   3.3900000e+02   0.0000000e+00   3.5165559e-04
   3.4000000e+02   0.0000000e+00   3.4821120e-04
   3.4100000e+02   1.0000000e+00   3.4480055e-04
   3.4200000e+02   0.0000000e+00   3.4142331e-04
   3.4300000e+02   0.0000000e+00   3.3807915e-04
   3.4400000e+02   0.0000000e+00   3.3476774e-04
   3.4500000e+02   0.0000000e+00   3.3148877e-04
   3.4600000e+02   0.0000000e+00   3.2824192e-04
   3.4700000e+02   0.0000000e+00   3.2502686e-04
   3.4800000e+02   0.0000000e+00   3.2184330e-04
   3.4900000e+02   0.0000000e+00   3.1869092e-04
   3.5000000e+02   0.0000000e+00   3.1556942e-04
   3.5100000e+02   0.0000000e+00   3.1247849e-04
   3.5200000e+02   0.0000000e+00   3.0941784e-04
   3.5300000e+02   0.0000000e+00   3.0638716e-04
   3.5400000e+02   0.0000000e+00   3.0338617e-04
   3.5500000e+02   0.0000000e+00   3.0041457e-04
   3.5600000e+02   0.0000000e+00   2.9747208e-04
   3.5700000e+02   0.0000000e+00   2.9455841e-04
   3.5800000e+02   0.0000000e+00   2.9167328e-04
   3.5900000e+02   0.0000000e+00   2.8881641e-04
   3.6000000e+02   0.0000000e+00   2.8598752e-04
   3.6100000e+02   0.0000000e+00   2.8318634e-04
   3.6200000e+02   1.0000000e+00   2.8041259e-04
   3.6300000e+02   0.0000000e+00   2.7766602e-04
   3.6400000e+02   0.0000000e+00   2.7494634e-04
   3.6500000e+02   1.0000000e+00   2.7225331e-04
   3.6600000e+02   0.0000000e+00   2.6958665e-04
   3.6700000e+02   0.0000000e+00   2.6694611e-04
   3.6800000e+02   0.0000000e+00   2.6433144e-04
   3.6900000e+02   0.0000000e+00   2.6174237e-04
   3.7000000e+02   0.0000000e+00   2.5917867e-04
   3.7100000e+02   0.0000000e+00   2.5664007e-04
   3.7200000e+02   0.0000000e+00   2.5412634e-04
   3.7300000e+02   0.0000000e+00   2.5163724e-04
   3.7400000e+02   0.0000000e+00   2.4917251e-04
   3.7500000e+02   0.0000000e+00   2.4673192e-04
   3.7600000e+02   0.0000000e+00   2.4431524e-04
   3.7700000e+02   0.0000000e+00   2.4192223e-04
   3.7800000e+02   0.0000000e+00   2.3955266e-04
   3.7900000e+02   0.0000000e+00   2.3720629e-04
   3.8000000e+02   0.0000000e+00   2.3488291e-04
   3.8100000e+02   0.0000000e+00   2.3258229e-04
   3.8200000e+02   0.0000000e+00   2.3030420e-04
   3.8300000e+02   0.0000000e+00   2.2804842e-04
   3.8400000e+02   0.0000000e+00   2.2581474e-04
   3.8500000e+02   0.0000000e+00   2.2360294e-04
   3.8600000e+02   0.0000000e+00   2.2141280e-04
   3.8700000e+02   1.0000000e+00   2.1924412e-04
   3.8800000e+02   0.0000000e+00   2.1709667e-04
   3.8900000e+02   0.0000000e+00   2.1497026e-04
   3.9000000e+02   0.0000000e+00   2.1286468e-04
   3.9100000e+02   0.0000000e+00   2.1077972e-04
   3.9200000e+02   0.0000000e+00   2.0871518e-04
   3.9300000e+02   0.0000000e+00   2.0667086e-04
   3.9400000e+02   0.0000000e+00   2.0464657e-04
   3.9500000e+02   0.0000000e+00   2.0264210e-04
   3.9600000e+02   0.0000000e+00   2.0065727e-04
   3.9700000e+02   1.0000000e+00   1.9869188e-04
   3.9800000e+02   1.0000000e+00   1.9674574e-04
   3.9900000e+02   1.0000000e+00   1.9481866e-04
   4.0000000e+02   0.0000000e+00   1.9291046e-04
   4.0100000e+02   0.0000000e+00   1.9102094e-04
   4.0200000e+02   0.0000000e+00   1.8914994e-04
   4.0300000e+02   1.0000000e+00   1.8729726e-04
   4.0400000e+02   0.0000000e+00   1.8546273e-04
   4.0500000e+02   0.0000000e+00   1.8364616e-04
   4.0600000e+02   0.0000000e+00   1.8184739e-04
   4.0700000e+02   1.0000000e+00   1.8006624e-04
   4.0800000e+02   0.0000000e+00   1.7830253e-04
   4.0900000e+02   0.0000000e+00   1.7655610e-04
   4.1000000e+02   0.0000000e+00   1.7482677e-04
   4.1100000e+02   0.0000000e+00   1.7311439e-04
   4.1200000e+02   0.0000000e+00   1.7141877e-04
   4.1300000e+02   1.0000000e+00   1.6973976e-04
   4.1400000e+02   0.0000000e+00   1.6807720e-04
   4.1500000e+02   0.0000000e+00   1.6643093e-04
   4.1600000e+02   0.0000000e+00   1.6480077e-04
   4.1700000e+02   0.0000000e+00   1.6318659e-04
   4.1800000e+02   0.0000000e+00   1.6158821e-04
   4.1900000e+02   0.0000000e+00   1.6000549e-04
   4.2000000e+02   0.0000000e+00   1.5843828e-04
   4.2100000e+02   1.0000000e+00   1.5688641e-04
   4.2200000e+02   1.0000000e+00   1.5534975e-04
   4.2300000e+02   0.0000000e+00   1.5382813e-04
   4.2400000e+02   0.0000000e+00   1.5232142e-04
   4.2500000e+02   0.0000000e+00   1.5082947e-04
   4.2600000e+02   0.0000000e+00   1.4935213e-04
   4.2700000e+02   0.0000000e+00   1.4788926e-04
   4.2800000e+02   0.0000000e+00   1.4644072e-04
   4.2900000e+02   0.0000000e+00   1.4500637e-04
   4.3000000e+02   0.0000000e+00   1.4358606e-04
   4.3100000e+02   0.0000000e+00   1.4217967e-04
   4.3200000e+02   0.0000000e+00   1.4078705e-04
   4.3300000e+02   0.0000000e+00   1.3940808e-04
   4.3400000e+02   0.0000000e+00   1.3804261e-04
   4.3500000e+02   0.0000000e+00   1.3669051e-04
   4.3600000e+02   0.0000000e+00   1.3535166e-04
   4.3700000e+02   0.0000000e+00   1.3402592e-04
   4.3800000e+02   0.0000000e+00   1.3271317e-04
   4.3900000e+02   0.0000000e+00   1.3141328e-04
   4.4000000e+02   0.0000000e+00   1.3012611e-04
   4.4100000e+02   0.0000000e+00   1.2885156e-04
   4.4200000e+02   0.0000000e+00   1.2758949e-04
   4.4300000e+02   2.0000000e+00   1.2633978e-04
   4.4400000e+02   0.0000000e+00   1.2510231e-04
   4.4500000e+02   0.0000000e+00   1.2387696e-04
   4.4600000e+02   0.0000000e+00   1.2266362e-04
   4.4700000e+02   0.0000000e+00   1.2146215e-04
   4.4800000e+02   1.0000000e+00   1.2027246e-04
   4.4900000e+02   0.0000000e+00   1.1909442e-04
   4.5000000e+02   1.0000000e+00   1.1792792e-04
   4.5100000e+02   0.0000000e+00   1.1677284e-04
   4.5200000e+02   1.0000000e+00   1.1562908e-04
   4.5300000e+02   0.0000000e+00   1.1449652e-04
   4.5400000e+02   0.0000000e+00   1.1337505e-04
   4.5500000e+02   0.0000000e+00   1.1226457e-04
   4.5600000e+02   0.0000000e+00   1.1116496e-04
   4.5700000e+02   0.0000000e+00   1.1007613e-04
   4.5800000e+02   0.0000000e+00   1.0899796e-04
   4.5900000e+02   1.0000000e+00   1.0793035e-04
   4.6000000e+02   0.0000000e+00   1.0687320e-04
   4.6100000e+02   0.0000000e+00   1.0582640e-04
   4.6200000e+02   0.0000000e+00   1.0478985e-04
   4.6300000e+02   0.0000000e+00   1.0376346e-04
   4.6400000e+02   0.0000000e+00   1.0274712e-04
   4.6500000e+02   0.0000000e+00   1.0174074e-04
   4.6600000e+02   0.0000000e+00   1.0074421e-04
   4.6700000e+02   0.0000000e+00   9.9757446e-05
   4.6800000e+02   0.0000000e+00   9.8780345e-05
   4.6900000e+02   0.0000000e+00   9.7812815e-05
   4.7000000e+02   0.0000000e+00   9.6854761e-05
   4.7100000e+02   0.0000000e+00   9.5906091e-05
   4.7200000e+02   0.0000000e+00   9.4966713e-05
   4.7300000e+02   0.0000000e+00   9.4036537e-05
   4.7400000e+02   0.0000000e+00   9.3115471e-05
   4.7500000e+02   0.0000000e+00   9.2203426e-05
   4.7600000e+02   0.0000000e+00   9.1300315e-05
   4.7700000e+02   0.0000000e+00   9.0406050e-05
   4.7800000e+02   0.0000000e+00   8.9520544e-05
   4.7900000e+02   0.0000000e+00   8.8643711e-05
   4.8000000e+02   0.0000000e+00   8.7775466e-05
   4.8100000e+02   0.0000000e+00   8.6915726e-05
   4.8200000e+02   0.0000000e+00   8.6064407e-05
   4.8300000e+02   0.0000000e+00   8.5221426e-05
   4.8400000e+02   0.0000000e+00   8.4386702e-05
   4.8500000e+02   0.0000000e+00   8.3560154e-05
   4.8600000e+02   1.0000000e+00   8.2741702e-05
   4.8700000e+02   0.0000000e+00   8.1931266e-05
   4.8800000e+02   0.0000000e+00   8.1128769e-05
   4.8900000e+02   0.0000000e+00   8.0334131e-05
   4.9000000e+02   0.0000000e+00   7.9547277e-05
   4.9100000e+02   0.0000000e+00   7.8768130e-05
   4.9200000e+02   0.0000000e+00   7.7996615e-05
   4.9300000e+02   0.0000000e+00   7.7232656e-05
   4.9400000e+02   0.0000000e+00   7.6476180e-05
   4.9500000e+02   0.0000000e+00   7.5727114e-05
   4.9600000e+02   0.0000000e+00   7.4985384e-05
   4.9700000e+02   0.0000000e+00   7.4250920e-05
   4.9800000e+02   0.0000000e+00   7.3523649e-05
   4.9900000e+02   1.0000000e+00   7.2803502e-05
   5.0000000e+02   0.0000000e+00   7.2090409e-05
   5.0100000e+02   0.0000000e+00   7.1384300e-05
   5.0200000e+02   0.0000000e+00   7.0685108e-05
   5.0300000e+02   0.0000000e+00   6.9992764e-05
   5.0400000e+02   0.0000000e+00   6.9307201e-05
   5.0500000e+02   0.0000000e+00   6.8628353e-05
   5.0600000e+02   0.0000000e+00   6.7956154e-05
   5.0700000e+02   0.0000000e+00   6.7290540e-05
   5.0800000e+02   0.0000000e+00   6.6631444e-05
   5.0900000e+02   0.0000000e+00   6.5978805e-05
   5.1000000e+02   0.0000000e+00   6.5332558e-05
   5.1100000e+02   0.0000000e+00   6.4692641e-05
   5.1200000e+02   0.0000000e+00   6.4058991e-05
   5.1300000e+02   0.0000000e+00   6.3431549e-05
   5.1400000e+02   0.0000000e+00   6.2810251e-05
   5.1500000e+02   0.0000000e+00   6.2195040e-05
   5.1600000e+02   0.0000000e+00   6.1585854e-05
   5.1700000e+02   0.0000000e+00   6.0982635e-05
   5.1800000e+02   0.0000000e+00   6.0385324e-05
   5.1900000e+02   0.0000000e+00   5.9793864e-05
   5.2000000e+02   0.0000000e+00   5.9208197e-05
   5.2100000e+02   0.0000000e+00   5.8628266e-05
   5.2200000e+02   0.0000000e+00   5.8054016e-05
   5.2300000e+02   0.0000000e+00   5.7485391e-05
   5.2400000e+02   0.0000000e+00   5.6922335e-05
   5.2500000e+02   0.0000000e+00   5.6364794e-05
   5.2600000e+02   0.0000000e+00   5.5812714e-05
   5.2700000e+02   0.0000000e+00   5.5266041e-05
   5.2800000e+02   0.0000000e+00   5.4724723e-05
   5.2900000e+02   0.0000000e+00   5.4188707e-05
   5.3000000e+02   0.0000000e+00   5.3657941e-05
   5.3100000e+02   0.0000000e+00   5.3132374e-05
   5.3200000e+02   0.0000000e+00   5.2611955e-05
   5.3300000e+02   0.0000000e+00   5.2096633e-05
   5.3400000e+02   0.0000000e+00   5.1586359e-05
   5.3500000e+02   0.0000000e+00   5.1081083e-05
   5.3600000e+02   0.0000000e+00   5.0580755e-05
   5.3700000e+02   0.0000000e+00   5.0085329e-05
   5.3800000e+02   0.0000000e+00   4.9594754e-05
   5.3900000e+02   0.0000000e+00   4.9108985e-05
   5.4000000e+02   0.0000000e+00   4.8627974e-05
   5.4100000e+02   0.0000000e+00   4.8151675e-05
   5.4200000e+02   0.0000000e+00   4.7680040e-05
   5.4300000e+02   0.0000000e+00   4.7213025e-05
   5.4400000e+02   0.0000000e+00   4.6750585e-05
   5.4500000e+02   0.0000000e+00   4.6292674e-05
   5.4600000e+02   0.0000000e+00   4.5839248e-05
   5.4700000e+02   0.0000000e+00   4.5390263e-05
   5.4800000e+02   0.0000000e+00   4.4945676e-05
   5.4900000e+02   0.0000000e+00   4.4505444e-05
   5.5000000e+02   0.0000000e+00   4.4069523e-05
   5.5100000e+02   0.0000000e+00   4.3637872e-05
   5.5200000e+02   0.0000000e+00   4.3210450e-05
   5.5300000e+02   0.0000000e+00   4.2787213e-05
   5.5400000e+02   0.0000000e+00   4.2368123e-05
   5.5500000e+02   0.0000000e+00   4.1953137e-05
   5.5600000e+02   0.0000000e+00   4.1542215e-05
   5.5700000e+02   0.0000000e+00   4.1135319e-05
   5.5800000e+02   0.0000000e+00   4.0732408e-05
   5.5900000e+02   0.0000000e+00   4.0333444e-05
   5.6000000e+02   0.0000000e+00   3.9938387e-05
   5.6100000e+02   0.0000000e+00   3.9547200e-05
   5.6200000e+02   1.0000000e+00   3.9159844e-05
   5.6300000e+02   0.0000000e+00   3.8776283e-05
   5.6400000e+02   0.0000000e+00   3.8396478e-05
   5.6500000e+02   0.0000000e+00   3.8020394e-05
   5.6600000e+02   0.0000000e+00   3.7647993e-05
   5.6700000e+02   0.0000000e+00   3.7279239e-05
   5.6800000e+02   0.0000000e+00   3.6914098e-05
   5.6900000e+02   0.0000000e+00   3.6552533e-05
   5.7000000e+02   0.0000000e+00   3.6194509e-05
   5.7100000e+02   0.0000000e+00   3.5839993e-05
   5.7200000e+02   0.0000000e+00   3.5488948e-05
   5.7300000e+02   0.0000000e+00   3.5141342e-05
   5.7400000e+02   0.0000000e+00   3.4797141e-05
   5.7500000e+02   0.0000000e+00   3.4456311e-05
   5.7600000e+02   0.0000000e+00   3.4118820e-05
   5.7700000e+02   0.0000000e+00   3.3784634e-05
   5.7800000e+02   0.0000000e+00   3.3453721e-05
   5.7900000e+02   0.0000000e+00   3.3126050e-05
   5.8000000e+02   0.0000000e+00   3.2801588e-05
   5.8100000e+02   0.0000000e+00   3.2480304e-05
   5.8200000e+02   0.0000000e+00   3.2162167e-05
   5.8300000e+02   0.0000000e+00   3.1847146e-05
   5.8400000e+02   0.0000000e+00   3.1535211e-05
   5.8500000e+02   0.0000000e+00   3.1226331e-05
   5.8600000e+02   0.0000000e+00   3.0920476e-05
   5.8700000e+02   0.0000000e+00   3.0617617e-05
   5.8800000e+02   0.0000000e+00   3.0317725e-05
   5.8900000e+02   0.0000000e+00   3.0020770e-05
   5.9000000e+02   0.0000000e+00   2.9726723e-05
   5.9100000e+02   0.0000000e+00   2.9435557e-05
   5.9200000e+02   0.0000000e+00   2.9147242e-05
   5.9300000e+02   0.0000000e+00   2.8861752e-05
   5.9400000e+02   0.0000000e+00   2.8579058e-05
   5.9500000e+02   0.0000000e+00   2.8299133e-05
   5.9600000e+02   0.0000000e+00   2.8021949e-05
   5.9700000e+02   0.0000000e+00   2.7747481e-05
   5.9800000e+02   0.0000000e+00   2.7475701e-05
   5.9900000e+02   0.0000000e+00   2.7206583e-05
   6.0000000e+02   0.0000000e+00   2.6940100e-05
   6.0100000e+02   0.0000000e+00   2.6676228e-05
   6.0200000e+02   1.0000000e+00   2.6414941e-05
