   1.0000000e+00   1.7000000e+01   4.0581653e-02
   2.0000000e+00   1.7000000e+01   3.6841251e-02
   3.0000000e+00   1.4000000e+01   3.3468732e-02
   4.0000000e+00   2.1000000e+01   3.0427801e-02
   5.0000000e+00   2.2000000e+01   2.7685744e-02
   6.0000000e+00   1.1000000e+01   2.5213076e-02
   7.0000000e+00   6.0000000e+00   2.2983219e-02
   8.0000000e+00   1.3000000e+01   2.0972220e-02
   9.0000000e+00   7.0000000e+00   1.9158488e-02
   1.0000000e+01   6.0000000e+00   1.7522564e-02
   1.1000000e+01   6.0000000e+00   1.6046907e-02
   1.2000000e+01   5.0000000e+00   1.4715709e-02
   1.3000000e+01   7.0000000e+00   1.3514721e-02
   1.4000000e+01   2.0000000e+00   1.2431098e-02
   1.5000000e+01   7.0000000e+00   1.1453266e-02
   1.6000000e+01   8.0000000e+00   1.0570790e-02
   1.7000000e+01   6.0000000e+00   9.7742673e-03
   1.8000000e+01   2.0000000e+00   9.0552205e-03
   1.9000000e+01   4.0000000e+00   8.4060103e-03
   2.0000000e+01   1.0000000e+00   7.8197504e-03
   2.1000000e+01   8.0000000e+00   7.2902344e-03
   2.2000000e+01   5.0000000e+00   6.8118681e-03
   2.3000000e+01   2.0000000e+00   6.3796094e-03
   2.4000000e+01   9.0000000e+00   5.9889135e-03
   2.5000000e+01   2.0000000e+00   5.6356842e-03
   2.6000000e+01   5.0000000e+00   5.3162294e-03
   2.7000000e+01   2.0000000e+00   5.0272214e-03
   2.8000000e+01   1.0000000e+00   4.7656607e-03
   2.9000000e+01   2.0000000e+00   4.5288439e-03
   3.0000000e+01   3.0000000e+00   4.3143341e-03
   3.1000000e+01   1.0000000e+00   4.1199351e-03
   3.2000000e+01   1.0000000e+00   3.9436673e-03
   3.3000000e+01   0.0000000e+00   3.7837462e-03
   3.4000000e+01   1.0000000e+00   3.6385637e-03
   3.5000000e+01   0.0000000e+00   3.5066703e-03
   3.6000000e+01   3.0000000e+00   3.3867592e-03
   3.7000000e+01   6.0000000e+00   3.2776528e-03
   3.8000000e+01   0.0000000e+00   3.1782897e-03
   3.9000000e+01   0.0000000e+00   3.0877131e-03
   4.0000000e+01   0.0000000e+00   3.0050606e-03
   4.1000000e+01   4.0000000e+00   2.9295549e-03
   4.2000000e+01   0.0000000e+00   2.8604954e-03
   4.3000000e+01   0.0000000e+00   2.7972505e-03
   4.4000000e+01   0.0000000e+00   2.7392511e-03
   4.5000000e+01   0.0000000e+00   2.6859841e-03
   4.6000000e+01   1.0000000e+00   2.6369870e-03
   4.7000000e+01   0.0000000e+00   2.5918430e-03
   4.8000000e+01   0.0000000e+00   2.5501763e-03
   4.9000000e+01   0.0000000e+00   2.5116482e-03
   5.0000000e+01   2.0000000e+00   2.4759535e-03
   5.1000000e+01   4.0000000e+00   2.4428170e-03
   5.2000000e+01   1.0000000e+00   2.4119906e-03
   5.3000000e+01   1.0000000e+00   2.3832508e-03
   5.4000000e+01   2.0000000e+00   2.3563959e-03
   5.5000000e+01   1.0000000e+00   2.3312444e-03
   5.6000000e+01   1.0000000e+00   2.3076324e-03
   5.7000000e+01   2.0000000e+00   2.2854123e-03
   5.8000000e+01   2.0000000e+00   2.2644511e-03
   5.9000000e+01   1.0000000e+00   2.2446287e-03
   6.0000000e+01   1.0000000e+00   2.2258370e-03
   6.1000000e+01   2.0000000e+00   2.2079785e-03
   6.2000000e+01   1.0000000e+00   2.1909653e-03
   6.3000000e+01   0.0000000e+00   2.1747181e-03
   6.4000000e+01   1.0000000e+00   2.1591656e-03
   6.5000000e+01   0.0000000e+00   2.1442433e-03
   6.6000000e+01   1.0000000e+00   2.1298931e-03
   6.7000000e+01   0.0000000e+00   2.1160627e-03
   6.8000000e+01   0.0000000e+00   2.1027048e-03
   6.9000000e+01   4.0000000e+00   2.0897769e-03
   7.0000000e+01   2.0000000e+00   2.0772406e-03
   7.1000000e+01   0.0000000e+00   2.0650613e-03
   7.2000000e+01   2.0000000e+00   2.0532077e-03
   7.3000000e+01   1.0000000e+00   2.0416516e-03
   7.4000000e+01   0.0000000e+00   2.0303678e-03
   7.5000000e+01   2.0000000e+00   2.0193332e-03
   7.6000000e+01   1.0000000e+00   2.0085272e-03
   7.7000000e+01   1.0000000e+00   1.9979311e-03
   7.8000000e+01   0.0000000e+00   1.9875282e-03
   7.9000000e+01   2.0000000e+00   1.9773032e-03
   8.0000000e+01   1.0000000e+00   1.9672425e-03
   8.1000000e+01   1.0000000e+00   1.9573336e-03
   8.2000000e+01   2.0000000e+00   1.9475654e-03
   8.3000000e+01   1.0000000e+00   1.9379278e-03
   8.4000000e+01   1.0000000e+00   1.9284118e-03
   8.5000000e+01   2.0000000e+00   1.9190091e-03
   8.6000000e+01   2.0000000e+00   1.9097122e-03
   8.7000000e+01   1.0000000e+00   1.9005145e-03
   8.8000000e+01   1.0000000e+00   1.8914099e-03
   8.9000000e+01   0.0000000e+00   1.8823929e-03
   9.0000000e+01   1.0000000e+00   1.8734585e-03
   9.1000000e+01   0.0000000e+00   1.8646023e-03
   9.2000000e+01   0.0000000e+00   1.8558202e-03
   9.3000000e+01   1.0000000e+00   1.8471086e-03
   9.4000000e+01   1.0000000e+00   1.8384640e-03
   9.5000000e+01   0.0000000e+00   1.8298835e-03
   9.6000000e+01   0.0000000e+00   1.8213643e-03
   9.7000000e+01   0.0000000e+00   1.8129039e-03
   9.8000000e+01   0.0000000e+00   1.8045002e-03
   9.9000000e+01   2.0000000e+00   1.7961510e-03
   1.0000000e+02   3.0000000e+00   1.7878545e-03
   1.0100000e+02   1.0000000e+00   1.7796090e-03
   1.0200000e+02   0.0000000e+00   1.7714130e-03
   1.0300000e+02   0.0000000e+00   1.7632649e-03
   1.0400000e+02   1.0000000e+00   1.7551637e-03
   1.0500000e+02   1.0000000e+00   1.7471080e-03
   1.0600000e+02   1.0000000e+00   1.7390968e-03
   1.0700000e+02   2.0000000e+00   1.7311292e-03
   1.0800000e+02   2.0000000e+00   1.7232042e-03
   1.0900000e+02   2.0000000e+00   1.7153210e-03
   1.1000000e+02   0.0000000e+00   1.7074788e-03
   1.1100000e+02   1.0000000e+00   1.6996770e-03
   1.1200000e+02   0.0000000e+00   1.6919148e-03
   1.1300000e+02   0.0000000e+00   1.6841918e-03
   1.1400000e+02   0.0000000e+00   1.6765073e-03
   1.1500000e+02   0.0000000e+00   1.6688608e-03
   1.1600000e+02   1.0000000e+00   1.6612518e-03
   1.1700000e+02   1.0000000e+00   1.6536800e-03
   1.1800000e+02   0.0000000e+00   1.6461448e-03
   1.1900000e+02   1.0000000e+00   1.6386459e-03
   1.2000000e+02   1.0000000e+00   1.6311830e-03
   1.2100000e+02   1.0000000e+00   1.6237556e-03
   1.2200000e+02   0.0000000e+00   1.6163635e-03
   1.2300000e+02   2.0000000e+00   1.6090063e-03
   1.2400000e+02   1.0000000e+00   1.6016837e-03
   1.2500000e+02   0.0000000e+00   1.5943956e-03
   1.2600000e+02   1.0000000e+00   1.5871415e-03
   1.2700000e+02   0.0000000e+00   1.5799213e-03
   1.2800000e+02   1.0000000e+00   1.5727347e-03
   1.2900000e+02   0.0000000e+00   1.5655815e-03
   1.3000000e+02   0.0000000e+00   1.5584614e-03
   1.3100000e+02   1.0000000e+00   1.5513743e-03
   1.3200000e+02   0.0000000e+00   1.5443200e-03
   1.3300000e+02   0.0000000e+00   1.5372981e-03
   1.3400000e+02   3.0000000e+00   1.5303086e-03
   1.3500000e+02   1.0000000e+00   1.5233513e-03
   1.3600000e+02   1.0000000e+00   1.5164259e-03
   1.3700000e+02   0.0000000e+00   1.5095323e-03
   1.3800000e+02   2.0000000e+00   1.5026703e-03
   1.3900000e+02   1.0000000e+00   1.4958397e-03
   1.4000000e+02   0.0000000e+00   1.4890404e-03
   1.4100000e+02   1.0000000e+00   1.4822723e-03
   1.4200000e+02   0.0000000e+00   1.4755350e-03
   1.4300000e+02   1.0000000e+00   1.4688286e-03
   1.4400000e+02   0.0000000e+00   1.4621527e-03
   1.4500000e+02   0.0000000e+00   1.4555074e-03
   1.4600000e+02   1.0000000e+00   1.4488924e-03
   1.4700000e+02   0.0000000e+00   1.4423075e-03
   1.4800000e+02   1.0000000e+00   1.4357527e-03
   1.4900000e+02   0.0000000e+00   1.4292277e-03
   1.5000000e+02   1.0000000e+00   1.4227325e-03
   1.5100000e+02   2.0000000e+00   1.4162668e-03
   1.5200000e+02   2.0000000e+00   1.4098306e-03
   1.5300000e+02   2.0000000e+00   1.4034237e-03
   1.5400000e+02   1.0000000e+00   1.3970460e-03
   1.5500000e+02   0.0000000e+00   1.3906973e-03
   1.5600000e+02   0.0000000e+00   1.3843775e-03
   1.5700000e+02   4.0000000e+00   1.3780865e-03
   1.5800000e+02   2.0000000e+00   1.3718240e-03
   1.5900000e+02   2.0000000e+00   1.3655901e-03
   1.6000000e+02   2.0000000e+00   1.3593845e-03
   1.6100000e+02   0.0000000e+00   1.3532072e-03
   1.6200000e+02   0.0000000e+00   1.3470579e-03
   1.6300000e+02   0.0000000e+00   1.3409366e-03
   1.6400000e+02   2.0000000e+00   1.3348432e-03
   1.6500000e+02   2.0000000e+00   1.3287774e-03
   1.6600000e+02   0.0000000e+00   1.3227392e-03
   1.6700000e+02   1.0000000e+00   1.3167285e-03
   1.6800000e+02   0.0000000e+00   1.3107451e-03
   1.6900000e+02   1.0000000e+00   1.3047889e-03
   1.7000000e+02   0.0000000e+00   1.2988598e-03
   1.7100000e+02   0.0000000e+00   1.2929576e-03
   1.7200000e+02   0.0000000e+00   1.2870823e-03
   1.7300000e+02   2.0000000e+00   1.2812336e-03
   1.7400000e+02   0.0000000e+00   1.2754116e-03
   1.7500000e+02   1.0000000e+00   1.2696160e-03
   1.7600000e+02   0.0000000e+00   1.2638467e-03
   1.7700000e+02   0.0000000e+00   1.2581037e-03
   1.7800000e+02   0.0000000e+00   1.2523868e-03
   1.7900000e+02   1.0000000e+00   1.2466958e-03
   1.8000000e+02   0.0000000e+00   1.2410307e-03
   1.8100000e+02   2.0000000e+00   1.2353914e-03
   1.8200000e+02   1.0000000e+00   1.2297777e-03
   1.8300000e+02   1.0000000e+00   1.2241895e-03
   1.8400000e+02   0.0000000e+00   1.2186267e-03
   1.8500000e+02   1.0000000e+00   1.2130892e-03
   1.8600000e+02   0.0000000e+00   1.2075768e-03
   1.8700000e+02   0.0000000e+00   1.2020895e-03
   1.8800000e+02   0.0000000e+00   1.1966271e-03
   1.8900000e+02   0.0000000e+00   1.1911896e-03
   1.9000000e+02   1.0000000e+00   1.1857767e-03
   1.9100000e+02   0.0000000e+00   1.1803885e-03
   1.9200000e+02   0.0000000e+00   1.1750247e-03
   1.9300000e+02   0.0000000e+00   1.1696854e-03
   1.9400000e+02   1.0000000e+00   1.1643702e-03
   1.9500000e+02   0.0000000e+00   1.1590793e-03
   1.9600000e+02   1.0000000e+00   1.1538124e-03
   1.9700000e+02   0.0000000e+00   1.1485694e-03
   1.9800000e+02   0.0000000e+00   1.1433502e-03
   1.9900000e+02   0.0000000e+00   1.1381548e-03
   2.0000000e+02   1.0000000e+00   1.1329829e-03
   2.0100000e+02   0.0000000e+00   1.1278346e-03
   2.0200000e+02   2.0000000e+00   1.1227096e-03
   2.0300000e+02   0.0000000e+00   1.1176080e-03
   2.0400000e+02   1.0000000e+00   1.1125295e-03
   2.0500000e+02   0.0000000e+00   1.1074741e-03
   2.0600000e+02   1.0000000e+00   1.1024417e-03
   2.0700000e+02   1.0000000e+00   1.0974321e-03
   2.0800000e+02   1.0000000e+00   1.0924453e-03
   2.0900000e+02   0.0000000e+00   1.0874812e-03
   2.1000000e+02   0.0000000e+00   1.0825396e-03
   2.1100000e+02   0.0000000e+00   1.0776205e-03
   2.1200000e+02   1.0000000e+00   1.0727238e-03
   2.1300000e+02   2.0000000e+00   1.0678492e-03
   2.1400000e+02   0.0000000e+00   1.0629969e-03
   2.1500000e+02   2.0000000e+00   1.0581666e-03
   2.1600000e+02   0.0000000e+00   1.0533582e-03
   2.1700000e+02   0.0000000e+00   1.0485717e-03
   2.1800000e+02   0.0000000e+00   1.0438069e-03
   2.1900000e+02   0.0000000e+00   1.0390638e-03
   2.2000000e+02   0.0000000e+00   1.0343422e-03
   2.2100000e+02   0.0000000e+00   1.0296421e-03
   2.2200000e+02   0.0000000e+00   1.0249634e-03
   2.2300000e+02   0.0000000e+00   1.0203059e-03
   2.2400000e+02   0.0000000e+00   1.0156696e-03
   2.2500000e+02   1.0000000e+00   1.0110543e-03
   2.2600000e+02   0.0000000e+00   1.0064600e-03
   2.2700000e+02   1.0000000e+00   1.0018866e-03
   2.2800000e+02   1.0000000e+00   9.9733401e-04
   2.2900000e+02   1.0000000e+00   9.9280207e-04
   2.3000000e+02   0.0000000e+00   9.8829073e-04
   2.3100000e+02   0.0000000e+00   9.8379988e-04
   2.3200000e+02   0.0000000e+00   9.7932945e-04
   2.3300000e+02   1.0000000e+00   9.7487932e-04
   2.3400000e+02   0.0000000e+00   9.7044942e-04
   2.3500000e+02   0.0000000e+00   9.6603965e-04
   2.3600000e+02   0.0000000e+00   9.6164991e-04
   2.3700000e+02   1.0000000e+00   9.5728012e-04
   2.3800000e+02   0.0000000e+00   9.5293019e-04
   2.3900000e+02   2.0000000e+00   9.4860003e-04
   2.4000000e+02   2.0000000e+00   9.4428954e-04
   2.4100000e+02   0.0000000e+00   9.3999864e-04
   2.4200000e+02   1.0000000e+00   9.3572724e-04
   2.4300000e+02   0.0000000e+00   9.3147524e-04
   2.4400000e+02   0.0000000e+00   9.2724257e-04
   2.4500000e+02   0.0000000e+00   9.2302913e-04
   2.4600000e+02   0.0000000e+00   9.1883484e-04
   2.4700000e+02   0.0000000e+00   9.1465960e-04
   2.4800000e+02   1.0000000e+00   9.1050334e-04
   2.4900000e+02   0.0000000e+00   9.0636597e-04
   2.5000000e+02   0.0000000e+00   9.0224739e-04
   2.5100000e+02   0.0000000e+00   8.9814754e-04
   2.5200000e+02   0.0000000e+00   8.9406631e-04
   2.5300000e+02   0.0000000e+00   8.9000362e-04
   2.5400000e+02   1.0000000e+00   8.8595940e-04
   2.5500000e+02   0.0000000e+00   8.8193355e-04
   2.5600000e+02   0.0000000e+00   8.7792600e-04
   2.5700000e+02   1.0000000e+00   8.7393666e-04
   2.5800000e+02   1.0000000e+00   8.6996545e-04
   2.5900000e+02   0.0000000e+00   8.6601228e-04
   2.6000000e+02   1.0000000e+00   8.6207707e-04
   2.6100000e+02   0.0000000e+00   8.5815975e-04
   2.6200000e+02   0.0000000e+00   8.5426023e-04
   2.6300000e+02   0.0000000e+00   8.5037842e-04
   2.6400000e+02   1.0000000e+00   8.4651426e-04
   2.6500000e+02   0.0000000e+00   8.4266765e-04
   2.6600000e+02   0.0000000e+00   8.3883853e-04
   2.6700000e+02   0.0000000e+00   8.3502680e-04
   2.6800000e+02   1.0000000e+00   8.3123240e-04
   2.6900000e+02   0.0000000e+00   8.2745523e-04
   2.7000000e+02   1.0000000e+00   8.2369523e-04
   2.7100000e+02   1.0000000e+00   8.1995232e-04
   2.7200000e+02   1.0000000e+00   8.1622641e-04
   2.7300000e+02   1.0000000e+00   8.1251744e-04
   2.7400000e+02   0.0000000e+00   8.0882532e-04
   2.7500000e+02   0.0000000e+00   8.0514997e-04
   2.7600000e+02   0.0000000e+00   8.0149133e-04
   2.7700000e+02   0.0000000e+00   7.9784931e-04
   2.7800000e+02   0.0000000e+00   7.9422384e-04
   2.7900000e+02   1.0000000e+00   7.9061485e-04
   2.8000000e+02   0.0000000e+00   7.8702225e-04
   2.8100000e+02   0.0000000e+00   7.8344598e-04
   2.8200000e+02   0.0000000e+00   7.7988596e-04
   2.8300000e+02   0.0000000e+00   7.7634212e-04
   2.8400000e+02   0.0000000e+00   7.7281438e-04
   2.8500000e+02   1.0000000e+00   7.6930267e-04
   2.8600000e+02   1.0000000e+00   7.6580692e-04
   2.8700000e+02   0.0000000e+00   7.6232705e-04
   2.8800000e+02   0.0000000e+00   7.5886300e-04
   2.8900000e+02   1.0000000e+00   7.5541468e-04
   2.9000000e+02   0.0000000e+00   7.5198204e-04
   2.9100000e+02   0.0000000e+00   7.4856500e-04
   2.9200000e+02   0.0000000e+00   7.4516348e-04
   2.9300000e+02   0.0000000e+00   7.4177741e-04
   2.9400000e+02   1.0000000e+00   7.3840674e-04
   2.9500000e+02   1.0000000e+00   7.3505138e-04
   2.9600000e+02   1.0000000e+00   7.3171127e-04
   2.9700000e+02   1.0000000e+00   7.2838633e-04
   2.9800000e+02   0.0000000e+00   7.2507651e-04
   2.9900000e+02   0.0000000e+00   7.2178172e-04
   3.0000000e+02   1.0000000e+00   7.1850191e-04
   3.0100000e+02   0.0000000e+00   7.1523700e-04
   3.0200000e+02   0.0000000e+00   7.1198693e-04
   3.0300000e+02   0.0000000e+00   7.0875162e-04
   3.0400000e+02   0.0000000e+00   7.0553101e-04
   3.0500000e+02   0.0000000e+00   7.0232505e-04
   3.0600000e+02   0.0000000e+00   6.9913364e-04
   3.0700000e+02   0.0000000e+00   6.9595674e-04
   3.0800000e+02   0.0000000e+00   6.9279428e-04
   3.0900000e+02   0.0000000e+00   6.8964619e-04
   3.1000000e+02   1.0000000e+00   6.8651240e-04
   3.1100000e+02   0.0000000e+00   6.8339285e-04
   3.1200000e+02   2.0000000e+00   6.8028748e-04
   3.1300000e+02   0.0000000e+00   6.7719622e-04
   3.1400000e+02   0.0000000e+00   6.7411900e-04
   3.1500000e+02   0.0000000e+00   6.7105577e-04
   3.1600000e+02   0.0000000e+00   6.6800646e-04
   3.1700000e+02   0.0000000e+00   6.6497100e-04
   3.1800000e+02   0.0000000e+00   6.6194934e-04
   3.1900000e+02   1.0000000e+00   6.5894140e-04
   3.2000000e+02   1.0000000e+00   6.5594714e-04
   3.2100000e+02   0.0000000e+00   6.5296648e-04
   3.2200000e+02   0.0000000e+00   6.4999937e-04
   3.2300000e+02   0.0000000e+00   6.4704574e-04
   3.2400000e+02   0.0000000e+00   6.4410553e-04
   3.2500000e+02   0.0000000e+00   6.4117868e-04
   3.2600000e+02   1.0000000e+00   6.3826513e-04
   3.2700000e+02   0.0000000e+00   6.3536482e-04
   3.2800000e+02   0.0000000e+00   6.3247769e-04
   3.2900000e+02   0.0000000e+00   6.2960368e-04
   3.3000000e+02   1.0000000e+00   6.2674272e-04
   3.3100000e+02   0.0000000e+00   6.2389477e-04
   3.3200000e+02   0.0000000e+00   6.2105976e-04
   3.3300000e+02   1.0000000e+00   6.1823763e-04
   3.3400000e+02   0.0000000e+00   6.1542833e-04
   3.3500000e+02   0.0000000e+00   6.1263179e-04
   3.3600000e+02   0.0000000e+00   6.0984796e-04
   3.3700000e+02   1.0000000e+00   6.0707678e-04
   3.3800000e+02   0.0000000e+00   6.0431819e-04
   3.3900000e+02   0.0000000e+00   6.0157214e-04
   3.4000000e+02   0.0000000e+00   5.9883856e-04
   3.4100000e+02   0.0000000e+00   5.9611741e-04
   3.4200000e+02   0.0000000e+00   5.9340862e-04
   3.4300000e+02   0.0000000e+00   5.9071214e-04
   3.4400000e+02   0.0000000e+00   5.8802791e-04
   3.4500000e+02   0.0000000e+00   5.8535588e-04
   3.4600000e+02   0.0000000e+00   5.8269600e-04
   3.4700000e+02   0.0000000e+00   5.8004819e-04
   3.4800000e+02   0.0000000e+00   5.7741243e-04
   3.4900000e+02   0.0000000e+00   5.7478863e-04
   3.5000000e+02   1.0000000e+00   5.7217676e-04
   3.5100000e+02   0.0000000e+00   5.6957676e-04
   3.5200000e+02   0.0000000e+00   5.6698858e-04
   3.5300000e+02   0.0000000e+00   5.6441215e-04
   3.5400000e+02   0.0000000e+00   5.6184743e-04
   3.5500000e+02   1.0000000e+00   5.5929437e-04
   3.5600000e+02   0.0000000e+00   5.5675291e-04
   3.5700000e+02   0.0000000e+00   5.5422299e-04
   3.5800000e+02   2.0000000e+00   5.5170457e-04
   3.5900000e+02   0.0000000e+00   5.4919760e-04
   3.6000000e+02   0.0000000e+00   5.4670202e-04
   3.6100000e+02   0.0000000e+00   5.4421777e-04
   3.6200000e+02   0.0000000e+00   5.4174482e-04
   3.6300000e+02   1.0000000e+00   5.3928310e-04
   3.6400000e+02   0.0000000e+00   5.3683257e-04
   3.6500000e+02   1.0000000e+00   5.3439318e-04
   3.6600000e+02   1.0000000e+00   5.3196487e-04
   3.6700000e+02   1.0000000e+00   5.2954759e-04
   3.6800000e+02   0.0000000e+00   5.2714130e-04
   3.6900000e+02   0.0000000e+00   5.2474594e-04
   3.7000000e+02   0.0000000e+00   5.2236147e-04
   3.7100000e+02   0.0000000e+00   5.1998783e-04
   3.7200000e+02   0.0000000e+00   5.1762498e-04
   3.7300000e+02   0.0000000e+00   5.1527286e-04
   3.7400000e+02   0.0000000e+00   5.1293144e-04
   3.7500000e+02   0.0000000e+00   5.1060065e-04
   3.7600000e+02   0.0000000e+00   5.0828045e-04
   3.7700000e+02   0.0000000e+00   5.0597080e-04
   3.7800000e+02   0.0000000e+00   5.0367164e-04
   3.7900000e+02   0.0000000e+00   5.0138293e-04
   3.8000000e+02   0.0000000e+00   4.9910462e-04
   3.8100000e+02   0.0000000e+00   4.9683666e-04
   3.8200000e+02   0.0000000e+00   4.9457901e-04
   3.8300000e+02   0.0000000e+00   4.9233162e-04
   3.8400000e+02   0.0000000e+00   4.9009444e-04
   3.8500000e+02   0.0000000e+00   4.8786742e-04
   3.8600000e+02   0.0000000e+00   4.8565053e-04
   3.8700000e+02   1.0000000e+00   4.8344371e-04
   3.8800000e+02   0.0000000e+00   4.8124691e-04
   3.8900000e+02   0.0000000e+00   4.7906010e-04
   3.9000000e+02   0.0000000e+00   4.7688323e-04
   3.9100000e+02   0.0000000e+00   4.7471625e-04
   3.9200000e+02   0.0000000e+00   4.7255911e-04
   3.9300000e+02   0.0000000e+00   4.7041178e-04
   3.9400000e+02   0.0000000e+00   4.6827420e-04
   3.9500000e+02   0.0000000e+00   4.6614634e-04
   3.9600000e+02   2.0000000e+00   4.6402815e-04
   3.9700000e+02   1.0000000e+00   4.6191958e-04
   3.9800000e+02   0.0000000e+00   4.5982059e-04
   3.9900000e+02   0.0000000e+00   4.5773114e-04
   4.0000000e+02   0.0000000e+00   4.5565119e-04
   4.0100000e+02   0.0000000e+00   4.5358069e-04
   4.0200000e+02   1.0000000e+00   4.5151959e-04
   4.0300000e+02   0.0000000e+00   4.4946786e-04
   4.0400000e+02   1.0000000e+00   4.4742546e-04
   4.0500000e+02   0.0000000e+00   4.4539233e-04
   4.0600000e+02   1.0000000e+00   4.4336845e-04
   4.0700000e+02   0.0000000e+00   4.4135376e-04
   4.0800000e+02   0.0000000e+00   4.3934822e-04
   4.0900000e+02   0.0000000e+00   4.3735180e-04
   4.1000000e+02   1.0000000e+00   4.3536445e-04
   4.1100000e+02   0.0000000e+00   4.3338613e-04
   4.1200000e+02   0.0000000e+00   4.3141680e-04
   4.1300000e+02   0.0000000e+00   4.2945642e-04
   4.1400000e+02   1.0000000e+00   4.2750495e-04
   4.1500000e+02   0.0000000e+00   4.2556235e-04
   4.1600000e+02   0.0000000e+00   4.2362857e-04
   4.1700000e+02   0.0000000e+00   4.2170358e-04
   4.1800000e+02   0.0000000e+00   4.1978734e-04
   4.1900000e+02   0.0000000e+00   4.1787980e-04
   4.2000000e+02   1.0000000e+00   4.1598093e-04
   4.2100000e+02   0.0000000e+00   4.1409069e-04
   4.2200000e+02   0.0000000e+00   4.1220904e-04
   4.2300000e+02   0.0000000e+00   4.1033594e-04
   4.2400000e+02   1.0000000e+00   4.0847136e-04
   4.2500000e+02   0.0000000e+00   4.0661524e-04
   4.2600000e+02   0.0000000e+00   4.0476756e-04
   4.2700000e+02   0.0000000e+00   4.0292827e-04
   4.2800000e+02   0.0000000e+00   4.0109735e-04
   4.2900000e+02   0.0000000e+00   3.9927474e-04
   4.3000000e+02   0.0000000e+00   3.9746041e-04
   4.3100000e+02   0.0000000e+00   3.9565433e-04
   4.3200000e+02   0.0000000e+00   3.9385646e-04
   4.3300000e+02   0.0000000e+00   3.9206676e-04
   4.3400000e+02   1.0000000e+00   3.9028518e-04
   4.3500000e+02   1.0000000e+00   3.8851171e-04
   4.3600000e+02   0.0000000e+00   3.8674629e-04
   4.3700000e+02   0.0000000e+00   3.8498889e-04
   4.3800000e+02   0.0000000e+00   3.8323949e-04
   4.3900000e+02   0.0000000e+00   3.8149802e-04
   4.4000000e+02   1.0000000e+00   3.7976448e-04
   4.4100000e+02   0.0000000e+00   3.7803881e-04
   4.4200000e+02   0.0000000e+00   3.7632098e-04
   4.4300000e+02   0.0000000e+00   3.7461096e-04
   4.4400000e+02   0.0000000e+00   3.7290871e-04
   4.4500000e+02   1.0000000e+00   3.7121419e-04
   4.4600000e+02   1.0000000e+00   3.6952737e-04
   4.4700000e+02   0.0000000e+00   3.6784822e-04
   4.4800000e+02   0.0000000e+00   3.6617670e-04
   4.4900000e+02   0.0000000e+00   3.6451277e-04
   4.5000000e+02   0.0000000e+00   3.6285641e-04
   4.5100000e+02   0.0000000e+00   3.6120757e-04
   4.5200000e+02   0.0000000e+00   3.5956622e-04
   4.5300000e+02   0.0000000e+00   3.5793234e-04
   4.5400000e+02   1.0000000e+00   3.5630587e-04
   4.5500000e+02   0.0000000e+00   3.5468680e-04
   4.5600000e+02   0.0000000e+00   3.5307509e-04
   4.5700000e+02   0.0000000e+00   3.5147069e-04
   4.5800000e+02   0.0000000e+00   3.4987359e-04
   4.5900000e+02   0.0000000e+00   3.4828375e-04
   4.6000000e+02   0.0000000e+00   3.4670113e-04
   4.6100000e+02   0.0000000e+00   3.4512570e-04
   4.6200000e+02   0.0000000e+00   3.4355743e-04
   4.6300000e+02   0.0000000e+00   3.4199629e-04
   4.6400000e+02   0.0000000e+00   3.4044224e-04
   4.6500000e+02   0.0000000e+00   3.3889525e-04
   4.6600000e+02   1.0000000e+00   3.3735529e-04
   4.6700000e+02   0.0000000e+00   3.3582233e-04
   4.6800000e+02   0.0000000e+00   3.3429634e-04
   4.6900000e+02   1.0000000e+00   3.3277728e-04
   4.7000000e+02   1.0000000e+00   3.3126512e-04
   4.7100000e+02   0.0000000e+00   3.2975984e-04
   4.7200000e+02   1.0000000e+00   3.2826139e-04
   4.7300000e+02   0.0000000e+00   3.2676975e-04
   4.7400000e+02   0.0000000e+00   3.2528490e-04
   4.7500000e+02   0.0000000e+00   3.2380678e-04
   4.7600000e+02   0.0000000e+00   3.2233539e-04
   4.7700000e+02   0.0000000e+00   3.2087068e-04
   4.7800000e+02   0.0000000e+00   3.1941263e-04
   4.7900000e+02   0.0000000e+00   3.1796120e-04
   4.8000000e+02   0.0000000e+00   3.1651637e-04
   4.8100000e+02   0.0000000e+00   3.1507810e-04
   4.8200000e+02   0.0000000e+00   3.1364637e-04
   4.8300000e+02   0.0000000e+00   3.1222114e-04
   4.8400000e+02   0.0000000e+00   3.1080239e-04
   4.8500000e+02   1.0000000e+00   3.0939009e-04
   4.8600000e+02   0.0000000e+00   3.0798421e-04
   4.8700000e+02   1.0000000e+00   3.0658471e-04
   4.8800000e+02   0.0000000e+00   3.0519157e-04
   4.8900000e+02   0.0000000e+00   3.0380477e-04
   4.9000000e+02   0.0000000e+00   3.0242426e-04
   4.9100000e+02   0.0000000e+00   3.0105003e-04
   4.9200000e+02   1.0000000e+00   2.9968204e-04
   4.9300000e+02   0.0000000e+00   2.9832027e-04
   4.9400000e+02   1.0000000e+00   2.9696469e-04
   4.9500000e+02   0.0000000e+00   2.9561527e-04
   4.9600000e+02   0.0000000e+00   2.9427198e-04
   4.9700000e+02   0.0000000e+00   2.9293479e-04
   4.9800000e+02   0.0000000e+00   2.9160368e-04
   4.9900000e+02   0.0000000e+00   2.9027861e-04
   5.0000000e+02   1.0000000e+00   2.8895957e-04
   5.0100000e+02   0.0000000e+00   2.8764653e-04
   5.0200000e+02   0.0000000e+00   2.8633945e-04
   5.0300000e+02   0.0000000e+00   2.8503830e-04
   5.0400000e+02   0.0000000e+00   2.8374308e-04
   5.0500000e+02   0.0000000e+00   2.8245373e-04
   5.0600000e+02   0.0000000e+00   2.8117025e-04
   5.0700000e+02   1.0000000e+00   2.7989259e-04
   5.0800000e+02   2.0000000e+00   2.7862075e-04
   5.0900000e+02   0.0000000e+00   2.7735468e-04
   5.1000000e+02   0.0000000e+00   2.7609437e-04
   5.1100000e+02   0.0000000e+00   2.7483978e-04
   5.1200000e+02   0.0000000e+00   2.7359089e-04
   5.1300000e+02   0.0000000e+00   2.7234768e-04
   5.1400000e+02   0.0000000e+00   2.7111012e-04
   5.1500000e+02   0.0000000e+00   2.6987818e-04
   5.1600000e+02   0.0000000e+00   2.6865184e-04
   5.1700000e+02   1.0000000e+00   2.6743107e-04
   5.1800000e+02   0.0000000e+00   2.6621585e-04
   5.1900000e+02   0.0000000e+00   2.6500615e-04
   5.2000000e+02   0.0000000e+00   2.6380195e-04
   5.2100000e+02   0.0000000e+00   2.6260322e-04
   5.2200000e+02   0.0000000e+00   2.6140994e-04
   5.2300000e+02   1.0000000e+00   2.6022208e-04
   5.2400000e+02   0.0000000e+00   2.5903962e-04
   5.2500000e+02   1.0000000e+00   2.5786253e-04
   5.2600000e+02   0.0000000e+00   2.5669079e-04
   5.2700000e+02   1.0000000e+00   2.5552437e-04
   5.2800000e+02   0.0000000e+00   2.5436325e-04
   5.2900000e+02   0.0000000e+00   2.5320741e-04
   5.3000000e+02   0.0000000e+00   2.5205683e-04
   5.3100000e+02   0.0000000e+00   2.5091147e-04
   5.3200000e+02   0.0000000e+00   2.4977131e-04
   5.3300000e+02   0.0000000e+00   2.4863634e-04
   5.3400000e+02   0.0000000e+00   2.4750652e-04
   5.3500000e+02   0.0000000e+00   2.4638184e-04
   5.3600000e+02   0.0000000e+00   2.4526227e-04
   5.3700000e+02   0.0000000e+00   2.4414778e-04
   5.3800000e+02   0.0000000e+00   2.4303836e-04
   5.3900000e+02   0.0000000e+00   2.4193398e-04
   5.4000000e+02   0.0000000e+00   2.4083462e-04
   5.4100000e+02   1.0000000e+00   2.3974026e-04
   5.4200000e+02   0.0000000e+00   2.3865086e-04
   5.4300000e+02   0.0000000e+00   2.3756642e-04
   5.4400000e+02   0.0000000e+00   2.3648691e-04
   5.4500000e+02   0.0000000e+00   2.3541230e-04
   5.4600000e+02   0.0000000e+00   2.3434257e-04
   5.4700000e+02   0.0000000e+00   2.3327771e-04
   5.4800000e+02   1.0000000e+00   2.3221768e-04
   5.4900000e+02   0.0000000e+00   2.3116247e-04
   5.5000000e+02   0.0000000e+00   2.3011206e-04
   5.5100000e+02   1.0000000e+00   2.2906642e-04
   5.5200000e+02   0.0000000e+00   2.2802553e-04
   5.5300000e+02   0.0000000e+00   2.2698937e-04
   5.5400000e+02   0.0000000e+00   2.2595792e-04
   5.5500000e+02   0.0000000e+00   2.2493115e-04
   5.5600000e+02   0.0000000e+00   2.2390905e-04
   5.5700000e+02   0.0000000e+00   2.2289160e-04
   5.5800000e+02   1.0000000e+00   2.2187877e-04
   5.5900000e+02   0.0000000e+00   2.2087054e-04
   5.6000000e+02   0.0000000e+00   2.1986689e-04
   5.6100000e+02   0.0000000e+00   2.1886780e-04
   5.6200000e+02   1.0000000e+00   2.1787326e-04
   5.6300000e+02   0.0000000e+00   2.1688323e-04
   5.6400000e+02   0.0000000e+00   2.1589770e-04
   5.6500000e+02   0.0000000e+00   2.1491665e-04
   5.6600000e+02   0.0000000e+00   2.1394006e-04
   5.6700000e+02   0.0000000e+00   2.1296790e-04
   5.6800000e+02   0.0000000e+00   2.1200017e-04
   5.6900000e+02   0.0000000e+00   2.1103683e-04
   5.7000000e+02   0.0000000e+00   2.1007786e-04
   5.7100000e+02   0.0000000e+00   2.0912326e-04
   5.7200000e+02   0.0000000e+00   2.0817299e-04
   5.7300000e+02   0.0000000e+00   2.0722704e-04
   5.7400000e+02   0.0000000e+00   2.0628539e-04
   5.7500000e+02   0.0000000e+00   2.0534802e-04
   5.7600000e+02   0.0000000e+00   2.0441491e-04
   5.7700000e+02   0.0000000e+00   2.0348604e-04
   5.7800000e+02   0.0000000e+00   2.0256139e-04
   5.7900000e+02   0.0000000e+00   2.0164094e-04
   5.8000000e+02   0.0000000e+00   2.0072467e-04
   5.8100000e+02   0.0000000e+00   1.9981257e-04
   5.8200000e+02   0.0000000e+00   1.9890461e-04
   5.8300000e+02   0.0000000e+00   1.9800077e-04
   5.8400000e+02   1.0000000e+00   1.9710105e-04
   5.8500000e+02   0.0000000e+00   1.9620541e-04
   5.8600000e+02   0.0000000e+00   1.9531384e-04
   5.8700000e+02   0.0000000e+00   1.9442633e-04
   5.8800000e+02   0.0000000e+00   1.9354284e-04
   5.8900000e+02   0.0000000e+00   1.9266338e-04
   5.9000000e+02   0.0000000e+00   1.9178790e-04
   5.9100000e+02   0.0000000e+00   1.9091641e-04
   5.9200000e+02   0.0000000e+00   1.9004887e-04
   5.9300000e+02   0.0000000e+00   1.8918528e-04
   5.9400000e+02   0.0000000e+00   1.8832561e-04
   5.9500000e+02   0.0000000e+00   1.8746985e-04
   5.9600000e+02   0.0000000e+00   1.8661798e-04
   5.9700000e+02   1.0000000e+00   1.8576998e-04
   5.9800000e+02   0.0000000e+00   1.8492583e-04
   5.9900000e+02   0.0000000e+00   1.8408552e-04
   6.0000000e+02   0.0000000e+00   1.8324902e-04
   6.0100000e+02   0.0000000e+00   1.8241633e-04
   6.0200000e+02   0.0000000e+00   1.8158742e-04
   6.0300000e+02   0.0000000e+00   1.8076228e-04
   6.0400000e+02   0.0000000e+00   1.7994088e-04
   6.0500000e+02   0.0000000e+00   1.7912322e-04
   6.0600000e+02   0.0000000e+00   1.7830928e-04
   6.0700000e+02   0.0000000e+00   1.7749903e-04
   6.0800000e+02   0.0000000e+00   1.7669247e-04
   6.0900000e+02   0.0000000e+00   1.7588957e-04
   6.1000000e+02   0.0000000e+00   1.7509032e-04
   6.1100000e+02   0.0000000e+00   1.7429470e-04
   6.1200000e+02   0.0000000e+00   1.7350269e-04
   6.1300000e+02   0.0000000e+00   1.7271429e-04
   6.1400000e+02   0.0000000e+00   1.7192946e-04
   6.1500000e+02   0.0000000e+00   1.7114821e-04
   6.1600000e+02   0.0000000e+00   1.7037050e-04
   6.1700000e+02   0.0000000e+00   1.6959633e-04
   6.1800000e+02   0.0000000e+00   1.6882567e-04
   6.1900000e+02   0.0000000e+00   1.6805852e-04
   6.2000000e+02   0.0000000e+00   1.6729485e-04
   6.2100000e+02   0.0000000e+00   1.6653466e-04
   6.2200000e+02   0.0000000e+00   1.6577792e-04
   6.2300000e+02   0.0000000e+00   1.6502461e-04
   6.2400000e+02   0.0000000e+00   1.6427473e-04
   6.2500000e+02   0.0000000e+00   1.6352826e-04
   6.2600000e+02   0.0000000e+00   1.6278518e-04
   6.2700000e+02   0.0000000e+00   1.6204547e-04
   6.2800000e+02   1.0000000e+00   1.6130913e-04
   6.2900000e+02   0.0000000e+00   1.6057613e-04
   6.3000000e+02   0.0000000e+00   1.5984647e-04
   6.3100000e+02   0.0000000e+00   1.5912012e-04
   6.3200000e+02   0.0000000e+00   1.5839707e-04
   6.3300000e+02   0.0000000e+00   1.5767730e-04
   6.3400000e+02   0.0000000e+00   1.5696081e-04
   6.3500000e+02   0.0000000e+00   1.5624757e-04
   6.3600000e+02   0.0000000e+00   1.5553757e-04
   6.3700000e+02   1.0000000e+00   1.5483080e-04
   6.3800000e+02   1.0000000e+00   1.5412724e-04
   6.3900000e+02   0.0000000e+00   1.5342688e-04
   6.4000000e+02   0.0000000e+00   1.5272970e-04
   6.4100000e+02   0.0000000e+00   1.5203569e-04
   6.4200000e+02   1.0000000e+00   1.5134483e-04
   6.4300000e+02   0.0000000e+00   1.5065711e-04
   6.4400000e+02   0.0000000e+00   1.4997252e-04
   6.4500000e+02   0.0000000e+00   1.4929104e-04
   6.4600000e+02   0.0000000e+00   1.4861265e-04
   6.4700000e+02   0.0000000e+00   1.4793735e-04
   6.4800000e+02   0.0000000e+00   1.4726511e-04
   6.4900000e+02   0.0000000e+00   1.4659593e-04
   6.5000000e+02   0.0000000e+00   1.4592979e-04
   6.5100000e+02   0.0000000e+00   1.4526668e-04
   6.5200000e+02   0.0000000e+00   1.4460658e-04
   6.5300000e+02   1.0000000e+00   1.4394948e-04
   6.5400000e+02   0.0000000e+00   1.4329536e-04
   6.5500000e+02   0.0000000e+00   1.4264422e-04
   6.5600000e+02   0.0000000e+00   1.4199604e-04
   6.5700000e+02   0.0000000e+00   1.4135080e-04
   6.5800000e+02   0.0000000e+00   1.4070850e-04
   6.5900000e+02   1.0000000e+00   1.4006911e-04
   6.6000000e+02   0.0000000e+00   1.3943263e-04
   6.6100000e+02   0.0000000e+00   1.3879904e-04
   6.6200000e+02   0.0000000e+00   1.3816833e-04
   6.6300000e+02   0.0000000e+00   1.3754049e-04
   6.6400000e+02   0.0000000e+00   1.3691549e-04
   6.6500000e+02   0.0000000e+00   1.3629334e-04
   6.6600000e+02   0.0000000e+00   1.3567402e-04
   6.6700000e+02   0.0000000e+00   1.3505751e-04
   6.6800000e+02   1.0000000e+00   1.3444380e-04
   6.6900000e+02   0.0000000e+00   1.3383288e-04
   6.7000000e+02   0.0000000e+00   1.3322474e-04
   6.7100000e+02   0.0000000e+00   1.3261936e-04
   6.7200000e+02   0.0000000e+00   1.3201673e-04
   6.7300000e+02   0.0000000e+00   1.3141684e-04
   6.7400000e+02   0.0000000e+00   1.3081967e-04
   6.7500000e+02   0.0000000e+00   1.3022522e-04
   6.7600000e+02   0.0000000e+00   1.2963347e-04
   6.7700000e+02   0.0000000e+00   1.2904441e-04
   6.7800000e+02   0.0000000e+00   1.2845803e-04
   6.7900000e+02   0.0000000e+00   1.2787431e-04
   6.8000000e+02   0.0000000e+00   1.2729324e-04
   6.8100000e+02   0.0000000e+00   1.2671481e-04
   6.8200000e+02   0.0000000e+00   1.2613901e-04
   6.8300000e+02   0.0000000e+00   1.2556583e-04
   6.8400000e+02   0.0000000e+00   1.2499525e-04
   6.8500000e+02   0.0000000e+00   1.2442727e-04
   6.8600000e+02   0.0000000e+00   1.2386186e-04
   6.8700000e+02   0.0000000e+00   1.2329903e-04
   6.8800000e+02   0.0000000e+00   1.2273875e-04
   6.8900000e+02   0.0000000e+00   1.2218102e-04
   6.9000000e+02   0.0000000e+00   1.2162582e-04
   6.9100000e+02   0.0000000e+00   1.2107315e-04
   6.9200000e+02   0.0000000e+00   1.2052299e-04
   6.9300000e+02   0.0000000e+00   1.1997532e-04
   6.9400000e+02   0.0000000e+00   1.1943015e-04
   6.9500000e+02   0.0000000e+00   1.1888745e-04
   6.9600000e+02   0.0000000e+00   1.1834722e-04
   6.9700000e+02   0.0000000e+00   1.1780945e-04
   6.9800000e+02   0.0000000e+00   1.1727411e-04
   6.9900000e+02   0.0000000e+00   1.1674121e-04
   7.0000000e+02   0.0000000e+00   1.1621074e-04
   7.0100000e+02   0.0000000e+00   1.1568267e-04
   7.0200000e+02   0.0000000e+00   1.1515700e-04
   7.0300000e+02   0.0000000e+00   1.1463372e-04
   7.0400000e+02   0.0000000e+00   1.1411282e-04
   7.0500000e+02   1.0000000e+00   1.1359428e-04
   7.0600000e+02   0.0000000e+00   1.1307811e-04
   7.0700000e+02   0.0000000e+00   1.1256427e-04
   7.0800000e+02   0.0000000e+00   1.1205277e-04
   7.0900000e+02   0.0000000e+00   1.1154360e-04
   7.1000000e+02   0.0000000e+00   1.1103674e-04
   7.1100000e+02   0.0000000e+00   1.1053218e-04
   7.1200000e+02   0.0000000e+00   1.1002992e-04
   7.1300000e+02   0.0000000e+00   1.0952994e-04
   7.1400000e+02   0.0000000e+00   1.0903223e-04
   7.1500000e+02   0.0000000e+00   1.0853678e-04
   7.1600000e+02   0.0000000e+00   1.0804358e-04
   7.1700000e+02   0.0000000e+00   1.0755263e-04
   7.1800000e+02   0.0000000e+00   1.0706390e-04
   7.1900000e+02   0.0000000e+00   1.0657740e-04
   7.2000000e+02   0.0000000e+00   1.0609311e-04
   7.2100000e+02   0.0000000e+00   1.0561101e-04
   7.2200000e+02   0.0000000e+00   1.0513111e-04
   7.2300000e+02   0.0000000e+00   1.0465339e-04
   7.2400000e+02   0.0000000e+00   1.0417784e-04
   7.2500000e+02   0.0000000e+00   1.0370445e-04
   7.2600000e+02   0.0000000e+00   1.0323321e-04
   7.2700000e+02   0.0000000e+00   1.0276411e-04
   7.2800000e+02   0.0000000e+00   1.0229715e-04
   7.2900000e+02   0.0000000e+00   1.0183231e-04
   7.3000000e+02   0.0000000e+00   1.0136957e-04
   7.3100000e+02   1.0000000e+00   1.0090895e-04
   7.3200000e+02   0.0000000e+00   1.0045041e-04
   7.3300000e+02   0.0000000e+00   9.9993958e-05
   7.3400000e+02   0.0000000e+00   9.9539581e-05
   7.3500000e+02   0.0000000e+00   9.9087268e-05
   7.3600000e+02   0.0000000e+00   9.8637010e-05
   7.3700000e+02   0.0000000e+00   9.8188798e-05
   7.3800000e+02   0.0000000e+00   9.7742623e-05
   7.3900000e+02   1.0000000e+00   9.7298476e-05
   7.4000000e+02   0.0000000e+00   9.6856346e-05
   7.4100000e+02   0.0000000e+00   9.6416226e-05
   7.4200000e+02   0.0000000e+00   9.5978105e-05
   7.4300000e+02   0.0000000e+00   9.5541976e-05
   7.4400000e+02   0.0000000e+00   9.5107828e-05
   7.4500000e+02   0.0000000e+00   9.4675653e-05
   7.4600000e+02   0.0000000e+00   9.4245442e-05
   7.4700000e+02   0.0000000e+00   9.3817186e-05
   7.4800000e+02   0.0000000e+00   9.3390876e-05
   7.4900000e+02   0.0000000e+00   9.2966503e-05
   7.5000000e+02   0.0000000e+00   9.2544058e-05
   7.5100000e+02   0.0000000e+00   9.2123533e-05
   7.5200000e+02   0.0000000e+00   9.1704919e-05
   7.5300000e+02   0.0000000e+00   9.1288207e-05
   7.5400000e+02   0.0000000e+00   9.0873389e-05
   7.5500000e+02   0.0000000e+00   9.0460455e-05
   7.5600000e+02   0.0000000e+00   9.0049398e-05
   7.5700000e+02   0.0000000e+00   8.9640209e-05
   7.5800000e+02   0.0000000e+00   8.9232879e-05
   7.5900000e+02   0.0000000e+00   8.8827400e-05
   7.6000000e+02   1.0000000e+00   8.8423764e-05
   7.6100000e+02   0.0000000e+00   8.8021962e-05
   7.6200000e+02   0.0000000e+00   8.7621985e-05
   7.6300000e+02   0.0000000e+00   8.7223826e-05
   7.6400000e+02   0.0000000e+00   8.6827477e-05
   7.6500000e+02   0.0000000e+00   8.6432928e-05
   7.6600000e+02   0.0000000e+00   8.6040173e-05
   7.6700000e+02   1.0000000e+00   8.5649201e-05
   7.6800000e+02   1.0000000e+00   8.5260007e-05
   7.6900000e+02   0.0000000e+00   8.4872581e-05
   7.7000000e+02   0.0000000e+00   8.4486916e-05
   7.7100000e+02   1.0000000e+00   8.4103003e-05
   7.7200000e+02   0.0000000e+00   8.3720834e-05
   7.7300000e+02   1.0000000e+00   8.3340402e-05
   7.7400000e+02   0.0000000e+00   8.2961699e-05
   7.7500000e+02   0.0000000e+00   8.2584717e-05
   7.7600000e+02   0.0000000e+00   8.2209448e-05
   7.7700000e+02   0.0000000e+00   8.1835884e-05
   7.7800000e+02   0.0000000e+00   8.1464017e-05
   7.7900000e+02   0.0000000e+00   8.1093840e-05
   7.8000000e+02   0.0000000e+00   8.0725346e-05
   7.8100000e+02   0.0000000e+00   8.0358526e-05
   7.8200000e+02   0.0000000e+00   7.9993372e-05
   7.8300000e+02   0.0000000e+00   7.9629878e-05
   7.8400000e+02   0.0000000e+00   7.9268036e-05
   7.8500000e+02   0.0000000e+00   7.8907838e-05
   7.8600000e+02   0.0000000e+00   7.8549276e-05
   7.8700000e+02   0.0000000e+00   7.8192344e-05
   7.8800000e+02   0.0000000e+00   7.7837034e-05
   7.8900000e+02   0.0000000e+00   7.7483339e-05
   7.9000000e+02   0.0000000e+00   7.7131250e-05
   7.9100000e+02   0.0000000e+00   7.6780762e-05
   7.9200000e+02   0.0000000e+00   7.6431866e-05
   7.9300000e+02   0.0000000e+00   7.6084556e-05
   7.9400000e+02   0.0000000e+00   7.5738824e-05
   7.9500000e+02   0.0000000e+00   7.5394662e-05
   7.9600000e+02   0.0000000e+00   7.5052065e-05
   7.9700000e+02   0.0000000e+00   7.4711025e-05
   7.9800000e+02   0.0000000e+00   7.4371534e-05
   7.9900000e+02   0.0000000e+00   7.4033586e-05
   8.0000000e+02   0.0000000e+00   7.3697173e-05
   8.0100000e+02   0.0000000e+00   7.3362289e-05
   8.0200000e+02   0.0000000e+00   7.3028927e-05
   8.0300000e+02   0.0000000e+00   7.2697080e-05
   8.0400000e+02   0.0000000e+00   7.2366741e-05
   8.0500000e+02   0.0000000e+00   7.2037902e-05
   8.0600000e+02   0.0000000e+00   7.1710558e-05
   8.0700000e+02   0.0000000e+00   7.1384702e-05
   8.0800000e+02   0.0000000e+00   7.1060326e-05
   8.0900000e+02   0.0000000e+00   7.0737424e-05
   8.1000000e+02   0.0000000e+00   7.0415990e-05
   8.1100000e+02   0.0000000e+00   7.0096016e-05
   8.1200000e+02   0.0000000e+00   6.9777496e-05
   8.1300000e+02   0.0000000e+00   6.9460423e-05
   8.1400000e+02   0.0000000e+00   6.9144791e-05
   8.1500000e+02   0.0000000e+00   6.8830594e-05
   8.1600000e+02   0.0000000e+00   6.8517824e-05
   8.1700000e+02   0.0000000e+00   6.8206476e-05
   8.1800000e+02   0.0000000e+00   6.7896542e-05
   8.1900000e+02   0.0000000e+00   6.7588016e-05
   8.2000000e+02   0.0000000e+00   6.7280893e-05
   8.2100000e+02   0.0000000e+00   6.6975165e-05
   8.2200000e+02   0.0000000e+00   6.6670826e-05
   8.2300000e+02   0.0000000e+00   6.6367871e-05
   8.2400000e+02   0.0000000e+00   6.6066292e-05
   8.2500000e+02   0.0000000e+00   6.5766083e-05
   8.2600000e+02   0.0000000e+00   6.5467238e-05
   8.2700000e+02   0.0000000e+00   6.5169752e-05
   8.2800000e+02   0.0000000e+00   6.4873617e-05
   8.2900000e+02   0.0000000e+00   6.4578828e-05
   8.3000000e+02   0.0000000e+00   6.4285378e-05
   8.3100000e+02   0.0000000e+00   6.3993262e-05
   8.3200000e+02   0.0000000e+00   6.3702473e-05
   8.3300000e+02   0.0000000e+00   6.3413006e-05
   8.3400000e+02   0.0000000e+00   6.3124854e-05
   8.3500000e+02   0.0000000e+00   6.2838011e-05
   8.3600000e+02   1.0000000e+00   6.2552472e-05
   8.3700000e+02   0.0000000e+00   6.2268231e-05
   8.3800000e+02   0.0000000e+00   6.1985280e-05
   8.3900000e+02   0.0000000e+00   6.1703616e-05
   8.4000000e+02   0.0000000e+00   6.1423232e-05
   8.4100000e+02   0.0000000e+00   6.1144121e-05
   8.4200000e+02   0.0000000e+00   6.0866279e-05
   8.4300000e+02   0.0000000e+00   6.0589700e-05
   8.4400000e+02   0.0000000e+00   6.0314377e-05
   8.4500000e+02   0.0000000e+00   6.0040305e-05
   8.4600000e+02   0.0000000e+00   5.9767479e-05
   8.4700000e+02   0.0000000e+00   5.9495892e-05
   8.4800000e+02   0.0000000e+00   5.9225540e-05
   8.4900000e+02   0.0000000e+00   5.8956416e-05
   8.5000000e+02   0.0000000e+00   5.8688515e-05
   8.5100000e+02   0.0000000e+00   5.8421831e-05
   8.5200000e+02   0.0000000e+00   5.8156359e-05
   8.5300000e+02   0.0000000e+00   5.7892094e-05
   8.5400000e+02   0.0000000e+00   5.7629029e-05
   8.5500000e+02   0.0000000e+00   5.7367160e-05
   8.5600000e+02   0.0000000e+00   5.7106480e-05
   8.5700000e+02   0.0000000e+00   5.6846986e-05
   8.5800000e+02   0.0000000e+00   5.6588670e-05
   8.5900000e+02   0.0000000e+00   5.6331528e-05
   8.6000000e+02   1.0000000e+00   5.6075555e-05
   8.6100000e+02   0.0000000e+00   5.5820744e-05
   8.6200000e+02   0.0000000e+00   5.5567092e-05
   8.6300000e+02   0.0000000e+00   5.5314592e-05
   8.6400000e+02   0.0000000e+00   5.5063240e-05
   8.6500000e+02   0.0000000e+00   5.4813030e-05
   8.6600000e+02   0.0000000e+00   5.4563956e-05
   8.6700000e+02   0.0000000e+00   5.4316015e-05
   8.6800000e+02   0.0000000e+00   5.4069200e-05
   8.6900000e+02   0.0000000e+00   5.3823507e-05
   8.7000000e+02   0.0000000e+00   5.3578930e-05
   8.7100000e+02   0.0000000e+00   5.3335465e-05
   8.7200000e+02   0.0000000e+00   5.3093105e-05
   8.7300000e+02   0.0000000e+00   5.2851848e-05
   8.7400000e+02   0.0000000e+00   5.2611686e-05
   8.7500000e+02   0.0000000e+00   5.2372616e-05
   8.7600000e+02   0.0000000e+00   5.2134632e-05
   8.7700000e+02   0.0000000e+00   5.1897729e-05
   8.7800000e+02   0.0000000e+00   5.1661903e-05
   8.7900000e+02   0.0000000e+00   5.1427149e-05
   8.8000000e+02   0.0000000e+00   5.1193461e-05
   8.8100000e+02   0.0000000e+00   5.0960836e-05
   8.8200000e+02   0.0000000e+00   5.0729267e-05
   8.8300000e+02   0.0000000e+00   5.0498750e-05
   8.8400000e+02   0.0000000e+00   5.0269281e-05
   8.8500000e+02   0.0000000e+00   5.0040855e-05
   8.8600000e+02   0.0000000e+00   4.9813467e-05
   8.8700000e+02   0.0000000e+00   4.9587112e-05
   8.8800000e+02   0.0000000e+00   4.9361786e-05
   8.8900000e+02   0.0000000e+00   4.9137483e-05
   8.9000000e+02   0.0000000e+00   4.8914200e-05
   8.9100000e+02   0.0000000e+00   4.8691931e-05
   8.9200000e+02   0.0000000e+00   4.8470672e-05
   8.9300000e+02   0.0000000e+00   4.8250419e-05
   8.9400000e+02   0.0000000e+00   4.8031167e-05
   8.9500000e+02   0.0000000e+00   4.7812911e-05
   8.9600000e+02   0.0000000e+00   4.7595646e-05
   8.9700000e+02   0.0000000e+00   4.7379369e-05
   8.9800000e+02   0.0000000e+00   4.7164075e-05
   8.9900000e+02   0.0000000e+00   4.6949759e-05
   9.0000000e+02   0.0000000e+00   4.6736417e-05
   9.0100000e+02   0.0000000e+00   4.6524044e-05
   9.0200000e+02   0.0000000e+00   4.6312636e-05
   9.0300000e+02   0.0000000e+00   4.6102189e-05
   9.0400000e+02   0.0000000e+00   4.5892698e-05
   9.0500000e+02   0.0000000e+00   4.5684160e-05
   9.0600000e+02   0.0000000e+00   4.5476568e-05
   9.0700000e+02   0.0000000e+00   4.5269920e-05
   9.0800000e+02   0.0000000e+00   4.5064212e-05
   9.0900000e+02   0.0000000e+00   4.4859437e-05
   9.1000000e+02   0.0000000e+00   4.4655594e-05
   9.1100000e+02   0.0000000e+00   4.4452676e-05
   9.1200000e+02   0.0000000e+00   4.4250681e-05
   9.1300000e+02   0.0000000e+00   4.4049604e-05
   9.1400000e+02   0.0000000e+00   4.3849440e-05
   9.1500000e+02   0.0000000e+00   4.3650186e-05
   9.1600000e+02   0.0000000e+00   4.3451837e-05
   9.1700000e+02   0.0000000e+00   4.3254390e-05
   9.1800000e+02   0.0000000e+00   4.3057840e-05
   9.1900000e+02   0.0000000e+00   4.2862182e-05
   9.2000000e+02   0.0000000e+00   4.2667414e-05
   9.2100000e+02   0.0000000e+00   4.2473532e-05
   9.2200000e+02   0.0000000e+00   4.2280530e-05
   9.2300000e+02   0.0000000e+00   4.2088405e-05
   9.2400000e+02   0.0000000e+00   4.1897153e-05
   9.2500000e+02   0.0000000e+00   4.1706770e-05
   9.2600000e+02   0.0000000e+00   4.1517252e-05
   9.2700000e+02   0.0000000e+00   4.1328596e-05
   9.2800000e+02   0.0000000e+00   4.1140796e-05
   9.2900000e+02   0.0000000e+00   4.0953850e-05
   9.3000000e+02   0.0000000e+00   4.0767754e-05
   9.3100000e+02   0.0000000e+00   4.0582503e-05
   9.3200000e+02   0.0000000e+00   4.0398094e-05
   9.3300000e+02   1.0000000e+00   4.0214523e-05
   9.3400000e+02   0.0000000e+00   4.0031786e-05
   9.3500000e+02   0.0000000e+00   3.9849880e-05
   9.3600000e+02   0.0000000e+00   3.9668800e-05
   9.3700000e+02   0.0000000e+00   3.9488543e-05
   9.3800000e+02   0.0000000e+00   3.9309105e-05
   9.3900000e+02   0.0000000e+00   3.9130482e-05
   9.4000000e+02   0.0000000e+00   3.8952671e-05
   9.4100000e+02   0.0000000e+00   3.8775668e-05
   9.4200000e+02   0.0000000e+00   3.8599469e-05
   9.4300000e+02   0.0000000e+00   3.8424071e-05
   9.4400000e+02   0.0000000e+00   3.8249470e-05
   9.4500000e+02   0.0000000e+00   3.8075663e-05
   9.4600000e+02   0.0000000e+00   3.7902645e-05
   9.4700000e+02   0.0000000e+00   3.7730413e-05
   9.4800000e+02   1.0000000e+00   3.7558964e-05
   9.4900000e+02   0.0000000e+00   3.7388295e-05
   9.5000000e+02   0.0000000e+00   3.7218400e-05
   9.5100000e+02   0.0000000e+00   3.7049278e-05
   9.5200000e+02   0.0000000e+00   3.6880924e-05
   9.5300000e+02   0.0000000e+00   3.6713335e-05
   9.5400000e+02   0.0000000e+00   3.6546508e-05
   9.5500000e+02   0.0000000e+00   3.6380439e-05
   9.5600000e+02   0.0000000e+00   3.6215124e-05
   9.5700000e+02   0.0000000e+00   3.6050561e-05
   9.5800000e+02   0.0000000e+00   3.5886745e-05
   9.5900000e+02   0.0000000e+00   3.5723674e-05
   9.6000000e+02   0.0000000e+00   3.5561343e-05
   9.6100000e+02   0.0000000e+00   3.5399751e-05
   9.6200000e+02   0.0000000e+00   3.5238892e-05
   9.6300000e+02   0.0000000e+00   3.5078765e-05
   9.6400000e+02   0.0000000e+00   3.4919365e-05
   9.6500000e+02   0.0000000e+00   3.4760690e-05
   9.6600000e+02   0.0000000e+00   3.4602736e-05
   9.6700000e+02   0.0000000e+00   3.4445499e-05
   9.6800000e+02   0.0000000e+00   3.4288977e-05
   9.6900000e+02   0.0000000e+00   3.4133166e-05
   9.7000000e+02   0.0000000e+00   3.3978063e-05
   9.7100000e+02   0.0000000e+00   3.3823665e-05
   9.7200000e+02   0.0000000e+00   3.3669968e-05
   9.7300000e+02   0.0000000e+00   3.3516970e-05
   9.7400000e+02   0.0000000e+00   3.3364667e-05
   9.7500000e+02   0.0000000e+00   3.3213057e-05
   9.7600000e+02   0.0000000e+00   3.3062135e-05
   9.7700000e+02   0.0000000e+00   3.2911899e-05
   9.7800000e+02   0.0000000e+00   3.2762345e-05
   9.7900000e+02   0.0000000e+00   3.2613472e-05
   9.8000000e+02   0.0000000e+00   3.2465274e-05
   9.8100000e+02   0.0000000e+00   3.2317750e-05
   9.8200000e+02   0.0000000e+00   3.2170897e-05
   9.8300000e+02   0.0000000e+00   3.2024711e-05
   9.8400000e+02   0.0000000e+00   3.1879189e-05
   9.8500000e+02   0.0000000e+00   3.1734328e-05
   9.8600000e+02   0.0000000e+00   3.1590125e-05
   9.8700000e+02   0.0000000e+00   3.1446578e-05
   9.8800000e+02   0.0000000e+00   3.1303683e-05
   9.8900000e+02   0.0000000e+00   3.1161438e-05
   9.9000000e+02   0.0000000e+00   3.1019839e-05
   9.9100000e+02   0.0000000e+00   3.0878883e-05
   9.9200000e+02   0.0000000e+00   3.0738568e-05
   9.9300000e+02   0.0000000e+00   3.0598890e-05
   9.9400000e+02   0.0000000e+00   3.0459847e-05
   9.9500000e+02   0.0000000e+00   3.0321436e-05
   9.9600000e+02   0.0000000e+00   3.0183654e-05
   9.9700000e+02   0.0000000e+00   3.0046497e-05
   9.9800000e+02   0.0000000e+00   2.9909965e-05
   9.9900000e+02   0.0000000e+00   2.9774052e-05
   1.0000000e+03   0.0000000e+00   2.9638757e-05
   1.0010000e+03   0.0000000e+00   2.9504077e-05
   1.0020000e+03   0.0000000e+00   2.9370009e-05
   1.0030000e+03   0.0000000e+00   2.9236550e-05
   1.0040000e+03   0.0000000e+00   2.9103698e-05
   1.0050000e+03   0.0000000e+00   2.8971449e-05
   1.0060000e+03   0.0000000e+00   2.8839801e-05
   1.0070000e+03   0.0000000e+00   2.8708752e-05
   1.0080000e+03   0.0000000e+00   2.8578298e-05
   1.0090000e+03   0.0000000e+00   2.8448437e-05
   1.0100000e+03   0.0000000e+00   2.8319165e-05
   1.0110000e+03   0.0000000e+00   2.8190482e-05
   1.0120000e+03   0.0000000e+00   2.8062383e-05
   1.0130000e+03   0.0000000e+00   2.7934866e-05
   1.0140000e+03   0.0000000e+00   2.7807928e-05
   1.0150000e+03   0.0000000e+00   2.7681567e-05
   1.0160000e+03   0.0000000e+00   2.7555781e-05
   1.0170000e+03   0.0000000e+00   2.7430566e-05
   1.0180000e+03   0.0000000e+00   2.7305920e-05
   1.0190000e+03   0.0000000e+00   2.7181841e-05
   1.0200000e+03   0.0000000e+00   2.7058325e-05
   1.0210000e+03   0.0000000e+00   2.6935370e-05
   1.0220000e+03   0.0000000e+00   2.6812975e-05
   1.0230000e+03   0.0000000e+00   2.6691135e-05
   1.0240000e+03   0.0000000e+00   2.6569849e-05
   1.0250000e+03   0.0000000e+00   2.6449114e-05
   1.0260000e+03   0.0000000e+00   2.6328928e-05
   1.0270000e+03   0.0000000e+00   2.6209288e-05
   1.0280000e+03   0.0000000e+00   2.6090192e-05
   1.0290000e+03   0.0000000e+00   2.5971637e-05
   1.0300000e+03   0.0000000e+00   2.5853620e-05
   1.0310000e+03   0.0000000e+00   2.5736140e-05
   1.0320000e+03   0.0000000e+00   2.5619194e-05
   1.0330000e+03   0.0000000e+00   2.5502779e-05
   1.0340000e+03   0.0000000e+00   2.5386893e-05
   1.0350000e+03   0.0000000e+00   2.5271533e-05
   1.0360000e+03   0.0000000e+00   2.5156698e-05
   1.0370000e+03   0.0000000e+00   2.5042385e-05
   1.0380000e+03   0.0000000e+00   2.4928591e-05
   1.0390000e+03   0.0000000e+00   2.4815314e-05
   1.0400000e+03   0.0000000e+00   2.4702552e-05
   1.0410000e+03   0.0000000e+00   2.4590302e-05
   1.0420000e+03   0.0000000e+00   2.4478563e-05
   1.0430000e+03   0.0000000e+00   2.4367331e-05
   1.0440000e+03   0.0000000e+00   2.4256604e-05
   1.0450000e+03   0.0000000e+00   2.4146381e-05
   1.0460000e+03   0.0000000e+00   2.4036659e-05
   1.0470000e+03   0.0000000e+00   2.3927435e-05
   1.0480000e+03   0.0000000e+00   2.3818707e-05
   1.0490000e+03   0.0000000e+00   2.3710474e-05
   1.0500000e+03   0.0000000e+00   2.3602732e-05
   1.0510000e+03   0.0000000e+00   2.3495480e-05
   1.0520000e+03   0.0000000e+00   2.3388716e-05
   1.0530000e+03   0.0000000e+00   2.3282436e-05
   1.0540000e+03   0.0000000e+00   2.3176639e-05
   1.0550000e+03   0.0000000e+00   2.3071324e-05
   1.0560000e+03   0.0000000e+00   2.2966486e-05
   1.0570000e+03   0.0000000e+00   2.2862125e-05
   1.0580000e+03   0.0000000e+00   2.2758239e-05
   1.0590000e+03   0.0000000e+00   2.2654824e-05
   1.0600000e+03   0.0000000e+00   2.2551879e-05
   1.0610000e+03   0.0000000e+00   2.2449402e-05
   1.0620000e+03   0.0000000e+00   2.2347391e-05
   1.0630000e+03   0.0000000e+00   2.2245843e-05
   1.0640000e+03   0.0000000e+00   2.2144757e-05
   1.0650000e+03   0.0000000e+00   2.2044130e-05
   1.0660000e+03   0.0000000e+00   2.1943961e-05
   1.0670000e+03   0.0000000e+00   2.1844246e-05
   1.0680000e+03   0.0000000e+00   2.1744985e-05
   1.0690000e+03   0.0000000e+00   2.1646174e-05
   1.0700000e+03   0.0000000e+00   2.1547813e-05
   1.0710000e+03   0.0000000e+00   2.1449899e-05
   1.0720000e+03   0.0000000e+00   2.1352429e-05
   1.0730000e+03   0.0000000e+00   2.1255403e-05
   1.0740000e+03   0.0000000e+00   2.1158817e-05
   1.0750000e+03   0.0000000e+00   2.1062670e-05
   1.0760000e+03   0.0000000e+00   2.0966960e-05
   1.0770000e+03   0.0000000e+00   2.0871685e-05
   1.0780000e+03   0.0000000e+00   2.0776843e-05
   1.0790000e+03   0.0000000e+00   2.0682432e-05
   1.0800000e+03   0.0000000e+00   2.0588450e-05
   1.0810000e+03   0.0000000e+00   2.0494895e-05
   1.0820000e+03   0.0000000e+00   2.0401765e-05
   1.0830000e+03   0.0000000e+00   2.0309059e-05
   1.0840000e+03   0.0000000e+00   2.0216773e-05
   1.0850000e+03   0.0000000e+00   2.0124907e-05
   1.0860000e+03   0.0000000e+00   2.0033458e-05
   1.0870000e+03   0.0000000e+00   1.9942425e-05
   1.0880000e+03   0.0000000e+00   1.9851806e-05
   1.0890000e+03   0.0000000e+00   1.9761598e-05
   1.0900000e+03   0.0000000e+00   1.9671801e-05
   1.0910000e+03   0.0000000e+00   1.9582411e-05
   1.0920000e+03   0.0000000e+00   1.9493427e-05
   1.0930000e+03   0.0000000e+00   1.9404848e-05
   1.0940000e+03   0.0000000e+00   1.9316672e-05
   1.0950000e+03   0.0000000e+00   1.9228896e-05
   1.0960000e+03   0.0000000e+00   1.9141519e-05
   1.0970000e+03   0.0000000e+00   1.9054538e-05
   1.0980000e+03   0.0000000e+00   1.8967954e-05
   1.0990000e+03   0.0000000e+00   1.8881762e-05
   1.1000000e+03   0.0000000e+00   1.8795963e-05
   1.1010000e+03   0.0000000e+00   1.8710553e-05
   1.1020000e+03   0.0000000e+00   1.8625531e-05
   1.1030000e+03   0.0000000e+00   1.8540896e-05
   1.1040000e+03   0.0000000e+00   1.8456645e-05
   1.1050000e+03   0.0000000e+00   1.8372777e-05
   1.1060000e+03   0.0000000e+00   1.8289290e-05
   1.1070000e+03   0.0000000e+00   1.8206183e-05
   1.1080000e+03   0.0000000e+00   1.8123453e-05
   1.1090000e+03   0.0000000e+00   1.8041099e-05
   1.1100000e+03   0.0000000e+00   1.7959119e-05
   1.1110000e+03   0.0000000e+00   1.7877512e-05
   1.1120000e+03   0.0000000e+00   1.7796276e-05
   1.1130000e+03   0.0000000e+00   1.7715408e-05
   1.1140000e+03   0.0000000e+00   1.7634909e-05
   1.1150000e+03   0.0000000e+00   1.7554775e-05
   1.1160000e+03   0.0000000e+00   1.7475005e-05
   1.1170000e+03   0.0000000e+00   1.7395598e-05
   1.1180000e+03   0.0000000e+00   1.7316551e-05
   1.1190000e+03   0.0000000e+00   1.7237864e-05
   1.1200000e+03   0.0000000e+00   1.7159534e-05
   1.1210000e+03   0.0000000e+00   1.7081560e-05
   1.1220000e+03   0.0000000e+00   1.7003941e-05
   1.1230000e+03   0.0000000e+00   1.6926674e-05
   1.1240000e+03   0.0000000e+00   1.6849758e-05
   1.1250000e+03   0.0000000e+00   1.6773192e-05
   1.1260000e+03   0.0000000e+00   1.6696974e-05
   1.1270000e+03   0.0000000e+00   1.6621102e-05
   1.1280000e+03   0.0000000e+00   1.6545575e-05
   1.1290000e+03   0.0000000e+00   1.6470391e-05
   1.1300000e+03   0.0000000e+00   1.6395548e-05
   1.1310000e+03   0.0000000e+00   1.6321046e-05
   1.1320000e+03   0.0000000e+00   1.6246882e-05
   1.1330000e+03   0.0000000e+00   1.6173056e-05
   1.1340000e+03   0.0000000e+00   1.6099565e-05
   1.1350000e+03   0.0000000e+00   1.6026407e-05
   1.1360000e+03   0.0000000e+00   1.5953582e-05
   1.1370000e+03   0.0000000e+00   1.5881089e-05
   1.1380000e+03   0.0000000e+00   1.5808924e-05
   1.1390000e+03   1.0000000e+00   1.5737087e-05
