   1.0000000e+00   2.2000000e+01   1.7163150e-02
   2.0000000e+00   1.3000000e+01   1.6836805e-02
   3.0000000e+00   2.9000000e+01   1.6516771e-02
   4.0000000e+00   1.8000000e+01   1.6202923e-02
   5.0000000e+00   2.3000000e+01   1.5895143e-02
   6.0000000e+00   8.0000000e+00   1.5593312e-02
   7.0000000e+00   1.7000000e+01   1.5297315e-02
   8.0000000e+00   1.9000000e+01   1.5007040e-02
   9.0000000e+00   1.0000000e+01   1.4722375e-02
   1.0000000e+01   1.8000000e+01   1.4443212e-02
   1.1000000e+01   2.1000000e+01   1.4169443e-02
   1.2000000e+01   1.7000000e+01   1.3900965e-02
   1.3000000e+01   1.5000000e+01   1.3637675e-02
   1.4000000e+01   1.5000000e+01   1.3379472e-02
   1.5000000e+01   1.4000000e+01   1.3126258e-02
   1.6000000e+01   4.0000000e+00   1.2877936e-02
   1.7000000e+01   1.2000000e+01   1.2634411e-02
   1.8000000e+01   2.0000000e+01   1.2395590e-02
   1.9000000e+01   1.5000000e+01   1.2161383e-02
   2.0000000e+01   1.7000000e+01   1.1931699e-02
   2.1000000e+01   9.0000000e+00   1.1706451e-02
   2.2000000e+01   1.5000000e+01   1.1485553e-02
   2.3000000e+01   6.0000000e+00   1.1268921e-02
   2.4000000e+01   1.1000000e+01   1.1056472e-02
   2.5000000e+01   8.0000000e+00   1.0848125e-02
   2.6000000e+01   1.2000000e+01   1.0643801e-02
   2.7000000e+01   9.0000000e+00   1.0443421e-02
   2.8000000e+01   1.0000000e+01   1.0246909e-02
   2.9000000e+01   1.5000000e+01   1.0054191e-02
   3.0000000e+01   1.2000000e+01   9.8651917e-03
   3.1000000e+01   9.0000000e+00   9.6798404e-03
   3.2000000e+01   7.0000000e+00   9.4980660e-03
   3.3000000e+01   8.0000000e+00   9.3197993e-03
   3.4000000e+01   1.1000000e+01   9.1449721e-03
   3.5000000e+01   1.3000000e+01   8.9735180e-03
   3.6000000e+01   1.0000000e+01   8.8053715e-03
   3.7000000e+01   1.3000000e+01   8.6404685e-03
   3.8000000e+01   1.0000000e+01   8.4787463e-03
   3.9000000e+01   1.4000000e+01   8.3201431e-03
   4.0000000e+01   1.0000000e+01   8.1645985e-03
   4.1000000e+01   1.1000000e+01   8.0120534e-03
   4.2000000e+01   6.0000000e+00   7.8624494e-03
   4.3000000e+01   1.4000000e+01   7.7157298e-03
   4.4000000e+01   5.0000000e+00   7.5718385e-03
   4.5000000e+01   1.3000000e+01   7.4307209e-03
   4.6000000e+01   2.0000000e+00   7.2923231e-03
   4.7000000e+01   7.0000000e+00   7.1565924e-03
   4.8000000e+01   1.3000000e+01   7.0234773e-03
   4.9000000e+01   1.5000000e+01   6.8929270e-03
   5.0000000e+01   4.0000000e+00   6.7648918e-03
   5.1000000e+01   1.0000000e+01   6.6393231e-03
   5.2000000e+01   9.0000000e+00   6.5161730e-03
   5.3000000e+01   4.0000000e+00   6.3953946e-03
   5.4000000e+01   9.0000000e+00   6.2769421e-03
   5.5000000e+01   1.4000000e+01   6.1607704e-03
   5.6000000e+01   4.0000000e+00   6.0468353e-03
   5.7000000e+01   1.1000000e+01   5.9350935e-03
   5.8000000e+01   4.0000000e+00   5.8255025e-03
   5.9000000e+01   6.0000000e+00   5.7180206e-03
   6.0000000e+01   4.0000000e+00   5.6126070e-03
   6.1000000e+01   1.0000000e+01   5.5092216e-03
   6.2000000e+01   1.0000000e+00   5.4078251e-03
   6.3000000e+01   1.0000000e+00   5.3083791e-03
   6.4000000e+01   1.1000000e+01   5.2108458e-03
   6.5000000e+01   7.0000000e+00   5.1151880e-03
   6.6000000e+01   4.0000000e+00   5.0213695e-03
   6.7000000e+01   8.0000000e+00   4.9293546e-03
   6.8000000e+01   6.0000000e+00   4.8391085e-03
   6.9000000e+01   5.0000000e+00   4.7505969e-03
   7.0000000e+01   8.0000000e+00   4.6637861e-03
   7.1000000e+01   5.0000000e+00   4.5786433e-03
   7.2000000e+01   5.0000000e+00   4.4951361e-03
   7.3000000e+01   5.0000000e+00   4.4132330e-03
   7.4000000e+01   6.0000000e+00   4.3329027e-03
   7.5000000e+01   0.0000000e+00   4.2541149e-03
   7.6000000e+01   7.0000000e+00   4.1768397e-03
   7.7000000e+01   6.0000000e+00   4.1010478e-03
   7.8000000e+01   5.0000000e+00   4.0267105e-03
   7.9000000e+01   4.0000000e+00   3.9537996e-03
   8.0000000e+01   6.0000000e+00   3.8822875e-03
   8.1000000e+01   7.0000000e+00   3.8121472e-03
   8.2000000e+01   9.0000000e+00   3.7433520e-03
   8.3000000e+01   5.0000000e+00   3.6758760e-03
   8.4000000e+01   4.0000000e+00   3.6096936e-03
   8.5000000e+01   6.0000000e+00   3.5447797e-03
   8.6000000e+01   5.0000000e+00   3.4811098e-03
   8.7000000e+01   4.0000000e+00   3.4186598e-03
   8.8000000e+01   1.0000000e+00   3.3574062e-03
   8.9000000e+01   1.0000000e+00   3.2973257e-03
   9.0000000e+01   3.0000000e+00   3.2383956e-03
   9.1000000e+01   5.0000000e+00   3.1805937e-03
   9.2000000e+01   5.0000000e+00   3.1238982e-03
   9.3000000e+01   7.0000000e+00   3.0682876e-03
   9.4000000e+01   1.0000000e+00   3.0137409e-03
   9.5000000e+01   3.0000000e+00   2.9602376e-03
   9.6000000e+01   2.0000000e+00   2.9077574e-03
   9.7000000e+01   3.0000000e+00   2.8562806e-03
   9.8000000e+01   0.0000000e+00   2.8057878e-03
   9.9000000e+01   0.0000000e+00   2.7562598e-03
   1.0000000e+02   3.0000000e+00   2.7076781e-03
   1.0100000e+02   2.0000000e+00   2.6600243e-03
   1.0200000e+02   4.0000000e+00   2.6132805e-03
   1.0300000e+02   2.0000000e+00   2.5674291e-03
   1.0400000e+02   4.0000000e+00   2.5224528e-03
   1.0500000e+02   4.0000000e+00   2.4783346e-03
   1.0600000e+02   4.0000000e+00   2.4350581e-03
   1.0700000e+02   4.0000000e+00   2.3926068e-03
   1.0800000e+02   1.0000000e+00   2.3509649e-03
   1.0900000e+02   1.0000000e+00   2.3101166e-03
   1.1000000e+02   2.0000000e+00   2.2700467e-03
   1.1100000e+02   2.0000000e+00   2.2307401e-03
   1.1200000e+02   4.0000000e+00   2.1921820e-03
   1.1300000e+02   2.0000000e+00   2.1543579e-03
   1.1400000e+02   2.0000000e+00   2.1172537e-03
   1.1500000e+02   1.0000000e+00   2.0808554e-03
   1.1600000e+02   1.0000000e+00   2.0451494e-03
   1.1700000e+02   2.0000000e+00   2.0101222e-03
   1.1800000e+02   1.0000000e+00   1.9757609e-03
   1.1900000e+02   0.0000000e+00   1.9420525e-03
   1.2000000e+02   2.0000000e+00   1.9089843e-03
   1.2100000e+02   2.0000000e+00   1.8765440e-03
   1.2200000e+02   2.0000000e+00   1.8447195e-03
   1.2300000e+02   2.0000000e+00   1.8134989e-03
   1.2400000e+02   1.0000000e+00   1.7828704e-03
   1.2500000e+02   0.0000000e+00   1.7528227e-03
   1.2600000e+02   0.0000000e+00   1.7233446e-03
   1.2700000e+02   3.0000000e+00   1.6944249e-03
   1.2800000e+02   4.0000000e+00   1.6660530e-03
   1.2900000e+02   3.0000000e+00   1.6382182e-03
   1.3000000e+02   1.0000000e+00   1.6109102e-03
   1.3100000e+02   0.0000000e+00   1.5841187e-03
   1.3200000e+02   2.0000000e+00   1.5578339e-03
   1.3300000e+02   1.0000000e+00   1.5320459e-03
   1.3400000e+02   4.0000000e+00   1.5067451e-03
   1.3500000e+02   0.0000000e+00   1.4819221e-03
   1.3600000e+02   4.0000000e+00   1.4575677e-03
   1.3700000e+02   1.0000000e+00   1.4336729e-03
   1.3800000e+02   2.0000000e+00   1.4102287e-03
   1.3900000e+02   0.0000000e+00   1.3872265e-03
   1.4000000e+02   2.0000000e+00   1.3646577e-03
   1.4100000e+02   1.0000000e+00   1.3425139e-03
   1.4200000e+02   2.0000000e+00   1.3207870e-03
   1.4300000e+02   1.0000000e+00   1.2994689e-03
   1.4400000e+02   1.0000000e+00   1.2785518e-03
   1.4500000e+02   2.0000000e+00   1.2580278e-03
   1.4600000e+02   2.0000000e+00   1.2378894e-03
   1.4700000e+02   2.0000000e+00   1.2181291e-03
   1.4800000e+02   3.0000000e+00   1.1987397e-03
   1.4900000e+02   0.0000000e+00   1.1797140e-03
   1.5000000e+02   2.0000000e+00   1.1610450e-03
   1.5100000e+02   1.0000000e+00   1.1427258e-03
   1.5200000e+02   3.0000000e+00   1.1247496e-03
   1.5300000e+02   1.0000000e+00   1.1071099e-03
   1.5400000e+02   0.0000000e+00   1.0898001e-03
   1.5500000e+02   1.0000000e+00   1.0728139e-03
   1.5600000e+02   2.0000000e+00   1.0561450e-03
   1.5700000e+02   1.0000000e+00   1.0397873e-03
   1.5800000e+02   1.0000000e+00   1.0237349e-03
   1.5900000e+02   2.0000000e+00   1.0079818e-03
   1.6000000e+02   0.0000000e+00   9.9252232e-04
   1.6100000e+02   0.0000000e+00   9.7735072e-04
   1.6200000e+02   1.0000000e+00   9.6246149e-04
   1.6300000e+02   0.0000000e+00   9.4784917e-04
   1.6400000e+02   2.0000000e+00   9.3350845e-04
   1.6500000e+02   0.0000000e+00   9.1943407e-04
   1.6600000e+02   1.0000000e+00   9.0562093e-04
   1.6700000e+02   0.0000000e+00   8.9206397e-04
   1.6800000e+02   1.0000000e+00   8.7875827e-04
   1.6900000e+02   1.0000000e+00   8.6569899e-04
   1.7000000e+02   3.0000000e+00   8.5288139e-04
   1.7100000e+02   0.0000000e+00   8.4030081e-04
   1.7200000e+02   3.0000000e+00   8.2795269e-04
   1.7300000e+02   1.0000000e+00   8.1583256e-04
   1.7400000e+02   3.0000000e+00   8.0393602e-04
   1.7500000e+02   0.0000000e+00   7.9225878e-04
   1.7600000e+02   0.0000000e+00   7.8079661e-04
   1.7700000e+02   1.0000000e+00   7.6954538e-04
   1.7800000e+02   1.0000000e+00   7.5850104e-04
   1.7900000e+02   0.0000000e+00   7.4765959e-04
   1.8000000e+02   1.0000000e+00   7.3701715e-04
   1.8100000e+02   1.0000000e+00   7.2656988e-04
   1.8200000e+02   0.0000000e+00   7.1631403e-04
   1.8300000e+02   0.0000000e+00   7.0624592e-04
   1.8400000e+02   1.0000000e+00   6.9636195e-04
   1.8500000e+02   0.0000000e+00   6.8665857e-04
   1.8600000e+02   3.0000000e+00   6.7713232e-04
   1.8700000e+02   2.0000000e+00   6.6777979e-04
   1.8800000e+02   1.0000000e+00   6.5859765e-04
   1.8900000e+02   1.0000000e+00   6.4958262e-04
   1.9000000e+02   2.0000000e+00   6.4073150e-04
   1.9100000e+02   0.0000000e+00   6.3204114e-04
   1.9200000e+02   1.0000000e+00   6.2350845e-04
   1.9300000e+02   0.0000000e+00   6.1513040e-04
   1.9400000e+02   0.0000000e+00   6.0690404e-04
   1.9500000e+02   0.0000000e+00   5.9882645e-04
   1.9600000e+02   0.0000000e+00   5.9089477e-04
   1.9700000e+02   1.0000000e+00   5.8310621e-04
   1.9800000e+02   0.0000000e+00   5.7545803e-04
   1.9900000e+02   0.0000000e+00   5.6794752e-04
   2.0000000e+02   0.0000000e+00   5.6057206e-04
   2.0100000e+02   1.0000000e+00   5.5332906e-04
   2.0200000e+02   1.0000000e+00   5.4621597e-04
   2.0300000e+02   0.0000000e+00   5.3923032e-04
   2.0400000e+02   1.0000000e+00   5.3236965e-04
   2.0500000e+02   0.0000000e+00   5.2563158e-04
   2.0600000e+02   3.0000000e+00   5.1901375e-04
   2.0700000e+02   0.0000000e+00   5.1251388e-04
   2.0800000e+02   1.0000000e+00   5.0612969e-04
   2.0900000e+02   0.0000000e+00   4.9985898e-04
   2.1000000e+02   2.0000000e+00   4.9369958e-04
   2.1100000e+02   0.0000000e+00   4.8764935e-04
   2.1200000e+02   0.0000000e+00   4.8170622e-04
   2.1300000e+02   0.0000000e+00   4.7586812e-04
   2.1400000e+02   0.0000000e+00   4.7013307e-04
   2.1500000e+02   1.0000000e+00   4.6449908e-04
   2.1600000e+02   0.0000000e+00   4.5896423e-04
   2.1700000e+02   0.0000000e+00   4.5352662e-04
   2.1800000e+02   0.0000000e+00   4.4818440e-04
   2.1900000e+02   0.0000000e+00   4.4293575e-04
   2.2000000e+02   0.0000000e+00   4.3777888e-04
   2.2100000e+02   0.0000000e+00   4.3271205e-04
   2.2200000e+02   0.0000000e+00   4.2773352e-04
   2.2300000e+02   1.0000000e+00   4.2284163e-04
   2.2400000e+02   0.0000000e+00   4.1803472e-04
   2.2500000e+02   1.0000000e+00   4.1331117e-04
   2.2600000e+02   1.0000000e+00   4.0866939e-04
   2.2700000e+02   0.0000000e+00   4.0410782e-04
   2.2800000e+02   1.0000000e+00   3.9962495e-04
   2.2900000e+02   0.0000000e+00   3.9521927e-04
   2.3000000e+02   1.0000000e+00   3.9088930e-04
   2.3100000e+02   0.0000000e+00   3.8663363e-04
   2.3200000e+02   0.0000000e+00   3.8245082e-04
   2.3300000e+02   1.0000000e+00   3.7833949e-04
   2.3400000e+02   1.0000000e+00   3.7429830e-04
   2.3500000e+02   0.0000000e+00   3.7032590e-04
   2.3600000e+02   0.0000000e+00   3.6642098e-04
   2.3700000e+02   0.0000000e+00   3.6258228e-04
   2.3800000e+02   1.0000000e+00   3.5880852e-04
   2.3900000e+02   0.0000000e+00   3.5509849e-04
   2.4000000e+02   0.0000000e+00   3.5145096e-04
   2.4100000e+02   0.0000000e+00   3.4786477e-04
   2.4200000e+02   0.0000000e+00   3.4433873e-04
   2.4300000e+02   2.0000000e+00   3.4087173e-04
   2.4400000e+02   0.0000000e+00   3.3746263e-04
   2.4500000e+02   0.0000000e+00   3.3411034e-04
   2.4600000e+02   0.0000000e+00   3.3081379e-04
   2.4700000e+02   0.0000000e+00   3.2757192e-04
   2.4800000e+02   2.0000000e+00   3.2438371e-04
   2.4900000e+02   0.0000000e+00   3.2124813e-04
   2.5000000e+02   1.0000000e+00   3.1816419e-04
   2.5100000e+02   1.0000000e+00   3.1513092e-04
   2.5200000e+02   1.0000000e+00   3.1214736e-04
   2.5300000e+02   1.0000000e+00   3.0921257e-04
   2.5400000e+02   0.0000000e+00   3.0632564e-04
   2.5500000e+02   0.0000000e+00   3.0348566e-04
   2.5600000e+02   0.0000000e+00   3.0069175e-04
   2.5700000e+02   0.0000000e+00   2.9794305e-04
   2.5800000e+02   0.0000000e+00   2.9523869e-04
   2.5900000e+02   1.0000000e+00   2.9257785e-04
   2.6000000e+02   0.0000000e+00   2.8995971e-04
   2.6100000e+02   0.0000000e+00   2.8738346e-04
   2.6200000e+02   1.0000000e+00   2.8484833e-04
   2.6300000e+02   2.0000000e+00   2.8235354e-04
   2.6400000e+02   0.0000000e+00   2.7989832e-04
   2.6500000e+02   0.0000000e+00   2.7748195e-04
   2.6600000e+02   2.0000000e+00   2.7510369e-04
   2.6700000e+02   0.0000000e+00   2.7276283e-04
   2.6800000e+02   0.0000000e+00   2.7045867e-04
   2.6900000e+02   0.0000000e+00   2.6819051e-04
   2.7000000e+02   0.0000000e+00   2.6595770e-04
   2.7100000e+02   0.0000000e+00   2.6375957e-04
   2.7200000e+02   0.0000000e+00   2.6159547e-04
   2.7300000e+02   0.0000000e+00   2.5946477e-04
   2.7400000e+02   0.0000000e+00   2.5736684e-04
   2.7500000e+02   0.0000000e+00   2.5530107e-04
   2.7600000e+02   1.0000000e+00   2.5326687e-04
   2.7700000e+02   0.0000000e+00   2.5126365e-04
   2.7800000e+02   2.0000000e+00   2.4929082e-04
   2.7900000e+02   1.0000000e+00   2.4734784e-04
   2.8000000e+02   0.0000000e+00   2.4543413e-04
   2.8100000e+02   0.0000000e+00   2.4354916e-04
   2.8200000e+02   0.0000000e+00   2.4169240e-04
   2.8300000e+02   0.0000000e+00   2.3986332e-04
   2.8400000e+02   1.0000000e+00   2.3806141e-04
   2.8500000e+02   0.0000000e+00   2.3628617e-04
   2.8600000e+02   0.0000000e+00   2.3453710e-04
   2.8700000e+02   0.0000000e+00   2.3281372e-04
   2.8800000e+02   0.0000000e+00   2.3111556e-04
   2.8900000e+02   1.0000000e+00   2.2944215e-04
   2.9000000e+02   0.0000000e+00   2.2779304e-04
   2.9100000e+02   0.0000000e+00   2.2616777e-04
   2.9200000e+02   0.0000000e+00   2.2456591e-04
   2.9300000e+02   0.0000000e+00   2.2298703e-04
   2.9400000e+02   0.0000000e+00   2.2143071e-04
   2.9500000e+02   0.0000000e+00   2.1989652e-04
   2.9600000e+02   0.0000000e+00   2.1838408e-04
   2.9700000e+02   1.0000000e+00   2.1689297e-04
   2.9800000e+02   0.0000000e+00   2.1542281e-04
   2.9900000e+02   0.0000000e+00   2.1397321e-04
   3.0000000e+02   0.0000000e+00   2.1254380e-04
   3.0100000e+02   0.0000000e+00   2.1113422e-04
   3.0200000e+02   1.0000000e+00   2.0974409e-04
   3.0300000e+02   1.0000000e+00   2.0837306e-04
   3.0400000e+02   1.0000000e+00   2.0702080e-04
   3.0500000e+02   0.0000000e+00   2.0568694e-04
   3.0600000e+02   0.0000000e+00   2.0437117e-04
   3.0700000e+02   0.0000000e+00   2.0307316e-04
   3.0800000e+02   1.0000000e+00   2.0179257e-04
   3.0900000e+02   0.0000000e+00   2.0052910e-04
   3.1000000e+02   0.0000000e+00   1.9928244e-04
   3.1100000e+02   0.0000000e+00   1.9805228e-04
   3.1200000e+02   0.0000000e+00   1.9683832e-04
   3.1300000e+02   1.0000000e+00   1.9564028e-04
   3.1400000e+02   0.0000000e+00   1.9445786e-04
   3.1500000e+02   0.0000000e+00   1.9329079e-04
   3.1600000e+02   1.0000000e+00   1.9213879e-04
   3.1700000e+02   0.0000000e+00   1.9100159e-04
   3.1800000e+02   1.0000000e+00   1.8987893e-04
   3.1900000e+02   0.0000000e+00   1.8877054e-04
   3.2000000e+02   0.0000000e+00   1.8767617e-04
   3.2100000e+02   1.0000000e+00   1.8659557e-04
   3.2200000e+02   0.0000000e+00   1.8552849e-04
   3.2300000e+02   0.0000000e+00   1.8447470e-04
   3.2400000e+02   0.0000000e+00   1.8343395e-04
   3.2500000e+02   0.0000000e+00   1.8240602e-04
   3.2600000e+02   0.0000000e+00   1.8139068e-04
   3.2700000e+02   0.0000000e+00   1.8038771e-04
   3.2800000e+02   0.0000000e+00   1.7939688e-04
   3.2900000e+02   0.0000000e+00   1.7841799e-04
   3.3000000e+02   0.0000000e+00   1.7745082e-04
   3.3100000e+02   0.0000000e+00   1.7649516e-04
   3.3200000e+02   0.0000000e+00   1.7555082e-04
   3.3300000e+02   1.0000000e+00   1.7461760e-04
   3.3400000e+02   0.0000000e+00   1.7369530e-04
   3.3500000e+02   0.0000000e+00   1.7278372e-04
   3.3600000e+02   0.0000000e+00   1.7188270e-04
   3.3700000e+02   0.0000000e+00   1.7099203e-04
   3.3800000e+02   1.0000000e+00   1.7011153e-04
   3.3900000e+02   1.0000000e+00   1.6924105e-04
   3.4000000e+02   0.0000000e+00   1.6838039e-04
   3.4100000e+02   0.0000000e+00   1.6752938e-04
   3.4200000e+02   2.0000000e+00   1.6668788e-04
   3.4300000e+02   0.0000000e+00   1.6585569e-04
   3.4400000e+02   0.0000000e+00   1.6503268e-04
   3.4500000e+02   0.0000000e+00   1.6421868e-04
   3.4600000e+02   0.0000000e+00   1.6341353e-04
   3.4700000e+02   0.0000000e+00   1.6261708e-04
   3.4800000e+02   2.0000000e+00   1.6182920e-04
   3.4900000e+02   0.0000000e+00   1.6104972e-04
   3.5000000e+02   0.0000000e+00   1.6027850e-04
   3.5100000e+02   0.0000000e+00   1.5951542e-04
   3.5200000e+02   0.0000000e+00   1.5876032e-04
   3.5300000e+02   0.0000000e+00   1.5801307e-04
   3.5400000e+02   0.0000000e+00   1.5727354e-04
   3.5500000e+02   0.0000000e+00   1.5654161e-04
   3.5600000e+02   0.0000000e+00   1.5581713e-04
   3.5700000e+02   0.0000000e+00   1.5510000e-04
   3.5800000e+02   0.0000000e+00   1.5439008e-04
   3.5900000e+02   0.0000000e+00   1.5368725e-04
   3.6000000e+02   0.0000000e+00   1.5299140e-04
   3.6100000e+02   0.0000000e+00   1.5230241e-04
   3.6200000e+02   0.0000000e+00   1.5162016e-04
   3.6300000e+02   1.0000000e+00   1.5094455e-04
   3.6400000e+02   0.0000000e+00   1.5027547e-04
   3.6500000e+02   0.0000000e+00   1.4961280e-04
   3.6600000e+02   0.0000000e+00   1.4895645e-04
   3.6700000e+02   0.0000000e+00   1.4830630e-04
   3.6800000e+02   0.0000000e+00   1.4766226e-04
   3.6900000e+02   0.0000000e+00   1.4702423e-04
   3.7000000e+02   0.0000000e+00   1.4639212e-04
   3.7100000e+02   0.0000000e+00   1.4576581e-04
   3.7200000e+02   0.0000000e+00   1.4514523e-04
   3.7300000e+02   0.0000000e+00   1.4453027e-04
   3.7400000e+02   0.0000000e+00   1.4392085e-04
   3.7500000e+02   1.0000000e+00   1.4331688e-04
   3.7600000e+02   0.0000000e+00   1.4271827e-04
   3.7700000e+02   0.0000000e+00   1.4212494e-04
   3.7800000e+02   1.0000000e+00   1.4153680e-04
   3.7900000e+02   0.0000000e+00   1.4095377e-04
   3.8000000e+02   0.0000000e+00   1.4037576e-04
   3.8100000e+02   1.0000000e+00   1.3980271e-04
   3.8200000e+02   0.0000000e+00   1.3923453e-04
   3.8300000e+02   0.0000000e+00   1.3867115e-04
   3.8400000e+02   0.0000000e+00   1.3811248e-04
   3.8500000e+02   0.0000000e+00   1.3755847e-04
   3.8600000e+02   0.0000000e+00   1.3700902e-04
   3.8700000e+02   0.0000000e+00   1.3646409e-04
   3.8800000e+02   0.0000000e+00   1.3592358e-04
   3.8900000e+02   0.0000000e+00   1.3538745e-04
   3.9000000e+02   0.0000000e+00   1.3485561e-04
   3.9100000e+02   0.0000000e+00   1.3432801e-04
   3.9200000e+02   1.0000000e+00   1.3380457e-04
   3.9300000e+02   0.0000000e+00   1.3328524e-04
   3.9400000e+02   0.0000000e+00   1.3276996e-04
   3.9500000e+02   1.0000000e+00   1.3225866e-04
   3.9600000e+02   0.0000000e+00   1.3175128e-04
   3.9700000e+02   0.0000000e+00   1.3124777e-04
   3.9800000e+02   0.0000000e+00   1.3074806e-04
   3.9900000e+02   0.0000000e+00   1.3025211e-04
   4.0000000e+02   0.0000000e+00   1.2975985e-04
   4.0100000e+02   0.0000000e+00   1.2927123e-04
   4.0200000e+02   0.0000000e+00   1.2878620e-04
   4.0300000e+02   1.0000000e+00   1.2830470e-04
   4.0400000e+02   1.0000000e+00   1.2782669e-04
   4.0500000e+02   0.0000000e+00   1.2735211e-04
   4.0600000e+02   0.0000000e+00   1.2688091e-04
   4.0700000e+02   0.0000000e+00   1.2641304e-04
   4.0800000e+02   0.0000000e+00   1.2594847e-04
   4.0900000e+02   0.0000000e+00   1.2548713e-04
   4.1000000e+02   1.0000000e+00   1.2502899e-04
   4.1100000e+02   0.0000000e+00   1.2457399e-04
   4.1200000e+02   0.0000000e+00   1.2412210e-04
   4.1300000e+02   1.0000000e+00   1.2367327e-04
   4.1400000e+02   0.0000000e+00   1.2322745e-04
   4.1500000e+02   0.0000000e+00   1.2278462e-04
   4.1600000e+02   0.0000000e+00   1.2234471e-04
   4.1700000e+02   0.0000000e+00   1.2190770e-04
   4.1800000e+02   0.0000000e+00   1.2147355e-04
   4.1900000e+02   0.0000000e+00   1.2104221e-04
   4.2000000e+02   0.0000000e+00   1.2061364e-04
   4.2100000e+02   0.0000000e+00   1.2018782e-04
   4.2200000e+02   0.0000000e+00   1.1976469e-04
   4.2300000e+02   0.0000000e+00   1.1934424e-04
   4.2400000e+02   0.0000000e+00   1.1892641e-04
   4.2500000e+02   1.0000000e+00   1.1851118e-04
   4.2600000e+02   0.0000000e+00   1.1809851e-04
   4.2700000e+02   0.0000000e+00   1.1768837e-04
   4.2800000e+02   0.0000000e+00   1.1728072e-04
   4.2900000e+02   0.0000000e+00   1.1687553e-04
   4.3000000e+02   0.0000000e+00   1.1647278e-04
   4.3100000e+02   1.0000000e+00   1.1607242e-04
   4.3200000e+02   0.0000000e+00   1.1567443e-04
   4.3300000e+02   0.0000000e+00   1.1527877e-04
   4.3400000e+02   0.0000000e+00   1.1488543e-04
   4.3500000e+02   0.0000000e+00   1.1449436e-04
   4.3600000e+02   0.0000000e+00   1.1410554e-04
   4.3700000e+02   0.0000000e+00   1.1371895e-04
   4.3800000e+02   1.0000000e+00   1.1333454e-04
   4.3900000e+02   0.0000000e+00   1.1295231e-04
   4.4000000e+02   0.0000000e+00   1.1257221e-04
   4.4100000e+02   0.0000000e+00   1.1219423e-04
   4.4200000e+02   0.0000000e+00   1.1181834e-04
   4.4300000e+02   0.0000000e+00   1.1144451e-04
   4.4400000e+02   0.0000000e+00   1.1107272e-04
   4.4500000e+02   0.0000000e+00   1.1070294e-04
   4.4600000e+02   0.0000000e+00   1.1033516e-04
   4.4700000e+02   0.0000000e+00   1.0996934e-04
   4.4800000e+02   0.0000000e+00   1.0960546e-04
   4.4900000e+02   0.0000000e+00   1.0924350e-04
   4.5000000e+02   0.0000000e+00   1.0888344e-04
   4.5100000e+02   0.0000000e+00   1.0852526e-04
   4.5200000e+02   0.0000000e+00   1.0816893e-04
   4.5300000e+02   0.0000000e+00   1.0781444e-04
   4.5400000e+02   1.0000000e+00   1.0746175e-04
   4.5500000e+02   0.0000000e+00   1.0711086e-04
   4.5600000e+02   0.0000000e+00   1.0676174e-04
   4.5700000e+02   0.0000000e+00   1.0641438e-04
   4.5800000e+02   0.0000000e+00   1.0606875e-04
   4.5900000e+02   0.0000000e+00   1.0572483e-04
   4.6000000e+02   0.0000000e+00   1.0538260e-04
   4.6100000e+02   0.0000000e+00   1.0504206e-04
   4.6200000e+02   0.0000000e+00   1.0470317e-04
   4.6300000e+02   0.0000000e+00   1.0436592e-04
   4.6400000e+02   0.0000000e+00   1.0403030e-04
   4.6500000e+02   0.0000000e+00   1.0369628e-04
   4.6600000e+02   0.0000000e+00   1.0336385e-04
   4.6700000e+02   0.0000000e+00   1.0303299e-04
   4.6800000e+02   0.0000000e+00   1.0270369e-04
   4.6900000e+02   0.0000000e+00   1.0237593e-04
   4.7000000e+02   0.0000000e+00   1.0204970e-04
   4.7100000e+02   1.0000000e+00   1.0172497e-04
   4.7200000e+02   0.0000000e+00   1.0140174e-04
   4.7300000e+02   0.0000000e+00   1.0107998e-04
   4.7400000e+02   0.0000000e+00   1.0075969e-04
   4.7500000e+02   0.0000000e+00   1.0044085e-04
   4.7600000e+02   0.0000000e+00   1.0012344e-04
   4.7700000e+02   0.0000000e+00   9.9807454e-05
   4.7800000e+02   0.0000000e+00   9.9492875e-05
   4.7900000e+02   0.0000000e+00   9.9179690e-05
   4.8000000e+02   0.0000000e+00   9.8867884e-05
   4.8100000e+02   0.0000000e+00   9.8557446e-05
   4.8200000e+02   0.0000000e+00   9.8248362e-05
   4.8300000e+02   0.0000000e+00   9.7940619e-05
   4.8400000e+02   0.0000000e+00   9.7634206e-05
   4.8500000e+02   0.0000000e+00   9.7329109e-05
   4.8600000e+02   0.0000000e+00   9.7025316e-05
   4.8700000e+02   0.0000000e+00   9.6722816e-05
   4.8800000e+02   0.0000000e+00   9.6421597e-05
   4.8900000e+02   1.0000000e+00   9.6121647e-05
   4.9000000e+02   0.0000000e+00   9.5822956e-05
   4.9100000e+02   0.0000000e+00   9.5525511e-05
   4.9200000e+02   0.0000000e+00   9.5229302e-05
   4.9300000e+02   0.0000000e+00   9.4934318e-05
   4.9400000e+02   0.0000000e+00   9.4640549e-05
   4.9500000e+02   0.0000000e+00   9.4347984e-05
   4.9600000e+02   0.0000000e+00   9.4056612e-05
   4.9700000e+02   0.0000000e+00   9.3766424e-05
   4.9800000e+02   0.0000000e+00   9.3477410e-05
   4.9900000e+02   0.0000000e+00   9.3189559e-05
   5.0000000e+02   0.0000000e+00   9.2902862e-05
   5.0100000e+02   0.0000000e+00   9.2617310e-05
   5.0200000e+02   0.0000000e+00   9.2332893e-05
   5.0300000e+02   0.0000000e+00   9.2049602e-05
   5.0400000e+02   1.0000000e+00   9.1767428e-05
   5.0500000e+02   0.0000000e+00   9.1486362e-05
   5.0600000e+02   0.0000000e+00   9.1206395e-05
   5.0700000e+02   0.0000000e+00   9.0927518e-05
   5.0800000e+02   0.0000000e+00   9.0649723e-05
   5.0900000e+02   0.0000000e+00   9.0373002e-05
   5.1000000e+02   1.0000000e+00   9.0097345e-05
   5.1100000e+02   0.0000000e+00   8.9822746e-05
   5.1200000e+02   0.0000000e+00   8.9549196e-05
   5.1300000e+02   0.0000000e+00   8.9276687e-05
   5.1400000e+02   0.0000000e+00   8.9005211e-05
   5.1500000e+02   0.0000000e+00   8.8734760e-05
   5.1600000e+02   0.0000000e+00   8.8465328e-05
   5.1700000e+02   0.0000000e+00   8.8196906e-05
   5.1800000e+02   0.0000000e+00   8.7929487e-05
   5.1900000e+02   0.0000000e+00   8.7663064e-05
   5.2000000e+02   0.0000000e+00   8.7397630e-05
   5.2100000e+02   0.0000000e+00   8.7133177e-05
   5.2200000e+02   0.0000000e+00   8.6869700e-05
   5.2300000e+02   0.0000000e+00   8.6607190e-05
   5.2400000e+02   0.0000000e+00   8.6345641e-05
   5.2500000e+02   1.0000000e+00   8.6085047e-05
   5.2600000e+02   0.0000000e+00   8.5825401e-05
   5.2700000e+02   0.0000000e+00   8.5566696e-05
   5.2800000e+02   0.0000000e+00   8.5308926e-05
   5.2900000e+02   0.0000000e+00   8.5052086e-05
   5.3000000e+02   0.0000000e+00   8.4796168e-05
   5.3100000e+02   0.0000000e+00   8.4541166e-05
   5.3200000e+02   0.0000000e+00   8.4287075e-05
   5.3300000e+02   0.0000000e+00   8.4033889e-05
   5.3400000e+02   0.0000000e+00   8.3781601e-05
   5.3500000e+02   0.0000000e+00   8.3530206e-05
   5.3600000e+02   0.0000000e+00   8.3279699e-05
   5.3700000e+02   0.0000000e+00   8.3030073e-05
   5.3800000e+02   0.0000000e+00   8.2781323e-05
   5.3900000e+02   0.0000000e+00   8.2533444e-05
   5.4000000e+02   0.0000000e+00   8.2286430e-05
   5.4100000e+02   0.0000000e+00   8.2040276e-05
   5.4200000e+02   0.0000000e+00   8.1794976e-05
   5.4300000e+02   0.0000000e+00   8.1550526e-05
   5.4400000e+02   0.0000000e+00   8.1306920e-05
   5.4500000e+02   0.0000000e+00   8.1064153e-05
   5.4600000e+02   0.0000000e+00   8.0822221e-05
   5.4700000e+02   1.0000000e+00   8.0581118e-05
   5.4800000e+02   0.0000000e+00   8.0340839e-05
   5.4900000e+02   0.0000000e+00   8.0101380e-05
   5.5000000e+02   0.0000000e+00   7.9862736e-05
   5.5100000e+02   0.0000000e+00   7.9624902e-05
   5.5200000e+02   0.0000000e+00   7.9387873e-05
   5.5300000e+02   0.0000000e+00   7.9151646e-05
   5.5400000e+02   0.0000000e+00   7.8916215e-05
   5.5500000e+02   0.0000000e+00   7.8681576e-05
   5.5600000e+02   0.0000000e+00   7.8447725e-05
   5.5700000e+02   0.0000000e+00   7.8214657e-05
   5.5800000e+02   0.0000000e+00   7.7982368e-05
   5.5900000e+02   0.0000000e+00   7.7750854e-05
   5.6000000e+02   0.0000000e+00   7.7520110e-05
   5.6100000e+02   0.0000000e+00   7.7290133e-05
   5.6200000e+02   0.0000000e+00   7.7060918e-05
   5.6300000e+02   2.0000000e+00   7.6832461e-05
   5.6400000e+02   0.0000000e+00   7.6604759e-05
   5.6500000e+02   0.0000000e+00   7.6377806e-05
   5.6600000e+02   1.0000000e+00   7.6151601e-05
   5.6700000e+02   1.0000000e+00   7.5926138e-05
   5.6800000e+02   0.0000000e+00   7.5701413e-05
   5.6900000e+02   0.0000000e+00   7.5477424e-05
   5.7000000e+02   0.0000000e+00   7.5254165e-05
   5.7100000e+02   0.0000000e+00   7.5031635e-05
   5.7200000e+02   0.0000000e+00   7.4809828e-05
   5.7300000e+02   0.0000000e+00   7.4588741e-05
   5.7400000e+02   1.0000000e+00   7.4368371e-05
   5.7500000e+02   0.0000000e+00   7.4148715e-05
   5.7600000e+02   0.0000000e+00   7.3929768e-05
   5.7700000e+02   0.0000000e+00   7.3711527e-05
   5.7800000e+02   0.0000000e+00   7.3493989e-05
   5.7900000e+02   0.0000000e+00   7.3277151e-05
   5.8000000e+02   0.0000000e+00   7.3061008e-05
   5.8100000e+02   0.0000000e+00   7.2845559e-05
   5.8200000e+02   0.0000000e+00   7.2630799e-05
   5.8300000e+02   0.0000000e+00   7.2416725e-05
   5.8400000e+02   0.0000000e+00   7.2203334e-05
   5.8500000e+02   0.0000000e+00   7.1990623e-05
   5.8600000e+02   0.0000000e+00   7.1778589e-05
   5.8700000e+02   0.0000000e+00   7.1567228e-05
   5.8800000e+02   0.0000000e+00   7.1356538e-05
   5.8900000e+02   0.0000000e+00   7.1146516e-05
   5.9000000e+02   0.0000000e+00   7.0937158e-05
   5.9100000e+02   0.0000000e+00   7.0728461e-05
   5.9200000e+02   0.0000000e+00   7.0520423e-05
   5.9300000e+02   0.0000000e+00   7.0313041e-05
   5.9400000e+02   0.0000000e+00   7.0106311e-05
   5.9500000e+02   0.0000000e+00   6.9900231e-05
   5.9600000e+02   0.0000000e+00   6.9694799e-05
   5.9700000e+02   0.0000000e+00   6.9490010e-05
   5.9800000e+02   0.0000000e+00   6.9285862e-05
   5.9900000e+02   0.0000000e+00   6.9082354e-05
   6.0000000e+02   1.0000000e+00   6.8879481e-05
   6.0100000e+02   0.0000000e+00   6.8677241e-05
   6.0200000e+02   1.0000000e+00   6.8475632e-05
   6.0300000e+02   0.0000000e+00   6.8274650e-05
   6.0400000e+02   0.0000000e+00   6.8074294e-05
   6.0500000e+02   0.0000000e+00   6.7874560e-05
   6.0600000e+02   0.0000000e+00   6.7675446e-05
   6.0700000e+02   0.0000000e+00   6.7476949e-05
   6.0800000e+02   0.0000000e+00   6.7279068e-05
   6.0900000e+02   0.0000000e+00   6.7081798e-05
   6.1000000e+02   0.0000000e+00   6.6885138e-05
   6.1100000e+02   0.0000000e+00   6.6689086e-05
   6.1200000e+02   0.0000000e+00   6.6493638e-05
   6.1300000e+02   0.0000000e+00   6.6298793e-05
   6.1400000e+02   0.0000000e+00   6.6104547e-05
   6.1500000e+02   0.0000000e+00   6.5910899e-05
   6.1600000e+02   0.0000000e+00   6.5717846e-05
   6.1700000e+02   0.0000000e+00   6.5525386e-05
   6.1800000e+02   0.0000000e+00   6.5333517e-05
   6.1900000e+02   0.0000000e+00   6.5142235e-05
   6.2000000e+02   0.0000000e+00   6.4951540e-05
   6.2100000e+02   0.0000000e+00   6.4761428e-05
   6.2200000e+02   0.0000000e+00   6.4571897e-05
   6.2300000e+02   0.0000000e+00   6.4382945e-05
   6.2400000e+02   0.0000000e+00   6.4194570e-05
   6.2500000e+02   0.0000000e+00   6.4006769e-05
   6.2600000e+02   0.0000000e+00   6.3819541e-05
   6.2700000e+02   0.0000000e+00   6.3632882e-05
   6.2800000e+02   0.0000000e+00   6.3446792e-05
   6.2900000e+02   1.0000000e+00   6.3261268e-05
   6.3000000e+02   0.0000000e+00   6.3076307e-05
   6.3100000e+02   0.0000000e+00   6.2891908e-05
   6.3200000e+02   0.0000000e+00   6.2708068e-05
   6.3300000e+02   0.0000000e+00   6.2524786e-05
   6.3400000e+02   0.0000000e+00   6.2342059e-05
   6.3500000e+02   0.0000000e+00   6.2159885e-05
   6.3600000e+02   0.0000000e+00   6.1978262e-05
   6.3700000e+02   0.0000000e+00   6.1797189e-05
   6.3800000e+02   0.0000000e+00   6.1616663e-05
   6.3900000e+02   0.0000000e+00   6.1436681e-05
   6.4000000e+02   0.0000000e+00   6.1257243e-05
   6.4100000e+02   0.0000000e+00   6.1078346e-05
   6.4200000e+02   1.0000000e+00   6.0899989e-05
   6.4300000e+02   0.0000000e+00   6.0722168e-05
   6.4400000e+02   0.0000000e+00   6.0544883e-05
   6.4500000e+02   0.0000000e+00   6.0368132e-05
   6.4600000e+02   1.0000000e+00   6.0191912e-05
   6.4700000e+02   0.0000000e+00   6.0016221e-05
   6.4800000e+02   0.0000000e+00   5.9841058e-05
   6.4900000e+02   0.0000000e+00   5.9666421e-05
   6.5000000e+02   0.0000000e+00   5.9492308e-05
   6.5100000e+02   0.0000000e+00   5.9318717e-05
   6.5200000e+02   0.0000000e+00   5.9145647e-05
   6.5300000e+02   0.0000000e+00   5.8973095e-05
   6.5400000e+02   0.0000000e+00   5.8801059e-05
   6.5500000e+02   0.0000000e+00   5.8629538e-05
   6.5600000e+02   0.0000000e+00   5.8458531e-05
   6.5700000e+02   0.0000000e+00   5.8288035e-05
   6.5800000e+02   0.0000000e+00   5.8118048e-05
   6.5900000e+02   0.0000000e+00   5.7948569e-05
   6.6000000e+02   0.0000000e+00   5.7779596e-05
   6.6100000e+02   0.0000000e+00   5.7611127e-05
   6.6200000e+02   0.0000000e+00   5.7443161e-05
   6.6300000e+02   0.0000000e+00   5.7275696e-05
   6.6400000e+02   0.0000000e+00   5.7108729e-05
   6.6500000e+02   0.0000000e+00   5.6942261e-05
   6.6600000e+02   0.0000000e+00   5.6776287e-05
   6.6700000e+02   1.0000000e+00   5.6610808e-05
   6.6800000e+02   0.0000000e+00   5.6445822e-05
   6.6900000e+02   0.0000000e+00   5.6281326e-05
   6.7000000e+02   0.0000000e+00   5.6117319e-05
   6.7100000e+02   0.0000000e+00   5.5953799e-05
   6.7200000e+02   0.0000000e+00   5.5790766e-05
   6.7300000e+02   0.0000000e+00   5.5628216e-05
   6.7400000e+02   0.0000000e+00   5.5466149e-05
   6.7500000e+02   0.0000000e+00   5.5304563e-05
   6.7600000e+02   0.0000000e+00   5.5143456e-05
   6.7700000e+02   0.0000000e+00   5.4982827e-05
   6.7800000e+02   0.0000000e+00   5.4822675e-05
   6.7900000e+02   0.0000000e+00   5.4662997e-05
   6.8000000e+02   0.0000000e+00   5.4503792e-05
   6.8100000e+02   0.0000000e+00   5.4345058e-05
   6.8200000e+02   0.0000000e+00   5.4186794e-05
   6.8300000e+02   0.0000000e+00   5.4028999e-05
   6.8400000e+02   1.0000000e+00   5.3871671e-05
   6.8500000e+02   0.0000000e+00   5.3714808e-05
   6.8600000e+02   0.0000000e+00   5.3558409e-05
   6.8700000e+02   0.0000000e+00   5.3402472e-05
   6.8800000e+02   0.0000000e+00   5.3246996e-05
   6.8900000e+02   0.0000000e+00   5.3091979e-05
   6.9000000e+02   0.0000000e+00   5.2937421e-05
   6.9100000e+02   0.0000000e+00   5.2783318e-05
   6.9200000e+02   0.0000000e+00   5.2629671e-05
   6.9300000e+02   0.0000000e+00   5.2476477e-05
   6.9400000e+02   0.0000000e+00   5.2323734e-05
   6.9500000e+02   0.0000000e+00   5.2171443e-05
   6.9600000e+02   0.0000000e+00   5.2019600e-05
   6.9700000e+02   0.0000000e+00   5.1868205e-05
   6.9800000e+02   0.0000000e+00   5.1717257e-05
   6.9900000e+02   0.0000000e+00   5.1566753e-05
   7.0000000e+02   0.0000000e+00   5.1416692e-05
   7.0100000e+02   0.0000000e+00   5.1267074e-05
   7.0200000e+02   0.0000000e+00   5.1117896e-05
   7.0300000e+02   0.0000000e+00   5.0969157e-05
   7.0400000e+02   1.0000000e+00   5.0820856e-05
   7.0500000e+02   0.0000000e+00   5.0672991e-05
   7.0600000e+02   0.0000000e+00   5.0525561e-05
   7.0700000e+02   0.0000000e+00   5.0378565e-05
   7.0800000e+02   0.0000000e+00   5.0232002e-05
   7.0900000e+02   0.0000000e+00   5.0085869e-05
   7.1000000e+02   0.0000000e+00   4.9940165e-05
   7.1100000e+02   0.0000000e+00   4.9794890e-05
   7.1200000e+02   0.0000000e+00   4.9650042e-05
   7.1300000e+02   0.0000000e+00   4.9505619e-05
   7.1400000e+02   0.0000000e+00   4.9361621e-05
   7.1500000e+02   0.0000000e+00   4.9218045e-05
   7.1600000e+02   1.0000000e+00   4.9074891e-05
   7.1700000e+02   0.0000000e+00   4.8932157e-05
   7.1800000e+02   0.0000000e+00   4.8789842e-05
   7.1900000e+02   0.0000000e+00   4.8647945e-05
   7.2000000e+02   0.0000000e+00   4.8506464e-05
   7.2100000e+02   0.0000000e+00   4.8365398e-05
   7.2200000e+02   0.0000000e+00   4.8224746e-05
   7.2300000e+02   0.0000000e+00   4.8084506e-05
   7.2400000e+02   0.0000000e+00   4.7944677e-05
   7.2500000e+02   1.0000000e+00   4.7805259e-05
   7.2600000e+02   0.0000000e+00   4.7666249e-05
   7.2700000e+02   0.0000000e+00   4.7527646e-05
   7.2800000e+02   0.0000000e+00   4.7389449e-05
   7.2900000e+02   0.0000000e+00   4.7251658e-05
   7.3000000e+02   0.0000000e+00   4.7114270e-05
   7.3100000e+02   0.0000000e+00   4.6977284e-05
   7.3200000e+02   0.0000000e+00   4.6840700e-05
   7.3300000e+02   0.0000000e+00   4.6704516e-05
   7.3400000e+02   0.0000000e+00   4.6568730e-05
   7.3500000e+02   0.0000000e+00   4.6433342e-05
   7.3600000e+02   0.0000000e+00   4.6298350e-05
   7.3700000e+02   0.0000000e+00   4.6163753e-05
   7.3800000e+02   0.0000000e+00   4.6029550e-05
   7.3900000e+02   0.0000000e+00   4.5895739e-05
   7.4000000e+02   0.0000000e+00   4.5762320e-05
   7.4100000e+02   0.0000000e+00   4.5629292e-05
   7.4200000e+02   0.0000000e+00   4.5496652e-05
   7.4300000e+02   0.0000000e+00   4.5364400e-05
   7.4400000e+02   0.0000000e+00   4.5232535e-05
   7.4500000e+02   0.0000000e+00   4.5101056e-05
   7.4600000e+02   0.0000000e+00   4.4969961e-05
   7.4700000e+02   0.0000000e+00   4.4839249e-05
   7.4800000e+02   0.0000000e+00   4.4708919e-05
   7.4900000e+02   0.0000000e+00   4.4578970e-05
   7.5000000e+02   0.0000000e+00   4.4449401e-05
   7.5100000e+02   0.0000000e+00   4.4320210e-05
   7.5200000e+02   0.0000000e+00   4.4191397e-05
   7.5300000e+02   0.0000000e+00   4.4062960e-05
   7.5400000e+02   0.0000000e+00   4.3934898e-05
   7.5500000e+02   0.0000000e+00   4.3807210e-05
   7.5600000e+02   0.0000000e+00   4.3679896e-05
   7.5700000e+02   0.0000000e+00   4.3552953e-05
   7.5800000e+02   0.0000000e+00   4.3426380e-05
   7.5900000e+02   0.0000000e+00   4.3300177e-05
   7.6000000e+02   0.0000000e+00   4.3174343e-05
   7.6100000e+02   0.0000000e+00   4.3048876e-05
   7.6200000e+02   0.0000000e+00   4.2923775e-05
   7.6300000e+02   0.0000000e+00   4.2799039e-05
   7.6400000e+02   0.0000000e+00   4.2674667e-05
   7.6500000e+02   0.0000000e+00   4.2550658e-05
   7.6600000e+02   0.0000000e+00   4.2427011e-05
   7.6700000e+02   0.0000000e+00   4.2303725e-05
   7.6800000e+02   0.0000000e+00   4.2180798e-05
   7.6900000e+02   0.0000000e+00   4.2058230e-05
   7.7000000e+02   0.0000000e+00   4.1936020e-05
   7.7100000e+02   0.0000000e+00   4.1814166e-05
   7.7200000e+02   0.0000000e+00   4.1692667e-05
   7.7300000e+02   0.0000000e+00   4.1571523e-05
   7.7400000e+02   0.0000000e+00   4.1450732e-05
   7.7500000e+02   0.0000000e+00   4.1330293e-05
   7.7600000e+02   0.0000000e+00   4.1210205e-05
   7.7700000e+02   0.0000000e+00   4.1090468e-05
   7.7800000e+02   0.0000000e+00   4.0971079e-05
   7.7900000e+02   0.0000000e+00   4.0852039e-05
   7.8000000e+02   0.0000000e+00   4.0733345e-05
   7.8100000e+02   0.0000000e+00   4.0614998e-05
   7.8200000e+02   0.0000000e+00   4.0496995e-05
   7.8300000e+02   0.0000000e+00   4.0379336e-05
   7.8400000e+02   0.0000000e+00   4.0262021e-05
   7.8500000e+02   0.0000000e+00   4.0145047e-05
   7.8600000e+02   0.0000000e+00   4.0028414e-05
   7.8700000e+02   0.0000000e+00   3.9912120e-05
   7.8800000e+02   0.0000000e+00   3.9796166e-05
   7.8900000e+02   0.0000000e+00   3.9680549e-05
   7.9000000e+02   0.0000000e+00   3.9565269e-05
   7.9100000e+02   0.0000000e+00   3.9450325e-05
   7.9200000e+02   0.0000000e+00   3.9335716e-05
   7.9300000e+02   0.0000000e+00   3.9221441e-05
   7.9400000e+02   0.0000000e+00   3.9107499e-05
   7.9500000e+02   1.0000000e+00   3.8993888e-05
   7.9600000e+02   0.0000000e+00   3.8880608e-05
   7.9700000e+02   0.0000000e+00   3.8767658e-05
   7.9800000e+02   0.0000000e+00   3.8655037e-05
   7.9900000e+02   0.0000000e+00   3.8542744e-05
   8.0000000e+02   0.0000000e+00   3.8430778e-05
   8.0100000e+02   0.0000000e+00   3.8319138e-05
   8.0200000e+02   0.0000000e+00   3.8207823e-05
   8.0300000e+02   0.0000000e+00   3.8096832e-05
   8.0400000e+02   0.0000000e+00   3.7986165e-05
   8.0500000e+02   0.0000000e+00   3.7875819e-05
   8.0600000e+02   0.0000000e+00   3.7765795e-05
   8.0700000e+02   0.0000000e+00   3.7656090e-05
   8.0800000e+02   0.0000000e+00   3.7546706e-05
   8.0900000e+02   0.0000000e+00   3.7437639e-05
   8.1000000e+02   0.0000000e+00   3.7328890e-05
   8.1100000e+02   0.0000000e+00   3.7220458e-05
   8.1200000e+02   0.0000000e+00   3.7112341e-05
   8.1300000e+02   0.0000000e+00   3.7004539e-05
   8.1400000e+02   0.0000000e+00   3.6897050e-05
   8.1500000e+02   0.0000000e+00   3.6789874e-05
   8.1600000e+02   0.0000000e+00   3.6683010e-05
   8.1700000e+02   1.0000000e+00   3.6576457e-05
   8.1800000e+02   0.0000000e+00   3.6470215e-05
   8.1900000e+02   0.0000000e+00   3.6364281e-05
   8.2000000e+02   0.0000000e+00   3.6258655e-05
   8.2100000e+02   0.0000000e+00   3.6153337e-05
   8.2200000e+02   0.0000000e+00   3.6048325e-05
   8.2300000e+02   0.0000000e+00   3.5943619e-05
   8.2400000e+02   0.0000000e+00   3.5839217e-05
   8.2500000e+02   0.0000000e+00   3.5735119e-05
   8.2600000e+02   0.0000000e+00   3.5631324e-05
   8.2700000e+02   0.0000000e+00   3.5527831e-05
   8.2800000e+02   0.0000000e+00   3.5424639e-05
   8.2900000e+02   0.0000000e+00   3.5321747e-05
   8.3000000e+02   0.0000000e+00   3.5219154e-05
   8.3100000e+02   0.0000000e+00   3.5116859e-05
   8.3200000e+02   0.0000000e+00   3.5014862e-05
   8.3300000e+02   0.0000000e+00   3.4913162e-05
   8.3400000e+02   0.0000000e+00   3.4811758e-05
   8.3500000e+02   0.0000000e+00   3.4710648e-05
   8.3600000e+02   0.0000000e+00   3.4609833e-05
   8.3700000e+02   0.0000000e+00   3.4509311e-05
   8.3800000e+02   0.0000000e+00   3.4409081e-05
   8.3900000e+02   0.0000000e+00   3.4309142e-05
   8.4000000e+02   0.0000000e+00   3.4209494e-05
   8.4100000e+02   0.0000000e+00   3.4110136e-05
   8.4200000e+02   0.0000000e+00   3.4011067e-05
   8.4300000e+02   0.0000000e+00   3.3912286e-05
   8.4400000e+02   0.0000000e+00   3.3813792e-05
   8.4500000e+02   0.0000000e+00   3.3715584e-05
   8.4600000e+02   0.0000000e+00   3.3617662e-05
   8.4700000e+02   0.0000000e+00   3.3520025e-05
   8.4800000e+02   0.0000000e+00   3.3422671e-05
   8.4900000e+02   0.0000000e+00   3.3325601e-05
   8.5000000e+02   0.0000000e+00   3.3228813e-05
   8.5100000e+02   0.0000000e+00   3.3132306e-05
   8.5200000e+02   0.0000000e+00   3.3036080e-05
   8.5300000e+02   0.0000000e+00   3.2940133e-05
   8.5400000e+02   0.0000000e+00   3.2844465e-05
   8.5500000e+02   0.0000000e+00   3.2749076e-05
   8.5600000e+02   0.0000000e+00   3.2653964e-05
   8.5700000e+02   0.0000000e+00   3.2559128e-05
   8.5800000e+02   0.0000000e+00   3.2464568e-05
   8.5900000e+02   0.0000000e+00   3.2370283e-05
   8.6000000e+02   0.0000000e+00   3.2276272e-05
   8.6100000e+02   0.0000000e+00   3.2182534e-05
   8.6200000e+02   0.0000000e+00   3.2089068e-05
   8.6300000e+02   0.0000000e+00   3.1995875e-05
   8.6400000e+02   0.0000000e+00   3.1902952e-05
   8.6500000e+02   0.0000000e+00   3.1810299e-05
   8.6600000e+02   0.0000000e+00   3.1717915e-05
   8.6700000e+02   0.0000000e+00   3.1625800e-05
   8.6800000e+02   0.0000000e+00   3.1533953e-05
   8.6900000e+02   0.0000000e+00   3.1442373e-05
   8.7000000e+02   0.0000000e+00   3.1351059e-05
   8.7100000e+02   0.0000000e+00   3.1260010e-05
   8.7200000e+02   1.0000000e+00   3.1169226e-05
   8.7300000e+02   0.0000000e+00   3.1078705e-05
   8.7400000e+02   0.0000000e+00   3.0988448e-05
   8.7500000e+02   0.0000000e+00   3.0898453e-05
   8.7600000e+02   0.0000000e+00   3.0808720e-05
   8.7700000e+02   0.0000000e+00   3.0719247e-05
   8.7800000e+02   0.0000000e+00   3.0630034e-05
   8.7900000e+02   0.0000000e+00   3.0541081e-05
   8.8000000e+02   0.0000000e+00   3.0452386e-05
   8.8100000e+02   0.0000000e+00   3.0363949e-05
   8.8200000e+02   0.0000000e+00   3.0275768e-05
   8.8300000e+02   0.0000000e+00   3.0187845e-05
   8.8400000e+02   0.0000000e+00   3.0100176e-05
   8.8500000e+02   0.0000000e+00   3.0012762e-05
   8.8600000e+02   0.0000000e+00   2.9925602e-05
   8.8700000e+02   0.0000000e+00   2.9838696e-05
   8.8800000e+02   0.0000000e+00   2.9752042e-05
   8.8900000e+02   0.0000000e+00   2.9665640e-05
   8.9000000e+02   0.0000000e+00   2.9579489e-05
   8.9100000e+02   0.0000000e+00   2.9493588e-05
   8.9200000e+02   1.0000000e+00   2.9407937e-05
   8.9300000e+02   0.0000000e+00   2.9322534e-05
   8.9400000e+02   0.0000000e+00   2.9237380e-05
   8.9500000e+02   0.0000000e+00   2.9152473e-05
   8.9600000e+02   0.0000000e+00   2.9067813e-05
   8.9700000e+02   0.0000000e+00   2.8983399e-05
   8.9800000e+02   0.0000000e+00   2.8899230e-05
   8.9900000e+02   0.0000000e+00   2.8815305e-05
   9.0000000e+02   0.0000000e+00   2.8731625e-05
   9.0100000e+02   0.0000000e+00   2.8648187e-05
   9.0200000e+02   0.0000000e+00   2.8564992e-05
   9.0300000e+02   0.0000000e+00   2.8482039e-05
   9.0400000e+02   0.0000000e+00   2.8399327e-05
   9.0500000e+02   0.0000000e+00   2.8316855e-05
   9.0600000e+02   0.0000000e+00   2.8234622e-05
   9.0700000e+02   0.0000000e+00   2.8152629e-05
   9.0800000e+02   0.0000000e+00   2.8070873e-05
   9.0900000e+02   0.0000000e+00   2.7989355e-05
   9.1000000e+02   0.0000000e+00   2.7908074e-05
   9.1100000e+02   0.0000000e+00   2.7827030e-05
   9.1200000e+02   0.0000000e+00   2.7746220e-05
   9.1300000e+02   0.0000000e+00   2.7665645e-05
   9.1400000e+02   0.0000000e+00   2.7585305e-05
   9.1500000e+02   0.0000000e+00   2.7505198e-05
   9.1600000e+02   0.0000000e+00   2.7425323e-05
   9.1700000e+02   0.0000000e+00   2.7345680e-05
   9.1800000e+02   0.0000000e+00   2.7266269e-05
   9.1900000e+02   1.0000000e+00   2.7187089e-05
   9.2000000e+02   0.0000000e+00   2.7108138e-05
   9.2100000e+02   0.0000000e+00   2.7029417e-05
   9.2200000e+02   0.0000000e+00   2.6950925e-05
   9.2300000e+02   0.0000000e+00   2.6872660e-05
   9.2400000e+02   0.0000000e+00   2.6794623e-05
   9.2500000e+02   0.0000000e+00   2.6716813e-05
   9.2600000e+02   0.0000000e+00   2.6639228e-05
   9.2700000e+02   0.0000000e+00   2.6561869e-05
   9.2800000e+02   0.0000000e+00   2.6484735e-05
   9.2900000e+02   0.0000000e+00   2.6407825e-05
   9.3000000e+02   0.0000000e+00   2.6331138e-05
   9.3100000e+02   0.0000000e+00   2.6254674e-05
   9.3200000e+02   0.0000000e+00   2.6178432e-05
   9.3300000e+02   0.0000000e+00   2.6102411e-05
   9.3400000e+02   0.0000000e+00   2.6026612e-05
   9.3500000e+02   0.0000000e+00   2.5951032e-05
   9.3600000e+02   0.0000000e+00   2.5875672e-05
   9.3700000e+02   0.0000000e+00   2.5800531e-05
   9.3800000e+02   0.0000000e+00   2.5725608e-05
   9.3900000e+02   0.0000000e+00   2.5650903e-05
   9.4000000e+02   0.0000000e+00   2.5576414e-05
   9.4100000e+02   0.0000000e+00   2.5502143e-05
   9.4200000e+02   1.0000000e+00   2.5428086e-05
   9.4300000e+02   0.0000000e+00   2.5354245e-05
   9.4400000e+02   0.0000000e+00   2.5280619e-05
   9.4500000e+02   0.0000000e+00   2.5207206e-05
   9.4600000e+02   0.0000000e+00   2.5134006e-05
   9.4700000e+02   0.0000000e+00   2.5061019e-05
   9.4800000e+02   0.0000000e+00   2.4988245e-05
   9.4900000e+02   0.0000000e+00   2.4915681e-05
   9.5000000e+02   0.0000000e+00   2.4843328e-05
   9.5100000e+02   0.0000000e+00   2.4771185e-05
   9.5200000e+02   0.0000000e+00   2.4699252e-05
   9.5300000e+02   0.0000000e+00   2.4627528e-05
   9.5400000e+02   0.0000000e+00   2.4556012e-05
   9.5500000e+02   0.0000000e+00   2.4484704e-05
   9.5600000e+02   0.0000000e+00   2.4413603e-05
   9.5700000e+02   0.0000000e+00   2.4342708e-05
   9.5800000e+02   0.0000000e+00   2.4272020e-05
   9.5900000e+02   0.0000000e+00   2.4201536e-05
   9.6000000e+02   0.0000000e+00   2.4131258e-05
   9.6100000e+02   0.0000000e+00   2.4061183e-05
   9.6200000e+02   0.0000000e+00   2.3991312e-05
   9.6300000e+02   0.0000000e+00   2.3921644e-05
   9.6400000e+02   0.0000000e+00   2.3852178e-05
   9.6500000e+02   0.0000000e+00   2.3782914e-05
   9.6600000e+02   0.0000000e+00   2.3713852e-05
   9.6700000e+02   0.0000000e+00   2.3644989e-05
   9.6800000e+02   0.0000000e+00   2.3576327e-05
   9.6900000e+02   0.0000000e+00   2.3507864e-05
   9.7000000e+02   0.0000000e+00   2.3439600e-05
   9.7100000e+02   1.0000000e+00   2.3371535e-05
   9.7200000e+02   0.0000000e+00   2.3303667e-05
   9.7300000e+02   0.0000000e+00   2.3235996e-05
   9.7400000e+02   0.0000000e+00   2.3168521e-05
   9.7500000e+02   0.0000000e+00   2.3101243e-05
   9.7600000e+02   0.0000000e+00   2.3034160e-05
   9.7700000e+02   0.0000000e+00   2.2967271e-05
   9.7800000e+02   0.0000000e+00   2.2900577e-05
   9.7900000e+02   0.0000000e+00   2.2834077e-05
   9.8000000e+02   0.0000000e+00   2.2767770e-05
   9.8100000e+02   0.0000000e+00   2.2701655e-05
   9.8200000e+02   0.0000000e+00   2.2635733e-05
   9.8300000e+02   0.0000000e+00   2.2570002e-05
   9.8400000e+02   0.0000000e+00   2.2504461e-05
   9.8500000e+02   0.0000000e+00   2.2439112e-05
   9.8600000e+02   0.0000000e+00   2.2373951e-05
   9.8700000e+02   0.0000000e+00   2.2308981e-05
   9.8800000e+02   0.0000000e+00   2.2244198e-05
   9.8900000e+02   0.0000000e+00   2.2179604e-05
   9.9000000e+02   0.0000000e+00   2.2115198e-05
   9.9100000e+02   0.0000000e+00   2.2050978e-05
   9.9200000e+02   0.0000000e+00   2.1986946e-05
   9.9300000e+02   0.0000000e+00   2.1923099e-05
   9.9400000e+02   0.0000000e+00   2.1859437e-05
   9.9500000e+02   0.0000000e+00   2.1795960e-05
   9.9600000e+02   0.0000000e+00   2.1732668e-05
   9.9700000e+02   0.0000000e+00   2.1669560e-05
   9.9800000e+02   0.0000000e+00   2.1606634e-05
   9.9900000e+02   0.0000000e+00   2.1543892e-05
   1.0000000e+03   0.0000000e+00   2.1481332e-05
   1.0010000e+03   0.0000000e+00   2.1418953e-05
   1.0020000e+03   0.0000000e+00   2.1356756e-05
   1.0030000e+03   0.0000000e+00   2.1294739e-05
   1.0040000e+03   0.0000000e+00   2.1232902e-05
   1.0050000e+03   0.0000000e+00   2.1171245e-05
   1.0060000e+03   0.0000000e+00   2.1109767e-05
   1.0070000e+03   0.0000000e+00   2.1048467e-05
   1.0080000e+03   0.0000000e+00   2.0987346e-05
   1.0090000e+03   0.0000000e+00   2.0926402e-05
   1.0100000e+03   0.0000000e+00   2.0865635e-05
   1.0110000e+03   0.0000000e+00   2.0805044e-05
   1.0120000e+03   0.0000000e+00   2.0744630e-05
   1.0130000e+03   0.0000000e+00   2.0684390e-05
   1.0140000e+03   0.0000000e+00   2.0624326e-05
   1.0150000e+03   0.0000000e+00   2.0564436e-05
   1.0160000e+03   0.0000000e+00   2.0504720e-05
   1.0170000e+03   0.0000000e+00   2.0445178e-05
   1.0180000e+03   0.0000000e+00   2.0385808e-05
   1.0190000e+03   1.0000000e+00   2.0326611e-05
   1.0200000e+03   0.0000000e+00   2.0267586e-05
   1.0210000e+03   0.0000000e+00   2.0208732e-05
   1.0220000e+03   0.0000000e+00   2.0150049e-05
   1.0230000e+03   0.0000000e+00   2.0091537e-05
   1.0240000e+03   0.0000000e+00   2.0033194e-05
   1.0250000e+03   0.0000000e+00   1.9975021e-05
   1.0260000e+03   1.0000000e+00   1.9917017e-05
   1.0270000e+03   0.0000000e+00   1.9859181e-05
   1.0280000e+03   0.0000000e+00   1.9801513e-05
   1.0290000e+03   0.0000000e+00   1.9744013e-05
   1.0300000e+03   0.0000000e+00   1.9686680e-05
   1.0310000e+03   0.0000000e+00   1.9629513e-05
   1.0320000e+03   0.0000000e+00   1.9572512e-05
   1.0330000e+03   0.0000000e+00   1.9515677e-05
   1.0340000e+03   0.0000000e+00   1.9459006e-05
   1.0350000e+03   0.0000000e+00   1.9402501e-05
   1.0360000e+03   0.0000000e+00   1.9346159e-05
   1.0370000e+03   0.0000000e+00   1.9289981e-05
   1.0380000e+03   0.0000000e+00   1.9233966e-05
   1.0390000e+03   0.0000000e+00   1.9178114e-05
   1.0400000e+03   0.0000000e+00   1.9122424e-05
   1.0410000e+03   0.0000000e+00   1.9066895e-05
   1.0420000e+03   1.0000000e+00   1.9011528e-05
   1.0430000e+03   0.0000000e+00   1.8956322e-05
   1.0440000e+03   0.0000000e+00   1.8901276e-05
   1.0450000e+03   0.0000000e+00   1.8846390e-05
   1.0460000e+03   0.0000000e+00   1.8791663e-05
   1.0470000e+03   0.0000000e+00   1.8737096e-05
   1.0480000e+03   0.0000000e+00   1.8682686e-05
   1.0490000e+03   0.0000000e+00   1.8628435e-05
   1.0500000e+03   0.0000000e+00   1.8574341e-05
   1.0510000e+03   0.0000000e+00   1.8520405e-05
   1.0520000e+03   0.0000000e+00   1.8466624e-05
   1.0530000e+03   0.0000000e+00   1.8413001e-05
   1.0540000e+03   0.0000000e+00   1.8359532e-05
   1.0550000e+03   0.0000000e+00   1.8306220e-05
   1.0560000e+03   0.0000000e+00   1.8253061e-05
   1.0570000e+03   0.0000000e+00   1.8200058e-05
   1.0580000e+03   0.0000000e+00   1.8147208e-05
   1.0590000e+03   0.0000000e+00   1.8094512e-05
   1.0600000e+03   0.0000000e+00   1.8041968e-05
   1.0610000e+03   0.0000000e+00   1.7989578e-05
   1.0620000e+03   0.0000000e+00   1.7937339e-05
   1.0630000e+03   0.0000000e+00   1.7885252e-05
   1.0640000e+03   0.0000000e+00   1.7833316e-05
   1.0650000e+03   0.0000000e+00   1.7781532e-05
   1.0660000e+03   0.0000000e+00   1.7729897e-05
   1.0670000e+03   0.0000000e+00   1.7678413e-05
   1.0680000e+03   0.0000000e+00   1.7627078e-05
   1.0690000e+03   0.0000000e+00   1.7575892e-05
   1.0700000e+03   0.0000000e+00   1.7524854e-05
   1.0710000e+03   0.0000000e+00   1.7473965e-05
   1.0720000e+03   1.0000000e+00   1.7423224e-05
   1.0730000e+03   0.0000000e+00   1.7372630e-05
   1.0740000e+03   0.0000000e+00   1.7322183e-05
   1.0750000e+03   0.0000000e+00   1.7271883e-05
   1.0760000e+03   0.0000000e+00   1.7221728e-05
   1.0770000e+03   0.0000000e+00   1.7171719e-05
   1.0780000e+03   0.0000000e+00   1.7121856e-05
   1.0790000e+03   0.0000000e+00   1.7072137e-05
   1.0800000e+03   0.0000000e+00   1.7022562e-05
   1.0810000e+03   0.0000000e+00   1.6973132e-05
   1.0820000e+03   0.0000000e+00   1.6923845e-05
   1.0830000e+03   0.0000000e+00   1.6874701e-05
   1.0840000e+03   0.0000000e+00   1.6825700e-05
   1.0850000e+03   0.0000000e+00   1.6776841e-05
   1.0860000e+03   0.0000000e+00   1.6728124e-05
   1.0870000e+03   0.0000000e+00   1.6679549e-05
   1.0880000e+03   0.0000000e+00   1.6631114e-05
   1.0890000e+03   0.0000000e+00   1.6582821e-05
   1.0900000e+03   0.0000000e+00   1.6534667e-05
   1.0910000e+03   0.0000000e+00   1.6486653e-05
   1.0920000e+03   0.0000000e+00   1.6438779e-05
   1.0930000e+03   0.0000000e+00   1.6391044e-05
   1.0940000e+03   0.0000000e+00   1.6343447e-05
   1.0950000e+03   0.0000000e+00   1.6295989e-05
   1.0960000e+03   0.0000000e+00   1.6248668e-05
   1.0970000e+03   0.0000000e+00   1.6201485e-05
   1.0980000e+03   0.0000000e+00   1.6154439e-05
   1.0990000e+03   0.0000000e+00   1.6107529e-05
   1.1000000e+03   0.0000000e+00   1.6060756e-05
   1.1010000e+03   0.0000000e+00   1.6014119e-05
   1.1020000e+03   0.0000000e+00   1.5967617e-05
   1.1030000e+03   0.0000000e+00   1.5921249e-05
   1.1040000e+03   0.0000000e+00   1.5875017e-05
   1.1050000e+03   0.0000000e+00   1.5828919e-05
   1.1060000e+03   0.0000000e+00   1.5782955e-05
   1.1070000e+03   0.0000000e+00   1.5737124e-05
   1.1080000e+03   0.0000000e+00   1.5691426e-05
   1.1090000e+03   0.0000000e+00   1.5645861e-05
   1.1100000e+03   0.0000000e+00   1.5600428e-05
   1.1110000e+03   0.0000000e+00   1.5555128e-05
   1.1120000e+03   0.0000000e+00   1.5509958e-05
   1.1130000e+03   0.0000000e+00   1.5464920e-05
   1.1140000e+03   0.0000000e+00   1.5420013e-05
   1.1150000e+03   0.0000000e+00   1.5375236e-05
   1.1160000e+03   0.0000000e+00   1.5330589e-05
   1.1170000e+03   0.0000000e+00   1.5286072e-05
   1.1180000e+03   0.0000000e+00   1.5241684e-05
   1.1190000e+03   0.0000000e+00   1.5197425e-05
   1.1200000e+03   0.0000000e+00   1.5153294e-05
   1.1210000e+03   0.0000000e+00   1.5109292e-05
   1.1220000e+03   0.0000000e+00   1.5065417e-05
   1.1230000e+03   0.0000000e+00   1.5021670e-05
   1.1240000e+03   0.0000000e+00   1.4978050e-05
   1.1250000e+03   0.0000000e+00   1.4934557e-05
   1.1260000e+03   0.0000000e+00   1.4891189e-05
   1.1270000e+03   0.0000000e+00   1.4847948e-05
   1.1280000e+03   0.0000000e+00   1.4804832e-05
   1.1290000e+03   0.0000000e+00   1.4761842e-05
   1.1300000e+03   0.0000000e+00   1.4718976e-05
   1.1310000e+03   0.0000000e+00   1.4676235e-05
   1.1320000e+03   0.0000000e+00   1.4633618e-05
   1.1330000e+03   0.0000000e+00   1.4591125e-05
   1.1340000e+03   0.0000000e+00   1.4548755e-05
   1.1350000e+03   0.0000000e+00   1.4506508e-05
   1.1360000e+03   0.0000000e+00   1.4464384e-05
   1.1370000e+03   0.0000000e+00   1.4422382e-05
   1.1380000e+03   0.0000000e+00   1.4380502e-05
   1.1390000e+03   0.0000000e+00   1.4338744e-05
   1.1400000e+03   0.0000000e+00   1.4297107e-05
   1.1410000e+03   0.0000000e+00   1.4255590e-05
   1.1420000e+03   0.0000000e+00   1.4214195e-05
   1.1430000e+03   0.0000000e+00   1.4172919e-05
   1.1440000e+03   0.0000000e+00   1.4131764e-05
   1.1450000e+03   0.0000000e+00   1.4090728e-05
   1.1460000e+03   0.0000000e+00   1.4049811e-05
   1.1470000e+03   0.0000000e+00   1.4009013e-05
   1.1480000e+03   0.0000000e+00   1.3968333e-05
   1.1490000e+03   0.0000000e+00   1.3927772e-05
   1.1500000e+03   0.0000000e+00   1.3887328e-05
   1.1510000e+03   0.0000000e+00   1.3847002e-05
   1.1520000e+03   0.0000000e+00   1.3806793e-05
   1.1530000e+03   0.0000000e+00   1.3766701e-05
   1.1540000e+03   0.0000000e+00   1.3726725e-05
   1.1550000e+03   0.0000000e+00   1.3686865e-05
   1.1560000e+03   0.0000000e+00   1.3647121e-05
   1.1570000e+03   0.0000000e+00   1.3607492e-05
   1.1580000e+03   0.0000000e+00   1.3567979e-05
   1.1590000e+03   0.0000000e+00   1.3528580e-05
   1.1600000e+03   0.0000000e+00   1.3489295e-05
   1.1610000e+03   0.0000000e+00   1.3450125e-05
   1.1620000e+03   0.0000000e+00   1.3411068e-05
   1.1630000e+03   0.0000000e+00   1.3372125e-05
   1.1640000e+03   0.0000000e+00   1.3333295e-05
   1.1650000e+03   0.0000000e+00   1.3294577e-05
   1.1660000e+03   0.0000000e+00   1.3255972e-05
   1.1670000e+03   0.0000000e+00   1.3217480e-05
   1.1680000e+03   0.0000000e+00   1.3179098e-05
   1.1690000e+03   0.0000000e+00   1.3140829e-05
   1.1700000e+03   0.0000000e+00   1.3102670e-05
   1.1710000e+03   0.0000000e+00   1.3064623e-05
   1.1720000e+03   0.0000000e+00   1.3026685e-05
   1.1730000e+03   0.0000000e+00   1.2988858e-05
   1.1740000e+03   0.0000000e+00   1.2951141e-05
   1.1750000e+03   0.0000000e+00   1.2913533e-05
   1.1760000e+03   0.0000000e+00   1.2876035e-05
   1.1770000e+03   0.0000000e+00   1.2838645e-05
   1.1780000e+03   0.0000000e+00   1.2801364e-05
   1.1790000e+03   0.0000000e+00   1.2764192e-05
   1.1800000e+03   0.0000000e+00   1.2727127e-05
   1.1810000e+03   0.0000000e+00   1.2690170e-05
   1.1820000e+03   0.0000000e+00   1.2653320e-05
   1.1830000e+03   0.0000000e+00   1.2616577e-05
   1.1840000e+03   0.0000000e+00   1.2579941e-05
   1.1850000e+03   0.0000000e+00   1.2543411e-05
   1.1860000e+03   0.0000000e+00   1.2506987e-05
   1.1870000e+03   0.0000000e+00   1.2470669e-05
   1.1880000e+03   1.0000000e+00   1.2434457e-05
   1.1890000e+03   0.0000000e+00   1.2398349e-05
   1.1900000e+03   0.0000000e+00   1.2362347e-05
   1.1910000e+03   0.0000000e+00   1.2326449e-05
   1.1920000e+03   0.0000000e+00   1.2290655e-05
   1.1930000e+03   0.0000000e+00   1.2254966e-05
   1.1940000e+03   0.0000000e+00   1.2219379e-05
   1.1950000e+03   0.0000000e+00   1.2183897e-05
   1.1960000e+03   0.0000000e+00   1.2148517e-05
   1.1970000e+03   0.0000000e+00   1.2113240e-05
   1.1980000e+03   0.0000000e+00   1.2078065e-05
   1.1990000e+03   0.0000000e+00   1.2042993e-05
   1.2000000e+03   0.0000000e+00   1.2008022e-05
   1.2010000e+03   0.0000000e+00   1.1973153e-05
   1.2020000e+03   0.0000000e+00   1.1938386e-05
   1.2030000e+03   0.0000000e+00   1.1903719e-05
   1.2040000e+03   0.0000000e+00   1.1869153e-05
   1.2050000e+03   0.0000000e+00   1.1834687e-05
   1.2060000e+03   0.0000000e+00   1.1800321e-05
   1.2070000e+03   0.0000000e+00   1.1766055e-05
   1.2080000e+03   0.0000000e+00   1.1731889e-05
   1.2090000e+03   0.0000000e+00   1.1697822e-05
   1.2100000e+03   0.0000000e+00   1.1663853e-05
   1.2110000e+03   0.0000000e+00   1.1629984e-05
   1.2120000e+03   0.0000000e+00   1.1596212e-05
   1.2130000e+03   0.0000000e+00   1.1562539e-05
   1.2140000e+03   0.0000000e+00   1.1528964e-05
   1.2150000e+03   0.0000000e+00   1.1495486e-05
   1.2160000e+03   0.0000000e+00   1.1462105e-05
   1.2170000e+03   0.0000000e+00   1.1428821e-05
   1.2180000e+03   0.0000000e+00   1.1395634e-05
   1.2190000e+03   0.0000000e+00   1.1362543e-05
   1.2200000e+03   0.0000000e+00   1.1329549e-05
   1.2210000e+03   1.0000000e+00   1.1296650e-05
   1.2220000e+03   0.0000000e+00   1.1263846e-05
   1.2230000e+03   0.0000000e+00   1.1231138e-05
   1.2240000e+03   0.0000000e+00   1.1198525e-05
   1.2250000e+03   0.0000000e+00   1.1166007e-05
   1.2260000e+03   0.0000000e+00   1.1133583e-05
   1.2270000e+03   0.0000000e+00   1.1101253e-05
   1.2280000e+03   0.0000000e+00   1.1069017e-05
   1.2290000e+03   0.0000000e+00   1.1036875e-05
   1.2300000e+03   0.0000000e+00   1.1004826e-05
   1.2310000e+03   0.0000000e+00   1.0972870e-05
   1.2320000e+03   0.0000000e+00   1.0941007e-05
   1.2330000e+03   0.0000000e+00   1.0909236e-05
   1.2340000e+03   0.0000000e+00   1.0877558e-05
   1.2350000e+03   0.0000000e+00   1.0845971e-05
   1.2360000e+03   0.0000000e+00   1.0814477e-05
   1.2370000e+03   0.0000000e+00   1.0783074e-05
   1.2380000e+03   0.0000000e+00   1.0751762e-05
   1.2390000e+03   0.0000000e+00   1.0720540e-05
   1.2400000e+03   0.0000000e+00   1.0689410e-05
   1.2410000e+03   0.0000000e+00   1.0658370e-05
   1.2420000e+03   0.0000000e+00   1.0627420e-05
   1.2430000e+03   0.0000000e+00   1.0596560e-05
   1.2440000e+03   0.0000000e+00   1.0565790e-05
   1.2450000e+03   0.0000000e+00   1.0535109e-05
   1.2460000e+03   1.0000000e+00   1.0504517e-05
   1.2470000e+03   0.0000000e+00   1.0474014e-05
   1.2480000e+03   0.0000000e+00   1.0443599e-05
   1.2490000e+03   0.0000000e+00   1.0413273e-05
   1.2500000e+03   0.0000000e+00   1.0383035e-05
   1.2510000e+03   0.0000000e+00   1.0352884e-05
   1.2520000e+03   0.0000000e+00   1.0322821e-05
   1.2530000e+03   0.0000000e+00   1.0292846e-05
   1.2540000e+03   0.0000000e+00   1.0262957e-05
   1.2550000e+03   0.0000000e+00   1.0233156e-05
   1.2560000e+03   0.0000000e+00   1.0203441e-05
   1.2570000e+03   0.0000000e+00   1.0173812e-05
   1.2580000e+03   0.0000000e+00   1.0144269e-05
   1.2590000e+03   0.0000000e+00   1.0114812e-05
   1.2600000e+03   0.0000000e+00   1.0085440e-05
   1.2610000e+03   0.0000000e+00   1.0056154e-05
   1.2620000e+03   0.0000000e+00   1.0026953e-05
   1.2630000e+03   0.0000000e+00   9.9978365e-06
   1.2640000e+03   0.0000000e+00   9.9688047e-06
   1.2650000e+03   0.0000000e+00   9.9398572e-06
   1.2660000e+03   0.0000000e+00   9.9109937e-06
   1.2670000e+03   0.0000000e+00   9.8822141e-06
   1.2680000e+03   0.0000000e+00   9.8535180e-06
   1.2690000e+03   0.0000000e+00   9.8249052e-06
   1.2700000e+03   0.0000000e+00   9.7963756e-06
   1.2710000e+03   0.0000000e+00   9.7679288e-06
   1.2720000e+03   0.0000000e+00   9.7395645e-06
   1.2730000e+03   0.0000000e+00   9.7112827e-06
   1.2740000e+03   0.0000000e+00   9.6830830e-06
   1.2750000e+03   0.0000000e+00   9.6549651e-06
   1.2760000e+03   0.0000000e+00   9.6269289e-06
   1.2770000e+03   0.0000000e+00   9.5989742e-06
   1.2780000e+03   0.0000000e+00   9.5711006e-06
   1.2790000e+03   0.0000000e+00   9.5433079e-06
   1.2800000e+03   0.0000000e+00   9.5155959e-06
   1.2810000e+03   0.0000000e+00   9.4879644e-06
   1.2820000e+03   0.0000000e+00   9.4604132e-06
   1.2830000e+03   0.0000000e+00   9.4329419e-06
   1.2840000e+03   0.0000000e+00   9.4055505e-06
   1.2850000e+03   1.0000000e+00   9.3782385e-06
   1.2860000e+03   0.0000000e+00   9.3510059e-06
   1.2870000e+03   0.0000000e+00   9.3238523e-06
   1.2880000e+03   0.0000000e+00   9.2967776e-06
   1.2890000e+03   0.0000000e+00   9.2697816e-06
   1.2900000e+03   0.0000000e+00   9.2428639e-06
   1.2910000e+03   0.0000000e+00   9.2160243e-06
   1.2920000e+03   0.0000000e+00   9.1892628e-06
   1.2930000e+03   0.0000000e+00   9.1625789e-06
   1.2940000e+03   0.0000000e+00   9.1359725e-06
   1.2950000e+03   0.0000000e+00   9.1094434e-06
   1.2960000e+03   0.0000000e+00   9.0829913e-06
   1.2970000e+03   0.0000000e+00   9.0566160e-06
   1.2980000e+03   0.0000000e+00   9.0303173e-06
   1.2990000e+03   0.0000000e+00   9.0040949e-06
   1.3000000e+03   0.0000000e+00   8.9779488e-06
   1.3010000e+03   0.0000000e+00   8.9518785e-06
   1.3020000e+03   0.0000000e+00   8.9258839e-06
   1.3030000e+03   0.0000000e+00   8.8999649e-06
   1.3040000e+03   0.0000000e+00   8.8741210e-06
   1.3050000e+03   0.0000000e+00   8.8483523e-06
   1.3060000e+03   0.0000000e+00   8.8226583e-06
   1.3070000e+03   0.0000000e+00   8.7970390e-06
   1.3080000e+03   0.0000000e+00   8.7714941e-06
   1.3090000e+03   0.0000000e+00   8.7460233e-06
   1.3100000e+03   0.0000000e+00   8.7206265e-06
   1.3110000e+03   0.0000000e+00   8.6953035e-06
   1.3120000e+03   0.0000000e+00   8.6700540e-06
   1.3130000e+03   1.0000000e+00   8.6448778e-06
   1.3140000e+03   0.0000000e+00   8.6197747e-06
   1.3150000e+03   0.0000000e+00   8.5947445e-06
   1.3160000e+03   0.0000000e+00   8.5697870e-06
   1.3170000e+03   0.0000000e+00   8.5449020e-06
   1.3180000e+03   0.0000000e+00   8.5200892e-06
   1.3190000e+03   0.0000000e+00   8.4953485e-06
   1.3200000e+03   0.0000000e+00   8.4706796e-06
   1.3210000e+03   0.0000000e+00   8.4460823e-06
   1.3220000e+03   0.0000000e+00   8.4215565e-06
   1.3230000e+03   0.0000000e+00   8.3971019e-06
   1.3240000e+03   0.0000000e+00   8.3727183e-06
   1.3250000e+03   0.0000000e+00   8.3484055e-06
   1.3260000e+03   0.0000000e+00   8.3241633e-06
   1.3270000e+03   0.0000000e+00   8.2999915e-06
   1.3280000e+03   0.0000000e+00   8.2758899e-06
   1.3290000e+03   0.0000000e+00   8.2518583e-06
   1.3300000e+03   0.0000000e+00   8.2278965e-06
   1.3310000e+03   0.0000000e+00   8.2040042e-06
   1.3320000e+03   0.0000000e+00   8.1801814e-06
   1.3330000e+03   0.0000000e+00   8.1564277e-06
   1.3340000e+03   0.0000000e+00   8.1327429e-06
   1.3350000e+03   0.0000000e+00   8.1091270e-06
   1.3360000e+03   0.0000000e+00   8.0855796e-06
   1.3370000e+03   0.0000000e+00   8.0621006e-06
   1.3380000e+03   0.0000000e+00   8.0386898e-06
   1.3390000e+03   0.0000000e+00   8.0153470e-06
   1.3400000e+03   0.0000000e+00   7.9920720e-06
   1.3410000e+03   0.0000000e+00   7.9688645e-06
   1.3420000e+03   0.0000000e+00   7.9457244e-06
   1.3430000e+03   0.0000000e+00   7.9226515e-06
   1.3440000e+03   0.0000000e+00   7.8996457e-06
   1.3450000e+03   0.0000000e+00   7.8767066e-06
   1.3460000e+03   0.0000000e+00   7.8538341e-06
   1.3470000e+03   0.0000000e+00   7.8310281e-06
   1.3480000e+03   0.0000000e+00   7.8082883e-06
   1.3490000e+03   0.0000000e+00   7.7856145e-06
   1.3500000e+03   0.0000000e+00   7.7630065e-06
   1.3510000e+03   0.0000000e+00   7.7404642e-06
   1.3520000e+03   0.0000000e+00   7.7179874e-06
   1.3530000e+03   0.0000000e+00   7.6955758e-06
   1.3540000e+03   0.0000000e+00   7.6732293e-06
   1.3550000e+03   0.0000000e+00   7.6509477e-06
   1.3560000e+03   0.0000000e+00   7.6287308e-06
   1.3570000e+03   0.0000000e+00   7.6065784e-06
   1.3580000e+03   0.0000000e+00   7.5844904e-06
   1.3590000e+03   0.0000000e+00   7.5624664e-06
   1.3600000e+03   0.0000000e+00   7.5405065e-06
   1.3610000e+03   0.0000000e+00   7.5186103e-06
   1.3620000e+03   0.0000000e+00   7.4967777e-06
   1.3630000e+03   0.0000000e+00   7.4750084e-06
   1.3640000e+03   0.0000000e+00   7.4533024e-06
   1.3650000e+03   0.0000000e+00   7.4316595e-06
   1.3660000e+03   0.0000000e+00   7.4100793e-06
   1.3670000e+03   0.0000000e+00   7.3885619e-06
   1.3680000e+03   0.0000000e+00   7.3671069e-06
   1.3690000e+03   0.0000000e+00   7.3457142e-06
   1.3700000e+03   0.0000000e+00   7.3243836e-06
   1.3710000e+03   0.0000000e+00   7.3031150e-06
   1.3720000e+03   0.0000000e+00   7.2819082e-06
   1.3730000e+03   1.0000000e+00   7.2607629e-06
   1.3740000e+03   0.0000000e+00   7.2396790e-06
   1.3750000e+03   0.0000000e+00   7.2186563e-06
   1.3760000e+03   0.0000000e+00   7.1976947e-06
   1.3770000e+03   0.0000000e+00   7.1767940e-06
   1.3780000e+03   0.0000000e+00   7.1559539e-06
   1.3790000e+03   0.0000000e+00   7.1351744e-06
   1.3800000e+03   0.0000000e+00   7.1144552e-06
   1.3810000e+03   0.0000000e+00   7.0937962e-06
   1.3820000e+03   0.0000000e+00   7.0731971e-06
   1.3830000e+03   0.0000000e+00   7.0526579e-06
   1.3840000e+03   0.0000000e+00   7.0321783e-06
   1.3850000e+03   0.0000000e+00   7.0117582e-06
   1.3860000e+03   0.0000000e+00   6.9913974e-06
   1.3870000e+03   0.0000000e+00   6.9710957e-06
   1.3880000e+03   0.0000000e+00   6.9508530e-06
   1.3890000e+03   0.0000000e+00   6.9306690e-06
   1.3900000e+03   0.0000000e+00   6.9105437e-06
   1.3910000e+03   0.0000000e+00   6.8904768e-06
   1.3920000e+03   0.0000000e+00   6.8704681e-06
   1.3930000e+03   0.0000000e+00   6.8505176e-06
   1.3940000e+03   0.0000000e+00   6.8306250e-06
   1.3950000e+03   0.0000000e+00   6.8107902e-06
   1.3960000e+03   0.0000000e+00   6.7910129e-06
   1.3970000e+03   0.0000000e+00   6.7712931e-06
   1.3980000e+03   0.0000000e+00   6.7516305e-06
   1.3990000e+03   0.0000000e+00   6.7320251e-06
   1.4000000e+03   0.0000000e+00   6.7124766e-06
   1.4010000e+03   0.0000000e+00   6.6929848e-06
   1.4020000e+03   0.0000000e+00   6.6735496e-06
   1.4030000e+03   0.0000000e+00   6.6541709e-06
   1.4040000e+03   0.0000000e+00   6.6348485e-06
   1.4050000e+03   0.0000000e+00   6.6155821e-06
   1.4060000e+03   0.0000000e+00   6.5963717e-06
   1.4070000e+03   0.0000000e+00   6.5772171e-06
   1.4080000e+03   0.0000000e+00   6.5581181e-06
   1.4090000e+03   0.0000000e+00   6.5390746e-06
   1.4100000e+03   0.0000000e+00   6.5200864e-06
   1.4110000e+03   0.0000000e+00   6.5011533e-06
   1.4120000e+03   0.0000000e+00   6.4822752e-06
   1.4130000e+03   0.0000000e+00   6.4634519e-06
   1.4140000e+03   0.0000000e+00   6.4446832e-06
   1.4150000e+03   0.0000000e+00   6.4259691e-06
   1.4160000e+03   0.0000000e+00   6.4073093e-06
   1.4170000e+03   0.0000000e+00   6.3887037e-06
   1.4180000e+03   0.0000000e+00   6.3701521e-06
   1.4190000e+03   0.0000000e+00   6.3516544e-06
   1.4200000e+03   0.0000000e+00   6.3332104e-06
   1.4210000e+03   0.0000000e+00   6.3148199e-06
   1.4220000e+03   0.0000000e+00   6.2964829e-06
   1.4230000e+03   0.0000000e+00   6.2781991e-06
   1.4240000e+03   0.0000000e+00   6.2599684e-06
   1.4250000e+03   0.0000000e+00   6.2417907e-06
   1.4260000e+03   0.0000000e+00   6.2236657e-06
   1.4270000e+03   0.0000000e+00   6.2055933e-06
   1.4280000e+03   0.0000000e+00   6.1875735e-06
   1.4290000e+03   0.0000000e+00   6.1696059e-06
   1.4300000e+03   0.0000000e+00   6.1516906e-06
   1.4310000e+03   0.0000000e+00   6.1338272e-06
   1.4320000e+03   0.0000000e+00   6.1160158e-06
   1.4330000e+03   0.0000000e+00   6.0982560e-06
   1.4340000e+03   0.0000000e+00   6.0805478e-06
   1.4350000e+03   0.0000000e+00   6.0628911e-06
   1.4360000e+03   0.0000000e+00   6.0452856e-06
   1.4370000e+03   0.0000000e+00   6.0277312e-06
   1.4380000e+03   0.0000000e+00   6.0102278e-06
   1.4390000e+03   0.0000000e+00   5.9927753e-06
   1.4400000e+03   0.0000000e+00   5.9753734e-06
   1.4410000e+03   0.0000000e+00   5.9580220e-06
   1.4420000e+03   0.0000000e+00   5.9407211e-06
   1.4430000e+03   0.0000000e+00   5.9234703e-06
   1.4440000e+03   0.0000000e+00   5.9062697e-06
   1.4450000e+03   0.0000000e+00   5.8891190e-06
   1.4460000e+03   0.0000000e+00   5.8720181e-06
   1.4470000e+03   0.0000000e+00   5.8549669e-06
   1.4480000e+03   0.0000000e+00   5.8379652e-06
   1.4490000e+03   0.0000000e+00   5.8210129e-06
   1.4500000e+03   0.0000000e+00   5.8041097e-06
   1.4510000e+03   0.0000000e+00   5.7872557e-06
   1.4520000e+03   0.0000000e+00   5.7704506e-06
   1.4530000e+03   0.0000000e+00   5.7536943e-06
   1.4540000e+03   0.0000000e+00   5.7369867e-06
   1.4550000e+03   0.0000000e+00   5.7203276e-06
   1.4560000e+03   0.0000000e+00   5.7037168e-06
   1.4570000e+03   0.0000000e+00   5.6871543e-06
   1.4580000e+03   0.0000000e+00   5.6706399e-06
   1.4590000e+03   0.0000000e+00   5.6541734e-06
   1.4600000e+03   0.0000000e+00   5.6377548e-06
   1.4610000e+03   0.0000000e+00   5.6213838e-06
   1.4620000e+03   0.0000000e+00   5.6050604e-06
   1.4630000e+03   0.0000000e+00   5.5887843e-06
   1.4640000e+03   0.0000000e+00   5.5725556e-06
   1.4650000e+03   0.0000000e+00   5.5563739e-06
   1.4660000e+03   0.0000000e+00   5.5402393e-06
   1.4670000e+03   0.0000000e+00   5.5241515e-06
   1.4680000e+03   0.0000000e+00   5.5081104e-06
   1.4690000e+03   0.0000000e+00   5.4921159e-06
   1.4700000e+03   0.0000000e+00   5.4761678e-06
   1.4710000e+03   0.0000000e+00   5.4602661e-06
   1.4720000e+03   0.0000000e+00   5.4444105e-06
   1.4730000e+03   0.0000000e+00   5.4286009e-06
   1.4740000e+03   0.0000000e+00   5.4128373e-06
   1.4750000e+03   0.0000000e+00   5.3971195e-06
   1.4760000e+03   0.0000000e+00   5.3814473e-06
   1.4770000e+03   0.0000000e+00   5.3658206e-06
   1.4780000e+03   0.0000000e+00   5.3502392e-06
   1.4790000e+03   0.0000000e+00   5.3347031e-06
   1.4800000e+03   0.0000000e+00   5.3192122e-06
   1.4810000e+03   0.0000000e+00   5.3037662e-06
   1.4820000e+03   0.0000000e+00   5.2883651e-06
   1.4830000e+03   0.0000000e+00   5.2730087e-06
   1.4840000e+03   0.0000000e+00   5.2576968e-06
   1.4850000e+03   0.0000000e+00   5.2424295e-06
   1.4860000e+03   0.0000000e+00   5.2272065e-06
   1.4870000e+03   0.0000000e+00   5.2120277e-06
   1.4880000e+03   0.0000000e+00   5.1968929e-06
   1.4890000e+03   0.0000000e+00   5.1818021e-06
   1.4900000e+03   0.0000000e+00   5.1667551e-06
   1.4910000e+03   0.0000000e+00   5.1517519e-06
   1.4920000e+03   0.0000000e+00   5.1367922e-06
   1.4930000e+03   0.0000000e+00   5.1218759e-06
   1.4940000e+03   0.0000000e+00   5.1070029e-06
   1.4950000e+03   1.0000000e+00   5.0921732e-06
