   1.0000000e+00   7.3000000e+01   4.2962692e-02
   2.0000000e+00   7.6000000e+01   4.0974806e-02
   3.0000000e+00   5.2000000e+01   3.9079808e-02
   4.0000000e+00   6.2000000e+01   3.7273352e-02
   5.0000000e+00   3.7000000e+01   3.5551297e-02
   6.0000000e+00   4.1000000e+01   3.3909692e-02
   7.0000000e+00   4.7000000e+01   3.2344776e-02
   8.0000000e+00   2.8000000e+01   3.0852959e-02
   9.0000000e+00   4.6000000e+01   2.9430821e-02
   1.0000000e+01   4.4000000e+01   2.8075105e-02
   1.1000000e+01   3.9000000e+01   2.6782700e-02
   1.2000000e+01   3.7000000e+01   2.5550647e-02
   1.3000000e+01   3.2000000e+01   2.4376122e-02
   1.4000000e+01   2.3000000e+01   2.3256433e-02
   1.5000000e+01   2.4000000e+01   2.2189015e-02
   1.6000000e+01   3.6000000e+01   2.1171423e-02
   1.7000000e+01   2.6000000e+01   2.0201326e-02
   1.8000000e+01   2.5000000e+01   1.9276503e-02
   1.9000000e+01   2.1000000e+01   1.8394835e-02
   2.0000000e+01   1.5000000e+01   1.7554304e-02
   2.1000000e+01   2.4000000e+01   1.6752986e-02
   2.2000000e+01   2.6000000e+01   1.5989046e-02
   2.3000000e+01   2.1000000e+01   1.5260736e-02
   2.4000000e+01   1.9000000e+01   1.4566390e-02
   2.5000000e+01   1.4000000e+01   1.3904419e-02
   2.6000000e+01   1.0000000e+01   1.3273308e-02
   2.7000000e+01   2.0000000e+01   1.2671615e-02
   2.8000000e+01   2.2000000e+01   1.2097963e-02
   2.9000000e+01   1.9000000e+01   1.1551041e-02
   3.0000000e+01   1.8000000e+01   1.1029598e-02
   3.1000000e+01   1.7000000e+01   1.0532444e-02
   3.2000000e+01   1.8000000e+01   1.0058442e-02
   3.3000000e+01   1.8000000e+01   9.6065102e-03
   3.4000000e+01   8.0000000e+00   9.1756155e-03
   3.5000000e+01   1.0000000e+01   8.7647745e-03
   3.6000000e+01   1.5000000e+01   8.3730495e-03
   3.7000000e+01   2.0000000e+01   7.9995466e-03
   3.8000000e+01   7.0000000e+00   7.6434137e-03
   3.9000000e+01   1.2000000e+01   7.3038388e-03
   4.0000000e+01   8.0000000e+00   6.9800476e-03
   4.1000000e+01   9.0000000e+00   6.6713022e-03
   4.2000000e+01   4.0000000e+00   6.3768991e-03
   4.3000000e+01   5.0000000e+00   6.0961678e-03
   4.4000000e+01   6.0000000e+00   5.8284693e-03
   4.5000000e+01   1.2000000e+01   5.5731942e-03
   4.6000000e+01   1.0000000e+01   5.3297618e-03
   4.7000000e+01   1.0000000e+01   5.0976186e-03
   4.8000000e+01   7.0000000e+00   4.8762369e-03
   4.9000000e+01   8.0000000e+00   4.6651137e-03
   5.0000000e+01   7.0000000e+00   4.4637696e-03
   5.1000000e+01   4.0000000e+00   4.2717475e-03
   5.2000000e+01   5.0000000e+00   4.0886120e-03
   5.3000000e+01   5.0000000e+00   3.9139476e-03
   5.4000000e+01   5.0000000e+00   3.7473586e-03
   5.5000000e+01   1.0000000e+01   3.5884676e-03
   5.6000000e+01   1.0000000e+00   3.4369151e-03
   5.7000000e+01   7.0000000e+00   3.2923582e-03
   5.8000000e+01   4.0000000e+00   3.1544702e-03
   5.9000000e+01   4.0000000e+00   3.0229394e-03
   6.0000000e+01   3.0000000e+00   2.8974691e-03
   6.1000000e+01   4.0000000e+00   2.7777761e-03
   6.2000000e+01   3.0000000e+00   2.6635906e-03
   6.3000000e+01   3.0000000e+00   2.5546556e-03
   6.4000000e+01   3.0000000e+00   2.4507259e-03
   6.5000000e+01   1.0000000e+00   2.3515677e-03
   6.6000000e+01   2.0000000e+00   2.2569584e-03
   6.7000000e+01   1.0000000e+00   2.1666856e-03
   6.8000000e+01   4.0000000e+00   2.0805469e-03
   6.9000000e+01   2.0000000e+00   1.9983495e-03
   7.0000000e+01   2.0000000e+00   1.9199093e-03
   7.1000000e+01   5.0000000e+00   1.8450512e-03
   7.2000000e+01   2.0000000e+00   1.7736080e-03
   7.3000000e+01   4.0000000e+00   1.7054205e-03
   7.4000000e+01   4.0000000e+00   1.6403368e-03
   7.5000000e+01   3.0000000e+00   1.5782121e-03
   7.6000000e+01   0.0000000e+00   1.5189086e-03
   7.7000000e+01   1.0000000e+00   1.4622947e-03
   7.8000000e+01   2.0000000e+00   1.4082451e-03
   7.9000000e+01   0.0000000e+00   1.3566402e-03
   8.0000000e+01   1.0000000e+00   1.3073662e-03
   8.1000000e+01   1.0000000e+00   1.2603145e-03
   8.2000000e+01   2.0000000e+00   1.2153816e-03
   8.3000000e+01   3.0000000e+00   1.1724689e-03
   8.4000000e+01   0.0000000e+00   1.1314822e-03
   8.5000000e+01   5.0000000e+00   1.0923319e-03
   8.6000000e+01   4.0000000e+00   1.0549327e-03
   8.7000000e+01   1.0000000e+00   1.0192030e-03
   8.8000000e+01   1.0000000e+00   9.8506510e-04
   8.9000000e+01   2.0000000e+00   9.5244510e-04
   9.0000000e+01   1.0000000e+00   9.2127240e-04
   9.1000000e+01   0.0000000e+00   8.9147974e-04
   9.2000000e+01   1.0000000e+00   8.6300300e-04
   9.3000000e+01   3.0000000e+00   8.3578107e-04
   9.4000000e+01   2.0000000e+00   8.0975568e-04
   9.5000000e+01   1.0000000e+00   7.8487130e-04
   9.6000000e+01   2.0000000e+00   7.6107499e-04
   9.7000000e+01   1.0000000e+00   7.3831627e-04
   9.8000000e+01   2.0000000e+00   7.1654705e-04
   9.9000000e+01   1.0000000e+00   6.9572147e-04
   1.0000000e+02   0.0000000e+00   6.7579580e-04
   1.0100000e+02   1.0000000e+00   6.5672838e-04
   1.0200000e+02   3.0000000e+00   6.3847948e-04
   1.0300000e+02   2.0000000e+00   6.2101124e-04
   1.0400000e+02   0.0000000e+00   6.0428754e-04
   1.0500000e+02   0.0000000e+00   5.8827399e-04
   1.0600000e+02   2.0000000e+00   5.7293778e-04
   1.0700000e+02   0.0000000e+00   5.5824762e-04
   1.0800000e+02   3.0000000e+00   5.4417372e-04
   1.0900000e+02   2.0000000e+00   5.3068765e-04
   1.1000000e+02   0.0000000e+00   5.1776233e-04
   1.1100000e+02   0.0000000e+00   5.0537192e-04
   1.1200000e+02   0.0000000e+00   4.9349180e-04
   1.1300000e+02   1.0000000e+00   4.8209851e-04
   1.1400000e+02   0.0000000e+00   4.7116967e-04
   1.1500000e+02   0.0000000e+00   4.6068396e-04
   1.1600000e+02   1.0000000e+00   4.5062102e-04
   1.1700000e+02   3.0000000e+00   4.4096149e-04
   1.1800000e+02   1.0000000e+00   4.3168687e-04
   1.1900000e+02   0.0000000e+00   4.2277956e-04
   1.2000000e+02   1.0000000e+00   4.1422276e-04
   1.2100000e+02   0.0000000e+00   4.0600045e-04
   1.2200000e+02   0.0000000e+00   3.9809737e-04
   1.2300000e+02   0.0000000e+00   3.9049896e-04
   1.2400000e+02   0.0000000e+00   3.8319136e-04
   1.2500000e+02   1.0000000e+00   3.7616133e-04
   1.2600000e+02   0.0000000e+00   3.6939626e-04
   1.2700000e+02   1.0000000e+00   3.6288414e-04
   1.2800000e+02   1.0000000e+00   3.5661349e-04
   1.2900000e+02   0.0000000e+00   3.5057339e-04
   1.3000000e+02   0.0000000e+00   3.4475342e-04
   1.3100000e+02   0.0000000e+00   3.3914365e-04
   1.3200000e+02   0.0000000e+00   3.3373460e-04
   1.3300000e+02   0.0000000e+00   3.2851725e-04
   1.3400000e+02   2.0000000e+00   3.2348299e-04
   1.3500000e+02   0.0000000e+00   3.1862360e-04
   1.3600000e+02   0.0000000e+00   3.1393126e-04
   1.3700000e+02   0.0000000e+00   3.0939851e-04
   1.3800000e+02   0.0000000e+00   3.0501824e-04
   1.3900000e+02   1.0000000e+00   3.0078365e-04
   1.4000000e+02   0.0000000e+00   2.9668828e-04
   1.4100000e+02   0.0000000e+00   2.9272596e-04
   1.4200000e+02   0.0000000e+00   2.8889081e-04
   1.4300000e+02   0.0000000e+00   2.8517721e-04
   1.4400000e+02   0.0000000e+00   2.8157983e-04
   1.4500000e+02   0.0000000e+00   2.7809356e-04
   1.4600000e+02   0.0000000e+00   2.7471354e-04
   1.4700000e+02   0.0000000e+00   2.7143512e-04
   1.4800000e+02   0.0000000e+00   2.6825390e-04
   1.4900000e+02   0.0000000e+00   2.6516564e-04
   1.5000000e+02   0.0000000e+00   2.6216633e-04
   1.5100000e+02   0.0000000e+00   2.5925213e-04
   1.5200000e+02   2.0000000e+00   2.5641939e-04
   1.5300000e+02   0.0000000e+00   2.5366461e-04
   1.5400000e+02   0.0000000e+00   2.5098447e-04
   1.5500000e+02   0.0000000e+00   2.4837578e-04
   1.5600000e+02   0.0000000e+00   2.4583554e-04
   1.5700000e+02   1.0000000e+00   2.4336084e-04
   1.5800000e+02   0.0000000e+00   2.4094893e-04
   1.5900000e+02   0.0000000e+00   2.3859719e-04
   1.6000000e+02   0.0000000e+00   2.3630311e-04
   1.6100000e+02   0.0000000e+00   2.3406430e-04
   1.6200000e+02   0.0000000e+00   2.3187848e-04
   1.6300000e+02   0.0000000e+00   2.2974348e-04
   1.6400000e+02   0.0000000e+00   2.2765721e-04
   1.6500000e+02   0.0000000e+00   2.2561770e-04
   1.6600000e+02   1.0000000e+00   2.2362306e-04
   1.6700000e+02   1.0000000e+00   2.2167148e-04
   1.6800000e+02   0.0000000e+00   2.1976125e-04
   1.6900000e+02   0.0000000e+00   2.1789072e-04
   1.7000000e+02   0.0000000e+00   2.1605833e-04
   1.7100000e+02   2.0000000e+00   2.1426259e-04
   1.7200000e+02   0.0000000e+00   2.1250206e-04
   1.7300000e+02   0.0000000e+00   2.1077539e-04
   1.7400000e+02   0.0000000e+00   2.0908127e-04
   1.7500000e+02   1.0000000e+00   2.0741847e-04
   1.7600000e+02   0.0000000e+00   2.0578580e-04
   1.7700000e+02   0.0000000e+00   2.0418214e-04
   1.7800000e+02   1.0000000e+00   2.0260640e-04
   1.7900000e+02   0.0000000e+00   2.0105755e-04
   1.8000000e+02   0.0000000e+00   1.9953461e-04
   1.8100000e+02   1.0000000e+00   1.9803664e-04
   1.8200000e+02   1.0000000e+00   1.9656275e-04
   1.8300000e+02   0.0000000e+00   1.9511207e-04
   1.8400000e+02   0.0000000e+00   1.9368380e-04
   1.8500000e+02   0.0000000e+00   1.9227714e-04
   1.8600000e+02   1.0000000e+00   1.9089136e-04
   1.8700000e+02   0.0000000e+00   1.8952573e-04
   1.8800000e+02   1.0000000e+00   1.8817959e-04
   1.8900000e+02   0.0000000e+00   1.8685227e-04
   1.9000000e+02   0.0000000e+00   1.8554316e-04
   1.9100000e+02   0.0000000e+00   1.8425166e-04
   1.9200000e+02   0.0000000e+00   1.8297720e-04
   1.9300000e+02   1.0000000e+00   1.8171925e-04
   1.9400000e+02   0.0000000e+00   1.8047728e-04
   1.9500000e+02   0.0000000e+00   1.7925080e-04
   1.9600000e+02   0.0000000e+00   1.7803932e-04
   1.9700000e+02   0.0000000e+00   1.7684241e-04
   1.9800000e+02   0.0000000e+00   1.7565962e-04
   1.9900000e+02   1.0000000e+00   1.7449054e-04
   2.0000000e+02   1.0000000e+00   1.7333477e-04
   2.0100000e+02   0.0000000e+00   1.7219194e-04
   2.0200000e+02   0.0000000e+00   1.7106167e-04
   2.0300000e+02   1.0000000e+00   1.6994362e-04
   2.0400000e+02   0.0000000e+00   1.6883747e-04
   2.0500000e+02   0.0000000e+00   1.6774288e-04
   2.0600000e+02   1.0000000e+00   1.6665955e-04
   2.0700000e+02   0.0000000e+00   1.6558720e-04
   2.0800000e+02   1.0000000e+00   1.6452553e-04
   2.0900000e+02   0.0000000e+00   1.6347429e-04
   2.1000000e+02   2.0000000e+00   1.6243322e-04
   2.1100000e+02   0.0000000e+00   1.6140206e-04
   2.1200000e+02   0.0000000e+00   1.6038058e-04
   2.1300000e+02   1.0000000e+00   1.5936856e-04
   2.1400000e+02   0.0000000e+00   1.5836578e-04
   2.1500000e+02   0.0000000e+00   1.5737203e-04
   2.1600000e+02   0.0000000e+00   1.5638711e-04
   2.1700000e+02   0.0000000e+00   1.5541082e-04
   2.1800000e+02   1.0000000e+00   1.5444299e-04
   2.1900000e+02   0.0000000e+00   1.5348344e-04
   2.2000000e+02   0.0000000e+00   1.5253199e-04
   2.2100000e+02   1.0000000e+00   1.5158848e-04
   2.2200000e+02   1.0000000e+00   1.5065276e-04
   2.2300000e+02   0.0000000e+00   1.4972468e-04
   2.2400000e+02   1.0000000e+00   1.4880409e-04
   2.2500000e+02   0.0000000e+00   1.4789084e-04
   2.2600000e+02   0.0000000e+00   1.4698482e-04
   2.2700000e+02   0.0000000e+00   1.4608588e-04
   2.2800000e+02   0.0000000e+00   1.4519390e-04
   2.2900000e+02   0.0000000e+00   1.4430877e-04
   2.3000000e+02   0.0000000e+00   1.4343036e-04
   2.3100000e+02   0.0000000e+00   1.4255858e-04
   2.3200000e+02   0.0000000e+00   1.4169330e-04
   2.3300000e+02   0.0000000e+00   1.4083442e-04
   2.3400000e+02   0.0000000e+00   1.3998186e-04
   2.3500000e+02   0.0000000e+00   1.3913550e-04
   2.3600000e+02   1.0000000e+00   1.3829526e-04
   2.3700000e+02   0.0000000e+00   1.3746105e-04
   2.3800000e+02   0.0000000e+00   1.3663278e-04
   2.3900000e+02   0.0000000e+00   1.3581037e-04
   2.4000000e+02   0.0000000e+00   1.3499374e-04
   2.4100000e+02   0.0000000e+00   1.3418280e-04
   2.4200000e+02   0.0000000e+00   1.3337749e-04
   2.4300000e+02   1.0000000e+00   1.3257772e-04
   2.4400000e+02   0.0000000e+00   1.3178344e-04
   2.4500000e+02   0.0000000e+00   1.3099456e-04
   2.4600000e+02   0.0000000e+00   1.3021102e-04
   2.4700000e+02   0.0000000e+00   1.2943277e-04
   2.4800000e+02   0.0000000e+00   1.2865972e-04
   2.4900000e+02   2.0000000e+00   1.2789184e-04
   2.5000000e+02   0.0000000e+00   1.2712905e-04
   2.5100000e+02   0.0000000e+00   1.2637129e-04
   2.5200000e+02   0.0000000e+00   1.2561852e-04
   2.5300000e+02   1.0000000e+00   1.2487068e-04
   2.5400000e+02   0.0000000e+00   1.2412771e-04
   2.5500000e+02   0.0000000e+00   1.2338957e-04
   2.5600000e+02   0.0000000e+00   1.2265620e-04
   2.5700000e+02   0.0000000e+00   1.2192755e-04
   2.5800000e+02   1.0000000e+00   1.2120358e-04
   2.5900000e+02   0.0000000e+00   1.2048425e-04
   2.6000000e+02   0.0000000e+00   1.1976950e-04
   2.6100000e+02   0.0000000e+00   1.1905930e-04
   2.6200000e+02   0.0000000e+00   1.1835359e-04
   2.6300000e+02   0.0000000e+00   1.1765234e-04
   2.6400000e+02   0.0000000e+00   1.1695551e-04
   2.6500000e+02   0.0000000e+00   1.1626306e-04
   2.6600000e+02   0.0000000e+00   1.1557494e-04
   2.6700000e+02   0.0000000e+00   1.1489113e-04
   2.6800000e+02   1.0000000e+00   1.1421158e-04
   2.6900000e+02   0.0000000e+00   1.1353625e-04
   2.7000000e+02   0.0000000e+00   1.1286511e-04
   2.7100000e+02   0.0000000e+00   1.1219813e-04
   2.7200000e+02   0.0000000e+00   1.1153527e-04
   2.7300000e+02   0.0000000e+00   1.1087649e-04
   2.7400000e+02   1.0000000e+00   1.1022177e-04
   2.7500000e+02   0.0000000e+00   1.0957107e-04
   2.7600000e+02   1.0000000e+00   1.0892436e-04
   2.7700000e+02   0.0000000e+00   1.0828160e-04
   2.7800000e+02   0.0000000e+00   1.0764278e-04
   2.7900000e+02   0.0000000e+00   1.0700784e-04
   2.8000000e+02   0.0000000e+00   1.0637678e-04
   2.8100000e+02   0.0000000e+00   1.0574956e-04
   2.8200000e+02   0.0000000e+00   1.0512614e-04
   2.8300000e+02   0.0000000e+00   1.0450650e-04
   2.8400000e+02   0.0000000e+00   1.0389062e-04
   2.8500000e+02   0.0000000e+00   1.0327846e-04
   2.8600000e+02   0.0000000e+00   1.0267000e-04
   2.8700000e+02   0.0000000e+00   1.0206522e-04
   2.8800000e+02   0.0000000e+00   1.0146407e-04
   2.8900000e+02   0.0000000e+00   1.0086655e-04
   2.9000000e+02   1.0000000e+00   1.0027262e-04
   2.9100000e+02   0.0000000e+00   9.9682266e-05
   2.9200000e+02   0.0000000e+00   9.9095452e-05
   2.9300000e+02   0.0000000e+00   9.8512158e-05
   2.9400000e+02   0.0000000e+00   9.7932360e-05
   2.9500000e+02   1.0000000e+00   9.7356033e-05
   2.9600000e+02   1.0000000e+00   9.6783155e-05
   2.9700000e+02   0.0000000e+00   9.6213701e-05
   2.9800000e+02   0.0000000e+00   9.5647650e-05
   2.9900000e+02   0.0000000e+00   9.5084978e-05
   3.0000000e+02   0.0000000e+00   9.4525663e-05
   3.0100000e+02   0.0000000e+00   9.3969682e-05
   3.0200000e+02   0.0000000e+00   9.3417014e-05
   3.0300000e+02   0.0000000e+00   9.2867637e-05
   3.0400000e+02   0.0000000e+00   9.2321530e-05
   3.0500000e+02   0.0000000e+00   9.1778670e-05
   3.0600000e+02   0.0000000e+00   9.1239038e-05
   3.0700000e+02   0.0000000e+00   9.0702612e-05
   3.0800000e+02   0.0000000e+00   9.0169372e-05
   3.0900000e+02   0.0000000e+00   8.9639297e-05
   3.1000000e+02   0.0000000e+00   8.9112367e-05
   3.1100000e+02   0.0000000e+00   8.8588562e-05
   3.1200000e+02   0.0000000e+00   8.8067862e-05
   3.1300000e+02   0.0000000e+00   8.7550249e-05
   3.1400000e+02   0.0000000e+00   8.7035701e-05
   3.1500000e+02   0.0000000e+00   8.6524200e-05
   3.1600000e+02   0.0000000e+00   8.6015727e-05
   3.1700000e+02   0.0000000e+00   8.5510262e-05
   3.1800000e+02   0.0000000e+00   8.5007788e-05
   3.1900000e+02   0.0000000e+00   8.4508285e-05
   3.2000000e+02   0.0000000e+00   8.4011735e-05
   3.2100000e+02   0.0000000e+00   8.3518120e-05
   3.2200000e+02   0.0000000e+00   8.3027422e-05
   3.2300000e+02   0.0000000e+00   8.2539622e-05
   3.2400000e+02   1.0000000e+00   8.2054702e-05
   3.2500000e+02   1.0000000e+00   8.1572646e-05
   3.2600000e+02   0.0000000e+00   8.1093435e-05
   3.2700000e+02   1.0000000e+00   8.0617052e-05
   3.2800000e+02   0.0000000e+00   8.0143480e-05
   3.2900000e+02   0.0000000e+00   7.9672702e-05
   3.3000000e+02   0.0000000e+00   7.9204700e-05
   3.3100000e+02   0.0000000e+00   7.8739457e-05
   3.3200000e+02   0.0000000e+00   7.8276958e-05
   3.3300000e+02   0.0000000e+00   7.7817185e-05
   3.3400000e+02   0.0000000e+00   7.7360121e-05
   3.3500000e+02   0.0000000e+00   7.6905751e-05
   3.3600000e+02   0.0000000e+00   7.6454058e-05
   3.3700000e+02   0.0000000e+00   7.6005026e-05
   3.3800000e+02   0.0000000e+00   7.5558639e-05
   3.3900000e+02   0.0000000e+00   7.5114880e-05
   3.4000000e+02   0.0000000e+00   7.4673735e-05
   3.4100000e+02   0.0000000e+00   7.4235187e-05
   3.4200000e+02   0.0000000e+00   7.3799220e-05
   3.4300000e+02   0.0000000e+00   7.3365821e-05
   3.4400000e+02   0.0000000e+00   7.2934971e-05
   3.4500000e+02   0.0000000e+00   7.2506658e-05
   3.4600000e+02   0.0000000e+00   7.2080865e-05
   3.4700000e+02   0.0000000e+00   7.1657578e-05
   3.4800000e+02   0.0000000e+00   7.1236780e-05
   3.4900000e+02   1.0000000e+00   7.0818459e-05
   3.5000000e+02   0.0000000e+00   7.0402598e-05
   3.5100000e+02   0.0000000e+00   6.9989183e-05
   3.5200000e+02   0.0000000e+00   6.9578200e-05
   3.5300000e+02   0.0000000e+00   6.9169633e-05
   3.5400000e+02   0.0000000e+00   6.8763470e-05
   3.5500000e+02   0.0000000e+00   6.8359694e-05
   3.5600000e+02   0.0000000e+00   6.7958293e-05
   3.5700000e+02   0.0000000e+00   6.7559252e-05
   3.5800000e+02   0.0000000e+00   6.7162557e-05
   3.5900000e+02   0.0000000e+00   6.6768194e-05
   3.6000000e+02   0.0000000e+00   6.6376149e-05
   3.6100000e+02   0.0000000e+00   6.5986409e-05
   3.6200000e+02   0.0000000e+00   6.5598959e-05
   3.6300000e+02   0.0000000e+00   6.5213787e-05
   3.6400000e+02   0.0000000e+00   6.4830879e-05
   3.6500000e+02   0.0000000e+00   6.4450220e-05
   3.6600000e+02   0.0000000e+00   6.4071799e-05
   3.6700000e+02   0.0000000e+00   6.3695602e-05
   3.6800000e+02   0.0000000e+00   6.3321615e-05
   3.6900000e+02   0.0000000e+00   6.2949826e-05
   3.7000000e+02   0.0000000e+00   6.2580222e-05
   3.7100000e+02   1.0000000e+00   6.2212789e-05
   3.7200000e+02   0.0000000e+00   6.1847515e-05
   3.7300000e+02   0.0000000e+00   6.1484387e-05
   3.7400000e+02   0.0000000e+00   6.1123392e-05
   3.7500000e+02   1.0000000e+00   6.0764519e-05
   3.7600000e+02   0.0000000e+00   6.0407753e-05
   3.7700000e+02   0.0000000e+00   6.0053084e-05
   3.7800000e+02   0.0000000e+00   5.9700497e-05
   3.7900000e+02   0.0000000e+00   5.9349982e-05
   3.8000000e+02   0.0000000e+00   5.9001526e-05
   3.8100000e+02   0.0000000e+00   5.8655117e-05
   3.8200000e+02   0.0000000e+00   5.8310743e-05
   3.8300000e+02   0.0000000e+00   5.7968391e-05
   3.8400000e+02   0.0000000e+00   5.7628050e-05
   3.8500000e+02   0.0000000e+00   5.7289708e-05
   3.8600000e+02   0.0000000e+00   5.6953354e-05
   3.8700000e+02   0.0000000e+00   5.6618975e-05
   3.8800000e+02   0.0000000e+00   5.6286559e-05
   3.8900000e+02   0.0000000e+00   5.5956096e-05
   3.9000000e+02   0.0000000e+00   5.5627574e-05
   3.9100000e+02   0.0000000e+00   5.5300981e-05
   3.9200000e+02   0.0000000e+00   5.4976307e-05
   3.9300000e+02   0.0000000e+00   5.4653538e-05
   3.9400000e+02   0.0000000e+00   5.4332666e-05
   3.9500000e+02   0.0000000e+00   5.4013678e-05
   3.9600000e+02   0.0000000e+00   5.3696563e-05
   3.9700000e+02   0.0000000e+00   5.3381310e-05
   3.9800000e+02   0.0000000e+00   5.3067908e-05
   3.9900000e+02   0.0000000e+00   5.2756347e-05
   4.0000000e+02   0.0000000e+00   5.2446616e-05
   4.0100000e+02   0.0000000e+00   5.2138703e-05
   4.0200000e+02   0.0000000e+00   5.1832599e-05
   4.0300000e+02   0.0000000e+00   5.1528291e-05
   4.0400000e+02   0.0000000e+00   5.1225771e-05
   4.0500000e+02   0.0000000e+00   5.0925027e-05
   4.0600000e+02   1.0000000e+00   5.0626049e-05
   4.0700000e+02   0.0000000e+00   5.0328827e-05
   4.0800000e+02   0.0000000e+00   5.0033350e-05
   4.0900000e+02   0.0000000e+00   4.9739608e-05
   4.1000000e+02   0.0000000e+00   4.9447590e-05
   4.1100000e+02   0.0000000e+00   4.9157288e-05
   4.1200000e+02   0.0000000e+00   4.8868689e-05
   4.1300000e+02   0.0000000e+00   4.8581786e-05
   4.1400000e+02   0.0000000e+00   4.8296567e-05
   4.1500000e+02   0.0000000e+00   4.8013022e-05
   4.1600000e+02   0.0000000e+00   4.7731143e-05
   4.1700000e+02   0.0000000e+00   4.7450918e-05
   4.1800000e+02   0.0000000e+00   4.7172339e-05
   4.1900000e+02   0.0000000e+00   4.6895396e-05
   4.2000000e+02   0.0000000e+00   4.6620078e-05
   4.2100000e+02   0.0000000e+00   4.6346377e-05
   4.2200000e+02   0.0000000e+00   4.6074284e-05
   4.2300000e+02   0.0000000e+00   4.5803787e-05
   4.2400000e+02   0.0000000e+00   4.5534879e-05
   4.2500000e+02   0.0000000e+00   4.5267550e-05
   4.2600000e+02   0.0000000e+00   4.5001790e-05
   4.2700000e+02   0.0000000e+00   4.4737590e-05
   4.2800000e+02   0.0000000e+00   4.4474942e-05
   4.2900000e+02   0.0000000e+00   4.4213836e-05
   4.3000000e+02   0.0000000e+00   4.3954263e-05
   4.3100000e+02   0.0000000e+00   4.3696214e-05
   4.3200000e+02   0.0000000e+00   4.3439680e-05
   4.3300000e+02   0.0000000e+00   4.3184652e-05
   4.3400000e+02   0.0000000e+00   4.2931121e-05
   4.3500000e+02   0.0000000e+00   4.2679079e-05
   4.3600000e+02   0.0000000e+00   4.2428516e-05
   4.3700000e+02   0.0000000e+00   4.2179425e-05
   4.3800000e+02   0.0000000e+00   4.1931796e-05
   4.3900000e+02   0.0000000e+00   4.1685621e-05
   4.4000000e+02   0.0000000e+00   4.1440892e-05
   4.4100000e+02   0.0000000e+00   4.1197599e-05
   4.4200000e+02   0.0000000e+00   4.0955734e-05
   4.4300000e+02   0.0000000e+00   4.0715290e-05
   4.4400000e+02   0.0000000e+00   4.0476257e-05
   4.4500000e+02   0.0000000e+00   4.0238628e-05
   4.4600000e+02   0.0000000e+00   4.0002393e-05
   4.4700000e+02   0.0000000e+00   3.9767546e-05
   4.4800000e+02   0.0000000e+00   3.9534077e-05
   4.4900000e+02   0.0000000e+00   3.9301979e-05
   4.5000000e+02   0.0000000e+00   3.9071244e-05
   4.5100000e+02   0.0000000e+00   3.8841863e-05
   4.5200000e+02   0.0000000e+00   3.8613829e-05
   4.5300000e+02   0.0000000e+00   3.8387134e-05
   4.5400000e+02   0.0000000e+00   3.8161770e-05
   4.5500000e+02   0.0000000e+00   3.7937729e-05
   4.5600000e+02   0.0000000e+00   3.7715003e-05
   4.5700000e+02   0.0000000e+00   3.7493585e-05
   4.5800000e+02   0.0000000e+00   3.7273467e-05
   4.5900000e+02   0.0000000e+00   3.7054641e-05
   4.6000000e+02   0.0000000e+00   3.6837099e-05
   4.6100000e+02   0.0000000e+00   3.6620835e-05
   4.6200000e+02   0.0000000e+00   3.6405841e-05
   4.6300000e+02   0.0000000e+00   3.6192109e-05
   4.6400000e+02   0.0000000e+00   3.5979631e-05
   4.6500000e+02   0.0000000e+00   3.5768401e-05
   4.6600000e+02   0.0000000e+00   3.5558411e-05
   4.6700000e+02   0.0000000e+00   3.5349654e-05
   4.6800000e+02   0.0000000e+00   3.5142123e-05
   4.6900000e+02   0.0000000e+00   3.4935810e-05
   4.7000000e+02   1.0000000e+00   3.4730708e-05
   4.7100000e+02   0.0000000e+00   3.4526810e-05
   4.7200000e+02   0.0000000e+00   3.4324110e-05
   4.7300000e+02   0.0000000e+00   3.4122599e-05
   4.7400000e+02   1.0000000e+00   3.3922272e-05
   4.7500000e+02   0.0000000e+00   3.3723120e-05
   4.7600000e+02   0.0000000e+00   3.3525138e-05
   4.7700000e+02   0.0000000e+00   3.3328318e-05
   4.7800000e+02   0.0000000e+00   3.3132654e-05
   4.7900000e+02   0.0000000e+00   3.2938138e-05
   4.8000000e+02   0.0000000e+00   3.2744764e-05
   4.8100000e+02   0.0000000e+00   3.2552526e-05
   4.8200000e+02   0.0000000e+00   3.2361416e-05
   4.8300000e+02   0.0000000e+00   3.2171428e-05
   4.8400000e+02   0.0000000e+00   3.1982555e-05
   4.8500000e+02   0.0000000e+00   3.1794792e-05
   4.8600000e+02   0.0000000e+00   3.1608130e-05
   4.8700000e+02   0.0000000e+00   3.1422565e-05
   4.8800000e+02   0.0000000e+00   3.1238089e-05
   4.8900000e+02   0.0000000e+00   3.1054696e-05
   4.9000000e+02   0.0000000e+00   3.0872380e-05
   4.9100000e+02   0.0000000e+00   3.0691134e-05
   4.9200000e+02   0.0000000e+00   3.0510952e-05
   4.9300000e+02   0.0000000e+00   3.0331828e-05
   4.9400000e+02   1.0000000e+00   3.0153755e-05
   4.9500000e+02   0.0000000e+00   2.9976728e-05
   4.9600000e+02   0.0000000e+00   2.9800740e-05
   4.9700000e+02   0.0000000e+00   2.9625786e-05
   4.9800000e+02   0.0000000e+00   2.9451858e-05
   4.9900000e+02   0.0000000e+00   2.9278952e-05
   5.0000000e+02   0.0000000e+00   2.9107061e-05
   5.0100000e+02   0.0000000e+00   2.8936179e-05
   5.0200000e+02   0.0000000e+00   2.8766300e-05
   5.0300000e+02   0.0000000e+00   2.8597418e-05
   5.0400000e+02   0.0000000e+00   2.8429528e-05
   5.0500000e+02   0.0000000e+00   2.8262624e-05
   5.0600000e+02   0.0000000e+00   2.8096699e-05
   5.0700000e+02   0.0000000e+00   2.7931749e-05
   5.0800000e+02   0.0000000e+00   2.7767767e-05
   5.0900000e+02   0.0000000e+00   2.7604747e-05
   5.1000000e+02   0.0000000e+00   2.7442685e-05
   5.1100000e+02   0.0000000e+00   2.7281574e-05
   5.1200000e+02   0.0000000e+00   2.7121409e-05
   5.1300000e+02   0.0000000e+00   2.6962185e-05
   5.1400000e+02   0.0000000e+00   2.6803895e-05
   5.1500000e+02   0.0000000e+00   2.6646534e-05
   5.1600000e+02   0.0000000e+00   2.6490097e-05
   5.1700000e+02   0.0000000e+00   2.6334579e-05
   5.1800000e+02   0.0000000e+00   2.6179974e-05
   5.1900000e+02   0.0000000e+00   2.6026276e-05
   5.2000000e+02   0.0000000e+00   2.5873481e-05
   5.2100000e+02   0.0000000e+00   2.5721582e-05
   5.2200000e+02   0.0000000e+00   2.5570576e-05
   5.2300000e+02   1.0000000e+00   2.5420456e-05
   5.2400000e+02   0.0000000e+00   2.5271217e-05
   5.2500000e+02   0.0000000e+00   2.5122855e-05
   5.2600000e+02   0.0000000e+00   2.4975363e-05
   5.2700000e+02   0.0000000e+00   2.4828737e-05
   5.2800000e+02   0.0000000e+00   2.4682973e-05
   5.2900000e+02   0.0000000e+00   2.4538064e-05
   5.3000000e+02   0.0000000e+00   2.4394005e-05
   5.3100000e+02   0.0000000e+00   2.4250793e-05
   5.3200000e+02   0.0000000e+00   2.4108421e-05
   5.3300000e+02   0.0000000e+00   2.3966885e-05
   5.3400000e+02   0.0000000e+00   2.3826180e-05
   5.3500000e+02   0.0000000e+00   2.3686301e-05
   5.3600000e+02   0.0000000e+00   2.3547243e-05
   5.3700000e+02   0.0000000e+00   2.3409002e-05
   5.3800000e+02   0.0000000e+00   2.3271572e-05
   5.3900000e+02   0.0000000e+00   2.3134949e-05
   5.4000000e+02   0.0000000e+00   2.2999128e-05
   5.4100000e+02   0.0000000e+00   2.2864104e-05
   5.4200000e+02   0.0000000e+00   2.2729874e-05
   5.4300000e+02   0.0000000e+00   2.2596431e-05
   5.4400000e+02   0.0000000e+00   2.2463771e-05
   5.4500000e+02   0.0000000e+00   2.2331891e-05
   5.4600000e+02   0.0000000e+00   2.2200785e-05
   5.4700000e+02   0.0000000e+00   2.2070448e-05
   5.4800000e+02   0.0000000e+00   2.1940877e-05
   5.4900000e+02   1.0000000e+00   2.1812066e-05
   5.5000000e+02   0.0000000e+00   2.1684011e-05
   5.5100000e+02   0.0000000e+00   2.1556709e-05
   5.5200000e+02   0.0000000e+00   2.1430153e-05
   5.5300000e+02   0.0000000e+00   2.1304341e-05
   5.5400000e+02   0.0000000e+00   2.1179267e-05
   5.5500000e+02   0.0000000e+00   2.1054928e-05
   5.5600000e+02   1.0000000e+00   2.0931318e-05
   5.5700000e+02   0.0000000e+00   2.0808435e-05
   5.5800000e+02   0.0000000e+00   2.0686272e-05
   5.5900000e+02   0.0000000e+00   2.0564827e-05
   5.6000000e+02   0.0000000e+00   2.0444095e-05
   5.6100000e+02   0.0000000e+00   2.0324071e-05
   5.6200000e+02   0.0000000e+00   2.0204753e-05
   5.6300000e+02   0.0000000e+00   2.0086134e-05
   5.6400000e+02   0.0000000e+00   1.9968212e-05
   5.6500000e+02   0.0000000e+00   1.9850983e-05
   5.6600000e+02   0.0000000e+00   1.9734442e-05
   5.6700000e+02   0.0000000e+00   1.9618584e-05
   5.6800000e+02   0.0000000e+00   1.9503407e-05
   5.6900000e+02   0.0000000e+00   1.9388907e-05
   5.7000000e+02   0.0000000e+00   1.9275078e-05
   5.7100000e+02   0.0000000e+00   1.9161918e-05
   5.7200000e+02   0.0000000e+00   1.9049422e-05
   5.7300000e+02   0.0000000e+00   1.8937586e-05
   5.7400000e+02   0.0000000e+00   1.8826407e-05
   5.7500000e+02   0.0000000e+00   1.8715881e-05
   5.7600000e+02   0.0000000e+00   1.8606004e-05
   5.7700000e+02   0.0000000e+00   1.8496771e-05
   5.7800000e+02   0.0000000e+00   1.8388180e-05
   5.7900000e+02   0.0000000e+00   1.8280227e-05
   5.8000000e+02   0.0000000e+00   1.8172907e-05
   5.8100000e+02   0.0000000e+00   1.8066217e-05
   5.8200000e+02   0.0000000e+00   1.7960154e-05
   5.8300000e+02   0.0000000e+00   1.7854713e-05
   5.8400000e+02   0.0000000e+00   1.7749892e-05
   5.8500000e+02   0.0000000e+00   1.7645685e-05
   5.8600000e+02   0.0000000e+00   1.7542091e-05
   5.8700000e+02   0.0000000e+00   1.7439105e-05
   5.8800000e+02   1.0000000e+00   1.7336723e-05
   5.8900000e+02   0.0000000e+00   1.7234942e-05
   5.9000000e+02   0.0000000e+00   1.7133759e-05
   5.9100000e+02   0.0000000e+00   1.7033170e-05
   5.9200000e+02   0.0000000e+00   1.6933172e-05
   5.9300000e+02   0.0000000e+00   1.6833760e-05
   5.9400000e+02   0.0000000e+00   1.6734933e-05
   5.9500000e+02   0.0000000e+00   1.6636685e-05
   5.9600000e+02   0.0000000e+00   1.6539014e-05
   5.9700000e+02   0.0000000e+00   1.6441917e-05
   5.9800000e+02   0.0000000e+00   1.6345389e-05
   5.9900000e+02   0.0000000e+00   1.6249429e-05
   6.0000000e+02   1.0000000e+00   1.6154031e-05
   6.0100000e+02   0.0000000e+00   1.6059194e-05
   6.0200000e+02   0.0000000e+00   1.5964914e-05
   6.0300000e+02   0.0000000e+00   1.5871187e-05
   6.0400000e+02   0.0000000e+00   1.5778010e-05
   6.0500000e+02   0.0000000e+00   1.5685380e-05
   6.0600000e+02   0.0000000e+00   1.5593294e-05
   6.0700000e+02   0.0000000e+00   1.5501749e-05
   6.0800000e+02   0.0000000e+00   1.5410741e-05
   6.0900000e+02   0.0000000e+00   1.5320268e-05
   6.1000000e+02   0.0000000e+00   1.5230325e-05
   6.1100000e+02   0.0000000e+00   1.5140911e-05
   6.1200000e+02   0.0000000e+00   1.5052022e-05
   6.1300000e+02   0.0000000e+00   1.4963654e-05
   6.1400000e+02   0.0000000e+00   1.4875805e-05
   6.1500000e+02   0.0000000e+00   1.4788472e-05
   6.1600000e+02   0.0000000e+00   1.4701652e-05
   6.1700000e+02   0.0000000e+00   1.4615341e-05
   6.1800000e+02   0.0000000e+00   1.4529537e-05
   6.1900000e+02   0.0000000e+00   1.4444237e-05
   6.2000000e+02   0.0000000e+00   1.4359438e-05
   6.2100000e+02   0.0000000e+00   1.4275136e-05
   6.2200000e+02   0.0000000e+00   1.4191330e-05
   6.2300000e+02   0.0000000e+00   1.4108015e-05
   6.2400000e+02   0.0000000e+00   1.4025190e-05
   6.2500000e+02   0.0000000e+00   1.3942851e-05
   6.2600000e+02   0.0000000e+00   1.3860995e-05
   6.2700000e+02   0.0000000e+00   1.3779619e-05
   6.2800000e+02   0.0000000e+00   1.3698722e-05
   6.2900000e+02   0.0000000e+00   1.3618299e-05
   6.3000000e+02   0.0000000e+00   1.3538349e-05
   6.3100000e+02   0.0000000e+00   1.3458868e-05
   6.3200000e+02   0.0000000e+00   1.3379853e-05
   6.3300000e+02   0.0000000e+00   1.3301303e-05
   6.3400000e+02   0.0000000e+00   1.3223213e-05
   6.3500000e+02   0.0000000e+00   1.3145582e-05
   6.3600000e+02   0.0000000e+00   1.3068407e-05
   6.3700000e+02   0.0000000e+00   1.2991685e-05
   6.3800000e+02   0.0000000e+00   1.2915413e-05
   6.3900000e+02   0.0000000e+00   1.2839589e-05
   6.4000000e+02   0.0000000e+00   1.2764211e-05
   6.4100000e+02   0.0000000e+00   1.2689274e-05
   6.4200000e+02   0.0000000e+00   1.2614778e-05
   6.4300000e+02   0.0000000e+00   1.2540719e-05
   6.4400000e+02   0.0000000e+00   1.2467095e-05
   6.4500000e+02   0.0000000e+00   1.2393903e-05
   6.4600000e+02   0.0000000e+00   1.2321141e-05
   6.4700000e+02   0.0000000e+00   1.2248806e-05
   6.4800000e+02   0.0000000e+00   1.2176895e-05
   6.4900000e+02   0.0000000e+00   1.2105407e-05
   6.5000000e+02   0.0000000e+00   1.2034338e-05
   6.5100000e+02   0.0000000e+00   1.1963687e-05
   6.5200000e+02   0.0000000e+00   1.1893451e-05
   6.5300000e+02   0.0000000e+00   1.1823626e-05
   6.5400000e+02   0.0000000e+00   1.1754212e-05
   6.5500000e+02   0.0000000e+00   1.1685205e-05
   6.5600000e+02   0.0000000e+00   1.1616604e-05
   6.5700000e+02   0.0000000e+00   1.1548405e-05
   6.5800000e+02   0.0000000e+00   1.1480606e-05
   6.5900000e+02   0.0000000e+00   1.1413206e-05
   6.6000000e+02   0.0000000e+00   1.1346201e-05
   6.6100000e+02   0.0000000e+00   1.1279590e-05
   6.6200000e+02   0.0000000e+00   1.1213369e-05
   6.6300000e+02   0.0000000e+00   1.1147538e-05
   6.6400000e+02   0.0000000e+00   1.1082093e-05
   6.6500000e+02   0.0000000e+00   1.1017032e-05
   6.6600000e+02   0.0000000e+00   1.0952353e-05
   6.6700000e+02   0.0000000e+00   1.0888054e-05
   6.6800000e+02   0.0000000e+00   1.0824132e-05
   6.6900000e+02   0.0000000e+00   1.0760586e-05
   6.7000000e+02   0.0000000e+00   1.0697412e-05
   6.7100000e+02   0.0000000e+00   1.0634610e-05
   6.7200000e+02   0.0000000e+00   1.0572176e-05
   6.7300000e+02   0.0000000e+00   1.0510109e-05
   6.7400000e+02   0.0000000e+00   1.0448406e-05
   6.7500000e+02   0.0000000e+00   1.0387065e-05
   6.7600000e+02   0.0000000e+00   1.0326085e-05
   6.7700000e+02   0.0000000e+00   1.0265463e-05
   6.7800000e+02   0.0000000e+00   1.0205196e-05
   6.7900000e+02   0.0000000e+00   1.0145283e-05
   6.8000000e+02   0.0000000e+00   1.0085722e-05
   6.8100000e+02   0.0000000e+00   1.0026511e-05
   6.8200000e+02   0.0000000e+00   9.9676471e-06
   6.8300000e+02   0.0000000e+00   9.9091289e-06
   6.8400000e+02   0.0000000e+00   9.8509543e-06
   6.8500000e+02   0.0000000e+00   9.7931212e-06
   6.8600000e+02   0.0000000e+00   9.7356277e-06
   6.8700000e+02   0.0000000e+00   9.6784716e-06
   6.8800000e+02   0.0000000e+00   9.6216512e-06
   6.8900000e+02   0.0000000e+00   9.5651643e-06
   6.9000000e+02   0.0000000e+00   9.5090090e-06
   6.9100000e+02   0.0000000e+00   9.4531834e-06
   6.9200000e+02   0.0000000e+00   9.3976856e-06
   6.9300000e+02   0.0000000e+00   9.3425136e-06
   6.9400000e+02   0.0000000e+00   9.2876655e-06
   6.9500000e+02   0.0000000e+00   9.2331393e-06
   6.9600000e+02   0.0000000e+00   9.1789333e-06
   6.9700000e+02   0.0000000e+00   9.1250456e-06
   6.9800000e+02   0.0000000e+00   9.0714742e-06
   6.9900000e+02   0.0000000e+00   9.0182173e-06
   7.0000000e+02   0.0000000e+00   8.9652730e-06
   7.0100000e+02   0.0000000e+00   8.9126396e-06
   7.0200000e+02   0.0000000e+00   8.8603152e-06
   7.0300000e+02   0.0000000e+00   8.8082980e-06
   7.0400000e+02   0.0000000e+00   8.7565861e-06
   7.0500000e+02   0.0000000e+00   8.7051779e-06
   7.0600000e+02   0.0000000e+00   8.6540714e-06
   7.0700000e+02   0.0000000e+00   8.6032650e-06
   7.0800000e+02   0.0000000e+00   8.5527569e-06
   7.0900000e+02   0.0000000e+00   8.5025453e-06
   7.1000000e+02   1.0000000e+00   8.4526284e-06
   7.1100000e+02   0.0000000e+00   8.4030047e-06
   7.1200000e+02   0.0000000e+00   8.3536722e-06
   7.1300000e+02   0.0000000e+00   8.3046294e-06
   7.1400000e+02   0.0000000e+00   8.2558745e-06
   7.1500000e+02   0.0000000e+00   8.2074058e-06
   7.1600000e+02   0.0000000e+00   8.1592217e-06
   7.1700000e+02   0.0000000e+00   8.1113205e-06
   7.1800000e+02   0.0000000e+00   8.0637005e-06
   7.1900000e+02   0.0000000e+00   8.0163600e-06
   7.2000000e+02   0.0000000e+00   7.9692975e-06
   7.2100000e+02   0.0000000e+00   7.9225113e-06
   7.2200000e+02   0.0000000e+00   7.8759997e-06
   7.2300000e+02   0.0000000e+00   7.8297612e-06
   7.2400000e+02   0.0000000e+00   7.7837942e-06
   7.2500000e+02   0.0000000e+00   7.7380970e-06
   7.2600000e+02   0.0000000e+00   7.6926681e-06
   7.2700000e+02   0.0000000e+00   7.6475059e-06
   7.2800000e+02   0.0000000e+00   7.6026088e-06
   7.2900000e+02   0.0000000e+00   7.5579754e-06
   7.3000000e+02   0.0000000e+00   7.5136039e-06
   7.3100000e+02   0.0000000e+00   7.4694930e-06
   7.3200000e+02   0.0000000e+00   7.4256410e-06
   7.3300000e+02   0.0000000e+00   7.3820465e-06
   7.3400000e+02   0.0000000e+00   7.3387079e-06
   7.3500000e+02   0.0000000e+00   7.2956237e-06
   7.3600000e+02   0.0000000e+00   7.2527925e-06
   7.3700000e+02   0.0000000e+00   7.2102128e-06
   7.3800000e+02   0.0000000e+00   7.1678830e-06
   7.3900000e+02   0.0000000e+00   7.1258017e-06
   7.4000000e+02   0.0000000e+00   7.0839675e-06
   7.4100000e+02   0.0000000e+00   7.0423788e-06
   7.4200000e+02   0.0000000e+00   7.0010344e-06
   7.4300000e+02   0.0000000e+00   6.9599326e-06
   7.4400000e+02   0.0000000e+00   6.9190722e-06
   7.4500000e+02   0.0000000e+00   6.8784516e-06
   7.4600000e+02   0.0000000e+00   6.8380696e-06
   7.4700000e+02   1.0000000e+00   6.7979245e-06
   7.4800000e+02   0.0000000e+00   6.7580152e-06
   7.4900000e+02   0.0000000e+00   6.7183402e-06
   7.5000000e+02   0.0000000e+00   6.6788981e-06
   7.5100000e+02   0.0000000e+00   6.6396876e-06
   7.5200000e+02   0.0000000e+00   6.6007072e-06
   7.5300000e+02   0.0000000e+00   6.5619557e-06
   7.5400000e+02   0.0000000e+00   6.5234317e-06
   7.5500000e+02   0.0000000e+00   6.4851339e-06
   7.5600000e+02   0.0000000e+00   6.4470609e-06
   7.5700000e+02   0.0000000e+00   6.4092114e-06
   7.5800000e+02   0.0000000e+00   6.3715842e-06
   7.5900000e+02   0.0000000e+00   6.3341778e-06
   7.6000000e+02   0.0000000e+00   6.2969911e-06
   7.6100000e+02   0.0000000e+00   6.2600226e-06
   7.6200000e+02   0.0000000e+00   6.2232712e-06
   7.6300000e+02   0.0000000e+00   6.1867356e-06
   7.6400000e+02   0.0000000e+00   6.1504144e-06
   7.6500000e+02   0.0000000e+00   6.1143065e-06
   7.6600000e+02   0.0000000e+00   6.0784106e-06
   7.6700000e+02   0.0000000e+00   6.0427254e-06
   7.6800000e+02   0.0000000e+00   6.0072497e-06
   7.6900000e+02   0.0000000e+00   5.9719823e-06
   7.7000000e+02   0.0000000e+00   5.9369219e-06
   7.7100000e+02   0.0000000e+00   5.9020674e-06
   7.7200000e+02   0.0000000e+00   5.8674175e-06
   7.7300000e+02   0.0000000e+00   5.8329710e-06
   7.7400000e+02   0.0000000e+00   5.7987267e-06
   7.7500000e+02   0.0000000e+00   5.7646835e-06
   7.7600000e+02   0.0000000e+00   5.7308401e-06
   7.7700000e+02   0.0000000e+00   5.6971955e-06
   7.7800000e+02   0.0000000e+00   5.6637483e-06
   7.7900000e+02   0.0000000e+00   5.6304975e-06
   7.8000000e+02   0.0000000e+00   5.5974419e-06
   7.8100000e+02   0.0000000e+00   5.5645804e-06
   7.8200000e+02   1.0000000e+00   5.5319118e-06
   7.8300000e+02   0.0000000e+00   5.4994350e-06
   7.8400000e+02   1.0000000e+00   5.4671489e-06
