   1.0000000e+00   3.0000000e+01   5.8938656e-02
   2.0000000e+00   2.5000000e+01   5.4086901e-02
   3.0000000e+00   2.1000000e+01   4.9689946e-02
   4.0000000e+00   1.7000000e+01   4.5703564e-02
   5.0000000e+00   2.3000000e+01   4.2087867e-02
   6.0000000e+00   1.9000000e+01   3.8806884e-02
   7.0000000e+00   1.6000000e+01   3.5828170e-02
   8.0000000e+00   2.5000000e+01   3.3122466e-02
   9.0000000e+00   1.0000000e+01   3.0663379e-02
   1.0000000e+01   1.3000000e+01   2.8427103e-02
   1.1000000e+01   1.3000000e+01   2.6392166e-02
   1.2000000e+01   1.1000000e+01   2.4539197e-02
   1.3000000e+01   1.5000000e+01   2.2850723e-02
   1.4000000e+01   1.5000000e+01   2.1310980e-02
   1.5000000e+01   8.0000000e+00   1.9905745e-02
   1.6000000e+01   7.0000000e+00   1.8622186e-02
   1.7000000e+01   1.0000000e+01   1.7448726e-02
   1.8000000e+01   5.0000000e+00   1.6374914e-02
   1.9000000e+01   7.0000000e+00   1.5391324e-02
   2.0000000e+01   9.0000000e+00   1.4489444e-02
   2.1000000e+01   5.0000000e+00   1.3661594e-02
   2.2000000e+01   8.0000000e+00   1.2900841e-02
   2.3000000e+01   3.0000000e+00   1.2200925e-02
   2.4000000e+01   6.0000000e+00   1.1556194e-02
   2.5000000e+01   6.0000000e+00   1.0961546e-02
   2.6000000e+01   4.0000000e+00   1.0412373e-02
   2.7000000e+01   9.0000000e+00   9.9045106e-03
   2.8000000e+01   3.0000000e+00   9.4341995e-03
   2.9000000e+01   2.0000000e+00   8.9980420e-03
   3.0000000e+01   5.0000000e+00   8.5929680e-03
   3.1000000e+01   5.0000000e+00   8.2162024e-03
   3.2000000e+01   0.0000000e+00   7.8652366e-03
   3.3000000e+01   7.0000000e+00   7.5378024e-03
   3.4000000e+01   7.0000000e+00   7.2318481e-03
   3.5000000e+01   1.0000000e+00   6.9455179e-03
   3.6000000e+01   1.0000000e+00   6.6771324e-03
   3.7000000e+01   4.0000000e+00   6.4251714e-03
   3.8000000e+01   3.0000000e+00   6.1882584e-03
   3.9000000e+01   2.0000000e+00   5.9651468e-03
   4.0000000e+01   1.0000000e+00   5.7547071e-03
   4.1000000e+01   0.0000000e+00   5.5559151e-03
   4.2000000e+01   2.0000000e+00   5.3678426e-03
   4.3000000e+01   1.0000000e+00   5.1896472e-03
   4.4000000e+01   3.0000000e+00   5.0205644e-03
   4.5000000e+01   2.0000000e+00   4.8598999e-03
   4.6000000e+01   3.0000000e+00   4.7070230e-03
   4.7000000e+01   3.0000000e+00   4.5613602e-03
   4.8000000e+01   0.0000000e+00   4.4223899e-03
   4.9000000e+01   2.0000000e+00   4.2896373e-03
   5.0000000e+01   3.0000000e+00   4.1626699e-03
   5.1000000e+01   3.0000000e+00   4.0410935e-03
   5.2000000e+01   2.0000000e+00   3.9245483e-03
   5.3000000e+01   5.0000000e+00   3.8127061e-03
   5.4000000e+01   1.0000000e+00   3.7052669e-03
   5.5000000e+01   3.0000000e+00   3.6019561e-03
   5.6000000e+01   3.0000000e+00   3.5025226e-03
   5.7000000e+01   0.0000000e+00   3.4067361e-03
   5.8000000e+01   4.0000000e+00   3.3143854e-03
   5.9000000e+01   1.0000000e+00   3.2252766e-03
   6.0000000e+01   0.0000000e+00   3.1392312e-03
   6.1000000e+01   1.0000000e+00   3.0560852e-03
   6.2000000e+01   0.0000000e+00   2.9756871e-03
   6.3000000e+01   1.0000000e+00   2.8978973e-03
   6.4000000e+01   1.0000000e+00   2.8225868e-03
   6.5000000e+01   1.0000000e+00   2.7496361e-03
   6.6000000e+01   1.0000000e+00   2.6789346e-03
   6.7000000e+01   0.0000000e+00   2.6103796e-03
   6.8000000e+01   3.0000000e+00   2.5438756e-03
   6.9000000e+01   0.0000000e+00   2.4793338e-03
   7.0000000e+01   1.0000000e+00   2.4166714e-03
   7.1000000e+01   0.0000000e+00   2.3558110e-03
   7.2000000e+01   2.0000000e+00   2.2966804e-03
   7.3000000e+01   2.0000000e+00   2.2392118e-03
   7.4000000e+01   0.0000000e+00   2.1833418e-03
   7.5000000e+01   0.0000000e+00   2.1290107e-03
   7.6000000e+01   1.0000000e+00   2.0761622e-03
   7.7000000e+01   1.0000000e+00   2.0247436e-03
   7.8000000e+01   2.0000000e+00   1.9747049e-03
   7.9000000e+01   0.0000000e+00   1.9259988e-03
   8.0000000e+01   3.0000000e+00   1.8785806e-03
   8.1000000e+01   0.0000000e+00   1.8324080e-03
   8.2000000e+01   1.0000000e+00   1.7874408e-03
   8.3000000e+01   2.0000000e+00   1.7436406e-03
   8.4000000e+01   0.0000000e+00   1.7009710e-03
   8.5000000e+01   2.0000000e+00   1.6593974e-03
   8.6000000e+01   0.0000000e+00   1.6188865e-03
   8.7000000e+01   3.0000000e+00   1.5794067e-03
   8.8000000e+01   0.0000000e+00   1.5409276e-03
   8.9000000e+01   1.0000000e+00   1.5034202e-03
   9.0000000e+01   0.0000000e+00   1.4668566e-03
   9.1000000e+01   0.0000000e+00   1.4312101e-03
   9.2000000e+01   1.0000000e+00   1.3964549e-03
   9.3000000e+01   0.0000000e+00   1.3625664e-03
   9.4000000e+01   2.0000000e+00   1.3295206e-03
   9.5000000e+01   0.0000000e+00   1.2972947e-03
   9.6000000e+01   3.0000000e+00   1.2658665e-03
   9.7000000e+01   0.0000000e+00   1.2352146e-03
   9.8000000e+01   0.0000000e+00   1.2053184e-03
   9.9000000e+01   1.0000000e+00   1.1761580e-03
   1.0000000e+02   2.0000000e+00   1.1477140e-03
   1.0100000e+02   1.0000000e+00   1.1199678e-03
   1.0200000e+02   1.0000000e+00   1.0929013e-03
   1.0300000e+02   1.0000000e+00   1.0664969e-03
   1.0400000e+02   1.0000000e+00   1.0407378e-03
   1.0500000e+02   0.0000000e+00   1.0156073e-03
   1.0600000e+02   2.0000000e+00   9.9108949e-04
   1.0700000e+02   1.0000000e+00   9.6716891e-04
   1.0800000e+02   1.0000000e+00   9.4383046e-04
   1.0900000e+02   0.0000000e+00   9.2105950e-04
   1.1000000e+02   0.0000000e+00   8.9884181e-04
   1.1100000e+02   0.0000000e+00   8.7716356e-04
   1.1200000e+02   0.0000000e+00   8.5601131e-04
   1.1300000e+02   0.0000000e+00   8.3537198e-04
   1.1400000e+02   2.0000000e+00   8.1523287e-04
   1.1500000e+02   0.0000000e+00   7.9558159e-04
   1.1600000e+02   0.0000000e+00   7.7640609e-04
   1.1700000e+02   1.0000000e+00   7.5769466e-04
   1.1800000e+02   0.0000000e+00   7.3943587e-04
   1.1900000e+02   0.0000000e+00   7.2161862e-04
   1.2000000e+02   0.0000000e+00   7.0423206e-04
   1.2100000e+02   0.0000000e+00   6.8726566e-04
   1.2200000e+02   0.0000000e+00   6.7070914e-04
   1.2300000e+02   0.0000000e+00   6.5455248e-04
   1.2400000e+02   0.0000000e+00   6.3878593e-04
   1.2500000e+02   0.0000000e+00   6.2339999e-04
   1.2600000e+02   0.0000000e+00   6.0838537e-04
   1.2700000e+02   0.0000000e+00   5.9373305e-04
   1.2800000e+02   0.0000000e+00   5.7943422e-04
   1.2900000e+02   0.0000000e+00   5.6548029e-04
   1.3000000e+02   0.0000000e+00   5.5186289e-04
   1.3100000e+02   0.0000000e+00   5.3857385e-04
   1.3200000e+02   0.0000000e+00   5.2560522e-04
   1.3300000e+02   0.0000000e+00   5.1294922e-04
   1.3400000e+02   0.0000000e+00   5.0059829e-04
   1.3500000e+02   0.0000000e+00   4.8854504e-04
   1.3600000e+02   0.0000000e+00   4.7678227e-04
   1.3700000e+02   0.0000000e+00   4.6530295e-04
   1.3800000e+02   0.0000000e+00   4.5410023e-04
   1.3900000e+02   0.0000000e+00   4.4316742e-04
   1.4000000e+02   0.0000000e+00   4.3249800e-04
   1.4100000e+02   1.0000000e+00   4.2208560e-04
   1.4200000e+02   0.0000000e+00   4.1192403e-04
   1.4300000e+02   0.0000000e+00   4.0200722e-04
   1.4400000e+02   0.0000000e+00   3.9232926e-04
   1.4500000e+02   0.0000000e+00   3.8288440e-04
   1.4600000e+02   0.0000000e+00   3.7366700e-04
   1.4700000e+02   0.0000000e+00   3.6467159e-04
   1.4800000e+02   0.0000000e+00   3.5589280e-04
   1.4900000e+02   1.0000000e+00   3.4732541e-04
   1.5000000e+02   0.0000000e+00   3.3896432e-04
   1.5100000e+02   0.0000000e+00   3.3080457e-04
   1.5200000e+02   0.0000000e+00   3.2284129e-04
   1.5300000e+02   0.0000000e+00   3.1506975e-04
   1.5400000e+02   1.0000000e+00   3.0748533e-04
   1.5500000e+02   0.0000000e+00   3.0008353e-04
   1.5600000e+02   2.0000000e+00   2.9285993e-04
   1.5700000e+02   1.0000000e+00   2.8581025e-04
   1.5800000e+02   0.0000000e+00   2.7893029e-04
   1.5900000e+02   0.0000000e+00   2.7221597e-04
   1.6000000e+02   0.0000000e+00   2.6566330e-04
   1.6100000e+02   0.0000000e+00   2.5926838e-04
   1.6200000e+02   0.0000000e+00   2.5302742e-04
   1.6300000e+02   0.0000000e+00   2.4693670e-04
   1.6400000e+02   0.0000000e+00   2.4099260e-04
   1.6500000e+02   0.0000000e+00   2.3519160e-04
   1.6600000e+02   1.0000000e+00   2.2953025e-04
   1.6700000e+02   0.0000000e+00   2.2400519e-04
   1.6800000e+02   0.0000000e+00   2.1861313e-04
   1.6900000e+02   0.0000000e+00   2.1335087e-04
   1.7000000e+02   0.0000000e+00   2.0821529e-04
   1.7100000e+02   0.0000000e+00   2.0320333e-04
   1.7200000e+02   1.0000000e+00   1.9831203e-04
   1.7300000e+02   0.0000000e+00   1.9353847e-04
   1.7400000e+02   0.0000000e+00   1.8887981e-04
   1.7500000e+02   0.0000000e+00   1.8433330e-04
   1.7600000e+02   1.0000000e+00   1.7989624e-04
   1.7700000e+02   0.0000000e+00   1.7556598e-04
   1.7800000e+02   0.0000000e+00   1.7133995e-04
   1.7900000e+02   0.0000000e+00   1.6721566e-04
   1.8000000e+02   1.0000000e+00   1.6319064e-04
   1.8100000e+02   0.0000000e+00   1.5926251e-04
   1.8200000e+02   0.0000000e+00   1.5542894e-04
   1.8300000e+02   0.0000000e+00   1.5168764e-04
   1.8400000e+02   0.0000000e+00   1.4803640e-04
   1.8500000e+02   0.0000000e+00   1.4447306e-04
   1.8600000e+02   1.0000000e+00   1.4099548e-04
