coordinates 	39.48	55.87	167.48	55.87
time(s)	frame	Idon(a.u.)	Iacc(a.u.)	Idon ideal(a.u.)	Iacc ideal(a.u.)	FRET	FRET ideal (blurr)	FRET ideal	state sequence
1.000000e-01	1	9.747713e+02	1.058937e+03	1.080000e+01	2.520000e+01	5.206927e-01	7.000000e-01	7.000000e-01	2
2.000000e-01	2	5.783014e+02	1.425822e+03	1.080000e+01	2.520000e+01	7.114442e-01	7.000000e-01	7.000000e-01	2
3.000000e-01	3	6.862827e+02	1.206856e+03	1.080000e+01	2.520000e+01	6.374895e-01	7.000000e-01	7.000000e-01	2
4.000000e-01	4	6.470463e+02	1.103607e+03	1.080000e+01	2.520000e+01	6.303973e-01	7.000000e-01	7.000000e-01	2
5.000000e-01	5	6.423839e+02	1.711811e+03	1.080000e+01	2.520000e+01	7.271322e-01	7.000000e-01	7.000000e-01	2
6.000000e-01	6	4.992663e+02	1.281722e+03	1.080000e+01	2.520000e+01	7.196690e-01	7.000000e-01	7.000000e-01	2
7.000000e-01	7	6.360475e+02	1.707893e+03	1.080000e+01	2.520000e+01	7.286418e-01	7.000000e-01	7.000000e-01	2
8.000000e-01	8	6.284802e+02	1.661952e+03	1.080000e+01	2.520000e+01	7.256062e-01	7.000000e-01	7.000000e-01	2
9.000000e-01	9	1.946790e+03	1.018151e+02	2.857519e+01	7.424806e+00	4.969972e-02	2.062446e-01	2.000000e-01	1
1	10	1.681560e+03	4.606839e+02	2.880000e+01	7.200000e+00	2.150473e-01	2.000000e-01	2.000000e-01	1
1.100000e+00	11	1.666709e+03	3.606191e+02	2.880000e+01	7.200000e+00	1.778790e-01	2.000000e-01	2.000000e-01	1
1.200000e+00	12	1.088071e+03	2.632373e+02	2.880000e+01	7.200000e+00	1.948018e-01	2.000000e-01	2.000000e-01	1
1.300000e+00	13	1.928624e+03	7.519186e+02	2.880000e+01	7.200000e+00	2.805099e-01	2.000000e-01	2.000000e-01	1
1.400000e+00	14	1.216664e+03	1.996644e+02	2.880000e+01	7.200000e+00	1.409732e-01	2.000000e-01	2.000000e-01	1
1.500000e+00	15	1.503422e+03	2.042759e+02	2.880000e+01	7.200000e+00	1.196206e-01	2.000000e-01	2.000000e-01	1
1.600000e+00	16	1.850574e+03	3.693289e+02	2.880000e+01	7.200000e+00	1.663717e-01	2.000000e-01	2.000000e-01	1
1.700000e+00	17	1.558671e+03	6.308502e+02	2.880000e+01	7.200000e+00	2.881225e-01	2.000000e-01	2.000000e-01	1
1.800000e+00	18	1.614483e+03	5.848260e+02	2.880000e+01	7.200000e+00	2.659136e-01	2.000000e-01	2.000000e-01	1
1.900000e+00	19	1.690351e+03	6.055012e+02	2.880000e+01	7.200000e+00	2.637370e-01	2.000000e-01	2.000000e-01	1
2	20	1.800475e+03	1.543686e+02	2.880000e+01	7.200000e+00	7.896724e-02	2.000000e-01	2.000000e-01	1
2.100000e+00	21	1.675687e+03	4.360904e+02	2.880000e+01	7.200000e+00	2.065039e-01	2.000000e-01	2.000000e-01	1
2.200000e+00	22	1.651253e+03	5.246491e+02	2.880000e+01	7.200000e+00	2.411180e-01	2.000000e-01	2.000000e-01	1
2.300000e+00	23	1.940405e+03	3.695375e+02	2.880000e+01	7.200000e+00	1.599769e-01	2.000000e-01	2.000000e-01	1
2.400000e+00	24	1.487368e+03	6.245701e+02	2.880000e+01	7.200000e+00	2.957331e-01	2.000000e-01	2.000000e-01	1
2.500000e+00	25	1.784839e+03	6.304354e+02	2.880000e+01	7.200000e+00	2.610202e-01	2.000000e-01	2.000000e-01	1
2.600000e+00	26	1.539080e+03	5.241490e+02	2.880000e+01	7.200000e+00	2.540430e-01	2.000000e-01	2.000000e-01	1
2.700000e+00	27	1.495692e+03	5.503779e+02	2.880000e+01	7.200000e+00	2.689927e-01	2.000000e-01	2.000000e-01	1
2.800000e+00	28	1.716538e+03	3.314873e+02	2.880000e+01	7.200000e+00	1.618570e-01	2.000000e-01	2.000000e-01	1
2.900000e+00	29	2.359086e+03	1.319497e+02	2.880000e+01	7.200000e+00	5.296981e-02	2.000000e-01	2.000000e-01	1
3	30	1.977918e+03	4.183071e+02	2.880000e+01	7.200000e+00	1.745692e-01	2.000000e-01	2.000000e-01	1
3.100000e+00	31	1.215206e+03	3.465490e+02	2.880000e+01	7.200000e+00	2.218972e-01	2.000000e-01	2.000000e-01	1
3.200000e+00	32	1.728285e+03	1.866364e+02	2.880000e+01	7.200000e+00	9.746427e-02	2.000000e-01	2.000000e-01	1
3.300000e+00	33	1.469312e+03	4.260753e+02	2.880000e+01	7.200000e+00	2.247959e-01	2.000000e-01	2.000000e-01	1
3.400000e+00	34	1.911193e+03	3.288621e+02	2.880000e+01	7.200000e+00	1.468098e-01	2.000000e-01	2.000000e-01	1
3.500000e+00	35	1.912295e+03	7.171963e+02	2.880000e+01	7.200000e+00	2.727509e-01	2.000000e-01	2.000000e-01	1
3.600000e+00	36	1.560271e+03	7.017522e+02	2.880000e+01	7.200000e+00	3.102322e-01	2.000000e-01	2.000000e-01	1
3.700000e+00	37	1.707203e+03	4.545602e+02	2.880000e+01	7.200000e+00	2.102729e-01	2.000000e-01	2.000000e-01	1
3.800000e+00	38	1.417781e+03	2.213690e+02	2.880000e+01	7.200000e+00	1.350511e-01	2.000000e-01	2.000000e-01	1
3.900000e+00	39	1.842777e+03	5.533116e+02	2.880000e+01	7.200000e+00	2.309229e-01	2.000000e-01	2.000000e-01	1
4	40	1.390096e+03	4.085657e+02	2.880000e+01	7.200000e+00	2.271498e-01	2.000000e-01	2.000000e-01	1
4.100000e+00	41	1.492745e+03	4.470874e+02	2.880000e+01	7.200000e+00	2.304773e-01	2.000000e-01	2.000000e-01	1
4.200000e+00	42	1.482796e+03	3.482860e+02	2.880000e+01	7.200000e+00	1.902077e-01	2.000000e-01	2.000000e-01	1
4.300000e+00	43	1.924374e+03	3.196764e+02	2.880000e+01	7.200000e+00	1.424551e-01	2.000000e-01	2.000000e-01	1
4.400000e+00	44	1.242867e+03	4.437415e+02	2.880000e+01	7.200000e+00	2.630968e-01	2.000000e-01	2.000000e-01	1
4.500000e+00	45	1.658682e+03	4.131541e+02	2.880000e+01	7.200000e+00	1.994144e-01	2.000000e-01	2.000000e-01	1
4.600000e+00	46	1.287905e+03	4.169567e+02	2.880000e+01	7.200000e+00	2.445692e-01	2.000000e-01	2.000000e-01	1
4.700000e+00	47	1.814367e+03	5.406086e+02	2.880000e+01	7.200000e+00	2.295601e-01	2.000000e-01	2.000000e-01	1
4.800000e+00	48	1.551017e+03	4.476905e+02	2.880000e+01	7.200000e+00	2.239900e-01	2.000000e-01	2.000000e-01	1
4.900000e+00	49	1.531714e+03	4.775897e+02	2.880000e+01	7.200000e+00	2.376892e-01	2.000000e-01	2.000000e-01	1
5	50	1.345628e+03	7.151348e+02	2.880000e+01	7.200000e+00	3.470243e-01	2.000000e-01	2.000000e-01	1
5.100000e+00	51	1.864353e+03	3.573091e+02	2.880000e+01	7.200000e+00	1.608297e-01	2.000000e-01	2.000000e-01	1
5.200000e+00	52	1.602969e+03	6.930792e+02	2.880000e+01	7.200000e+00	3.018574e-01	2.000000e-01	2.000000e-01	1
5.300000e+00	53	1.695383e+03	3.968414e+02	2.880000e+01	7.200000e+00	1.896744e-01	2.000000e-01	2.000000e-01	1
5.400000e+00	54	1.907354e+03	3.354885e+02	2.880000e+01	7.200000e+00	1.495818e-01	2.000000e-01	2.000000e-01	1
5.500000e+00	55	1.649886e+03	5.004351e+02	2.880000e+01	7.200000e+00	2.327257e-01	2.000000e-01	2.000000e-01	1
5.600000e+00	56	1.529063e+03	4.556457e+02	2.880000e+01	7.200000e+00	2.295782e-01	2.000000e-01	2.000000e-01	1
5.700000e+00	57	1.293266e+03	3.191934e+02	2.880000e+01	7.200000e+00	1.979544e-01	2.000000e-01	2.000000e-01	1
5.800000e+00	58	1.728467e+03	2.735609e+02	2.880000e+01	7.200000e+00	1.366419e-01	2.000000e-01	2.000000e-01	1
5.900000e+00	59	2.205284e+03	3.511306e+02	2.880000e+01	7.200000e+00	1.373528e-01	2.000000e-01	2.000000e-01	1
6	60	1.366855e+03	3.126689e+02	2.880000e+01	7.200000e+00	1.861651e-01	2.000000e-01	2.000000e-01	1
6.100000e+00	61	2.023444e+03	7.613148e+02	2.880000e+01	7.200000e+00	2.733862e-01	2.000000e-01	2.000000e-01	1
6.200000e+00	62	1.107992e+03	2.113743e+02	2.880000e+01	7.200000e+00	1.602090e-01	2.000000e-01	2.000000e-01	1
6.300000e+00	63	1.576147e+03	6.025114e+02	2.880000e+01	7.200000e+00	2.765515e-01	2.000000e-01	2.000000e-01	1
6.400000e+00	64	1.376704e+03	6.106729e+02	2.880000e+01	7.200000e+00	3.072758e-01	2.000000e-01	2.000000e-01	1
6.500000e+00	65	1.580413e+03	2.912753e+02	2.880000e+01	7.200000e+00	1.556217e-01	2.000000e-01	2.000000e-01	1
6.600000e+00	66	1.978077e+03	3.034104e+02	2.880000e+01	7.200000e+00	1.329879e-01	2.000000e-01	2.000000e-01	1
6.700000e+00	67	1.706068e+03	1.613188e+02	2.880000e+01	7.200000e+00	8.638744e-02	2.000000e-01	2.000000e-01	1
6.800000e+00	68	1.699597e+03	5.094153e+02	2.880000e+01	7.200000e+00	2.306078e-01	2.000000e-01	2.000000e-01	1
6.900000e+00	69	1.669114e+03	3.565323e+02	2.880000e+01	7.200000e+00	1.760092e-01	2.000000e-01	2.000000e-01	1
7	70	4.695776e+02	3.066738e+02	2.880000e+01	7.200000e+00	3.950702e-01	2.000000e-01	2.000000e-01	1
7.100000e+00	71	1.473157e+03	4.703249e+02	2.880000e+01	7.200000e+00	2.420012e-01	2.000000e-01	2.000000e-01	1
7.200000e+00	72	1.983749e+03	3.362969e+02	2.880000e+01	7.200000e+00	1.449527e-01	2.000000e-01	2.000000e-01	1
7.300000e+00	73	1.580152e+03	7.318739e+02	2.880000e+01	7.200000e+00	3.165509e-01	2.000000e-01	2.000000e-01	1
7.400000e+00	74	1.072680e+03	3.031148e+02	2.880000e+01	7.200000e+00	2.203197e-01	2.000000e-01	2.000000e-01	1
7.500000e+00	75	1.971610e+03	1.894710e+02	2.880000e+01	7.200000e+00	8.767418e-02	2.000000e-01	2.000000e-01	1
7.600000e+00	76	1.735847e+03	4.910912e+02	2.880000e+01	7.200000e+00	2.205230e-01	2.000000e-01	2.000000e-01	1
7.700000e+00	77	1.392525e+03	5.723932e+02	2.880000e+01	7.200000e+00	2.913063e-01	2.000000e-01	2.000000e-01	1
7.800000e+00	78	1.361295e+03	3.914698e+02	2.880000e+01	7.200000e+00	2.233441e-01	2.000000e-01	2.000000e-01	1
7.900000e+00	79	2.010219e+03	3.529702e+02	2.880000e+01	7.200000e+00	1.493618e-01	2.000000e-01	2.000000e-01	1
8	80	1.697462e+03	1.975866e+02	2.880000e+01	7.200000e+00	1.042646e-01	2.000000e-01	2.000000e-01	1
8.100000e+00	81	1.622486e+03	3.577612e+02	2.880000e+01	7.200000e+00	1.806649e-01	2.000000e-01	2.000000e-01	1
8.200000e+00	82	1.618699e+03	1.819034e+02	2.880000e+01	7.200000e+00	1.010236e-01	2.000000e-01	2.000000e-01	1
8.300000e+00	83	1.823027e+03	5.366784e+02	2.880000e+01	7.200000e+00	2.274345e-01	2.000000e-01	2.000000e-01	1
8.400000e+00	84	1.794937e+03	3.898250e+02	2.880000e+01	7.200000e+00	1.784290e-01	2.000000e-01	2.000000e-01	1
8.500000e+00	85	1.723720e+03	4.944171e+02	2.880000e+01	7.200000e+00	2.228975e-01	2.000000e-01	2.000000e-01	1
8.600000e+00	86	1.930700e+03	2.820834e+02	2.880000e+01	7.200000e+00	1.274790e-01	2.000000e-01	2.000000e-01	1
8.700000e+00	87	1.706827e+03	3.607189e+02	2.880000e+01	7.200000e+00	1.744672e-01	2.000000e-01	2.000000e-01	1
8.800000e+00	88	1.434416e+03	5.794939e+02	2.880000e+01	7.200000e+00	2.877456e-01	2.000000e-01	2.000000e-01	1
8.900000e+00	89	1.084048e+03	4.928184e+02	2.880000e+01	7.200000e+00	3.125303e-01	2.000000e-01	2.000000e-01	1
9	90	1.492079e+03	5.960900e+02	2.880000e+01	7.200000e+00	2.854606e-01	2.000000e-01	2.000000e-01	1
9.100000e+00	91	1.561512e+03	2.299906e+02	2.880000e+01	7.200000e+00	1.283786e-01	2.000000e-01	2.000000e-01	1
9.200000e+00	92	1.621146e+03	5.314919e+02	2.880000e+01	7.200000e+00	2.469026e-01	2.000000e-01	2.000000e-01	1
9.300000e+00	93	1.244610e+03	5.059949e+02	2.880000e+01	7.200000e+00	2.890400e-01	2.000000e-01	2.000000e-01	1
9.400000e+00	94	1.064092e+03	4.802031e+02	2.880000e+01	7.200000e+00	3.109530e-01	2.000000e-01	2.000000e-01	1
9.500000e+00	95	1.665421e+03	4.750215e+02	2.880000e+01	7.200000e+00	2.219268e-01	2.000000e-01	2.000000e-01	1
9.600000e+00	96	1.358288e+03	2.957425e+02	2.880000e+01	7.200000e+00	1.788011e-01	2.000000e-01	2.000000e-01	1
9.700000e+00	97	1.290801e+03	4.739299e+02	2.880000e+01	7.200000e+00	2.685564e-01	2.000000e-01	2.000000e-01	1
9.800000e+00	98	2.160744e+03	7.059257e+02	2.880000e+01	7.200000e+00	2.462529e-01	2.000000e-01	2.000000e-01	1
9.900000e+00	99	1.585287e+03	3.808382e+02	2.880000e+01	7.200000e+00	1.936999e-01	2.000000e-01	2.000000e-01	1
10	100	1.608754e+03	3.428396e+02	2.880000e+01	7.200000e+00	1.756717e-01	2.000000e-01	2.000000e-01	1
1.010000e+01	101	1.608689e+03	4.548970e+02	2.880000e+01	7.200000e+00	2.204401e-01	2.000000e-01	2.000000e-01	1
1.020000e+01	102	1.792478e+03	4.764339e+02	2.880000e+01	7.200000e+00	2.099835e-01	2.000000e-01	2.000000e-01	1
1.030000e+01	103	1.608602e+03	5.515919e+02	2.880000e+01	7.200000e+00	2.553437e-01	2.000000e-01	2.000000e-01	1
1.040000e+01	104	1.581973e+03	3.756288e+02	2.880000e+01	7.200000e+00	1.918821e-01	2.000000e-01	2.000000e-01	1
1.050000e+01	105	1.437909e+03	5.498321e+02	2.880000e+01	7.200000e+00	2.766116e-01	2.000000e-01	2.000000e-01	1
1.060000e+01	106	1.371582e+03	4.212466e+02	2.880000e+01	7.200000e+00	2.349620e-01	2.000000e-01	2.000000e-01	1
1.070000e+01	107	1.540369e+03	4.992608e+02	2.880000e+01	7.200000e+00	2.447801e-01	2.000000e-01	2.000000e-01	1
1.080000e+01	108	2.104704e+03	4.003128e+02	2.880000e+01	7.200000e+00	1.598044e-01	2.000000e-01	2.000000e-01	1
1.090000e+01	109	1.669047e+03	5.882964e+02	2.880000e+01	7.200000e+00	2.606145e-01	2.000000e-01	2.000000e-01	1
11	110	1.428641e+03	6.780407e+02	2.880000e+01	7.200000e+00	3.218525e-01	2.000000e-01	2.000000e-01	1
1.110000e+01	111	1.763384e+03	3.341493e+02	2.880000e+01	7.200000e+00	1.593058e-01	2.000000e-01	2.000000e-01	1
1.120000e+01	112	1.890306e+03	6.355754e+02	2.880000e+01	7.200000e+00	2.516252e-01	2.000000e-01	2.000000e-01	1
1.130000e+01	113	1.315738e+03	2.825726e+02	2.880000e+01	7.200000e+00	1.767946e-01	2.000000e-01	2.000000e-01	1
1.140000e+01	114	7.440971e+02	1.075927e+03	1.678763e+01	1.921237e+01	5.911610e-01	5.336769e-01	7.000000e-01	2
1.150000e+01	115	6.753691e+02	1.739636e+03	1.080000e+01	2.520000e+01	7.203447e-01	7.000000e-01	7.000000e-01	2
1.160000e+01	116	4.779794e+02	1.751134e+03	1.080000e+01	2.520000e+01	7.855742e-01	7.000000e-01	7.000000e-01	2
1.170000e+01	117	5.842775e+02	1.617734e+03	1.080000e+01	2.520000e+01	7.346619e-01	7.000000e-01	7.000000e-01	2
1.180000e+01	118	8.117927e+02	1.237550e+03	1.080000e+01	2.520000e+01	6.038765e-01	7.000000e-01	7.000000e-01	3
1.190000e+01	119	7.572749e+02	1.830573e+03	1.080000e+01	2.520000e+01	7.073728e-01	7.000000e-01	7.000000e-01	3
12	120	7.884262e+02	1.428778e+03	1.080000e+01	2.520000e+01	6.444052e-01	7.000000e-01	7.000000e-01	3
1.210000e+01	121	5.985069e+02	1.029623e+03	1.080000e+01	2.520000e+01	6.323962e-01	7.000000e-01	7.000000e-01	3
1.220000e+01	122	5.733414e+02	1.201663e+03	1.080000e+01	2.520000e+01	6.769916e-01	7.000000e-01	7.000000e-01	3
1.230000e+01	123	6.038429e+02	1.658303e+03	1.080000e+01	2.520000e+01	7.330663e-01	7.000000e-01	7.000000e-01	3
1.240000e+01	124	6.689217e+02	2.106631e+03	1.080000e+01	2.520000e+01	7.589951e-01	7.000000e-01	7.000000e-01	3
1.250000e+01	125	5.420433e+02	1.911014e+03	1.080000e+01	2.520000e+01	7.790336e-01	7.000000e-01	7.000000e-01	3
1.260000e+01	126	4.953777e+02	1.489321e+03	1.080000e+01	2.520000e+01	7.504015e-01	7.000000e-01	7.000000e-01	3
1.270000e+01	127	2.411883e+02	1.182250e+03	1.080000e+01	2.520000e+01	8.305594e-01	7.000000e-01	7.000000e-01	3
1.280000e+01	128	7.623945e+02	1.052689e+03	1.080000e+01	2.520000e+01	5.799672e-01	7.000000e-01	7.000000e-01	3
1.290000e+01	129	4.005003e+02	1.066909e+03	1.080000e+01	2.520000e+01	7.270698e-01	7.000000e-01	7.000000e-01	3
13	130	5.022942e+02	1.344908e+03	1.080000e+01	2.520000e+01	7.280784e-01	7.000000e-01	7.000000e-01	3
1.310000e+01	131	6.617924e+02	1.197810e+03	1.080000e+01	2.520000e+01	6.441215e-01	7.000000e-01	7.000000e-01	3
1.320000e+01	132	5.693868e+02	1.476646e+03	1.080000e+01	2.520000e+01	7.217118e-01	7.000000e-01	7.000000e-01	3
1.330000e+01	133	6.640266e+02	1.419764e+03	1.080000e+01	2.520000e+01	6.813372e-01	7.000000e-01	7.000000e-01	3
1.340000e+01	134	7.292283e+02	1.573677e+03	1.080000e+01	2.520000e+01	6.833442e-01	7.000000e-01	7.000000e-01	3
1.350000e+01	135	5.760377e+02	1.666557e+03	1.080000e+01	2.520000e+01	7.431379e-01	7.000000e-01	7.000000e-01	3
1.360000e+01	136	3.912216e+02	1.488111e+03	1.080000e+01	2.520000e+01	7.918295e-01	7.000000e-01	7.000000e-01	3
1.370000e+01	137	5.852172e+02	2.212471e+03	1.080000e+01	2.520000e+01	7.908212e-01	7.000000e-01	7.000000e-01	3
1.380000e+01	138	7.217529e+02	1.511987e+03	1.080000e+01	2.520000e+01	6.768858e-01	7.000000e-01	7.000000e-01	3
1.390000e+01	139	8.085864e+02	1.153487e+03	1.080000e+01	2.520000e+01	5.878919e-01	7.000000e-01	7.000000e-01	3
14	140	6.593764e+02	1.227245e+03	1.080000e+01	2.520000e+01	6.504989e-01	7.000000e-01	7.000000e-01	3
1.410000e+01	141	6.683374e+02	1.224764e+03	1.080000e+01	2.520000e+01	6.469616e-01	7.000000e-01	7.000000e-01	3
1.420000e+01	142	5.076710e+02	1.424140e+03	1.080000e+01	2.520000e+01	7.372046e-01	7.000000e-01	7.000000e-01	3
1.430000e+01	143	3.297913e+02	1.651199e+03	1.080000e+01	2.520000e+01	8.335220e-01	7.000000e-01	7.000000e-01	3
1.440000e+01	144	5.460008e+02	2.018926e+03	1.080000e+01	2.520000e+01	7.871281e-01	7.000000e-01	7.000000e-01	3
1.450000e+01	145	4.066934e+02	1.451319e+03	1.080000e+01	2.520000e+01	7.811137e-01	7.000000e-01	7.000000e-01	3
1.460000e+01	146	6.408304e+02	1.624732e+03	1.080000e+01	2.520000e+01	7.171429e-01	7.000000e-01	7.000000e-01	3
1.470000e+01	147	5.460487e+02	7.094601e+02	1.080000e+01	2.520000e+01	5.650778e-01	7.000000e-01	7.000000e-01	3
1.480000e+01	148	6.066875e+02	1.527028e+03	1.080000e+01	2.520000e+01	7.156662e-01	7.000000e-01	7.000000e-01	3
1.490000e+01	149	6.799532e+02	1.345999e+03	1.080000e+01	2.520000e+01	6.643784e-01	7.000000e-01	7.000000e-01	3
15	150	9.467060e+02	1.610129e+03	1.080000e+01	2.520000e+01	6.297352e-01	7.000000e-01	7.000000e-01	3
1.510000e+01	151	6.548119e+02	1.869829e+03	1.080000e+01	2.520000e+01	7.406317e-01	7.000000e-01	7.000000e-01	3
1.520000e+01	152	8.485953e+02	1.307859e+03	1.080000e+01	2.520000e+01	6.064859e-01	7.000000e-01	7.000000e-01	3
1.530000e+01	153	1.021956e+03	1.694684e+03	1.080000e+01	2.520000e+01	6.238162e-01	7.000000e-01	7.000000e-01	3
1.540000e+01	154	5.470560e+02	1.471878e+03	1.080000e+01	2.520000e+01	7.290372e-01	7.000000e-01	7.000000e-01	3
1.550000e+01	155	8.268105e+02	1.330563e+03	1.080000e+01	2.520000e+01	6.167514e-01	7.000000e-01	7.000000e-01	3
1.560000e+01	156	6.750385e+02	1.406025e+03	1.080000e+01	2.520000e+01	6.756281e-01	7.000000e-01	7.000000e-01	3
1.570000e+01	157	7.262898e+02	1.455356e+03	1.080000e+01	2.520000e+01	6.670909e-01	7.000000e-01	7.000000e-01	3
1.580000e+01	158	2.238017e+02	1.320674e+03	1.080000e+01	2.520000e+01	8.550953e-01	7.000000e-01	7.000000e-01	3
1.590000e+01	159	5.998901e+02	1.386396e+03	1.080000e+01	2.520000e+01	6.979840e-01	7.000000e-01	7.000000e-01	3
16	160	5.107637e+02	1.554230e+03	1.080000e+01	2.520000e+01	7.526561e-01	7.000000e-01	7.000000e-01	3
1.610000e+01	161	6.223261e+02	1.148321e+03	1.080000e+01	2.520000e+01	6.485318e-01	7.000000e-01	7.000000e-01	3
1.620000e+01	162	5.652720e+02	1.437540e+03	1.080000e+01	2.520000e+01	7.177608e-01	7.000000e-01	7.000000e-01	3
1.630000e+01	163	4.964843e+02	1.617937e+03	1.080000e+01	2.520000e+01	7.651914e-01	7.000000e-01	7.000000e-01	3
1.640000e+01	164	5.508190e+02	1.270690e+03	1.080000e+01	2.520000e+01	6.976029e-01	7.000000e-01	7.000000e-01	3
1.650000e+01	165	5.278152e+02	1.435761e+03	1.080000e+01	2.520000e+01	7.311970e-01	7.000000e-01	7.000000e-01	3
1.660000e+01	166	6.863037e+02	1.153997e+03	1.080000e+01	2.520000e+01	6.270698e-01	7.000000e-01	7.000000e-01	3
1.670000e+01	167	6.386275e+02	1.741696e+03	1.080000e+01	2.520000e+01	7.317056e-01	7.000000e-01	7.000000e-01	3
1.680000e+01	168	4.643995e+02	1.622008e+03	1.080000e+01	2.520000e+01	7.774166e-01	7.000000e-01	7.000000e-01	3
1.690000e+01	169	5.896861e+02	1.154938e+03	1.080000e+01	2.520000e+01	6.619981e-01	7.000000e-01	7.000000e-01	3
17	170	3.480508e+02	8.251601e+02	1.080000e+01	2.520000e+01	7.033348e-01	7.000000e-01	7.000000e-01	3
1.710000e+01	171	6.983646e+02	1.306479e+03	1.080000e+01	2.520000e+01	6.516613e-01	7.000000e-01	7.000000e-01	3
1.720000e+01	172	5.315389e+02	1.117212e+03	1.080000e+01	2.520000e+01	6.776111e-01	7.000000e-01	7.000000e-01	3
1.730000e+01	173	7.429639e+02	1.201586e+03	1.080000e+01	2.520000e+01	6.179250e-01	7.000000e-01	7.000000e-01	3
1.740000e+01	174	6.978739e+02	1.952972e+03	1.080000e+01	2.520000e+01	7.367353e-01	7.000000e-01	7.000000e-01	3
1.750000e+01	175	4.783898e+02	1.314203e+03	1.080000e+01	2.520000e+01	7.331297e-01	7.000000e-01	7.000000e-01	3
1.760000e+01	176	7.395758e+02	1.455380e+03	1.080000e+01	2.520000e+01	6.630566e-01	7.000000e-01	7.000000e-01	3
1.770000e+01	177	7.941133e+02	1.131004e+03	1.080000e+01	2.520000e+01	5.874988e-01	7.000000e-01	7.000000e-01	3
1.780000e+01	178	4.079521e+02	1.669645e+03	1.080000e+01	2.520000e+01	8.036423e-01	7.000000e-01	7.000000e-01	3
1.790000e+01	179	1.278468e+02	1.372393e+03	1.080000e+01	2.520000e+01	9.147824e-01	7.000000e-01	7.000000e-01	3
18	180	3.750699e+02	1.055021e+03	1.080000e+01	2.520000e+01	7.377301e-01	7.000000e-01	7.000000e-01	3
1.810000e+01	181	7.685648e+02	1.458478e+03	1.080000e+01	2.520000e+01	6.548945e-01	7.000000e-01	7.000000e-01	3
1.820000e+01	182	5.831172e+02	1.087602e+03	1.080000e+01	2.520000e+01	6.509783e-01	7.000000e-01	7.000000e-01	3
1.830000e+01	183	4.282346e+02	1.453096e+03	1.080000e+01	2.520000e+01	7.723767e-01	7.000000e-01	7.000000e-01	3
1.840000e+01	184	4.123286e+02	1.528463e+03	1.080000e+01	2.520000e+01	7.875462e-01	7.000000e-01	7.000000e-01	3
1.850000e+01	185	4.930061e+02	1.484590e+03	1.080000e+01	2.520000e+01	7.507044e-01	7.000000e-01	7.000000e-01	3
1.860000e+01	186	5.132984e+02	8.336354e+02	1.080000e+01	2.520000e+01	6.189134e-01	7.000000e-01	7.000000e-01	3
1.870000e+01	187	8.731424e+02	1.295670e+03	1.080000e+01	2.520000e+01	5.974099e-01	7.000000e-01	7.000000e-01	3
1.880000e+01	188	4.352022e+02	1.531632e+03	1.080000e+01	2.520000e+01	7.787296e-01	7.000000e-01	7.000000e-01	3
1.890000e+01	189	1.248787e+03	2.988911e+02	2.820871e+01	7.791293e+00	1.931223e-01	2.164248e-01	2.000000e-01	1
19	190	1.333985e+03	3.609393e+02	2.880000e+01	7.200000e+00	2.129531e-01	2.000000e-01	2.000000e-01	1
1.910000e+01	191	1.849478e+03	9.085502e+02	2.880000e+01	7.200000e+00	3.294202e-01	2.000000e-01	2.000000e-01	1
1.920000e+01	192	1.271932e+03	4.943379e+02	2.880000e+01	7.200000e+00	2.798767e-01	2.000000e-01	2.000000e-01	1
1.930000e+01	193	1.548725e+03	3.021249e+02	2.880000e+01	7.200000e+00	1.632357e-01	2.000000e-01	2.000000e-01	1
1.940000e+01	194	2.109034e+03	4.401828e+02	2.880000e+01	7.200000e+00	1.726738e-01	2.000000e-01	2.000000e-01	1
1.950000e+01	195	1.297155e+03	5.668567e+02	2.880000e+01	7.200000e+00	3.041058e-01	2.000000e-01	2.000000e-01	1
1.960000e+01	196	1.746562e+03	1.007108e+02	2.880000e+01	7.200000e+00	5.451864e-02	2.000000e-01	2.000000e-01	1
1.970000e+01	197	2.101769e+03	5.212111e+02	2.880000e+01	7.200000e+00	1.987095e-01	2.000000e-01	2.000000e-01	1
1.980000e+01	198	1.283848e+03	3.114403e+02	2.880000e+01	7.200000e+00	1.952251e-01	2.000000e-01	2.000000e-01	1
1.990000e+01	199	1.315308e+03	5.257795e+02	2.880000e+01	7.200000e+00	2.855809e-01	2.000000e-01	2.000000e-01	1
20	200	1.468254e+03	5.505305e+02	2.880000e+01	7.200000e+00	2.727040e-01	2.000000e-01	2.000000e-01	1
2.010000e+01	201	1.950103e+03	3.688499e+02	2.880000e+01	7.200000e+00	1.590588e-01	2.000000e-01	2.000000e-01	1
2.020000e+01	202	1.662345e+03	4.231313e+02	2.880000e+01	7.200000e+00	2.028943e-01	2.000000e-01	2.000000e-01	1
2.030000e+01	203	1.124885e+03	7.434729e+02	2.880000e+01	7.200000e+00	3.979284e-01	2.000000e-01	2.000000e-01	1
2.040000e+01	204	1.271804e+03	3.793259e+02	2.880000e+01	7.200000e+00	2.297373e-01	2.000000e-01	2.000000e-01	1
2.050000e+01	205	1.154274e+03	3.259420e+02	2.880000e+01	7.200000e+00	2.201990e-01	2.000000e-01	2.000000e-01	1
2.060000e+01	206	1.368226e+03	2.683862e+02	2.880000e+01	7.200000e+00	1.639889e-01	2.000000e-01	2.000000e-01	1
2.070000e+01	207	1.880069e+03	1.733927e+02	2.880000e+01	7.200000e+00	8.443926e-02	2.000000e-01	2.000000e-01	1
2.080000e+01	208	1.441589e+03	6.030054e+02	2.880000e+01	7.200000e+00	2.949267e-01	2.000000e-01	2.000000e-01	1
2.090000e+01	209	1.980129e+03	3.231785e+02	2.880000e+01	7.200000e+00	1.403106e-01	2.000000e-01	2.000000e-01	1
21	210	1.312649e+03	6.091588e+02	2.880000e+01	7.200000e+00	3.169717e-01	2.000000e-01	2.000000e-01	1
2.110000e+01	211	1.354463e+03	4.062831e+02	2.880000e+01	7.200000e+00	2.307448e-01	2.000000e-01	2.000000e-01	1
2.120000e+01	212	1.586075e+03	6.469055e+02	2.880000e+01	7.200000e+00	2.897050e-01	2.000000e-01	2.000000e-01	1
2.130000e+01	213	1.647289e+03	2.666450e+02	2.880000e+01	7.200000e+00	1.393177e-01	2.000000e-01	2.000000e-01	1
2.140000e+01	214	1.300872e+03	3.936290e+02	2.880000e+01	7.200000e+00	2.322979e-01	2.000000e-01	2.000000e-01	1
2.150000e+01	215	1.188619e+03	3.446632e+02	2.880000e+01	7.200000e+00	2.247878e-01	2.000000e-01	2.000000e-01	1
2.160000e+01	216	1.970334e+03	5.951057e+02	2.880000e+01	7.200000e+00	2.319702e-01	2.000000e-01	2.000000e-01	1
2.170000e+01	217	1.768798e+03	3.558245e+02	2.880000e+01	7.200000e+00	1.674766e-01	2.000000e-01	2.000000e-01	1
2.180000e+01	218	2.093021e+03	4.318655e+02	2.824469e+01	7.755311e+00	1.710435e-01	2.154253e-01	2.000000e-01	1
2.190000e+01	219	8.087164e+02	1.238372e+03	1.312488e+01	2.287512e+01	6.049432e-01	6.354199e-01	7.000000e-01	2
22	220	1.465165e+03	3.315336e+02	2.880000e+01	7.200000e+00	1.845237e-01	2.000000e-01	2.000000e-01	1
2.210000e+01	221	1.457652e+03	1.517425e+02	2.880000e+01	7.200000e+00	9.428547e-02	2.000000e-01	2.000000e-01	1
2.220000e+01	222	2.037214e+03	6.572994e+02	2.880000e+01	7.200000e+00	2.439400e-01	2.000000e-01	2.000000e-01	1
2.230000e+01	223	2.209394e+03	4.431592e+02	2.880000e+01	7.200000e+00	1.670689e-01	2.000000e-01	2.000000e-01	1
2.240000e+01	224	1.602458e+03	1.539934e+02	2.880000e+01	7.200000e+00	8.767303e-02	2.000000e-01	2.000000e-01	1
2.250000e+01	225	1.668237e+03	4.450464e+02	2.880000e+01	7.200000e+00	2.105947e-01	2.000000e-01	2.000000e-01	1
2.260000e+01	226	1.279428e+03	0	2.880000e+01	7.200000e+00	0	2.000000e-01	2.000000e-01	1
2.270000e+01	227	1.526985e+03	7.102825e+02	2.880000e+01	7.200000e+00	3.174776e-01	2.000000e-01	2.000000e-01	1
2.280000e+01	228	1.374325e+03	2.126529e+02	2.880000e+01	7.200000e+00	1.339987e-01	2.000000e-01	2.000000e-01	1
2.290000e+01	229	2.132041e+03	4.818275e+02	2.880000e+01	7.200000e+00	1.843350e-01	2.000000e-01	2.000000e-01	1
23	230	1.823136e+03	3.110021e+02	2.880000e+01	7.200000e+00	1.457273e-01	2.000000e-01	2.000000e-01	1
2.310000e+01	231	1.747103e+03	5.295178e+02	2.880000e+01	7.200000e+00	2.325894e-01	2.000000e-01	2.000000e-01	1
2.320000e+01	232	1.444709e+03	6.154921e+02	2.880000e+01	7.200000e+00	2.987534e-01	2.000000e-01	2.000000e-01	1
2.330000e+01	233	1.290396e+03	4.408836e+02	2.880000e+01	7.200000e+00	2.546577e-01	2.000000e-01	2.000000e-01	1
2.340000e+01	234	1.069670e+03	2.748435e+02	2.880000e+01	7.200000e+00	2.044185e-01	2.000000e-01	2.000000e-01	1
2.350000e+01	235	1.904251e+03	7.268297e+02	2.880000e+01	7.200000e+00	2.762476e-01	2.000000e-01	2.000000e-01	1
2.360000e+01	236	1.468749e+03	2.818438e+02	2.880000e+01	7.200000e+00	1.609991e-01	2.000000e-01	2.000000e-01	1
2.370000e+01	237	1.923316e+03	5.446273e+02	2.880000e+01	7.200000e+00	2.206806e-01	2.000000e-01	2.000000e-01	1
2.380000e+01	238	1.304456e+03	6.975809e+02	2.880000e+01	7.200000e+00	3.484356e-01	2.000000e-01	2.000000e-01	1
2.390000e+01	239	1.115918e+03	3.299067e+02	2.880000e+01	7.200000e+00	2.281788e-01	2.000000e-01	2.000000e-01	1
24	240	1.577532e+03	4.308425e+02	2.880000e+01	7.200000e+00	2.145230e-01	2.000000e-01	2.000000e-01	1
2.410000e+01	241	1.612451e+03	4.183407e+02	2.880000e+01	7.200000e+00	2.059989e-01	2.000000e-01	2.000000e-01	1
2.420000e+01	242	1.523882e+03	4.012238e+02	2.880000e+01	7.200000e+00	2.084165e-01	2.000000e-01	2.000000e-01	1
2.430000e+01	243	1.279351e+03	3.883682e+02	2.880000e+01	7.200000e+00	2.328738e-01	2.000000e-01	2.000000e-01	1
2.440000e+01	244	2.054770e+03	6.083653e+02	2.880000e+01	7.200000e+00	2.284395e-01	2.000000e-01	2.000000e-01	1
2.450000e+01	245	1.620239e+03	4.186124e+02	2.880000e+01	7.200000e+00	2.053178e-01	2.000000e-01	2.000000e-01	1
2.460000e+01	246	2.114725e+03	3.739071e+02	2.880000e+01	7.200000e+00	1.502460e-01	2.000000e-01	2.000000e-01	1
2.470000e+01	247	1.723579e+03	2.952377e+02	2.880000e+01	7.200000e+00	1.462430e-01	2.000000e-01	2.000000e-01	1
2.480000e+01	248	1.855885e+03	8.587118e+01	2.880000e+01	7.200000e+00	4.422346e-02	2.000000e-01	2.000000e-01	1
2.490000e+01	249	1.270314e+03	4.150670e+02	2.880000e+01	7.200000e+00	2.462748e-01	2.000000e-01	2.000000e-01	1
25	250	1.710291e+03	3.655283e+02	2.880000e+01	7.200000e+00	1.760887e-01	2.000000e-01	2.000000e-01	1
2.510000e+01	251	1.182130e+03	3.183274e+02	2.880000e+01	7.200000e+00	2.121535e-01	2.000000e-01	2.000000e-01	1
2.520000e+01	252	1.468534e+03	4.131739e+02	2.880000e+01	7.200000e+00	2.195738e-01	2.000000e-01	2.000000e-01	1
2.530000e+01	253	1.350541e+03	2.599311e+02	2.880000e+01	7.200000e+00	1.614005e-01	2.000000e-01	2.000000e-01	1
2.540000e+01	254	1.290636e+03	5.373799e+02	2.880000e+01	7.200000e+00	2.939689e-01	2.000000e-01	2.000000e-01	1
2.550000e+01	255	9.945506e+02	6.033203e+02	2.880000e+01	7.200000e+00	3.775776e-01	2.000000e-01	2.000000e-01	1
2.560000e+01	256	1.800508e+03	6.614489e+02	2.880000e+01	7.200000e+00	2.686679e-01	2.000000e-01	2.000000e-01	1
2.570000e+01	257	1.338286e+03	4.703118e+02	2.880000e+01	7.200000e+00	2.600422e-01	2.000000e-01	2.000000e-01	1
2.580000e+01	258	1.792682e+03	4.348316e+02	2.880000e+01	7.200000e+00	1.952095e-01	2.000000e-01	2.000000e-01	1
2.590000e+01	259	1.442069e+03	3.517701e+02	2.880000e+01	7.200000e+00	1.960990e-01	2.000000e-01	2.000000e-01	1
26	260	1.294146e+03	3.217391e+02	2.880000e+01	7.200000e+00	1.991101e-01	2.000000e-01	2.000000e-01	1
2.610000e+01	261	2.038107e+03	7.102398e+02	2.880000e+01	7.200000e+00	2.584244e-01	2.000000e-01	2.000000e-01	1
2.620000e+01	262	2.177479e+03	2.322475e+02	2.880000e+01	7.200000e+00	9.637922e-02	2.000000e-01	2.000000e-01	1
2.630000e+01	263	1.127989e+03	5.471024e+02	2.880000e+01	7.200000e+00	3.266105e-01	2.000000e-01	2.000000e-01	1
2.640000e+01	264	1.736459e+03	3.936184e+02	2.880000e+01	7.200000e+00	1.847907e-01	2.000000e-01	2.000000e-01	1
2.650000e+01	265	1.081683e+03	2.581247e+02	2.880000e+01	7.200000e+00	1.926580e-01	2.000000e-01	2.000000e-01	1
2.660000e+01	266	1.603523e+03	4.530526e+02	2.880000e+01	7.200000e+00	2.202947e-01	2.000000e-01	2.000000e-01	1
2.670000e+01	267	1.612650e+03	2.336220e+02	2.880000e+01	7.200000e+00	1.265371e-01	2.000000e-01	2.000000e-01	1
2.680000e+01	268	1.710495e+03	4.479893e+02	2.880000e+01	7.200000e+00	2.075481e-01	2.000000e-01	2.000000e-01	1
2.690000e+01	269	1.785165e+03	5.087972e+02	2.880000e+01	7.200000e+00	2.217984e-01	2.000000e-01	2.000000e-01	1
27	270	1.030535e+03	4.235081e+02	2.880000e+01	7.200000e+00	2.912624e-01	2.000000e-01	2.000000e-01	1
2.710000e+01	271	1.884744e+03	5.033713e+02	2.880000e+01	7.200000e+00	2.107818e-01	2.000000e-01	2.000000e-01	1
2.720000e+01	272	1.630206e+03	6.113969e+02	2.880000e+01	7.200000e+00	2.727499e-01	2.000000e-01	2.000000e-01	1
2.730000e+01	273	1.519514e+03	3.397165e+02	2.880000e+01	7.200000e+00	1.827189e-01	2.000000e-01	2.000000e-01	1
2.740000e+01	274	1.783344e+03	5.278380e+02	2.880000e+01	7.200000e+00	2.283844e-01	2.000000e-01	2.000000e-01	1
2.750000e+01	275	1.577174e+03	6.016293e+02	2.880000e+01	7.200000e+00	2.761283e-01	2.000000e-01	2.000000e-01	1
2.760000e+01	276	1.462026e+03	2.785172e+02	2.880000e+01	7.200000e+00	1.600174e-01	2.000000e-01	2.000000e-01	1
2.770000e+01	277	1.542406e+03	5.308080e+02	2.880000e+01	7.200000e+00	2.560315e-01	2.000000e-01	2.000000e-01	1
2.780000e+01	278	1.684642e+03	5.551356e+02	2.880000e+01	7.200000e+00	2.478530e-01	2.000000e-01	2.000000e-01	1
2.790000e+01	279	1.703264e+03	3.027479e+02	2.880000e+01	7.200000e+00	1.509203e-01	2.000000e-01	2.000000e-01	1
28	280	1.831354e+03	2.829902e+02	2.880000e+01	7.200000e+00	1.338431e-01	2.000000e-01	2.000000e-01	1
2.810000e+01	281	1.578630e+03	5.062553e+02	2.880000e+01	7.200000e+00	2.428216e-01	2.000000e-01	2.000000e-01	1
2.820000e+01	282	1.522720e+03	5.474575e+01	2.880000e+01	7.200000e+00	3.470487e-02	2.000000e-01	2.000000e-01	1
2.830000e+01	283	1.470939e+03	8.836500e+01	2.880000e+01	7.200000e+00	5.666950e-02	2.000000e-01	2.000000e-01	1
2.840000e+01	284	1.790536e+03	1.868305e+02	2.880000e+01	7.200000e+00	9.448453e-02	2.000000e-01	2.000000e-01	1
2.850000e+01	285	1.039399e+03	7.529275e+02	2.880000e+01	7.200000e+00	4.200839e-01	2.000000e-01	2.000000e-01	1
2.860000e+01	286	1.039513e+03	2.797596e+02	2.880000e+01	7.200000e+00	2.120560e-01	2.000000e-01	2.000000e-01	1
2.870000e+01	287	9.773475e+02	4.581512e+02	2.880000e+01	7.200000e+00	3.191582e-01	2.000000e-01	2.000000e-01	1
2.880000e+01	288	1.729211e+03	3.816643e+02	2.880000e+01	7.200000e+00	1.808085e-01	2.000000e-01	2.000000e-01	1
2.890000e+01	289	1.316460e+03	6.200150e+02	2.880000e+01	7.200000e+00	3.201771e-01	2.000000e-01	2.000000e-01	1
29	290	1.186260e+03	6.005362e+02	2.880000e+01	7.200000e+00	3.360966e-01	2.000000e-01	2.000000e-01	1
2.910000e+01	291	1.442505e+03	2.595577e+02	2.880000e+01	7.200000e+00	1.524960e-01	2.000000e-01	2.000000e-01	1
2.920000e+01	292	1.415694e+03	1.041310e+02	2.880000e+01	7.200000e+00	6.851513e-02	2.000000e-01	2.000000e-01	1
2.930000e+01	293	1.622839e+03	4.704632e+02	2.880000e+01	7.200000e+00	2.247469e-01	2.000000e-01	2.000000e-01	1
2.940000e+01	294	1.854293e+03	5.138262e+02	2.880000e+01	7.200000e+00	2.169765e-01	2.000000e-01	2.000000e-01	1
2.950000e+01	295	1.681580e+03	6.602973e+02	2.880000e+01	7.200000e+00	2.819521e-01	2.000000e-01	2.000000e-01	1
2.960000e+01	296	1.803307e+03	4.708713e+02	2.880000e+01	7.200000e+00	2.070512e-01	2.000000e-01	2.000000e-01	1
2.970000e+01	297	1.570698e+03	2.720694e+02	2.880000e+01	7.200000e+00	1.476417e-01	2.000000e-01	2.000000e-01	1
2.980000e+01	298	1.965216e+03	6.474509e+02	2.880000e+01	7.200000e+00	2.478123e-01	2.000000e-01	2.000000e-01	1
2.990000e+01	299	1.259824e+03	5.940466e+02	2.880000e+01	7.200000e+00	3.204359e-01	2.000000e-01	2.000000e-01	1
30	300	1.207244e+03	6.649967e+02	2.880000e+01	7.200000e+00	3.551876e-01	2.000000e-01	2.000000e-01	1
3.010000e+01	301	1.318653e+03	4.426816e+02	2.880000e+01	7.200000e+00	2.513331e-01	2.000000e-01	2.000000e-01	1
3.020000e+01	302	1.638789e+03	2.265837e+02	2.880000e+01	7.200000e+00	1.214683e-01	2.000000e-01	2.000000e-01	1
3.030000e+01	303	1.699980e+03	5.247569e+02	2.880000e+01	7.200000e+00	2.358737e-01	2.000000e-01	2.000000e-01	1
3.040000e+01	304	1.655002e+03	3.444093e+02	2.880000e+01	7.200000e+00	1.722554e-01	2.000000e-01	2.000000e-01	1
3.050000e+01	305	1.361849e+03	6.173919e+02	2.880000e+01	7.200000e+00	3.119337e-01	2.000000e-01	2.000000e-01	1
3.060000e+01	306	1.977932e+03	3.736800e+02	2.880000e+01	7.200000e+00	1.589038e-01	2.000000e-01	2.000000e-01	1
3.070000e+01	307	1.234142e+03	2.455420e+02	2.880000e+01	7.200000e+00	1.659422e-01	2.000000e-01	2.000000e-01	1
3.080000e+01	308	1.476689e+03	3.747274e+02	2.880000e+01	7.200000e+00	2.024004e-01	2.000000e-01	2.000000e-01	1
3.090000e+01	309	1.421076e+03	3.534155e+02	2.880000e+01	7.200000e+00	1.991644e-01	2.000000e-01	2.000000e-01	1
31	310	1.318687e+03	2.756828e+02	2.880000e+01	7.200000e+00	1.729102e-01	2.000000e-01	2.000000e-01	1
3.110000e+01	311	1.612055e+03	2.130972e+02	2.880000e+01	7.200000e+00	1.167559e-01	2.000000e-01	2.000000e-01	1
3.120000e+01	312	1.305133e+03	2.993704e+02	2.880000e+01	7.200000e+00	1.865814e-01	2.000000e-01	2.000000e-01	1
3.130000e+01	313	1.536778e+03	6.197122e+02	2.880000e+01	7.200000e+00	2.873707e-01	2.000000e-01	2.000000e-01	1
3.140000e+01	314	1.594734e+03	2.283739e+02	2.880000e+01	7.200000e+00	1.252662e-01	2.000000e-01	2.000000e-01	1
3.150000e+01	315	1.839204e+03	4.200029e+02	2.880000e+01	7.200000e+00	1.859073e-01	2.000000e-01	2.000000e-01	1
3.160000e+01	316	1.531624e+03	2.379039e+02	2.880000e+01	7.200000e+00	1.344449e-01	2.000000e-01	2.000000e-01	1
3.170000e+01	317	2.016063e+03	3.935498e+02	2.880000e+01	7.200000e+00	1.633249e-01	2.000000e-01	2.000000e-01	1
3.180000e+01	318	1.711954e+03	4.931459e+02	2.880000e+01	7.200000e+00	2.236388e-01	2.000000e-01	2.000000e-01	1
3.190000e+01	319	1.425367e+03	4.606068e+02	2.880000e+01	7.200000e+00	2.442275e-01	2.000000e-01	2.000000e-01	1
32	320	1.342856e+03	4.721683e+02	2.880000e+01	7.200000e+00	2.601444e-01	2.000000e-01	2.000000e-01	1
3.210000e+01	321	1.802534e+03	3.260003e+02	2.880000e+01	7.200000e+00	1.531572e-01	2.000000e-01	2.000000e-01	1
3.220000e+01	322	1.855822e+03	5.057736e+02	2.880000e+01	7.200000e+00	2.141660e-01	2.000000e-01	2.000000e-01	1
3.230000e+01	323	1.244028e+03	5.038318e+02	2.880000e+01	7.200000e+00	2.882564e-01	2.000000e-01	2.000000e-01	1
3.240000e+01	324	1.296673e+03	2.119905e+02	2.880000e+01	7.200000e+00	1.405154e-01	2.000000e-01	2.000000e-01	1
3.250000e+01	325	1.446961e+03	3.501154e+02	2.880000e+01	7.200000e+00	1.948250e-01	2.000000e-01	2.000000e-01	1
3.260000e+01	326	1.261074e+03	2.927521e+02	2.880000e+01	7.200000e+00	1.884073e-01	2.000000e-01	2.000000e-01	1
3.270000e+01	327	1.166858e+03	7.245460e+02	2.880000e+01	7.200000e+00	3.830730e-01	2.000000e-01	2.000000e-01	1
3.280000e+01	328	1.193718e+03	1.311861e+02	2.880000e+01	7.200000e+00	9.901554e-02	2.000000e-01	2.000000e-01	1
3.290000e+01	329	9.298762e+02	4.155372e+02	2.880000e+01	7.200000e+00	3.088546e-01	2.000000e-01	2.000000e-01	1
33	330	2.008998e+03	4.010620e+02	2.880000e+01	7.200000e+00	1.664116e-01	2.000000e-01	2.000000e-01	1
3.310000e+01	331	9.240716e+02	4.258084e+02	2.880000e+01	7.200000e+00	3.154417e-01	2.000000e-01	2.000000e-01	1
3.320000e+01	332	1.413701e+03	6.053348e+02	2.880000e+01	7.200000e+00	2.998138e-01	2.000000e-01	2.000000e-01	1
3.330000e+01	333	1.475637e+03	4.073397e+02	2.880000e+01	7.200000e+00	2.163275e-01	2.000000e-01	2.000000e-01	1
3.340000e+01	334	1.424568e+03	5.022346e+02	2.880000e+01	7.200000e+00	2.606570e-01	2.000000e-01	2.000000e-01	1
3.350000e+01	335	1.715821e+03	3.401371e+02	2.880000e+01	7.200000e+00	1.654397e-01	2.000000e-01	2.000000e-01	1
3.360000e+01	336	1.870078e+03	1.190333e+02	2.880000e+01	7.200000e+00	5.984247e-02	2.000000e-01	2.000000e-01	1
3.370000e+01	337	1.504927e+03	4.606012e+02	2.880000e+01	7.200000e+00	2.343397e-01	2.000000e-01	2.000000e-01	1
3.380000e+01	338	1.638657e+03	7.752776e+02	2.880000e+01	7.200000e+00	3.211676e-01	2.000000e-01	2.000000e-01	1
3.390000e+01	339	1.271836e+03	6.908541e+02	2.880000e+01	7.200000e+00	3.519935e-01	2.000000e-01	2.000000e-01	1
34	340	1.741765e+03	2.862554e+02	2.880000e+01	7.200000e+00	1.411501e-01	2.000000e-01	2.000000e-01	1
3.410000e+01	341	1.550520e+03	3.387848e+02	2.880000e+01	7.200000e+00	1.793171e-01	2.000000e-01	2.000000e-01	1
3.420000e+01	342	1.718626e+03	4.498334e+02	2.880000e+01	7.200000e+00	2.074438e-01	2.000000e-01	2.000000e-01	1
3.430000e+01	343	1.662701e+03	4.303339e+02	2.880000e+01	7.200000e+00	2.056028e-01	2.000000e-01	2.000000e-01	1
3.440000e+01	344	1.176523e+03	2.236170e+02	2.880000e+01	7.200000e+00	1.597105e-01	2.000000e-01	2.000000e-01	1
3.450000e+01	345	1.745820e+03	5.843933e+02	2.880000e+01	7.200000e+00	2.507897e-01	2.000000e-01	2.000000e-01	1
3.460000e+01	346	1.288057e+03	5.370185e+02	2.880000e+01	7.200000e+00	2.942445e-01	2.000000e-01	2.000000e-01	1
3.470000e+01	347	1.469737e+03	3.220367e+02	2.880000e+01	7.200000e+00	1.797307e-01	2.000000e-01	2.000000e-01	1
3.480000e+01	348	1.414718e+03	2.939723e+02	2.880000e+01	7.200000e+00	1.720454e-01	2.000000e-01	2.000000e-01	1
3.490000e+01	349	9.726173e+02	4.220657e+02	2.880000e+01	7.200000e+00	3.026248e-01	2.000000e-01	2.000000e-01	1
35	350	1.741462e+03	2.235564e+02	2.880000e+01	7.200000e+00	1.137681e-01	2.000000e-01	2.000000e-01	1
3.510000e+01	351	1.646319e+03	4.327834e+02	2.880000e+01	7.200000e+00	2.081587e-01	2.000000e-01	2.000000e-01	1
3.520000e+01	352	1.730333e+03	3.312985e+02	2.880000e+01	7.200000e+00	1.606972e-01	2.000000e-01	2.000000e-01	1
3.530000e+01	353	2.025884e+03	2.413795e+02	2.880000e+01	7.200000e+00	1.064629e-01	2.000000e-01	2.000000e-01	1
3.540000e+01	354	1.625252e+03	2.822512e+02	2.880000e+01	7.200000e+00	1.479690e-01	2.000000e-01	2.000000e-01	1
3.550000e+01	355	1.438668e+03	6.626973e+02	2.880000e+01	7.200000e+00	3.153651e-01	2.000000e-01	2.000000e-01	1
3.560000e+01	356	2.142851e+03	5.567305e+02	2.880000e+01	7.200000e+00	2.062285e-01	2.000000e-01	2.000000e-01	1
3.570000e+01	357	1.259292e+03	6.894367e+02	2.880000e+01	7.200000e+00	3.537879e-01	2.000000e-01	2.000000e-01	1
3.580000e+01	358	1.943744e+03	5.554166e+02	2.880000e+01	7.200000e+00	2.222413e-01	2.000000e-01	2.000000e-01	1
3.590000e+01	359	1.852033e+03	3.043304e+02	2.880000e+01	7.200000e+00	1.411313e-01	2.000000e-01	2.000000e-01	1
36	360	1.815097e+03	2.808204e+02	2.880000e+01	7.200000e+00	1.339845e-01	2.000000e-01	2.000000e-01	1
3.610000e+01	361	1.300737e+03	3.535843e+02	2.880000e+01	7.200000e+00	2.137337e-01	2.000000e-01	2.000000e-01	1
3.620000e+01	362	2.103365e+03	4.688846e+02	2.880000e+01	7.200000e+00	1.822858e-01	2.000000e-01	2.000000e-01	1
3.630000e+01	363	2.112249e+03	6.087774e+02	2.880000e+01	7.200000e+00	2.237308e-01	2.000000e-01	2.000000e-01	1
3.640000e+01	364	1.681270e+03	3.108891e+02	2.880000e+01	7.200000e+00	1.560563e-01	2.000000e-01	2.000000e-01	1
3.650000e+01	365	1.155522e+03	4.956910e+02	2.880000e+01	7.200000e+00	3.001980e-01	2.000000e-01	2.000000e-01	1
3.660000e+01	366	1.764003e+03	3.666501e+02	2.880000e+01	7.200000e+00	1.720834e-01	2.000000e-01	2.000000e-01	1
3.670000e+01	367	1.695629e+03	2.488442e+02	2.880000e+01	7.200000e+00	1.279751e-01	2.000000e-01	2.000000e-01	1
3.680000e+01	368	1.597072e+03	4.053101e+02	2.880000e+01	7.200000e+00	2.024140e-01	2.000000e-01	2.000000e-01	1
3.690000e+01	369	1.267915e+03	3.306539e+02	2.880000e+01	7.200000e+00	2.068437e-01	2.000000e-01	2.000000e-01	1
37	370	1.694891e+03	2.624992e+02	2.880000e+01	7.200000e+00	1.341067e-01	2.000000e-01	2.000000e-01	1
3.710000e+01	371	1.925743e+03	2.850506e+02	2.880000e+01	7.200000e+00	1.289359e-01	2.000000e-01	2.000000e-01	1
3.720000e+01	372	1.609739e+03	2.429121e+02	2.880000e+01	7.200000e+00	1.311159e-01	2.000000e-01	2.000000e-01	1
3.730000e+01	373	1.717850e+03	4.684600e+02	2.880000e+01	7.200000e+00	2.142697e-01	2.000000e-01	2.000000e-01	1
3.740000e+01	374	1.684993e+03	4.140844e+02	2.880000e+01	7.200000e+00	1.972697e-01	2.000000e-01	2.000000e-01	1
3.750000e+01	375	1.388024e+03	3.235698e+02	2.880000e+01	7.200000e+00	1.890459e-01	2.000000e-01	2.000000e-01	1
3.760000e+01	376	8.739369e+02	1.355059e+02	2.880000e+01	7.200000e+00	1.342383e-01	2.000000e-01	2.000000e-01	1
3.770000e+01	377	2.052286e+03	5.369596e+02	2.880000e+01	7.200000e+00	2.073807e-01	2.000000e-01	2.000000e-01	1
3.780000e+01	378	2.361539e+03	5.656406e+02	2.880000e+01	7.200000e+00	1.932374e-01	2.000000e-01	2.000000e-01	1
3.790000e+01	379	1.856279e+03	4.763173e+02	2.880000e+01	7.200000e+00	2.042005e-01	2.000000e-01	2.000000e-01	1
38	380	1.513455e+03	3.997978e+02	2.880000e+01	7.200000e+00	2.089624e-01	2.000000e-01	2.000000e-01	1
3.810000e+01	381	1.757398e+03	4.211299e+02	2.880000e+01	7.200000e+00	1.933094e-01	2.000000e-01	2.000000e-01	1
3.820000e+01	382	1.532634e+03	2.602434e+02	2.880000e+01	7.200000e+00	1.451540e-01	2.000000e-01	2.000000e-01	1
3.830000e+01	383	1.817995e+03	5.425105e+02	2.880000e+01	7.200000e+00	2.298281e-01	2.000000e-01	2.000000e-01	1
3.840000e+01	384	1.522475e+03	4.124021e+02	2.880000e+01	7.200000e+00	2.131412e-01	2.000000e-01	2.000000e-01	1
3.850000e+01	385	1.361916e+03	2.498300e+02	2.880000e+01	7.200000e+00	1.550058e-01	2.000000e-01	2.000000e-01	1
3.860000e+01	386	1.653811e+03	3.813717e+02	2.880000e+01	7.200000e+00	1.873894e-01	2.000000e-01	2.000000e-01	1
3.870000e+01	387	1.544474e+03	7.804804e+01	2.880000e+01	7.200000e+00	4.810293e-02	2.000000e-01	2.000000e-01	1
3.880000e+01	388	1.536263e+03	2.120998e+02	2.880000e+01	7.200000e+00	1.213134e-01	2.000000e-01	2.000000e-01	1
3.890000e+01	389	1.240782e+03	4.451132e+02	2.880000e+01	7.200000e+00	2.640218e-01	2.000000e-01	2.000000e-01	1
39	390	1.882622e+03	4.538514e+02	2.880000e+01	7.200000e+00	1.942463e-01	2.000000e-01	2.000000e-01	1
3.910000e+01	391	1.433353e+03	4.448774e+02	2.880000e+01	7.200000e+00	2.368599e-01	2.000000e-01	2.000000e-01	1
3.920000e+01	392	1.453075e+03	9.244231e+02	2.880000e+01	7.200000e+00	3.888218e-01	2.000000e-01	2.000000e-01	1
3.930000e+01	393	1.262933e+03	4.284675e+02	2.880000e+01	7.200000e+00	2.533211e-01	2.000000e-01	2.000000e-01	1
3.940000e+01	394	1.629158e+03	5.538930e+02	2.880000e+01	7.200000e+00	2.537243e-01	2.000000e-01	2.000000e-01	1
3.950000e+01	395	1.558231e+03	4.456834e+02	2.880000e+01	7.200000e+00	2.224064e-01	2.000000e-01	2.000000e-01	1
3.960000e+01	396	1.770579e+03	4.245434e+02	2.880000e+01	7.200000e+00	1.934030e-01	2.000000e-01	2.000000e-01	1
3.970000e+01	397	1.596424e+03	4.546222e+02	2.880000e+01	7.200000e+00	2.216538e-01	2.000000e-01	2.000000e-01	1
3.980000e+01	398	1.668542e+03	4.068042e+02	2.880000e+01	7.200000e+00	1.960175e-01	2.000000e-01	2.000000e-01	1
3.990000e+01	399	1.521779e+03	3.726721e+02	2.880000e+01	7.200000e+00	1.967178e-01	2.000000e-01	2.000000e-01	1
40	400	1.462341e+03	2.230925e+02	2.880000e+01	7.200000e+00	1.323651e-01	2.000000e-01	2.000000e-01	1
4.010000e+01	401	1.514647e+03	5.234715e+02	2.880000e+01	7.200000e+00	2.568406e-01	2.000000e-01	2.000000e-01	1
4.020000e+01	402	1.385017e+03	6.117212e+02	2.880000e+01	7.200000e+00	3.063602e-01	2.000000e-01	2.000000e-01	1
4.030000e+01	403	1.503073e+03	5.331838e+02	2.880000e+01	7.200000e+00	2.618451e-01	2.000000e-01	2.000000e-01	1
4.040000e+01	404	1.638889e+03	5.596167e+02	2.880000e+01	7.200000e+00	2.545441e-01	2.000000e-01	2.000000e-01	1
4.050000e+01	405	1.347502e+03	6.053472e+02	2.880000e+01	7.200000e+00	3.099816e-01	2.000000e-01	2.000000e-01	1
4.060000e+01	406	1.323180e+03	5.525652e+02	2.035031e+01	1.564969e+01	2.945844e-01	4.347136e-01	2.000000e-01	1
4.070000e+01	407	0	9.304127e+02	1.080000e+01	2.520000e+01	1	7.000000e-01	7.000000e-01	3
4.080000e+01	408	3.640089e+02	1.522236e+03	1.080000e+01	2.520000e+01	8.070192e-01	7.000000e-01	7.000000e-01	3
4.090000e+01	409	6.170729e+02	1.311708e+03	1.080000e+01	2.520000e+01	6.800711e-01	7.000000e-01	7.000000e-01	3
41	410	3.772490e+02	1.272875e+03	1.080000e+01	2.520000e+01	7.713814e-01	7.000000e-01	7.000000e-01	3
4.110000e+01	411	5.784368e+02	1.369981e+03	1.080000e+01	2.520000e+01	7.031248e-01	7.000000e-01	7.000000e-01	3
4.120000e+01	412	7.434917e+02	1.540300e+03	1.080000e+01	2.520000e+01	6.744485e-01	7.000000e-01	7.000000e-01	3
4.130000e+01	413	5.708024e+02	1.290985e+03	1.080000e+01	2.520000e+01	6.934116e-01	7.000000e-01	7.000000e-01	3
4.140000e+01	414	6.647615e+02	1.232323e+03	1.080000e+01	2.520000e+01	6.495878e-01	7.000000e-01	7.000000e-01	3
4.150000e+01	415	4.605720e+02	1.878173e+03	1.080000e+01	2.520000e+01	8.030687e-01	7.000000e-01	7.000000e-01	3
4.160000e+01	416	5.958398e+02	1.624591e+03	1.080000e+01	2.520000e+01	7.316558e-01	7.000000e-01	7.000000e-01	3
4.170000e+01	417	7.116163e+02	1.518220e+03	1.080000e+01	2.520000e+01	6.808661e-01	7.000000e-01	7.000000e-01	3
4.180000e+01	418	8.877080e+02	9.894584e+02	1.080000e+01	2.520000e+01	5.271021e-01	7.000000e-01	7.000000e-01	3
4.190000e+01	419	8.112681e+02	1.609392e+03	1.080000e+01	2.520000e+01	6.648567e-01	7.000000e-01	7.000000e-01	3
42	420	3.578638e+02	8.506484e+02	1.080000e+01	2.520000e+01	7.038807e-01	7.000000e-01	7.000000e-01	3
4.210000e+01	421	4.792867e+02	6.762193e+02	1.080000e+01	2.520000e+01	5.852149e-01	7.000000e-01	7.000000e-01	3
4.220000e+01	422	3.110105e+02	1.700196e+03	1.080000e+01	2.520000e+01	8.453613e-01	7.000000e-01	7.000000e-01	3
4.230000e+01	423	6.164360e+02	1.109445e+03	1.080000e+01	2.520000e+01	6.428282e-01	7.000000e-01	7.000000e-01	3
4.240000e+01	424	5.521845e+02	1.195877e+03	1.080000e+01	2.520000e+01	6.841162e-01	7.000000e-01	7.000000e-01	3
4.250000e+01	425	6.569467e+02	1.165592e+03	1.080000e+01	2.520000e+01	6.395430e-01	7.000000e-01	7.000000e-01	3
4.260000e+01	426	8.942178e+02	1.439897e+03	1.080000e+01	2.520000e+01	6.168921e-01	7.000000e-01	7.000000e-01	3
4.270000e+01	427	6.981215e+02	1.698228e+03	1.080000e+01	2.520000e+01	7.086730e-01	7.000000e-01	7.000000e-01	3
4.280000e+01	428	5.968143e+02	1.742202e+03	1.080000e+01	2.520000e+01	7.448438e-01	7.000000e-01	7.000000e-01	3
4.290000e+01	429	4.433176e+02	1.172210e+03	1.080000e+01	2.520000e+01	7.255896e-01	7.000000e-01	7.000000e-01	3
43	430	6.239021e+02	1.559271e+03	1.080000e+01	2.520000e+01	7.142223e-01	7.000000e-01	7.000000e-01	3
4.310000e+01	431	4.964292e+02	1.013212e+03	1.080000e+01	2.520000e+01	6.711609e-01	7.000000e-01	7.000000e-01	3
4.320000e+01	432	8.747113e+02	1.211269e+03	1.080000e+01	2.520000e+01	5.806713e-01	7.000000e-01	7.000000e-01	3
4.330000e+01	433	7.760966e+02	9.087635e+02	1.080000e+01	2.520000e+01	5.393703e-01	7.000000e-01	7.000000e-01	3
4.340000e+01	434	5.076642e+02	2.021185e+03	1.080000e+01	2.520000e+01	7.992509e-01	7.000000e-01	7.000000e-01	3
4.350000e+01	435	8.845895e+02	1.396612e+03	1.080000e+01	2.520000e+01	6.122265e-01	7.000000e-01	7.000000e-01	3
4.360000e+01	436	2.907218e+02	1.522143e+03	1.080000e+01	2.520000e+01	8.396340e-01	7.000000e-01	7.000000e-01	3
4.370000e+01	437	6.122772e+02	1.431293e+03	1.080000e+01	2.520000e+01	7.003884e-01	7.000000e-01	7.000000e-01	3
4.380000e+01	438	6.256569e+02	1.955760e+03	1.080000e+01	2.520000e+01	7.576304e-01	7.000000e-01	7.000000e-01	3
4.390000e+01	439	7.791910e+02	1.410854e+03	1.080000e+01	2.520000e+01	6.442123e-01	7.000000e-01	7.000000e-01	3
44	440	6.787997e+02	1.559353e+03	1.080000e+01	2.520000e+01	6.967142e-01	7.000000e-01	7.000000e-01	3
4.410000e+01	441	8.507624e+02	7.662464e+02	1.080000e+01	2.520000e+01	4.738666e-01	7.000000e-01	7.000000e-01	3
4.420000e+01	442	4.214558e+02	1.474561e+03	1.080000e+01	2.520000e+01	7.777151e-01	7.000000e-01	7.000000e-01	3
4.430000e+01	443	7.893284e+02	1.162201e+03	1.080000e+01	2.520000e+01	5.955335e-01	7.000000e-01	7.000000e-01	3
4.440000e+01	444	4.028353e+02	1.166354e+03	1.080000e+01	2.520000e+01	7.432845e-01	7.000000e-01	7.000000e-01	3
4.450000e+01	445	5.136235e+02	1.233319e+03	1.080000e+01	2.520000e+01	7.059872e-01	7.000000e-01	7.000000e-01	3
4.460000e+01	446	4.628980e+02	1.883374e+03	1.080000e+01	2.520000e+01	8.027092e-01	7.000000e-01	7.000000e-01	3
4.470000e+01	447	4.179037e+02	7.724678e+02	1.080000e+01	2.520000e+01	6.489300e-01	7.000000e-01	7.000000e-01	3
4.480000e+01	448	6.580079e+02	1.312332e+03	1.080000e+01	2.520000e+01	6.660435e-01	7.000000e-01	7.000000e-01	3
4.490000e+01	449	5.891131e+02	1.002339e+03	1.080000e+01	2.520000e+01	6.298267e-01	7.000000e-01	7.000000e-01	3
45	450	4.189581e+02	2.130725e+03	1.080000e+01	2.520000e+01	8.356823e-01	7.000000e-01	7.000000e-01	3
4.510000e+01	451	9.935419e+02	6.612105e+02	1.080000e+01	2.520000e+01	3.995827e-01	7.000000e-01	7.000000e-01	3
4.520000e+01	452	5.739341e+02	1.662896e+03	1.080000e+01	2.520000e+01	7.434164e-01	7.000000e-01	7.000000e-01	3
4.530000e+01	453	7.458075e+02	1.646723e+03	1.080000e+01	2.520000e+01	6.882767e-01	7.000000e-01	7.000000e-01	3
4.540000e+01	454	8.316700e+02	1.551738e+03	1.080000e+01	2.520000e+01	6.510584e-01	7.000000e-01	7.000000e-01	3
4.550000e+01	455	2.967485e+02	9.554844e+02	1.080000e+01	2.520000e+01	7.630245e-01	7.000000e-01	7.000000e-01	3
4.560000e+01	456	9.083451e+02	1.185225e+03	1.080000e+01	2.520000e+01	5.661262e-01	7.000000e-01	7.000000e-01	3
4.570000e+01	457	3.938155e+02	1.616441e+03	1.080000e+01	2.520000e+01	8.040969e-01	7.000000e-01	7.000000e-01	3
4.580000e+01	458	8.965827e+02	1.528135e+03	1.080000e+01	2.520000e+01	6.302321e-01	7.000000e-01	7.000000e-01	3
4.590000e+01	459	2.492089e+02	1.372415e+03	1.080000e+01	2.520000e+01	8.463214e-01	7.000000e-01	7.000000e-01	3
46	460	3.628679e+02	1.828306e+03	1.080000e+01	2.520000e+01	8.343957e-01	7.000000e-01	7.000000e-01	3
4.610000e+01	461	2.725583e+02	1.502420e+03	1.080000e+01	2.520000e+01	8.464442e-01	7.000000e-01	7.000000e-01	3
4.620000e+01	462	7.012015e+02	1.174056e+03	1.080000e+01	2.520000e+01	6.260772e-01	7.000000e-01	7.000000e-01	3
4.630000e+01	463	8.156352e+02	1.133454e+03	1.080000e+01	2.520000e+01	5.815300e-01	7.000000e-01	7.000000e-01	3
4.640000e+01	464	7.982306e+02	1.619588e+03	1.080000e+01	2.520000e+01	6.698550e-01	7.000000e-01	7.000000e-01	3
4.650000e+01	465	4.443492e+02	1.419728e+03	1.080000e+01	2.520000e+01	7.616251e-01	7.000000e-01	7.000000e-01	3
4.660000e+01	466	5.999342e+02	1.410005e+03	1.080000e+01	2.520000e+01	7.015162e-01	7.000000e-01	7.000000e-01	3
4.670000e+01	467	7.337981e+02	9.781149e+02	1.080000e+01	2.520000e+01	5.713579e-01	7.000000e-01	7.000000e-01	3
4.680000e+01	468	8.387696e+02	1.811680e+03	1.080000e+01	2.520000e+01	6.835368e-01	7.000000e-01	7.000000e-01	3
4.690000e+01	469	7.520725e+02	1.491261e+03	1.080000e+01	2.520000e+01	6.647522e-01	7.000000e-01	7.000000e-01	3
47	470	2.571768e+02	1.603485e+03	1.080000e+01	2.520000e+01	8.617821e-01	7.000000e-01	7.000000e-01	3
4.710000e+01	471	4.243631e+02	7.977116e+02	1.080000e+01	2.520000e+01	6.527519e-01	7.000000e-01	7.000000e-01	3
4.720000e+01	472	1.192275e+03	1.372488e+03	1.080000e+01	2.520000e+01	5.351326e-01	7.000000e-01	7.000000e-01	3
4.730000e+01	473	5.714878e+02	1.206248e+03	1.080000e+01	2.520000e+01	6.785306e-01	7.000000e-01	7.000000e-01	3
4.740000e+01	474	7.585578e+02	1.531325e+03	1.080000e+01	2.520000e+01	6.687351e-01	7.000000e-01	7.000000e-01	3
4.750000e+01	475	1.221484e+03	1.078174e+03	1.080000e+01	2.520000e+01	4.688411e-01	7.000000e-01	7.000000e-01	3
4.760000e+01	476	6.765036e+02	1.401272e+03	1.080000e+01	2.520000e+01	6.744097e-01	7.000000e-01	7.000000e-01	3
4.770000e+01	477	4.212911e+02	1.306811e+03	1.080000e+01	2.520000e+01	7.562117e-01	7.000000e-01	7.000000e-01	3
4.780000e+01	478	6.240508e+02	1.120574e+03	1.080000e+01	2.520000e+01	6.423009e-01	7.000000e-01	7.000000e-01	3
4.790000e+01	479	5.208862e+02	1.593403e+03	1.080000e+01	2.520000e+01	7.536353e-01	7.000000e-01	7.000000e-01	3
48	480	4.333224e+02	1.803133e+03	1.080000e+01	2.520000e+01	8.062459e-01	7.000000e-01	7.000000e-01	3
4.810000e+01	481	7.679911e+02	1.144776e+03	1.080000e+01	2.520000e+01	5.984920e-01	7.000000e-01	7.000000e-01	3
4.820000e+01	482	4.712472e+02	1.418654e+03	1.080000e+01	2.520000e+01	7.506498e-01	7.000000e-01	7.000000e-01	3
4.830000e+01	483	4.947237e+02	1.349917e+03	1.080000e+01	2.520000e+01	7.318048e-01	7.000000e-01	7.000000e-01	3
4.840000e+01	484	6.009063e+02	1.224215e+03	1.080000e+01	2.520000e+01	6.707582e-01	7.000000e-01	7.000000e-01	3
4.850000e+01	485	5.370497e+02	1.630722e+03	1.080000e+01	2.520000e+01	7.522572e-01	7.000000e-01	7.000000e-01	3
4.860000e+01	486	6.164584e+02	7.670853e+02	1.080000e+01	2.520000e+01	5.544352e-01	7.000000e-01	7.000000e-01	3
4.870000e+01	487	5.720945e+02	1.441358e+03	1.080000e+01	2.520000e+01	7.158639e-01	7.000000e-01	7.000000e-01	3
4.880000e+01	488	7.904125e+02	1.685237e+03	1.080000e+01	2.520000e+01	6.807252e-01	7.000000e-01	7.000000e-01	3
4.890000e+01	489	6.527791e+02	1.397385e+03	1.080000e+01	2.520000e+01	6.815967e-01	7.000000e-01	7.000000e-01	3
49	490	4.929792e+02	1.309393e+03	1.080000e+01	2.520000e+01	7.264832e-01	7.000000e-01	7.000000e-01	3
4.910000e+01	491	6.393871e+02	1.387509e+03	1.080000e+01	2.520000e+01	6.845486e-01	7.000000e-01	7.000000e-01	3
4.920000e+01	492	6.208861e+02	1.427377e+03	1.080000e+01	2.520000e+01	6.968719e-01	7.000000e-01	7.000000e-01	3
4.930000e+01	493	4.671806e+02	1.516612e+03	1.080000e+01	2.520000e+01	7.645013e-01	7.000000e-01	7.000000e-01	3
4.940000e+01	494	1.973661e+02	1.455748e+03	1.080000e+01	2.520000e+01	8.806095e-01	7.000000e-01	7.000000e-01	3
4.950000e+01	495	6.512627e+02	1.447881e+03	1.080000e+01	2.520000e+01	6.897484e-01	7.000000e-01	7.000000e-01	3
4.960000e+01	496	5.631775e+02	1.544548e+03	1.080000e+01	2.520000e+01	7.328032e-01	7.000000e-01	7.000000e-01	3
4.970000e+01	497	3.833413e+02	1.318553e+03	1.080000e+01	2.520000e+01	7.747560e-01	7.000000e-01	7.000000e-01	3
4.980000e+01	498	5.305721e+02	1.500932e+03	1.080000e+01	2.520000e+01	7.388280e-01	7.000000e-01	7.000000e-01	3
4.990000e+01	499	4.131852e+02	1.486929e+03	1.080000e+01	2.520000e+01	7.825472e-01	7.000000e-01	7.000000e-01	3
50	500	4.875124e+02	1.230837e+03	1.080000e+01	2.520000e+01	7.162903e-01	7.000000e-01	7.000000e-01	3
5.010000e+01	501	9.632938e+02	1.660083e+03	1.080000e+01	2.520000e+01	6.328039e-01	7.000000e-01	7.000000e-01	3
5.020000e+01	502	3.604452e+02	1.333578e+03	1.080000e+01	2.520000e+01	7.872253e-01	7.000000e-01	7.000000e-01	3
5.030000e+01	503	6.687551e+02	1.660324e+03	1.080000e+01	2.520000e+01	7.128672e-01	7.000000e-01	7.000000e-01	3
5.040000e+01	504	2.950279e+02	1.461835e+03	1.080000e+01	2.520000e+01	8.320712e-01	7.000000e-01	7.000000e-01	3
5.050000e+01	505	3.764107e+02	1.493898e+03	1.080000e+01	2.520000e+01	7.987441e-01	7.000000e-01	7.000000e-01	3
5.060000e+01	506	7.355439e+02	1.084253e+03	1.080000e+01	2.520000e+01	5.958099e-01	7.000000e-01	7.000000e-01	3
5.070000e+01	507	5.224800e+02	1.691855e+03	1.080000e+01	2.520000e+01	7.640465e-01	7.000000e-01	7.000000e-01	3
5.080000e+01	508	4.006030e+02	1.374557e+03	1.080000e+01	2.520000e+01	7.743286e-01	7.000000e-01	7.000000e-01	3
5.090000e+01	509	7.563695e+02	1.577423e+03	1.080000e+01	2.520000e+01	6.759054e-01	7.000000e-01	7.000000e-01	3
51	510	3.390524e+02	1.370028e+03	1.080000e+01	2.520000e+01	8.016170e-01	7.000000e-01	7.000000e-01	3
5.110000e+01	511	7.609567e+02	1.133343e+03	1.080000e+01	2.520000e+01	5.982912e-01	7.000000e-01	7.000000e-01	3
5.120000e+01	512	6.835066e+02	9.356961e+02	1.080000e+01	2.520000e+01	5.778746e-01	7.000000e-01	7.000000e-01	3
5.130000e+01	513	4.206353e+02	1.045732e+03	1.080000e+01	2.520000e+01	7.131446e-01	7.000000e-01	7.000000e-01	3
5.140000e+01	514	2.356831e+02	1.125151e+03	1.080000e+01	2.520000e+01	8.268098e-01	7.000000e-01	7.000000e-01	3
5.150000e+01	515	9.000787e+02	1.078791e+03	1.080000e+01	2.520000e+01	5.451552e-01	7.000000e-01	7.000000e-01	3
5.160000e+01	516	4.542191e+02	1.341200e+03	1.080000e+01	2.520000e+01	7.470123e-01	7.000000e-01	7.000000e-01	3
5.170000e+01	517	8.214471e+02	1.667268e+03	1.080000e+01	2.520000e+01	6.699313e-01	7.000000e-01	7.000000e-01	3
5.180000e+01	518	9.519082e+02	1.543267e+03	1.080000e+01	2.520000e+01	6.185005e-01	7.000000e-01	7.000000e-01	3
5.190000e+01	519	6.011120e+02	1.209808e+03	1.080000e+01	2.520000e+01	6.680627e-01	7.000000e-01	7.000000e-01	3
52	520	5.065902e+02	1.770835e+03	1.080000e+01	2.520000e+01	7.775601e-01	7.000000e-01	7.000000e-01	3
5.210000e+01	521	2.362833e+02	1.300830e+03	1.080000e+01	2.520000e+01	8.462812e-01	7.000000e-01	7.000000e-01	3
5.220000e+01	522	8.033698e+02	1.404695e+03	1.080000e+01	2.520000e+01	6.361657e-01	7.000000e-01	7.000000e-01	3
5.230000e+01	523	1.399436e+02	1.773915e+03	1.080000e+01	2.520000e+01	9.268788e-01	7.000000e-01	7.000000e-01	3
5.240000e+01	524	8.172901e+02	1.387715e+03	1.080000e+01	2.520000e+01	6.293477e-01	7.000000e-01	7.000000e-01	3
5.250000e+01	525	1.018292e+03	9.488003e+02	1.080000e+01	2.520000e+01	4.823365e-01	7.000000e-01	7.000000e-01	3
5.260000e+01	526	6.609220e+02	1.867848e+03	1.080000e+01	2.520000e+01	7.386389e-01	7.000000e-01	7.000000e-01	3
5.270000e+01	527	3.110563e+02	1.762796e+03	1.080000e+01	2.520000e+01	8.500104e-01	7.000000e-01	7.000000e-01	3
5.280000e+01	528	5.676417e+02	1.746364e+03	1.080000e+01	2.520000e+01	7.546931e-01	7.000000e-01	7.000000e-01	3
5.290000e+01	529	4.611215e+02	1.390906e+03	1.080000e+01	2.520000e+01	7.510180e-01	7.000000e-01	7.000000e-01	3
53	530	8.683196e+02	1.181338e+03	1.080000e+01	2.520000e+01	5.763587e-01	7.000000e-01	7.000000e-01	3
5.310000e+01	531	7.820156e+02	1.056830e+03	1.080000e+01	2.520000e+01	5.747247e-01	7.000000e-01	7.000000e-01	3
5.320000e+01	532	6.666707e+02	1.575878e+03	1.080000e+01	2.520000e+01	7.027174e-01	7.000000e-01	7.000000e-01	3
5.330000e+01	533	6.296024e+02	1.417779e+03	1.080000e+01	2.520000e+01	6.924841e-01	7.000000e-01	7.000000e-01	3
5.340000e+01	534	8.861267e+02	1.214601e+03	1.080000e+01	2.520000e+01	5.781810e-01	7.000000e-01	7.000000e-01	3
5.350000e+01	535	1.173326e+03	7.090316e+02	2.693032e+01	9.069682e+00	3.766720e-01	2.519356e-01	2.000000e-01	1
5.360000e+01	536	1.317737e+03	4.925006e+02	2.880000e+01	7.200000e+00	2.720641e-01	2.000000e-01	2.000000e-01	1
5.370000e+01	537	2.017664e+03	3.558346e+02	2.880000e+01	7.200000e+00	1.499199e-01	2.000000e-01	2.000000e-01	1
5.380000e+01	538	1.614744e+03	6.052265e+02	2.880000e+01	7.200000e+00	2.726282e-01	2.000000e-01	2.000000e-01	1
5.390000e+01	539	1.359702e+03	4.406935e+02	2.880000e+01	7.200000e+00	2.447759e-01	2.000000e-01	2.000000e-01	1
54	540	1.586481e+03	3.385371e+02	2.880000e+01	7.200000e+00	1.758618e-01	2.000000e-01	2.000000e-01	1
5.410000e+01	541	1.527188e+03	3.758936e+02	2.880000e+01	7.200000e+00	1.975184e-01	2.000000e-01	2.000000e-01	1
5.420000e+01	542	1.905995e+03	3.633969e+02	2.880000e+01	7.200000e+00	1.601296e-01	2.000000e-01	2.000000e-01	1
5.430000e+01	543	1.433853e+03	2.754593e+02	2.880000e+01	7.200000e+00	1.611521e-01	2.000000e-01	2.000000e-01	1
5.440000e+01	544	1.863497e+03	3.404059e+02	2.880000e+01	7.200000e+00	1.544559e-01	2.000000e-01	2.000000e-01	1
5.450000e+01	545	2.213438e+03	5.329182e+02	2.880000e+01	7.200000e+00	1.940455e-01	2.000000e-01	2.000000e-01	1
5.460000e+01	546	1.098549e+03	1.888946e+02	2.880000e+01	7.200000e+00	1.467206e-01	2.000000e-01	2.000000e-01	1
5.470000e+01	547	1.732563e+03	5.154428e+02	2.880000e+01	7.200000e+00	2.292889e-01	2.000000e-01	2.000000e-01	1
5.480000e+01	548	1.165790e+03	5.616160e+02	2.880000e+01	7.200000e+00	3.251210e-01	2.000000e-01	2.000000e-01	1
5.490000e+01	549	1.708541e+03	4.829241e+02	2.880000e+01	7.200000e+00	2.203658e-01	2.000000e-01	2.000000e-01	1
55	550	1.447740e+03	6.678243e+02	2.880000e+01	7.200000e+00	3.156720e-01	2.000000e-01	2.000000e-01	1
5.510000e+01	551	1.405032e+03	3.085542e+02	2.880000e+01	7.200000e+00	1.800635e-01	2.000000e-01	2.000000e-01	1
5.520000e+01	552	9.980003e+02	2.870874e+02	2.880000e+01	7.200000e+00	2.233991e-01	2.000000e-01	2.000000e-01	1
5.530000e+01	553	1.426742e+03	3.795890e+02	2.880000e+01	7.200000e+00	2.101437e-01	2.000000e-01	2.000000e-01	1
5.540000e+01	554	1.483443e+03	2.230944e+02	2.880000e+01	7.200000e+00	1.307293e-01	2.000000e-01	2.000000e-01	1
5.550000e+01	555	1.456738e+03	3.119721e+02	2.880000e+01	7.200000e+00	1.763840e-01	2.000000e-01	2.000000e-01	1
5.560000e+01	556	2.048027e+03	5.018874e+02	2.880000e+01	7.200000e+00	1.968252e-01	2.000000e-01	2.000000e-01	1
5.570000e+01	557	1.881104e+03	2.161910e+02	2.880000e+01	7.200000e+00	1.030808e-01	2.000000e-01	2.000000e-01	1
5.580000e+01	558	1.333531e+03	2.110343e+02	2.880000e+01	7.200000e+00	1.366302e-01	2.000000e-01	2.000000e-01	1
5.590000e+01	559	1.370916e+03	2.065603e+02	2.880000e+01	7.200000e+00	1.309435e-01	2.000000e-01	2.000000e-01	1
56	560	2.032764e+03	2.414508e+02	2.880000e+01	7.200000e+00	1.061689e-01	2.000000e-01	2.000000e-01	1
5.610000e+01	561	1.591657e+03	4.340720e+02	2.880000e+01	7.200000e+00	2.142794e-01	2.000000e-01	2.000000e-01	1
5.620000e+01	562	1.888747e+03	3.945871e+02	2.880000e+01	7.200000e+00	1.728119e-01	2.000000e-01	2.000000e-01	1
5.630000e+01	563	1.852318e+03	2.454487e+02	2.880000e+01	7.200000e+00	1.170048e-01	2.000000e-01	2.000000e-01	1
5.640000e+01	564	1.519030e+03	3.670841e+02	2.880000e+01	7.200000e+00	1.946245e-01	2.000000e-01	2.000000e-01	1
5.650000e+01	565	1.397129e+03	5.350158e+02	2.880000e+01	7.200000e+00	2.769026e-01	2.000000e-01	2.000000e-01	1
5.660000e+01	566	1.725231e+03	3.627296e+02	2.880000e+01	7.200000e+00	1.737243e-01	2.000000e-01	2.000000e-01	1
5.670000e+01	567	1.719627e+03	2.753599e+02	2.880000e+01	7.200000e+00	1.380259e-01	2.000000e-01	2.000000e-01	1
5.680000e+01	568	8.811459e+02	3.301094e+02	2.880000e+01	7.200000e+00	2.725349e-01	2.000000e-01	2.000000e-01	1
5.690000e+01	569	1.593456e+03	4.648251e+02	2.880000e+01	7.200000e+00	2.258317e-01	2.000000e-01	2.000000e-01	1
57	570	1.873088e+03	5.724790e+02	2.880000e+01	7.200000e+00	2.340885e-01	2.000000e-01	2.000000e-01	1
5.710000e+01	571	1.757190e+03	2.227450e+02	2.880000e+01	7.200000e+00	1.125011e-01	2.000000e-01	2.000000e-01	1
5.720000e+01	572	1.468069e+03	3.901266e+02	2.880000e+01	7.200000e+00	2.099492e-01	2.000000e-01	2.000000e-01	1
5.730000e+01	573	1.724115e+03	2.736661e+02	2.880000e+01	7.200000e+00	1.369850e-01	2.000000e-01	2.000000e-01	1
5.740000e+01	574	2.103873e+03	5.417576e+02	2.880000e+01	7.200000e+00	2.047745e-01	2.000000e-01	2.000000e-01	1
5.750000e+01	575	1.970524e+03	2.649355e+02	2.880000e+01	7.200000e+00	1.185150e-01	2.000000e-01	2.000000e-01	1
5.760000e+01	576	2.051624e+03	5.500731e+02	2.880000e+01	7.200000e+00	2.114286e-01	2.000000e-01	2.000000e-01	1
5.770000e+01	577	1.501670e+03	1.940800e+02	2.880000e+01	7.200000e+00	1.144508e-01	2.000000e-01	2.000000e-01	1
5.780000e+01	578	1.915458e+03	2.558007e+02	2.880000e+01	7.200000e+00	1.178122e-01	2.000000e-01	2.000000e-01	1
5.790000e+01	579	1.844050e+03	1.288458e+02	2.880000e+01	7.200000e+00	6.530794e-02	2.000000e-01	2.000000e-01	1
58	580	9.302645e+02	3.723593e+02	2.880000e+01	7.200000e+00	2.858533e-01	2.000000e-01	2.000000e-01	1
5.810000e+01	581	1.717000e+03	3.702675e+02	2.880000e+01	7.200000e+00	1.773934e-01	2.000000e-01	2.000000e-01	1
5.820000e+01	582	1.786092e+03	3.388147e+02	2.880000e+01	7.200000e+00	1.594492e-01	2.000000e-01	2.000000e-01	1
5.830000e+01	583	1.909245e+03	7.214833e+02	2.880000e+01	7.200000e+00	2.742523e-01	2.000000e-01	2.000000e-01	1
5.840000e+01	584	1.640425e+03	4.044514e+02	2.880000e+01	7.200000e+00	1.977877e-01	2.000000e-01	2.000000e-01	1
5.850000e+01	585	1.693787e+03	3.541365e+02	2.880000e+01	7.200000e+00	1.729247e-01	2.000000e-01	2.000000e-01	1
5.860000e+01	586	1.169860e+03	1.508113e+02	2.880000e+01	7.200000e+00	1.141929e-01	2.000000e-01	2.000000e-01	1
5.870000e+01	587	1.269998e+03	4.443064e+02	2.880000e+01	7.200000e+00	2.591759e-01	2.000000e-01	2.000000e-01	1
5.880000e+01	588	1.966923e+03	1.970071e+02	2.880000e+01	7.200000e+00	9.104136e-02	2.000000e-01	2.000000e-01	1
5.890000e+01	589	1.539204e+03	4.308418e+02	2.880000e+01	7.200000e+00	2.186964e-01	2.000000e-01	2.000000e-01	1
59	590	1.364156e+03	4.102969e+02	2.880000e+01	7.200000e+00	2.312244e-01	2.000000e-01	2.000000e-01	1
5.910000e+01	591	1.506101e+03	1.924455e+02	2.880000e+01	7.200000e+00	1.133001e-01	2.000000e-01	2.000000e-01	1
5.920000e+01	592	1.387513e+03	1.892053e+02	2.880000e+01	7.200000e+00	1.199994e-01	2.000000e-01	2.000000e-01	1
5.930000e+01	593	1.015737e+03	5.635868e+01	2.880000e+01	7.200000e+00	5.256868e-02	2.000000e-01	2.000000e-01	1
5.940000e+01	594	1.816789e+03	4.397484e+02	2.880000e+01	7.200000e+00	1.948775e-01	2.000000e-01	2.000000e-01	1
5.950000e+01	595	1.822730e+03	2.931000e+02	2.880000e+01	7.200000e+00	1.385272e-01	2.000000e-01	2.000000e-01	1
5.960000e+01	596	2.069707e+03	2.179229e+02	2.880000e+01	7.200000e+00	9.526144e-02	2.000000e-01	2.000000e-01	1
5.970000e+01	597	1.592688e+03	7.093972e+02	2.880000e+01	7.200000e+00	3.081542e-01	2.000000e-01	2.000000e-01	1
5.980000e+01	598	1.789385e+03	2.916543e+02	2.880000e+01	7.200000e+00	1.401484e-01	2.000000e-01	2.000000e-01	1
5.990000e+01	599	1.526535e+03	4.145261e+02	2.880000e+01	7.200000e+00	2.135564e-01	2.000000e-01	2.000000e-01	1
60	600	9.374322e+02	4.018783e+02	2.880000e+01	7.200000e+00	3.000636e-01	2.000000e-01	2.000000e-01	1
6.010000e+01	601	1.800244e+03	6.043131e+02	2.880000e+01	7.200000e+00	2.513199e-01	2.000000e-01	2.000000e-01	1
6.020000e+01	602	1.519933e+03	3.134909e+02	2.880000e+01	7.200000e+00	1.709866e-01	2.000000e-01	2.000000e-01	1
6.030000e+01	603	1.108689e+03	3.758455e+02	2.880000e+01	7.200000e+00	2.531739e-01	2.000000e-01	2.000000e-01	1
6.040000e+01	604	1.714186e+03	6.576485e+02	2.880000e+01	7.200000e+00	2.772742e-01	2.000000e-01	2.000000e-01	1
6.050000e+01	605	1.060399e+03	6.694370e+02	2.880000e+01	7.200000e+00	3.869946e-01	2.000000e-01	2.000000e-01	1
6.060000e+01	606	1.465632e+03	1.675481e+02	2.880000e+01	7.200000e+00	1.025901e-01	2.000000e-01	2.000000e-01	1
6.070000e+01	607	1.842539e+03	4.483707e+02	2.880000e+01	7.200000e+00	1.957173e-01	2.000000e-01	2.000000e-01	1
6.080000e+01	608	1.207538e+03	1.645476e+02	2.880000e+01	7.200000e+00	1.199252e-01	2.000000e-01	2.000000e-01	1
6.090000e+01	609	1.477258e+03	6.052635e+02	2.880000e+01	7.200000e+00	2.906397e-01	2.000000e-01	2.000000e-01	1
61	610	1.457704e+03	4.094905e+02	2.880000e+01	7.200000e+00	2.193079e-01	2.000000e-01	2.000000e-01	1
6.110000e+01	611	1.951799e+03	2.601609e+02	2.880000e+01	7.200000e+00	1.176156e-01	2.000000e-01	2.000000e-01	1
6.120000e+01	612	1.535383e+03	4.614382e+02	2.880000e+01	7.200000e+00	2.310864e-01	2.000000e-01	2.000000e-01	1
6.130000e+01	613	1.622265e+03	4.629910e+02	2.880000e+01	7.200000e+00	2.220308e-01	2.000000e-01	2.000000e-01	1
6.140000e+01	614	1.779518e+03	4.725920e+02	2.880000e+01	7.200000e+00	2.098441e-01	2.000000e-01	2.000000e-01	1
6.150000e+01	615	1.350000e+03	3.964780e+02	2.880000e+01	7.200000e+00	2.270157e-01	2.000000e-01	2.000000e-01	1
6.160000e+01	616	1.695789e+03	4.649104e+02	2.880000e+01	7.200000e+00	2.151666e-01	2.000000e-01	2.000000e-01	1
6.170000e+01	617	2.024366e+03	2.689083e+02	2.880000e+01	7.200000e+00	1.172596e-01	2.000000e-01	2.000000e-01	1
6.180000e+01	618	2.069978e+03	7.407988e+02	2.880000e+01	7.200000e+00	2.635566e-01	2.000000e-01	2.000000e-01	1
6.190000e+01	619	1.764672e+03	4.421827e+02	2.880000e+01	7.200000e+00	2.003678e-01	2.000000e-01	2.000000e-01	1
62	620	1.893586e+03	6.155546e+02	2.880000e+01	7.200000e+00	2.453249e-01	2.000000e-01	2.000000e-01	1
