   1.0000000e+00   9.6000000e+01   4.6671619e-02
   2.0000000e+00   7.2000000e+01   4.2450839e-02
   3.0000000e+00   8.1000000e+01   3.8631636e-02
   4.0000000e+00   7.9000000e+01   3.5175704e-02
   5.0000000e+00   5.9000000e+01   3.2048389e-02
   6.0000000e+00   4.2000000e+01   2.9218345e-02
   7.0000000e+00   5.1000000e+01   2.6657218e-02
   8.0000000e+00   4.3000000e+01   2.4339355e-02
   9.0000000e+00   4.8000000e+01   2.2241554e-02
   1.0000000e+01   2.9000000e+01   2.0342825e-02
   1.1000000e+01   3.1000000e+01   1.8624181e-02
   1.2000000e+01   3.2000000e+01   1.7068446e-02
   1.3000000e+01   3.5000000e+01   1.5660082e-02
   1.4000000e+01   3.4000000e+01   1.4385036e-02
   1.5000000e+01   1.6000000e+01   1.3230592e-02
   1.6000000e+01   2.2000000e+01   1.2185250e-02
   1.7000000e+01   2.1000000e+01   1.1238606e-02
   1.8000000e+01   2.2000000e+01   1.0381248e-02
   1.9000000e+01   1.6000000e+01   9.6046641e-03
   2.0000000e+01   1.5000000e+01   8.9011518e-03
   2.1000000e+01   2.3000000e+01   8.2637449e-03
   2.2000000e+01   1.7000000e+01   7.6861415e-03
   2.3000000e+01   1.2000000e+01   7.1626410e-03
   2.4000000e+01   1.5000000e+01   6.6880863e-03
   2.5000000e+01   1.3000000e+01   6.2578126e-03
   2.6000000e+01   7.0000000e+00   5.8676001e-03
   2.7000000e+01   9.0000000e+00   5.5136315e-03
   2.8000000e+01   1.1000000e+01   5.1924536e-03
   2.9000000e+01   8.0000000e+00   4.9009426e-03
   3.0000000e+01   5.0000000e+00   4.6362729e-03
   3.1000000e+01   1.2000000e+01   4.3958884e-03
   3.2000000e+01   3.0000000e+00   4.1774767e-03
   3.3000000e+01   1.4000000e+01   3.9789460e-03
   3.4000000e+01   8.0000000e+00   3.7984043e-03
   3.5000000e+01   5.0000000e+00   3.6341397e-03
   3.6000000e+01   6.0000000e+00   3.4846040e-03
   3.7000000e+01   4.0000000e+00   3.3483963e-03
   3.8000000e+01   6.0000000e+00   3.2242497e-03
   3.9000000e+01   8.0000000e+00   3.1110178e-03
   4.0000000e+01   7.0000000e+00   3.0076638e-03
   4.1000000e+01   1.3000000e+01   2.9132497e-03
   4.2000000e+01   6.0000000e+00   2.8269269e-03
   4.3000000e+01   2.0000000e+00   2.7479279e-03
   4.4000000e+01   5.0000000e+00   2.6755583e-03
   4.5000000e+01   5.0000000e+00   2.6091900e-03
   4.6000000e+01   4.0000000e+00   2.5482546e-03
   4.7000000e+01   4.0000000e+00   2.4922382e-03
   4.8000000e+01   4.0000000e+00   2.4406757e-03
   4.9000000e+01   2.0000000e+00   2.3931464e-03
   5.0000000e+01   8.0000000e+00   2.3492698e-03
   5.1000000e+01   3.0000000e+00   2.3087015e-03
   5.2000000e+01   1.0000000e+00   2.2711301e-03
   5.3000000e+01   6.0000000e+00   2.2362739e-03
   5.4000000e+01   5.0000000e+00   2.2038780e-03
   5.5000000e+01   4.0000000e+00   2.1737117e-03
   5.6000000e+01   2.0000000e+00   2.1455664e-03
   5.7000000e+01   8.0000000e+00   2.1192534e-03
   5.8000000e+01   5.0000000e+00   2.0946020e-03
   5.9000000e+01   5.0000000e+00   2.0714576e-03
   6.0000000e+01   5.0000000e+00   2.0496805e-03
   6.1000000e+01   6.0000000e+00   2.0291443e-03
   6.2000000e+01   5.0000000e+00   2.0097345e-03
   6.3000000e+01   4.0000000e+00   1.9913477e-03
   6.4000000e+01   4.0000000e+00   1.9738902e-03
   6.5000000e+01   1.0000000e+00   1.9572772e-03
   6.6000000e+01   2.0000000e+00   1.9414322e-03
   6.7000000e+01   3.0000000e+00   1.9262856e-03
   6.8000000e+01   4.0000000e+00   1.9117749e-03
   6.9000000e+01   6.0000000e+00   1.8978430e-03
   7.0000000e+01   5.0000000e+00   1.8844387e-03
   7.1000000e+01   9.0000000e+00   1.8715155e-03
   7.2000000e+01   2.0000000e+00   1.8590312e-03
   7.3000000e+01   3.0000000e+00   1.8469477e-03
   7.4000000e+01   2.0000000e+00   1.8352306e-03
   7.5000000e+01   4.0000000e+00   1.8238486e-03
   7.6000000e+01   5.0000000e+00   1.8127735e-03
   7.7000000e+01   6.0000000e+00   1.8019797e-03
   7.8000000e+01   4.0000000e+00   1.7914441e-03
   7.9000000e+01   1.0000000e+00   1.7811458e-03
   8.0000000e+01   0.0000000e+00   1.7710656e-03
   8.1000000e+01   3.0000000e+00   1.7611866e-03
   8.2000000e+01   2.0000000e+00   1.7514930e-03
   8.3000000e+01   3.0000000e+00   1.7419708e-03
   8.4000000e+01   1.0000000e+00   1.7326072e-03
   8.5000000e+01   5.0000000e+00   1.7233907e-03
   8.6000000e+01   5.0000000e+00   1.7143108e-03
   8.7000000e+01   2.0000000e+00   1.7053580e-03
   8.8000000e+01   5.0000000e+00   1.6965236e-03
   8.9000000e+01   2.0000000e+00   1.6878000e-03
   9.0000000e+01   2.0000000e+00   1.6791799e-03
   9.1000000e+01   4.0000000e+00   1.6706570e-03
   9.2000000e+01   2.0000000e+00   1.6622255e-03
   9.3000000e+01   0.0000000e+00   1.6538801e-03
   9.4000000e+01   5.0000000e+00   1.6456159e-03
   9.5000000e+01   5.0000000e+00   1.6374287e-03
   9.6000000e+01   2.0000000e+00   1.6293145e-03
   9.7000000e+01   3.0000000e+00   1.6212696e-03
   9.8000000e+01   2.0000000e+00   1.6132909e-03
   9.9000000e+01   5.0000000e+00   1.6053753e-03
   1.0000000e+02   3.0000000e+00   1.5975202e-03
   1.0100000e+02   1.0000000e+00   1.5897231e-03
   1.0200000e+02   1.0000000e+00   1.5819817e-03
   1.0300000e+02   5.0000000e+00   1.5742940e-03
   1.0400000e+02   1.0000000e+00   1.5666581e-03
   1.0500000e+02   4.0000000e+00   1.5590724e-03
   1.0600000e+02   2.0000000e+00   1.5515353e-03
   1.0700000e+02   4.0000000e+00   1.5440453e-03
   1.0800000e+02   3.0000000e+00   1.5366011e-03
   1.0900000e+02   5.0000000e+00   1.5292017e-03
   1.1000000e+02   2.0000000e+00   1.5218458e-03
   1.1100000e+02   4.0000000e+00   1.5145324e-03
   1.1200000e+02   2.0000000e+00   1.5072607e-03
   1.1300000e+02   5.0000000e+00   1.5000298e-03
   1.1400000e+02   1.0000000e+00   1.4928389e-03
   1.1500000e+02   2.0000000e+00   1.4856873e-03
   1.1600000e+02   1.0000000e+00   1.4785743e-03
   1.1700000e+02   2.0000000e+00   1.4714993e-03
   1.1800000e+02   2.0000000e+00   1.4644616e-03
   1.1900000e+02   3.0000000e+00   1.4574609e-03
   1.2000000e+02   3.0000000e+00   1.4504966e-03
   1.2100000e+02   1.0000000e+00   1.4435681e-03
   1.2200000e+02   2.0000000e+00   1.4366752e-03
   1.2300000e+02   2.0000000e+00   1.4298173e-03
   1.2400000e+02   0.0000000e+00   1.4229941e-03
   1.2500000e+02   4.0000000e+00   1.4162052e-03
   1.2600000e+02   3.0000000e+00   1.4094503e-03
   1.2700000e+02   2.0000000e+00   1.4027291e-03
   1.2800000e+02   2.0000000e+00   1.3960412e-03
   1.2900000e+02   2.0000000e+00   1.3893864e-03
   1.3000000e+02   0.0000000e+00   1.3827644e-03
   1.3100000e+02   2.0000000e+00   1.3761749e-03
   1.3200000e+02   4.0000000e+00   1.3696177e-03
   1.3300000e+02   3.0000000e+00   1.3630925e-03
   1.3400000e+02   1.0000000e+00   1.3565991e-03
   1.3500000e+02   4.0000000e+00   1.3501373e-03
   1.3600000e+02   2.0000000e+00   1.3437069e-03
   1.3700000e+02   0.0000000e+00   1.3373077e-03
   1.3800000e+02   2.0000000e+00   1.3309393e-03
   1.3900000e+02   3.0000000e+00   1.3246018e-03
   1.4000000e+02   3.0000000e+00   1.3182948e-03
   1.4100000e+02   6.0000000e+00   1.3120182e-03
   1.4200000e+02   4.0000000e+00   1.3057718e-03
   1.4300000e+02   4.0000000e+00   1.2995554e-03
   1.4400000e+02   6.0000000e+00   1.2933689e-03
   1.4500000e+02   2.0000000e+00   1.2872121e-03
   1.4600000e+02   2.0000000e+00   1.2810848e-03
   1.4700000e+02   3.0000000e+00   1.2749869e-03
   1.4800000e+02   1.0000000e+00   1.2689181e-03
   1.4900000e+02   4.0000000e+00   1.2628785e-03
   1.5000000e+02   2.0000000e+00   1.2568677e-03
   1.5100000e+02   1.0000000e+00   1.2508856e-03
   1.5200000e+02   3.0000000e+00   1.2449321e-03
   1.5300000e+02   2.0000000e+00   1.2390071e-03
   1.5400000e+02   2.0000000e+00   1.2331104e-03
   1.5500000e+02   2.0000000e+00   1.2272418e-03
   1.5600000e+02   4.0000000e+00   1.2214012e-03
   1.5700000e+02   2.0000000e+00   1.2155885e-03
   1.5800000e+02   4.0000000e+00   1.2098035e-03
   1.5900000e+02   4.0000000e+00   1.2040461e-03
   1.6000000e+02   3.0000000e+00   1.1983162e-03
   1.6100000e+02   3.0000000e+00   1.1926136e-03
   1.6200000e+02   6.0000000e+00   1.1869381e-03
   1.6300000e+02   3.0000000e+00   1.1812898e-03
   1.6400000e+02   2.0000000e+00   1.1756683e-03
   1.6500000e+02   3.0000000e+00   1.1700736e-03
   1.6600000e+02   1.0000000e+00   1.1645055e-03
   1.6700000e+02   0.0000000e+00   1.1589640e-03
   1.6800000e+02   3.0000000e+00   1.1534489e-03
   1.6900000e+02   2.0000000e+00   1.1479600e-03
   1.7000000e+02   1.0000000e+00   1.1424973e-03
   1.7100000e+02   1.0000000e+00   1.1370606e-03
   1.7200000e+02   4.0000000e+00   1.1316498e-03
   1.7300000e+02   7.0000000e+00   1.1262647e-03
   1.7400000e+02   2.0000000e+00   1.1209053e-03
   1.7500000e+02   0.0000000e+00   1.1155714e-03
   1.7600000e+02   0.0000000e+00   1.1102629e-03
   1.7700000e+02   0.0000000e+00   1.1049797e-03
   1.7800000e+02   1.0000000e+00   1.0997216e-03
   1.7900000e+02   2.0000000e+00   1.0944885e-03
   1.8000000e+02   2.0000000e+00   1.0892803e-03
   1.8100000e+02   3.0000000e+00   1.0840970e-03
   1.8200000e+02   2.0000000e+00   1.0789383e-03
   1.8300000e+02   4.0000000e+00   1.0738041e-03
   1.8400000e+02   2.0000000e+00   1.0686944e-03
   1.8500000e+02   1.0000000e+00   1.0636091e-03
   1.8600000e+02   1.0000000e+00   1.0585479e-03
   1.8700000e+02   1.0000000e+00   1.0535108e-03
   1.8800000e+02   1.0000000e+00   1.0484976e-03
   1.8900000e+02   2.0000000e+00   1.0435084e-03
   1.9000000e+02   0.0000000e+00   1.0385429e-03
   1.9100000e+02   1.0000000e+00   1.0336010e-03
   1.9200000e+02   3.0000000e+00   1.0286826e-03
   1.9300000e+02   1.0000000e+00   1.0237876e-03
   1.9400000e+02   2.0000000e+00   1.0189159e-03
   1.9500000e+02   1.0000000e+00   1.0140675e-03
   1.9600000e+02   1.0000000e+00   1.0092420e-03
   1.9700000e+02   0.0000000e+00   1.0044396e-03
   1.9800000e+02   1.0000000e+00   9.9965999e-04
   1.9900000e+02   3.0000000e+00   9.9490313e-04
   2.0000000e+02   3.0000000e+00   9.9016891e-04
   2.0100000e+02   1.0000000e+00   9.8545722e-04
   2.0200000e+02   1.0000000e+00   9.8076795e-04
   2.0300000e+02   4.0000000e+00   9.7610099e-04
   2.0400000e+02   2.0000000e+00   9.7145624e-04
   2.0500000e+02   0.0000000e+00   9.6683360e-04
   2.0600000e+02   1.0000000e+00   9.6223295e-04
   2.0700000e+02   0.0000000e+00   9.5765419e-04
   2.0800000e+02   3.0000000e+00   9.5309723e-04
   2.0900000e+02   3.0000000e+00   9.4856195e-04
   2.1000000e+02   4.0000000e+00   9.4404824e-04
   2.1100000e+02   5.0000000e+00   9.3955602e-04
   2.1200000e+02   2.0000000e+00   9.3508518e-04
   2.1300000e+02   2.0000000e+00   9.3063560e-04
   2.1400000e+02   2.0000000e+00   9.2620721e-04
   2.1500000e+02   1.0000000e+00   9.2179988e-04
   2.1600000e+02   2.0000000e+00   9.1741353e-04
   2.1700000e+02   3.0000000e+00   9.1304805e-04
   2.1800000e+02   1.0000000e+00   9.0870334e-04
   2.1900000e+02   3.0000000e+00   9.0437930e-04
   2.2000000e+02   1.0000000e+00   9.0007585e-04
   2.2100000e+02   1.0000000e+00   8.9579287e-04
   2.2200000e+02   1.0000000e+00   8.9153027e-04
   2.2300000e+02   1.0000000e+00   8.8728795e-04
   2.2400000e+02   2.0000000e+00   8.8306582e-04
   2.2500000e+02   3.0000000e+00   8.7886379e-04
   2.2600000e+02   3.0000000e+00   8.7468174e-04
   2.2700000e+02   1.0000000e+00   8.7051960e-04
   2.2800000e+02   2.0000000e+00   8.6637727e-04
   2.2900000e+02   2.0000000e+00   8.6225464e-04
   2.3000000e+02   0.0000000e+00   8.5815163e-04
   2.3100000e+02   3.0000000e+00   8.5406815e-04
   2.3200000e+02   4.0000000e+00   8.5000410e-04
   2.3300000e+02   1.0000000e+00   8.4595938e-04
   2.3400000e+02   1.0000000e+00   8.4193391e-04
   2.3500000e+02   1.0000000e+00   8.3792760e-04
   2.3600000e+02   0.0000000e+00   8.3394035e-04
   2.3700000e+02   0.0000000e+00   8.2997208e-04
   2.3800000e+02   2.0000000e+00   8.2602269e-04
   2.3900000e+02   2.0000000e+00   8.2209209e-04
   2.4000000e+02   0.0000000e+00   8.1818019e-04
   2.4100000e+02   1.0000000e+00   8.1428691e-04
   2.4200000e+02   3.0000000e+00   8.1041215e-04
   2.4300000e+02   1.0000000e+00   8.0655584e-04
   2.4400000e+02   0.0000000e+00   8.0271787e-04
   2.4500000e+02   1.0000000e+00   7.9889817e-04
   2.4600000e+02   2.0000000e+00   7.9509664e-04
   2.4700000e+02   1.0000000e+00   7.9131320e-04
   2.4800000e+02   0.0000000e+00   7.8754776e-04
   2.4900000e+02   0.0000000e+00   7.8380025e-04
   2.5000000e+02   0.0000000e+00   7.8007056e-04
   2.5100000e+02   1.0000000e+00   7.7635862e-04
   2.5200000e+02   1.0000000e+00   7.7266435e-04
   2.5300000e+02   3.0000000e+00   7.6898765e-04
   2.5400000e+02   1.0000000e+00   7.6532845e-04
   2.5500000e+02   1.0000000e+00   7.6168667e-04
   2.5600000e+02   0.0000000e+00   7.5806221e-04
   2.5700000e+02   1.0000000e+00   7.5445500e-04
   2.5800000e+02   2.0000000e+00   7.5086495e-04
   2.5900000e+02   3.0000000e+00   7.4729198e-04
   2.6000000e+02   0.0000000e+00   7.4373602e-04
   2.6100000e+02   0.0000000e+00   7.4019698e-04
   2.6200000e+02   2.0000000e+00   7.3667478e-04
   2.6300000e+02   0.0000000e+00   7.3316934e-04
   2.6400000e+02   3.0000000e+00   7.2968058e-04
   2.6500000e+02   1.0000000e+00   7.2620842e-04
   2.6600000e+02   6.0000000e+00   7.2275279e-04
   2.6700000e+02   2.0000000e+00   7.1931359e-04
   2.6800000e+02   3.0000000e+00   7.1589077e-04
   2.6900000e+02   1.0000000e+00   7.1248422e-04
   2.7000000e+02   0.0000000e+00   7.0909389e-04
   2.7100000e+02   1.0000000e+00   7.0571970e-04
   2.7200000e+02   0.0000000e+00   7.0236156e-04
   2.7300000e+02   0.0000000e+00   6.9901939e-04
   2.7400000e+02   2.0000000e+00   6.9569313e-04
   2.7500000e+02   1.0000000e+00   6.9238270e-04
   2.7600000e+02   0.0000000e+00   6.8908803e-04
   2.7700000e+02   1.0000000e+00   6.8580903e-04
   2.7800000e+02   2.0000000e+00   6.8254563e-04
   2.7900000e+02   2.0000000e+00   6.7929776e-04
   2.8000000e+02   0.0000000e+00   6.7606535e-04
   2.8100000e+02   2.0000000e+00   6.7284831e-04
   2.8200000e+02   0.0000000e+00   6.6964659e-04
   2.8300000e+02   2.0000000e+00   6.6646010e-04
   2.8400000e+02   3.0000000e+00   6.6328877e-04
   2.8500000e+02   1.0000000e+00   6.6013254e-04
   2.8600000e+02   2.0000000e+00   6.5699132e-04
   2.8700000e+02   4.0000000e+00   6.5386505e-04
   2.8800000e+02   1.0000000e+00   6.5075366e-04
   2.8900000e+02   1.0000000e+00   6.4765707e-04
   2.9000000e+02   2.0000000e+00   6.4457522e-04
   2.9100000e+02   1.0000000e+00   6.4150803e-04
   2.9200000e+02   2.0000000e+00   6.3845544e-04
   2.9300000e+02   3.0000000e+00   6.3541737e-04
   2.9400000e+02   2.0000000e+00   6.3239376e-04
   2.9500000e+02   2.0000000e+00   6.2938454e-04
   2.9600000e+02   0.0000000e+00   6.2638963e-04
   2.9700000e+02   0.0000000e+00   6.2340898e-04
   2.9800000e+02   2.0000000e+00   6.2044251e-04
   2.9900000e+02   1.0000000e+00   6.1749016e-04
   3.0000000e+02   1.0000000e+00   6.1455185e-04
   3.0100000e+02   3.0000000e+00   6.1162753e-04
   3.0200000e+02   3.0000000e+00   6.0871712e-04
   3.0300000e+02   1.0000000e+00   6.0582056e-04
   3.0400000e+02   1.0000000e+00   6.0293779e-04
   3.0500000e+02   0.0000000e+00   6.0006873e-04
   3.0600000e+02   1.0000000e+00   5.9721333e-04
   3.0700000e+02   0.0000000e+00   5.9437151e-04
   3.0800000e+02   0.0000000e+00   5.9154321e-04
   3.0900000e+02   0.0000000e+00   5.8872838e-04
   3.1000000e+02   1.0000000e+00   5.8592693e-04
   3.1100000e+02   2.0000000e+00   5.8313882e-04
   3.1200000e+02   1.0000000e+00   5.8036398e-04
   3.1300000e+02   0.0000000e+00   5.7760233e-04
   3.1400000e+02   0.0000000e+00   5.7485383e-04
   3.1500000e+02   2.0000000e+00   5.7211841e-04
   3.1600000e+02   0.0000000e+00   5.6939601e-04
   3.1700000e+02   0.0000000e+00   5.6668656e-04
   3.1800000e+02   1.0000000e+00   5.6399000e-04
   3.1900000e+02   0.0000000e+00   5.6130628e-04
   3.2000000e+02   2.0000000e+00   5.5863532e-04
   3.2100000e+02   1.0000000e+00   5.5597707e-04
   3.2200000e+02   1.0000000e+00   5.5333148e-04
   3.2300000e+02   0.0000000e+00   5.5069847e-04
   3.2400000e+02   1.0000000e+00   5.4807799e-04
   3.2500000e+02   2.0000000e+00   5.4546998e-04
   3.2600000e+02   1.0000000e+00   5.4287438e-04
   3.2700000e+02   4.0000000e+00   5.4029113e-04
   3.2800000e+02   2.0000000e+00   5.3772018e-04
   3.2900000e+02   2.0000000e+00   5.3516146e-04
   3.3000000e+02   1.0000000e+00   5.3261491e-04
   3.3100000e+02   0.0000000e+00   5.3008048e-04
   3.3200000e+02   2.0000000e+00   5.2755811e-04
   3.3300000e+02   3.0000000e+00   5.2504775e-04
   3.3400000e+02   0.0000000e+00   5.2254932e-04
   3.3500000e+02   0.0000000e+00   5.2006279e-04
   3.3600000e+02   3.0000000e+00   5.1758809e-04
   3.3700000e+02   1.0000000e+00   5.1512517e-04
   3.3800000e+02   2.0000000e+00   5.1267396e-04
   3.3900000e+02   0.0000000e+00   5.1023442e-04
   3.4000000e+02   0.0000000e+00   5.0780649e-04
   3.4100000e+02   0.0000000e+00   5.0539011e-04
   3.4200000e+02   1.0000000e+00   5.0298523e-04
   3.4300000e+02   2.0000000e+00   5.0059179e-04
   3.4400000e+02   0.0000000e+00   4.9820975e-04
   3.4500000e+02   0.0000000e+00   4.9583903e-04
   3.4600000e+02   1.0000000e+00   4.9347960e-04
   3.4700000e+02   0.0000000e+00   4.9113140e-04
   3.4800000e+02   0.0000000e+00   4.8879437e-04
   3.4900000e+02   2.0000000e+00   4.8646846e-04
   3.5000000e+02   0.0000000e+00   4.8415361e-04
   3.5100000e+02   1.0000000e+00   4.8184979e-04
   3.5200000e+02   2.0000000e+00   4.7955692e-04
   3.5300000e+02   0.0000000e+00   4.7727497e-04
   3.5400000e+02   3.0000000e+00   4.7500387e-04
   3.5500000e+02   0.0000000e+00   4.7274358e-04
   3.5600000e+02   1.0000000e+00   4.7049405e-04
   3.5700000e+02   1.0000000e+00   4.6825522e-04
   3.5800000e+02   1.0000000e+00   4.6602704e-04
   3.5900000e+02   2.0000000e+00   4.6380947e-04
   3.6000000e+02   0.0000000e+00   4.6160245e-04
   3.6100000e+02   0.0000000e+00   4.5940593e-04
   3.6200000e+02   0.0000000e+00   4.5721987e-04
   3.6300000e+02   2.0000000e+00   4.5504420e-04
   3.6400000e+02   1.0000000e+00   4.5287889e-04
   3.6500000e+02   0.0000000e+00   4.5072388e-04
   3.6600000e+02   1.0000000e+00   4.4857913e-04
   3.6700000e+02   0.0000000e+00   4.4644458e-04
   3.6800000e+02   0.0000000e+00   4.4432019e-04
   3.6900000e+02   0.0000000e+00   4.4220591e-04
   3.7000000e+02   0.0000000e+00   4.4010169e-04
   3.7100000e+02   1.0000000e+00   4.3800748e-04
   3.7200000e+02   0.0000000e+00   4.3592324e-04
   3.7300000e+02   1.0000000e+00   4.3384891e-04
   3.7400000e+02   0.0000000e+00   4.3178446e-04
   3.7500000e+02   0.0000000e+00   4.2972983e-04
   3.7600000e+02   0.0000000e+00   4.2768497e-04
   3.7700000e+02   1.0000000e+00   4.2564985e-04
   3.7800000e+02   1.0000000e+00   4.2362441e-04
   3.7900000e+02   0.0000000e+00   4.2160861e-04
   3.8000000e+02   0.0000000e+00   4.1960240e-04
   3.8100000e+02   0.0000000e+00   4.1760574e-04
   3.8200000e+02   0.0000000e+00   4.1561858e-04
   3.8300000e+02   0.0000000e+00   4.1364087e-04
   3.8400000e+02   1.0000000e+00   4.1167257e-04
   3.8500000e+02   1.0000000e+00   4.0971365e-04
   3.8600000e+02   1.0000000e+00   4.0776404e-04
   3.8700000e+02   0.0000000e+00   4.0582371e-04
   3.8800000e+02   1.0000000e+00   4.0389261e-04
   3.8900000e+02   0.0000000e+00   4.0197070e-04
   3.9000000e+02   3.0000000e+00   4.0005794e-04
   3.9100000e+02   1.0000000e+00   3.9815428e-04
   3.9200000e+02   2.0000000e+00   3.9625967e-04
   3.9300000e+02   2.0000000e+00   3.9437409e-04
   3.9400000e+02   1.0000000e+00   3.9249747e-04
   3.9500000e+02   0.0000000e+00   3.9062979e-04
   3.9600000e+02   0.0000000e+00   3.8877099e-04
   3.9700000e+02   1.0000000e+00   3.8692104e-04
   3.9800000e+02   0.0000000e+00   3.8507989e-04
   3.9900000e+02   0.0000000e+00   3.8324750e-04
   4.0000000e+02   0.0000000e+00   3.8142383e-04
   4.0100000e+02   0.0000000e+00   3.7960884e-04
   4.0200000e+02   2.0000000e+00   3.7780248e-04
   4.0300000e+02   2.0000000e+00   3.7600472e-04
   4.0400000e+02   0.0000000e+00   3.7421552e-04
   4.0500000e+02   0.0000000e+00   3.7243483e-04
   4.0600000e+02   1.0000000e+00   3.7066261e-04
   4.0700000e+02   2.0000000e+00   3.6889882e-04
   4.0800000e+02   1.0000000e+00   3.6714343e-04
   4.0900000e+02   1.0000000e+00   3.6539639e-04
   4.1000000e+02   0.0000000e+00   3.6365767e-04
   4.1100000e+02   0.0000000e+00   3.6192722e-04
   4.1200000e+02   0.0000000e+00   3.6020500e-04
   4.1300000e+02   3.0000000e+00   3.5849098e-04
   4.1400000e+02   1.0000000e+00   3.5678511e-04
   4.1500000e+02   1.0000000e+00   3.5508736e-04
   4.1600000e+02   0.0000000e+00   3.5339769e-04
   4.1700000e+02   1.0000000e+00   3.5171606e-04
   4.1800000e+02   1.0000000e+00   3.5004243e-04
   4.1900000e+02   1.0000000e+00   3.4837677e-04
   4.2000000e+02   0.0000000e+00   3.4671903e-04
   4.2100000e+02   1.0000000e+00   3.4506918e-04
   4.2200000e+02   1.0000000e+00   3.4342718e-04
   4.2300000e+02   0.0000000e+00   3.4179299e-04
   4.2400000e+02   0.0000000e+00   3.4016659e-04
   4.2500000e+02   1.0000000e+00   3.3854791e-04
   4.2600000e+02   1.0000000e+00   3.3693695e-04
   4.2700000e+02   1.0000000e+00   3.3533364e-04
   4.2800000e+02   1.0000000e+00   3.3373797e-04
   4.2900000e+02   1.0000000e+00   3.3214989e-04
   4.3000000e+02   0.0000000e+00   3.3056937e-04
   4.3100000e+02   0.0000000e+00   3.2899637e-04
   4.3200000e+02   0.0000000e+00   3.2743085e-04
   4.3300000e+02   2.0000000e+00   3.2587278e-04
   4.3400000e+02   0.0000000e+00   3.2432213e-04
   4.3500000e+02   1.0000000e+00   3.2277885e-04
   4.3600000e+02   0.0000000e+00   3.2124292e-04
   4.3700000e+02   1.0000000e+00   3.1971430e-04
   4.3800000e+02   1.0000000e+00   3.1819295e-04
   4.3900000e+02   0.0000000e+00   3.1667884e-04
   4.4000000e+02   2.0000000e+00   3.1517193e-04
   4.4100000e+02   1.0000000e+00   3.1367220e-04
   4.4200000e+02   0.0000000e+00   3.1217960e-04
   4.4300000e+02   0.0000000e+00   3.1069411e-04
   4.4400000e+02   2.0000000e+00   3.0921568e-04
   4.4500000e+02   0.0000000e+00   3.0774429e-04
   4.4600000e+02   1.0000000e+00   3.0627990e-04
   4.4700000e+02   0.0000000e+00   3.0482248e-04
   4.4800000e+02   2.0000000e+00   3.0337199e-04
   4.4900000e+02   0.0000000e+00   3.0192840e-04
   4.5000000e+02   1.0000000e+00   3.0049169e-04
   4.5100000e+02   1.0000000e+00   2.9906181e-04
   4.5200000e+02   0.0000000e+00   2.9763874e-04
   4.5300000e+02   0.0000000e+00   2.9622243e-04
   4.5400000e+02   1.0000000e+00   2.9481287e-04
   4.5500000e+02   0.0000000e+00   2.9341001e-04
   4.5600000e+02   1.0000000e+00   2.9201383e-04
   4.5700000e+02   0.0000000e+00   2.9062429e-04
   4.5800000e+02   1.0000000e+00   2.8924137e-04
   4.5900000e+02   1.0000000e+00   2.8786502e-04
   4.6000000e+02   0.0000000e+00   2.8649523e-04
   4.6100000e+02   1.0000000e+00   2.8513195e-04
   4.6200000e+02   0.0000000e+00   2.8377516e-04
   4.6300000e+02   1.0000000e+00   2.8242483e-04
   4.6400000e+02   0.0000000e+00   2.8108092e-04
   4.6500000e+02   0.0000000e+00   2.7974341e-04
   4.6600000e+02   0.0000000e+00   2.7841226e-04
   4.6700000e+02   0.0000000e+00   2.7708744e-04
   4.6800000e+02   2.0000000e+00   2.7576893e-04
   4.6900000e+02   0.0000000e+00   2.7445670e-04
   4.7000000e+02   0.0000000e+00   2.7315070e-04
   4.7100000e+02   0.0000000e+00   2.7185093e-04
   4.7200000e+02   0.0000000e+00   2.7055733e-04
   4.7300000e+02   0.0000000e+00   2.6926990e-04
   4.7400000e+02   1.0000000e+00   2.6798858e-04
   4.7500000e+02   0.0000000e+00   2.6671337e-04
   4.7600000e+02   1.0000000e+00   2.6544422e-04
   4.7700000e+02   0.0000000e+00   2.6418112e-04
   4.7800000e+02   0.0000000e+00   2.6292402e-04
   4.7900000e+02   1.0000000e+00   2.6167291e-04
   4.8000000e+02   2.0000000e+00   2.6042775e-04
   4.8100000e+02   0.0000000e+00   2.5918851e-04
   4.8200000e+02   0.0000000e+00   2.5795517e-04
   4.8300000e+02   0.0000000e+00   2.5672770e-04
   4.8400000e+02   0.0000000e+00   2.5550607e-04
   4.8500000e+02   0.0000000e+00   2.5429025e-04
   4.8600000e+02   0.0000000e+00   2.5308022e-04
   4.8700000e+02   1.0000000e+00   2.5187595e-04
   4.8800000e+02   2.0000000e+00   2.5067741e-04
   4.8900000e+02   0.0000000e+00   2.4948457e-04
   4.9000000e+02   0.0000000e+00   2.4829741e-04
   4.9100000e+02   0.0000000e+00   2.4711589e-04
   4.9200000e+02   2.0000000e+00   2.4594000e-04
   4.9300000e+02   0.0000000e+00   2.4476970e-04
   4.9400000e+02   2.0000000e+00   2.4360497e-04
   4.9500000e+02   2.0000000e+00   2.4244579e-04
   4.9600000e+02   1.0000000e+00   2.4129212e-04
   4.9700000e+02   3.0000000e+00   2.4014394e-04
   4.9800000e+02   0.0000000e+00   2.3900122e-04
   4.9900000e+02   0.0000000e+00   2.3786394e-04
   5.0000000e+02   1.0000000e+00   2.3673208e-04
   5.0100000e+02   0.0000000e+00   2.3560560e-04
   5.0200000e+02   0.0000000e+00   2.3448448e-04
   5.0300000e+02   0.0000000e+00   2.3336869e-04
   5.0400000e+02   2.0000000e+00   2.3225821e-04
   5.0500000e+02   0.0000000e+00   2.3115302e-04
   5.0600000e+02   0.0000000e+00   2.3005309e-04
   5.0700000e+02   2.0000000e+00   2.2895839e-04
   5.0800000e+02   1.0000000e+00   2.2786890e-04
   5.0900000e+02   0.0000000e+00   2.2678459e-04
   5.1000000e+02   0.0000000e+00   2.2570545e-04
   5.1100000e+02   0.0000000e+00   2.2463144e-04
   5.1200000e+02   1.0000000e+00   2.2356253e-04
   5.1300000e+02   0.0000000e+00   2.2249872e-04
   5.1400000e+02   2.0000000e+00   2.2143997e-04
   5.1500000e+02   0.0000000e+00   2.2038625e-04
   5.1600000e+02   0.0000000e+00   2.1933755e-04
   5.1700000e+02   0.0000000e+00   2.1829384e-04
   5.1800000e+02   1.0000000e+00   2.1725510e-04
   5.1900000e+02   0.0000000e+00   2.1622130e-04
   5.2000000e+02   0.0000000e+00   2.1519242e-04
   5.2100000e+02   0.0000000e+00   2.1416843e-04
   5.2200000e+02   1.0000000e+00   2.1314932e-04
   5.2300000e+02   0.0000000e+00   2.1213506e-04
   5.2400000e+02   0.0000000e+00   2.1112562e-04
   5.2500000e+02   1.0000000e+00   2.1012099e-04
   5.2600000e+02   1.0000000e+00   2.0912113e-04
   5.2700000e+02   0.0000000e+00   2.0812604e-04
   5.2800000e+02   0.0000000e+00   2.0713568e-04
   5.2900000e+02   0.0000000e+00   2.0615003e-04
   5.3000000e+02   0.0000000e+00   2.0516907e-04
   5.3100000e+02   0.0000000e+00   2.0419278e-04
   5.3200000e+02   0.0000000e+00   2.0322114e-04
   5.3300000e+02   0.0000000e+00   2.0225412e-04
   5.3400000e+02   0.0000000e+00   2.0129170e-04
   5.3500000e+02   0.0000000e+00   2.0033386e-04
   5.3600000e+02   1.0000000e+00   1.9938058e-04
   5.3700000e+02   0.0000000e+00   1.9843183e-04
   5.3800000e+02   0.0000000e+00   1.9748760e-04
   5.3900000e+02   1.0000000e+00   1.9654787e-04
   5.4000000e+02   2.0000000e+00   1.9561260e-04
   5.4100000e+02   0.0000000e+00   1.9468178e-04
   5.4200000e+02   1.0000000e+00   1.9375540e-04
   5.4300000e+02   0.0000000e+00   1.9283342e-04
   5.4400000e+02   0.0000000e+00   1.9191583e-04
   5.4500000e+02   1.0000000e+00   1.9100260e-04
   5.4600000e+02   0.0000000e+00   1.9009373e-04
   5.4700000e+02   0.0000000e+00   1.8918917e-04
   5.4800000e+02   3.0000000e+00   1.8828892e-04
   5.4900000e+02   0.0000000e+00   1.8739296e-04
   5.5000000e+02   0.0000000e+00   1.8650125e-04
   5.5100000e+02   0.0000000e+00   1.8561379e-04
   5.5200000e+02   0.0000000e+00   1.8473056e-04
   5.5300000e+02   0.0000000e+00   1.8385152e-04
   5.5400000e+02   0.0000000e+00   1.8297667e-04
   5.5500000e+02   0.0000000e+00   1.8210598e-04
   5.5600000e+02   0.0000000e+00   1.8123944e-04
   5.5700000e+02   0.0000000e+00   1.8037702e-04
   5.5800000e+02   0.0000000e+00   1.7951870e-04
   5.5900000e+02   0.0000000e+00   1.7866447e-04
   5.6000000e+02   0.0000000e+00   1.7781430e-04
   5.6100000e+02   0.0000000e+00   1.7696818e-04
   5.6200000e+02   0.0000000e+00   1.7612608e-04
   5.6300000e+02   0.0000000e+00   1.7528799e-04
   5.6400000e+02   0.0000000e+00   1.7445389e-04
   5.6500000e+02   1.0000000e+00   1.7362376e-04
   5.6600000e+02   1.0000000e+00   1.7279757e-04
   5.6700000e+02   0.0000000e+00   1.7197532e-04
   5.6800000e+02   0.0000000e+00   1.7115698e-04
   5.6900000e+02   1.0000000e+00   1.7034254e-04
   5.7000000e+02   1.0000000e+00   1.6953197e-04
   5.7100000e+02   2.0000000e+00   1.6872526e-04
   5.7200000e+02   0.0000000e+00   1.6792239e-04
   5.7300000e+02   1.0000000e+00   1.6712333e-04
   5.7400000e+02   0.0000000e+00   1.6632808e-04
   5.7500000e+02   0.0000000e+00   1.6553662e-04
   5.7600000e+02   0.0000000e+00   1.6474892e-04
   5.7700000e+02   0.0000000e+00   1.6396497e-04
   5.7800000e+02   0.0000000e+00   1.6318474e-04
   5.7900000e+02   0.0000000e+00   1.6240824e-04
   5.8000000e+02   0.0000000e+00   1.6163542e-04
   5.8100000e+02   0.0000000e+00   1.6086629e-04
   5.8200000e+02   0.0000000e+00   1.6010081e-04
   5.8300000e+02   0.0000000e+00   1.5933898e-04
   5.8400000e+02   1.0000000e+00   1.5858077e-04
   5.8500000e+02   0.0000000e+00   1.5782617e-04
   5.8600000e+02   0.0000000e+00   1.5707516e-04
   5.8700000e+02   1.0000000e+00   1.5632772e-04
   5.8800000e+02   0.0000000e+00   1.5558384e-04
   5.8900000e+02   2.0000000e+00   1.5484350e-04
   5.9000000e+02   0.0000000e+00   1.5410668e-04
   5.9100000e+02   0.0000000e+00   1.5337337e-04
   5.9200000e+02   0.0000000e+00   1.5264355e-04
   5.9300000e+02   0.0000000e+00   1.5191720e-04
   5.9400000e+02   0.0000000e+00   1.5119431e-04
   5.9500000e+02   1.0000000e+00   1.5047486e-04
   5.9600000e+02   0.0000000e+00   1.4975883e-04
   5.9700000e+02   2.0000000e+00   1.4904620e-04
   5.9800000e+02   1.0000000e+00   1.4833697e-04
   5.9900000e+02   0.0000000e+00   1.4763112e-04
   6.0000000e+02   0.0000000e+00   1.4692862e-04
   6.0100000e+02   1.0000000e+00   1.4622947e-04
   6.0200000e+02   0.0000000e+00   1.4553364e-04
   6.0300000e+02   1.0000000e+00   1.4484112e-04
   6.0400000e+02   0.0000000e+00   1.4415190e-04
   6.0500000e+02   1.0000000e+00   1.4346596e-04
   6.0600000e+02   0.0000000e+00   1.4278328e-04
   6.0700000e+02   0.0000000e+00   1.4210385e-04
   6.0800000e+02   1.0000000e+00   1.4142766e-04
   6.0900000e+02   0.0000000e+00   1.4075468e-04
   6.1000000e+02   1.0000000e+00   1.4008490e-04
   6.1100000e+02   0.0000000e+00   1.3941831e-04
   6.1200000e+02   0.0000000e+00   1.3875490e-04
   6.1300000e+02   0.0000000e+00   1.3809463e-04
   6.1400000e+02   0.0000000e+00   1.3743752e-04
   6.1500000e+02   0.0000000e+00   1.3678353e-04
   6.1600000e+02   0.0000000e+00   1.3613265e-04
   6.1700000e+02   0.0000000e+00   1.3548486e-04
   6.1800000e+02   1.0000000e+00   1.3484016e-04
   6.1900000e+02   0.0000000e+00   1.3419853e-04
   6.2000000e+02   0.0000000e+00   1.3355995e-04
   6.2100000e+02   0.0000000e+00   1.3292441e-04
   6.2200000e+02   0.0000000e+00   1.3229190e-04
   6.2300000e+02   1.0000000e+00   1.3166239e-04
   6.2400000e+02   0.0000000e+00   1.3103588e-04
   6.2500000e+02   0.0000000e+00   1.3041235e-04
   6.2600000e+02   1.0000000e+00   1.2979179e-04
   6.2700000e+02   0.0000000e+00   1.2917418e-04
   6.2800000e+02   0.0000000e+00   1.2855951e-04
   6.2900000e+02   1.0000000e+00   1.2794776e-04
   6.3000000e+02   0.0000000e+00   1.2733893e-04
   6.3100000e+02   0.0000000e+00   1.2673299e-04
   6.3200000e+02   0.0000000e+00   1.2612993e-04
   6.3300000e+02   1.0000000e+00   1.2552975e-04
   6.3400000e+02   0.0000000e+00   1.2493242e-04
   6.3500000e+02   0.0000000e+00   1.2433793e-04
   6.3600000e+02   0.0000000e+00   1.2374628e-04
   6.3700000e+02   1.0000000e+00   1.2315744e-04
   6.3800000e+02   0.0000000e+00   1.2257139e-04
   6.3900000e+02   0.0000000e+00   1.2198814e-04
   6.4000000e+02   0.0000000e+00   1.2140767e-04
   6.4100000e+02   0.0000000e+00   1.2082995e-04
   6.4200000e+02   0.0000000e+00   1.2025499e-04
   6.4300000e+02   0.0000000e+00   1.1968276e-04
   6.4400000e+02   0.0000000e+00   1.1911325e-04
   6.4500000e+02   0.0000000e+00   1.1854646e-04
   6.4600000e+02   0.0000000e+00   1.1798236e-04
   6.4700000e+02   0.0000000e+00   1.1742094e-04
   6.4800000e+02   0.0000000e+00   1.1686220e-04
   6.4900000e+02   0.0000000e+00   1.1630612e-04
   6.5000000e+02   0.0000000e+00   1.1575268e-04
   6.5100000e+02   0.0000000e+00   1.1520187e-04
   6.5200000e+02   1.0000000e+00   1.1465369e-04
   6.5300000e+02   0.0000000e+00   1.1410811e-04
   6.5400000e+02   0.0000000e+00   1.1356513e-04
   6.5500000e+02   1.0000000e+00   1.1302474e-04
   6.5600000e+02   0.0000000e+00   1.1248691e-04
   6.5700000e+02   0.0000000e+00   1.1195165e-04
   6.5800000e+02   0.0000000e+00   1.1141893e-04
   6.5900000e+02   0.0000000e+00   1.1088875e-04
   6.6000000e+02   0.0000000e+00   1.1036109e-04
   6.6100000e+02   0.0000000e+00   1.0983594e-04
   6.6200000e+02   0.0000000e+00   1.0931329e-04
   6.6300000e+02   0.0000000e+00   1.0879312e-04
   6.6400000e+02   0.0000000e+00   1.0827544e-04
   6.6500000e+02   0.0000000e+00   1.0776021e-04
   6.6600000e+02   0.0000000e+00   1.0724744e-04
   6.6700000e+02   1.0000000e+00   1.0673711e-04
   6.6800000e+02   0.0000000e+00   1.0622920e-04
   6.6900000e+02   0.0000000e+00   1.0572371e-04
   6.7000000e+02   0.0000000e+00   1.0522063e-04
   6.7100000e+02   0.0000000e+00   1.0471994e-04
   6.7200000e+02   1.0000000e+00   1.0422164e-04
   6.7300000e+02   0.0000000e+00   1.0372570e-04
   6.7400000e+02   1.0000000e+00   1.0323213e-04
   6.7500000e+02   0.0000000e+00   1.0274090e-04
   6.7600000e+02   0.0000000e+00   1.0225201e-04
   6.7700000e+02   0.0000000e+00   1.0176545e-04
   6.7800000e+02   0.0000000e+00   1.0128120e-04
   6.7900000e+02   0.0000000e+00   1.0079926e-04
   6.8000000e+02   0.0000000e+00   1.0031961e-04
   6.8100000e+02   1.0000000e+00   9.9842242e-05
   6.8200000e+02   1.0000000e+00   9.9367146e-05
   6.8300000e+02   0.0000000e+00   9.8894311e-05
   6.8400000e+02   0.0000000e+00   9.8423726e-05
   6.8500000e+02   0.0000000e+00   9.7955380e-05
   6.8600000e+02   0.0000000e+00   9.7489263e-05
   6.8700000e+02   1.0000000e+00   9.7025364e-05
   6.8800000e+02   1.0000000e+00   9.6563672e-05
   6.8900000e+02   0.0000000e+00   9.6104177e-05
   6.9000000e+02   0.0000000e+00   9.5646869e-05
   6.9100000e+02   0.0000000e+00   9.5191737e-05
   6.9200000e+02   0.0000000e+00   9.4738771e-05
   6.9300000e+02   0.0000000e+00   9.4287960e-05
   6.9400000e+02   0.0000000e+00   9.3839294e-05
   6.9500000e+02   0.0000000e+00   9.3392763e-05
   6.9600000e+02   0.0000000e+00   9.2948357e-05
   6.9700000e+02   0.0000000e+00   9.2506065e-05
   6.9800000e+02   0.0000000e+00   9.2065879e-05
   6.9900000e+02   2.0000000e+00   9.1627786e-05
   7.0000000e+02   0.0000000e+00   9.1191779e-05
   7.0100000e+02   0.0000000e+00   9.0757846e-05
   7.0200000e+02   0.0000000e+00   9.0325978e-05
   7.0300000e+02   0.0000000e+00   8.9896165e-05
   7.0400000e+02   0.0000000e+00   8.9468398e-05
   7.0500000e+02   0.0000000e+00   8.9042665e-05
   7.0600000e+02   0.0000000e+00   8.8618959e-05
   7.0700000e+02   0.0000000e+00   8.8197269e-05
   7.0800000e+02   0.0000000e+00   8.7777586e-05
   7.0900000e+02   0.0000000e+00   8.7359899e-05
   7.1000000e+02   0.0000000e+00   8.6944200e-05
   7.1100000e+02   0.0000000e+00   8.6530479e-05
   7.1200000e+02   0.0000000e+00   8.6118727e-05
   7.1300000e+02   1.0000000e+00   8.5708934e-05
   7.1400000e+02   0.0000000e+00   8.5301091e-05
   7.1500000e+02   0.0000000e+00   8.4895189e-05
   7.1600000e+02   1.0000000e+00   8.4491219e-05
   7.1700000e+02   0.0000000e+00   8.4089170e-05
   7.1800000e+02   0.0000000e+00   8.3689035e-05
   7.1900000e+02   0.0000000e+00   8.3290804e-05
   7.2000000e+02   0.0000000e+00   8.2894467e-05
   7.2100000e+02   0.0000000e+00   8.2500017e-05
   7.2200000e+02   0.0000000e+00   8.2107444e-05
   7.2300000e+02   0.0000000e+00   8.1716738e-05
   7.2400000e+02   0.0000000e+00   8.1327892e-05
   7.2500000e+02   0.0000000e+00   8.0940896e-05
   7.2600000e+02   0.0000000e+00   8.0555742e-05
   7.2700000e+02   0.0000000e+00   8.0172420e-05
   7.2800000e+02   0.0000000e+00   7.9790923e-05
   7.2900000e+02   0.0000000e+00   7.9411241e-05
   7.3000000e+02   0.0000000e+00   7.9033365e-05
   7.3100000e+02   0.0000000e+00   7.8657288e-05
   7.3200000e+02   0.0000000e+00   7.8283000e-05
   7.3300000e+02   0.0000000e+00   7.7910493e-05
   7.3400000e+02   0.0000000e+00   7.7539759e-05
   7.3500000e+02   0.0000000e+00   7.7170789e-05
   7.3600000e+02   0.0000000e+00   7.6803574e-05
   7.3700000e+02   0.0000000e+00   7.6438107e-05
   7.3800000e+02   0.0000000e+00   7.6074379e-05
   7.3900000e+02   0.0000000e+00   7.5712382e-05
   7.4000000e+02   0.0000000e+00   7.5352107e-05
   7.4100000e+02   0.0000000e+00   7.4993547e-05
   7.4200000e+02   0.0000000e+00   7.4636693e-05
   7.4300000e+02   0.0000000e+00   7.4281537e-05
   7.4400000e+02   0.0000000e+00   7.3928071e-05
   7.4500000e+02   0.0000000e+00   7.3576287e-05
   7.4600000e+02   0.0000000e+00   7.3226177e-05
   7.4700000e+02   0.0000000e+00   7.2877733e-05
   7.4800000e+02   0.0000000e+00   7.2530947e-05
   7.4900000e+02   0.0000000e+00   7.2185811e-05
   7.5000000e+02   0.0000000e+00   7.1842317e-05
   7.5100000e+02   0.0000000e+00   7.1500458e-05
   7.5200000e+02   0.0000000e+00   7.1160226e-05
   7.5300000e+02   0.0000000e+00   7.0821612e-05
   7.5400000e+02   0.0000000e+00   7.0484610e-05
   7.5500000e+02   0.0000000e+00   7.0149212e-05
   7.5600000e+02   0.0000000e+00   6.9815409e-05
   7.5700000e+02   1.0000000e+00   6.9483195e-05
   7.5800000e+02   0.0000000e+00   6.9152562e-05
   7.5900000e+02   0.0000000e+00   6.8823502e-05
   7.6000000e+02   1.0000000e+00   6.8496008e-05
   7.6100000e+02   0.0000000e+00   6.8170072e-05
   7.6200000e+02   0.0000000e+00   6.7845687e-05
   7.6300000e+02   0.0000000e+00   6.7522846e-05
   7.6400000e+02   0.0000000e+00   6.7201541e-05
   7.6500000e+02   0.0000000e+00   6.6881765e-05
   7.6600000e+02   0.0000000e+00   6.6563510e-05
   7.6700000e+02   1.0000000e+00   6.6246770e-05
   7.6800000e+02   0.0000000e+00   6.5931538e-05
   7.6900000e+02   0.0000000e+00   6.5617805e-05
   7.7000000e+02   0.0000000e+00   6.5305565e-05
   7.7100000e+02   0.0000000e+00   6.4994811e-05
   7.7200000e+02   0.0000000e+00   6.4685535e-05
   7.7300000e+02   0.0000000e+00   6.4377731e-05
   7.7400000e+02   0.0000000e+00   6.4071392e-05
   7.7500000e+02   2.0000000e+00   6.3766511e-05
   7.7600000e+02   0.0000000e+00   6.3463080e-05
   7.7700000e+02   0.0000000e+00   6.3161093e-05
   7.7800000e+02   0.0000000e+00   6.2860544e-05
   7.7900000e+02   0.0000000e+00   6.2561424e-05
   7.8000000e+02   0.0000000e+00   6.2263728e-05
   7.8100000e+02   0.0000000e+00   6.1967448e-05
   7.8200000e+02   0.0000000e+00   6.1672578e-05
   7.8300000e+02   0.0000000e+00   6.1379111e-05
   7.8400000e+02   2.0000000e+00   6.1087041e-05
   7.8500000e+02   0.0000000e+00   6.0796361e-05
   7.8600000e+02   0.0000000e+00   6.0507063e-05
   7.8700000e+02   0.0000000e+00   6.0219143e-05
   7.8800000e+02   0.0000000e+00   5.9932592e-05
   7.8900000e+02   0.0000000e+00   5.9647405e-05
   7.9000000e+02   0.0000000e+00   5.9363575e-05
   7.9100000e+02   0.0000000e+00   5.9081096e-05
   7.9200000e+02   0.0000000e+00   5.8799960e-05
   7.9300000e+02   0.0000000e+00   5.8520163e-05
   7.9400000e+02   0.0000000e+00   5.8241697e-05
   7.9500000e+02   0.0000000e+00   5.7964556e-05
   7.9600000e+02   0.0000000e+00   5.7688734e-05
   7.9700000e+02   0.0000000e+00   5.7414224e-05
   7.9800000e+02   0.0000000e+00   5.7141020e-05
   7.9900000e+02   0.0000000e+00   5.6869117e-05
   8.0000000e+02   0.0000000e+00   5.6598507e-05
   8.0100000e+02   0.0000000e+00   5.6329185e-05
   8.0200000e+02   0.0000000e+00   5.6061145e-05
   8.0300000e+02   0.0000000e+00   5.5794380e-05
   8.0400000e+02   0.0000000e+00   5.5528884e-05
   8.0500000e+02   1.0000000e+00   5.5264652e-05
   8.0600000e+02   0.0000000e+00   5.5001677e-05
   8.0700000e+02   0.0000000e+00   5.4739954e-05
   8.0800000e+02   1.0000000e+00   5.4479476e-05
   8.0900000e+02   0.0000000e+00   5.4220237e-05
   8.1000000e+02   0.0000000e+00   5.3962232e-05
   8.1100000e+02   0.0000000e+00   5.3705455e-05
   8.1200000e+02   0.0000000e+00   5.3449899e-05
   8.1300000e+02   0.0000000e+00   5.3195560e-05
   8.1400000e+02   0.0000000e+00   5.2942431e-05
   8.1500000e+02   0.0000000e+00   5.2690506e-05
   8.1600000e+02   0.0000000e+00   5.2439780e-05
   8.1700000e+02   0.0000000e+00   5.2190247e-05
   8.1800000e+02   0.0000000e+00   5.1941902e-05
   8.1900000e+02   1.0000000e+00   5.1694738e-05
   8.2000000e+02   0.0000000e+00   5.1448751e-05
   8.2100000e+02   0.0000000e+00   5.1203934e-05
   8.2200000e+02   1.0000000e+00   5.0960282e-05
   8.2300000e+02   0.0000000e+00   5.0717789e-05
   8.2400000e+02   0.0000000e+00   5.0476450e-05
   8.2500000e+02   1.0000000e+00   5.0236260e-05
   8.2600000e+02   1.0000000e+00   4.9997212e-05
   8.2700000e+02   0.0000000e+00   4.9759303e-05
   8.2800000e+02   0.0000000e+00   4.9522525e-05
   8.2900000e+02   0.0000000e+00   4.9286874e-05
   8.3000000e+02   0.0000000e+00   4.9052344e-05
   8.3100000e+02   0.0000000e+00   4.8818930e-05
   8.3200000e+02   0.0000000e+00   4.8586627e-05
   8.3300000e+02   0.0000000e+00   4.8355429e-05
   8.3400000e+02   0.0000000e+00   4.8125332e-05
   8.3500000e+02   0.0000000e+00   4.7896329e-05
   8.3600000e+02   0.0000000e+00   4.7668416e-05
   8.3700000e+02   0.0000000e+00   4.7441587e-05
   8.3800000e+02   0.0000000e+00   4.7215838e-05
   8.3900000e+02   0.0000000e+00   4.6991164e-05
   8.4000000e+02   0.0000000e+00   4.6767558e-05
   8.4100000e+02   0.0000000e+00   4.6545016e-05
   8.4200000e+02   0.0000000e+00   4.6323533e-05
   8.4300000e+02   0.0000000e+00   4.6103104e-05
   8.4400000e+02   0.0000000e+00   4.5883724e-05
   8.4500000e+02   0.0000000e+00   4.5665388e-05
   8.4600000e+02   0.0000000e+00   4.5448091e-05
   8.4700000e+02   0.0000000e+00   4.5231828e-05
   8.4800000e+02   0.0000000e+00   4.5016594e-05
   8.4900000e+02   0.0000000e+00   4.4802384e-05
   8.5000000e+02   0.0000000e+00   4.4589194e-05
   8.5100000e+02   0.0000000e+00   4.4377018e-05
   8.5200000e+02   0.0000000e+00   4.4165851e-05
   8.5300000e+02   0.0000000e+00   4.3955690e-05
   8.5400000e+02   0.0000000e+00   4.3746528e-05
   8.5500000e+02   1.0000000e+00   4.3538362e-05
   8.5600000e+02   0.0000000e+00   4.3331186e-05
   8.5700000e+02   0.0000000e+00   4.3124996e-05
   8.5800000e+02   0.0000000e+00   4.2919788e-05
   8.5900000e+02   0.0000000e+00   4.2715555e-05
   8.6000000e+02   0.0000000e+00   4.2512295e-05
   8.6100000e+02   0.0000000e+00   4.2310002e-05
   8.6200000e+02   0.0000000e+00   4.2108671e-05
   8.6300000e+02   0.0000000e+00   4.1908298e-05
   8.6400000e+02   0.0000000e+00   4.1708879e-05
   8.6500000e+02   0.0000000e+00   4.1510409e-05
   8.6600000e+02   0.0000000e+00   4.1312883e-05
   8.6700000e+02   0.0000000e+00   4.1116297e-05
   8.6800000e+02   0.0000000e+00   4.0920647e-05
   8.6900000e+02   0.0000000e+00   4.0725928e-05
   8.7000000e+02   1.0000000e+00   4.0532135e-05
   8.7100000e+02   0.0000000e+00   4.0339264e-05
   8.7200000e+02   0.0000000e+00   4.0147311e-05
   8.7300000e+02   0.0000000e+00   3.9956272e-05
   8.7400000e+02   0.0000000e+00   3.9766141e-05
   8.7500000e+02   0.0000000e+00   3.9576915e-05
   8.7600000e+02   0.0000000e+00   3.9388590e-05
   8.7700000e+02   0.0000000e+00   3.9201161e-05
   8.7800000e+02   0.0000000e+00   3.9014624e-05
   8.7900000e+02   1.0000000e+00   3.8828974e-05
   8.8000000e+02   0.0000000e+00   3.8644208e-05
   8.8100000e+02   0.0000000e+00   3.8460321e-05
   8.8200000e+02   0.0000000e+00   3.8277309e-05
   8.8300000e+02   0.0000000e+00   3.8095167e-05
   8.8400000e+02   0.0000000e+00   3.7913893e-05
   8.8500000e+02   0.0000000e+00   3.7733481e-05
   8.8600000e+02   0.0000000e+00   3.7553928e-05
   8.8700000e+02   0.0000000e+00   3.7375229e-05
   8.8800000e+02   1.0000000e+00   3.7197380e-05
   8.8900000e+02   0.0000000e+00   3.7020378e-05
   8.9000000e+02   0.0000000e+00   3.6844217e-05
   8.9100000e+02   0.0000000e+00   3.6668896e-05
   8.9200000e+02   0.0000000e+00   3.6494408e-05
   8.9300000e+02   0.0000000e+00   3.6320751e-05
   8.9400000e+02   0.0000000e+00   3.6147920e-05
   8.9500000e+02   0.0000000e+00   3.5975911e-05
   8.9600000e+02   1.0000000e+00   3.5804721e-05
   8.9700000e+02   0.0000000e+00   3.5634345e-05
   8.9800000e+02   0.0000000e+00   3.5464781e-05
   8.9900000e+02   1.0000000e+00   3.5296023e-05
   9.0000000e+02   0.0000000e+00   3.5128068e-05
   9.0100000e+02   0.0000000e+00   3.4960912e-05
   9.0200000e+02   0.0000000e+00   3.4794552e-05
   9.0300000e+02   0.0000000e+00   3.4628984e-05
   9.0400000e+02   0.0000000e+00   3.4464203e-05
   9.0500000e+02   0.0000000e+00   3.4300206e-05
   9.0600000e+02   0.0000000e+00   3.4136990e-05
   9.0700000e+02   0.0000000e+00   3.3974550e-05
   9.0800000e+02   0.0000000e+00   3.3812883e-05
   9.0900000e+02   0.0000000e+00   3.3651986e-05
   9.1000000e+02   0.0000000e+00   3.3491854e-05
   9.1100000e+02   0.0000000e+00   3.3332485e-05
   9.1200000e+02   0.0000000e+00   3.3173873e-05
   9.1300000e+02   0.0000000e+00   3.3016016e-05
   9.1400000e+02   0.0000000e+00   3.2858911e-05
   9.1500000e+02   0.0000000e+00   3.2702553e-05
   9.1600000e+02   0.0000000e+00   3.2546939e-05
   9.1700000e+02   0.0000000e+00   3.2392066e-05
   9.1800000e+02   0.0000000e+00   3.2237929e-05
   9.1900000e+02   0.0000000e+00   3.2084526e-05
   9.2000000e+02   0.0000000e+00   3.1931853e-05
   9.2100000e+02   1.0000000e+00   3.1779907e-05
   9.2200000e+02   0.0000000e+00   3.1628683e-05
   9.2300000e+02   1.0000000e+00   3.1478179e-05
   9.2400000e+02   0.0000000e+00   3.1328391e-05
   9.2500000e+02   0.0000000e+00   3.1179316e-05
   9.2600000e+02   0.0000000e+00   3.1030951e-05
   9.2700000e+02   0.0000000e+00   3.0883291e-05
   9.2800000e+02   0.0000000e+00   3.0736334e-05
   9.2900000e+02   0.0000000e+00   3.0590076e-05
   9.3000000e+02   0.0000000e+00   3.0444514e-05
   9.3100000e+02   0.0000000e+00   3.0299645e-05
   9.3200000e+02   0.0000000e+00   3.0155466e-05
   9.3300000e+02   0.0000000e+00   3.0011972e-05
   9.3400000e+02   0.0000000e+00   2.9869161e-05
   9.3500000e+02   0.0000000e+00   2.9727030e-05
   9.3600000e+02   0.0000000e+00   2.9585575e-05
   9.3700000e+02   0.0000000e+00   2.9444793e-05
   9.3800000e+02   0.0000000e+00   2.9304681e-05
   9.3900000e+02   0.0000000e+00   2.9165235e-05
   9.4000000e+02   0.0000000e+00   2.9026454e-05
   9.4100000e+02   0.0000000e+00   2.8888332e-05
   9.4200000e+02   0.0000000e+00   2.8750868e-05
   9.4300000e+02   0.0000000e+00   2.8614058e-05
   9.4400000e+02   0.0000000e+00   2.8477899e-05
   9.4500000e+02   0.0000000e+00   2.8342388e-05
   9.4600000e+02   0.0000000e+00   2.8207522e-05
   9.4700000e+02   0.0000000e+00   2.8073298e-05
   9.4800000e+02   0.0000000e+00   2.7939712e-05
   9.4900000e+02   0.0000000e+00   2.7806762e-05
   9.5000000e+02   0.0000000e+00   2.7674444e-05
   9.5100000e+02   0.0000000e+00   2.7542756e-05
   9.5200000e+02   0.0000000e+00   2.7411695e-05
   9.5300000e+02   0.0000000e+00   2.7281258e-05
   9.5400000e+02   0.0000000e+00   2.7151441e-05
   9.5500000e+02   0.0000000e+00   2.7022242e-05
   9.5600000e+02   0.0000000e+00   2.6893657e-05
   9.5700000e+02   0.0000000e+00   2.6765685e-05
   9.5800000e+02   0.0000000e+00   2.6638321e-05
   9.5900000e+02   0.0000000e+00   2.6511564e-05
   9.6000000e+02   0.0000000e+00   2.6385409e-05
   9.6100000e+02   1.0000000e+00   2.6259855e-05
   9.6200000e+02   0.0000000e+00   2.6134899e-05
   9.6300000e+02   0.0000000e+00   2.6010537e-05
   9.6400000e+02   0.0000000e+00   2.5886767e-05
   9.6500000e+02   1.0000000e+00   2.5763585e-05
   9.6600000e+02   0.0000000e+00   2.5640990e-05
   9.6700000e+02   0.0000000e+00   2.5518979e-05
   9.6800000e+02   0.0000000e+00   2.5397548e-05
   9.6900000e+02   0.0000000e+00   2.5276694e-05
   9.7000000e+02   0.0000000e+00   2.5156416e-05
   9.7100000e+02   0.0000000e+00   2.5036710e-05
   9.7200000e+02   0.0000000e+00   2.4917574e-05
   9.7300000e+02   0.0000000e+00   2.4799004e-05
   9.7400000e+02   0.0000000e+00   2.4680999e-05
   9.7500000e+02   0.0000000e+00   2.4563556e-05
   9.7600000e+02   0.0000000e+00   2.4446671e-05
   9.7700000e+02   0.0000000e+00   2.4330342e-05
   9.7800000e+02   0.0000000e+00   2.4214567e-05
   9.7900000e+02   0.0000000e+00   2.4099343e-05
   9.8000000e+02   0.0000000e+00   2.3984667e-05
   9.8100000e+02   0.0000000e+00   2.3870537e-05
   9.8200000e+02   0.0000000e+00   2.3756950e-05
   9.8300000e+02   0.0000000e+00   2.3643903e-05
   9.8400000e+02   0.0000000e+00   2.3531395e-05
   9.8500000e+02   0.0000000e+00   2.3419421e-05
   9.8600000e+02   0.0000000e+00   2.3307981e-05
   9.8700000e+02   0.0000000e+00   2.3197071e-05
   9.8800000e+02   0.0000000e+00   2.3086688e-05
   9.8900000e+02   0.0000000e+00   2.2976831e-05
   9.9000000e+02   0.0000000e+00   2.2867497e-05
   9.9100000e+02   0.0000000e+00   2.2758683e-05
   9.9200000e+02   0.0000000e+00   2.2650386e-05
   9.9300000e+02   0.0000000e+00   2.2542605e-05
   9.9400000e+02   0.0000000e+00   2.2435337e-05
   9.9500000e+02   0.0000000e+00   2.2328579e-05
   9.9600000e+02   0.0000000e+00   2.2222329e-05
   9.9700000e+02   0.0000000e+00   2.2116585e-05
   9.9800000e+02   0.0000000e+00   2.2011344e-05
   9.9900000e+02   0.0000000e+00   2.1906604e-05
   1.0000000e+03   0.0000000e+00   2.1802362e-05
   1.0010000e+03   0.0000000e+00   2.1698617e-05
   1.0020000e+03   0.0000000e+00   2.1595365e-05
   1.0030000e+03   0.0000000e+00   2.1492604e-05
   1.0040000e+03   0.0000000e+00   2.1390332e-05
   1.0050000e+03   0.0000000e+00   2.1288547e-05
   1.0060000e+03   0.0000000e+00   2.1187246e-05
   1.0070000e+03   0.0000000e+00   2.1086427e-05
   1.0080000e+03   0.0000000e+00   2.0986088e-05
   1.0090000e+03   0.0000000e+00   2.0886227e-05
   1.0100000e+03   0.0000000e+00   2.0786840e-05
   1.0110000e+03   0.0000000e+00   2.0687927e-05
   1.0120000e+03   0.0000000e+00   2.0589484e-05
   1.0130000e+03   0.0000000e+00   2.0491510e-05
   1.0140000e+03   0.0000000e+00   2.0394002e-05
   1.0150000e+03   0.0000000e+00   2.0296958e-05
   1.0160000e+03   0.0000000e+00   2.0200375e-05
   1.0170000e+03   0.0000000e+00   2.0104253e-05
   1.0180000e+03   0.0000000e+00   2.0008587e-05
   1.0190000e+03   0.0000000e+00   1.9913377e-05
   1.0200000e+03   0.0000000e+00   1.9818620e-05
   1.0210000e+03   0.0000000e+00   1.9724314e-05
   1.0220000e+03   1.0000000e+00   1.9630456e-05
   1.0230000e+03   0.0000000e+00   1.9537046e-05
   1.0240000e+03   0.0000000e+00   1.9444079e-05
   1.0250000e+03   0.0000000e+00   1.9351555e-05
   1.0260000e+03   0.0000000e+00   1.9259472e-05
   1.0270000e+03   0.0000000e+00   1.9167826e-05
   1.0280000e+03   0.0000000e+00   1.9076617e-05
   1.0290000e+03   1.0000000e+00   1.8985841e-05
   1.0300000e+03   0.0000000e+00   1.8895498e-05
   1.0310000e+03   0.0000000e+00   1.8805584e-05
   1.0320000e+03   0.0000000e+00   1.8716099e-05
   1.0330000e+03   0.0000000e+00   1.8627039e-05
   1.0340000e+03   0.0000000e+00   1.8538403e-05
   1.0350000e+03   0.0000000e+00   1.8450188e-05
   1.0360000e+03   0.0000000e+00   1.8362394e-05
   1.0370000e+03   0.0000000e+00   1.8275017e-05
   1.0380000e+03   0.0000000e+00   1.8188056e-05
   1.0390000e+03   0.0000000e+00   1.8101509e-05
   1.0400000e+03   0.0000000e+00   1.8015373e-05
   1.0410000e+03   0.0000000e+00   1.7929648e-05
   1.0420000e+03   0.0000000e+00   1.7844330e-05
   1.0430000e+03   0.0000000e+00   1.7759419e-05
   1.0440000e+03   0.0000000e+00   1.7674911e-05
   1.0450000e+03   1.0000000e+00   1.7590806e-05
   1.0460000e+03   0.0000000e+00   1.7507101e-05
   1.0470000e+03   0.0000000e+00   1.7423794e-05
   1.0480000e+03   0.0000000e+00   1.7340883e-05
   1.0490000e+03   0.0000000e+00   1.7258367e-05
   1.0500000e+03   0.0000000e+00   1.7176244e-05
   1.0510000e+03   0.0000000e+00   1.7094511e-05
   1.0520000e+03   0.0000000e+00   1.7013168e-05
   1.0530000e+03   0.0000000e+00   1.6932211e-05
   1.0540000e+03   0.0000000e+00   1.6851640e-05
   1.0550000e+03   0.0000000e+00   1.6771452e-05
   1.0560000e+03   0.0000000e+00   1.6691646e-05
   1.0570000e+03   0.0000000e+00   1.6612219e-05
   1.0580000e+03   0.0000000e+00   1.6533170e-05
   1.0590000e+03   0.0000000e+00   1.6454498e-05
   1.0600000e+03   0.0000000e+00   1.6376200e-05
   1.0610000e+03   0.0000000e+00   1.6298274e-05
   1.0620000e+03   0.0000000e+00   1.6220719e-05
   1.0630000e+03   0.0000000e+00   1.6143534e-05
   1.0640000e+03   0.0000000e+00   1.6066715e-05
   1.0650000e+03   0.0000000e+00   1.5990262e-05
   1.0660000e+03   0.0000000e+00   1.5914173e-05
   1.0670000e+03   0.0000000e+00   1.5838446e-05
   1.0680000e+03   0.0000000e+00   1.5763080e-05
   1.0690000e+03   0.0000000e+00   1.5688072e-05
   1.0700000e+03   0.0000000e+00   1.5613420e-05
   1.0710000e+03   0.0000000e+00   1.5539125e-05
   1.0720000e+03   0.0000000e+00   1.5465182e-05
   1.0730000e+03   0.0000000e+00   1.5391592e-05
   1.0740000e+03   0.0000000e+00   1.5318351e-05
   1.0750000e+03   0.0000000e+00   1.5245460e-05
   1.0760000e+03   0.0000000e+00   1.5172915e-05
   1.0770000e+03   0.0000000e+00   1.5100715e-05
   1.0780000e+03   0.0000000e+00   1.5028859e-05
   1.0790000e+03   0.0000000e+00   1.4957344e-05
   1.0800000e+03   0.0000000e+00   1.4886170e-05
   1.0810000e+03   0.0000000e+00   1.4815335e-05
   1.0820000e+03   0.0000000e+00   1.4744837e-05
   1.0830000e+03   0.0000000e+00   1.4674674e-05
   1.0840000e+03   0.0000000e+00   1.4604845e-05
   1.0850000e+03   0.0000000e+00   1.4535349e-05
   1.0860000e+03   0.0000000e+00   1.4466183e-05
   1.0870000e+03   0.0000000e+00   1.4397346e-05
   1.0880000e+03   0.0000000e+00   1.4328837e-05
   1.0890000e+03   0.0000000e+00   1.4260653e-05
   1.0900000e+03   0.0000000e+00   1.4192794e-05
   1.0910000e+03   0.0000000e+00   1.4125259e-05
   1.0920000e+03   0.0000000e+00   1.4058044e-05
   1.0930000e+03   0.0000000e+00   1.3991149e-05
   1.0940000e+03   0.0000000e+00   1.3924573e-05
   1.0950000e+03   1.0000000e+00   1.3858313e-05
   1.0960000e+03   0.0000000e+00   1.3792369e-05
   1.0970000e+03   1.0000000e+00   1.3726739e-05
   1.0980000e+03   0.0000000e+00   1.3661420e-05
   1.0990000e+03   0.0000000e+00   1.3596413e-05
   1.1000000e+03   0.0000000e+00   1.3531715e-05
   1.1010000e+03   0.0000000e+00   1.3467325e-05
   1.1020000e+03   0.0000000e+00   1.3403241e-05
   1.1030000e+03   0.0000000e+00   1.3339462e-05
   1.1040000e+03   0.0000000e+00   1.3275987e-05
   1.1050000e+03   0.0000000e+00   1.3212814e-05
   1.1060000e+03   0.0000000e+00   1.3149941e-05
   1.1070000e+03   0.0000000e+00   1.3087367e-05
   1.1080000e+03   0.0000000e+00   1.3025092e-05
   1.1090000e+03   0.0000000e+00   1.2963112e-05
   1.1100000e+03   0.0000000e+00   1.2901428e-05
   1.1110000e+03   0.0000000e+00   1.2840037e-05
   1.1120000e+03   0.0000000e+00   1.2778938e-05
   1.1130000e+03   0.0000000e+00   1.2718130e-05
   1.1140000e+03   1.0000000e+00   1.2657611e-05
   1.1150000e+03   0.0000000e+00   1.2597380e-05
   1.1160000e+03   0.0000000e+00   1.2537436e-05
   1.1170000e+03   0.0000000e+00   1.2477777e-05
   1.1180000e+03   0.0000000e+00   1.2418402e-05
   1.1190000e+03   0.0000000e+00   1.2359309e-05
   1.1200000e+03   0.0000000e+00   1.2300498e-05
   1.1210000e+03   0.0000000e+00   1.2241967e-05
   1.1220000e+03   0.0000000e+00   1.2183714e-05
   1.1230000e+03   0.0000000e+00   1.2125738e-05
   1.1240000e+03   0.0000000e+00   1.2068038e-05
   1.1250000e+03   0.0000000e+00   1.2010613e-05
   1.1260000e+03   0.0000000e+00   1.1953461e-05
   1.1270000e+03   0.0000000e+00   1.1896581e-05
   1.1280000e+03   0.0000000e+00   1.1839971e-05
   1.1290000e+03   0.0000000e+00   1.1783631e-05
   1.1300000e+03   0.0000000e+00   1.1727559e-05
   1.1310000e+03   0.0000000e+00   1.1671754e-05
   1.1320000e+03   0.0000000e+00   1.1616214e-05
   1.1330000e+03   0.0000000e+00   1.1560939e-05
   1.1340000e+03   0.0000000e+00   1.1505927e-05
   1.1350000e+03   0.0000000e+00   1.1451176e-05
   1.1360000e+03   0.0000000e+00   1.1396686e-05
   1.1370000e+03   0.0000000e+00   1.1342455e-05
   1.1380000e+03   0.0000000e+00   1.1288483e-05
   1.1390000e+03   0.0000000e+00   1.1234767e-05
   1.1400000e+03   0.0000000e+00   1.1181307e-05
   1.1410000e+03   0.0000000e+00   1.1128101e-05
   1.1420000e+03   0.0000000e+00   1.1075148e-05
   1.1430000e+03   0.0000000e+00   1.1022447e-05
   1.1440000e+03   0.0000000e+00   1.0969998e-05
   1.1450000e+03   0.0000000e+00   1.0917797e-05
   1.1460000e+03   0.0000000e+00   1.0865845e-05
   1.1470000e+03   0.0000000e+00   1.0814141e-05
   1.1480000e+03   0.0000000e+00   1.0762682e-05
   1.1490000e+03   0.0000000e+00   1.0711468e-05
   1.1500000e+03   0.0000000e+00   1.0660498e-05
   1.1510000e+03   0.0000000e+00   1.0609770e-05
   1.1520000e+03   0.0000000e+00   1.0559284e-05
   1.1530000e+03   0.0000000e+00   1.0509038e-05
   1.1540000e+03   0.0000000e+00   1.0459031e-05
   1.1550000e+03   0.0000000e+00   1.0409262e-05
   1.1560000e+03   0.0000000e+00   1.0359730e-05
   1.1570000e+03   0.0000000e+00   1.0310434e-05
   1.1580000e+03   0.0000000e+00   1.0261372e-05
   1.1590000e+03   0.0000000e+00   1.0212544e-05
   1.1600000e+03   0.0000000e+00   1.0163948e-05
   1.1610000e+03   0.0000000e+00   1.0115583e-05
   1.1620000e+03   0.0000000e+00   1.0067448e-05
   1.1630000e+03   0.0000000e+00   1.0019543e-05
   1.1640000e+03   0.0000000e+00   9.9718649e-06
   1.1650000e+03   0.0000000e+00   9.9244142e-06
   1.1660000e+03   0.0000000e+00   9.8771892e-06
   1.1670000e+03   0.0000000e+00   9.8301890e-06
   1.1680000e+03   0.0000000e+00   9.7834124e-06
   1.1690000e+03   0.0000000e+00   9.7368583e-06
   1.1700000e+03   0.0000000e+00   9.6905259e-06
   1.1710000e+03   0.0000000e+00   9.6444138e-06
   1.1720000e+03   0.0000000e+00   9.5985212e-06
   1.1730000e+03   0.0000000e+00   9.5528470e-06
   1.1740000e+03   0.0000000e+00   9.5073901e-06
   1.1750000e+03   0.0000000e+00   9.4621496e-06
   1.1760000e+03   0.0000000e+00   9.4171243e-06
   1.1770000e+03   0.0000000e+00   9.3723132e-06
   1.1780000e+03   0.0000000e+00   9.3277154e-06
   1.1790000e+03   0.0000000e+00   9.2833298e-06
   1.1800000e+03   1.0000000e+00   9.2391554e-06
   1.1810000e+03   0.0000000e+00   9.1951912e-06
   1.1820000e+03   0.0000000e+00   9.1514363e-06
   1.1830000e+03   0.0000000e+00   9.1078895e-06
   1.1840000e+03   0.0000000e+00   9.0645499e-06
   1.1850000e+03   0.0000000e+00   9.0214166e-06
   1.1860000e+03   0.0000000e+00   8.9784885e-06
   1.1870000e+03   0.0000000e+00   8.9357647e-06
   1.1880000e+03   0.0000000e+00   8.8932442e-06
   1.1890000e+03   0.0000000e+00   8.8509260e-06
   1.1900000e+03   0.0000000e+00   8.8088092e-06
   1.1910000e+03   0.0000000e+00   8.7668928e-06
   1.1920000e+03   0.0000000e+00   8.7251758e-06
   1.1930000e+03   0.0000000e+00   8.6836574e-06
   1.1940000e+03   0.0000000e+00   8.6423365e-06
   1.1950000e+03   0.0000000e+00   8.6012123e-06
   1.1960000e+03   0.0000000e+00   8.5602837e-06
   1.1970000e+03   0.0000000e+00   8.5195499e-06
   1.1980000e+03   0.0000000e+00   8.4790100e-06
   1.1990000e+03   0.0000000e+00   8.4386629e-06
   1.2000000e+03   0.0000000e+00   8.3985078e-06
   1.2010000e+03   0.0000000e+00   8.3585438e-06
   1.2020000e+03   0.0000000e+00   8.3187700e-06
   1.2030000e+03   0.0000000e+00   8.2791854e-06
   1.2040000e+03   0.0000000e+00   8.2397892e-06
   1.2050000e+03   0.0000000e+00   8.2005805e-06
   1.2060000e+03   0.0000000e+00   8.1615583e-06
   1.2070000e+03   0.0000000e+00   8.1227218e-06
   1.2080000e+03   0.0000000e+00   8.0840702e-06
   1.2090000e+03   0.0000000e+00   8.0456024e-06
   1.2100000e+03   0.0000000e+00   8.0073177e-06
   1.2110000e+03   0.0000000e+00   7.9692152e-06
   1.2120000e+03   0.0000000e+00   7.9312939e-06
   1.2130000e+03   0.0000000e+00   7.8935532e-06
   1.2140000e+03   0.0000000e+00   7.8559920e-06
   1.2150000e+03   0.0000000e+00   7.8186095e-06
   1.2160000e+03   0.0000000e+00   7.7814050e-06
   1.2170000e+03   0.0000000e+00   7.7443774e-06
   1.2180000e+03   0.0000000e+00   7.7075261e-06
   1.2190000e+03   0.0000000e+00   7.6708501e-06
   1.2200000e+03   0.0000000e+00   7.6343486e-06
   1.2210000e+03   0.0000000e+00   7.5980209e-06
   1.2220000e+03   0.0000000e+00   7.5618660e-06
   1.2230000e+03   0.0000000e+00   7.5258831e-06
   1.2240000e+03   0.0000000e+00   7.4900714e-06
   1.2250000e+03   0.0000000e+00   7.4544302e-06
   1.2260000e+03   0.0000000e+00   7.4189586e-06
   1.2270000e+03   0.0000000e+00   7.3836557e-06
   1.2280000e+03   0.0000000e+00   7.3485209e-06
   1.2290000e+03   0.0000000e+00   7.3135532e-06
   1.2300000e+03   0.0000000e+00   7.2787519e-06
   1.2310000e+03   0.0000000e+00   7.2441162e-06
   1.2320000e+03   0.0000000e+00   7.2096454e-06
   1.2330000e+03   0.0000000e+00   7.1753385e-06
   1.2340000e+03   0.0000000e+00   7.1411950e-06
   1.2350000e+03   0.0000000e+00   7.1072138e-06
   1.2360000e+03   0.0000000e+00   7.0733944e-06
   1.2370000e+03   0.0000000e+00   7.0397359e-06
   1.2380000e+03   0.0000000e+00   7.0062376e-06
   1.2390000e+03   0.0000000e+00   6.9728987e-06
   1.2400000e+03   0.0000000e+00   6.9397184e-06
   1.2410000e+03   0.0000000e+00   6.9066960e-06
   1.2420000e+03   0.0000000e+00   6.8738307e-06
   1.2430000e+03   1.0000000e+00   6.8411218e-06
   1.2440000e+03   0.0000000e+00   6.8085686e-06
   1.2450000e+03   0.0000000e+00   6.7761703e-06
   1.2460000e+03   0.0000000e+00   6.7439261e-06
   1.2470000e+03   0.0000000e+00   6.7118354e-06
   1.2480000e+03   0.0000000e+00   6.6798974e-06
   1.2490000e+03   0.0000000e+00   6.6481113e-06
   1.2500000e+03   0.0000000e+00   6.6164765e-06
   1.2510000e+03   0.0000000e+00   6.5849923e-06
   1.2520000e+03   0.0000000e+00   6.5536578e-06
   1.2530000e+03   0.0000000e+00   6.5224725e-06
   1.2540000e+03   0.0000000e+00   6.4914355e-06
   1.2550000e+03   0.0000000e+00   6.4605463e-06
   1.2560000e+03   0.0000000e+00   6.4298040e-06
   1.2570000e+03   0.0000000e+00   6.3992080e-06
   1.2580000e+03   0.0000000e+00   6.3687576e-06
   1.2590000e+03   0.0000000e+00   6.3384521e-06
   1.2600000e+03   0.0000000e+00   6.3082908e-06
   1.2610000e+03   0.0000000e+00   6.2782730e-06
   1.2620000e+03   0.0000000e+00   6.2483981e-06
   1.2630000e+03   0.0000000e+00   6.2186653e-06
   1.2640000e+03   0.0000000e+00   6.1890740e-06
   1.2650000e+03   0.0000000e+00   6.1596235e-06
   1.2660000e+03   0.0000000e+00   6.1303132e-06
   1.2670000e+03   0.0000000e+00   6.1011423e-06
   1.2680000e+03   0.0000000e+00   6.0721102e-06
   1.2690000e+03   0.0000000e+00   6.0432163e-06
   1.2700000e+03   0.0000000e+00   6.0144599e-06
   1.2710000e+03   0.0000000e+00   5.9858403e-06
   1.2720000e+03   0.0000000e+00   5.9573569e-06
   1.2730000e+03   0.0000000e+00   5.9290090e-06
   1.2740000e+03   0.0000000e+00   5.9007961e-06
   1.2750000e+03   0.0000000e+00   5.8727173e-06
   1.2760000e+03   0.0000000e+00   5.8447722e-06
   1.2770000e+03   0.0000000e+00   5.8169601e-06
   1.2780000e+03   0.0000000e+00   5.7892803e-06
   1.2790000e+03   0.0000000e+00   5.7617322e-06
   1.2800000e+03   0.0000000e+00   5.7343152e-06
   1.2810000e+03   0.0000000e+00   5.7070287e-06
   1.2820000e+03   0.0000000e+00   5.6798720e-06
   1.2830000e+03   0.0000000e+00   5.6528445e-06
   1.2840000e+03   0.0000000e+00   5.6259457e-06
   1.2850000e+03   0.0000000e+00   5.5991748e-06
   1.2860000e+03   0.0000000e+00   5.5725313e-06
   1.2870000e+03   0.0000000e+00   5.5460146e-06
   1.2880000e+03   0.0000000e+00   5.5196241e-06
   1.2890000e+03   0.0000000e+00   5.4933592e-06
   1.2900000e+03   1.0000000e+00   5.4672193e-06
   1.2910000e+03   0.0000000e+00   5.4412037e-06
   1.2920000e+03   0.0000000e+00   5.4153119e-06
   1.2930000e+03   0.0000000e+00   5.3895434e-06
   1.2940000e+03   0.0000000e+00   5.3638974e-06
   1.2950000e+03   0.0000000e+00   5.3383735e-06
   1.2960000e+03   0.0000000e+00   5.3129710e-06
   1.2970000e+03   0.0000000e+00   5.2876895e-06
   1.2980000e+03   0.0000000e+00   5.2625282e-06
   1.2990000e+03   0.0000000e+00   5.2374866e-06
   1.3000000e+03   0.0000000e+00   5.2125642e-06
   1.3010000e+03   0.0000000e+00   5.1877604e-06
   1.3020000e+03   0.0000000e+00   5.1630747e-06
   1.3030000e+03   0.0000000e+00   5.1385064e-06
   1.3040000e+03   0.0000000e+00   5.1140550e-06
   1.3050000e+03   0.0000000e+00   5.0897199e-06
   1.3060000e+03   0.0000000e+00   5.0655007e-06
   1.3070000e+03   0.0000000e+00   5.0413967e-06
   1.3080000e+03   0.0000000e+00   5.0174074e-06
   1.3090000e+03   0.0000000e+00   4.9935322e-06
   1.3100000e+03   0.0000000e+00   4.9697707e-06
   1.3110000e+03   0.0000000e+00   4.9461222e-06
   1.3120000e+03   0.0000000e+00   4.9225863e-06
   1.3130000e+03   0.0000000e+00   4.8991623e-06
   1.3140000e+03   0.0000000e+00   4.8758498e-06
   1.3150000e+03   0.0000000e+00   4.8526483e-06
   1.3160000e+03   0.0000000e+00   4.8295571e-06
   1.3170000e+03   0.0000000e+00   4.8065758e-06
   1.3180000e+03   0.0000000e+00   4.7837039e-06
   1.3190000e+03   0.0000000e+00   4.7609408e-06
   1.3200000e+03   0.0000000e+00   4.7382861e-06
   1.3210000e+03   0.0000000e+00   4.7157391e-06
   1.3220000e+03   0.0000000e+00   4.6932994e-06
   1.3230000e+03   0.0000000e+00   4.6709665e-06
   1.3240000e+03   0.0000000e+00   4.6487399e-06
   1.3250000e+03   0.0000000e+00   4.6266191e-06
   1.3260000e+03   0.0000000e+00   4.6046035e-06
   1.3270000e+03   0.0000000e+00   4.5826926e-06
   1.3280000e+03   0.0000000e+00   4.5608860e-06
   1.3290000e+03   0.0000000e+00   4.5391832e-06
   1.3300000e+03   0.0000000e+00   4.5175837e-06
   1.3310000e+03   0.0000000e+00   4.4960869e-06
   1.3320000e+03   0.0000000e+00   4.4746925e-06
   1.3330000e+03   0.0000000e+00   4.4533998e-06
   1.3340000e+03   0.0000000e+00   4.4322085e-06
   1.3350000e+03   0.0000000e+00   4.4111180e-06
   1.3360000e+03   0.0000000e+00   4.3901278e-06
   1.3370000e+03   0.0000000e+00   4.3692375e-06
   1.3380000e+03   0.0000000e+00   4.3484467e-06
   1.3390000e+03   0.0000000e+00   4.3277548e-06
   1.3400000e+03   0.0000000e+00   4.3071613e-06
   1.3410000e+03   0.0000000e+00   4.2866658e-06
   1.3420000e+03   0.0000000e+00   4.2662679e-06
   1.3430000e+03   0.0000000e+00   4.2459670e-06
   1.3440000e+03   0.0000000e+00   4.2257627e-06
   1.3450000e+03   0.0000000e+00   4.2056546e-06
   1.3460000e+03   0.0000000e+00   4.1856421e-06
   1.3470000e+03   0.0000000e+00   4.1657249e-06
   1.3480000e+03   0.0000000e+00   4.1459024e-06
   1.3490000e+03   0.0000000e+00   4.1261743e-06
   1.3500000e+03   0.0000000e+00   4.1065401e-06
   1.3510000e+03   0.0000000e+00   4.0869992e-06
   1.3520000e+03   0.0000000e+00   4.0675514e-06
   1.3530000e+03   0.0000000e+00   4.0481961e-06
   1.3540000e+03   0.0000000e+00   4.0289329e-06
   1.3550000e+03   1.0000000e+00   4.0097614e-06
