   1.0000000e+00   2.1000000e+01   9.3609307e-03
   2.0000000e+00   1.2000000e+01   9.2733037e-03
   3.0000000e+00   2.0000000e+01   9.1864970e-03
   4.0000000e+00   2.5000000e+01   9.1005028e-03
   5.0000000e+00   1.5000000e+01   9.0153136e-03
   6.0000000e+00   9.0000000e+00   8.9309219e-03
   7.0000000e+00   1.3000000e+01   8.8473202e-03
   8.0000000e+00   1.3000000e+01   8.7645010e-03
   9.0000000e+00   1.7000000e+01   8.6824571e-03
   1.0000000e+01   1.9000000e+01   8.6011812e-03
   1.1000000e+01   1.6000000e+01   8.5206662e-03
   1.2000000e+01   1.7000000e+01   8.4409048e-03
   1.3000000e+01   1.7000000e+01   8.3618901e-03
   1.4000000e+01   1.7000000e+01   8.2836150e-03
   1.5000000e+01   1.9000000e+01   8.2060727e-03
   1.6000000e+01   1.3000000e+01   8.1292562e-03
   1.7000000e+01   1.5000000e+01   8.0531588e-03
   1.8000000e+01   1.4000000e+01   7.9777737e-03
   1.9000000e+01   1.4000000e+01   7.9030943e-03
   2.0000000e+01   1.7000000e+01   7.8291140e-03
   2.1000000e+01   1.7000000e+01   7.7558262e-03
   2.2000000e+01   2.1000000e+01   7.6832245e-03
   2.3000000e+01   1.8000000e+01   7.6113023e-03
   2.4000000e+01   1.2000000e+01   7.5400535e-03
   2.5000000e+01   1.9000000e+01   7.4694715e-03
   2.6000000e+01   1.6000000e+01   7.3995503e-03
   2.7000000e+01   1.2000000e+01   7.3302837e-03
   2.8000000e+01   1.0000000e+01   7.2616654e-03
   2.9000000e+01   1.3000000e+01   7.1936894e-03
   3.0000000e+01   1.4000000e+01   7.1263498e-03
   3.1000000e+01   1.6000000e+01   7.0596405e-03
   3.2000000e+01   1.8000000e+01   6.9935557e-03
   3.3000000e+01   1.2000000e+01   6.9280895e-03
   3.4000000e+01   1.1000000e+01   6.8632362e-03
   3.5000000e+01   9.0000000e+00   6.7989899e-03
   3.6000000e+01   1.5000000e+01   6.7353450e-03
   3.7000000e+01   8.0000000e+00   6.6722959e-03
   3.8000000e+01   1.2000000e+01   6.6098370e-03
   3.9000000e+01   1.1000000e+01   6.5479628e-03
   4.0000000e+01   1.4000000e+01   6.4866678e-03
   4.1000000e+01   1.2000000e+01   6.4259465e-03
   4.2000000e+01   1.4000000e+01   6.3657937e-03
   4.3000000e+01   1.6000000e+01   6.3062039e-03
   4.4000000e+01   1.3000000e+01   6.2471720e-03
   4.5000000e+01   6.0000000e+00   6.1886927e-03
   4.6000000e+01   7.0000000e+00   6.1307607e-03
   4.7000000e+01   8.0000000e+00   6.0733711e-03
   4.8000000e+01   1.4000000e+01   6.0165187e-03
   4.9000000e+01   1.3000000e+01   5.9601985e-03
   5.0000000e+01   9.0000000e+00   5.9044055e-03
   5.1000000e+01   9.0000000e+00   5.8491347e-03
   5.2000000e+01   6.0000000e+00   5.7943814e-03
   5.3000000e+01   1.6000000e+01   5.7401406e-03
   5.4000000e+01   1.2000000e+01   5.6864075e-03
   5.5000000e+01   1.5000000e+01   5.6331775e-03
   5.6000000e+01   1.3000000e+01   5.5804457e-03
   5.7000000e+01   9.0000000e+00   5.5282075e-03
   5.8000000e+01   1.0000000e+01   5.4764584e-03
   5.9000000e+01   1.3000000e+01   5.4251936e-03
   6.0000000e+01   1.0000000e+01   5.3744087e-03
   6.1000000e+01   1.5000000e+01   5.3240993e-03
   6.2000000e+01   8.0000000e+00   5.2742608e-03
   6.3000000e+01   9.0000000e+00   5.2248888e-03
   6.4000000e+01   1.1000000e+01   5.1759789e-03
   6.5000000e+01   9.0000000e+00   5.1275270e-03
   6.6000000e+01   1.1000000e+01   5.0795285e-03
   6.7000000e+01   8.0000000e+00   5.0319794e-03
   6.8000000e+01   1.0000000e+01   4.9848754e-03
   6.9000000e+01   6.0000000e+00   4.9382123e-03
   7.0000000e+01   8.0000000e+00   4.8919861e-03
   7.1000000e+01   1.3000000e+01   4.8461925e-03
   7.2000000e+01   4.0000000e+00   4.8008277e-03
   7.3000000e+01   7.0000000e+00   4.7558874e-03
   7.4000000e+01   7.0000000e+00   4.7113679e-03
   7.5000000e+01   1.0000000e+01   4.6672651e-03
   7.6000000e+01   9.0000000e+00   4.6235752e-03
   7.7000000e+01   8.0000000e+00   4.5802942e-03
   7.8000000e+01   8.0000000e+00   4.5374184e-03
   7.9000000e+01   8.0000000e+00   4.4949439e-03
   8.0000000e+01   8.0000000e+00   4.4528671e-03
   8.1000000e+01   1.0000000e+01   4.4111841e-03
   8.2000000e+01   1.0000000e+01   4.3698913e-03
   8.3000000e+01   1.3000000e+01   4.3289851e-03
   8.4000000e+01   8.0000000e+00   4.2884617e-03
   8.5000000e+01   3.0000000e+00   4.2483177e-03
   8.6000000e+01   7.0000000e+00   4.2085495e-03
   8.7000000e+01   6.0000000e+00   4.1691536e-03
   8.8000000e+01   6.0000000e+00   4.1301264e-03
   8.9000000e+01   8.0000000e+00   4.0914646e-03
   9.0000000e+01   8.0000000e+00   4.0531647e-03
   9.1000000e+01   9.0000000e+00   4.0152233e-03
   9.2000000e+01   5.0000000e+00   3.9776371e-03
   9.3000000e+01   5.0000000e+00   3.9404027e-03
   9.4000000e+01   8.0000000e+00   3.9035168e-03
   9.5000000e+01   6.0000000e+00   3.8669763e-03
   9.6000000e+01   1.1000000e+01   3.8307778e-03
   9.7000000e+01   6.0000000e+00   3.7949181e-03
   9.8000000e+01   5.0000000e+00   3.7593942e-03
   9.9000000e+01   1.1000000e+01   3.7242027e-03
   1.0000000e+02   1.0000000e+00   3.6893407e-03
   1.0100000e+02   9.0000000e+00   3.6548051e-03
   1.0200000e+02   8.0000000e+00   3.6205927e-03
   1.0300000e+02   1.0000000e+01   3.5867006e-03
   1.0400000e+02   6.0000000e+00   3.5531257e-03
   1.0500000e+02   5.0000000e+00   3.5198652e-03
   1.0600000e+02   8.0000000e+00   3.4869160e-03
   1.0700000e+02   5.0000000e+00   3.4542752e-03
   1.0800000e+02   3.0000000e+00   3.4219399e-03
   1.0900000e+02   6.0000000e+00   3.3899074e-03
   1.1000000e+02   6.0000000e+00   3.3581747e-03
   1.1100000e+02   7.0000000e+00   3.3267391e-03
   1.1200000e+02   6.0000000e+00   3.2955977e-03
   1.1300000e+02   5.0000000e+00   3.2647478e-03
   1.1400000e+02   6.0000000e+00   3.2341868e-03
   1.1500000e+02   5.0000000e+00   3.2039118e-03
   1.1600000e+02   1.0000000e+01   3.1739202e-03
   1.1700000e+02   7.0000000e+00   3.1442093e-03
   1.1800000e+02   7.0000000e+00   3.1147766e-03
   1.1900000e+02   4.0000000e+00   3.0856194e-03
   1.2000000e+02   7.0000000e+00   3.0567351e-03
   1.2100000e+02   9.0000000e+00   3.0281212e-03
   1.2200000e+02   6.0000000e+00   2.9997752e-03
   1.2300000e+02   8.0000000e+00   2.9716945e-03
   1.2400000e+02   9.0000000e+00   2.9438767e-03
   1.2500000e+02   1.0000000e+00   2.9163193e-03
   1.2600000e+02   8.0000000e+00   2.8890198e-03
   1.2700000e+02   8.0000000e+00   2.8619759e-03
   1.2800000e+02   8.0000000e+00   2.8351851e-03
   1.2900000e+02   3.0000000e+00   2.8086451e-03
   1.3000000e+02   9.0000000e+00   2.7823536e-03
   1.3100000e+02   7.0000000e+00   2.7563082e-03
   1.3200000e+02   7.0000000e+00   2.7305066e-03
   1.3300000e+02   3.0000000e+00   2.7049465e-03
   1.3400000e+02   4.0000000e+00   2.6796257e-03
   1.3500000e+02   6.0000000e+00   2.6545419e-03
   1.3600000e+02   5.0000000e+00   2.6296929e-03
   1.3700000e+02   4.0000000e+00   2.6050765e-03
   1.3800000e+02   9.0000000e+00   2.5806906e-03
   1.3900000e+02   8.0000000e+00   2.5565329e-03
   1.4000000e+02   3.0000000e+00   2.5326014e-03
   1.4100000e+02   8.0000000e+00   2.5088939e-03
   1.4200000e+02   3.0000000e+00   2.4854083e-03
   1.4300000e+02   3.0000000e+00   2.4621426e-03
   1.4400000e+02   5.0000000e+00   2.4390946e-03
   1.4500000e+02   9.0000000e+00   2.4162624e-03
   1.4600000e+02   4.0000000e+00   2.3936440e-03
   1.4700000e+02   6.0000000e+00   2.3712372e-03
   1.4800000e+02   3.0000000e+00   2.3490403e-03
   1.4900000e+02   3.0000000e+00   2.3270510e-03
   1.5000000e+02   3.0000000e+00   2.3052677e-03
   1.5100000e+02   2.0000000e+00   2.2836882e-03
   1.5200000e+02   1.0000000e+00   2.2623108e-03
   1.5300000e+02   5.0000000e+00   2.2411335e-03
   1.5400000e+02   2.0000000e+00   2.2201544e-03
   1.5500000e+02   6.0000000e+00   2.1993716e-03
   1.5600000e+02   4.0000000e+00   2.1787835e-03
   1.5700000e+02   3.0000000e+00   2.1583880e-03
   1.5800000e+02   5.0000000e+00   2.1381835e-03
   1.5900000e+02   1.0000000e+00   2.1181681e-03
   1.6000000e+02   3.0000000e+00   2.0983401e-03
   1.6100000e+02   1.0000000e+00   2.0786977e-03
   1.6200000e+02   3.0000000e+00   2.0592391e-03
   1.6300000e+02   2.0000000e+00   2.0399627e-03
   1.6400000e+02   1.0000000e+00   2.0208668e-03
   1.6500000e+02   4.0000000e+00   2.0019496e-03
   1.6600000e+02   2.0000000e+00   1.9832095e-03
   1.6700000e+02   7.0000000e+00   1.9646448e-03
   1.6800000e+02   2.0000000e+00   1.9462539e-03
   1.6900000e+02   1.0000000e+00   1.9280352e-03
   1.7000000e+02   5.0000000e+00   1.9099869e-03
   1.7100000e+02   4.0000000e+00   1.8921077e-03
   1.7200000e+02   2.0000000e+00   1.8743958e-03
   1.7300000e+02   5.0000000e+00   1.8568497e-03
   1.7400000e+02   1.0000000e+00   1.8394679e-03
   1.7500000e+02   0.0000000e+00   1.8222487e-03
   1.7600000e+02   3.0000000e+00   1.8051908e-03
   1.7700000e+02   8.0000000e+00   1.7882925e-03
   1.7800000e+02   2.0000000e+00   1.7715524e-03
   1.7900000e+02   6.0000000e+00   1.7549691e-03
   1.8000000e+02   6.0000000e+00   1.7385409e-03
   1.8100000e+02   1.0000000e+00   1.7222666e-03
   1.8200000e+02   2.0000000e+00   1.7061445e-03
   1.8300000e+02   2.0000000e+00   1.6901734e-03
   1.8400000e+02   3.0000000e+00   1.6743518e-03
   1.8500000e+02   2.0000000e+00   1.6586784e-03
   1.8600000e+02   1.0000000e+00   1.6431516e-03
   1.8700000e+02   5.0000000e+00   1.6277702e-03
   1.8800000e+02   5.0000000e+00   1.6125327e-03
   1.8900000e+02   3.0000000e+00   1.5974379e-03
   1.9000000e+02   3.0000000e+00   1.5824844e-03
   1.9100000e+02   3.0000000e+00   1.5676709e-03
   1.9200000e+02   6.0000000e+00   1.5529960e-03
   1.9300000e+02   4.0000000e+00   1.5384585e-03
   1.9400000e+02   5.0000000e+00   1.5240571e-03
   1.9500000e+02   1.0000000e+00   1.5097905e-03
   1.9600000e+02   3.0000000e+00   1.4956575e-03
   1.9700000e+02   2.0000000e+00   1.4816567e-03
   1.9800000e+02   3.0000000e+00   1.4677871e-03
   1.9900000e+02   4.0000000e+00   1.4540472e-03
   2.0000000e+02   2.0000000e+00   1.4404360e-03
   2.0100000e+02   2.0000000e+00   1.4269521e-03
   2.0200000e+02   0.0000000e+00   1.4135945e-03
   2.0300000e+02   5.0000000e+00   1.4003620e-03
   2.0400000e+02   3.0000000e+00   1.3872533e-03
   2.0500000e+02   0.0000000e+00   1.3742673e-03
   2.0600000e+02   3.0000000e+00   1.3614029e-03
   2.0700000e+02   5.0000000e+00   1.3486589e-03
   2.0800000e+02   1.0000000e+00   1.3360342e-03
   2.0900000e+02   3.0000000e+00   1.3235277e-03
   2.1000000e+02   3.0000000e+00   1.3111382e-03
   2.1100000e+02   3.0000000e+00   1.2988647e-03
   2.1200000e+02   3.0000000e+00   1.2867062e-03
   2.1300000e+02   1.0000000e+00   1.2746614e-03
   2.1400000e+02   1.0000000e+00   1.2627294e-03
   2.1500000e+02   3.0000000e+00   1.2509090e-03
   2.1600000e+02   4.0000000e+00   1.2391994e-03
   2.1700000e+02   2.0000000e+00   1.2275993e-03
   2.1800000e+02   3.0000000e+00   1.2161078e-03
   2.1900000e+02   1.0000000e+00   1.2047239e-03
   2.2000000e+02   2.0000000e+00   1.1934466e-03
   2.2100000e+02   2.0000000e+00   1.1822748e-03
   2.2200000e+02   2.0000000e+00   1.1712076e-03
   2.2300000e+02   2.0000000e+00   1.1602440e-03
   2.2400000e+02   3.0000000e+00   1.1493831e-03
   2.2500000e+02   1.0000000e+00   1.1386238e-03
   2.2600000e+02   0.0000000e+00   1.1279652e-03
   2.2700000e+02   5.0000000e+00   1.1174064e-03
   2.2800000e+02   1.0000000e+00   1.1069464e-03
   2.2900000e+02   1.0000000e+00   1.0965844e-03
   2.3000000e+02   2.0000000e+00   1.0863193e-03
   2.3100000e+02   3.0000000e+00   1.0761504e-03
   2.3200000e+02   1.0000000e+00   1.0660766e-03
   2.3300000e+02   6.0000000e+00   1.0560971e-03
   2.3400000e+02   4.0000000e+00   1.0462111e-03
   2.3500000e+02   2.0000000e+00   1.0364176e-03
   2.3600000e+02   2.0000000e+00   1.0267157e-03
   2.3700000e+02   1.0000000e+00   1.0171047e-03
   2.3800000e+02   2.0000000e+00   1.0075837e-03
   2.3900000e+02   2.0000000e+00   9.9815177e-04
   2.4000000e+02   1.0000000e+00   9.8880814e-04
   2.4100000e+02   3.0000000e+00   9.7955197e-04
   2.4200000e+02   0.0000000e+00   9.7038245e-04
   2.4300000e+02   3.0000000e+00   9.6129877e-04
   2.4400000e+02   1.0000000e+00   9.5230012e-04
   2.4500000e+02   2.0000000e+00   9.4338570e-04
   2.4600000e+02   1.0000000e+00   9.3455474e-04
   2.4700000e+02   2.0000000e+00   9.2580643e-04
   2.4800000e+02   4.0000000e+00   9.1714002e-04
   2.4900000e+02   1.0000000e+00   9.0855474e-04
   2.5000000e+02   0.0000000e+00   9.0004982e-04
   2.5100000e+02   1.0000000e+00   8.9162452e-04
   2.5200000e+02   1.0000000e+00   8.8327808e-04
   2.5300000e+02   3.0000000e+00   8.7500978e-04
   2.5400000e+02   0.0000000e+00   8.6681887e-04
   2.5500000e+02   2.0000000e+00   8.5870464e-04
   2.5600000e+02   0.0000000e+00   8.5066637e-04
   2.5700000e+02   0.0000000e+00   8.4270334e-04
   2.5800000e+02   0.0000000e+00   8.3481485e-04
   2.5900000e+02   0.0000000e+00   8.2700020e-04
   2.6000000e+02   0.0000000e+00   8.1925871e-04
   2.6100000e+02   3.0000000e+00   8.1158969e-04
   2.6200000e+02   2.0000000e+00   8.0399245e-04
   2.6300000e+02   1.0000000e+00   7.9646634e-04
   2.6400000e+02   2.0000000e+00   7.8901067e-04
   2.6500000e+02   1.0000000e+00   7.8162480e-04
   2.6600000e+02   0.0000000e+00   7.7430806e-04
   2.6700000e+02   2.0000000e+00   7.6705982e-04
   2.6800000e+02   0.0000000e+00   7.5987942e-04
   2.6900000e+02   1.0000000e+00   7.5276624e-04
   2.7000000e+02   1.0000000e+00   7.4571965e-04
   2.7100000e+02   2.0000000e+00   7.3873902e-04
   2.7200000e+02   1.0000000e+00   7.3182374e-04
   2.7300000e+02   0.0000000e+00   7.2497319e-04
   2.7400000e+02   1.0000000e+00   7.1818676e-04
   2.7500000e+02   4.0000000e+00   7.1146386e-04
   2.7600000e+02   2.0000000e+00   7.0480390e-04
   2.7700000e+02   2.0000000e+00   6.9820628e-04
   2.7800000e+02   1.0000000e+00   6.9167042e-04
   2.7900000e+02   0.0000000e+00   6.8519574e-04
   2.8000000e+02   3.0000000e+00   6.7878167e-04
   2.8100000e+02   2.0000000e+00   6.7242764e-04
   2.8200000e+02   1.0000000e+00   6.6613309e-04
   2.8300000e+02   0.0000000e+00   6.5989747e-04
   2.8400000e+02   1.0000000e+00   6.5372021e-04
   2.8500000e+02   0.0000000e+00   6.4760078e-04
   2.8600000e+02   2.0000000e+00   6.4153864e-04
   2.8700000e+02   2.0000000e+00   6.3553324e-04
   2.8800000e+02   0.0000000e+00   6.2958406e-04
   2.8900000e+02   0.0000000e+00   6.2369056e-04
   2.9000000e+02   0.0000000e+00   6.1785224e-04
   2.9100000e+02   1.0000000e+00   6.1206857e-04
   2.9200000e+02   1.0000000e+00   6.0633904e-04
   2.9300000e+02   1.0000000e+00   6.0066314e-04
   2.9400000e+02   1.0000000e+00   5.9504037e-04
   2.9500000e+02   2.0000000e+00   5.8947024e-04
   2.9600000e+02   1.0000000e+00   5.8395225e-04
   2.9700000e+02   2.0000000e+00   5.7848591e-04
   2.9800000e+02   2.0000000e+00   5.7307075e-04
   2.9900000e+02   4.0000000e+00   5.6770627e-04
   3.0000000e+02   1.0000000e+00   5.6239201e-04
   3.0100000e+02   0.0000000e+00   5.5712750e-04
   3.0200000e+02   0.0000000e+00   5.5191227e-04
   3.0300000e+02   1.0000000e+00   5.4674586e-04
   3.0400000e+02   0.0000000e+00   5.4162781e-04
   3.0500000e+02   1.0000000e+00   5.3655767e-04
   3.0600000e+02   1.0000000e+00   5.3153499e-04
   3.0700000e+02   2.0000000e+00   5.2655932e-04
   3.0800000e+02   2.0000000e+00   5.2163024e-04
   3.0900000e+02   1.0000000e+00   5.1674729e-04
   3.1000000e+02   0.0000000e+00   5.1191006e-04
   3.1100000e+02   1.0000000e+00   5.0711810e-04
   3.1200000e+02   0.0000000e+00   5.0237101e-04
   3.1300000e+02   2.0000000e+00   4.9766835e-04
   3.1400000e+02   2.0000000e+00   4.9300971e-04
   3.1500000e+02   1.0000000e+00   4.8839468e-04
   3.1600000e+02   0.0000000e+00   4.8382285e-04
   3.1700000e+02   2.0000000e+00   4.7929382e-04
   3.1800000e+02   0.0000000e+00   4.7480718e-04
   3.1900000e+02   0.0000000e+00   4.7036254e-04
   3.2000000e+02   1.0000000e+00   4.6595951e-04
   3.2100000e+02   0.0000000e+00   4.6159770e-04
   3.2200000e+02   1.0000000e+00   4.5727671e-04
   3.2300000e+02   2.0000000e+00   4.5299618e-04
   3.2400000e+02   0.0000000e+00   4.4875571e-04
   3.2500000e+02   3.0000000e+00   4.4455494e-04
   3.2600000e+02   1.0000000e+00   4.4039349e-04
   3.2700000e+02   0.0000000e+00   4.3627100e-04
   3.2800000e+02   0.0000000e+00   4.3218710e-04
   3.2900000e+02   0.0000000e+00   4.2814142e-04
   3.3000000e+02   3.0000000e+00   4.2413362e-04
   3.3100000e+02   5.0000000e+00   4.2016334e-04
   3.3200000e+02   0.0000000e+00   4.1623022e-04
   3.3300000e+02   0.0000000e+00   4.1233391e-04
   3.3400000e+02   1.0000000e+00   4.0847408e-04
   3.3500000e+02   1.0000000e+00   4.0465039e-04
   3.3600000e+02   0.0000000e+00   4.0086248e-04
   3.3700000e+02   1.0000000e+00   3.9711004e-04
   3.3800000e+02   1.0000000e+00   3.9339272e-04
   3.3900000e+02   0.0000000e+00   3.8971020e-04
   3.4000000e+02   1.0000000e+00   3.8606214e-04
   3.4100000e+02   0.0000000e+00   3.8244824e-04
   3.4200000e+02   0.0000000e+00   3.7886817e-04
   3.4300000e+02   1.0000000e+00   3.7532161e-04
   3.4400000e+02   0.0000000e+00   3.7180825e-04
   3.4500000e+02   0.0000000e+00   3.6832778e-04
   3.4600000e+02   0.0000000e+00   3.6487989e-04
   3.4700000e+02   0.0000000e+00   3.6146428e-04
   3.4800000e+02   0.0000000e+00   3.5808063e-04
   3.4900000e+02   1.0000000e+00   3.5472867e-04
   3.5000000e+02   0.0000000e+00   3.5140808e-04
   3.5100000e+02   0.0000000e+00   3.4811857e-04
   3.5200000e+02   1.0000000e+00   3.4485986e-04
   3.5300000e+02   1.0000000e+00   3.4163165e-04
   3.5400000e+02   0.0000000e+00   3.3843366e-04
   3.5500000e+02   2.0000000e+00   3.3526560e-04
   3.5600000e+02   0.0000000e+00   3.3212720e-04
   3.5700000e+02   1.0000000e+00   3.2901818e-04
   3.5800000e+02   0.0000000e+00   3.2593827e-04
   3.5900000e+02   1.0000000e+00   3.2288718e-04
   3.6000000e+02   0.0000000e+00   3.1986466e-04
   3.6100000e+02   0.0000000e+00   3.1687043e-04
   3.6200000e+02   0.0000000e+00   3.1390422e-04
   3.6300000e+02   0.0000000e+00   3.1096579e-04
   3.6400000e+02   0.0000000e+00   3.0805486e-04
   3.6500000e+02   1.0000000e+00   3.0517118e-04
   3.6600000e+02   1.0000000e+00   3.0231449e-04
   3.6700000e+02   0.0000000e+00   2.9948455e-04
   3.6800000e+02   1.0000000e+00   2.9668109e-04
   3.6900000e+02   0.0000000e+00   2.9390388e-04
   3.7000000e+02   1.0000000e+00   2.9115267e-04
   3.7100000e+02   0.0000000e+00   2.8842721e-04
   3.7200000e+02   1.0000000e+00   2.8572726e-04
   3.7300000e+02   0.0000000e+00   2.8305259e-04
   3.7400000e+02   0.0000000e+00   2.8040295e-04
   3.7500000e+02   0.0000000e+00   2.7777812e-04
   3.7600000e+02   0.0000000e+00   2.7517786e-04
   3.7700000e+02   0.0000000e+00   2.7260194e-04
   3.7800000e+02   0.0000000e+00   2.7005013e-04
   3.7900000e+02   0.0000000e+00   2.6752221e-04
   3.8000000e+02   2.0000000e+00   2.6501795e-04
   3.8100000e+02   0.0000000e+00   2.6253714e-04
   3.8200000e+02   1.0000000e+00   2.6007955e-04
   3.8300000e+02   0.0000000e+00   2.5764496e-04
   3.8400000e+02   0.0000000e+00   2.5523316e-04
   3.8500000e+02   0.0000000e+00   2.5284394e-04
   3.8600000e+02   2.0000000e+00   2.5047709e-04
   3.8700000e+02   0.0000000e+00   2.4813239e-04
   3.8800000e+02   2.0000000e+00   2.4580964e-04
   3.8900000e+02   1.0000000e+00   2.4350863e-04
   3.9000000e+02   0.0000000e+00   2.4122916e-04
   3.9100000e+02   0.0000000e+00   2.3897104e-04
   3.9200000e+02   0.0000000e+00   2.3673404e-04
   3.9300000e+02   1.0000000e+00   2.3451799e-04
   3.9400000e+02   0.0000000e+00   2.3232269e-04
   3.9500000e+02   0.0000000e+00   2.3014793e-04
   3.9600000e+02   1.0000000e+00   2.2799353e-04
   3.9700000e+02   0.0000000e+00   2.2585930e-04
   3.9800000e+02   0.0000000e+00   2.2374505e-04
   3.9900000e+02   2.0000000e+00   2.2165058e-04
   4.0000000e+02   0.0000000e+00   2.1957573e-04
   4.0100000e+02   0.0000000e+00   2.1752030e-04
   4.0200000e+02   0.0000000e+00   2.1548410e-04
   4.0300000e+02   0.0000000e+00   2.1346697e-04
   4.0400000e+02   0.0000000e+00   2.1146872e-04
   4.0500000e+02   0.0000000e+00   2.0948918e-04
   4.0600000e+02   1.0000000e+00   2.0752816e-04
   4.0700000e+02   0.0000000e+00   2.0558551e-04
   4.0800000e+02   1.0000000e+00   2.0366104e-04
   4.0900000e+02   0.0000000e+00   2.0175458e-04
   4.1000000e+02   0.0000000e+00   1.9986597e-04
   4.1100000e+02   0.0000000e+00   1.9799504e-04
   4.1200000e+02   1.0000000e+00   1.9614162e-04
   4.1300000e+02   0.0000000e+00   1.9430555e-04
   4.1400000e+02   1.0000000e+00   1.9248667e-04
   4.1500000e+02   0.0000000e+00   1.9068482e-04
   4.1600000e+02   1.0000000e+00   1.8889983e-04
   4.1700000e+02   0.0000000e+00   1.8713155e-04
   4.1800000e+02   0.0000000e+00   1.8537982e-04
   4.1900000e+02   0.0000000e+00   1.8364450e-04
   4.2000000e+02   2.0000000e+00   1.8192541e-04
   4.2100000e+02   1.0000000e+00   1.8022242e-04
   4.2200000e+02   0.0000000e+00   1.7853537e-04
   4.2300000e+02   1.0000000e+00   1.7686412e-04
   4.2400000e+02   1.0000000e+00   1.7520850e-04
   4.2500000e+02   1.0000000e+00   1.7356839e-04
   4.2600000e+02   0.0000000e+00   1.7194363e-04
   4.2700000e+02   1.0000000e+00   1.7033407e-04
   4.2800000e+02   0.0000000e+00   1.6873959e-04
   4.2900000e+02   0.0000000e+00   1.6716003e-04
   4.3000000e+02   2.0000000e+00   1.6559526e-04
   4.3100000e+02   0.0000000e+00   1.6404513e-04
   4.3200000e+02   1.0000000e+00   1.6250951e-04
   4.3300000e+02   1.0000000e+00   1.6098827e-04
   4.3400000e+02   0.0000000e+00   1.5948127e-04
   4.3500000e+02   0.0000000e+00   1.5798838e-04
   4.3600000e+02   1.0000000e+00   1.5650946e-04
   4.3700000e+02   0.0000000e+00   1.5504439e-04
   4.3800000e+02   0.0000000e+00   1.5359303e-04
   4.3900000e+02   0.0000000e+00   1.5215525e-04
   4.4000000e+02   0.0000000e+00   1.5073094e-04
   4.4100000e+02   1.0000000e+00   1.4931996e-04
   4.4200000e+02   0.0000000e+00   1.4792218e-04
   4.4300000e+02   0.0000000e+00   1.4653749e-04
   4.4400000e+02   0.0000000e+00   1.4516577e-04
   4.4500000e+02   0.0000000e+00   1.4380688e-04
   4.4600000e+02   0.0000000e+00   1.4246071e-04
   4.4700000e+02   1.0000000e+00   1.4112715e-04
   4.4800000e+02   0.0000000e+00   1.3980607e-04
   4.4900000e+02   2.0000000e+00   1.3849735e-04
   4.5000000e+02   0.0000000e+00   1.3720089e-04
   4.5100000e+02   0.0000000e+00   1.3591656e-04
   4.5200000e+02   0.0000000e+00   1.3464426e-04
   4.5300000e+02   0.0000000e+00   1.3338386e-04
   4.5400000e+02   0.0000000e+00   1.3213526e-04
   4.5500000e+02   0.0000000e+00   1.3089835e-04
   4.5600000e+02   0.0000000e+00   1.2967302e-04
   4.5700000e+02   0.0000000e+00   1.2845916e-04
   4.5800000e+02   0.0000000e+00   1.2725667e-04
   4.5900000e+02   0.0000000e+00   1.2606543e-04
   4.6000000e+02   0.0000000e+00   1.2488534e-04
   4.6100000e+02   0.0000000e+00   1.2371629e-04
   4.6200000e+02   0.0000000e+00   1.2255819e-04
   4.6300000e+02   0.0000000e+00   1.2141093e-04
   4.6400000e+02   0.0000000e+00   1.2027441e-04
   4.6500000e+02   1.0000000e+00   1.1914853e-04
   4.6600000e+02   0.0000000e+00   1.1803319e-04
   4.6700000e+02   0.0000000e+00   1.1692829e-04
   4.6800000e+02   0.0000000e+00   1.1583373e-04
   4.6900000e+02   1.0000000e+00   1.1474942e-04
   4.7000000e+02   0.0000000e+00   1.1367526e-04
   4.7100000e+02   0.0000000e+00   1.1261116e-04
   4.7200000e+02   0.0000000e+00   1.1155701e-04
   4.7300000e+02   0.0000000e+00   1.1051273e-04
   4.7400000e+02   0.0000000e+00   1.0947823e-04
   4.7500000e+02   0.0000000e+00   1.0845341e-04
   4.7600000e+02   0.0000000e+00   1.0743819e-04
   4.7700000e+02   0.0000000e+00   1.0643247e-04
   4.7800000e+02   0.0000000e+00   1.0543616e-04
   4.7900000e+02   0.0000000e+00   1.0444918e-04
   4.8000000e+02   0.0000000e+00   1.0347144e-04
   4.8100000e+02   0.0000000e+00   1.0250285e-04
   4.8200000e+02   0.0000000e+00   1.0154333e-04
   4.8300000e+02   0.0000000e+00   1.0059279e-04
   4.8400000e+02   0.0000000e+00   9.9651144e-05
   4.8500000e+02   0.0000000e+00   9.8718317e-05
   4.8600000e+02   0.0000000e+00   9.7794221e-05
   4.8700000e+02   0.0000000e+00   9.6878777e-05
   4.8800000e+02   1.0000000e+00   9.5971901e-05
   4.8900000e+02   3.0000000e+00   9.5073515e-05
   4.9000000e+02   0.0000000e+00   9.4183538e-05
   4.9100000e+02   0.0000000e+00   9.3301893e-05
   4.9200000e+02   0.0000000e+00   9.2428500e-05
   4.9300000e+02   0.0000000e+00   9.1563283e-05
   4.9400000e+02   0.0000000e+00   9.0706166e-05
   4.9500000e+02   0.0000000e+00   8.9857072e-05
   4.9600000e+02   0.0000000e+00   8.9015926e-05
   4.9700000e+02   0.0000000e+00   8.8182654e-05
   4.9800000e+02   1.0000000e+00   8.7357182e-05
   4.9900000e+02   0.0000000e+00   8.6539438e-05
   5.0000000e+02   0.0000000e+00   8.5729348e-05
   5.0100000e+02   0.0000000e+00   8.4926841e-05
   5.0200000e+02   0.0000000e+00   8.4131847e-05
   5.0300000e+02   0.0000000e+00   8.3344295e-05
   5.0400000e+02   0.0000000e+00   8.2564115e-05
   5.0500000e+02   1.0000000e+00   8.1791238e-05
   5.0600000e+02   0.0000000e+00   8.1025595e-05
   5.0700000e+02   0.0000000e+00   8.0267120e-05
   5.0800000e+02   0.0000000e+00   7.9515746e-05
   5.0900000e+02   0.0000000e+00   7.8771404e-05
   5.1000000e+02   0.0000000e+00   7.8034030e-05
   5.1100000e+02   0.0000000e+00   7.7303559e-05
   5.1200000e+02   0.0000000e+00   7.6579926e-05
   5.1300000e+02   0.0000000e+00   7.5863067e-05
   5.1400000e+02   1.0000000e+00   7.5152918e-05
   5.1500000e+02   0.0000000e+00   7.4449416e-05
   5.1600000e+02   0.0000000e+00   7.3752501e-05
   5.1700000e+02   0.0000000e+00   7.3062109e-05
   5.1800000e+02   0.0000000e+00   7.2378179e-05
   5.1900000e+02   1.0000000e+00   7.1700652e-05
   5.2000000e+02   0.0000000e+00   7.1029467e-05
   5.2100000e+02   0.0000000e+00   7.0364565e-05
   5.2200000e+02   0.0000000e+00   6.9705888e-05
   5.2300000e+02   0.0000000e+00   6.9053376e-05
   5.2400000e+02   1.0000000e+00   6.8406972e-05
   5.2500000e+02   0.0000000e+00   6.7766619e-05
   5.2600000e+02   0.0000000e+00   6.7132260e-05
   5.2700000e+02   0.0000000e+00   6.6503840e-05
   5.2800000e+02   0.0000000e+00   6.5881302e-05
   5.2900000e+02   0.0000000e+00   6.5264592e-05
   5.3000000e+02   0.0000000e+00   6.4653654e-05
   5.3100000e+02   1.0000000e+00   6.4048436e-05
   5.3200000e+02   0.0000000e+00   6.3448883e-05
   5.3300000e+02   0.0000000e+00   6.2854942e-05
   5.3400000e+02   0.0000000e+00   6.2266562e-05
   5.3500000e+02   2.0000000e+00   6.1683689e-05
   5.3600000e+02   0.0000000e+00   6.1106272e-05
   5.3700000e+02   0.0000000e+00   6.0534260e-05
   5.3800000e+02   1.0000000e+00   5.9967603e-05
   5.3900000e+02   0.0000000e+00   5.9406251e-05
   5.4000000e+02   0.0000000e+00   5.8850153e-05
   5.4100000e+02   0.0000000e+00   5.8299261e-05
   5.4200000e+02   0.0000000e+00   5.7753525e-05
   5.4300000e+02   0.0000000e+00   5.7212899e-05
   5.4400000e+02   0.0000000e+00   5.6677333e-05
   5.4500000e+02   0.0000000e+00   5.6146780e-05
   5.4600000e+02   1.0000000e+00   5.5621194e-05
   5.4700000e+02   0.0000000e+00   5.5100528e-05
   5.4800000e+02   1.0000000e+00   5.4584736e-05
   5.4900000e+02   0.0000000e+00   5.4073772e-05
   5.5000000e+02   0.0000000e+00   5.3567591e-05
   5.5100000e+02   0.0000000e+00   5.3066148e-05
   5.5200000e+02   0.0000000e+00   5.2569400e-05
   5.5300000e+02   0.0000000e+00   5.2077301e-05
   5.5400000e+02   0.0000000e+00   5.1589809e-05
   5.5500000e+02   0.0000000e+00   5.1106881e-05
   5.5600000e+02   0.0000000e+00   5.0628473e-05
   5.5700000e+02   0.0000000e+00   5.0154543e-05
   5.5800000e+02   0.0000000e+00   4.9685050e-05
   5.5900000e+02   0.0000000e+00   4.9219951e-05
   5.6000000e+02   1.0000000e+00   4.8759207e-05
   5.6100000e+02   0.0000000e+00   4.8302775e-05
   5.6200000e+02   0.0000000e+00   4.7850616e-05
   5.6300000e+02   0.0000000e+00   4.7402690e-05
   5.6400000e+02   0.0000000e+00   4.6958957e-05
   5.6500000e+02   0.0000000e+00   4.6519377e-05
   5.6600000e+02   0.0000000e+00   4.6083913e-05
   5.6700000e+02   0.0000000e+00   4.5652524e-05
   5.6800000e+02   0.0000000e+00   4.5225174e-05
   5.6900000e+02   0.0000000e+00   4.4801824e-05
   5.7000000e+02   0.0000000e+00   4.4382438e-05
   5.7100000e+02   0.0000000e+00   4.3966977e-05
   5.7200000e+02   1.0000000e+00   4.3555405e-05
   5.7300000e+02   0.0000000e+00   4.3147686e-05
   5.7400000e+02   0.0000000e+00   4.2743783e-05
   5.7500000e+02   0.0000000e+00   4.2343662e-05
   5.7600000e+02   0.0000000e+00   4.1947286e-05
   5.7700000e+02   1.0000000e+00   4.1554620e-05
   5.7800000e+02   0.0000000e+00   4.1165630e-05
   5.7900000e+02   1.0000000e+00   4.0780281e-05
   5.8000000e+02   0.0000000e+00   4.0398540e-05
   5.8100000e+02   0.0000000e+00   4.0020372e-05
   5.8200000e+02   0.0000000e+00   3.9645744e-05
   5.8300000e+02   0.0000000e+00   3.9274623e-05
   5.8400000e+02   0.0000000e+00   3.8906976e-05
   5.8500000e+02   0.0000000e+00   3.8542771e-05
   5.8600000e+02   0.0000000e+00   3.8181974e-05
   5.8700000e+02   0.0000000e+00   3.7824556e-05
   5.8800000e+02   0.0000000e+00   3.7470483e-05
   5.8900000e+02   0.0000000e+00   3.7119724e-05
   5.9000000e+02   0.0000000e+00   3.6772249e-05
   5.9100000e+02   0.0000000e+00   3.6428026e-05
   5.9200000e+02   0.0000000e+00   3.6087026e-05
   5.9300000e+02   1.0000000e+00   3.5749218e-05
   5.9400000e+02   0.0000000e+00   3.5414572e-05
   5.9500000e+02   0.0000000e+00   3.5083059e-05
   5.9600000e+02   1.0000000e+00   3.4754648e-05
   5.9700000e+02   0.0000000e+00   3.4429313e-05
   5.9800000e+02   0.0000000e+00   3.4107022e-05
   5.9900000e+02   0.0000000e+00   3.3787749e-05
   6.0000000e+02   0.0000000e+00   3.3471464e-05
   6.0100000e+02   0.0000000e+00   3.3158140e-05
   6.0200000e+02   0.0000000e+00   3.2847749e-05
   6.0300000e+02   0.0000000e+00   3.2540263e-05
   6.0400000e+02   0.0000000e+00   3.2235656e-05
   6.0500000e+02   0.0000000e+00   3.1933900e-05
   6.0600000e+02   0.0000000e+00   3.1634969e-05
   6.0700000e+02   0.0000000e+00   3.1338837e-05
   6.0800000e+02   0.0000000e+00   3.1045476e-05
   6.0900000e+02   0.0000000e+00   3.0754861e-05
   6.1000000e+02   0.0000000e+00   3.0466967e-05
   6.1100000e+02   0.0000000e+00   3.0181768e-05
   6.1200000e+02   0.0000000e+00   2.9899239e-05
   6.1300000e+02   0.0000000e+00   2.9619354e-05
   6.1400000e+02   0.0000000e+00   2.9342089e-05
   6.1500000e+02   0.0000000e+00   2.9067420e-05
   6.1600000e+02   0.0000000e+00   2.8795322e-05
   6.1700000e+02   0.0000000e+00   2.8525771e-05
   6.1800000e+02   0.0000000e+00   2.8258743e-05
   6.1900000e+02   0.0000000e+00   2.7994215e-05
   6.2000000e+02   0.0000000e+00   2.7732163e-05
   6.2100000e+02   0.0000000e+00   2.7472564e-05
   6.2200000e+02   0.0000000e+00   2.7215395e-05
   6.2300000e+02   0.0000000e+00   2.6960634e-05
   6.2400000e+02   0.0000000e+00   2.6708257e-05
   6.2500000e+02   0.0000000e+00   2.6458243e-05
   6.2600000e+02   0.0000000e+00   2.6210569e-05
   6.2700000e+02   0.0000000e+00   2.5965214e-05
   6.2800000e+02   0.0000000e+00   2.5722156e-05
   6.2900000e+02   1.0000000e+00   2.5481372e-05
   6.3000000e+02   0.0000000e+00   2.5242843e-05
   6.3100000e+02   0.0000000e+00   2.5006546e-05
   6.3200000e+02   0.0000000e+00   2.4772462e-05
   6.3300000e+02   1.0000000e+00   2.4540569e-05
   6.3400000e+02   0.0000000e+00   2.4310846e-05
   6.3500000e+02   0.0000000e+00   2.4083274e-05
   6.3600000e+02   0.0000000e+00   2.3857832e-05
   6.3700000e+02   0.0000000e+00   2.3634500e-05
   6.3800000e+02   0.0000000e+00   2.3413260e-05
   6.3900000e+02   0.0000000e+00   2.3194090e-05
   6.4000000e+02   1.0000000e+00   2.2976971e-05
   6.4100000e+02   0.0000000e+00   2.2761886e-05
   6.4200000e+02   0.0000000e+00   2.2548813e-05
   6.4300000e+02   0.0000000e+00   2.2337735e-05
   6.4400000e+02   0.0000000e+00   2.2128633e-05
   6.4500000e+02   0.0000000e+00   2.1921489e-05
   6.4600000e+02   0.0000000e+00   2.1716283e-05
   6.4700000e+02   0.0000000e+00   2.1512998e-05
   6.4800000e+02   0.0000000e+00   2.1311617e-05
   6.4900000e+02   0.0000000e+00   2.1112120e-05
   6.5000000e+02   0.0000000e+00   2.0914491e-05
   6.5100000e+02   0.0000000e+00   2.0718712e-05
   6.5200000e+02   0.0000000e+00   2.0524766e-05
   6.5300000e+02   0.0000000e+00   2.0332635e-05
   6.5400000e+02   0.0000000e+00   2.0142302e-05
   6.5500000e+02   0.0000000e+00   1.9953752e-05
   6.5600000e+02   0.0000000e+00   1.9766966e-05
   6.5700000e+02   0.0000000e+00   1.9581929e-05
   6.5800000e+02   0.0000000e+00   1.9398624e-05
   6.5900000e+02   0.0000000e+00   1.9217034e-05
   6.6000000e+02   0.0000000e+00   1.9037145e-05
   6.6100000e+02   0.0000000e+00   1.8858940e-05
   6.6200000e+02   0.0000000e+00   1.8682403e-05
   6.6300000e+02   0.0000000e+00   1.8507518e-05
   6.6400000e+02   0.0000000e+00   1.8334270e-05
   6.6500000e+02   0.0000000e+00   1.8162644e-05
   6.6600000e+02   0.0000000e+00   1.7992625e-05
   6.6700000e+02   1.0000000e+00   1.7824197e-05
   6.6800000e+02   1.0000000e+00   1.7657346e-05
   6.6900000e+02   0.0000000e+00   1.7492057e-05
   6.7000000e+02   0.0000000e+00   1.7328315e-05
   6.7100000e+02   0.0000000e+00   1.7166106e-05
   6.7200000e+02   0.0000000e+00   1.7005415e-05
   6.7300000e+02   0.0000000e+00   1.6846229e-05
   6.7400000e+02   0.0000000e+00   1.6688532e-05
   6.7500000e+02   0.0000000e+00   1.6532312e-05
   6.7600000e+02   0.0000000e+00   1.6377554e-05
   6.7700000e+02   0.0000000e+00   1.6224245e-05
   6.7800000e+02   0.0000000e+00   1.6072371e-05
   6.7900000e+02   0.0000000e+00   1.5921919e-05
   6.8000000e+02   0.0000000e+00   1.5772875e-05
   6.8100000e+02   0.0000000e+00   1.5625226e-05
   6.8200000e+02   0.0000000e+00   1.5478959e-05
   6.8300000e+02   0.0000000e+00   1.5334062e-05
   6.8400000e+02   0.0000000e+00   1.5190521e-05
   6.8500000e+02   1.0000000e+00   1.5048323e-05
   6.8600000e+02   0.0000000e+00   1.4907457e-05
   6.8700000e+02   0.0000000e+00   1.4767909e-05
   6.8800000e+02   0.0000000e+00   1.4629668e-05
   6.8900000e+02   0.0000000e+00   1.4492721e-05
   6.9000000e+02   0.0000000e+00   1.4357055e-05
   6.9100000e+02   0.0000000e+00   1.4222660e-05
   6.9200000e+02   0.0000000e+00   1.4089523e-05
   6.9300000e+02   0.0000000e+00   1.3957632e-05
   6.9400000e+02   0.0000000e+00   1.3826975e-05
   6.9500000e+02   0.0000000e+00   1.3697542e-05
   6.9600000e+02   0.0000000e+00   1.3569320e-05
   6.9700000e+02   0.0000000e+00   1.3442299e-05
   6.9800000e+02   0.0000000e+00   1.3316466e-05
   6.9900000e+02   0.0000000e+00   1.3191812e-05
   7.0000000e+02   0.0000000e+00   1.3068324e-05
   7.0100000e+02   0.0000000e+00   1.2945992e-05
   7.0200000e+02   0.0000000e+00   1.2824806e-05
   7.0300000e+02   0.0000000e+00   1.2704754e-05
   7.0400000e+02   0.0000000e+00   1.2585825e-05
   7.0500000e+02   0.0000000e+00   1.2468010e-05
   7.0600000e+02   0.0000000e+00   1.2351298e-05
   7.0700000e+02   1.0000000e+00   1.2235679e-05
   7.0800000e+02   0.0000000e+00   1.2121141e-05
   7.0900000e+02   0.0000000e+00   1.2007676e-05
   7.1000000e+02   0.0000000e+00   1.1895273e-05
   7.1100000e+02   0.0000000e+00   1.1783922e-05
   7.1200000e+02   0.0000000e+00   1.1673614e-05
   7.1300000e+02   0.0000000e+00   1.1564338e-05
   7.1400000e+02   0.0000000e+00   1.1456085e-05
   7.1500000e+02   0.0000000e+00   1.1348845e-05
   7.1600000e+02   0.0000000e+00   1.1242609e-05
   7.1700000e+02   0.0000000e+00   1.1137368e-05
   7.1800000e+02   0.0000000e+00   1.1033112e-05
   7.1900000e+02   0.0000000e+00   1.0929832e-05
   7.2000000e+02   0.0000000e+00   1.0827518e-05
   7.2100000e+02   0.0000000e+00   1.0726163e-05
   7.2200000e+02   0.0000000e+00   1.0625756e-05
   7.2300000e+02   0.0000000e+00   1.0526289e-05
   7.2400000e+02   0.0000000e+00   1.0427753e-05
   7.2500000e+02   0.0000000e+00   1.0330140e-05
   7.2600000e+02   0.0000000e+00   1.0233440e-05
   7.2700000e+02   0.0000000e+00   1.0137645e-05
   7.2800000e+02   0.0000000e+00   1.0042748e-05
   7.2900000e+02   0.0000000e+00   9.9487382e-06
   7.3000000e+02   0.0000000e+00   9.8556087e-06
   7.3100000e+02   0.0000000e+00   9.7633510e-06
   7.3200000e+02   0.0000000e+00   9.6719570e-06
   7.3300000e+02   0.0000000e+00   9.5814185e-06
   7.3400000e+02   0.0000000e+00   9.4917275e-06
   7.3500000e+02   0.0000000e+00   9.4028761e-06
   7.3600000e+02   0.0000000e+00   9.3148564e-06
   7.3700000e+02   0.0000000e+00   9.2276607e-06
   7.3800000e+02   0.0000000e+00   9.1412812e-06
   7.3900000e+02   0.0000000e+00   9.0557103e-06
   7.4000000e+02   0.0000000e+00   8.9709404e-06
   7.4100000e+02   0.0000000e+00   8.8869640e-06
   7.4200000e+02   0.0000000e+00   8.8037738e-06
   7.4300000e+02   0.0000000e+00   8.7213623e-06
   7.4400000e+02   0.0000000e+00   8.6397222e-06
   7.4500000e+02   0.0000000e+00   8.5588464e-06
   7.4600000e+02   0.0000000e+00   8.4787276e-06
   7.4700000e+02   0.0000000e+00   8.3993588e-06
   7.4800000e+02   0.0000000e+00   8.3207330e-06
   7.4900000e+02   0.0000000e+00   8.2428432e-06
   7.5000000e+02   0.0000000e+00   8.1656825e-06
   7.5100000e+02   0.0000000e+00   8.0892441e-06
   7.5200000e+02   0.0000000e+00   8.0135213e-06
   7.5300000e+02   0.0000000e+00   7.9385072e-06
   7.5400000e+02   0.0000000e+00   7.8641954e-06
   7.5500000e+02   0.0000000e+00   7.7905792e-06
   7.5600000e+02   0.0000000e+00   7.7176522e-06
   7.5700000e+02   0.0000000e+00   7.6454078e-06
   7.5800000e+02   0.0000000e+00   7.5738396e-06
   7.5900000e+02   0.0000000e+00   7.5029414e-06
   7.6000000e+02   0.0000000e+00   7.4327069e-06
   7.6100000e+02   0.0000000e+00   7.3631299e-06
   7.6200000e+02   0.0000000e+00   7.2942041e-06
   7.6300000e+02   0.0000000e+00   7.2259236e-06
   7.6400000e+02   0.0000000e+00   7.1582822e-06
   7.6500000e+02   0.0000000e+00   7.0912740e-06
   7.6600000e+02   0.0000000e+00   7.0248931e-06
   7.6700000e+02   0.0000000e+00   6.9591336e-06
   7.6800000e+02   0.0000000e+00   6.8939896e-06
   7.6900000e+02   0.0000000e+00   6.8294554e-06
   7.7000000e+02   0.0000000e+00   6.7655254e-06
   7.7100000e+02   0.0000000e+00   6.7021938e-06
   7.7200000e+02   0.0000000e+00   6.6394550e-06
   7.7300000e+02   0.0000000e+00   6.5773035e-06
   7.7400000e+02   0.0000000e+00   6.5157338e-06
   7.7500000e+02   0.0000000e+00   6.4547405e-06
   7.7600000e+02   0.0000000e+00   6.3943181e-06
   7.7700000e+02   0.0000000e+00   6.3344614e-06
   7.7800000e+02   0.0000000e+00   6.2751649e-06
   7.7900000e+02   0.0000000e+00   6.2164235e-06
   7.8000000e+02   0.0000000e+00   6.1582320e-06
   7.8100000e+02   0.0000000e+00   6.1005852e-06
   7.8200000e+02   0.0000000e+00   6.0434781e-06
   7.8300000e+02   0.0000000e+00   5.9869055e-06
   7.8400000e+02   0.0000000e+00   5.9308625e-06
   7.8500000e+02   0.0000000e+00   5.8753441e-06
   7.8600000e+02   0.0000000e+00   5.8203454e-06
   7.8700000e+02   0.0000000e+00   5.7658615e-06
   7.8800000e+02   0.0000000e+00   5.7118877e-06
   7.8900000e+02   0.0000000e+00   5.6584191e-06
   7.9000000e+02   0.0000000e+00   5.6054511e-06
   7.9100000e+02   0.0000000e+00   5.5529788e-06
   7.9200000e+02   0.0000000e+00   5.5009978e-06
   7.9300000e+02   0.0000000e+00   5.4495033e-06
   7.9400000e+02   0.0000000e+00   5.3984909e-06
   7.9500000e+02   0.0000000e+00   5.3479560e-06
   7.9600000e+02   1.0000000e+00   5.2978941e-06
