   1.0000000e+00   2.0000000e+01   5.0543124e-02
   2.0000000e+00   2.1000000e+01   4.6645762e-02
   3.0000000e+00   2.7000000e+01   4.3133221e-02
   4.0000000e+00   1.8000000e+01   3.9964035e-02
   5.0000000e+00   2.3000000e+01   3.7101318e-02
   6.0000000e+00   1.0000000e+01   3.4512255e-02
   7.0000000e+00   1.5000000e+01   3.2167647e-02
   8.0000000e+00   1.7000000e+01   3.0041515e-02
   9.0000000e+00   2.1000000e+01   2.8110735e-02
   1.0000000e+01   1.3000000e+01   2.6354725e-02
   1.1000000e+01   7.0000000e+00   2.4755165e-02
   1.2000000e+01   8.0000000e+00   2.3295740e-02
   1.3000000e+01   1.1000000e+01   2.1961922e-02
   1.4000000e+01   1.1000000e+01   2.0740772e-02
   1.5000000e+01   1.3000000e+01   1.9620761e-02
   1.6000000e+01   5.0000000e+00   1.8591615e-02
   1.7000000e+01   6.0000000e+00   1.7644178e-02
   1.8000000e+01   9.0000000e+00   1.6770284e-02
   1.9000000e+01   8.0000000e+00   1.5962652e-02
   2.0000000e+01   5.0000000e+00   1.5214786e-02
   2.1000000e+01   5.0000000e+00   1.4520887e-02
   2.2000000e+01   1.0000000e+01   1.3875780e-02
   2.3000000e+01   8.0000000e+00   1.3274841e-02
   2.4000000e+01   8.0000000e+00   1.2713937e-02
   2.5000000e+01   5.0000000e+00   1.2189376e-02
   2.6000000e+01   2.0000000e+00   1.1697853e-02
   2.7000000e+01   7.0000000e+00   1.1236412e-02
   2.8000000e+01   7.0000000e+00   1.0802403e-02
   2.9000000e+01   8.0000000e+00   1.0393453e-02
   3.0000000e+01   6.0000000e+00   1.0007434e-02
   3.1000000e+01   7.0000000e+00   9.6424359e-03
   3.2000000e+01   2.0000000e+00   9.2967429e-03
   3.3000000e+01   3.0000000e+00   8.9688126e-03
   3.4000000e+01   5.0000000e+00   8.6572570e-03
   3.5000000e+01   4.0000000e+00   8.3608261e-03
   3.6000000e+01   4.0000000e+00   8.0783926e-03
   3.7000000e+01   4.0000000e+00   7.8089392e-03
   3.8000000e+01   1.0000000e+00   7.5515461e-03
   3.9000000e+01   5.0000000e+00   7.3053813e-03
   4.0000000e+01   3.0000000e+00   7.0696908e-03
   4.1000000e+01   1.0000000e+00   6.8437904e-03
   4.2000000e+01   1.0000000e+00   6.6270585e-03
   4.3000000e+01   2.0000000e+00   6.4189293e-03
   4.4000000e+01   1.0000000e+00   6.2188871e-03
   4.5000000e+01   3.0000000e+00   6.0264610e-03
   4.6000000e+01   3.0000000e+00   5.8412203e-03
   4.7000000e+01   4.0000000e+00   5.6627705e-03
   4.8000000e+01   3.0000000e+00   5.4907493e-03
   4.9000000e+01   0.0000000e+00   5.3248238e-03
   5.0000000e+01   5.0000000e+00   5.1646869e-03
   5.1000000e+01   2.0000000e+00   5.0100555e-03
   5.2000000e+01   3.0000000e+00   4.8606675e-03
   5.3000000e+01   0.0000000e+00   4.7162801e-03
   5.4000000e+01   2.0000000e+00   4.5766678e-03
   5.5000000e+01   0.0000000e+00   4.4416207e-03
   5.6000000e+01   0.0000000e+00   4.3109431e-03
   5.7000000e+01   2.0000000e+00   4.1844525e-03
   5.8000000e+01   5.0000000e+00   4.0619776e-03
   5.9000000e+01   3.0000000e+00   3.9433582e-03
   6.0000000e+01   1.0000000e+00   3.8284434e-03
   6.1000000e+01   2.0000000e+00   3.7170915e-03
   6.2000000e+01   4.0000000e+00   3.6091686e-03
   6.3000000e+01   3.0000000e+00   3.5045484e-03
   6.4000000e+01   1.0000000e+00   3.4031114e-03
   6.5000000e+01   1.0000000e+00   3.3047442e-03
   6.6000000e+01   2.0000000e+00   3.2093392e-03
   6.7000000e+01   4.0000000e+00   3.1167942e-03
   6.8000000e+01   0.0000000e+00   3.0270118e-03
   6.9000000e+01   0.0000000e+00   2.9398993e-03
   7.0000000e+01   0.0000000e+00   2.8553679e-03
   7.1000000e+01   2.0000000e+00   2.7733332e-03
   7.2000000e+01   0.0000000e+00   2.6937139e-03
   7.3000000e+01   1.0000000e+00   2.6164326e-03
   7.4000000e+01   2.0000000e+00   2.5414148e-03
   7.5000000e+01   2.0000000e+00   2.4685891e-03
   7.6000000e+01   1.0000000e+00   2.3978869e-03
   7.7000000e+01   1.0000000e+00   2.3292421e-03
   7.8000000e+01   2.0000000e+00   2.2625914e-03
   7.9000000e+01   2.0000000e+00   2.1978736e-03
   8.0000000e+01   0.0000000e+00   2.1350298e-03
   8.1000000e+01   1.0000000e+00   2.0740032e-03
   8.2000000e+01   0.0000000e+00   2.0147389e-03
   8.3000000e+01   0.0000000e+00   1.9571842e-03
   8.4000000e+01   0.0000000e+00   1.9012879e-03
   8.5000000e+01   3.0000000e+00   1.8470006e-03
   8.6000000e+01   0.0000000e+00   1.7942746e-03
   8.7000000e+01   2.0000000e+00   1.7430638e-03
   8.8000000e+01   1.0000000e+00   1.6933235e-03
   8.9000000e+01   2.0000000e+00   1.6450104e-03
   9.0000000e+01   0.0000000e+00   1.5980829e-03
   9.1000000e+01   0.0000000e+00   1.5525002e-03
   9.2000000e+01   0.0000000e+00   1.5082233e-03
   9.3000000e+01   1.0000000e+00   1.4652141e-03
   9.4000000e+01   5.0000000e+00   1.4234357e-03
   9.5000000e+01   1.0000000e+00   1.3828525e-03
   9.6000000e+01   2.0000000e+00   1.3434298e-03
   9.7000000e+01   1.0000000e+00   1.3051340e-03
   9.8000000e+01   1.0000000e+00   1.2679326e-03
   9.9000000e+01   0.0000000e+00   1.2317940e-03
   1.0000000e+02   2.0000000e+00   1.1966876e-03
   1.0100000e+02   1.0000000e+00   1.1625837e-03
   1.0200000e+02   0.0000000e+00   1.1294533e-03
   1.0300000e+02   1.0000000e+00   1.0972686e-03
   1.0400000e+02   0.0000000e+00   1.0660024e-03
   1.0500000e+02   0.0000000e+00   1.0356283e-03
   1.0600000e+02   0.0000000e+00   1.0061207e-03
   1.0700000e+02   1.0000000e+00   9.7745476e-04
   1.0800000e+02   0.0000000e+00   9.4960642e-04
   1.0900000e+02   0.0000000e+00   9.2255225e-04
   1.1000000e+02   1.0000000e+00   8.9626950e-04
   1.1100000e+02   2.0000000e+00   8.7073612e-04
   1.1200000e+02   0.0000000e+00   8.4593067e-04
   1.1300000e+02   1.0000000e+00   8.2183234e-04
   1.1400000e+02   0.0000000e+00   7.9842092e-04
   1.1500000e+02   0.0000000e+00   7.7567678e-04
   1.1600000e+02   0.0000000e+00   7.5358087e-04
   1.1700000e+02   0.0000000e+00   7.3211467e-04
   1.1800000e+02   1.0000000e+00   7.1126020e-04
   1.1900000e+02   0.0000000e+00   6.9100001e-04
   1.2000000e+02   2.0000000e+00   6.7131713e-04
   1.2100000e+02   0.0000000e+00   6.5219509e-04
   1.2200000e+02   1.0000000e+00   6.3361789e-04
   1.2300000e+02   0.0000000e+00   6.1556999e-04
   1.2400000e+02   0.0000000e+00   5.9803629e-04
   1.2500000e+02   0.0000000e+00   5.8100212e-04
   1.2600000e+02   0.0000000e+00   5.6445325e-04
   1.2700000e+02   0.0000000e+00   5.4837584e-04
   1.2800000e+02   0.0000000e+00   5.3275643e-04
   1.2900000e+02   0.0000000e+00   5.1758199e-04
   1.3000000e+02   1.0000000e+00   5.0283982e-04
   1.3100000e+02   1.0000000e+00   4.8851760e-04
   1.3200000e+02   0.0000000e+00   4.7460337e-04
   1.3300000e+02   0.0000000e+00   4.6108550e-04
   1.3400000e+02   0.0000000e+00   4.4795268e-04
   1.3500000e+02   0.0000000e+00   4.3519396e-04
   1.3600000e+02   0.0000000e+00   4.2279866e-04
   1.3700000e+02   1.0000000e+00   4.1075643e-04
   1.3800000e+02   0.0000000e+00   3.9905722e-04
   1.3900000e+02   0.0000000e+00   3.8769125e-04
   1.4000000e+02   0.0000000e+00   3.7664902e-04
   1.4100000e+02   0.0000000e+00   3.6592132e-04
   1.4200000e+02   0.0000000e+00   3.5549918e-04
   1.4300000e+02   0.0000000e+00   3.4537389e-04
   1.4400000e+02   0.0000000e+00   3.3553700e-04
   1.4500000e+02   0.0000000e+00   3.2598030e-04
   1.4600000e+02   0.0000000e+00   3.1669579e-04
   1.4700000e+02   0.0000000e+00   3.0767574e-04
   1.4800000e+02   0.0000000e+00   2.9891260e-04
   1.4900000e+02   0.0000000e+00   2.9039905e-04
   1.5000000e+02   0.0000000e+00   2.8212800e-04
   1.5100000e+02   0.0000000e+00   2.7409252e-04
   1.5200000e+02   0.0000000e+00   2.6628591e-04
   1.5300000e+02   0.0000000e+00   2.5870164e-04
   1.5400000e+02   0.0000000e+00   2.5133340e-04
   1.5500000e+02   0.0000000e+00   2.4417502e-04
   1.5600000e+02   0.0000000e+00   2.3722052e-04
   1.5700000e+02   0.0000000e+00   2.3046410e-04
   1.5800000e+02   0.0000000e+00   2.2390012e-04
   1.5900000e+02   0.0000000e+00   2.1752309e-04
   1.6000000e+02   0.0000000e+00   2.1132769e-04
   1.6100000e+02   0.0000000e+00   2.0530875e-04
   1.6200000e+02   0.0000000e+00   1.9946123e-04
   1.6300000e+02   0.0000000e+00   1.9378027e-04
   1.6400000e+02   1.0000000e+00   1.8826111e-04
   1.6500000e+02   0.0000000e+00   1.8289914e-04
   1.6600000e+02   0.0000000e+00   1.7768989e-04
   1.6700000e+02   0.0000000e+00   1.7262901e-04
   1.6800000e+02   0.0000000e+00   1.6771228e-04
   1.6900000e+02   0.0000000e+00   1.6293558e-04
   1.7000000e+02   0.0000000e+00   1.5829492e-04
   1.7100000e+02   0.0000000e+00   1.5378644e-04
   1.7200000e+02   0.0000000e+00   1.4940637e-04
   1.7300000e+02   1.0000000e+00   1.4515105e-04
   1.7400000e+02   0.0000000e+00   1.4101693e-04
   1.7500000e+02   0.0000000e+00   1.3700056e-04
   1.7600000e+02   0.0000000e+00   1.3309858e-04
   1.7700000e+02   0.0000000e+00   1.2930773e-04
   1.7800000e+02   0.0000000e+00   1.2562485e-04
   1.7900000e+02   0.0000000e+00   1.2204687e-04
   1.8000000e+02   0.0000000e+00   1.1857079e-04
   1.8100000e+02   0.0000000e+00   1.1519372e-04
   1.8200000e+02   0.0000000e+00   1.1191283e-04
   1.8300000e+02   0.0000000e+00   1.0872538e-04
   1.8400000e+02   0.0000000e+00   1.0562872e-04
   1.8500000e+02   0.0000000e+00   1.0262026e-04
   1.8600000e+02   0.0000000e+00   9.9697480e-05
   1.8700000e+02   0.0000000e+00   9.6857948e-05
   1.8800000e+02   0.0000000e+00   9.4099289e-05
   1.8900000e+02   0.0000000e+00   9.1419201e-05
   1.9000000e+02   0.0000000e+00   8.8815446e-05
   1.9100000e+02   0.0000000e+00   8.6285850e-05
   1.9200000e+02   0.0000000e+00   8.3828301e-05
   1.9300000e+02   0.0000000e+00   8.1440746e-05
   1.9400000e+02   0.0000000e+00   7.9121193e-05
   1.9500000e+02   0.0000000e+00   7.6867704e-05
   1.9600000e+02   0.0000000e+00   7.4678398e-05
   1.9700000e+02   0.0000000e+00   7.2551446e-05
   1.9800000e+02   0.0000000e+00   7.0485073e-05
   1.9900000e+02   0.0000000e+00   6.8477553e-05
   2.0000000e+02   0.0000000e+00   6.6527211e-05
   2.0100000e+02   0.0000000e+00   6.4632417e-05
   2.0200000e+02   0.0000000e+00   6.2791590e-05
   2.0300000e+02   0.0000000e+00   6.1003193e-05
   2.0400000e+02   0.0000000e+00   5.9265731e-05
   2.0500000e+02   0.0000000e+00   5.7577755e-05
   2.0600000e+02   0.0000000e+00   5.5937855e-05
   2.0700000e+02   0.0000000e+00   5.4344662e-05
   2.0800000e+02   0.0000000e+00   5.2796846e-05
   2.0900000e+02   0.0000000e+00   5.1293113e-05
   2.1000000e+02   0.0000000e+00   4.9832209e-05
   2.1100000e+02   0.0000000e+00   4.8412914e-05
   2.1200000e+02   0.0000000e+00   4.7034043e-05
   2.1300000e+02   0.0000000e+00   4.5694443e-05
   2.1400000e+02   0.0000000e+00   4.4392998e-05
   2.1500000e+02   0.0000000e+00   4.3128619e-05
   2.1600000e+02   1.0000000e+00   4.1900252e-05
