   1.0000000e+00   2.3000000e+01   4.6775142e-02
   2.0000000e+00   2.3000000e+01   4.4035582e-02
   3.0000000e+00   2.7000000e+01   4.1475559e-02
   4.0000000e+00   1.7000000e+01   3.9082781e-02
   5.0000000e+00   2.0000000e+01   3.6845808e-02
   6.0000000e+00   1.6000000e+01   3.4753997e-02
   7.0000000e+00   1.3000000e+01   3.2797445e-02
   8.0000000e+00   1.2000000e+01   3.0966935e-02
   9.0000000e+00   1.4000000e+01   2.9253889e-02
   1.0000000e+01   1.3000000e+01   2.7650328e-02
   1.1000000e+01   1.1000000e+01   2.6148823e-02
   1.2000000e+01   1.2000000e+01   2.4742460e-02
   1.3000000e+01   1.5000000e+01   2.3424806e-02
   1.4000000e+01   7.0000000e+00   2.2189872e-02
   1.5000000e+01   1.1000000e+01   2.1032084e-02
   1.6000000e+01   8.0000000e+00   1.9946252e-02
   1.7000000e+01   8.0000000e+00   1.8927547e-02
   1.8000000e+01   1.3000000e+01   1.7971471e-02
   1.9000000e+01   1.2000000e+01   1.7073839e-02
   2.0000000e+01   6.0000000e+00   1.6230753e-02
   2.1000000e+01   9.0000000e+00   1.5438583e-02
   2.2000000e+01   3.0000000e+00   1.4693950e-02
   2.3000000e+01   6.0000000e+00   1.3993708e-02
   2.4000000e+01   5.0000000e+00   1.3334925e-02
   2.5000000e+01   7.0000000e+00   1.2714873e-02
   2.6000000e+01   3.0000000e+00   1.2131008e-02
   2.7000000e+01   4.0000000e+00   1.1580963e-02
   2.8000000e+01   8.0000000e+00   1.1062533e-02
   2.9000000e+01   3.0000000e+00   1.0573661e-02
   3.0000000e+01   8.0000000e+00   1.0112433e-02
   3.1000000e+01   4.0000000e+00   9.6770644e-03
   3.2000000e+01   6.0000000e+00   9.2658926e-03
   3.3000000e+01   8.0000000e+00   8.8773677e-03
   3.4000000e+01   5.0000000e+00   8.5100452e-03
   3.5000000e+01   2.0000000e+00   8.1625786e-03
   3.6000000e+01   2.0000000e+00   7.8337123e-03
   3.7000000e+01   1.0000000e+00   7.5222757e-03
   3.8000000e+01   3.0000000e+00   7.2271773e-03
   3.9000000e+01   3.0000000e+00   6.9473988e-03
   4.0000000e+01   3.0000000e+00   6.6819904e-03
   4.1000000e+01   5.0000000e+00   6.4300662e-03
   4.2000000e+01   5.0000000e+00   6.1907994e-03
   4.3000000e+01   6.0000000e+00   5.9634185e-03
   4.4000000e+01   1.0000000e+00   5.7472032e-03
   4.5000000e+01   3.0000000e+00   5.5414813e-03
   4.6000000e+01   2.0000000e+00   5.3456251e-03
   4.7000000e+01   4.0000000e+00   5.1590483e-03
   4.8000000e+01   2.0000000e+00   4.9812034e-03
   4.9000000e+01   3.0000000e+00   4.8115788e-03
   5.0000000e+01   2.0000000e+00   4.6496964e-03
   5.1000000e+01   1.0000000e+00   4.4951094e-03
   5.2000000e+01   1.0000000e+00   4.3474002e-03
   5.3000000e+01   6.0000000e+00   4.2061781e-03
   5.4000000e+01   7.0000000e+00   4.0710777e-03
   5.5000000e+01   1.0000000e+00   3.9417573e-03
   5.6000000e+01   1.0000000e+00   3.8178970e-03
   5.7000000e+01   3.0000000e+00   3.6991974e-03
   5.8000000e+01   1.0000000e+00   3.5853781e-03
   5.9000000e+01   3.0000000e+00   3.4761766e-03
   6.0000000e+01   3.0000000e+00   3.3713468e-03
   6.1000000e+01   0.0000000e+00   3.2706581e-03
   6.2000000e+01   1.0000000e+00   3.1738944e-03
   6.3000000e+01   0.0000000e+00   3.0808529e-03
   6.4000000e+01   1.0000000e+00   2.9913435e-03
   6.5000000e+01   4.0000000e+00   2.9051876e-03
   6.6000000e+01   2.0000000e+00   2.8222176e-03
   6.7000000e+01   0.0000000e+00   2.7422763e-03
   6.8000000e+01   0.0000000e+00   2.6652156e-03
   6.9000000e+01   0.0000000e+00   2.5908966e-03
   7.0000000e+01   1.0000000e+00   2.5191885e-03
   7.1000000e+01   0.0000000e+00   2.4499683e-03
   7.2000000e+01   1.0000000e+00   2.3831204e-03
   7.3000000e+01   3.0000000e+00   2.3185357e-03
   7.4000000e+01   1.0000000e+00   2.2561115e-03
   7.5000000e+01   0.0000000e+00   2.1957511e-03
   7.6000000e+01   0.0000000e+00   2.1373632e-03
   7.7000000e+01   1.0000000e+00   2.0808617e-03
   7.8000000e+01   1.0000000e+00   2.0261654e-03
   7.9000000e+01   4.0000000e+00   1.9731975e-03
   8.0000000e+01   0.0000000e+00   1.9218855e-03
   8.1000000e+01   0.0000000e+00   1.8721609e-03
   8.2000000e+01   0.0000000e+00   1.8239588e-03
   8.3000000e+01   0.0000000e+00   1.7772177e-03
   8.4000000e+01   1.0000000e+00   1.7318797e-03
   8.5000000e+01   1.0000000e+00   1.6878896e-03
   8.6000000e+01   1.0000000e+00   1.6451952e-03
   8.7000000e+01   0.0000000e+00   1.6037470e-03
   8.8000000e+01   1.0000000e+00   1.5634980e-03
   8.9000000e+01   2.0000000e+00   1.5244035e-03
   9.0000000e+01   0.0000000e+00   1.4864211e-03
   9.1000000e+01   2.0000000e+00   1.4495104e-03
   9.2000000e+01   0.0000000e+00   1.4136332e-03
   9.3000000e+01   0.0000000e+00   1.3787527e-03
   9.4000000e+01   0.0000000e+00   1.3448343e-03
   9.5000000e+01   1.0000000e+00   1.3118447e-03
   9.6000000e+01   0.0000000e+00   1.2797523e-03
   9.7000000e+01   0.0000000e+00   1.2485269e-03
   9.8000000e+01   0.0000000e+00   1.2181396e-03
   9.9000000e+01   1.0000000e+00   1.1885630e-03
   1.0000000e+02   1.0000000e+00   1.1597706e-03
   1.0100000e+02   0.0000000e+00   1.1317372e-03
   1.0200000e+02   0.0000000e+00   1.1044387e-03
   1.0300000e+02   0.0000000e+00   1.0778521e-03
   1.0400000e+02   0.0000000e+00   1.0519552e-03
   1.0500000e+02   0.0000000e+00   1.0267267e-03
   1.0600000e+02   0.0000000e+00   1.0021462e-03
   1.0700000e+02   0.0000000e+00   9.7819434e-04
   1.0800000e+02   1.0000000e+00   9.5485220e-04
   1.0900000e+02   1.0000000e+00   9.3210176e-04
   1.1000000e+02   1.0000000e+00   9.0992567e-04
   1.1100000e+02   1.0000000e+00   8.8830724e-04
   1.1200000e+02   1.0000000e+00   8.6723039e-04
   1.1300000e+02   1.0000000e+00   8.4667967e-04
   1.1400000e+02   0.0000000e+00   8.2664014e-04
   1.1500000e+02   1.0000000e+00   8.0709746e-04
   1.1600000e+02   0.0000000e+00   7.8803776e-04
   1.1700000e+02   1.0000000e+00   7.6944766e-04
   1.1800000e+02   0.0000000e+00   7.5131426e-04
   1.1900000e+02   1.0000000e+00   7.3362510e-04
   1.2000000e+02   0.0000000e+00   7.1636813e-04
   1.2100000e+02   0.0000000e+00   6.9953171e-04
   1.2200000e+02   0.0000000e+00   6.8310459e-04
   1.2300000e+02   0.0000000e+00   6.6707588e-04
   1.2400000e+02   0.0000000e+00   6.5143505e-04
   1.2500000e+02   0.0000000e+00   6.3617190e-04
   1.2600000e+02   0.0000000e+00   6.2127655e-04
   1.2700000e+02   0.0000000e+00   6.0673943e-04
   1.2800000e+02   0.0000000e+00   5.9255129e-04
   1.2900000e+02   0.0000000e+00   5.7870312e-04
   1.3000000e+02   1.0000000e+00   5.6518621e-04
   1.3100000e+02   0.0000000e+00   5.5199212e-04
   1.3200000e+02   0.0000000e+00   5.3911264e-04
   1.3300000e+02   0.0000000e+00   5.2653981e-04
   1.3400000e+02   1.0000000e+00   5.1426591e-04
   1.3500000e+02   1.0000000e+00   5.0228343e-04
   1.3600000e+02   0.0000000e+00   4.9058508e-04
   1.3700000e+02   0.0000000e+00   4.7916379e-04
   1.3800000e+02   0.0000000e+00   4.6801267e-04
   1.3900000e+02   1.0000000e+00   4.5712503e-04
   1.4000000e+02   0.0000000e+00   4.4649438e-04
   1.4100000e+02   0.0000000e+00   4.3611438e-04
   1.4200000e+02   0.0000000e+00   4.2597890e-04
   1.4300000e+02   0.0000000e+00   4.1608194e-04
   1.4400000e+02   0.0000000e+00   4.0641769e-04
   1.4500000e+02   0.0000000e+00   3.9698049e-04
   1.4600000e+02   0.0000000e+00   3.8776481e-04
   1.4700000e+02   0.0000000e+00   3.7876529e-04
   1.4800000e+02   1.0000000e+00   3.6997672e-04
   1.4900000e+02   0.0000000e+00   3.6139399e-04
   1.5000000e+02   0.0000000e+00   3.5301215e-04
   1.5100000e+02   0.0000000e+00   3.4482638e-04
   1.5200000e+02   0.0000000e+00   3.3683197e-04
   1.5300000e+02   1.0000000e+00   3.2902435e-04
   1.5400000e+02   2.0000000e+00   3.2139904e-04
   1.5500000e+02   1.0000000e+00   3.1395170e-04
   1.5600000e+02   1.0000000e+00   3.0667808e-04
   1.5700000e+02   0.0000000e+00   2.9957406e-04
   1.5800000e+02   0.0000000e+00   2.9263559e-04
   1.5900000e+02   0.0000000e+00   2.8585877e-04
   1.6000000e+02   0.0000000e+00   2.7923974e-04
   1.6100000e+02   0.0000000e+00   2.7277479e-04
   1.6200000e+02   0.0000000e+00   2.6646026e-04
   1.6300000e+02   0.0000000e+00   2.6029261e-04
   1.6400000e+02   2.0000000e+00   2.5426836e-04
   1.6500000e+02   0.0000000e+00   2.4838414e-04
   1.6600000e+02   0.0000000e+00   2.4263666e-04
   1.6700000e+02   0.0000000e+00   2.3702269e-04
   1.6800000e+02   0.0000000e+00   2.3153909e-04
   1.6900000e+02   0.0000000e+00   2.2618281e-04
   1.7000000e+02   0.0000000e+00   2.2095086e-04
   1.7100000e+02   0.0000000e+00   2.1584033e-04
   1.7200000e+02   0.0000000e+00   2.1084836e-04
   1.7300000e+02   0.0000000e+00   2.0597218e-04
   1.7400000e+02   0.0000000e+00   2.0120909e-04
   1.7500000e+02   0.0000000e+00   1.9655643e-04
   1.7600000e+02   0.0000000e+00   1.9201163e-04
   1.7700000e+02   0.0000000e+00   1.8757217e-04
   1.7800000e+02   0.0000000e+00   1.8323559e-04
   1.7900000e+02   0.0000000e+00   1.7899948e-04
   1.8000000e+02   0.0000000e+00   1.7486151e-04
   1.8100000e+02   0.0000000e+00   1.7081939e-04
   1.8200000e+02   0.0000000e+00   1.6687088e-04
   1.8300000e+02   0.0000000e+00   1.6301380e-04
   1.8400000e+02   0.0000000e+00   1.5924603e-04
   1.8500000e+02   0.0000000e+00   1.5556548e-04
   1.8600000e+02   0.0000000e+00   1.5197014e-04
   1.8700000e+02   0.0000000e+00   1.4845800e-04
   1.8800000e+02   0.0000000e+00   1.4502715e-04
   1.8900000e+02   0.0000000e+00   1.4167569e-04
   1.9000000e+02   0.0000000e+00   1.3840178e-04
   1.9100000e+02   0.0000000e+00   1.3520362e-04
   1.9200000e+02   1.0000000e+00   1.3207944e-04
   1.9300000e+02   0.0000000e+00   1.2902753e-04
   1.9400000e+02   0.0000000e+00   1.2604622e-04
   1.9500000e+02   0.0000000e+00   1.2313386e-04
   1.9600000e+02   0.0000000e+00   1.2028885e-04
   1.9700000e+02   0.0000000e+00   1.1750964e-04
   1.9800000e+02   0.0000000e+00   1.1479469e-04
   1.9900000e+02   0.0000000e+00   1.1214253e-04
   2.0000000e+02   0.0000000e+00   1.0955168e-04
   2.0100000e+02   0.0000000e+00   1.0702073e-04
   2.0200000e+02   0.0000000e+00   1.0454830e-04
   2.0300000e+02   0.0000000e+00   1.0213303e-04
   2.0400000e+02   0.0000000e+00   9.9773585e-05
   2.0500000e+02   0.0000000e+00   9.7468683e-05
   2.0600000e+02   0.0000000e+00   9.5217058e-05
   2.0700000e+02   0.0000000e+00   9.3017476e-05
   2.0800000e+02   0.0000000e+00   9.0868733e-05
   2.0900000e+02   0.0000000e+00   8.8769651e-05
   2.1000000e+02   0.0000000e+00   8.6719082e-05
   2.1100000e+02   1.0000000e+00   8.4715901e-05
   2.1200000e+02   0.0000000e+00   8.2759014e-05
   2.1300000e+02   0.0000000e+00   8.0847347e-05
   2.1400000e+02   0.0000000e+00   7.8979856e-05
   2.1500000e+02   0.0000000e+00   7.7155518e-05
   2.1600000e+02   0.0000000e+00   7.5373335e-05
   2.1700000e+02   0.0000000e+00   7.3632332e-05
   2.1800000e+02   0.0000000e+00   7.1931555e-05
   2.1900000e+02   0.0000000e+00   7.0270076e-05
   2.2000000e+02   0.0000000e+00   6.8646984e-05
   2.2100000e+02   0.0000000e+00   6.7061393e-05
   2.2200000e+02   0.0000000e+00   6.5512436e-05
   2.2300000e+02   0.0000000e+00   6.3999264e-05
   2.2400000e+02   0.0000000e+00   6.2521051e-05
   2.2500000e+02   0.0000000e+00   6.1076989e-05
   2.2600000e+02   0.0000000e+00   5.9666287e-05
   2.2700000e+02   0.0000000e+00   5.8288176e-05
   2.2800000e+02   0.0000000e+00   5.6941900e-05
   2.2900000e+02   0.0000000e+00   5.5626726e-05
   2.3000000e+02   0.0000000e+00   5.4341933e-05
   2.3100000e+02   0.0000000e+00   5.3086819e-05
   2.3200000e+02   0.0000000e+00   5.1860699e-05
   2.3300000e+02   0.0000000e+00   5.0662902e-05
   2.3400000e+02   0.0000000e+00   4.9492775e-05
   2.3500000e+02   0.0000000e+00   4.8349676e-05
   2.3600000e+02   0.0000000e+00   4.7232983e-05
   2.3700000e+02   0.0000000e+00   4.6142084e-05
   2.3800000e+02   0.0000000e+00   4.5076383e-05
   2.3900000e+02   0.0000000e+00   4.4035299e-05
   2.4000000e+02   0.0000000e+00   4.3018262e-05
   2.4100000e+02   0.0000000e+00   4.2024717e-05
   2.4200000e+02   0.0000000e+00   4.1054122e-05
   2.4300000e+02   0.0000000e+00   4.0105945e-05
   2.4400000e+02   0.0000000e+00   3.9179668e-05
   2.4500000e+02   0.0000000e+00   3.8274787e-05
   2.4600000e+02   0.0000000e+00   3.7390806e-05
   2.4700000e+02   0.0000000e+00   3.6527243e-05
   2.4800000e+02   0.0000000e+00   3.5683626e-05
   2.4900000e+02   0.0000000e+00   3.4859494e-05
   2.5000000e+02   0.0000000e+00   3.4054397e-05
   2.5100000e+02   0.0000000e+00   3.3267895e-05
   2.5200000e+02   0.0000000e+00   3.2499559e-05
   2.5300000e+02   0.0000000e+00   3.1748969e-05
   2.5400000e+02   0.0000000e+00   3.1015715e-05
   2.5500000e+02   0.0000000e+00   3.0299397e-05
   2.5600000e+02   0.0000000e+00   2.9599623e-05
   2.5700000e+02   0.0000000e+00   2.8916012e-05
   2.5800000e+02   0.0000000e+00   2.8248189e-05
   2.5900000e+02   0.0000000e+00   2.7595790e-05
   2.6000000e+02   0.0000000e+00   2.6958460e-05
   2.6100000e+02   0.0000000e+00   2.6335849e-05
   2.6200000e+02   0.0000000e+00   2.5727618e-05
   2.6300000e+02   0.0000000e+00   2.5133435e-05
   2.6400000e+02   0.0000000e+00   2.4552975e-05
   2.6500000e+02   0.0000000e+00   2.3985921e-05
   2.6600000e+02   0.0000000e+00   2.3431964e-05
   2.6700000e+02   0.0000000e+00   2.2890801e-05
   2.6800000e+02   0.0000000e+00   2.2362136e-05
   2.6900000e+02   0.0000000e+00   2.1845681e-05
   2.7000000e+02   0.0000000e+00   2.1341155e-05
   2.7100000e+02   0.0000000e+00   2.0848280e-05
   2.7200000e+02   0.0000000e+00   2.0366789e-05
   2.7300000e+02   0.0000000e+00   1.9896418e-05
   2.7400000e+02   0.0000000e+00   1.9436910e-05
   2.7500000e+02   0.0000000e+00   1.8988015e-05
   2.7600000e+02   0.0000000e+00   1.8549487e-05
   2.7700000e+02   0.0000000e+00   1.8121087e-05
   2.7800000e+02   0.0000000e+00   1.7702582e-05
   2.7900000e+02   0.0000000e+00   1.7293742e-05
   2.8000000e+02   0.0000000e+00   1.6894344e-05
   2.8100000e+02   0.0000000e+00   1.6504170e-05
   2.8200000e+02   0.0000000e+00   1.6123008e-05
   2.8300000e+02   0.0000000e+00   1.5750648e-05
   2.8400000e+02   0.0000000e+00   1.5386888e-05
   2.8500000e+02   0.0000000e+00   1.5031530e-05
   2.8600000e+02   0.0000000e+00   1.4684378e-05
   2.8700000e+02   0.0000000e+00   1.4345244e-05
   2.8800000e+02   0.0000000e+00   1.4013942e-05
   2.8900000e+02   0.0000000e+00   1.3690292e-05
   2.9000000e+02   0.0000000e+00   1.3374116e-05
   2.9100000e+02   0.0000000e+00   1.3065243e-05
   2.9200000e+02   1.0000000e+00   1.2763503e-05
