   1.0000000e+00   3.0000000e+00   0.0000000e+00
   2.0000000e+00   3.0000000e+00   4.9554985e-03
   3.0000000e+00   2.0000000e+00   7.4204568e-03
   4.0000000e+00   6.0000000e+00   8.6220166e-03
   5.0000000e+00   2.0000000e+00   9.1829229e-03
   6.0000000e+00   3.0000000e+00   9.4192019e-03
   7.0000000e+00   1.0000000e+01   9.4912256e-03
   8.0000000e+00   1.0000000e+01   9.4803747e-03
   9.0000000e+00   1.0000000e+00   9.4279435e-03
   1.0000000e+01   2.0000000e+00   9.3548832e-03
   1.1000000e+01   3.0000000e+00   9.2718215e-03
   1.2000000e+01   5.0000000e+00   9.1841469e-03
   1.3000000e+01   6.0000000e+00   9.0945895e-03
   1.4000000e+01   4.0000000e+00   9.0045299e-03
   1.5000000e+01   6.0000000e+00   8.9146643e-03
   1.6000000e+01   4.0000000e+00   8.8253415e-03
   1.7000000e+01   5.0000000e+00   8.7367341e-03
   1.8000000e+01   4.0000000e+00   8.6489251e-03
   1.9000000e+01   6.0000000e+00   8.5619524e-03
   2.0000000e+01   3.0000000e+00   8.4758308e-03
   2.1000000e+01   7.0000000e+00   8.3905636e-03
   2.2000000e+01   4.0000000e+00   8.3061481e-03
   2.3000000e+01   7.0000000e+00   8.2225788e-03
   2.4000000e+01   4.0000000e+00   8.1398487e-03
   2.5000000e+01   2.0000000e+00   8.0579503e-03
   2.6000000e+01   5.0000000e+00   7.9768754e-03
   2.7000000e+01   4.0000000e+00   7.8966161e-03
   2.8000000e+01   3.0000000e+00   7.8171642e-03
   2.9000000e+01   5.0000000e+00   7.7385117e-03
   3.0000000e+01   2.0000000e+00   7.6606505e-03
   3.1000000e+01   0.0000000e+00   7.5835727e-03
   3.2000000e+01   2.0000000e+00   7.5072704e-03
   3.3000000e+01   3.0000000e+00   7.4317358e-03
   3.4000000e+01   1.0000000e+00   7.3569612e-03
   3.5000000e+01   7.0000000e+00   7.2829390e-03
   3.6000000e+01   2.0000000e+00   7.2096615e-03
   3.7000000e+01   1.0000000e+00   7.1371213e-03
   3.8000000e+01   1.0000000e+00   7.0653110e-03
   3.9000000e+01   1.0000000e+00   6.9942232e-03
   4.0000000e+01   2.0000000e+00   6.9238507e-03
   4.1000000e+01   7.0000000e+00   6.8541862e-03
   4.2000000e+01   0.0000000e+00   6.7852226e-03
   4.3000000e+01   3.0000000e+00   6.7169529e-03
   4.4000000e+01   3.0000000e+00   6.6493701e-03
   4.5000000e+01   2.0000000e+00   6.5824673e-03
   4.6000000e+01   2.0000000e+00   6.5162377e-03
   4.7000000e+01   2.0000000e+00   6.4506744e-03
   4.8000000e+01   3.0000000e+00   6.3857708e-03
   4.9000000e+01   1.0000000e+00   6.3215202e-03
   5.0000000e+01   4.0000000e+00   6.2579160e-03
   5.1000000e+01   4.0000000e+00   6.1949519e-03
   5.2000000e+01   4.0000000e+00   6.1326212e-03
   5.3000000e+01   1.0000000e+00   6.0709177e-03
   5.4000000e+01   3.0000000e+00   6.0098350e-03
   5.5000000e+01   1.0000000e+00   5.9493669e-03
   5.6000000e+01   2.0000000e+00   5.8895072e-03
   5.7000000e+01   4.0000000e+00   5.8302498e-03
   5.8000000e+01   1.0000000e+00   5.7715886e-03
   5.9000000e+01   1.0000000e+00   5.7135176e-03
   6.0000000e+01   4.0000000e+00   5.6560309e-03
   6.1000000e+01   6.0000000e+00   5.5991226e-03
   6.2000000e+01   5.0000000e+00   5.5427869e-03
   6.3000000e+01   5.0000000e+00   5.4870180e-03
   6.4000000e+01   5.0000000e+00   5.4318102e-03
   6.5000000e+01   2.0000000e+00   5.3771579e-03
   6.6000000e+01   2.0000000e+00   5.3230555e-03
   6.7000000e+01   5.0000000e+00   5.2694975e-03
   6.8000000e+01   2.0000000e+00   5.2164783e-03
   6.9000000e+01   0.0000000e+00   5.1639926e-03
   7.0000000e+01   1.0000000e+00   5.1120349e-03
   7.1000000e+01   2.0000000e+00   5.0606001e-03
   7.2000000e+01   4.0000000e+00   5.0096827e-03
   7.3000000e+01   2.0000000e+00   4.9592777e-03
   7.4000000e+01   7.0000000e+00   4.9093798e-03
   7.5000000e+01   4.0000000e+00   4.8599839e-03
   7.6000000e+01   0.0000000e+00   4.8110851e-03
   7.7000000e+01   2.0000000e+00   4.7626782e-03
   7.8000000e+01   8.0000000e+00   4.7147584e-03
   7.9000000e+01   0.0000000e+00   4.6673208e-03
   8.0000000e+01   0.0000000e+00   4.6203604e-03
   8.1000000e+01   1.0000000e+00   4.5738725e-03
   8.2000000e+01   7.0000000e+00   4.5278524e-03
   8.3000000e+01   3.0000000e+00   4.4822953e-03
   8.4000000e+01   1.0000000e+00   4.4371966e-03
   8.5000000e+01   4.0000000e+00   4.3925516e-03
   8.6000000e+01   3.0000000e+00   4.3483558e-03
   8.7000000e+01   5.0000000e+00   4.3046048e-03
   8.8000000e+01   0.0000000e+00   4.2612939e-03
   8.9000000e+01   1.0000000e+00   4.2184188e-03
   9.0000000e+01   2.0000000e+00   4.1759750e-03
   9.1000000e+01   3.0000000e+00   4.1339584e-03
   9.2000000e+01   2.0000000e+00   4.0923644e-03
   9.3000000e+01   1.0000000e+00   4.0511890e-03
   9.4000000e+01   5.0000000e+00   4.0104279e-03
   9.5000000e+01   4.0000000e+00   3.9700768e-03
   9.6000000e+01   1.0000000e+00   3.9301318e-03
   9.7000000e+01   3.0000000e+00   3.8905887e-03
   9.8000000e+01   2.0000000e+00   3.8514434e-03
   9.9000000e+01   1.0000000e+00   3.8126921e-03
   1.0000000e+02   2.0000000e+00   3.7743306e-03
   1.0100000e+02   5.0000000e+00   3.7363550e-03
   1.0200000e+02   1.0000000e+00   3.6987616e-03
   1.0300000e+02   2.0000000e+00   3.6615464e-03
   1.0400000e+02   0.0000000e+00   3.6247057e-03
   1.0500000e+02   1.0000000e+00   3.5882356e-03
   1.0600000e+02   1.0000000e+00   3.5521325e-03
   1.0700000e+02   3.0000000e+00   3.5163926e-03
   1.0800000e+02   1.0000000e+00   3.4810124e-03
   1.0900000e+02   3.0000000e+00   3.4459881e-03
   1.1000000e+02   3.0000000e+00   3.4113162e-03
   1.1100000e+02   2.0000000e+00   3.3769931e-03
   1.1200000e+02   2.0000000e+00   3.3430154e-03
   1.1300000e+02   0.0000000e+00   3.3093796e-03
   1.1400000e+02   3.0000000e+00   3.2760822e-03
   1.1500000e+02   2.0000000e+00   3.2431198e-03
   1.1600000e+02   2.0000000e+00   3.2104891e-03
   1.1700000e+02   1.0000000e+00   3.1781867e-03
   1.1800000e+02   3.0000000e+00   3.1462093e-03
   1.1900000e+02   2.0000000e+00   3.1145536e-03
   1.2000000e+02   2.0000000e+00   3.0832164e-03
   1.2100000e+02   0.0000000e+00   3.0521946e-03
   1.2200000e+02   1.0000000e+00   3.0214849e-03
   1.2300000e+02   1.0000000e+00   2.9910841e-03
   1.2400000e+02   0.0000000e+00   2.9609892e-03
   1.2500000e+02   0.0000000e+00   2.9311972e-03
   1.2600000e+02   2.0000000e+00   2.9017049e-03
   1.2700000e+02   4.0000000e+00   2.8725093e-03
   1.2800000e+02   3.0000000e+00   2.8436075e-03
   1.2900000e+02   0.0000000e+00   2.8149964e-03
   1.3000000e+02   1.0000000e+00   2.7866733e-03
   1.3100000e+02   0.0000000e+00   2.7586351e-03
   1.3200000e+02   2.0000000e+00   2.7308790e-03
   1.3300000e+02   3.0000000e+00   2.7034022e-03
   1.3400000e+02   0.0000000e+00   2.6762019e-03
   1.3500000e+02   1.0000000e+00   2.6492752e-03
   1.3600000e+02   2.0000000e+00   2.6226195e-03
   1.3700000e+02   1.0000000e+00   2.5962319e-03
   1.3800000e+02   2.0000000e+00   2.5701099e-03
   1.3900000e+02   1.0000000e+00   2.5442506e-03
   1.4000000e+02   0.0000000e+00   2.5186516e-03
   1.4100000e+02   1.0000000e+00   2.4933101e-03
   1.4200000e+02   2.0000000e+00   2.4682236e-03
   1.4300000e+02   2.0000000e+00   2.4433895e-03
   1.4400000e+02   0.0000000e+00   2.4188053e-03
   1.4500000e+02   1.0000000e+00   2.3944684e-03
   1.4600000e+02   0.0000000e+00   2.3703764e-03
   1.4700000e+02   1.0000000e+00   2.3465268e-03
   1.4800000e+02   1.0000000e+00   2.3229172e-03
   1.4900000e+02   0.0000000e+00   2.2995451e-03
   1.5000000e+02   0.0000000e+00   2.2764082e-03
   1.5100000e+02   1.0000000e+00   2.2535040e-03
   1.5200000e+02   0.0000000e+00   2.2308303e-03
   1.5300000e+02   1.0000000e+00   2.2083848e-03
   1.5400000e+02   1.0000000e+00   2.1861651e-03
   1.5500000e+02   0.0000000e+00   2.1641689e-03
   1.5600000e+02   0.0000000e+00   2.1423941e-03
   1.5700000e+02   0.0000000e+00   2.1208383e-03
   1.5800000e+02   2.0000000e+00   2.0994995e-03
   1.5900000e+02   1.0000000e+00   2.0783753e-03
   1.6000000e+02   1.0000000e+00   2.0574637e-03
   1.6100000e+02   3.0000000e+00   2.0367624e-03
   1.6200000e+02   1.0000000e+00   2.0162695e-03
   1.6300000e+02   0.0000000e+00   1.9959828e-03
   1.6400000e+02   3.0000000e+00   1.9759001e-03
   1.6500000e+02   1.0000000e+00   1.9560196e-03
   1.6600000e+02   2.0000000e+00   1.9363390e-03
   1.6700000e+02   0.0000000e+00   1.9168565e-03
   1.6800000e+02   1.0000000e+00   1.8975700e-03
   1.6900000e+02   0.0000000e+00   1.8784776e-03
   1.7000000e+02   0.0000000e+00   1.8595772e-03
   1.7100000e+02   2.0000000e+00   1.8408670e-03
   1.7200000e+02   1.0000000e+00   1.8223451e-03
   1.7300000e+02   0.0000000e+00   1.8040095e-03
   1.7400000e+02   1.0000000e+00   1.7858584e-03
   1.7500000e+02   0.0000000e+00   1.7678900e-03
   1.7600000e+02   0.0000000e+00   1.7501023e-03
   1.7700000e+02   1.0000000e+00   1.7324936e-03
   1.7800000e+02   2.0000000e+00   1.7150621e-03
   1.7900000e+02   0.0000000e+00   1.6978060e-03
   1.8000000e+02   1.0000000e+00   1.6807234e-03
   1.8100000e+02   1.0000000e+00   1.6638128e-03
   1.8200000e+02   0.0000000e+00   1.6470723e-03
   1.8300000e+02   0.0000000e+00   1.6305002e-03
   1.8400000e+02   0.0000000e+00   1.6140949e-03
   1.8500000e+02   0.0000000e+00   1.5978547e-03
   1.8600000e+02   2.0000000e+00   1.5817778e-03
   1.8700000e+02   2.0000000e+00   1.5658627e-03
   1.8800000e+02   1.0000000e+00   1.5501078e-03
   1.8900000e+02   0.0000000e+00   1.5345113e-03
   1.9000000e+02   0.0000000e+00   1.5190718e-03
   1.9100000e+02   0.0000000e+00   1.5037876e-03
   1.9200000e+02   1.0000000e+00   1.4886572e-03
   1.9300000e+02   0.0000000e+00   1.4736790e-03
   1.9400000e+02   2.0000000e+00   1.4588516e-03
   1.9500000e+02   0.0000000e+00   1.4441733e-03
   1.9600000e+02   1.0000000e+00   1.4296427e-03
   1.9700000e+02   2.0000000e+00   1.4152583e-03
   1.9800000e+02   2.0000000e+00   1.4010187e-03
   1.9900000e+02   0.0000000e+00   1.3869223e-03
   2.0000000e+02   0.0000000e+00   1.3729678e-03
   2.0100000e+02   0.0000000e+00   1.3591536e-03
   2.0200000e+02   0.0000000e+00   1.3454784e-03
   2.0300000e+02   0.0000000e+00   1.3319409e-03
   2.0400000e+02   0.0000000e+00   1.3185395e-03
   2.0500000e+02   1.0000000e+00   1.3052730e-03
   2.0600000e+02   0.0000000e+00   1.2921400e-03
   2.0700000e+02   0.0000000e+00   1.2791391e-03
   2.0800000e+02   0.0000000e+00   1.2662690e-03
   2.0900000e+02   0.0000000e+00   1.2535284e-03
   2.1000000e+02   0.0000000e+00   1.2409160e-03
   2.1100000e+02   0.0000000e+00   1.2284305e-03
   2.1200000e+02   0.0000000e+00   1.2160706e-03
   2.1300000e+02   0.0000000e+00   1.2038351e-03
   2.1400000e+02   0.0000000e+00   1.1917226e-03
   2.1500000e+02   0.0000000e+00   1.1797321e-03
   2.1600000e+02   2.0000000e+00   1.1678622e-03
   2.1700000e+02   0.0000000e+00   1.1561117e-03
   2.1800000e+02   0.0000000e+00   1.1444795e-03
   2.1900000e+02   1.0000000e+00   1.1329643e-03
   2.2000000e+02   1.0000000e+00   1.1215649e-03
   2.2100000e+02   2.0000000e+00   1.1102803e-03
   2.2200000e+02   0.0000000e+00   1.0991092e-03
   2.2300000e+02   1.0000000e+00   1.0880504e-03
   2.2400000e+02   1.0000000e+00   1.0771030e-03
   2.2500000e+02   1.0000000e+00   1.0662657e-03
   2.2600000e+02   0.0000000e+00   1.0555374e-03
   2.2700000e+02   0.0000000e+00   1.0449171e-03
   2.2800000e+02   2.0000000e+00   1.0344037e-03
   2.2900000e+02   0.0000000e+00   1.0239960e-03
   2.3000000e+02   0.0000000e+00   1.0136930e-03
   2.3100000e+02   0.0000000e+00   1.0034937e-03
   2.3200000e+02   3.0000000e+00   9.9339705e-04
   2.3300000e+02   0.0000000e+00   9.8340196e-04
   2.3400000e+02   0.0000000e+00   9.7350744e-04
   2.3500000e+02   1.0000000e+00   9.6371247e-04
   2.3600000e+02   0.0000000e+00   9.5401605e-04
   2.3700000e+02   0.0000000e+00   9.4441719e-04
   2.3800000e+02   1.0000000e+00   9.3491492e-04
   2.3900000e+02   0.0000000e+00   9.2550825e-04
   2.4000000e+02   1.0000000e+00   9.1619622e-04
   2.4100000e+02   2.0000000e+00   9.0697789e-04
   2.4200000e+02   0.0000000e+00   8.9785231e-04
   2.4300000e+02   0.0000000e+00   8.8881855e-04
   2.4400000e+02   0.0000000e+00   8.7987568e-04
   2.4500000e+02   0.0000000e+00   8.7102279e-04
   2.4600000e+02   0.0000000e+00   8.6225897e-04
   2.4700000e+02   1.0000000e+00   8.5358333e-04
   2.4800000e+02   0.0000000e+00   8.4499498e-04
   2.4900000e+02   1.0000000e+00   8.3649304e-04
   2.5000000e+02   0.0000000e+00   8.2807665e-04
   2.5100000e+02   1.0000000e+00   8.1974494e-04
   2.5200000e+02   0.0000000e+00   8.1149705e-04
   2.5300000e+02   0.0000000e+00   8.0333215e-04
   2.5400000e+02   1.0000000e+00   7.9524941e-04
   2.5500000e+02   1.0000000e+00   7.8724799e-04
   2.5600000e+02   0.0000000e+00   7.7932707e-04
   2.5700000e+02   1.0000000e+00   7.7148585e-04
   2.5800000e+02   0.0000000e+00   7.6372353e-04
   2.5900000e+02   1.0000000e+00   7.5603931e-04
   2.6000000e+02   1.0000000e+00   7.4843240e-04
   2.6100000e+02   0.0000000e+00   7.4090203e-04
   2.6200000e+02   0.0000000e+00   7.3344742e-04
   2.6300000e+02   0.0000000e+00   7.2606782e-04
   2.6400000e+02   0.0000000e+00   7.1876247e-04
   2.6500000e+02   0.0000000e+00   7.1153063e-04
   2.6600000e+02   0.0000000e+00   7.0437154e-04
   2.6700000e+02   0.0000000e+00   6.9728449e-04
   2.6800000e+02   0.0000000e+00   6.9026875e-04
   2.6900000e+02   0.0000000e+00   6.8332359e-04
   2.7000000e+02   1.0000000e+00   6.7644831e-04
   2.7100000e+02   1.0000000e+00   6.6964221e-04
   2.7200000e+02   0.0000000e+00   6.6290459e-04
   2.7300000e+02   0.0000000e+00   6.5623476e-04
   2.7400000e+02   0.0000000e+00   6.4963204e-04
   2.7500000e+02   1.0000000e+00   6.4309575e-04
   2.7600000e+02   0.0000000e+00   6.3662523e-04
   2.7700000e+02   0.0000000e+00   6.3021980e-04
   2.7800000e+02   0.0000000e+00   6.2387883e-04
   2.7900000e+02   0.0000000e+00   6.1760166e-04
   2.8000000e+02   0.0000000e+00   6.1138765e-04
   2.8100000e+02   0.0000000e+00   6.0523615e-04
   2.8200000e+02   1.0000000e+00   5.9914656e-04
   2.8300000e+02   1.0000000e+00   5.9311823e-04
   2.8400000e+02   0.0000000e+00   5.8715055e-04
   2.8500000e+02   0.0000000e+00   5.8124292e-04
   2.8600000e+02   0.0000000e+00   5.7539473e-04
   2.8700000e+02   0.0000000e+00   5.6960539e-04
   2.8800000e+02   0.0000000e+00   5.6387429e-04
   2.8900000e+02   0.0000000e+00   5.5820085e-04
   2.9000000e+02   2.0000000e+00   5.5258450e-04
   2.9100000e+02   1.0000000e+00   5.4702466e-04
   2.9200000e+02   0.0000000e+00   5.4152076e-04
   2.9300000e+02   1.0000000e+00   5.3607223e-04
   2.9400000e+02   0.0000000e+00   5.3067853e-04
   2.9500000e+02   0.0000000e+00   5.2533909e-04
   2.9600000e+02   0.0000000e+00   5.2005338e-04
   2.9700000e+02   0.0000000e+00   5.1482085e-04
   2.9800000e+02   0.0000000e+00   5.0964097e-04
   2.9900000e+02   0.0000000e+00   5.0451320e-04
   3.0000000e+02   0.0000000e+00   4.9943703e-04
   3.0100000e+02   0.0000000e+00   4.9441193e-04
   3.0200000e+02   0.0000000e+00   4.8943739e-04
   3.0300000e+02   2.0000000e+00   4.8451291e-04
   3.0400000e+02   0.0000000e+00   4.7963797e-04
   3.0500000e+02   0.0000000e+00   4.7481208e-04
   3.0600000e+02   0.0000000e+00   4.7003475e-04
   3.0700000e+02   0.0000000e+00   4.6530548e-04
   3.0800000e+02   1.0000000e+00   4.6062380e-04
   3.0900000e+02   0.0000000e+00   4.5598922e-04
   3.1000000e+02   0.0000000e+00   4.5140127e-04
   3.1100000e+02   0.0000000e+00   4.4685949e-04
   3.1200000e+02   0.0000000e+00   4.4236340e-04
   3.1300000e+02   0.0000000e+00   4.3791255e-04
   3.1400000e+02   0.0000000e+00   4.3350648e-04
   3.1500000e+02   1.0000000e+00   4.2914475e-04
   3.1600000e+02   0.0000000e+00   4.2482690e-04
   3.1700000e+02   0.0000000e+00   4.2055249e-04
   3.1800000e+02   0.0000000e+00   4.1632109e-04
   3.1900000e+02   0.0000000e+00   4.1213227e-04
   3.2000000e+02   0.0000000e+00   4.0798559e-04
   3.2100000e+02   0.0000000e+00   4.0388063e-04
   3.2200000e+02   0.0000000e+00   3.9981697e-04
   3.2300000e+02   0.0000000e+00   3.9579421e-04
   3.2400000e+02   1.0000000e+00   3.9181191e-04
   3.2500000e+02   0.0000000e+00   3.8786969e-04
   3.2600000e+02   0.0000000e+00   3.8396713e-04
   3.2700000e+02   1.0000000e+00   3.8010383e-04
   3.2800000e+02   0.0000000e+00   3.7627941e-04
   3.2900000e+02   0.0000000e+00   3.7249346e-04
   3.3000000e+02   0.0000000e+00   3.6874561e-04
   3.3100000e+02   0.0000000e+00   3.6503547e-04
   3.3200000e+02   0.0000000e+00   3.6136266e-04
   3.3300000e+02   1.0000000e+00   3.5772680e-04
   3.3400000e+02   0.0000000e+00   3.5412752e-04
   3.3500000e+02   0.0000000e+00   3.5056446e-04
   3.3600000e+02   0.0000000e+00   3.4703724e-04
   3.3700000e+02   2.0000000e+00   3.4354552e-04
   3.3800000e+02   0.0000000e+00   3.4008893e-04
   3.3900000e+02   0.0000000e+00   3.3666711e-04
   3.4000000e+02   0.0000000e+00   3.3327973e-04
   3.4100000e+02   0.0000000e+00   3.2992643e-04
   3.4200000e+02   0.0000000e+00   3.2660686e-04
   3.4300000e+02   0.0000000e+00   3.2332070e-04
   3.4400000e+02   0.0000000e+00   3.2006760e-04
   3.4500000e+02   0.0000000e+00   3.1684723e-04
   3.4600000e+02   0.0000000e+00   3.1365927e-04
   3.4700000e+02   0.0000000e+00   3.1050338e-04
   3.4800000e+02   0.0000000e+00   3.0737924e-04
   3.4900000e+02   0.0000000e+00   3.0428654e-04
   3.5000000e+02   0.0000000e+00   3.0122495e-04
   3.5100000e+02   1.0000000e+00   2.9819417e-04
   3.5200000e+02   0.0000000e+00   2.9519388e-04
   3.5300000e+02   1.0000000e+00   2.9222378e-04
   3.5400000e+02   0.0000000e+00   2.8928356e-04
   3.5500000e+02   0.0000000e+00   2.8637293e-04
   3.5600000e+02   1.0000000e+00   2.8349158e-04
   3.5700000e+02   1.0000000e+00   2.8063922e-04
   3.5800000e+02   0.0000000e+00   2.7781556e-04
   3.5900000e+02   0.0000000e+00   2.7502032e-04
   3.6000000e+02   0.0000000e+00   2.7225319e-04
   3.6100000e+02   0.0000000e+00   2.6951391e-04
   3.6200000e+02   1.0000000e+00   2.6680219e-04
   3.6300000e+02   0.0000000e+00   2.6411775e-04
   3.6400000e+02   0.0000000e+00   2.6146033e-04
   3.6500000e+02   0.0000000e+00   2.5882964e-04
   3.6600000e+02   0.0000000e+00   2.5622542e-04
   3.6700000e+02   0.0000000e+00   2.5364740e-04
   3.6800000e+02   1.0000000e+00   2.5109532e-04
   3.6900000e+02   0.0000000e+00   2.4856892e-04
   3.7000000e+02   0.0000000e+00   2.4606793e-04
   3.7100000e+02   0.0000000e+00   2.4359211e-04
   3.7200000e+02   0.0000000e+00   2.4114121e-04
   3.7300000e+02   0.0000000e+00   2.3871496e-04
   3.7400000e+02   0.0000000e+00   2.3631312e-04
   3.7500000e+02   0.0000000e+00   2.3393545e-04
   3.7600000e+02   0.0000000e+00   2.3158170e-04
   3.7700000e+02   1.0000000e+00   2.2925164e-04
   3.7800000e+02   0.0000000e+00   2.2694502e-04
   3.7900000e+02   0.0000000e+00   2.2466161e-04
   3.8000000e+02   0.0000000e+00   2.2240117e-04
   3.8100000e+02   0.0000000e+00   2.2016347e-04
   3.8200000e+02   0.0000000e+00   2.1794829e-04
   3.8300000e+02   0.0000000e+00   2.1575540e-04
   3.8400000e+02   0.0000000e+00   2.1358457e-04
   3.8500000e+02   0.0000000e+00   2.1143559e-04
   3.8600000e+02   0.0000000e+00   2.0930822e-04
   3.8700000e+02   0.0000000e+00   2.0720226e-04
   3.8800000e+02   1.0000000e+00   2.0511749e-04
   3.8900000e+02   0.0000000e+00   2.0305370e-04
   3.9000000e+02   0.0000000e+00   2.0101067e-04
   3.9100000e+02   0.0000000e+00   1.9898819e-04
   3.9200000e+02   0.0000000e+00   1.9698607e-04
   3.9300000e+02   0.0000000e+00   1.9500409e-04
   3.9400000e+02   0.0000000e+00   1.9304205e-04
   3.9500000e+02   0.0000000e+00   1.9109975e-04
   3.9600000e+02   0.0000000e+00   1.8917700e-04
   3.9700000e+02   0.0000000e+00   1.8727359e-04
   3.9800000e+02   0.0000000e+00   1.8538933e-04
   3.9900000e+02   1.0000000e+00   1.8352403e-04
   4.0000000e+02   0.0000000e+00   1.8167750e-04
   4.0100000e+02   0.0000000e+00   1.7984955e-04
   4.0200000e+02   1.0000000e+00   1.7803999e-04
   4.0300000e+02   0.0000000e+00   1.7624863e-04
   4.0400000e+02   0.0000000e+00   1.7447530e-04
   4.0500000e+02   0.0000000e+00   1.7271981e-04
   4.0600000e+02   0.0000000e+00   1.7098199e-04
   4.0700000e+02   0.0000000e+00   1.6926165e-04
   4.0800000e+02   0.0000000e+00   1.6755862e-04
   4.0900000e+02   0.0000000e+00   1.6587272e-04
   4.1000000e+02   0.0000000e+00   1.6420379e-04
   4.1100000e+02   0.0000000e+00   1.6255165e-04
   4.1200000e+02   0.0000000e+00   1.6091613e-04
   4.1300000e+02   1.0000000e+00   1.5929707e-04
   4.1400000e+02   0.0000000e+00   1.5769430e-04
   4.1500000e+02   0.0000000e+00   1.5610766e-04
   4.1600000e+02   0.0000000e+00   1.5453698e-04
   4.1700000e+02   0.0000000e+00   1.5298210e-04
   4.1800000e+02   0.0000000e+00   1.5144286e-04
   4.1900000e+02   0.0000000e+00   1.4991912e-04
   4.2000000e+02   0.0000000e+00   1.4841070e-04
   4.2100000e+02   0.0000000e+00   1.4691747e-04
   4.2200000e+02   0.0000000e+00   1.4543925e-04
   4.2300000e+02   0.0000000e+00   1.4397591e-04
   4.2400000e+02   0.0000000e+00   1.4252729e-04
   4.2500000e+02   0.0000000e+00   1.4109325e-04
   4.2600000e+02   0.0000000e+00   1.3967364e-04
   4.2700000e+02   0.0000000e+00   1.3826831e-04
   4.2800000e+02   0.0000000e+00   1.3687712e-04
   4.2900000e+02   0.0000000e+00   1.3549993e-04
   4.3000000e+02   0.0000000e+00   1.3413659e-04
   4.3100000e+02   0.0000000e+00   1.3278697e-04
   4.3200000e+02   0.0000000e+00   1.3145093e-04
   4.3300000e+02   0.0000000e+00   1.3012834e-04
   4.3400000e+02   0.0000000e+00   1.2881905e-04
   4.3500000e+02   0.0000000e+00   1.2752293e-04
   4.3600000e+02   0.0000000e+00   1.2623986e-04
   4.3700000e+02   0.0000000e+00   1.2496969e-04
   4.3800000e+02   0.0000000e+00   1.2371230e-04
   4.3900000e+02   0.0000000e+00   1.2246757e-04
   4.4000000e+02   0.0000000e+00   1.2123536e-04
   4.4100000e+02   0.0000000e+00   1.2001555e-04
   4.4200000e+02   0.0000000e+00   1.1880801e-04
   4.4300000e+02   0.0000000e+00   1.1761262e-04
   4.4400000e+02   1.0000000e+00   1.1642926e-04
   4.4500000e+02   0.0000000e+00   1.1525780e-04
   4.4600000e+02   0.0000000e+00   1.1409813e-04
   4.4700000e+02   0.0000000e+00   1.1295013e-04
   4.4800000e+02   0.0000000e+00   1.1181368e-04
   4.4900000e+02   0.0000000e+00   1.1068866e-04
   4.5000000e+02   0.0000000e+00   1.0957497e-04
   4.5100000e+02   0.0000000e+00   1.0847247e-04
   4.5200000e+02   0.0000000e+00   1.0738108e-04
   4.5300000e+02   0.0000000e+00   1.0630066e-04
   4.5400000e+02   0.0000000e+00   1.0523111e-04
   4.5500000e+02   0.0000000e+00   1.0417233e-04
   4.5600000e+02   1.0000000e+00   1.0312419e-04
   4.5700000e+02   0.0000000e+00   1.0208661e-04
   4.5800000e+02   0.0000000e+00   1.0105946e-04
   4.5900000e+02   0.0000000e+00   1.0004265e-04
   4.6000000e+02   0.0000000e+00   9.9036067e-05
   4.6100000e+02   0.0000000e+00   9.8039613e-05
   4.6200000e+02   0.0000000e+00   9.7053185e-05
   4.6300000e+02   0.0000000e+00   9.6076682e-05
   4.6400000e+02   0.0000000e+00   9.5110004e-05
   4.6500000e+02   0.0000000e+00   9.4153052e-05
   4.6600000e+02   0.0000000e+00   9.3205729e-05
   4.6700000e+02   0.0000000e+00   9.2267937e-05
   4.6800000e+02   0.0000000e+00   9.1339581e-05
   4.6900000e+02   0.0000000e+00   9.0420566e-05
   4.7000000e+02   0.0000000e+00   8.9510797e-05
   4.7100000e+02   0.0000000e+00   8.8610182e-05
   4.7200000e+02   0.0000000e+00   8.7718629e-05
   4.7300000e+02   0.0000000e+00   8.6836045e-05
   4.7400000e+02   0.0000000e+00   8.5962342e-05
   4.7500000e+02   0.0000000e+00   8.5097430e-05
   4.7600000e+02   0.0000000e+00   8.4241220e-05
   4.7700000e+02   0.0000000e+00   8.3393625e-05
   4.7800000e+02   0.0000000e+00   8.2554558e-05
   4.7900000e+02   0.0000000e+00   8.1723933e-05
   4.8000000e+02   0.0000000e+00   8.0901666e-05
   4.8100000e+02   0.0000000e+00   8.0087672e-05
   4.8200000e+02   0.0000000e+00   7.9281868e-05
   4.8300000e+02   0.0000000e+00   7.8484171e-05
   4.8400000e+02   0.0000000e+00   7.7694501e-05
   4.8500000e+02   0.0000000e+00   7.6912776e-05
   4.8600000e+02   0.0000000e+00   7.6138916e-05
   4.8700000e+02   0.0000000e+00   7.5372842e-05
   4.8800000e+02   0.0000000e+00   7.4614477e-05
   4.8900000e+02   0.0000000e+00   7.3863741e-05
   4.9000000e+02   0.0000000e+00   7.3120559e-05
   4.9100000e+02   0.0000000e+00   7.2384855e-05
   4.9200000e+02   0.0000000e+00   7.1656553e-05
   4.9300000e+02   0.0000000e+00   7.0935579e-05
   4.9400000e+02   0.0000000e+00   7.0221859e-05
   4.9500000e+02   0.0000000e+00   6.9515320e-05
   4.9600000e+02   0.0000000e+00   6.8815890e-05
   4.9700000e+02   0.0000000e+00   6.8123497e-05
   4.9800000e+02   0.0000000e+00   6.7438071e-05
   4.9900000e+02   0.0000000e+00   6.6759541e-05
   5.0000000e+02   0.0000000e+00   6.6087838e-05
   5.0100000e+02   0.0000000e+00   6.5422894e-05
   5.0200000e+02   0.0000000e+00   6.4764640e-05
   5.0300000e+02   0.0000000e+00   6.4113009e-05
   5.0400000e+02   0.0000000e+00   6.3467934e-05
   5.0500000e+02   0.0000000e+00   6.2829350e-05
   5.0600000e+02   0.0000000e+00   6.2197191e-05
   5.0700000e+02   0.0000000e+00   6.1571392e-05
   5.0800000e+02   0.0000000e+00   6.0951890e-05
   5.0900000e+02   0.0000000e+00   6.0338621e-05
   5.1000000e+02   0.0000000e+00   5.9731523e-05
   5.1100000e+02   0.0000000e+00   5.9130532e-05
   5.1200000e+02   0.0000000e+00   5.8535589e-05
   5.1300000e+02   0.0000000e+00   5.7946632e-05
   5.1400000e+02   0.0000000e+00   5.7363600e-05
   5.1500000e+02   0.0000000e+00   5.6786435e-05
   5.1600000e+02   0.0000000e+00   5.6215077e-05
   5.1700000e+02   0.0000000e+00   5.5649468e-05
   5.1800000e+02   1.0000000e+00   5.5089549e-05
   5.1900000e+02   0.0000000e+00   5.4535264e-05
   5.2000000e+02   0.0000000e+00   5.3986556e-05
   5.2100000e+02   0.0000000e+00   5.3443369e-05
   5.2200000e+02   0.0000000e+00   5.2905648e-05
   5.2300000e+02   0.0000000e+00   5.2373336e-05
   5.2400000e+02   0.0000000e+00   5.1846380e-05
   5.2500000e+02   0.0000000e+00   5.1324727e-05
   5.2600000e+02   0.0000000e+00   5.0808322e-05
   5.2700000e+02   0.0000000e+00   5.0297113e-05
   5.2800000e+02   0.0000000e+00   4.9791047e-05
   5.2900000e+02   0.0000000e+00   4.9290073e-05
   5.3000000e+02   0.0000000e+00   4.8794140e-05
   5.3100000e+02   0.0000000e+00   4.8303196e-05
   5.3200000e+02   0.0000000e+00   4.7817193e-05
   5.3300000e+02   0.0000000e+00   4.7336079e-05
   5.3400000e+02   0.0000000e+00   4.6859806e-05
   5.3500000e+02   0.0000000e+00   4.6388325e-05
   5.3600000e+02   0.0000000e+00   4.5921587e-05
   5.3700000e+02   0.0000000e+00   4.5459546e-05
   5.3800000e+02   0.0000000e+00   4.5002154e-05
   5.3900000e+02   0.0000000e+00   4.4549363e-05
   5.4000000e+02   0.0000000e+00   4.4101129e-05
   5.4100000e+02   0.0000000e+00   4.3657404e-05
   5.4200000e+02   0.0000000e+00   4.3218144e-05
   5.4300000e+02   0.0000000e+00   4.2783304e-05
   5.4400000e+02   0.0000000e+00   4.2352839e-05
   5.4500000e+02   0.0000000e+00   4.1926704e-05
   5.4600000e+02   0.0000000e+00   4.1504858e-05
   5.4700000e+02   0.0000000e+00   4.1087256e-05
   5.4800000e+02   0.0000000e+00   4.0673855e-05
   5.4900000e+02   0.0000000e+00   4.0264614e-05
   5.5000000e+02   1.0000000e+00   3.9859491e-05
   5.5100000e+02   0.0000000e+00   3.9458444e-05
   5.5200000e+02   0.0000000e+00   3.9061432e-05
   5.5300000e+02   0.0000000e+00   3.8668414e-05
   5.5400000e+02   0.0000000e+00   3.8279351e-05
   5.5500000e+02   0.0000000e+00   3.7894202e-05
   5.5600000e+02   0.0000000e+00   3.7512929e-05
   5.5700000e+02   0.0000000e+00   3.7135491e-05
   5.5800000e+02   0.0000000e+00   3.6761852e-05
   5.5900000e+02   0.0000000e+00   3.6391971e-05
   5.6000000e+02   0.0000000e+00   3.6025813e-05
   5.6100000e+02   0.0000000e+00   3.5663338e-05
   5.6200000e+02   0.0000000e+00   3.5304511e-05
   5.6300000e+02   0.0000000e+00   3.4949293e-05
   5.6400000e+02   0.0000000e+00   3.4597650e-05
   5.6500000e+02   0.0000000e+00   3.4249545e-05
   5.6600000e+02   0.0000000e+00   3.3904942e-05
   5.6700000e+02   0.0000000e+00   3.3563807e-05
   5.6800000e+02   0.0000000e+00   3.3226104e-05
   5.6900000e+02   0.0000000e+00   3.2891799e-05
   5.7000000e+02   0.0000000e+00   3.2560857e-05
   5.7100000e+02   0.0000000e+00   3.2233245e-05
   5.7200000e+02   0.0000000e+00   3.1908930e-05
   5.7300000e+02   0.0000000e+00   3.1587877e-05
   5.7400000e+02   0.0000000e+00   3.1270055e-05
   5.7500000e+02   0.0000000e+00   3.0955430e-05
   5.7600000e+02   0.0000000e+00   3.0643972e-05
   5.7700000e+02   0.0000000e+00   3.0335647e-05
   5.7800000e+02   0.0000000e+00   3.0030424e-05
   5.7900000e+02   0.0000000e+00   2.9728272e-05
   5.8000000e+02   0.0000000e+00   2.9429160e-05
   5.8100000e+02   0.0000000e+00   2.9133058e-05
   5.8200000e+02   0.0000000e+00   2.8839935e-05
   5.8300000e+02   0.0000000e+00   2.8549761e-05
   5.8400000e+02   0.0000000e+00   2.8262507e-05
   5.8500000e+02   0.0000000e+00   2.7978143e-05
   5.8600000e+02   0.0000000e+00   2.7696640e-05
   5.8700000e+02   0.0000000e+00   2.7417970e-05
   5.8800000e+02   0.0000000e+00   2.7142103e-05
   5.8900000e+02   0.0000000e+00   2.6869012e-05
   5.9000000e+02   0.0000000e+00   2.6598669e-05
   5.9100000e+02   0.0000000e+00   2.6331046e-05
   5.9200000e+02   0.0000000e+00   2.6066116e-05
   5.9300000e+02   0.0000000e+00   2.5803851e-05
   5.9400000e+02   0.0000000e+00   2.5544225e-05
   5.9500000e+02   0.0000000e+00   2.5287211e-05
   5.9600000e+02   0.0000000e+00   2.5032783e-05
   5.9700000e+02   0.0000000e+00   2.4780915e-05
   5.9800000e+02   0.0000000e+00   2.4531581e-05
   5.9900000e+02   0.0000000e+00   2.4284756e-05
   6.0000000e+02   0.0000000e+00   2.4040414e-05
   6.0100000e+02   0.0000000e+00   2.3798531e-05
   6.0200000e+02   0.0000000e+00   2.3559082e-05
   6.0300000e+02   0.0000000e+00   2.3322041e-05
   6.0400000e+02   0.0000000e+00   2.3087386e-05
   6.0500000e+02   0.0000000e+00   2.2855092e-05
   6.0600000e+02   0.0000000e+00   2.2625135e-05
   6.0700000e+02   0.0000000e+00   2.2397491e-05
   6.0800000e+02   0.0000000e+00   2.2172138e-05
   6.0900000e+02   0.0000000e+00   2.1949053e-05
   6.1000000e+02   0.0000000e+00   2.1728212e-05
   6.1100000e+02   0.0000000e+00   2.1509593e-05
   6.1200000e+02   0.0000000e+00   2.1293174e-05
   6.1300000e+02   0.0000000e+00   2.1078932e-05
   6.1400000e+02   0.0000000e+00   2.0866846e-05
   6.1500000e+02   0.0000000e+00   2.0656893e-05
   6.1600000e+02   0.0000000e+00   2.0449054e-05
   6.1700000e+02   0.0000000e+00   2.0243305e-05
   6.1800000e+02   0.0000000e+00   2.0039626e-05
   6.1900000e+02   0.0000000e+00   1.9837997e-05
   6.2000000e+02   0.0000000e+00   1.9638397e-05
   6.2100000e+02   0.0000000e+00   1.9440805e-05
   6.2200000e+02   0.0000000e+00   1.9245200e-05
   6.2300000e+02   0.0000000e+00   1.9051564e-05
   6.2400000e+02   0.0000000e+00   1.8859877e-05
   6.2500000e+02   0.0000000e+00   1.8670117e-05
   6.2600000e+02   0.0000000e+00   1.8482268e-05
   6.2700000e+02   0.0000000e+00   1.8296308e-05
   6.2800000e+02   0.0000000e+00   1.8112219e-05
   6.2900000e+02   0.0000000e+00   1.7929982e-05
   6.3000000e+02   0.0000000e+00   1.7749580e-05
   6.3100000e+02   0.0000000e+00   1.7570992e-05
   6.3200000e+02   0.0000000e+00   1.7394201e-05
   6.3300000e+02   0.0000000e+00   1.7219189e-05
   6.3400000e+02   0.0000000e+00   1.7045937e-05
   6.3500000e+02   0.0000000e+00   1.6874429e-05
   6.3600000e+02   0.0000000e+00   1.6704647e-05
   6.3700000e+02   0.0000000e+00   1.6536572e-05
   6.3800000e+02   0.0000000e+00   1.6370189e-05
   6.3900000e+02   0.0000000e+00   1.6205480e-05
   6.4000000e+02   0.0000000e+00   1.6042428e-05
   6.4100000e+02   0.0000000e+00   1.5881017e-05
   6.4200000e+02   0.0000000e+00   1.5721230e-05
   6.4300000e+02   0.0000000e+00   1.5563050e-05
   6.4400000e+02   0.0000000e+00   1.5406462e-05
   6.4500000e+02   0.0000000e+00   1.5251450e-05
   6.4600000e+02   0.0000000e+00   1.5097997e-05
   6.4700000e+02   0.0000000e+00   1.4946088e-05
   6.4800000e+02   0.0000000e+00   1.4795708e-05
   6.4900000e+02   0.0000000e+00   1.4646840e-05
   6.5000000e+02   0.0000000e+00   1.4499471e-05
   6.5100000e+02   0.0000000e+00   1.4353584e-05
   6.5200000e+02   0.0000000e+00   1.4209165e-05
   6.5300000e+02   0.0000000e+00   1.4066199e-05
   6.5400000e+02   0.0000000e+00   1.3924672e-05
   6.5500000e+02   0.0000000e+00   1.3784568e-05
   6.5600000e+02   0.0000000e+00   1.3645875e-05
   6.5700000e+02   0.0000000e+00   1.3508576e-05
   6.5800000e+02   0.0000000e+00   1.3372659e-05
   6.5900000e+02   0.0000000e+00   1.3238110e-05
   6.6000000e+02   0.0000000e+00   1.3104914e-05
   6.6100000e+02   0.0000000e+00   1.2973059e-05
   6.6200000e+02   0.0000000e+00   1.2842530e-05
   6.6300000e+02   0.0000000e+00   1.2713315e-05
   6.6400000e+02   0.0000000e+00   1.2585400e-05
   6.6500000e+02   0.0000000e+00   1.2458771e-05
   6.6600000e+02   0.0000000e+00   1.2333417e-05
   6.6700000e+02   0.0000000e+00   1.2209324e-05
   6.6800000e+02   0.0000000e+00   1.2086480e-05
   6.6900000e+02   0.0000000e+00   1.1964871e-05
   6.7000000e+02   0.0000000e+00   1.1844486e-05
   6.7100000e+02   0.0000000e+00   1.1725313e-05
   6.7200000e+02   0.0000000e+00   1.1607338e-05
   6.7300000e+02   0.0000000e+00   1.1490551e-05
   6.7400000e+02   0.0000000e+00   1.1374938e-05
   6.7500000e+02   0.0000000e+00   1.1260489e-05
   6.7600000e+02   0.0000000e+00   1.1147191e-05
   6.7700000e+02   0.0000000e+00   1.1035034e-05
   6.7800000e+02   0.0000000e+00   1.0924004e-05
   6.7900000e+02   0.0000000e+00   1.0814092e-05
   6.8000000e+02   0.0000000e+00   1.0705286e-05
   6.8100000e+02   0.0000000e+00   1.0597574e-05
   6.8200000e+02   0.0000000e+00   1.0490947e-05
   6.8300000e+02   0.0000000e+00   1.0385392e-05
   6.8400000e+02   0.0000000e+00   1.0280899e-05
   6.8500000e+02   0.0000000e+00   1.0177457e-05
   6.8600000e+02   0.0000000e+00   1.0075057e-05
   6.8700000e+02   0.0000000e+00   9.9736862e-06
   6.8800000e+02   0.0000000e+00   9.8733357e-06
   6.8900000e+02   0.0000000e+00   9.7739949e-06
   6.9000000e+02   0.0000000e+00   9.6756536e-06
   6.9100000e+02   0.0000000e+00   9.5783018e-06
   6.9200000e+02   0.0000000e+00   9.4819294e-06
   6.9300000e+02   0.0000000e+00   9.3865268e-06
   6.9400000e+02   0.0000000e+00   9.2920840e-06
   6.9500000e+02   0.0000000e+00   9.1985915e-06
   6.9600000e+02   0.0000000e+00   9.1060396e-06
   6.9700000e+02   0.0000000e+00   9.0144190e-06
   6.9800000e+02   0.0000000e+00   8.9237202e-06
   6.9900000e+02   0.0000000e+00   8.8339339e-06
   7.0000000e+02   0.0000000e+00   8.7450511e-06
   7.0100000e+02   0.0000000e+00   8.6570626e-06
   7.0200000e+02   0.0000000e+00   8.5699593e-06
   7.0300000e+02   0.0000000e+00   8.4837325e-06
   7.0400000e+02   0.0000000e+00   8.3983732e-06
   7.0500000e+02   0.0000000e+00   8.3138727e-06
   7.0600000e+02   0.0000000e+00   8.2302225e-06
   7.0700000e+02   0.0000000e+00   8.1474139e-06
   7.0800000e+02   0.0000000e+00   8.0654385e-06
   7.0900000e+02   0.0000000e+00   7.9842879e-06
   7.1000000e+02   0.0000000e+00   7.9039538e-06
   7.1100000e+02   0.0000000e+00   7.8244280e-06
   7.1200000e+02   0.0000000e+00   7.7457023e-06
   7.1300000e+02   0.0000000e+00   7.6677687e-06
   7.1400000e+02   0.0000000e+00   7.5906193e-06
   7.1500000e+02   0.0000000e+00   7.5142461e-06
   7.1600000e+02   0.0000000e+00   7.4386413e-06
   7.1700000e+02   0.0000000e+00   7.3637972e-06
   7.1800000e+02   0.0000000e+00   7.2897062e-06
   7.1900000e+02   0.0000000e+00   7.2163606e-06
   7.2000000e+02   0.0000000e+00   7.1437530e-06
   7.2100000e+02   0.0000000e+00   7.0718760e-06
   7.2200000e+02   0.0000000e+00   7.0007221e-06
   7.2300000e+02   0.0000000e+00   6.9302842e-06
   7.2400000e+02   0.0000000e+00   6.8605550e-06
   7.2500000e+02   0.0000000e+00   6.7915273e-06
   7.2600000e+02   0.0000000e+00   6.7231942e-06
   7.2700000e+02   0.0000000e+00   6.6555486e-06
   7.2800000e+02   0.0000000e+00   6.5885837e-06
   7.2900000e+02   0.0000000e+00   6.5222925e-06
   7.3000000e+02   0.0000000e+00   6.4566683e-06
   7.3100000e+02   0.0000000e+00   6.3917043e-06
   7.3200000e+02   0.0000000e+00   6.3273940e-06
   7.3300000e+02   0.0000000e+00   6.2637308e-06
   7.3400000e+02   0.0000000e+00   6.2007081e-06
   7.3500000e+02   0.0000000e+00   6.1383195e-06
   7.3600000e+02   0.0000000e+00   6.0765587e-06
   7.3700000e+02   0.0000000e+00   6.0154192e-06
   7.3800000e+02   0.0000000e+00   5.9548950e-06
   7.3900000e+02   0.0000000e+00   5.8949796e-06
   7.4000000e+02   0.0000000e+00   5.8356672e-06
   7.4100000e+02   0.0000000e+00   5.7769514e-06
   7.4200000e+02   0.0000000e+00   5.7188265e-06
   7.4300000e+02   0.0000000e+00   5.6612864e-06
   7.4400000e+02   0.0000000e+00   5.6043252e-06
   7.4500000e+02   0.0000000e+00   5.5479372e-06
   7.4600000e+02   0.0000000e+00   5.4921165e-06
   7.4700000e+02   0.0000000e+00   5.4368574e-06
   7.4800000e+02   0.0000000e+00   5.3821543e-06
   7.4900000e+02   0.0000000e+00   5.3280016e-06
   7.5000000e+02   0.0000000e+00   5.2743938e-06
   7.5100000e+02   0.0000000e+00   5.2213254e-06
   7.5200000e+02   0.0000000e+00   5.1687909e-06
   7.5300000e+02   1.0000000e+00   5.1167850e-06
   7.5400000e+02   0.0000000e+00   5.0653023e-06
   7.5500000e+02   0.0000000e+00   5.0143376e-06
   7.5600000e+02   0.0000000e+00   4.9638858e-06
   7.5700000e+02   0.0000000e+00   4.9139415e-06
   7.5800000e+02   0.0000000e+00   4.8644998e-06
   7.5900000e+02   0.0000000e+00   4.8155555e-06
   7.6000000e+02   0.0000000e+00   4.7671036e-06
   7.6100000e+02   0.0000000e+00   4.7191393e-06
   7.6200000e+02   0.0000000e+00   4.6716576e-06
   7.6300000e+02   0.0000000e+00   4.6246536e-06
   7.6400000e+02   0.0000000e+00   4.5781225e-06
   7.6500000e+02   0.0000000e+00   4.5320596e-06
   7.6600000e+02   0.0000000e+00   4.4864602e-06
   7.6700000e+02   0.0000000e+00   4.4413196e-06
   7.6800000e+02   0.0000000e+00   4.3966331e-06
   7.6900000e+02   0.0000000e+00   4.3523963e-06
   7.7000000e+02   0.0000000e+00   4.3086045e-06
   7.7100000e+02   0.0000000e+00   4.2652534e-06
   7.7200000e+02   0.0000000e+00   4.2223384e-06
   7.7300000e+02   0.0000000e+00   4.1798553e-06
   7.7400000e+02   0.0000000e+00   4.1377996e-06
   7.7500000e+02   0.0000000e+00   4.0961670e-06
   7.7600000e+02   0.0000000e+00   4.0549533e-06
   7.7700000e+02   0.0000000e+00   4.0141543e-06
   7.7800000e+02   0.0000000e+00   3.9737658e-06
   7.7900000e+02   1.0000000e+00   3.9337836e-06
