   1.0000000e+00   0.0000000e+00   1.4084507e-02
   2.0000000e+00   0.0000000e+00   1.3886134e-02
   3.0000000e+00   0.0000000e+00   1.3690554e-02
   4.0000000e+00   0.0000000e+00   1.3497730e-02
   5.0000000e+00   0.0000000e+00   1.3307621e-02
   6.0000000e+00   0.0000000e+00   1.3120189e-02
   7.0000000e+00   0.0000000e+00   1.2935398e-02
   8.0000000e+00   0.0000000e+00   1.2753209e-02
   9.0000000e+00   0.0000000e+00   1.2573587e-02
   1.0000000e+01   0.0000000e+00   1.2396494e-02
   1.1000000e+01   0.0000000e+00   1.2221895e-02
   1.2000000e+01   0.0000000e+00   1.2049756e-02
   1.3000000e+01   1.0000000e+00   1.1880041e-02
   1.4000000e+01   0.0000000e+00   1.1712717e-02
   1.5000000e+01   0.0000000e+00   1.1547749e-02
   1.6000000e+01   0.0000000e+00   1.1385104e-02
   1.7000000e+01   0.0000000e+00   1.1224751e-02
   1.8000000e+01   0.0000000e+00   1.1066656e-02
   1.9000000e+01   0.0000000e+00   1.0910787e-02
   2.0000000e+01   2.0000000e+00   1.0757114e-02
   2.1000000e+01   0.0000000e+00   1.0605606e-02
   2.2000000e+01   2.0000000e+00   1.0456231e-02
   2.3000000e+01   0.0000000e+00   1.0308960e-02
   2.4000000e+01   0.0000000e+00   1.0163764e-02
   2.5000000e+01   1.0000000e+00   1.0020612e-02
   2.6000000e+01   0.0000000e+00   9.8794765e-03
   2.7000000e+01   0.0000000e+00   9.7403290e-03
   2.8000000e+01   0.0000000e+00   9.6031412e-03
   2.9000000e+01   0.0000000e+00   9.4678857e-03
   3.0000000e+01   0.0000000e+00   9.3345352e-03
   3.1000000e+01   0.0000000e+00   9.2030629e-03
   3.2000000e+01   1.0000000e+00   9.0734423e-03
   3.3000000e+01   0.0000000e+00   8.9456473e-03
   3.4000000e+01   0.0000000e+00   8.8196523e-03
   3.5000000e+01   2.0000000e+00   8.6954318e-03
   3.6000000e+01   0.0000000e+00   8.5729610e-03
   3.7000000e+01   0.0000000e+00   8.4522150e-03
   3.8000000e+01   0.0000000e+00   8.3331698e-03
   3.9000000e+01   0.0000000e+00   8.2158012e-03
   4.0000000e+01   0.0000000e+00   8.1000857e-03
   4.1000000e+01   1.0000000e+00   7.9859999e-03
   4.2000000e+01   0.0000000e+00   7.8735211e-03
   4.3000000e+01   0.0000000e+00   7.7626264e-03
   4.4000000e+01   0.0000000e+00   7.6532936e-03
   4.5000000e+01   0.0000000e+00   7.5455008e-03
   4.6000000e+01   0.0000000e+00   7.4392261e-03
   4.7000000e+01   1.0000000e+00   7.3344483e-03
   4.8000000e+01   0.0000000e+00   7.2311462e-03
   4.9000000e+01   0.0000000e+00   7.1292991e-03
   5.0000000e+01   0.0000000e+00   7.0288864e-03
   5.1000000e+01   1.0000000e+00   6.9298880e-03
   5.2000000e+01   0.0000000e+00   6.8322839e-03
   5.3000000e+01   0.0000000e+00   6.7360546e-03
   5.4000000e+01   0.0000000e+00   6.6411806e-03
   5.5000000e+01   0.0000000e+00   6.5476428e-03
   5.6000000e+01   0.0000000e+00   6.4554225e-03
   5.7000000e+01   0.0000000e+00   6.3645011e-03
   5.8000000e+01   1.0000000e+00   6.2748602e-03
   5.9000000e+01   0.0000000e+00   6.1864819e-03
   6.0000000e+01   0.0000000e+00   6.0993483e-03
   6.1000000e+01   0.0000000e+00   6.0134420e-03
   6.2000000e+01   0.0000000e+00   5.9287457e-03
   6.3000000e+01   0.0000000e+00   5.8452422e-03
   6.4000000e+01   0.0000000e+00   5.7629149e-03
   6.5000000e+01   1.0000000e+00   5.6817470e-03
   6.6000000e+01   0.0000000e+00   5.6017224e-03
   6.7000000e+01   0.0000000e+00   5.5228249e-03
   6.8000000e+01   0.0000000e+00   5.4450387e-03
   6.9000000e+01   0.0000000e+00   5.3683480e-03
   7.0000000e+01   0.0000000e+00   5.2927374e-03
   7.1000000e+01   0.0000000e+00   5.2181918e-03
   7.2000000e+01   0.0000000e+00   5.1446962e-03
   7.3000000e+01   0.0000000e+00   5.0722357e-03
   7.4000000e+01   0.0000000e+00   5.0007957e-03
   7.5000000e+01   0.0000000e+00   4.9303620e-03
   7.6000000e+01   0.0000000e+00   4.8609203e-03
   7.7000000e+01   1.0000000e+00   4.7924566e-03
   7.8000000e+01   0.0000000e+00   4.7249572e-03
   7.9000000e+01   0.0000000e+00   4.6584085e-03
   8.0000000e+01   0.0000000e+00   4.5927971e-03
   8.1000000e+01   0.0000000e+00   4.5281099e-03
   8.2000000e+01   0.0000000e+00   4.4643337e-03
   8.3000000e+01   1.0000000e+00   4.4014557e-03
   8.4000000e+01   0.0000000e+00   4.3394634e-03
   8.5000000e+01   0.0000000e+00   4.2783442e-03
   8.6000000e+01   0.0000000e+00   4.2180858e-03
   8.7000000e+01   0.0000000e+00   4.1586762e-03
   8.8000000e+01   0.0000000e+00   4.1001033e-03
   8.9000000e+01   0.0000000e+00   4.0423553e-03
   9.0000000e+01   0.0000000e+00   3.9854207e-03
   9.1000000e+01   0.0000000e+00   3.9292881e-03
   9.2000000e+01   0.0000000e+00   3.8739460e-03
   9.3000000e+01   0.0000000e+00   3.8193833e-03
   9.4000000e+01   0.0000000e+00   3.7655892e-03
   9.5000000e+01   0.0000000e+00   3.7125527e-03
   9.6000000e+01   0.0000000e+00   3.6602633e-03
   9.7000000e+01   0.0000000e+00   3.6087103e-03
   9.8000000e+01   0.0000000e+00   3.5578834e-03
   9.9000000e+01   0.0000000e+00   3.5077723e-03
   1.0000000e+02   0.0000000e+00   3.4583671e-03
   1.0100000e+02   0.0000000e+00   3.4096577e-03
   1.0200000e+02   0.0000000e+00   3.3616343e-03
   1.0300000e+02   0.0000000e+00   3.3142874e-03
   1.0400000e+02   1.0000000e+00   3.2676073e-03
   1.0500000e+02   0.0000000e+00   3.2215846e-03
   1.0600000e+02   0.0000000e+00   3.1762102e-03
   1.0700000e+02   0.0000000e+00   3.1314749e-03
   1.0800000e+02   0.0000000e+00   3.0873696e-03
   1.0900000e+02   0.0000000e+00   3.0438855e-03
   1.1000000e+02   0.0000000e+00   3.0010139e-03
   1.1100000e+02   0.0000000e+00   2.9587461e-03
   1.1200000e+02   0.0000000e+00   2.9170736e-03
   1.1300000e+02   0.0000000e+00   2.8759880e-03
   1.1400000e+02   0.0000000e+00   2.8354812e-03
   1.1500000e+02   0.0000000e+00   2.7955448e-03
   1.1600000e+02   0.0000000e+00   2.7561709e-03
   1.1700000e+02   0.0000000e+00   2.7173516e-03
   1.1800000e+02   0.0000000e+00   2.6790791e-03
   1.1900000e+02   0.0000000e+00   2.6413456e-03
   1.2000000e+02   0.0000000e+00   2.6041435e-03
   1.2100000e+02   0.0000000e+00   2.5674654e-03
   1.2200000e+02   0.0000000e+00   2.5313040e-03
   1.2300000e+02   0.0000000e+00   2.4956518e-03
   1.2400000e+02   0.0000000e+00   2.4605018e-03
   1.2500000e+02   0.0000000e+00   2.4258468e-03
   1.2600000e+02   0.0000000e+00   2.3916800e-03
   1.2700000e+02   0.0000000e+00   2.3579943e-03
   1.2800000e+02   0.0000000e+00   2.3247831e-03
   1.2900000e+02   0.0000000e+00   2.2920397e-03
   1.3000000e+02   0.0000000e+00   2.2597575e-03
   1.3100000e+02   0.0000000e+00   2.2279299e-03
   1.3200000e+02   0.0000000e+00   2.1965506e-03
   1.3300000e+02   0.0000000e+00   2.1656133e-03
   1.3400000e+02   0.0000000e+00   2.1351117e-03
   1.3500000e+02   0.0000000e+00   2.1050397e-03
   1.3600000e+02   0.0000000e+00   2.0753912e-03
   1.3700000e+02   0.0000000e+00   2.0461604e-03
   1.3800000e+02   0.0000000e+00   2.0173412e-03
   1.3900000e+02   0.0000000e+00   1.9889279e-03
   1.4000000e+02   0.0000000e+00   1.9609149e-03
   1.4100000e+02   0.0000000e+00   1.9332964e-03
   1.4200000e+02   0.0000000e+00   1.9060668e-03
   1.4300000e+02   0.0000000e+00   1.8792208e-03
   1.4400000e+02   0.0000000e+00   1.8527529e-03
   1.4500000e+02   0.0000000e+00   1.8266578e-03
   1.4600000e+02   1.0000000e+00   1.8009302e-03
   1.4700000e+02   0.0000000e+00   1.7755650e-03
   1.4800000e+02   0.0000000e+00   1.7505571e-03
   1.4900000e+02   0.0000000e+00   1.7259013e-03
   1.5000000e+02   0.0000000e+00   1.7015929e-03
   1.5100000e+02   0.0000000e+00   1.6776268e-03
   1.5200000e+02   0.0000000e+00   1.6539982e-03
   1.5300000e+02   0.0000000e+00   1.6307025e-03
   1.5400000e+02   0.0000000e+00   1.6077348e-03
   1.5500000e+02   0.0000000e+00   1.5850907e-03
   1.5600000e+02   0.0000000e+00   1.5627655e-03
   1.5700000e+02   1.0000000e+00   1.5407547e-03
   1.5800000e+02   0.0000000e+00   1.5190539e-03
   1.5900000e+02   0.0000000e+00   1.4976588e-03
   1.6000000e+02   0.0000000e+00   1.4765650e-03
   1.6100000e+02   0.0000000e+00   1.4557683e-03
   1.6200000e+02   0.0000000e+00   1.4352645e-03
   1.6300000e+02   0.0000000e+00   1.4150495e-03
   1.6400000e+02   0.0000000e+00   1.3951193e-03
   1.6500000e+02   0.0000000e+00   1.3754697e-03
   1.6600000e+02   0.0000000e+00   1.3560969e-03
   1.6700000e+02   0.0000000e+00   1.3369969e-03
   1.6800000e+02   0.0000000e+00   1.3181660e-03
   1.6900000e+02   0.0000000e+00   1.2996003e-03
   1.7000000e+02   0.0000000e+00   1.2812960e-03
   1.7100000e+02   0.0000000e+00   1.2632496e-03
   1.7200000e+02   0.0000000e+00   1.2454574e-03
   1.7300000e+02   0.0000000e+00   1.2279157e-03
   1.7400000e+02   0.0000000e+00   1.2106211e-03
   1.7500000e+02   0.0000000e+00   1.1935701e-03
   1.7600000e+02   0.0000000e+00   1.1767593e-03
   1.7700000e+02   0.0000000e+00   1.1601852e-03
   1.7800000e+02   0.0000000e+00   1.1438446e-03
   1.7900000e+02   0.0000000e+00   1.1277341e-03
   1.8000000e+02   0.0000000e+00   1.1118505e-03
   1.8100000e+02   0.0000000e+00   1.0961906e-03
   1.8200000e+02   0.0000000e+00   1.0807513e-03
   1.8300000e+02   0.0000000e+00   1.0655295e-03
   1.8400000e+02   0.0000000e+00   1.0505220e-03
   1.8500000e+02   0.0000000e+00   1.0357259e-03
   1.8600000e+02   0.0000000e+00   1.0211382e-03
   1.8700000e+02   0.0000000e+00   1.0067560e-03
   1.8800000e+02   0.0000000e+00   9.9257635e-04
   1.8900000e+02   0.0000000e+00   9.7859640e-04
   1.9000000e+02   0.0000000e+00   9.6481335e-04
   1.9100000e+02   0.0000000e+00   9.5122443e-04
   1.9200000e+02   0.0000000e+00   9.3782691e-04
   1.9300000e+02   0.0000000e+00   9.2461808e-04
   1.9400000e+02   0.0000000e+00   9.1159529e-04
   1.9500000e+02   0.0000000e+00   8.9875592e-04
   1.9600000e+02   0.0000000e+00   8.8609738e-04
   1.9700000e+02   0.0000000e+00   8.7361714e-04
   1.9800000e+02   0.0000000e+00   8.6131267e-04
   1.9900000e+02   0.0000000e+00   8.4918151e-04
   2.0000000e+02   0.0000000e+00   8.3722120e-04
   2.0100000e+02   0.0000000e+00   8.2542936e-04
   2.0200000e+02   0.0000000e+00   8.1380359e-04
   2.0300000e+02   0.0000000e+00   8.0234157e-04
   2.0400000e+02   0.0000000e+00   7.9104098e-04
   2.0500000e+02   0.0000000e+00   7.7989956e-04
   2.0600000e+02   0.0000000e+00   7.6891506e-04
   2.0700000e+02   0.0000000e+00   7.5808527e-04
   2.0800000e+02   0.0000000e+00   7.4740801e-04
   2.0900000e+02   0.0000000e+00   7.3688114e-04
   2.1000000e+02   0.0000000e+00   7.2650253e-04
   2.1100000e+02   0.0000000e+00   7.1627010e-04
   2.1200000e+02   0.0000000e+00   7.0618179e-04
   2.1300000e+02   0.0000000e+00   6.9623557e-04
   2.1400000e+02   0.0000000e+00   6.8642943e-04
   2.1500000e+02   0.0000000e+00   6.7676141e-04
   2.1600000e+02   0.0000000e+00   6.6722956e-04
   2.1700000e+02   1.0000000e+00   6.5783196e-04
   2.1800000e+02   0.0000000e+00   6.4856672e-04
   2.1900000e+02   0.0000000e+00   6.3943198e-04
   2.2000000e+02   0.0000000e+00   6.3042590e-04
   2.2100000e+02   1.0000000e+00   6.2154666e-04
