   1.0000000e+00   1.0000000e+00   1.0523347e-02
   2.0000000e+00   6.0000000e+00   1.0412606e-02
   3.0000000e+00   6.0000000e+00   1.0303030e-02
   4.0000000e+00   3.0000000e+00   1.0194608e-02
   5.0000000e+00   7.0000000e+00   1.0087327e-02
   6.0000000e+00   1.0000000e+00   9.9811742e-03
   7.0000000e+00   7.0000000e+00   9.8761388e-03
   8.0000000e+00   6.0000000e+00   9.7722088e-03
   9.0000000e+00   9.0000000e+00   9.6693724e-03
   1.0000000e+01   2.0000000e+00   9.5676183e-03
   1.1000000e+01   2.0000000e+00   9.4669349e-03
   1.2000000e+01   6.0000000e+00   9.3673111e-03
   1.3000000e+01   3.0000000e+00   9.2687356e-03
   1.4000000e+01   4.0000000e+00   9.1711975e-03
   1.5000000e+01   8.0000000e+00   9.0746858e-03
   1.6000000e+01   8.0000000e+00   8.9791897e-03
   1.7000000e+01   5.0000000e+00   8.8846986e-03
   1.8000000e+01   4.0000000e+00   8.7912019e-03
   1.9000000e+01   4.0000000e+00   8.6986890e-03
   2.0000000e+01   5.0000000e+00   8.6071497e-03
   2.1000000e+01   4.0000000e+00   8.5165737e-03
   2.2000000e+01   5.0000000e+00   8.4269508e-03
   2.3000000e+01   4.0000000e+00   8.3382711e-03
   2.4000000e+01   5.0000000e+00   8.2505246e-03
   2.5000000e+01   3.0000000e+00   8.1637014e-03
   2.6000000e+01   3.0000000e+00   8.0777920e-03
   2.7000000e+01   3.0000000e+00   7.9927866e-03
   2.8000000e+01   3.0000000e+00   7.9086757e-03
   2.9000000e+01   2.0000000e+00   7.8254500e-03
   3.0000000e+01   3.0000000e+00   7.7431000e-03
   3.1000000e+01   5.0000000e+00   7.6616167e-03
   3.2000000e+01   5.0000000e+00   7.5809909e-03
   3.3000000e+01   3.0000000e+00   7.5012135e-03
   3.4000000e+01   4.0000000e+00   7.4222756e-03
   3.5000000e+01   7.0000000e+00   7.3441684e-03
   3.6000000e+01   3.0000000e+00   7.2668832e-03
   3.7000000e+01   3.0000000e+00   7.1904113e-03
   3.8000000e+01   1.0000000e+00   7.1147441e-03
   3.9000000e+01   4.0000000e+00   7.0398732e-03
   4.0000000e+01   3.0000000e+00   6.9657901e-03
   4.1000000e+01   3.0000000e+00   6.8924867e-03
   4.2000000e+01   0.0000000e+00   6.8199547e-03
   4.3000000e+01   4.0000000e+00   6.7481859e-03
   4.4000000e+01   6.0000000e+00   6.6771724e-03
   4.5000000e+01   4.0000000e+00   6.6069062e-03
   4.6000000e+01   3.0000000e+00   6.5373795e-03
   4.7000000e+01   4.0000000e+00   6.4685844e-03
   4.8000000e+01   6.0000000e+00   6.4005132e-03
   4.9000000e+01   3.0000000e+00   6.3331584e-03
   5.0000000e+01   4.0000000e+00   6.2665124e-03
   5.1000000e+01   4.0000000e+00   6.2005677e-03
   5.2000000e+01   2.0000000e+00   6.1353170e-03
   5.3000000e+01   2.0000000e+00   6.0707529e-03
   5.4000000e+01   5.0000000e+00   6.0068682e-03
   5.5000000e+01   4.0000000e+00   5.9436559e-03
   5.6000000e+01   3.0000000e+00   5.8811087e-03
   5.7000000e+01   3.0000000e+00   5.8192198e-03
   5.8000000e+01   3.0000000e+00   5.7579821e-03
   5.9000000e+01   3.0000000e+00   5.6973889e-03
   6.0000000e+01   2.0000000e+00   5.6374333e-03
   6.1000000e+01   3.0000000e+00   5.5781086e-03
   6.2000000e+01   2.0000000e+00   5.5194083e-03
   6.3000000e+01   1.0000000e+00   5.4613256e-03
   6.4000000e+01   5.0000000e+00   5.4038542e-03
   6.5000000e+01   0.0000000e+00   5.3469876e-03
   6.6000000e+01   2.0000000e+00   5.2907193e-03
   6.7000000e+01   1.0000000e+00   5.2350433e-03
   6.8000000e+01   1.0000000e+00   5.1799531e-03
   6.9000000e+01   0.0000000e+00   5.1254427e-03
   7.0000000e+01   2.0000000e+00   5.0715058e-03
   7.1000000e+01   1.0000000e+00   5.0181366e-03
   7.2000000e+01   3.0000000e+00   4.9653290e-03
   7.3000000e+01   3.0000000e+00   4.9130772e-03
   7.4000000e+01   3.0000000e+00   4.8613752e-03
   7.5000000e+01   1.0000000e+00   4.8102172e-03
   7.6000000e+01   0.0000000e+00   4.7595976e-03
   7.7000000e+01   1.0000000e+00   4.7095107e-03
   7.8000000e+01   1.0000000e+00   4.6599509e-03
   7.9000000e+01   4.0000000e+00   4.6109126e-03
   8.0000000e+01   2.0000000e+00   4.5623904e-03
   8.1000000e+01   1.0000000e+00   4.5143788e-03
   8.2000000e+01   3.0000000e+00   4.4668724e-03
   8.3000000e+01   4.0000000e+00   4.4198660e-03
   8.4000000e+01   1.0000000e+00   4.3733542e-03
   8.5000000e+01   3.0000000e+00   4.3273319e-03
   8.6000000e+01   2.0000000e+00   4.2817939e-03
   8.7000000e+01   4.0000000e+00   4.2367351e-03
   8.8000000e+01   3.0000000e+00   4.1921504e-03
   8.9000000e+01   1.0000000e+00   4.1480350e-03
   9.0000000e+01   1.0000000e+00   4.1043838e-03
   9.1000000e+01   1.0000000e+00   4.0611919e-03
   9.2000000e+01   1.0000000e+00   4.0184546e-03
   9.3000000e+01   2.0000000e+00   3.9761670e-03
   9.4000000e+01   3.0000000e+00   3.9343244e-03
   9.5000000e+01   1.0000000e+00   3.8929221e-03
   9.6000000e+01   1.0000000e+00   3.8519556e-03
   9.7000000e+01   3.0000000e+00   3.8114201e-03
   9.8000000e+01   0.0000000e+00   3.7713112e-03
   9.9000000e+01   2.0000000e+00   3.7316244e-03
   1.0000000e+02   1.0000000e+00   3.6923552e-03
   1.0100000e+02   2.0000000e+00   3.6534993e-03
   1.0200000e+02   1.0000000e+00   3.6150523e-03
   1.0300000e+02   1.0000000e+00   3.5770098e-03
   1.0400000e+02   2.0000000e+00   3.5393677e-03
   1.0500000e+02   0.0000000e+00   3.5021217e-03
   1.0600000e+02   2.0000000e+00   3.4652677e-03
   1.0700000e+02   0.0000000e+00   3.4288014e-03
   1.0800000e+02   0.0000000e+00   3.3927190e-03
   1.0900000e+02   1.0000000e+00   3.3570162e-03
   1.1000000e+02   1.0000000e+00   3.3216892e-03
   1.1100000e+02   2.0000000e+00   3.2867339e-03
   1.1200000e+02   2.0000000e+00   3.2521464e-03
   1.1300000e+02   2.0000000e+00   3.2179230e-03
   1.1400000e+02   1.0000000e+00   3.1840597e-03
   1.1500000e+02   2.0000000e+00   3.1505527e-03
   1.1600000e+02   1.0000000e+00   3.1173983e-03
   1.1700000e+02   2.0000000e+00   3.0845929e-03
   1.1800000e+02   0.0000000e+00   3.0521326e-03
   1.1900000e+02   0.0000000e+00   3.0200140e-03
   1.2000000e+02   1.0000000e+00   2.9882333e-03
   1.2100000e+02   0.0000000e+00   2.9567871e-03
   1.2200000e+02   0.0000000e+00   2.9256718e-03
   1.2300000e+02   4.0000000e+00   2.8948840e-03
   1.2400000e+02   2.0000000e+00   2.8644201e-03
   1.2500000e+02   2.0000000e+00   2.8342768e-03
   1.2600000e+02   1.0000000e+00   2.8044507e-03
   1.2700000e+02   0.0000000e+00   2.7749385e-03
   1.2800000e+02   3.0000000e+00   2.7457369e-03
   1.2900000e+02   3.0000000e+00   2.7168425e-03
   1.3000000e+02   1.0000000e+00   2.6882523e-03
   1.3100000e+02   1.0000000e+00   2.6599629e-03
   1.3200000e+02   0.0000000e+00   2.6319711e-03
   1.3300000e+02   2.0000000e+00   2.6042740e-03
   1.3400000e+02   2.0000000e+00   2.5768683e-03
   1.3500000e+02   1.0000000e+00   2.5497510e-03
   1.3600000e+02   0.0000000e+00   2.5229191e-03
   1.3700000e+02   0.0000000e+00   2.4963696e-03
   1.3800000e+02   0.0000000e+00   2.4700994e-03
   1.3900000e+02   0.0000000e+00   2.4441057e-03
   1.4000000e+02   1.0000000e+00   2.4183855e-03
   1.4100000e+02   7.0000000e+00   2.3929360e-03
   1.4200000e+02   2.0000000e+00   2.3677543e-03
   1.4300000e+02   1.0000000e+00   2.3428376e-03
   1.4400000e+02   1.0000000e+00   2.3181831e-03
   1.4500000e+02   4.0000000e+00   2.2937881e-03
   1.4600000e+02   3.0000000e+00   2.2696498e-03
   1.4700000e+02   1.0000000e+00   2.2457655e-03
   1.4800000e+02   0.0000000e+00   2.2221325e-03
   1.4900000e+02   2.0000000e+00   2.1987482e-03
   1.5000000e+02   2.0000000e+00   2.1756100e-03
   1.5100000e+02   2.0000000e+00   2.1527153e-03
   1.5200000e+02   2.0000000e+00   2.1300616e-03
   1.5300000e+02   2.0000000e+00   2.1076462e-03
   1.5400000e+02   0.0000000e+00   2.0854667e-03
   1.5500000e+02   2.0000000e+00   2.0635206e-03
   1.5600000e+02   0.0000000e+00   2.0418055e-03
   1.5700000e+02   3.0000000e+00   2.0203188e-03
   1.5800000e+02   0.0000000e+00   1.9990583e-03
   1.5900000e+02   1.0000000e+00   1.9780215e-03
   1.6000000e+02   3.0000000e+00   1.9572061e-03
   1.6100000e+02   2.0000000e+00   1.9366098e-03
   1.6200000e+02   1.0000000e+00   1.9162302e-03
   1.6300000e+02   1.0000000e+00   1.8960650e-03
   1.6400000e+02   1.0000000e+00   1.8761120e-03
   1.6500000e+02   0.0000000e+00   1.8563691e-03
   1.6600000e+02   1.0000000e+00   1.8368339e-03
   1.6700000e+02   0.0000000e+00   1.8175042e-03
   1.6800000e+02   1.0000000e+00   1.7983780e-03
   1.6900000e+02   0.0000000e+00   1.7794530e-03
   1.7000000e+02   0.0000000e+00   1.7607272e-03
   1.7100000e+02   0.0000000e+00   1.7421985e-03
   1.7200000e+02   0.0000000e+00   1.7238647e-03
   1.7300000e+02   2.0000000e+00   1.7057239e-03
   1.7400000e+02   0.0000000e+00   1.6877740e-03
   1.7500000e+02   2.0000000e+00   1.6700130e-03
   1.7600000e+02   3.0000000e+00   1.6524388e-03
   1.7700000e+02   2.0000000e+00   1.6350496e-03
   1.7800000e+02   1.0000000e+00   1.6178434e-03
   1.7900000e+02   0.0000000e+00   1.6008183e-03
   1.8000000e+02   0.0000000e+00   1.5839724e-03
   1.8100000e+02   0.0000000e+00   1.5673037e-03
   1.8200000e+02   0.0000000e+00   1.5508104e-03
   1.8300000e+02   0.0000000e+00   1.5344907e-03
   1.8400000e+02   3.0000000e+00   1.5183427e-03
   1.8500000e+02   0.0000000e+00   1.5023646e-03
   1.8600000e+02   0.0000000e+00   1.4865547e-03
   1.8700000e+02   0.0000000e+00   1.4709112e-03
   1.8800000e+02   1.0000000e+00   1.4554323e-03
   1.8900000e+02   2.0000000e+00   1.4401163e-03
   1.9000000e+02   2.0000000e+00   1.4249614e-03
   1.9100000e+02   1.0000000e+00   1.4099661e-03
   1.9200000e+02   0.0000000e+00   1.3951285e-03
   1.9300000e+02   0.0000000e+00   1.3804471e-03
   1.9400000e+02   0.0000000e+00   1.3659202e-03
   1.9500000e+02   0.0000000e+00   1.3515461e-03
   1.9600000e+02   2.0000000e+00   1.3373233e-03
   1.9700000e+02   1.0000000e+00   1.3232502e-03
   1.9800000e+02   0.0000000e+00   1.3093252e-03
   1.9900000e+02   0.0000000e+00   1.2955467e-03
   2.0000000e+02   2.0000000e+00   1.2819132e-03
   2.0100000e+02   0.0000000e+00   1.2684232e-03
   2.0200000e+02   0.0000000e+00   1.2550751e-03
   2.0300000e+02   0.0000000e+00   1.2418676e-03
   2.0400000e+02   0.0000000e+00   1.2287990e-03
   2.0500000e+02   2.0000000e+00   1.2158679e-03
   2.0600000e+02   3.0000000e+00   1.2030729e-03
   2.0700000e+02   1.0000000e+00   1.1904125e-03
   2.0800000e+02   1.0000000e+00   1.1778854e-03
   2.0900000e+02   1.0000000e+00   1.1654901e-03
   2.1000000e+02   0.0000000e+00   1.1532252e-03
   2.1100000e+02   0.0000000e+00   1.1410895e-03
   2.1200000e+02   0.0000000e+00   1.1290814e-03
   2.1300000e+02   1.0000000e+00   1.1171997e-03
   2.1400000e+02   2.0000000e+00   1.1054430e-03
   2.1500000e+02   0.0000000e+00   1.0938100e-03
   2.1600000e+02   0.0000000e+00   1.0822995e-03
   2.1700000e+02   0.0000000e+00   1.0709101e-03
   2.1800000e+02   0.0000000e+00   1.0596405e-03
   2.1900000e+02   1.0000000e+00   1.0484895e-03
   2.2000000e+02   1.0000000e+00   1.0374559e-03
   2.2100000e+02   0.0000000e+00   1.0265384e-03
   2.2200000e+02   1.0000000e+00   1.0157358e-03
   2.2300000e+02   0.0000000e+00   1.0050469e-03
   2.2400000e+02   1.0000000e+00   9.9447041e-04
   2.2500000e+02   2.0000000e+00   9.8400525e-04
   2.2600000e+02   0.0000000e+00   9.7365022e-04
   2.2700000e+02   0.0000000e+00   9.6340416e-04
   2.2800000e+02   0.0000000e+00   9.5326593e-04
   2.2900000e+02   1.0000000e+00   9.4323438e-04
   2.3000000e+02   0.0000000e+00   9.3330840e-04
   2.3100000e+02   0.0000000e+00   9.2348687e-04
   2.3200000e+02   0.0000000e+00   9.1376870e-04
   2.3300000e+02   1.0000000e+00   9.0415279e-04
   2.3400000e+02   0.0000000e+00   8.9463808e-04
   2.3500000e+02   0.0000000e+00   8.8522349e-04
   2.3600000e+02   0.0000000e+00   8.7590798e-04
   2.3700000e+02   0.0000000e+00   8.6669049e-04
   2.3800000e+02   1.0000000e+00   8.5757001e-04
   2.3900000e+02   0.0000000e+00   8.4854550e-04
   2.4000000e+02   1.0000000e+00   8.3961596e-04
   2.4100000e+02   1.0000000e+00   8.3078039e-04
   2.4200000e+02   1.0000000e+00   8.2203780e-04
   2.4300000e+02   1.0000000e+00   8.1338722e-04
   2.4400000e+02   0.0000000e+00   8.0482766e-04
   2.4500000e+02   0.0000000e+00   7.9635818e-04
   2.4600000e+02   0.0000000e+00   7.8797783e-04
   2.4700000e+02   1.0000000e+00   7.7968566e-04
   2.4800000e+02   0.0000000e+00   7.7148076e-04
   2.4900000e+02   0.0000000e+00   7.6336220e-04
   2.5000000e+02   0.0000000e+00   7.5532908e-04
   2.5100000e+02   1.0000000e+00   7.4738049e-04
   2.5200000e+02   0.0000000e+00   7.3951554e-04
   2.5300000e+02   1.0000000e+00   7.3173336e-04
   2.5400000e+02   0.0000000e+00   7.2403308e-04
   2.5500000e+02   0.0000000e+00   7.1641383e-04
   2.5600000e+02   0.0000000e+00   7.0887476e-04
   2.5700000e+02   0.0000000e+00   7.0141502e-04
   2.5800000e+02   0.0000000e+00   6.9403379e-04
   2.5900000e+02   0.0000000e+00   6.8673023e-04
   2.6000000e+02   0.0000000e+00   6.7950353e-04
   2.6100000e+02   0.0000000e+00   6.7235288e-04
   2.6200000e+02   1.0000000e+00   6.6527748e-04
   2.6300000e+02   0.0000000e+00   6.5827653e-04
   2.6400000e+02   0.0000000e+00   6.5134926e-04
   2.6500000e+02   0.0000000e+00   6.4449489e-04
   2.6600000e+02   0.0000000e+00   6.3771264e-04
   2.6700000e+02   0.0000000e+00   6.3100177e-04
   2.6800000e+02   1.0000000e+00   6.2436152e-04
   2.6900000e+02   1.0000000e+00   6.1779115e-04
   2.7000000e+02   0.0000000e+00   6.1128992e-04
   2.7100000e+02   1.0000000e+00   6.0485710e-04
   2.7200000e+02   1.0000000e+00   5.9849198e-04
   2.7300000e+02   0.0000000e+00   5.9219384e-04
   2.7400000e+02   2.0000000e+00   5.8596198e-04
   2.7500000e+02   0.0000000e+00   5.7979570e-04
   2.7600000e+02   1.0000000e+00   5.7369431e-04
   2.7700000e+02   0.0000000e+00   5.6765713e-04
   2.7800000e+02   0.0000000e+00   5.6168347e-04
   2.7900000e+02   0.0000000e+00   5.5577268e-04
   2.8000000e+02   0.0000000e+00   5.4992409e-04
   2.8100000e+02   1.0000000e+00   5.4413705e-04
   2.8200000e+02   0.0000000e+00   5.3841091e-04
   2.8300000e+02   0.0000000e+00   5.3274502e-04
   2.8400000e+02   0.0000000e+00   5.2713876e-04
   2.8500000e+02   0.0000000e+00   5.2159150e-04
   2.8600000e+02   0.0000000e+00   5.1610261e-04
   2.8700000e+02   0.0000000e+00   5.1067149e-04
   2.8800000e+02   0.0000000e+00   5.0529751e-04
   2.8900000e+02   0.0000000e+00   4.9998009e-04
   2.9000000e+02   0.0000000e+00   4.9471863e-04
   2.9100000e+02   0.0000000e+00   4.8951253e-04
   2.9200000e+02   0.0000000e+00   4.8436122e-04
   2.9300000e+02   0.0000000e+00   4.7926412e-04
   2.9400000e+02   0.0000000e+00   4.7422066e-04
   2.9500000e+02   1.0000000e+00   4.6923027e-04
   2.9600000e+02   1.0000000e+00   4.6429240e-04
   2.9700000e+02   0.0000000e+00   4.5940649e-04
   2.9800000e+02   1.0000000e+00   4.5457199e-04
   2.9900000e+02   1.0000000e+00   4.4978838e-04
   3.0000000e+02   0.0000000e+00   4.4505510e-04
   3.0100000e+02   0.0000000e+00   4.4037163e-04
   3.0200000e+02   0.0000000e+00   4.3573744e-04
   3.0300000e+02   0.0000000e+00   4.3115203e-04
   3.0400000e+02   0.0000000e+00   4.2661487e-04
   3.0500000e+02   0.0000000e+00   4.2212545e-04
   3.0600000e+02   0.0000000e+00   4.1768328e-04
   3.0700000e+02   0.0000000e+00   4.1328785e-04
   3.0800000e+02   0.0000000e+00   4.0893868e-04
   3.0900000e+02   0.0000000e+00   4.0463528e-04
   3.1000000e+02   0.0000000e+00   4.0037716e-04
   3.1100000e+02   0.0000000e+00   3.9616385e-04
   3.1200000e+02   0.0000000e+00   3.9199488e-04
   3.1300000e+02   0.0000000e+00   3.8786978e-04
   3.1400000e+02   0.0000000e+00   3.8378810e-04
   3.1500000e+02   1.0000000e+00   3.7974936e-04
   3.1600000e+02   1.0000000e+00   3.7575313e-04
   3.1700000e+02   0.0000000e+00   3.7179895e-04
   3.1800000e+02   0.0000000e+00   3.6788638e-04
   3.1900000e+02   1.0000000e+00   3.6401498e-04
   3.2000000e+02   0.0000000e+00   3.6018432e-04
   3.2100000e+02   0.0000000e+00   3.5639398e-04
   3.2200000e+02   0.0000000e+00   3.5264352e-04
   3.2300000e+02   0.0000000e+00   3.4893253e-04
   3.2400000e+02   0.0000000e+00   3.4526059e-04
   3.2500000e+02   0.0000000e+00   3.4162730e-04
   3.2600000e+02   0.0000000e+00   3.3803224e-04
   3.2700000e+02   0.0000000e+00   3.3447501e-04
   3.2800000e+02   0.0000000e+00   3.3095521e-04
   3.2900000e+02   0.0000000e+00   3.2747245e-04
   3.3000000e+02   0.0000000e+00   3.2402635e-04
   3.3100000e+02   0.0000000e+00   3.2061650e-04
   3.3200000e+02   0.0000000e+00   3.1724255e-04
   3.3300000e+02   0.0000000e+00   3.1390409e-04
   3.3400000e+02   0.0000000e+00   3.1060077e-04
   3.3500000e+02   0.0000000e+00   3.0733221e-04
   3.3600000e+02   1.0000000e+00   3.0409805e-04
   3.3700000e+02   0.0000000e+00   3.0089792e-04
   3.3800000e+02   0.0000000e+00   2.9773147e-04
   3.3900000e+02   0.0000000e+00   2.9459833e-04
   3.4000000e+02   0.0000000e+00   2.9149817e-04
   3.4100000e+02   0.0000000e+00   2.8843064e-04
   3.4200000e+02   0.0000000e+00   2.8539538e-04
   3.4300000e+02   0.0000000e+00   2.8239207e-04
   3.4400000e+02   0.0000000e+00   2.7942036e-04
   3.4500000e+02   0.0000000e+00   2.7647992e-04
   3.4600000e+02   0.0000000e+00   2.7357043e-04
   3.4700000e+02   1.0000000e+00   2.7069155e-04
   3.4800000e+02   0.0000000e+00   2.6784297e-04
   3.4900000e+02   0.0000000e+00   2.6502436e-04
   3.5000000e+02   1.0000000e+00   2.6223542e-04
   3.5100000e+02   0.0000000e+00   2.5947583e-04
   3.5200000e+02   0.0000000e+00   2.5674527e-04
   3.5300000e+02   0.0000000e+00   2.5404345e-04
   3.5400000e+02   0.0000000e+00   2.5137007e-04
   3.5500000e+02   0.0000000e+00   2.4872481e-04
   3.5600000e+02   1.0000000e+00   2.4610739e-04
   3.5700000e+02   0.0000000e+00   2.4351752e-04
   3.5800000e+02   0.0000000e+00   2.4095490e-04
   3.5900000e+02   1.0000000e+00   2.3841925e-04
   3.6000000e+02   0.0000000e+00   2.3591028e-04
   3.6100000e+02   0.0000000e+00   2.3342772e-04
   3.6200000e+02   0.0000000e+00   2.3097128e-04
   3.6300000e+02   0.0000000e+00   2.2854068e-04
   3.6400000e+02   0.0000000e+00   2.2613567e-04
   3.6500000e+02   0.0000000e+00   2.2375597e-04
   3.6600000e+02   0.0000000e+00   2.2140131e-04
   3.6700000e+02   0.0000000e+00   2.1907142e-04
   3.6800000e+02   0.0000000e+00   2.1676606e-04
   3.6900000e+02   0.0000000e+00   2.1448495e-04
   3.7000000e+02   0.0000000e+00   2.1222785e-04
   3.7100000e+02   0.0000000e+00   2.0999451e-04
   3.7200000e+02   1.0000000e+00   2.0778466e-04
   3.7300000e+02   0.0000000e+00   2.0559807e-04
   3.7400000e+02   0.0000000e+00   2.0343449e-04
   3.7500000e+02   0.0000000e+00   2.0129368e-04
   3.7600000e+02   0.0000000e+00   1.9917540e-04
   3.7700000e+02   0.0000000e+00   1.9707941e-04
   3.7800000e+02   0.0000000e+00   1.9500547e-04
   3.7900000e+02   0.0000000e+00   1.9295336e-04
   3.8000000e+02   0.0000000e+00   1.9092285e-04
   3.8100000e+02   0.0000000e+00   1.8891370e-04
   3.8200000e+02   0.0000000e+00   1.8692569e-04
   3.8300000e+02   0.0000000e+00   1.8495861e-04
   3.8400000e+02   0.0000000e+00   1.8301223e-04
   3.8500000e+02   0.0000000e+00   1.8108633e-04
   3.8600000e+02   0.0000000e+00   1.7918069e-04
   3.8700000e+02   0.0000000e+00   1.7729511e-04
   3.8800000e+02   0.0000000e+00   1.7542937e-04
   3.8900000e+02   1.0000000e+00   1.7358327e-04
   3.9000000e+02   0.0000000e+00   1.7175659e-04
   3.9100000e+02   0.0000000e+00   1.6994914e-04
   3.9200000e+02   0.0000000e+00   1.6816070e-04
   3.9300000e+02   0.0000000e+00   1.6639109e-04
   3.9400000e+02   0.0000000e+00   1.6464010e-04
   3.9500000e+02   0.0000000e+00   1.6290753e-04
   3.9600000e+02   0.0000000e+00   1.6119320e-04
   3.9700000e+02   0.0000000e+00   1.5949691e-04
   3.9800000e+02   0.0000000e+00   1.5781847e-04
   3.9900000e+02   0.0000000e+00   1.5615769e-04
   4.0000000e+02   0.0000000e+00   1.5451439e-04
   4.0100000e+02   2.0000000e+00   1.5288838e-04
   4.0200000e+02   0.0000000e+00   1.5127948e-04
   4.0300000e+02   0.0000000e+00   1.4968752e-04
   4.0400000e+02   0.0000000e+00   1.4811230e-04
   4.0500000e+02   0.0000000e+00   1.4655367e-04
   4.0600000e+02   0.0000000e+00   1.4501143e-04
   4.0700000e+02   0.0000000e+00   1.4348543e-04
   4.0800000e+02   0.0000000e+00   1.4197548e-04
   4.0900000e+02   0.0000000e+00   1.4048142e-04
   4.1000000e+02   1.0000000e+00   1.3900309e-04
   4.1100000e+02   0.0000000e+00   1.3754031e-04
   4.1200000e+02   0.0000000e+00   1.3609292e-04
   4.1300000e+02   0.0000000e+00   1.3466077e-04
   4.1400000e+02   0.0000000e+00   1.3324369e-04
   4.1500000e+02   0.0000000e+00   1.3184152e-04
   4.1600000e+02   0.0000000e+00   1.3045411e-04
   4.1700000e+02   0.0000000e+00   1.2908129e-04
   4.1800000e+02   0.0000000e+00   1.2772293e-04
   4.1900000e+02   0.0000000e+00   1.2637885e-04
   4.2000000e+02   0.0000000e+00   1.2504892e-04
   4.2100000e+02   0.0000000e+00   1.2373299e-04
   4.2200000e+02   0.0000000e+00   1.2243091e-04
   4.2300000e+02   0.0000000e+00   1.2114252e-04
   4.2400000e+02   0.0000000e+00   1.1986770e-04
   4.2500000e+02   0.0000000e+00   1.1860629e-04
   4.2600000e+02   0.0000000e+00   1.1735815e-04
   4.2700000e+02   0.0000000e+00   1.1612315e-04
   4.2800000e+02   1.0000000e+00   1.1490115e-04
   4.2900000e+02   0.0000000e+00   1.1369200e-04
   4.3000000e+02   0.0000000e+00   1.1249558e-04
   4.3100000e+02   1.0000000e+00   1.1131175e-04
   4.3200000e+02   0.0000000e+00   1.1014038e-04
   4.3300000e+02   0.0000000e+00   1.0898134e-04
   4.3400000e+02   0.0000000e+00   1.0783449e-04
   4.3500000e+02   0.0000000e+00   1.0669971e-04
   4.3600000e+02   0.0000000e+00   1.0557687e-04
   4.3700000e+02   0.0000000e+00   1.0446585e-04
   4.3800000e+02   0.0000000e+00   1.0336652e-04
   4.3900000e+02   0.0000000e+00   1.0227876e-04
   4.4000000e+02   0.0000000e+00   1.0120244e-04
   4.4100000e+02   0.0000000e+00   1.0013745e-04
   4.4200000e+02   0.0000000e+00   9.9083672e-05
   4.4300000e+02   0.0000000e+00   9.8040980e-05
   4.4400000e+02   0.0000000e+00   9.7009261e-05
   4.4500000e+02   0.0000000e+00   9.5988399e-05
   4.4600000e+02   0.0000000e+00   9.4978280e-05
   4.4700000e+02   0.0000000e+00   9.3978790e-05
   4.4800000e+02   0.0000000e+00   9.2989819e-05
   4.4900000e+02   0.0000000e+00   9.2011255e-05
   4.5000000e+02   0.0000000e+00   9.1042988e-05
   4.5100000e+02   0.0000000e+00   9.0084912e-05
   4.5200000e+02   0.0000000e+00   8.9136917e-05
   4.5300000e+02   0.0000000e+00   8.8198898e-05
   4.5400000e+02   0.0000000e+00   8.7270751e-05
   4.5500000e+02   0.0000000e+00   8.6352370e-05
   4.5600000e+02   0.0000000e+00   8.5443654e-05
   4.5700000e+02   0.0000000e+00   8.4544501e-05
   4.5800000e+02   0.0000000e+00   8.3654810e-05
   4.5900000e+02   0.0000000e+00   8.2774481e-05
   4.6000000e+02   0.0000000e+00   8.1903417e-05
   4.6100000e+02   0.0000000e+00   8.1041519e-05
   4.6200000e+02   0.0000000e+00   8.0188691e-05
   4.6300000e+02   0.0000000e+00   7.9344837e-05
   4.6400000e+02   0.0000000e+00   7.8509864e-05
   4.6500000e+02   0.0000000e+00   7.7683678e-05
   4.6600000e+02   0.0000000e+00   7.6866185e-05
   4.6700000e+02   0.0000000e+00   7.6057296e-05
   4.6800000e+02   0.0000000e+00   7.5256919e-05
   4.6900000e+02   0.0000000e+00   7.4464964e-05
   4.7000000e+02   0.0000000e+00   7.3681343e-05
   4.7100000e+02   0.0000000e+00   7.2905969e-05
   4.7200000e+02   0.0000000e+00   7.2138754e-05
   4.7300000e+02   0.0000000e+00   7.1379613e-05
   4.7400000e+02   0.0000000e+00   7.0628461e-05
   4.7500000e+02   0.0000000e+00   6.9885213e-05
   4.7600000e+02   0.0000000e+00   6.9149787e-05
   4.7700000e+02   0.0000000e+00   6.8422099e-05
   4.7800000e+02   0.0000000e+00   6.7702070e-05
   4.7900000e+02   0.0000000e+00   6.6989618e-05
   4.8000000e+02   0.0000000e+00   6.6284663e-05
   4.8100000e+02   0.0000000e+00   6.5587126e-05
   4.8200000e+02   0.0000000e+00   6.4896930e-05
   4.8300000e+02   0.0000000e+00   6.4213997e-05
   4.8400000e+02   0.0000000e+00   6.3538251e-05
   4.8500000e+02   0.0000000e+00   6.2869616e-05
   4.8600000e+02   0.0000000e+00   6.2208017e-05
   4.8700000e+02   0.0000000e+00   6.1553381e-05
   4.8800000e+02   0.0000000e+00   6.0905633e-05
   4.8900000e+02   0.0000000e+00   6.0264702e-05
   4.9000000e+02   0.0000000e+00   5.9630516e-05
   4.9100000e+02   0.0000000e+00   5.9003003e-05
   4.9200000e+02   0.0000000e+00   5.8382094e-05
   4.9300000e+02   1.0000000e+00   5.7767719e-05
   4.9400000e+02   0.0000000e+00   5.7159809e-05
   4.9500000e+02   0.0000000e+00   5.6558297e-05
   4.9600000e+02   0.0000000e+00   5.5963114e-05
   4.9700000e+02   0.0000000e+00   5.5374195e-05
   4.9800000e+02   0.0000000e+00   5.4791473e-05
   4.9900000e+02   0.0000000e+00   5.4214884e-05
   5.0000000e+02   0.0000000e+00   5.3644362e-05
   5.0100000e+02   0.0000000e+00   5.3079843e-05
   5.0200000e+02   0.0000000e+00   5.2521266e-05
   5.0300000e+02   0.0000000e+00   5.1968566e-05
   5.0400000e+02   0.0000000e+00   5.1421683e-05
   5.0500000e+02   0.0000000e+00   5.0880555e-05
   5.0600000e+02   0.0000000e+00   5.0345121e-05
   5.0700000e+02   0.0000000e+00   4.9815322e-05
   5.0800000e+02   0.0000000e+00   4.9291098e-05
   5.0900000e+02   0.0000000e+00   4.8772391e-05
   5.1000000e+02   0.0000000e+00   4.8259142e-05
   5.1100000e+02   0.0000000e+00   4.7751294e-05
   5.1200000e+02   0.0000000e+00   4.7248791e-05
   5.1300000e+02   0.0000000e+00   4.6751575e-05
   5.1400000e+02   0.0000000e+00   4.6259592e-05
   5.1500000e+02   0.0000000e+00   4.5772787e-05
   5.1600000e+02   0.0000000e+00   4.5291104e-05
   5.1700000e+02   0.0000000e+00   4.4814490e-05
   5.1800000e+02   0.0000000e+00   4.4342891e-05
   5.1900000e+02   0.0000000e+00   4.3876256e-05
   5.2000000e+02   0.0000000e+00   4.3414531e-05
   5.2100000e+02   0.0000000e+00   4.2957665e-05
   5.2200000e+02   0.0000000e+00   4.2505606e-05
   5.2300000e+02   0.0000000e+00   4.2058305e-05
   5.2400000e+02   0.0000000e+00   4.1615711e-05
   5.2500000e+02   0.0000000e+00   4.1177774e-05
   5.2600000e+02   0.0000000e+00   4.0744446e-05
   5.2700000e+02   0.0000000e+00   4.0315678e-05
   5.2800000e+02   0.0000000e+00   3.9891422e-05
   5.2900000e+02   0.0000000e+00   3.9471631e-05
   5.3000000e+02   0.0000000e+00   3.9056258e-05
   5.3100000e+02   1.0000000e+00   3.8645255e-05
   5.3200000e+02   0.0000000e+00   3.8238578e-05
   5.3300000e+02   0.0000000e+00   3.7836180e-05
   5.3400000e+02   0.0000000e+00   3.7438017e-05
   5.3500000e+02   0.0000000e+00   3.7044043e-05
   5.3600000e+02   0.0000000e+00   3.6654216e-05
   5.3700000e+02   0.0000000e+00   3.6268491e-05
   5.3800000e+02   0.0000000e+00   3.5886825e-05
   5.3900000e+02   0.0000000e+00   3.5509176e-05
   5.4000000e+02   0.0000000e+00   3.5135500e-05
   5.4100000e+02   0.0000000e+00   3.4765757e-05
   5.4200000e+02   0.0000000e+00   3.4399905e-05
   5.4300000e+02   0.0000000e+00   3.4037903e-05
   5.4400000e+02   1.0000000e+00   3.3679710e-05
