   1.0000000e+00   1.0000000e+00   1.1102230e-16
   2.0000000e+00   3.0000000e+00   4.3675601e-03
   3.0000000e+00   4.0000000e+00   6.8951761e-03
   4.0000000e+00   4.0000000e+00   8.3388950e-03
   5.0000000e+00   3.0000000e+00   9.1442961e-03
   6.0000000e+00   1.0000000e+00   9.5739812e-03
   7.0000000e+00   5.0000000e+00   9.7827124e-03
   8.0000000e+00   7.0000000e+00   9.8616954e-03
   9.0000000e+00   5.0000000e+00   9.8646783e-03
   1.0000000e+01   5.0000000e+00   9.8233330e-03
   1.1000000e+01   1.0000000e+01   9.7563208e-03
   1.2000000e+01   3.0000000e+00   9.6746353e-03
   1.3000000e+01   3.0000000e+00   9.5847504e-03
   1.4000000e+01   3.0000000e+00   9.4904773e-03
   1.5000000e+01   4.0000000e+00   9.3940571e-03
   1.6000000e+01   4.0000000e+00   9.2968061e-03
   1.7000000e+01   4.0000000e+00   9.1994954e-03
   1.8000000e+01   4.0000000e+00   9.1025750e-03
   1.9000000e+01   2.0000000e+00   9.0063053e-03
   2.0000000e+01   7.0000000e+00   8.9108356e-03
   2.1000000e+01   5.0000000e+00   8.8162493e-03
   2.2000000e+01   6.0000000e+00   8.7225913e-03
   2.3000000e+01   4.0000000e+00   8.6298835e-03
   2.4000000e+01   5.0000000e+00   8.5381348e-03
   2.5000000e+01   6.0000000e+00   8.4473460e-03
   2.6000000e+01   4.0000000e+00   8.3575134e-03
   2.7000000e+01   4.0000000e+00   8.2686308e-03
   2.8000000e+01   3.0000000e+00   8.1806902e-03
   2.9000000e+01   3.0000000e+00   8.0936831e-03
   3.0000000e+01   1.0000000e+00   8.0076003e-03
   3.1000000e+01   7.0000000e+00   7.9224323e-03
   3.2000000e+01   7.0000000e+00   7.8381698e-03
   3.3000000e+01   4.0000000e+00   7.7548033e-03
   3.4000000e+01   5.0000000e+00   7.6723234e-03
   3.5000000e+01   6.0000000e+00   7.5907206e-03
   3.6000000e+01   3.0000000e+00   7.5099857e-03
   3.7000000e+01   4.0000000e+00   7.4301095e-03
   3.8000000e+01   7.0000000e+00   7.3510828e-03
   3.9000000e+01   6.0000000e+00   7.2728966e-03
   4.0000000e+01   5.0000000e+00   7.1955420e-03
   4.1000000e+01   3.0000000e+00   7.1190102e-03
   4.2000000e+01   1.0000000e+00   7.0432924e-03
   4.3000000e+01   3.0000000e+00   6.9683798e-03
   4.4000000e+01   6.0000000e+00   6.8942641e-03
   4.5000000e+01   5.0000000e+00   6.8209366e-03
   4.6000000e+01   0.0000000e+00   6.7483891e-03
   4.7000000e+01   2.0000000e+00   6.6766132e-03
   4.8000000e+01   1.0000000e+00   6.6056007e-03
   4.9000000e+01   5.0000000e+00   6.5353435e-03
   5.0000000e+01   2.0000000e+00   6.4658335e-03
   5.1000000e+01   2.0000000e+00   6.3970628e-03
   5.2000000e+01   6.0000000e+00   6.3290236e-03
   5.3000000e+01   1.0000000e+00   6.2617081e-03
   5.4000000e+01   2.0000000e+00   6.1951085e-03
   5.5000000e+01   4.0000000e+00   6.1292173e-03
   5.6000000e+01   2.0000000e+00   6.0640269e-03
   5.7000000e+01   4.0000000e+00   5.9995298e-03
   5.8000000e+01   0.0000000e+00   5.9357188e-03
   5.9000000e+01   0.0000000e+00   5.8725864e-03
   6.0000000e+01   3.0000000e+00   5.8101256e-03
   6.1000000e+01   0.0000000e+00   5.7483290e-03
   6.2000000e+01   1.0000000e+00   5.6871897e-03
   6.3000000e+01   2.0000000e+00   5.6267007e-03
   6.4000000e+01   0.0000000e+00   5.5668551e-03
   6.5000000e+01   3.0000000e+00   5.5076460e-03
   6.6000000e+01   4.0000000e+00   5.4490666e-03
   6.7000000e+01   4.0000000e+00   5.3911103e-03
   6.8000000e+01   1.0000000e+00   5.3337704e-03
   6.9000000e+01   3.0000000e+00   5.2770404e-03
   7.0000000e+01   4.0000000e+00   5.2209137e-03
   7.1000000e+01   3.0000000e+00   5.1653841e-03
   7.2000000e+01   1.0000000e+00   5.1104450e-03
   7.3000000e+01   3.0000000e+00   5.0560903e-03
   7.4000000e+01   1.0000000e+00   5.0023136e-03
   7.5000000e+01   1.0000000e+00   4.9491090e-03
   7.6000000e+01   2.0000000e+00   4.8964702e-03
   7.7000000e+01   6.0000000e+00   4.8443913e-03
   7.8000000e+01   0.0000000e+00   4.7928663e-03
   7.9000000e+01   0.0000000e+00   4.7418894e-03
   8.0000000e+01   1.0000000e+00   4.6914546e-03
   8.1000000e+01   2.0000000e+00   4.6415563e-03
   8.2000000e+01   4.0000000e+00   4.5921886e-03
   8.3000000e+01   3.0000000e+00   4.5433461e-03
   8.4000000e+01   2.0000000e+00   4.4950230e-03
   8.5000000e+01   5.0000000e+00   4.4472139e-03
   8.6000000e+01   4.0000000e+00   4.3999133e-03
   8.7000000e+01   1.0000000e+00   4.3531158e-03
   8.8000000e+01   4.0000000e+00   4.3068160e-03
   8.9000000e+01   4.0000000e+00   4.2610087e-03
   9.0000000e+01   3.0000000e+00   4.2156886e-03
   9.1000000e+01   0.0000000e+00   4.1708505e-03
   9.2000000e+01   1.0000000e+00   4.1264893e-03
   9.3000000e+01   4.0000000e+00   4.0825999e-03
   9.4000000e+01   1.0000000e+00   4.0391773e-03
   9.5000000e+01   2.0000000e+00   3.9962166e-03
   9.6000000e+01   2.0000000e+00   3.9537128e-03
   9.7000000e+01   2.0000000e+00   3.9116611e-03
   9.8000000e+01   2.0000000e+00   3.8700566e-03
   9.9000000e+01   5.0000000e+00   3.8288947e-03
   1.0000000e+02   5.0000000e+00   3.7881705e-03
   1.0100000e+02   2.0000000e+00   3.7478795e-03
   1.0200000e+02   1.0000000e+00   3.7080170e-03
   1.0300000e+02   3.0000000e+00   3.6685785e-03
   1.0400000e+02   2.0000000e+00   3.6295595e-03
   1.0500000e+02   3.0000000e+00   3.5909555e-03
   1.0600000e+02   1.0000000e+00   3.5527620e-03
   1.0700000e+02   4.0000000e+00   3.5149748e-03
   1.0800000e+02   0.0000000e+00   3.4775895e-03
   1.0900000e+02   2.0000000e+00   3.4406019e-03
   1.1000000e+02   1.0000000e+00   3.4040076e-03
   1.1100000e+02   2.0000000e+00   3.3678025e-03
   1.1200000e+02   1.0000000e+00   3.3319826e-03
   1.1300000e+02   0.0000000e+00   3.2965436e-03
   1.1400000e+02   1.0000000e+00   3.2614815e-03
   1.1500000e+02   0.0000000e+00   3.2267924e-03
   1.1600000e+02   1.0000000e+00   3.1924722e-03
   1.1700000e+02   3.0000000e+00   3.1585170e-03
   1.1800000e+02   2.0000000e+00   3.1249230e-03
   1.1900000e+02   0.0000000e+00   3.0916863e-03
   1.2000000e+02   2.0000000e+00   3.0588031e-03
   1.2100000e+02   3.0000000e+00   3.0262696e-03
   1.2200000e+02   1.0000000e+00   2.9940822e-03
   1.2300000e+02   3.0000000e+00   2.9622371e-03
   1.2400000e+02   1.0000000e+00   2.9307308e-03
   1.2500000e+02   5.0000000e+00   2.8995595e-03
   1.2600000e+02   0.0000000e+00   2.8687197e-03
   1.2700000e+02   2.0000000e+00   2.8382080e-03
   1.2800000e+02   0.0000000e+00   2.8080208e-03
   1.2900000e+02   1.0000000e+00   2.7781547e-03
   1.3000000e+02   0.0000000e+00   2.7486062e-03
   1.3100000e+02   1.0000000e+00   2.7193720e-03
   1.3200000e+02   0.0000000e+00   2.6904487e-03
   1.3300000e+02   2.0000000e+00   2.6618331e-03
   1.3400000e+02   1.0000000e+00   2.6335218e-03
   1.3500000e+02   1.0000000e+00   2.6055117e-03
   1.3600000e+02   0.0000000e+00   2.5777994e-03
   1.3700000e+02   0.0000000e+00   2.5503819e-03
   1.3800000e+02   0.0000000e+00   2.5232561e-03
   1.3900000e+02   4.0000000e+00   2.4964187e-03
   1.4000000e+02   1.0000000e+00   2.4698668e-03
   1.4100000e+02   3.0000000e+00   2.4435972e-03
   1.4200000e+02   1.0000000e+00   2.4176071e-03
   1.4300000e+02   1.0000000e+00   2.3918934e-03
   1.4400000e+02   1.0000000e+00   2.3664532e-03
   1.4500000e+02   2.0000000e+00   2.3412836e-03
   1.4600000e+02   4.0000000e+00   2.3163817e-03
   1.4700000e+02   1.0000000e+00   2.2917446e-03
   1.4800000e+02   1.0000000e+00   2.2673696e-03
   1.4900000e+02   1.0000000e+00   2.2432539e-03
   1.5000000e+02   3.0000000e+00   2.2193946e-03
   1.5100000e+02   1.0000000e+00   2.1957891e-03
   1.5200000e+02   4.0000000e+00   2.1724347e-03
   1.5300000e+02   0.0000000e+00   2.1493286e-03
   1.5400000e+02   0.0000000e+00   2.1264684e-03
   1.5500000e+02   0.0000000e+00   2.1038512e-03
   1.5600000e+02   1.0000000e+00   2.0814746e-03
   1.5700000e+02   2.0000000e+00   2.0593361e-03
   1.5800000e+02   1.0000000e+00   2.0374329e-03
   1.5900000e+02   2.0000000e+00   2.0157628e-03
   1.6000000e+02   0.0000000e+00   1.9943231e-03
   1.6100000e+02   1.0000000e+00   1.9731115e-03
   1.6200000e+02   0.0000000e+00   1.9521255e-03
   1.6300000e+02   0.0000000e+00   1.9313626e-03
   1.6400000e+02   0.0000000e+00   1.9108206e-03
   1.6500000e+02   1.0000000e+00   1.8904971e-03
   1.6600000e+02   1.0000000e+00   1.8703898e-03
   1.6700000e+02   0.0000000e+00   1.8504963e-03
   1.6800000e+02   0.0000000e+00   1.8308144e-03
   1.6900000e+02   3.0000000e+00   1.8113419e-03
   1.7000000e+02   0.0000000e+00   1.7920764e-03
   1.7100000e+02   1.0000000e+00   1.7730159e-03
   1.7200000e+02   1.0000000e+00   1.7541581e-03
   1.7300000e+02   1.0000000e+00   1.7355008e-03
   1.7400000e+02   1.0000000e+00   1.7170420e-03
   1.7500000e+02   2.0000000e+00   1.6987796e-03
   1.7600000e+02   0.0000000e+00   1.6807113e-03
   1.7700000e+02   0.0000000e+00   1.6628353e-03
   1.7800000e+02   3.0000000e+00   1.6451493e-03
   1.7900000e+02   1.0000000e+00   1.6276515e-03
   1.8000000e+02   0.0000000e+00   1.6103398e-03
   1.8100000e+02   2.0000000e+00   1.5932122e-03
   1.8200000e+02   1.0000000e+00   1.5762668e-03
   1.8300000e+02   0.0000000e+00   1.5595016e-03
   1.8400000e+02   2.0000000e+00   1.5429147e-03
   1.8500000e+02   0.0000000e+00   1.5265043e-03
   1.8600000e+02   1.0000000e+00   1.5102684e-03
   1.8700000e+02   0.0000000e+00   1.4942051e-03
   1.8800000e+02   0.0000000e+00   1.4783128e-03
   1.8900000e+02   0.0000000e+00   1.4625894e-03
   1.9000000e+02   0.0000000e+00   1.4470333e-03
   1.9100000e+02   1.0000000e+00   1.4316426e-03
   1.9200000e+02   2.0000000e+00   1.4164157e-03
   1.9300000e+02   1.0000000e+00   1.4013507e-03
   1.9400000e+02   0.0000000e+00   1.3864459e-03
   1.9500000e+02   0.0000000e+00   1.3716997e-03
   1.9600000e+02   0.0000000e+00   1.3571102e-03
   1.9700000e+02   0.0000000e+00   1.3426760e-03
   1.9800000e+02   1.0000000e+00   1.3283953e-03
   1.9900000e+02   0.0000000e+00   1.3142665e-03
   2.0000000e+02   1.0000000e+00   1.3002879e-03
   2.0100000e+02   0.0000000e+00   1.2864580e-03
   2.0200000e+02   0.0000000e+00   1.2727753e-03
   2.0300000e+02   0.0000000e+00   1.2592380e-03
   2.0400000e+02   2.0000000e+00   1.2458448e-03
   2.0500000e+02   2.0000000e+00   1.2325939e-03
   2.0600000e+02   1.0000000e+00   1.2194841e-03
   2.0700000e+02   0.0000000e+00   1.2065136e-03
   2.0800000e+02   2.0000000e+00   1.1936811e-03
   2.0900000e+02   1.0000000e+00   1.1809851e-03
   2.1000000e+02   1.0000000e+00   1.1684242e-03
   2.1100000e+02   0.0000000e+00   1.1559968e-03
   2.1200000e+02   0.0000000e+00   1.1437016e-03
   2.1300000e+02   0.0000000e+00   1.1315372e-03
   2.1400000e+02   2.0000000e+00   1.1195021e-03
   2.1500000e+02   1.0000000e+00   1.1075951e-03
   2.1600000e+02   0.0000000e+00   1.0958147e-03
   2.1700000e+02   0.0000000e+00   1.0841596e-03
   2.1800000e+02   2.0000000e+00   1.0726285e-03
   2.1900000e+02   0.0000000e+00   1.0612200e-03
   2.2000000e+02   0.0000000e+00   1.0499329e-03
   2.2100000e+02   0.0000000e+00   1.0387658e-03
   2.2200000e+02   0.0000000e+00   1.0277174e-03
   2.2300000e+02   0.0000000e+00   1.0167866e-03
   2.2400000e+02   2.0000000e+00   1.0059721e-03
   2.2500000e+02   0.0000000e+00   9.9527256e-04
   2.2600000e+02   0.0000000e+00   9.8468683e-04
   2.2700000e+02   1.0000000e+00   9.7421370e-04
   2.2800000e+02   0.0000000e+00   9.6385195e-04
   2.2900000e+02   0.0000000e+00   9.5360041e-04
   2.3000000e+02   1.0000000e+00   9.4345791e-04
   2.3100000e+02   0.0000000e+00   9.3342329e-04
   2.3200000e+02   0.0000000e+00   9.2349539e-04
   2.3300000e+02   0.0000000e+00   9.1367308e-04
   2.3400000e+02   0.0000000e+00   9.0395525e-04
   2.3500000e+02   0.0000000e+00   8.9434077e-04
   2.3600000e+02   1.0000000e+00   8.8482856e-04
   2.3700000e+02   0.0000000e+00   8.7541752e-04
   2.3800000e+02   1.0000000e+00   8.6610657e-04
   2.3900000e+02   1.0000000e+00   8.5689465e-04
   2.4000000e+02   0.0000000e+00   8.4778071e-04
   2.4100000e+02   0.0000000e+00   8.3876371e-04
   2.4200000e+02   0.0000000e+00   8.2984261e-04
   2.4300000e+02   0.0000000e+00   8.2101640e-04
   2.4400000e+02   0.0000000e+00   8.1228406e-04
   2.4500000e+02   1.0000000e+00   8.0364460e-04
   2.4600000e+02   0.0000000e+00   7.9509703e-04
   2.4700000e+02   1.0000000e+00   7.8664037e-04
   2.4800000e+02   0.0000000e+00   7.7827366e-04
   2.4900000e+02   0.0000000e+00   7.6999594e-04
   2.5000000e+02   1.0000000e+00   7.6180625e-04
   2.5100000e+02   1.0000000e+00   7.5370367e-04
   2.5200000e+02   0.0000000e+00   7.4568728e-04
   2.5300000e+02   0.0000000e+00   7.3775614e-04
   2.5400000e+02   0.0000000e+00   7.2990936e-04
   2.5500000e+02   0.0000000e+00   7.2214604e-04
   2.5600000e+02   0.0000000e+00   7.1446529e-04
   2.5700000e+02   0.0000000e+00   7.0686623e-04
   2.5800000e+02   1.0000000e+00   6.9934799e-04
   2.5900000e+02   1.0000000e+00   6.9190972e-04
   2.6000000e+02   1.0000000e+00   6.8455057e-04
   2.6100000e+02   0.0000000e+00   6.7726968e-04
   2.6200000e+02   0.0000000e+00   6.7006623e-04
   2.6300000e+02   1.0000000e+00   6.6293940e-04
   2.6400000e+02   0.0000000e+00   6.5588838e-04
   2.6500000e+02   0.0000000e+00   6.4891234e-04
   2.6600000e+02   0.0000000e+00   6.4201050e-04
   2.6700000e+02   0.0000000e+00   6.3518208e-04
   2.6800000e+02   0.0000000e+00   6.2842627e-04
   2.6900000e+02   0.0000000e+00   6.2174233e-04
   2.7000000e+02   0.0000000e+00   6.1512947e-04
   2.7100000e+02   0.0000000e+00   6.0858695e-04
   2.7200000e+02   0.0000000e+00   6.0211401e-04
   2.7300000e+02   0.0000000e+00   5.9570992e-04
   2.7400000e+02   0.0000000e+00   5.8937395e-04
   2.7500000e+02   0.0000000e+00   5.8310536e-04
   2.7600000e+02   1.0000000e+00   5.7690345e-04
   2.7700000e+02   0.0000000e+00   5.7076750e-04
   2.7800000e+02   0.0000000e+00   5.6469681e-04
   2.7900000e+02   0.0000000e+00   5.5869069e-04
   2.8000000e+02   0.0000000e+00   5.5274845e-04
   2.8100000e+02   0.0000000e+00   5.4686942e-04
   2.8200000e+02   0.0000000e+00   5.4105291e-04
   2.8300000e+02   0.0000000e+00   5.3529826e-04
   2.8400000e+02   1.0000000e+00   5.2960483e-04
   2.8500000e+02   1.0000000e+00   5.2397195e-04
   2.8600000e+02   0.0000000e+00   5.1839898e-04
   2.8700000e+02   0.0000000e+00   5.1288528e-04
   2.8800000e+02   0.0000000e+00   5.0743023e-04
   2.8900000e+02   0.0000000e+00   5.0203320e-04
   2.9000000e+02   0.0000000e+00   4.9669357e-04
   2.9100000e+02   0.0000000e+00   4.9141073e-04
   2.9200000e+02   1.0000000e+00   4.8618408e-04
   2.9300000e+02   1.0000000e+00   4.8101302e-04
   2.9400000e+02   1.0000000e+00   4.7589697e-04
   2.9500000e+02   0.0000000e+00   4.7083532e-04
   2.9600000e+02   0.0000000e+00   4.6582751e-04
   2.9700000e+02   0.0000000e+00   4.6087297e-04
   2.9800000e+02   0.0000000e+00   4.5597112e-04
   2.9900000e+02   1.0000000e+00   4.5112141e-04
   3.0000000e+02   0.0000000e+00   4.4632328e-04
   3.0100000e+02   1.0000000e+00   4.4157618e-04
   3.0200000e+02   0.0000000e+00   4.3687957e-04
   3.0300000e+02   0.0000000e+00   4.3223292e-04
   3.0400000e+02   0.0000000e+00   4.2763568e-04
   3.0500000e+02   0.0000000e+00   4.2308735e-04
   3.0600000e+02   1.0000000e+00   4.1858739e-04
   3.0700000e+02   0.0000000e+00   4.1413529e-04
   3.0800000e+02   0.0000000e+00   4.0973054e-04
   3.0900000e+02   1.0000000e+00   4.0537264e-04
   3.1000000e+02   0.0000000e+00   4.0106110e-04
   3.1100000e+02   0.0000000e+00   3.9679541e-04
   3.1200000e+02   0.0000000e+00   3.9257509e-04
   3.1300000e+02   0.0000000e+00   3.8839966e-04
   3.1400000e+02   0.0000000e+00   3.8426864e-04
   3.1500000e+02   0.0000000e+00   3.8018155e-04
   3.1600000e+02   0.0000000e+00   3.7613794e-04
   3.1700000e+02   0.0000000e+00   3.7213733e-04
   3.1800000e+02   0.0000000e+00   3.6817928e-04
   3.1900000e+02   0.0000000e+00   3.6426332e-04
   3.2000000e+02   0.0000000e+00   3.6038901e-04
   3.2100000e+02   0.0000000e+00   3.5655591e-04
   3.2200000e+02   0.0000000e+00   3.5276358e-04
   3.2300000e+02   0.0000000e+00   3.4901158e-04
   3.2400000e+02   0.0000000e+00   3.4529949e-04
   3.2500000e+02   0.0000000e+00   3.4162688e-04
   3.2600000e+02   0.0000000e+00   3.3799334e-04
   3.2700000e+02   0.0000000e+00   3.3439844e-04
   3.2800000e+02   0.0000000e+00   3.3084177e-04
   3.2900000e+02   0.0000000e+00   3.2732294e-04
   3.3000000e+02   0.0000000e+00   3.2384153e-04
   3.3100000e+02   1.0000000e+00   3.2039715e-04
   3.3200000e+02   0.0000000e+00   3.1698940e-04
   3.3300000e+02   0.0000000e+00   3.1361790e-04
   3.3400000e+02   0.0000000e+00   3.1028226e-04
   3.3500000e+02   0.0000000e+00   3.0698209e-04
   3.3600000e+02   0.0000000e+00   3.0371703e-04
   3.3700000e+02   0.0000000e+00   3.0048669e-04
   3.3800000e+02   0.0000000e+00   2.9729071e-04
   3.3900000e+02   0.0000000e+00   2.9412872e-04
   3.4000000e+02   0.0000000e+00   2.9100037e-04
   3.4100000e+02   1.0000000e+00   2.8790529e-04
   3.4200000e+02   0.0000000e+00   2.8484312e-04
   3.4300000e+02   0.0000000e+00   2.8181353e-04
   3.4400000e+02   0.0000000e+00   2.7881616e-04
   3.4500000e+02   0.0000000e+00   2.7585067e-04
   3.4600000e+02   0.0000000e+00   2.7291672e-04
   3.4700000e+02   0.0000000e+00   2.7001397e-04
   3.4800000e+02   0.0000000e+00   2.6714210e-04
   3.4900000e+02   0.0000000e+00   2.6430078e-04
   3.5000000e+02   0.0000000e+00   2.6148967e-04
   3.5100000e+02   0.0000000e+00   2.5870847e-04
   3.5200000e+02   0.0000000e+00   2.5595684e-04
   3.5300000e+02   0.0000000e+00   2.5323448e-04
   3.5400000e+02   0.0000000e+00   2.5054108e-04
   3.5500000e+02   0.0000000e+00   2.4787632e-04
   3.5600000e+02   0.0000000e+00   2.4523991e-04
   3.5700000e+02   0.0000000e+00   2.4263153e-04
   3.5800000e+02   0.0000000e+00   2.4005090e-04
   3.5900000e+02   0.0000000e+00   2.3749772e-04
   3.6000000e+02   0.0000000e+00   2.3497169e-04
   3.6100000e+02   0.0000000e+00   2.3247253e-04
   3.6200000e+02   0.0000000e+00   2.2999995e-04
   3.6300000e+02   0.0000000e+00   2.2755367e-04
   3.6400000e+02   0.0000000e+00   2.2513341e-04
   3.6500000e+02   0.0000000e+00   2.2273889e-04
   3.6600000e+02   0.0000000e+00   2.2036983e-04
   3.6700000e+02   0.0000000e+00   2.1802598e-04
   3.6800000e+02   0.0000000e+00   2.1570705e-04
   3.6900000e+02   0.0000000e+00   2.1341279e-04
   3.7000000e+02   0.0000000e+00   2.1114293e-04
   3.7100000e+02   0.0000000e+00   2.0889721e-04
   3.7200000e+02   0.0000000e+00   2.0667538e-04
   3.7300000e+02   0.0000000e+00   2.0447718e-04
   3.7400000e+02   0.0000000e+00   2.0230236e-04
   3.7500000e+02   1.0000000e+00   2.0015067e-04
   3.7600000e+02   0.0000000e+00   1.9802186e-04
   3.7700000e+02   0.0000000e+00   1.9591570e-04
   3.7800000e+02   1.0000000e+00   1.9383194e-04
   3.7900000e+02   0.0000000e+00   1.9177034e-04
   3.8000000e+02   1.0000000e+00   1.8973067e-04
   3.8100000e+02   0.0000000e+00   1.8771269e-04
   3.8200000e+02   0.0000000e+00   1.8571618e-04
   3.8300000e+02   0.0000000e+00   1.8374090e-04
   3.8400000e+02   1.0000000e+00   1.8178663e-04
   3.8500000e+02   0.0000000e+00   1.7985315e-04
   3.8600000e+02   0.0000000e+00   1.7794023e-04
   3.8700000e+02   0.0000000e+00   1.7604765e-04
   3.8800000e+02   0.0000000e+00   1.7417521e-04
   3.8900000e+02   0.0000000e+00   1.7232268e-04
   3.9000000e+02   0.0000000e+00   1.7048986e-04
   3.9100000e+02   0.0000000e+00   1.6867652e-04
   3.9200000e+02   0.0000000e+00   1.6688248e-04
   3.9300000e+02   0.0000000e+00   1.6510752e-04
   3.9400000e+02   1.0000000e+00   1.6335143e-04
   3.9500000e+02   0.0000000e+00   1.6161402e-04
   3.9600000e+02   0.0000000e+00   1.5989510e-04
   3.9700000e+02   0.0000000e+00   1.5819445e-04
   3.9800000e+02   0.0000000e+00   1.5651189e-04
   3.9900000e+02   0.0000000e+00   1.5484723e-04
   4.0000000e+02   0.0000000e+00   1.5320028e-04
   4.0100000e+02   0.0000000e+00   1.5157084e-04
   4.0200000e+02   0.0000000e+00   1.4995873e-04
   4.0300000e+02   0.0000000e+00   1.4836376e-04
   4.0400000e+02   0.0000000e+00   1.4678577e-04
   4.0500000e+02   0.0000000e+00   1.4522455e-04
   4.0600000e+02   0.0000000e+00   1.4367994e-04
   4.0700000e+02   0.0000000e+00   1.4215176e-04
   4.0800000e+02   0.0000000e+00   1.4063983e-04
   4.0900000e+02   0.0000000e+00   1.3914399e-04
   4.1000000e+02   0.0000000e+00   1.3766405e-04
   4.1100000e+02   0.0000000e+00   1.3619986e-04
   4.1200000e+02   0.0000000e+00   1.3475123e-04
   4.1300000e+02   0.0000000e+00   1.3331802e-04
   4.1400000e+02   0.0000000e+00   1.3190005e-04
   4.1500000e+02   0.0000000e+00   1.3049716e-04
   4.1600000e+02   1.0000000e+00   1.2910919e-04
   4.1700000e+02   0.0000000e+00   1.2773598e-04
   4.1800000e+02   0.0000000e+00   1.2637738e-04
   4.1900000e+02   0.0000000e+00   1.2503323e-04
   4.2000000e+02   0.0000000e+00   1.2370337e-04
   4.2100000e+02   0.0000000e+00   1.2238766e-04
   4.2200000e+02   0.0000000e+00   1.2108595e-04
   4.2300000e+02   0.0000000e+00   1.1979808e-04
   4.2400000e+02   1.0000000e+00   1.1852390e-04
   4.2500000e+02   0.0000000e+00   1.1726328e-04
   4.2600000e+02   0.0000000e+00   1.1601607e-04
   4.2700000e+02   0.0000000e+00   1.1478212e-04
   4.2800000e+02   0.0000000e+00   1.1356130e-04
   4.2900000e+02   0.0000000e+00   1.1235346e-04
   4.3000000e+02   0.0000000e+00   1.1115847e-04
   4.3100000e+02   0.0000000e+00   1.0997618e-04
   4.3200000e+02   0.0000000e+00   1.0880648e-04
   4.3300000e+02   1.0000000e+00   1.0764921e-04
   4.3400000e+02   0.0000000e+00   1.0650425e-04
   4.3500000e+02   0.0000000e+00   1.0537147e-04
   4.3600000e+02   0.0000000e+00   1.0425074e-04
   4.3700000e+02   0.0000000e+00   1.0314193e-04
   4.3800000e+02   0.0000000e+00   1.0204491e-04
   4.3900000e+02   0.0000000e+00   1.0095956e-04
   4.4000000e+02   0.0000000e+00   9.9885753e-05
   4.4100000e+02   0.0000000e+00   9.8823367e-05
   4.4200000e+02   0.0000000e+00   9.7772281e-05
   4.4300000e+02   0.0000000e+00   9.6732374e-05
   4.4400000e+02   0.0000000e+00   9.5703528e-05
   4.4500000e+02   0.0000000e+00   9.4685625e-05
   4.4600000e+02   0.0000000e+00   9.3678548e-05
   4.4700000e+02   0.0000000e+00   9.2682182e-05
   4.4800000e+02   0.0000000e+00   9.1696413e-05
   4.4900000e+02   0.0000000e+00   9.0721130e-05
   4.5000000e+02   0.0000000e+00   8.9756219e-05
   4.5100000e+02   0.0000000e+00   8.8801571e-05
   4.5200000e+02   0.0000000e+00   8.7857077e-05
   4.5300000e+02   0.0000000e+00   8.6922628e-05
   4.5400000e+02   0.0000000e+00   8.5998118e-05
   4.5500000e+02   0.0000000e+00   8.5083442e-05
   4.5600000e+02   0.0000000e+00   8.4178494e-05
   4.5700000e+02   0.0000000e+00   8.3283170e-05
   4.5800000e+02   0.0000000e+00   8.2397370e-05
   4.5900000e+02   0.0000000e+00   8.1520991e-05
   4.6000000e+02   0.0000000e+00   8.0653933e-05
   4.6100000e+02   0.0000000e+00   7.9796097e-05
   4.6200000e+02   0.0000000e+00   7.8947385e-05
   4.6300000e+02   0.0000000e+00   7.8107700e-05
   4.6400000e+02   0.0000000e+00   7.7276946e-05
   4.6500000e+02   0.0000000e+00   7.6455028e-05
   4.6600000e+02   0.0000000e+00   7.5641851e-05
   4.6700000e+02   0.0000000e+00   7.4837324e-05
   4.6800000e+02   0.0000000e+00   7.4041354e-05
   4.6900000e+02   0.0000000e+00   7.3253849e-05
   4.7000000e+02   0.0000000e+00   7.2474721e-05
   4.7100000e+02   0.0000000e+00   7.1703879e-05
   4.7200000e+02   0.0000000e+00   7.0941236e-05
   4.7300000e+02   0.0000000e+00   7.0186704e-05
   4.7400000e+02   0.0000000e+00   6.9440198e-05
   4.7500000e+02   0.0000000e+00   6.8701632e-05
   4.7600000e+02   0.0000000e+00   6.7970920e-05
   4.7700000e+02   0.0000000e+00   6.7247981e-05
   4.7800000e+02   0.0000000e+00   6.6532731e-05
   4.7900000e+02   0.0000000e+00   6.5825088e-05
   4.8000000e+02   0.0000000e+00   6.5124972e-05
   4.8100000e+02   0.0000000e+00   6.4432303e-05
   4.8200000e+02   0.0000000e+00   6.3747000e-05
   4.8300000e+02   0.0000000e+00   6.3068986e-05
   4.8400000e+02   0.0000000e+00   6.2398184e-05
   4.8500000e+02   0.0000000e+00   6.1734517e-05
   4.8600000e+02   0.0000000e+00   6.1077908e-05
   4.8700000e+02   0.0000000e+00   6.0428283e-05
   4.8800000e+02   0.0000000e+00   5.9785567e-05
   4.8900000e+02   0.0000000e+00   5.9149687e-05
   4.9000000e+02   0.0000000e+00   5.8520571e-05
   4.9100000e+02   0.0000000e+00   5.7898145e-05
   4.9200000e+02   0.0000000e+00   5.7282340e-05
   4.9300000e+02   0.0000000e+00   5.6673085e-05
   4.9400000e+02   0.0000000e+00   5.6070309e-05
   4.9500000e+02   0.0000000e+00   5.5473945e-05
   4.9600000e+02   1.0000000e+00   5.4883924e-05
   4.9700000e+02   0.0000000e+00   5.4300178e-05
   4.9800000e+02   0.0000000e+00   5.3722641e-05
   4.9900000e+02   0.0000000e+00   5.3151246e-05
   5.0000000e+02   0.0000000e+00   5.2585929e-05
   5.0100000e+02   0.0000000e+00   5.2026625e-05
   5.0200000e+02   0.0000000e+00   5.1473269e-05
   5.0300000e+02   0.0000000e+00   5.0925799e-05
   5.0400000e+02   0.0000000e+00   5.0384152e-05
   5.0500000e+02   0.0000000e+00   4.9848266e-05
   5.0600000e+02   0.0000000e+00   4.9318079e-05
   5.0700000e+02   0.0000000e+00   4.8793532e-05
   5.0800000e+02   0.0000000e+00   4.8274563e-05
   5.0900000e+02   0.0000000e+00   4.7761115e-05
   5.1000000e+02   0.0000000e+00   4.7253127e-05
   5.1100000e+02   0.0000000e+00   4.6750542e-05
   5.1200000e+02   0.0000000e+00   4.6253303e-05
   5.1300000e+02   0.0000000e+00   4.5761353e-05
   5.1400000e+02   0.0000000e+00   4.5274635e-05
   5.1500000e+02   0.0000000e+00   4.4793093e-05
   5.1600000e+02   0.0000000e+00   4.4316674e-05
   5.1700000e+02   0.0000000e+00   4.3845321e-05
   5.1800000e+02   0.0000000e+00   4.3378982e-05
   5.1900000e+02   1.0000000e+00   4.2917603e-05
   5.2000000e+02   0.0000000e+00   4.2461131e-05
   5.2100000e+02   0.0000000e+00   4.2009514e-05
   5.2200000e+02   0.0000000e+00   4.1562700e-05
   5.2300000e+02   0.0000000e+00   4.1120639e-05
   5.2400000e+02   0.0000000e+00   4.0683280e-05
   5.2500000e+02   0.0000000e+00   4.0250572e-05
   5.2600000e+02   0.0000000e+00   3.9822466e-05
   5.2700000e+02   0.0000000e+00   3.9398914e-05
   5.2800000e+02   0.0000000e+00   3.8979867e-05
   5.2900000e+02   0.0000000e+00   3.8565277e-05
   5.3000000e+02   0.0000000e+00   3.8155096e-05
   5.3100000e+02   0.0000000e+00   3.7749279e-05
   5.3200000e+02   0.0000000e+00   3.7347777e-05
   5.3300000e+02   0.0000000e+00   3.6950546e-05
   5.3400000e+02   0.0000000e+00   3.6557539e-05
   5.3500000e+02   0.0000000e+00   3.6168713e-05
   5.3600000e+02   0.0000000e+00   3.5784022e-05
   5.3700000e+02   0.0000000e+00   3.5403423e-05
   5.3800000e+02   0.0000000e+00   3.5026872e-05
   5.3900000e+02   0.0000000e+00   3.4654326e-05
   5.4000000e+02   1.0000000e+00   3.4285742e-05
   5.4100000e+02   0.0000000e+00   3.3921079e-05
   5.4200000e+02   0.0000000e+00   3.3560294e-05
   5.4300000e+02   0.0000000e+00   3.3203346e-05
   5.4400000e+02   0.0000000e+00   3.2850195e-05
   5.4500000e+02   0.0000000e+00   3.2500800e-05
   5.4600000e+02   0.0000000e+00   3.2155122e-05
   5.4700000e+02   0.0000000e+00   3.1813120e-05
   5.4800000e+02   0.0000000e+00   3.1474755e-05
   5.4900000e+02   0.0000000e+00   3.1139989e-05
   5.5000000e+02   0.0000000e+00   3.0808784e-05
   5.5100000e+02   1.0000000e+00   3.0481102e-05
   5.5200000e+02   0.0000000e+00   3.0156904e-05
   5.5300000e+02   0.0000000e+00   2.9836155e-05
   5.5400000e+02   0.0000000e+00   2.9518818e-05
   5.5500000e+02   0.0000000e+00   2.9204855e-05
   5.5600000e+02   0.0000000e+00   2.8894232e-05
   5.5700000e+02   0.0000000e+00   2.8586913e-05
   5.5800000e+02   0.0000000e+00   2.8282862e-05
   5.5900000e+02   0.0000000e+00   2.7982045e-05
   5.6000000e+02   0.0000000e+00   2.7684428e-05
   5.6100000e+02   0.0000000e+00   2.7389976e-05
   5.6200000e+02   0.0000000e+00   2.7098656e-05
   5.6300000e+02   1.0000000e+00   2.6810435e-05
   5.6400000e+02   0.0000000e+00   2.6525279e-05
   5.6500000e+02   0.0000000e+00   2.6243156e-05
   5.6600000e+02   0.0000000e+00   2.5964033e-05
   5.6700000e+02   0.0000000e+00   2.5687880e-05
   5.6800000e+02   0.0000000e+00   2.5414663e-05
   5.6900000e+02   0.0000000e+00   2.5144353e-05
   5.7000000e+02   0.0000000e+00   2.4876917e-05
   5.7100000e+02   0.0000000e+00   2.4612326e-05
   5.7200000e+02   0.0000000e+00   2.4350549e-05
   5.7300000e+02   0.0000000e+00   2.4091556e-05
   5.7400000e+02   0.0000000e+00   2.3835318e-05
   5.7500000e+02   0.0000000e+00   2.3581806e-05
   5.7600000e+02   0.0000000e+00   2.3330990e-05
   5.7700000e+02   1.0000000e+00   2.3082841e-05
   5.7800000e+02   0.0000000e+00   2.2837332e-05
   5.7900000e+02   0.0000000e+00   2.2594434e-05
   5.8000000e+02   0.0000000e+00   2.2354119e-05
   5.8100000e+02   0.0000000e+00   2.2116360e-05
   5.8200000e+02   0.0000000e+00   2.1881131e-05
   5.8300000e+02   0.0000000e+00   2.1648403e-05
   5.8400000e+02   0.0000000e+00   2.1418150e-05
   5.8500000e+02   0.0000000e+00   2.1190347e-05
   5.8600000e+02   0.0000000e+00   2.0964966e-05
   5.8700000e+02   0.0000000e+00   2.0741982e-05
   5.8800000e+02   0.0000000e+00   2.0521370e-05
   5.8900000e+02   0.0000000e+00   2.0303105e-05
   5.9000000e+02   0.0000000e+00   2.0087161e-05
   5.9100000e+02   0.0000000e+00   1.9873514e-05
   5.9200000e+02   0.0000000e+00   1.9662139e-05
   5.9300000e+02   0.0000000e+00   1.9453012e-05
   5.9400000e+02   0.0000000e+00   1.9246110e-05
   5.9500000e+02   0.0000000e+00   1.9041408e-05
   5.9600000e+02   0.0000000e+00   1.8838884e-05
   5.9700000e+02   0.0000000e+00   1.8638513e-05
   5.9800000e+02   0.0000000e+00   1.8440274e-05
   5.9900000e+02   0.0000000e+00   1.8244143e-05
   6.0000000e+02   0.0000000e+00   1.8050098e-05
   6.0100000e+02   0.0000000e+00   1.7858117e-05
   6.0200000e+02   0.0000000e+00   1.7668178e-05
   6.0300000e+02   0.0000000e+00   1.7480259e-05
   6.0400000e+02   0.0000000e+00   1.7294339e-05
   6.0500000e+02   0.0000000e+00   1.7110396e-05
   6.0600000e+02   0.0000000e+00   1.6928410e-05
   6.0700000e+02   0.0000000e+00   1.6748359e-05
   6.0800000e+02   0.0000000e+00   1.6570223e-05
   6.0900000e+02   0.0000000e+00   1.6393982e-05
   6.1000000e+02   0.0000000e+00   1.6219616e-05
   6.1100000e+02   0.0000000e+00   1.6047104e-05
   6.1200000e+02   0.0000000e+00   1.5876427e-05
   6.1300000e+02   0.0000000e+00   1.5707565e-05
   6.1400000e+02   0.0000000e+00   1.5540499e-05
   6.1500000e+02   0.0000000e+00   1.5375210e-05
   6.1600000e+02   0.0000000e+00   1.5211679e-05
   6.1700000e+02   0.0000000e+00   1.5049888e-05
   6.1800000e+02   0.0000000e+00   1.4889817e-05
   6.1900000e+02   0.0000000e+00   1.4731449e-05
   6.2000000e+02   0.0000000e+00   1.4574765e-05
   6.2100000e+02   0.0000000e+00   1.4419748e-05
   6.2200000e+02   0.0000000e+00   1.4266379e-05
   6.2300000e+02   0.0000000e+00   1.4114642e-05
   6.2400000e+02   0.0000000e+00   1.3964518e-05
   6.2500000e+02   0.0000000e+00   1.3815992e-05
   6.2600000e+02   0.0000000e+00   1.3669045e-05
   6.2700000e+02   0.0000000e+00   1.3523661e-05
   6.2800000e+02   0.0000000e+00   1.3379823e-05
   6.2900000e+02   0.0000000e+00   1.3237515e-05
   6.3000000e+02   0.0000000e+00   1.3096721e-05
   6.3100000e+02   0.0000000e+00   1.2957424e-05
   6.3200000e+02   0.0000000e+00   1.2819609e-05
   6.3300000e+02   0.0000000e+00   1.2683259e-05
   6.3400000e+02   0.0000000e+00   1.2548360e-05
   6.3500000e+02   0.0000000e+00   1.2414895e-05
   6.3600000e+02   0.0000000e+00   1.2282850e-05
   6.3700000e+02   0.0000000e+00   1.2152210e-05
   6.3800000e+02   0.0000000e+00   1.2022959e-05
   6.3900000e+02   0.0000000e+00   1.1895083e-05
   6.4000000e+02   0.0000000e+00   1.1768566e-05
   6.4100000e+02   0.0000000e+00   1.1643396e-05
   6.4200000e+02   1.0000000e+00   1.1519557e-05
