   1.0000000e+00   3.0000000e+00   9.6401028e-03
   2.0000000e+00   2.0000000e+00   9.5471712e-03
   3.0000000e+00   0.0000000e+00   9.4551355e-03
   4.0000000e+00   1.0000000e+00   9.3639871e-03
   5.0000000e+00   0.0000000e+00   9.2737173e-03
   6.0000000e+00   0.0000000e+00   9.1843177e-03
   7.0000000e+00   4.0000000e+00   9.0957799e-03
   8.0000000e+00   1.0000000e+00   9.0080956e-03
   9.0000000e+00   5.0000000e+00   8.9212567e-03
   1.0000000e+01   2.0000000e+00   8.8352548e-03
   1.1000000e+01   2.0000000e+00   8.7500821e-03
   1.2000000e+01   0.0000000e+00   8.6657304e-03
   1.3000000e+01   0.0000000e+00   8.5821919e-03
   1.4000000e+01   0.0000000e+00   8.4994586e-03
   1.5000000e+01   2.0000000e+00   8.4175230e-03
   1.6000000e+01   1.0000000e+00   8.3363772e-03
   1.7000000e+01   3.0000000e+00   8.2560137e-03
   1.8000000e+01   0.0000000e+00   8.1764249e-03
   1.9000000e+01   2.0000000e+00   8.0976033e-03
   2.0000000e+01   1.0000000e+00   8.0195415e-03
   2.1000000e+01   2.0000000e+00   7.9422323e-03
   2.2000000e+01   2.0000000e+00   7.8656684e-03
   2.3000000e+01   4.0000000e+00   7.7898426e-03
   2.4000000e+01   4.0000000e+00   7.7147477e-03
   2.5000000e+01   1.0000000e+00   7.6403767e-03
   2.6000000e+01   3.0000000e+00   7.5667227e-03
   2.7000000e+01   0.0000000e+00   7.4937787e-03
   2.8000000e+01   3.0000000e+00   7.4215379e-03
   2.9000000e+01   0.0000000e+00   7.3499935e-03
   3.0000000e+01   1.0000000e+00   7.2791388e-03
   3.1000000e+01   1.0000000e+00   7.2089672e-03
   3.2000000e+01   3.0000000e+00   7.1394720e-03
   3.3000000e+01   2.0000000e+00   7.0706468e-03
   3.4000000e+01   1.0000000e+00   7.0024850e-03
   3.5000000e+01   1.0000000e+00   6.9349803e-03
   3.6000000e+01   0.0000000e+00   6.8681264e-03
   3.7000000e+01   0.0000000e+00   6.8019169e-03
   3.8000000e+01   2.0000000e+00   6.7363458e-03
   3.9000000e+01   3.0000000e+00   6.6714067e-03
   4.0000000e+01   2.0000000e+00   6.6070937e-03
   4.1000000e+01   1.0000000e+00   6.5434006e-03
   4.2000000e+01   1.0000000e+00   6.4803215e-03
   4.3000000e+01   2.0000000e+00   6.4178506e-03
   4.4000000e+01   4.0000000e+00   6.3559818e-03
   4.5000000e+01   1.0000000e+00   6.2947095e-03
   4.6000000e+01   1.0000000e+00   6.2340279e-03
   4.7000000e+01   0.0000000e+00   6.1739312e-03
   4.8000000e+01   0.0000000e+00   6.1144139e-03
   4.9000000e+01   2.0000000e+00   6.0554703e-03
   5.0000000e+01   2.0000000e+00   5.9970949e-03
   5.1000000e+01   2.0000000e+00   5.9392823e-03
   5.2000000e+01   1.0000000e+00   5.8820270e-03
   5.3000000e+01   1.0000000e+00   5.8253237e-03
   5.4000000e+01   2.0000000e+00   5.7691670e-03
   5.5000000e+01   1.0000000e+00   5.7135516e-03
   5.6000000e+01   1.0000000e+00   5.6584724e-03
   5.7000000e+01   0.0000000e+00   5.6039241e-03
   5.8000000e+01   1.0000000e+00   5.5499017e-03
   5.9000000e+01   1.0000000e+00   5.4964001e-03
   6.0000000e+01   1.0000000e+00   5.4434142e-03
   6.1000000e+01   1.0000000e+00   5.3909392e-03
   6.2000000e+01   0.0000000e+00   5.3389699e-03
   6.3000000e+01   1.0000000e+00   5.2875017e-03
   6.4000000e+01   1.0000000e+00   5.2365297e-03
   6.5000000e+01   2.0000000e+00   5.1860490e-03
   6.6000000e+01   0.0000000e+00   5.1360549e-03
   6.7000000e+01   1.0000000e+00   5.0865428e-03
   6.8000000e+01   2.0000000e+00   5.0375080e-03
   6.9000000e+01   0.0000000e+00   4.9889459e-03
   7.0000000e+01   0.0000000e+00   4.9408520e-03
   7.1000000e+01   2.0000000e+00   4.8932217e-03
   7.2000000e+01   0.0000000e+00   4.8460505e-03
   7.3000000e+01   0.0000000e+00   4.7993341e-03
   7.4000000e+01   1.0000000e+00   4.7530680e-03
   7.5000000e+01   1.0000000e+00   4.7072480e-03
   7.6000000e+01   0.0000000e+00   4.6618696e-03
   7.7000000e+01   2.0000000e+00   4.6169287e-03
   7.8000000e+01   0.0000000e+00   4.5724210e-03
   7.9000000e+01   0.0000000e+00   4.5283424e-03
   8.0000000e+01   0.0000000e+00   4.4846887e-03
   8.1000000e+01   0.0000000e+00   4.4414559e-03
   8.2000000e+01   2.0000000e+00   4.3986398e-03
   8.3000000e+01   1.0000000e+00   4.3562364e-03
   8.4000000e+01   1.0000000e+00   4.3142419e-03
   8.5000000e+01   1.0000000e+00   4.2726521e-03
   8.6000000e+01   1.0000000e+00   4.2314633e-03
   8.7000000e+01   2.0000000e+00   4.1906716e-03
   8.8000000e+01   1.0000000e+00   4.1502731e-03
   8.9000000e+01   1.0000000e+00   4.1102640e-03
   9.0000000e+01   1.0000000e+00   4.0706407e-03
   9.1000000e+01   2.0000000e+00   4.0313993e-03
   9.2000000e+01   2.0000000e+00   3.9925362e-03
   9.3000000e+01   1.0000000e+00   3.9540477e-03
   9.4000000e+01   2.0000000e+00   3.9159303e-03
   9.5000000e+01   3.0000000e+00   3.8781803e-03
   9.6000000e+01   1.0000000e+00   3.8407942e-03
   9.7000000e+01   1.0000000e+00   3.8037686e-03
   9.8000000e+01   1.0000000e+00   3.7670999e-03
   9.9000000e+01   1.0000000e+00   3.7307846e-03
   1.0000000e+02   0.0000000e+00   3.6948195e-03
   1.0100000e+02   1.0000000e+00   3.6592011e-03
   1.0200000e+02   1.0000000e+00   3.6239260e-03
   1.0300000e+02   0.0000000e+00   3.5889910e-03
   1.0400000e+02   0.0000000e+00   3.5543927e-03
   1.0500000e+02   0.0000000e+00   3.5201280e-03
   1.0600000e+02   0.0000000e+00   3.4861936e-03
   1.0700000e+02   0.0000000e+00   3.4525864e-03
   1.0800000e+02   0.0000000e+00   3.4193031e-03
   1.0900000e+02   0.0000000e+00   3.3863406e-03
   1.1000000e+02   0.0000000e+00   3.3536960e-03
   1.1100000e+02   0.0000000e+00   3.3213660e-03
   1.1200000e+02   2.0000000e+00   3.2893477e-03
   1.1300000e+02   0.0000000e+00   3.2576380e-03
   1.1400000e+02   0.0000000e+00   3.2262341e-03
   1.1500000e+02   2.0000000e+00   3.1951328e-03
   1.1600000e+02   0.0000000e+00   3.1643314e-03
   1.1700000e+02   0.0000000e+00   3.1338269e-03
   1.1800000e+02   1.0000000e+00   3.1036165e-03
   1.1900000e+02   0.0000000e+00   3.0736973e-03
   1.2000000e+02   3.0000000e+00   3.0440666e-03
   1.2100000e+02   0.0000000e+00   3.0147215e-03
   1.2200000e+02   0.0000000e+00   2.9856592e-03
   1.2300000e+02   0.0000000e+00   2.9568772e-03
   1.2400000e+02   0.0000000e+00   2.9283726e-03
   1.2500000e+02   1.0000000e+00   2.9001428e-03
   1.2600000e+02   0.0000000e+00   2.8721851e-03
   1.2700000e+02   1.0000000e+00   2.8444969e-03
   1.2800000e+02   1.0000000e+00   2.8170757e-03
   1.2900000e+02   1.0000000e+00   2.7899188e-03
   1.3000000e+02   3.0000000e+00   2.7630237e-03
   1.3100000e+02   1.0000000e+00   2.7363879e-03
   1.3200000e+02   1.0000000e+00   2.7100088e-03
   1.3300000e+02   0.0000000e+00   2.6838840e-03
   1.3400000e+02   0.0000000e+00   2.6580111e-03
   1.3500000e+02   0.0000000e+00   2.6323876e-03
   1.3600000e+02   0.0000000e+00   2.6070111e-03
   1.3700000e+02   0.0000000e+00   2.5818793e-03
   1.3800000e+02   0.0000000e+00   2.5569897e-03
   1.3900000e+02   1.0000000e+00   2.5323400e-03
   1.4000000e+02   1.0000000e+00   2.5079280e-03
   1.4100000e+02   0.0000000e+00   2.4837513e-03
   1.4200000e+02   0.0000000e+00   2.4598077e-03
   1.4300000e+02   0.0000000e+00   2.4360949e-03
   1.4400000e+02   0.0000000e+00   2.4126107e-03
   1.4500000e+02   1.0000000e+00   2.3893529e-03
   1.4600000e+02   0.0000000e+00   2.3663193e-03
   1.4700000e+02   0.0000000e+00   2.3435077e-03
   1.4800000e+02   0.0000000e+00   2.3209161e-03
   1.4900000e+02   0.0000000e+00   2.2985422e-03
   1.5000000e+02   0.0000000e+00   2.2763840e-03
   1.5100000e+02   1.0000000e+00   2.2544395e-03
   1.5200000e+02   0.0000000e+00   2.2327064e-03
   1.5300000e+02   1.0000000e+00   2.2111829e-03
   1.5400000e+02   0.0000000e+00   2.1898669e-03
   1.5500000e+02   0.0000000e+00   2.1687563e-03
   1.5600000e+02   0.0000000e+00   2.1478493e-03
   1.5700000e+02   1.0000000e+00   2.1271438e-03
   1.5800000e+02   0.0000000e+00   2.1066379e-03
   1.5900000e+02   0.0000000e+00   2.0863297e-03
   1.6000000e+02   1.0000000e+00   2.0662173e-03
   1.6100000e+02   1.0000000e+00   2.0462987e-03
   1.6200000e+02   0.0000000e+00   2.0265722e-03
   1.6300000e+02   0.0000000e+00   2.0070358e-03
   1.6400000e+02   0.0000000e+00   1.9876878e-03
   1.6500000e+02   0.0000000e+00   1.9685263e-03
   1.6600000e+02   1.0000000e+00   1.9495495e-03
   1.6700000e+02   0.0000000e+00   1.9307556e-03
   1.6800000e+02   0.0000000e+00   1.9121430e-03
   1.6900000e+02   0.0000000e+00   1.8937097e-03
   1.7000000e+02   0.0000000e+00   1.8754542e-03
   1.7100000e+02   0.0000000e+00   1.8573746e-03
   1.7200000e+02   0.0000000e+00   1.8394693e-03
   1.7300000e+02   1.0000000e+00   1.8217366e-03
   1.7400000e+02   0.0000000e+00   1.8041749e-03
   1.7500000e+02   0.0000000e+00   1.7867825e-03
   1.7600000e+02   0.0000000e+00   1.7695577e-03
   1.7700000e+02   0.0000000e+00   1.7524990e-03
   1.7800000e+02   0.0000000e+00   1.7356047e-03
   1.7900000e+02   2.0000000e+00   1.7188733e-03
   1.8000000e+02   0.0000000e+00   1.7023032e-03
   1.8100000e+02   1.0000000e+00   1.6858928e-03
   1.8200000e+02   1.0000000e+00   1.6696406e-03
   1.8300000e+02   0.0000000e+00   1.6535451e-03
   1.8400000e+02   0.0000000e+00   1.6376048e-03
   1.8500000e+02   0.0000000e+00   1.6218181e-03
   1.8600000e+02   0.0000000e+00   1.6061836e-03
   1.8700000e+02   0.0000000e+00   1.5906998e-03
   1.8800000e+02   1.0000000e+00   1.5753653e-03
   1.8900000e+02   1.0000000e+00   1.5601786e-03
   1.9000000e+02   0.0000000e+00   1.5451384e-03
   1.9100000e+02   1.0000000e+00   1.5302431e-03
   1.9200000e+02   0.0000000e+00   1.5154914e-03
   1.9300000e+02   0.0000000e+00   1.5008819e-03
   1.9400000e+02   0.0000000e+00   1.4864132e-03
   1.9500000e+02   0.0000000e+00   1.4720840e-03
   1.9600000e+02   0.0000000e+00   1.4578930e-03
   1.9700000e+02   0.0000000e+00   1.4438388e-03
   1.9800000e+02   0.0000000e+00   1.4299200e-03
   1.9900000e+02   1.0000000e+00   1.4161354e-03
   2.0000000e+02   0.0000000e+00   1.4024837e-03
   2.0100000e+02   0.0000000e+00   1.3889636e-03
   2.0200000e+02   0.0000000e+00   1.3755739e-03
   2.0300000e+02   0.0000000e+00   1.3623132e-03
   2.0400000e+02   0.0000000e+00   1.3491804e-03
   2.0500000e+02   1.0000000e+00   1.3361741e-03
   2.0600000e+02   0.0000000e+00   1.3232933e-03
   2.0700000e+02   1.0000000e+00   1.3105366e-03
   2.0800000e+02   0.0000000e+00   1.2979029e-03
   2.0900000e+02   0.0000000e+00   1.2853910e-03
   2.1000000e+02   0.0000000e+00   1.2729997e-03
   2.1100000e+02   0.0000000e+00   1.2607278e-03
   2.1200000e+02   0.0000000e+00   1.2485743e-03
   2.1300000e+02   0.0000000e+00   1.2365379e-03
   2.1400000e+02   0.0000000e+00   1.2246175e-03
   2.1500000e+02   0.0000000e+00   1.2128121e-03
   2.1600000e+02   0.0000000e+00   1.2011205e-03
   2.1700000e+02   0.0000000e+00   1.1895416e-03
   2.1800000e+02   0.0000000e+00   1.1780742e-03
   2.1900000e+02   0.0000000e+00   1.1667175e-03
   2.2000000e+02   0.0000000e+00   1.1554702e-03
   2.2100000e+02   0.0000000e+00   1.1443314e-03
   2.2200000e+02   0.0000000e+00   1.1332999e-03
   2.2300000e+02   0.0000000e+00   1.1223748e-03
   2.2400000e+02   1.0000000e+00   1.1115550e-03
   2.2500000e+02   0.0000000e+00   1.1008395e-03
   2.2600000e+02   2.0000000e+00   1.0902272e-03
   2.2700000e+02   0.0000000e+00   1.0797173e-03
   2.2800000e+02   1.0000000e+00   1.0693088e-03
   2.2900000e+02   0.0000000e+00   1.0590005e-03
   2.3000000e+02   0.0000000e+00   1.0487916e-03
   2.3100000e+02   0.0000000e+00   1.0386812e-03
   2.3200000e+02   0.0000000e+00   1.0286682e-03
   2.3300000e+02   1.0000000e+00   1.0187517e-03
   2.3400000e+02   0.0000000e+00   1.0089308e-03
   2.3500000e+02   0.0000000e+00   9.9920465e-04
   2.3600000e+02   0.0000000e+00   9.8957221e-04
   2.3700000e+02   0.0000000e+00   9.8003263e-04
   2.3800000e+02   1.0000000e+00   9.7058502e-04
   2.3900000e+02   0.0000000e+00   9.6122848e-04
   2.4000000e+02   0.0000000e+00   9.5196214e-04
   2.4100000e+02   0.0000000e+00   9.4278513e-04
   2.4200000e+02   0.0000000e+00   9.3369658e-04
   2.4300000e+02   0.0000000e+00   9.2469565e-04
   2.4400000e+02   0.0000000e+00   9.1578149e-04
   2.4500000e+02   0.0000000e+00   9.0695326e-04
   2.4600000e+02   1.0000000e+00   8.9821014e-04
   2.4700000e+02   2.0000000e+00   8.8955130e-04
   2.4800000e+02   1.0000000e+00   8.8097593e-04
   2.4900000e+02   0.0000000e+00   8.7248323e-04
   2.5000000e+02   1.0000000e+00   8.6407241e-04
   2.5100000e+02   0.0000000e+00   8.5574266e-04
   2.5200000e+02   0.0000000e+00   8.4749321e-04
   2.5300000e+02   0.0000000e+00   8.3932329e-04
   2.5400000e+02   0.0000000e+00   8.3123213e-04
   2.5500000e+02   0.0000000e+00   8.2321896e-04
   2.5600000e+02   0.0000000e+00   8.1528305e-04
   2.5700000e+02   0.0000000e+00   8.0742364e-04
   2.5800000e+02   0.0000000e+00   7.9963999e-04
   2.5900000e+02   0.0000000e+00   7.9193138e-04
   2.6000000e+02   0.0000000e+00   7.8429708e-04
   2.6100000e+02   0.0000000e+00   7.7673637e-04
   2.6200000e+02   0.0000000e+00   7.6924856e-04
   2.6300000e+02   0.0000000e+00   7.6183292e-04
   2.6400000e+02   0.0000000e+00   7.5448877e-04
   2.6500000e+02   0.0000000e+00   7.4721542e-04
   2.6600000e+02   0.0000000e+00   7.4001219e-04
   2.6700000e+02   0.0000000e+00   7.3287840e-04
   2.6800000e+02   0.0000000e+00   7.2581337e-04
   2.6900000e+02   0.0000000e+00   7.1881646e-04
   2.7000000e+02   0.0000000e+00   7.1188699e-04
   2.7100000e+02   0.0000000e+00   7.0502433e-04
   2.7200000e+02   0.0000000e+00   6.9822782e-04
   2.7300000e+02   0.0000000e+00   6.9149683e-04
   2.7400000e+02   0.0000000e+00   6.8483073e-04
   2.7500000e+02   0.0000000e+00   6.7822889e-04
   2.7600000e+02   0.0000000e+00   6.7169070e-04
   2.7700000e+02   0.0000000e+00   6.6521553e-04
   2.7800000e+02   0.0000000e+00   6.5880278e-04
   2.7900000e+02   0.0000000e+00   6.5245186e-04
   2.8000000e+02   1.0000000e+00   6.4616216e-04
   2.8100000e+02   0.0000000e+00   6.3993309e-04
   2.8200000e+02   0.0000000e+00   6.3376406e-04
   2.8300000e+02   0.0000000e+00   6.2765451e-04
   2.8400000e+02   0.0000000e+00   6.2160386e-04
   2.8500000e+02   0.0000000e+00   6.1561153e-04
   2.8600000e+02   0.0000000e+00   6.0967698e-04
   2.8700000e+02   0.0000000e+00   6.0379963e-04
   2.8800000e+02   1.0000000e+00   5.9797894e-04
   2.8900000e+02   0.0000000e+00   5.9221436e-04
   2.9000000e+02   0.0000000e+00   5.8650535e-04
   2.9100000e+02   0.0000000e+00   5.8085138e-04
   2.9200000e+02   0.0000000e+00   5.7525191e-04
   2.9300000e+02   0.0000000e+00   5.6970642e-04
   2.9400000e+02   0.0000000e+00   5.6421440e-04
   2.9500000e+02   0.0000000e+00   5.5877531e-04
   2.9600000e+02   0.0000000e+00   5.5338866e-04
   2.9700000e+02   1.0000000e+00   5.4805394e-04
   2.9800000e+02   0.0000000e+00   5.4277064e-04
   2.9900000e+02   0.0000000e+00   5.3753828e-04
   3.0000000e+02   0.0000000e+00   5.3235635e-04
   3.0100000e+02   0.0000000e+00   5.2722438e-04
   3.0200000e+02   0.0000000e+00   5.2214188e-04
   3.0300000e+02   1.0000000e+00   5.1710838e-04
   3.0400000e+02   0.0000000e+00   5.1212340e-04
   3.0500000e+02   0.0000000e+00   5.0718648e-04
   3.0600000e+02   1.0000000e+00   5.0229715e-04
   3.0700000e+02   0.0000000e+00   4.9745496e-04
   3.0800000e+02   0.0000000e+00   4.9265944e-04
   3.0900000e+02   0.0000000e+00   4.8791015e-04
   3.1000000e+02   0.0000000e+00   4.8320665e-04
   3.1100000e+02   0.0000000e+00   4.7854849e-04
   3.1200000e+02   2.0000000e+00   4.7393523e-04
   3.1300000e+02   0.0000000e+00   4.6936644e-04
   3.1400000e+02   0.0000000e+00   4.6484170e-04
   3.1500000e+02   0.0000000e+00   4.6036058e-04
   3.1600000e+02   0.0000000e+00   4.5592266e-04
   3.1700000e+02   0.0000000e+00   4.5152752e-04
   3.1800000e+02   1.0000000e+00   4.4717475e-04
   3.1900000e+02   0.0000000e+00   4.4286394e-04
   3.2000000e+02   0.0000000e+00   4.3859468e-04
   3.2100000e+02   0.0000000e+00   4.3436658e-04
   3.2200000e+02   0.0000000e+00   4.3017925e-04
   3.2300000e+02   0.0000000e+00   4.2603227e-04
   3.2400000e+02   0.0000000e+00   4.2192528e-04
   3.2500000e+02   0.0000000e+00   4.1785788e-04
   3.2600000e+02   0.0000000e+00   4.1382968e-04
   3.2700000e+02   0.0000000e+00   4.0984032e-04
   3.2800000e+02   0.0000000e+00   4.0588942e-04
   3.2900000e+02   0.0000000e+00   4.0197660e-04
   3.3000000e+02   0.0000000e+00   3.9810151e-04
   3.3100000e+02   0.0000000e+00   3.9426377e-04
   3.3200000e+02   0.0000000e+00   3.9046302e-04
   3.3300000e+02   0.0000000e+00   3.8669892e-04
   3.3400000e+02   0.0000000e+00   3.8297110e-04
   3.3500000e+02   0.0000000e+00   3.7927922e-04
   3.3600000e+02   0.0000000e+00   3.7562293e-04
   3.3700000e+02   0.0000000e+00   3.7200189e-04
   3.3800000e+02   0.0000000e+00   3.6841575e-04
   3.3900000e+02   0.0000000e+00   3.6486419e-04
   3.4000000e+02   1.0000000e+00   3.6134686e-04
   3.4100000e+02   0.0000000e+00   3.5786344e-04
   3.4200000e+02   1.0000000e+00   3.5441360e-04
   3.4300000e+02   0.0000000e+00   3.5099701e-04
   3.4400000e+02   0.0000000e+00   3.4761337e-04
   3.4500000e+02   0.0000000e+00   3.4426234e-04
   3.4600000e+02   0.0000000e+00   3.4094361e-04
   3.4700000e+02   1.0000000e+00   3.3765688e-04
   3.4800000e+02   0.0000000e+00   3.3440183e-04
   3.4900000e+02   0.0000000e+00   3.3117817e-04
   3.5000000e+02   0.0000000e+00   3.2798557e-04
   3.5100000e+02   0.0000000e+00   3.2482376e-04
   3.5200000e+02   0.0000000e+00   3.2169243e-04
   3.5300000e+02   0.0000000e+00   3.1859128e-04
   3.5400000e+02   0.0000000e+00   3.1552002e-04
   3.5500000e+02   0.0000000e+00   3.1247838e-04
   3.5600000e+02   0.0000000e+00   3.0946606e-04
   3.5700000e+02   0.0000000e+00   3.0648277e-04
   3.5800000e+02   0.0000000e+00   3.0352825e-04
   3.5900000e+02   0.0000000e+00   3.0060220e-04
   3.6000000e+02   0.0000000e+00   2.9770437e-04
   3.6100000e+02   0.0000000e+00   2.9483447e-04
   3.6200000e+02   0.0000000e+00   2.9199223e-04
   3.6300000e+02   0.0000000e+00   2.8917740e-04
   3.6400000e+02   0.0000000e+00   2.8638970e-04
   3.6500000e+02   0.0000000e+00   2.8362887e-04
   3.6600000e+02   0.0000000e+00   2.8089466e-04
   3.6700000e+02   0.0000000e+00   2.7818680e-04
   3.6800000e+02   0.0000000e+00   2.7550506e-04
   3.6900000e+02   1.0000000e+00   2.7284916e-04
   3.7000000e+02   0.0000000e+00   2.7021886e-04
   3.7100000e+02   0.0000000e+00   2.6761393e-04
   3.7200000e+02   0.0000000e+00   2.6503410e-04
   3.7300000e+02   0.0000000e+00   2.6247914e-04
   3.7400000e+02   0.0000000e+00   2.5994882e-04
   3.7500000e+02   0.0000000e+00   2.5744289e-04
   3.7600000e+02   1.0000000e+00   2.5496111e-04
   3.7700000e+02   0.0000000e+00   2.5250326e-04
   3.7800000e+02   0.0000000e+00   2.5006910e-04
   3.7900000e+02   0.0000000e+00   2.4765841e-04
   3.8000000e+02   0.0000000e+00   2.4527096e-04
   3.8100000e+02   0.0000000e+00   2.4290652e-04
   3.8200000e+02   0.0000000e+00   2.4056488e-04
   3.8300000e+02   0.0000000e+00   2.3824581e-04
   3.8400000e+02   0.0000000e+00   2.3594909e-04
   3.8500000e+02   0.0000000e+00   2.3367452e-04
   3.8600000e+02   0.0000000e+00   2.3142187e-04
   3.8700000e+02   0.0000000e+00   2.2919094e-04
   3.8800000e+02   0.0000000e+00   2.2698152e-04
   3.8900000e+02   0.0000000e+00   2.2479339e-04
   3.9000000e+02   1.0000000e+00   2.2262636e-04
   3.9100000e+02   0.0000000e+00   2.2048022e-04
   3.9200000e+02   0.0000000e+00   2.1835477e-04
   3.9300000e+02   0.0000000e+00   2.1624980e-04
   3.9400000e+02   0.0000000e+00   2.1416513e-04
   3.9500000e+02   0.0000000e+00   2.1210056e-04
   3.9600000e+02   0.0000000e+00   2.1005589e-04
   3.9700000e+02   0.0000000e+00   2.0803093e-04
   3.9800000e+02   0.0000000e+00   2.0602549e-04
   3.9900000e+02   0.0000000e+00   2.0403938e-04
   4.0000000e+02   0.0000000e+00   2.0207242e-04
   4.0100000e+02   0.0000000e+00   2.0012442e-04
   4.0200000e+02   1.0000000e+00   1.9819520e-04
   4.0300000e+02   0.0000000e+00   1.9628458e-04
   4.0400000e+02   0.0000000e+00   1.9439238e-04
   4.0500000e+02   0.0000000e+00   1.9251841e-04
   4.0600000e+02   0.0000000e+00   1.9066252e-04
   4.0700000e+02   0.0000000e+00   1.8882451e-04
   4.0800000e+02   0.0000000e+00   1.8700422e-04
   4.0900000e+02   0.0000000e+00   1.8520148e-04
   4.1000000e+02   0.0000000e+00   1.8341612e-04
   4.1100000e+02   0.0000000e+00   1.8164797e-04
   4.1200000e+02   0.0000000e+00   1.7989687e-04
   4.1300000e+02   0.0000000e+00   1.7816264e-04
   4.1400000e+02   0.0000000e+00   1.7644514e-04
   4.1500000e+02   0.0000000e+00   1.7474419e-04
   4.1600000e+02   0.0000000e+00   1.7305963e-04
   4.1700000e+02   0.0000000e+00   1.7139132e-04
   4.1800000e+02   0.0000000e+00   1.6973909e-04
   4.1900000e+02   0.0000000e+00   1.6810279e-04
   4.2000000e+02   0.0000000e+00   1.6648226e-04
   4.2100000e+02   0.0000000e+00   1.6487736e-04
   4.2200000e+02   0.0000000e+00   1.6328792e-04
   4.2300000e+02   0.0000000e+00   1.6171381e-04
   4.2400000e+02   0.0000000e+00   1.6015487e-04
   4.2500000e+02   0.0000000e+00   1.5861096e-04
   4.2600000e+02   0.0000000e+00   1.5708194e-04
   4.2700000e+02   0.0000000e+00   1.5556765e-04
   4.2800000e+02   0.0000000e+00   1.5406796e-04
   4.2900000e+02   0.0000000e+00   1.5258273e-04
   4.3000000e+02   0.0000000e+00   1.5111182e-04
   4.3100000e+02   0.0000000e+00   1.4965508e-04
   4.3200000e+02   0.0000000e+00   1.4821239e-04
   4.3300000e+02   0.0000000e+00   1.4678361e-04
   4.3400000e+02   1.0000000e+00   1.4536860e-04
   4.3500000e+02   0.0000000e+00   1.4396723e-04
   4.3600000e+02   0.0000000e+00   1.4257937e-04
   4.3700000e+02   0.0000000e+00   1.4120489e-04
   4.3800000e+02   0.0000000e+00   1.3984366e-04
   4.3900000e+02   0.0000000e+00   1.3849556e-04
   4.4000000e+02   0.0000000e+00   1.3716045e-04
   4.4100000e+02   0.0000000e+00   1.3583821e-04
   4.4200000e+02   0.0000000e+00   1.3452871e-04
   4.4300000e+02   0.0000000e+00   1.3323184e-04
   4.4400000e+02   0.0000000e+00   1.3194747e-04
   4.4500000e+02   0.0000000e+00   1.3067548e-04
   4.4600000e+02   0.0000000e+00   1.2941576e-04
   4.4700000e+02   0.0000000e+00   1.2816818e-04
   4.4800000e+02   0.0000000e+00   1.2693262e-04
   4.4900000e+02   0.0000000e+00   1.2570898e-04
   4.5000000e+02   0.0000000e+00   1.2449713e-04
   4.5100000e+02   0.0000000e+00   1.2329697e-04
   4.5200000e+02   0.0000000e+00   1.2210837e-04
   4.5300000e+02   0.0000000e+00   1.2093123e-04
   4.5400000e+02   0.0000000e+00   1.1976545e-04
   4.5500000e+02   0.0000000e+00   1.1861089e-04
   4.5600000e+02   0.0000000e+00   1.1746747e-04
   4.5700000e+02   0.0000000e+00   1.1633507e-04
   4.5800000e+02   0.0000000e+00   1.1521359e-04
   4.5900000e+02   0.0000000e+00   1.1410292e-04
   4.6000000e+02   0.0000000e+00   1.1300296e-04
   4.6100000e+02   0.0000000e+00   1.1191360e-04
   4.6200000e+02   0.0000000e+00   1.1083474e-04
   4.6300000e+02   0.0000000e+00   1.0976628e-04
   4.6400000e+02   0.0000000e+00   1.0870812e-04
   4.6500000e+02   0.0000000e+00   1.0766016e-04
   4.6600000e+02   0.0000000e+00   1.0662231e-04
   4.6700000e+02   0.0000000e+00   1.0559446e-04
   4.6800000e+02   0.0000000e+00   1.0457652e-04
   4.6900000e+02   0.0000000e+00   1.0356839e-04
   4.7000000e+02   0.0000000e+00   1.0256998e-04
   4.7100000e+02   0.0000000e+00   1.0158119e-04
   4.7200000e+02   0.0000000e+00   1.0060194e-04
   4.7300000e+02   0.0000000e+00   9.9632129e-05
   4.7400000e+02   0.0000000e+00   9.8671665e-05
   4.7500000e+02   0.0000000e+00   9.7720460e-05
   4.7600000e+02   0.0000000e+00   9.6778424e-05
   4.7700000e+02   0.0000000e+00   9.5845470e-05
   4.7800000e+02   0.0000000e+00   9.4921510e-05
   4.7900000e+02   0.0000000e+00   9.4006457e-05
   4.8000000e+02   0.0000000e+00   9.3100225e-05
   4.8100000e+02   0.0000000e+00   9.2202729e-05
   4.8200000e+02   0.0000000e+00   9.1313886e-05
   4.8300000e+02   0.0000000e+00   9.0433610e-05
   4.8400000e+02   0.0000000e+00   8.9561821e-05
   4.8500000e+02   0.0000000e+00   8.8698436e-05
   4.8600000e+02   0.0000000e+00   8.7843374e-05
   4.8700000e+02   0.0000000e+00   8.6996555e-05
   4.8800000e+02   0.0000000e+00   8.6157899e-05
   4.8900000e+02   0.0000000e+00   8.5327328e-05
   4.9000000e+02   0.0000000e+00   8.4504764e-05
   4.9100000e+02   0.0000000e+00   8.3690129e-05
   4.9200000e+02   0.0000000e+00   8.2883348e-05
   4.9300000e+02   0.0000000e+00   8.2084344e-05
   4.9400000e+02   0.0000000e+00   8.1293042e-05
   4.9500000e+02   0.0000000e+00   8.0509369e-05
   4.9600000e+02   0.0000000e+00   7.9733250e-05
   4.9700000e+02   0.0000000e+00   7.8964614e-05
   4.9800000e+02   0.0000000e+00   7.8203387e-05
   4.9900000e+02   0.0000000e+00   7.7449498e-05
   5.0000000e+02   0.0000000e+00   7.6702877e-05
   5.0100000e+02   0.0000000e+00   7.5963453e-05
   5.0200000e+02   0.0000000e+00   7.5231158e-05
   5.0300000e+02   0.0000000e+00   7.4505922e-05
   5.0400000e+02   0.0000000e+00   7.3787677e-05
   5.0500000e+02   0.0000000e+00   7.3076356e-05
   5.0600000e+02   0.0000000e+00   7.2371892e-05
   5.0700000e+02   0.0000000e+00   7.1674220e-05
   5.0800000e+02   0.0000000e+00   7.0983273e-05
   5.0900000e+02   0.0000000e+00   7.0298987e-05
   5.1000000e+02   0.0000000e+00   6.9621298e-05
   5.1100000e+02   0.0000000e+00   6.8950141e-05
   5.1200000e+02   0.0000000e+00   6.8285455e-05
   5.1300000e+02   0.0000000e+00   6.7627176e-05
   5.1400000e+02   0.0000000e+00   6.6975243e-05
   5.1500000e+02   0.0000000e+00   6.6329595e-05
   5.1600000e+02   0.0000000e+00   6.5690171e-05
   5.1700000e+02   0.0000000e+00   6.5056911e-05
   5.1800000e+02   0.0000000e+00   6.4429755e-05
   5.1900000e+02   0.0000000e+00   6.3808646e-05
   5.2000000e+02   0.0000000e+00   6.3193524e-05
   5.2100000e+02   0.0000000e+00   6.2584332e-05
   5.2200000e+02   0.0000000e+00   6.1981012e-05
   5.2300000e+02   0.0000000e+00   6.1383509e-05
   5.2400000e+02   0.0000000e+00   6.0791766e-05
   5.2500000e+02   0.0000000e+00   6.0205727e-05
   5.2600000e+02   0.0000000e+00   5.9625338e-05
   5.2700000e+02   0.0000000e+00   5.9050543e-05
   5.2800000e+02   0.0000000e+00   5.8481290e-05
   5.2900000e+02   0.0000000e+00   5.7917524e-05
   5.3000000e+02   0.0000000e+00   5.7359193e-05
   5.3100000e+02   0.0000000e+00   5.6806245e-05
   5.3200000e+02   0.0000000e+00   5.6258627e-05
   5.3300000e+02   0.0000000e+00   5.5716288e-05
   5.3400000e+02   0.0000000e+00   5.5179177e-05
   5.3500000e+02   0.0000000e+00   5.4647244e-05
   5.3600000e+02   0.0000000e+00   5.4120439e-05
   5.3700000e+02   0.0000000e+00   5.3598712e-05
   5.3800000e+02   0.0000000e+00   5.3082015e-05
   5.3900000e+02   0.0000000e+00   5.2570299e-05
   5.4000000e+02   0.0000000e+00   5.2063516e-05
   5.4100000e+02   0.0000000e+00   5.1561619e-05
   5.4200000e+02   0.0000000e+00   5.1064559e-05
   5.4300000e+02   0.0000000e+00   5.0572292e-05
   5.4400000e+02   0.0000000e+00   5.0084770e-05
   5.4500000e+02   0.0000000e+00   4.9601947e-05
   5.4600000e+02   0.0000000e+00   4.9123779e-05
   5.4700000e+02   0.0000000e+00   4.8650221e-05
   5.4800000e+02   0.0000000e+00   4.8181228e-05
   5.4900000e+02   0.0000000e+00   4.7716756e-05
   5.5000000e+02   0.0000000e+00   4.7256761e-05
   5.5100000e+02   0.0000000e+00   4.6801201e-05
   5.5200000e+02   0.0000000e+00   4.6350033e-05
   5.5300000e+02   0.0000000e+00   4.5903214e-05
   5.5400000e+02   0.0000000e+00   4.5460702e-05
   5.5500000e+02   0.0000000e+00   4.5022456e-05
   5.5600000e+02   0.0000000e+00   4.4588435e-05
   5.5700000e+02   0.0000000e+00   4.4158598e-05
   5.5800000e+02   0.0000000e+00   4.3732905e-05
   5.5900000e+02   0.0000000e+00   4.3311315e-05
   5.6000000e+02   0.0000000e+00   4.2893790e-05
   5.6100000e+02   0.0000000e+00   4.2480289e-05
   5.6200000e+02   0.0000000e+00   4.2070775e-05
   5.6300000e+02   0.0000000e+00   4.1665208e-05
   5.6400000e+02   0.0000000e+00   4.1263551e-05
   5.6500000e+02   0.0000000e+00   4.0865766e-05
   5.6600000e+02   0.0000000e+00   4.0471816e-05
   5.6700000e+02   0.0000000e+00   4.0081664e-05
   5.6800000e+02   0.0000000e+00   3.9695272e-05
   5.6900000e+02   0.0000000e+00   3.9312606e-05
   5.7000000e+02   0.0000000e+00   3.8933628e-05
   5.7100000e+02   0.0000000e+00   3.8558304e-05
   5.7200000e+02   0.0000000e+00   3.8186598e-05
   5.7300000e+02   0.0000000e+00   3.7818475e-05
   5.7400000e+02   0.0000000e+00   3.7453901e-05
   5.7500000e+02   0.0000000e+00   3.7092842e-05
   5.7600000e+02   0.0000000e+00   3.6735263e-05
   5.7700000e+02   0.0000000e+00   3.6381131e-05
   5.7800000e+02   0.0000000e+00   3.6030413e-05
   5.7900000e+02   0.0000000e+00   3.5683077e-05
   5.8000000e+02   0.0000000e+00   3.5339088e-05
   5.8100000e+02   0.0000000e+00   3.4998416e-05
   5.8200000e+02   0.0000000e+00   3.4661027e-05
   5.8300000e+02   0.0000000e+00   3.4326891e-05
   5.8400000e+02   0.0000000e+00   3.3995977e-05
   5.8500000e+02   0.0000000e+00   3.3668252e-05
   5.8600000e+02   0.0000000e+00   3.3343687e-05
   5.8700000e+02   0.0000000e+00   3.3022250e-05
   5.8800000e+02   0.0000000e+00   3.2703912e-05
   5.8900000e+02   0.0000000e+00   3.2388643e-05
   5.9000000e+02   0.0000000e+00   3.2076413e-05
   5.9100000e+02   0.0000000e+00   3.1767193e-05
   5.9200000e+02   0.0000000e+00   3.1460954e-05
   5.9300000e+02   0.0000000e+00   3.1157667e-05
   5.9400000e+02   0.0000000e+00   3.0857304e-05
   5.9500000e+02   0.0000000e+00   3.0559837e-05
   5.9600000e+02   0.0000000e+00   3.0265237e-05
   5.9700000e+02   0.0000000e+00   2.9973477e-05
   5.9800000e+02   0.0000000e+00   2.9684529e-05
   5.9900000e+02   0.0000000e+00   2.9398367e-05
   6.0000000e+02   0.0000000e+00   2.9114964e-05
   6.0100000e+02   0.0000000e+00   2.8834293e-05
   6.0200000e+02   0.0000000e+00   2.8556327e-05
   6.0300000e+02   0.0000000e+00   2.8281041e-05
   6.0400000e+02   0.0000000e+00   2.8008409e-05
   6.0500000e+02   0.0000000e+00   2.7738405e-05
   6.0600000e+02   0.0000000e+00   2.7471004e-05
   6.0700000e+02   0.0000000e+00   2.7206181e-05
   6.0800000e+02   0.0000000e+00   2.6943911e-05
   6.0900000e+02   0.0000000e+00   2.6684168e-05
   6.1000000e+02   0.0000000e+00   2.6426930e-05
   6.1100000e+02   0.0000000e+00   2.6172172e-05
   6.1200000e+02   0.0000000e+00   2.5919870e-05
   6.1300000e+02   0.0000000e+00   2.5669999e-05
   6.1400000e+02   0.0000000e+00   2.5422538e-05
   6.1500000e+02   0.0000000e+00   2.5177462e-05
   6.1600000e+02   0.0000000e+00   2.4934749e-05
   6.1700000e+02   0.0000000e+00   2.4694375e-05
   6.1800000e+02   0.0000000e+00   2.4456319e-05
   6.1900000e+02   0.0000000e+00   2.4220557e-05
   6.2000000e+02   0.0000000e+00   2.3987069e-05
   6.2100000e+02   0.0000000e+00   2.3755831e-05
   6.2200000e+02   0.0000000e+00   2.3526822e-05
   6.2300000e+02   0.0000000e+00   2.3300021e-05
   6.2400000e+02   0.0000000e+00   2.3075407e-05
   6.2500000e+02   0.0000000e+00   2.2852957e-05
   6.2600000e+02   0.0000000e+00   2.2632653e-05
   6.2700000e+02   0.0000000e+00   2.2414471e-05
   6.2800000e+02   0.0000000e+00   2.2198394e-05
   6.2900000e+02   0.0000000e+00   2.1984399e-05
   6.3000000e+02   0.0000000e+00   2.1772467e-05
   6.3100000e+02   0.0000000e+00   2.1562578e-05
   6.3200000e+02   0.0000000e+00   2.1354713e-05
   6.3300000e+02   0.0000000e+00   2.1148851e-05
   6.3400000e+02   0.0000000e+00   2.0944974e-05
   6.3500000e+02   0.0000000e+00   2.0743062e-05
   6.3600000e+02   0.0000000e+00   2.0543097e-05
   6.3700000e+02   0.0000000e+00   2.0345059e-05
   6.3800000e+02   0.0000000e+00   2.0148931e-05
   6.3900000e+02   0.0000000e+00   1.9954693e-05
   6.4000000e+02   0.0000000e+00   1.9762328e-05
   6.4100000e+02   0.0000000e+00   1.9571817e-05
   6.4200000e+02   0.0000000e+00   1.9383143e-05
   6.4300000e+02   0.0000000e+00   1.9196287e-05
   6.4400000e+02   0.0000000e+00   1.9011233e-05
   6.4500000e+02   0.0000000e+00   1.8827963e-05
   6.4600000e+02   0.0000000e+00   1.8646459e-05
   6.4700000e+02   0.0000000e+00   1.8466706e-05
   6.4800000e+02   0.0000000e+00   1.8288685e-05
   6.4900000e+02   0.0000000e+00   1.8112380e-05
   6.5000000e+02   0.0000000e+00   1.7937775e-05
   6.5100000e+02   0.0000000e+00   1.7764853e-05
   6.5200000e+02   0.0000000e+00   1.7593598e-05
   6.5300000e+02   0.0000000e+00   1.7423994e-05
   6.5400000e+02   0.0000000e+00   1.7256024e-05
   6.5500000e+02   0.0000000e+00   1.7089675e-05
   6.5600000e+02   0.0000000e+00   1.6924928e-05
   6.5700000e+02   0.0000000e+00   1.6761770e-05
   6.5800000e+02   0.0000000e+00   1.6600185e-05
   6.5900000e+02   0.0000000e+00   1.6440158e-05
   6.6000000e+02   0.0000000e+00   1.6281673e-05
   6.6100000e+02   0.0000000e+00   1.6124716e-05
   6.6200000e+02   0.0000000e+00   1.5969272e-05
   6.6300000e+02   0.0000000e+00   1.5815326e-05
   6.6400000e+02   0.0000000e+00   1.5662865e-05
   6.6500000e+02   0.0000000e+00   1.5511873e-05
   6.6600000e+02   0.0000000e+00   1.5362337e-05
   6.6700000e+02   0.0000000e+00   1.5214243e-05
   6.6800000e+02   0.0000000e+00   1.5067576e-05
   6.6900000e+02   0.0000000e+00   1.4922323e-05
   6.7000000e+02   0.0000000e+00   1.4778470e-05
   6.7100000e+02   0.0000000e+00   1.4636004e-05
   6.7200000e+02   0.0000000e+00   1.4494912e-05
   6.7300000e+02   0.0000000e+00   1.4355179e-05
   6.7400000e+02   1.0000000e+00   1.4216794e-05
