   1.0000000e+00   1.0000000e+00   3.9455382e-03
   2.0000000e+00   2.0000000e+00   3.9299709e-03
   3.0000000e+00   1.0000000e+00   3.9144651e-03
   4.0000000e+00   2.0000000e+00   3.8990204e-03
   5.0000000e+00   1.0000000e+00   3.8836367e-03
   6.0000000e+00   2.0000000e+00   3.8683136e-03
   7.0000000e+00   5.0000000e+00   3.8530511e-03
   8.0000000e+00   3.0000000e+00   3.8378487e-03
   9.0000000e+00   3.0000000e+00   3.8227063e-03
   1.0000000e+01   7.0000000e+00   3.8076237e-03
   1.1000000e+01   4.0000000e+00   3.7926006e-03
   1.2000000e+01   3.0000000e+00   3.7776367e-03
   1.3000000e+01   3.0000000e+00   3.7627319e-03
   1.4000000e+01   3.0000000e+00   3.7478859e-03
   1.5000000e+01   4.0000000e+00   3.7330985e-03
   1.6000000e+01   3.0000000e+00   3.7183694e-03
   1.7000000e+01   1.0000000e+00   3.7036984e-03
   1.8000000e+01   1.0000000e+00   3.6890853e-03
   1.9000000e+01   4.0000000e+00   3.6745299e-03
   2.0000000e+01   3.0000000e+00   3.6600319e-03
   2.1000000e+01   4.0000000e+00   3.6455911e-03
   2.2000000e+01   5.0000000e+00   3.6312073e-03
   2.3000000e+01   6.0000000e+00   3.6168802e-03
   2.4000000e+01   6.0000000e+00   3.6026097e-03
   2.5000000e+01   4.0000000e+00   3.5883955e-03
   2.6000000e+01   4.0000000e+00   3.5742373e-03
   2.7000000e+01   6.0000000e+00   3.5601350e-03
   2.8000000e+01   5.0000000e+00   3.5460884e-03
   2.9000000e+01   3.0000000e+00   3.5320971e-03
   3.0000000e+01   5.0000000e+00   3.5181611e-03
   3.1000000e+01   5.0000000e+00   3.5042801e-03
   3.2000000e+01   9.0000000e+00   3.4904538e-03
   3.3000000e+01   2.0000000e+00   3.4766821e-03
   3.4000000e+01   4.0000000e+00   3.4629647e-03
   3.5000000e+01   2.0000000e+00   3.4493014e-03
   3.6000000e+01   1.0000000e+00   3.4356921e-03
   3.7000000e+01   1.0000000e+00   3.4221364e-03
   3.8000000e+01   4.0000000e+00   3.4086343e-03
   3.9000000e+01   6.0000000e+00   3.3951854e-03
   4.0000000e+01   0.0000000e+00   3.3817895e-03
   4.1000000e+01   2.0000000e+00   3.3684466e-03
   4.2000000e+01   5.0000000e+00   3.3551562e-03
   4.3000000e+01   4.0000000e+00   3.3419183e-03
   4.4000000e+01   5.0000000e+00   3.3287327e-03
   4.5000000e+01   9.0000000e+00   3.3155990e-03
   4.6000000e+01   5.0000000e+00   3.3025172e-03
   4.7000000e+01   2.0000000e+00   3.2894870e-03
   4.8000000e+01   7.0000000e+00   3.2765082e-03
   4.9000000e+01   1.0000000e+00   3.2635806e-03
   5.0000000e+01   2.0000000e+00   3.2507040e-03
   5.1000000e+01   3.0000000e+00   3.2378782e-03
   5.2000000e+01   8.0000000e+00   3.2251031e-03
   5.3000000e+01   6.0000000e+00   3.2123783e-03
   5.4000000e+01   4.0000000e+00   3.1997037e-03
   5.5000000e+01   4.0000000e+00   3.1870792e-03
   5.6000000e+01   5.0000000e+00   3.1745044e-03
   5.7000000e+01   6.0000000e+00   3.1619793e-03
   5.8000000e+01   6.0000000e+00   3.1495036e-03
   5.9000000e+01   6.0000000e+00   3.1370771e-03
   6.0000000e+01   3.0000000e+00   3.1246997e-03
   6.1000000e+01   4.0000000e+00   3.1123710e-03
   6.2000000e+01   3.0000000e+00   3.1000911e-03
   6.3000000e+01   1.0000000e+00   3.0878595e-03
   6.4000000e+01   7.0000000e+00   3.0756763e-03
   6.5000000e+01   1.0000000e+00   3.0635411e-03
   6.6000000e+01   6.0000000e+00   3.0514538e-03
   6.7000000e+01   1.0000000e+00   3.0394141e-03
   6.8000000e+01   1.0000000e+00   3.0274220e-03
   6.9000000e+01   8.0000000e+00   3.0154772e-03
   7.0000000e+01   6.0000000e+00   3.0035795e-03
   7.1000000e+01   2.0000000e+00   2.9917288e-03
   7.2000000e+01   1.0000000e+00   2.9799248e-03
   7.3000000e+01   3.0000000e+00   2.9681674e-03
   7.4000000e+01   4.0000000e+00   2.9564564e-03
   7.5000000e+01   1.4000000e+01   2.9447916e-03
   7.6000000e+01   2.0000000e+00   2.9331728e-03
   7.7000000e+01   5.0000000e+00   2.9215998e-03
   7.8000000e+01   3.0000000e+00   2.9100725e-03
   7.9000000e+01   1.0000000e+00   2.8985907e-03
   8.0000000e+01   7.0000000e+00   2.8871542e-03
   8.1000000e+01   4.0000000e+00   2.8757629e-03
   8.2000000e+01   4.0000000e+00   2.8644164e-03
   8.3000000e+01   4.0000000e+00   2.8531148e-03
   8.4000000e+01   3.0000000e+00   2.8418577e-03
   8.5000000e+01   2.0000000e+00   2.8306450e-03
   8.6000000e+01   2.0000000e+00   2.8194766e-03
   8.7000000e+01   3.0000000e+00   2.8083523e-03
   8.8000000e+01   4.0000000e+00   2.7972718e-03
   8.9000000e+01   3.0000000e+00   2.7862351e-03
   9.0000000e+01   5.0000000e+00   2.7752419e-03
   9.1000000e+01   2.0000000e+00   2.7642920e-03
   9.2000000e+01   3.0000000e+00   2.7533854e-03
   9.3000000e+01   2.0000000e+00   2.7425218e-03
   9.4000000e+01   4.0000000e+00   2.7317011e-03
   9.5000000e+01   7.0000000e+00   2.7209231e-03
   9.6000000e+01   3.0000000e+00   2.7101876e-03
   9.7000000e+01   3.0000000e+00   2.6994944e-03
   9.8000000e+01   1.0000000e+00   2.6888435e-03
   9.9000000e+01   1.0000000e+00   2.6782345e-03
   1.0000000e+02   3.0000000e+00   2.6676674e-03
   1.0100000e+02   2.0000000e+00   2.6571421e-03
   1.0200000e+02   5.0000000e+00   2.6466582e-03
   1.0300000e+02   1.0000000e+00   2.6362157e-03
   1.0400000e+02   3.0000000e+00   2.6258144e-03
   1.0500000e+02   5.0000000e+00   2.6154542e-03
   1.0600000e+02   3.0000000e+00   2.6051348e-03
   1.0700000e+02   3.0000000e+00   2.5948561e-03
   1.0800000e+02   4.0000000e+00   2.5846180e-03
   1.0900000e+02   1.0000000e+00   2.5744203e-03
   1.1000000e+02   5.0000000e+00   2.5642629e-03
   1.1100000e+02   4.0000000e+00   2.5541455e-03
   1.1200000e+02   2.0000000e+00   2.5440680e-03
   1.1300000e+02   4.0000000e+00   2.5340303e-03
   1.1400000e+02   5.0000000e+00   2.5240322e-03
   1.1500000e+02   4.0000000e+00   2.5140735e-03
   1.1600000e+02   1.0000000e+00   2.5041541e-03
   1.1700000e+02   4.0000000e+00   2.4942739e-03
   1.1800000e+02   3.0000000e+00   2.4844326e-03
   1.1900000e+02   4.0000000e+00   2.4746302e-03
   1.2000000e+02   1.0000000e+00   2.4648665e-03
   1.2100000e+02   3.0000000e+00   2.4551412e-03
   1.2200000e+02   4.0000000e+00   2.4454544e-03
   1.2300000e+02   4.0000000e+00   2.4358057e-03
   1.2400000e+02   1.0000000e+00   2.4261952e-03
   1.2500000e+02   1.0000000e+00   2.4166225e-03
   1.2600000e+02   2.0000000e+00   2.4070877e-03
   1.2700000e+02   0.0000000e+00   2.3975904e-03
   1.2800000e+02   3.0000000e+00   2.3881306e-03
   1.2900000e+02   6.0000000e+00   2.3787082e-03
   1.3000000e+02   5.0000000e+00   2.3693229e-03
   1.3100000e+02   5.0000000e+00   2.3599746e-03
   1.3200000e+02   2.0000000e+00   2.3506632e-03
   1.3300000e+02   1.0000000e+00   2.3413886e-03
   1.3400000e+02   4.0000000e+00   2.3321506e-03
   1.3500000e+02   3.0000000e+00   2.3229490e-03
   1.3600000e+02   0.0000000e+00   2.3137837e-03
   1.3700000e+02   3.0000000e+00   2.3046546e-03
   1.3800000e+02   1.0000000e+00   2.2955615e-03
   1.3900000e+02   3.0000000e+00   2.2865043e-03
   1.4000000e+02   2.0000000e+00   2.2774828e-03
   1.4100000e+02   2.0000000e+00   2.2684969e-03
   1.4200000e+02   1.0000000e+00   2.2595464e-03
   1.4300000e+02   1.0000000e+00   2.2506313e-03
   1.4400000e+02   4.0000000e+00   2.2417513e-03
   1.4500000e+02   6.0000000e+00   2.2329064e-03
   1.4600000e+02   2.0000000e+00   2.2240964e-03
   1.4700000e+02   5.0000000e+00   2.2153212e-03
   1.4800000e+02   3.0000000e+00   2.2065805e-03
   1.4900000e+02   3.0000000e+00   2.1978744e-03
   1.5000000e+02   5.0000000e+00   2.1892026e-03
   1.5100000e+02   1.0000000e+00   2.1805650e-03
   1.5200000e+02   2.0000000e+00   2.1719615e-03
   1.5300000e+02   3.0000000e+00   2.1633919e-03
   1.5400000e+02   0.0000000e+00   2.1548562e-03
   1.5500000e+02   1.0000000e+00   2.1463541e-03
   1.5600000e+02   5.0000000e+00   2.1378856e-03
   1.5700000e+02   4.0000000e+00   2.1294505e-03
   1.5800000e+02   2.0000000e+00   2.1210487e-03
   1.5900000e+02   1.0000000e+00   2.1126800e-03
   1.6000000e+02   3.0000000e+00   2.1043443e-03
   1.6100000e+02   1.0000000e+00   2.0960416e-03
   1.6200000e+02   2.0000000e+00   2.0877715e-03
   1.6300000e+02   2.0000000e+00   2.0795342e-03
   1.6400000e+02   3.0000000e+00   2.0713293e-03
   1.6500000e+02   0.0000000e+00   2.0631568e-03
   1.6600000e+02   0.0000000e+00   2.0550165e-03
   1.6700000e+02   3.0000000e+00   2.0469084e-03
   1.6800000e+02   1.0000000e+00   2.0388322e-03
   1.6900000e+02   5.0000000e+00   2.0307879e-03
   1.7000000e+02   5.0000000e+00   2.0227754e-03
   1.7100000e+02   1.0000000e+00   2.0147944e-03
   1.7200000e+02   1.0000000e+00   2.0068450e-03
   1.7300000e+02   3.0000000e+00   1.9989269e-03
   1.7400000e+02   1.0000000e+00   1.9910401e-03
   1.7500000e+02   3.0000000e+00   1.9831843e-03
   1.7600000e+02   9.0000000e+00   1.9753596e-03
   1.7700000e+02   1.0000000e+00   1.9675657e-03
   1.7800000e+02   5.0000000e+00   1.9598026e-03
   1.7900000e+02   0.0000000e+00   1.9520702e-03
   1.8000000e+02   2.0000000e+00   1.9443682e-03
   1.8100000e+02   2.0000000e+00   1.9366966e-03
   1.8200000e+02   2.0000000e+00   1.9290553e-03
   1.8300000e+02   1.0000000e+00   1.9214441e-03
   1.8400000e+02   2.0000000e+00   1.9138630e-03
   1.8500000e+02   4.0000000e+00   1.9063118e-03
   1.8600000e+02   0.0000000e+00   1.8987904e-03
   1.8700000e+02   4.0000000e+00   1.8912986e-03
   1.8800000e+02   1.0000000e+00   1.8838364e-03
   1.8900000e+02   0.0000000e+00   1.8764037e-03
   1.9000000e+02   3.0000000e+00   1.8690003e-03
   1.9100000e+02   1.0000000e+00   1.8616260e-03
   1.9200000e+02   2.0000000e+00   1.8542809e-03
   1.9300000e+02   5.0000000e+00   1.8469648e-03
   1.9400000e+02   2.0000000e+00   1.8396775e-03
   1.9500000e+02   3.0000000e+00   1.8324190e-03
   1.9600000e+02   1.0000000e+00   1.8251891e-03
   1.9700000e+02   1.0000000e+00   1.8179878e-03
   1.9800000e+02   2.0000000e+00   1.8108148e-03
   1.9900000e+02   2.0000000e+00   1.8036702e-03
   2.0000000e+02   4.0000000e+00   1.7965537e-03
   2.0100000e+02   1.0000000e+00   1.7894654e-03
   2.0200000e+02   2.0000000e+00   1.7824050e-03
   2.0300000e+02   3.0000000e+00   1.7753724e-03
   2.0400000e+02   3.0000000e+00   1.7683676e-03
   2.0500000e+02   3.0000000e+00   1.7613905e-03
   2.0600000e+02   0.0000000e+00   1.7544408e-03
   2.0700000e+02   2.0000000e+00   1.7475186e-03
   2.0800000e+02   0.0000000e+00   1.7406237e-03
   2.0900000e+02   2.0000000e+00   1.7337560e-03
   2.1000000e+02   0.0000000e+00   1.7269154e-03
   2.1100000e+02   6.0000000e+00   1.7201018e-03
   2.1200000e+02   1.0000000e+00   1.7133151e-03
   2.1300000e+02   1.0000000e+00   1.7065551e-03
   2.1400000e+02   1.0000000e+00   1.6998218e-03
   2.1500000e+02   1.0000000e+00   1.6931151e-03
   2.1600000e+02   3.0000000e+00   1.6864349e-03
   2.1700000e+02   3.0000000e+00   1.6797810e-03
   2.1800000e+02   4.0000000e+00   1.6731533e-03
   2.1900000e+02   1.0000000e+00   1.6665519e-03
   2.2000000e+02   2.0000000e+00   1.6599764e-03
   2.2100000e+02   2.0000000e+00   1.6534269e-03
   2.2200000e+02   2.0000000e+00   1.6469033e-03
   2.2300000e+02   2.0000000e+00   1.6404053e-03
   2.2400000e+02   3.0000000e+00   1.6339330e-03
   2.2500000e+02   3.0000000e+00   1.6274863e-03
   2.2600000e+02   2.0000000e+00   1.6210650e-03
   2.2700000e+02   5.0000000e+00   1.6146690e-03
   2.2800000e+02   0.0000000e+00   1.6082983e-03
   2.2900000e+02   1.0000000e+00   1.6019527e-03
   2.3000000e+02   1.0000000e+00   1.5956321e-03
   2.3100000e+02   2.0000000e+00   1.5893365e-03
   2.3200000e+02   7.0000000e+00   1.5830657e-03
   2.3300000e+02   2.0000000e+00   1.5768197e-03
   2.3400000e+02   3.0000000e+00   1.5705983e-03
   2.3500000e+02   2.0000000e+00   1.5644014e-03
   2.3600000e+02   2.0000000e+00   1.5582290e-03
   2.3700000e+02   3.0000000e+00   1.5520809e-03
   2.3800000e+02   2.0000000e+00   1.5459571e-03
   2.3900000e+02   2.0000000e+00   1.5398575e-03
   2.4000000e+02   0.0000000e+00   1.5337819e-03
   2.4100000e+02   5.0000000e+00   1.5277303e-03
   2.4200000e+02   6.0000000e+00   1.5217026e-03
   2.4300000e+02   1.0000000e+00   1.5156987e-03
   2.4400000e+02   1.0000000e+00   1.5097184e-03
   2.4500000e+02   1.0000000e+00   1.5037618e-03
   2.4600000e+02   1.0000000e+00   1.4978286e-03
   2.4700000e+02   1.0000000e+00   1.4919189e-03
   2.4800000e+02   2.0000000e+00   1.4860325e-03
   2.4900000e+02   1.0000000e+00   1.4801693e-03
   2.5000000e+02   2.0000000e+00   1.4743292e-03
   2.5100000e+02   3.0000000e+00   1.4685122e-03
   2.5200000e+02   2.0000000e+00   1.4627181e-03
   2.5300000e+02   1.0000000e+00   1.4569469e-03
   2.5400000e+02   3.0000000e+00   1.4511985e-03
   2.5500000e+02   1.0000000e+00   1.4454727e-03
   2.5600000e+02   1.0000000e+00   1.4397696e-03
   2.5700000e+02   6.0000000e+00   1.4340889e-03
   2.5800000e+02   0.0000000e+00   1.4284306e-03
   2.5900000e+02   5.0000000e+00   1.4227947e-03
   2.6000000e+02   1.0000000e+00   1.4171810e-03
   2.6100000e+02   3.0000000e+00   1.4115895e-03
   2.6200000e+02   4.0000000e+00   1.4060200e-03
   2.6300000e+02   1.0000000e+00   1.4004725e-03
   2.6400000e+02   1.0000000e+00   1.3949469e-03
   2.6500000e+02   2.0000000e+00   1.3894431e-03
   2.6600000e+02   2.0000000e+00   1.3839610e-03
   2.6700000e+02   3.0000000e+00   1.3785005e-03
   2.6800000e+02   2.0000000e+00   1.3730616e-03
   2.6900000e+02   1.0000000e+00   1.3676441e-03
   2.7000000e+02   1.0000000e+00   1.3622480e-03
   2.7100000e+02   0.0000000e+00   1.3568732e-03
   2.7200000e+02   3.0000000e+00   1.3515196e-03
   2.7300000e+02   1.0000000e+00   1.3461871e-03
   2.7400000e+02   2.0000000e+00   1.3408757e-03
   2.7500000e+02   0.0000000e+00   1.3355852e-03
   2.7600000e+02   0.0000000e+00   1.3303156e-03
   2.7700000e+02   1.0000000e+00   1.3250668e-03
   2.7800000e+02   1.0000000e+00   1.3198387e-03
   2.7900000e+02   2.0000000e+00   1.3146312e-03
   2.8000000e+02   0.0000000e+00   1.3094443e-03
   2.8100000e+02   1.0000000e+00   1.3042778e-03
   2.8200000e+02   0.0000000e+00   1.2991318e-03
   2.8300000e+02   1.0000000e+00   1.2940060e-03
   2.8400000e+02   1.0000000e+00   1.2889004e-03
   2.8500000e+02   6.0000000e+00   1.2838150e-03
   2.8600000e+02   1.0000000e+00   1.2787497e-03
   2.8700000e+02   1.0000000e+00   1.2737043e-03
   2.8800000e+02   1.0000000e+00   1.2686789e-03
   2.8900000e+02   3.0000000e+00   1.2636733e-03
   2.9000000e+02   0.0000000e+00   1.2586874e-03
   2.9100000e+02   0.0000000e+00   1.2537212e-03
   2.9200000e+02   1.0000000e+00   1.2487746e-03
   2.9300000e+02   1.0000000e+00   1.2438475e-03
   2.9400000e+02   1.0000000e+00   1.2389399e-03
   2.9500000e+02   1.0000000e+00   1.2340516e-03
   2.9600000e+02   2.0000000e+00   1.2291826e-03
   2.9700000e+02   4.0000000e+00   1.2243328e-03
   2.9800000e+02   2.0000000e+00   1.2195021e-03
   2.9900000e+02   1.0000000e+00   1.2146905e-03
   3.0000000e+02   0.0000000e+00   1.2098979e-03
   3.0100000e+02   3.0000000e+00   1.2051242e-03
   3.0200000e+02   1.0000000e+00   1.2003694e-03
   3.0300000e+02   2.0000000e+00   1.1956333e-03
   3.0400000e+02   2.0000000e+00   1.1909158e-03
   3.0500000e+02   0.0000000e+00   1.1862170e-03
   3.0600000e+02   1.0000000e+00   1.1815368e-03
   3.0700000e+02   0.0000000e+00   1.1768750e-03
   3.0800000e+02   1.0000000e+00   1.1722316e-03
   3.0900000e+02   0.0000000e+00   1.1676065e-03
   3.1000000e+02   1.0000000e+00   1.1629997e-03
   3.1100000e+02   1.0000000e+00   1.1584110e-03
   3.1200000e+02   1.0000000e+00   1.1538404e-03
   3.1300000e+02   1.0000000e+00   1.1492879e-03
   3.1400000e+02   1.0000000e+00   1.1447534e-03
   3.1500000e+02   2.0000000e+00   1.1402367e-03
   3.1600000e+02   2.0000000e+00   1.1357378e-03
   3.1700000e+02   2.0000000e+00   1.1312567e-03
   3.1800000e+02   0.0000000e+00   1.1267933e-03
   3.1900000e+02   1.0000000e+00   1.1223475e-03
   3.2000000e+02   0.0000000e+00   1.1179193e-03
   3.2100000e+02   2.0000000e+00   1.1135085e-03
   3.2200000e+02   1.0000000e+00   1.1091151e-03
   3.2300000e+02   2.0000000e+00   1.1047390e-03
   3.2400000e+02   2.0000000e+00   1.1003802e-03
   3.2500000e+02   1.0000000e+00   1.0960386e-03
   3.2600000e+02   1.0000000e+00   1.0917142e-03
   3.2700000e+02   0.0000000e+00   1.0874068e-03
   3.2800000e+02   1.0000000e+00   1.0831164e-03
   3.2900000e+02   0.0000000e+00   1.0788429e-03
   3.3000000e+02   3.0000000e+00   1.0745863e-03
   3.3100000e+02   2.0000000e+00   1.0703465e-03
   3.3200000e+02   0.0000000e+00   1.0661234e-03
   3.3300000e+02   0.0000000e+00   1.0619169e-03
   3.3400000e+02   0.0000000e+00   1.0577271e-03
   3.3500000e+02   0.0000000e+00   1.0535538e-03
   3.3600000e+02   0.0000000e+00   1.0493970e-03
   3.3700000e+02   3.0000000e+00   1.0452565e-03
   3.3800000e+02   0.0000000e+00   1.0411324e-03
   3.3900000e+02   0.0000000e+00   1.0370246e-03
   3.4000000e+02   0.0000000e+00   1.0329330e-03
   3.4100000e+02   1.0000000e+00   1.0288575e-03
   3.4200000e+02   2.0000000e+00   1.0247981e-03
   3.4300000e+02   0.0000000e+00   1.0207547e-03
   3.4400000e+02   1.0000000e+00   1.0167273e-03
   3.4500000e+02   1.0000000e+00   1.0127158e-03
   3.4600000e+02   3.0000000e+00   1.0087201e-03
   3.4700000e+02   2.0000000e+00   1.0047401e-03
   3.4800000e+02   1.0000000e+00   1.0007759e-03
   3.4900000e+02   4.0000000e+00   9.9682727e-04
   3.5000000e+02   1.0000000e+00   9.9289425e-04
   3.5100000e+02   2.0000000e+00   9.8897675e-04
   3.5200000e+02   0.0000000e+00   9.8507470e-04
   3.5300000e+02   1.0000000e+00   9.8118805e-04
   3.5400000e+02   0.0000000e+00   9.7731674e-04
   3.5500000e+02   2.0000000e+00   9.7346070e-04
   3.5600000e+02   0.0000000e+00   9.6961987e-04
   3.5700000e+02   0.0000000e+00   9.6579420e-04
   3.5800000e+02   1.0000000e+00   9.6198362e-04
   3.5900000e+02   1.0000000e+00   9.5818808e-04
   3.6000000e+02   2.0000000e+00   9.5440751e-04
   3.6100000e+02   1.0000000e+00   9.5064186e-04
   3.6200000e+02   0.0000000e+00   9.4689106e-04
   3.6300000e+02   0.0000000e+00   9.4315507e-04
   3.6400000e+02   2.0000000e+00   9.3943382e-04
   3.6500000e+02   2.0000000e+00   9.3572724e-04
   3.6600000e+02   0.0000000e+00   9.3203530e-04
   3.6700000e+02   1.0000000e+00   9.2835791e-04
   3.6800000e+02   3.0000000e+00   9.2469504e-04
   3.6900000e+02   0.0000000e+00   9.2104662e-04
   3.7000000e+02   1.0000000e+00   9.1741260e-04
   3.7100000e+02   0.0000000e+00   9.1379291e-04
   3.7200000e+02   0.0000000e+00   9.1018751e-04
   3.7300000e+02   0.0000000e+00   9.0659633e-04
   3.7400000e+02   1.0000000e+00   9.0301932e-04
   3.7500000e+02   3.0000000e+00   8.9945642e-04
   3.7600000e+02   3.0000000e+00   8.9590758e-04
   3.7700000e+02   0.0000000e+00   8.9237274e-04
   3.7800000e+02   2.0000000e+00   8.8885185e-04
   3.7900000e+02   2.0000000e+00   8.8534485e-04
   3.8000000e+02   1.0000000e+00   8.8185169e-04
   3.8100000e+02   2.0000000e+00   8.7837231e-04
   3.8200000e+02   1.0000000e+00   8.7490666e-04
   3.8300000e+02   1.0000000e+00   8.7145468e-04
   3.8400000e+02   2.0000000e+00   8.6801633e-04
   3.8500000e+02   0.0000000e+00   8.6459153e-04
   3.8600000e+02   1.0000000e+00   8.6118025e-04
   3.8700000e+02   1.0000000e+00   8.5778244e-04
   3.8800000e+02   0.0000000e+00   8.5439802e-04
   3.8900000e+02   1.0000000e+00   8.5102696e-04
   3.9000000e+02   2.0000000e+00   8.4766920e-04
   3.9100000e+02   1.0000000e+00   8.4432469e-04
   3.9200000e+02   1.0000000e+00   8.4099338e-04
   3.9300000e+02   1.0000000e+00   8.3767520e-04
   3.9400000e+02   1.0000000e+00   8.3437012e-04
   3.9500000e+02   1.0000000e+00   8.3107809e-04
   3.9600000e+02   2.0000000e+00   8.2779904e-04
   3.9700000e+02   3.0000000e+00   8.2453292e-04
   3.9800000e+02   2.0000000e+00   8.2127970e-04
   3.9900000e+02   2.0000000e+00   8.1803931e-04
   4.0000000e+02   2.0000000e+00   8.1481170e-04
   4.0100000e+02   0.0000000e+00   8.1159683e-04
   4.0200000e+02   0.0000000e+00   8.0839464e-04
   4.0300000e+02   1.0000000e+00   8.0520509e-04
   4.0400000e+02   0.0000000e+00   8.0202812e-04
   4.0500000e+02   0.0000000e+00   7.9886369e-04
   4.0600000e+02   2.0000000e+00   7.9571174e-04
   4.0700000e+02   1.0000000e+00   7.9257223e-04
   4.0800000e+02   2.0000000e+00   7.8944511e-04
   4.0900000e+02   0.0000000e+00   7.8633032e-04
   4.1000000e+02   0.0000000e+00   7.8322783e-04
   4.1100000e+02   2.0000000e+00   7.8013757e-04
   4.1200000e+02   1.0000000e+00   7.7705951e-04
   4.1300000e+02   1.0000000e+00   7.7399359e-04
   4.1400000e+02   1.0000000e+00   7.7093977e-04
   4.1500000e+02   1.0000000e+00   7.6789800e-04
   4.1600000e+02   2.0000000e+00   7.6486823e-04
   4.1700000e+02   1.0000000e+00   7.6185041e-04
   4.1800000e+02   1.0000000e+00   7.5884450e-04
   4.1900000e+02   2.0000000e+00   7.5585045e-04
   4.2000000e+02   2.0000000e+00   7.5286821e-04
   4.2100000e+02   2.0000000e+00   7.4989774e-04
   4.2200000e+02   0.0000000e+00   7.4693899e-04
   4.2300000e+02   0.0000000e+00   7.4399192e-04
   4.2400000e+02   2.0000000e+00   7.4105647e-04
   4.2500000e+02   0.0000000e+00   7.3813260e-04
   4.2600000e+02   1.0000000e+00   7.3522027e-04
   4.2700000e+02   1.0000000e+00   7.3231943e-04
   4.2800000e+02   1.0000000e+00   7.2943004e-04
   4.2900000e+02   0.0000000e+00   7.2655204e-04
   4.3000000e+02   3.0000000e+00   7.2368540e-04
   4.3100000e+02   0.0000000e+00   7.2083008e-04
   4.3200000e+02   1.0000000e+00   7.1798601e-04
   4.3300000e+02   0.0000000e+00   7.1515317e-04
   4.3400000e+02   0.0000000e+00   7.1233151e-04
   4.3500000e+02   1.0000000e+00   7.0952098e-04
   4.3600000e+02   1.0000000e+00   7.0672153e-04
   4.3700000e+02   0.0000000e+00   7.0393314e-04
   4.3800000e+02   0.0000000e+00   7.0115574e-04
   4.3900000e+02   1.0000000e+00   6.9838931e-04
   4.4000000e+02   1.0000000e+00   6.9563378e-04
   4.4100000e+02   2.0000000e+00   6.9288913e-04
   4.4200000e+02   0.0000000e+00   6.9015531e-04
   4.4300000e+02   0.0000000e+00   6.8743228e-04
   4.4400000e+02   2.0000000e+00   6.8471999e-04
   4.4500000e+02   1.0000000e+00   6.8201840e-04
   4.4600000e+02   1.0000000e+00   6.7932747e-04
   4.4700000e+02   2.0000000e+00   6.7664716e-04
   4.4800000e+02   0.0000000e+00   6.7397742e-04
   4.4900000e+02   0.0000000e+00   6.7131822e-04
   4.5000000e+02   1.0000000e+00   6.6866951e-04
   4.5100000e+02   0.0000000e+00   6.6603124e-04
   4.5200000e+02   0.0000000e+00   6.6340339e-04
   4.5300000e+02   1.0000000e+00   6.6078591e-04
   4.5400000e+02   1.0000000e+00   6.5817875e-04
   4.5500000e+02   1.0000000e+00   6.5558188e-04
   4.5600000e+02   2.0000000e+00   6.5299526e-04
   4.5700000e+02   2.0000000e+00   6.5041884e-04
   4.5800000e+02   1.0000000e+00   6.4785259e-04
   4.5900000e+02   0.0000000e+00   6.4529646e-04
   4.6000000e+02   0.0000000e+00   6.4275042e-04
   4.6100000e+02   3.0000000e+00   6.4021443e-04
   4.6200000e+02   0.0000000e+00   6.3768843e-04
   4.6300000e+02   1.0000000e+00   6.3517241e-04
   4.6400000e+02   0.0000000e+00   6.3266631e-04
   4.6500000e+02   0.0000000e+00   6.3017010e-04
   4.6600000e+02   2.0000000e+00   6.2768374e-04
   4.6700000e+02   3.0000000e+00   6.2520719e-04
   4.6800000e+02   1.0000000e+00   6.2274042e-04
   4.6900000e+02   0.0000000e+00   6.2028337e-04
   4.7000000e+02   1.0000000e+00   6.1783602e-04
   4.7100000e+02   1.0000000e+00   6.1539832e-04
   4.7200000e+02   1.0000000e+00   6.1297024e-04
   4.7300000e+02   2.0000000e+00   6.1055175e-04
   4.7400000e+02   0.0000000e+00   6.0814279e-04
   4.7500000e+02   0.0000000e+00   6.0574334e-04
   4.7600000e+02   0.0000000e+00   6.0335336e-04
   4.7700000e+02   0.0000000e+00   6.0097280e-04
   4.7800000e+02   1.0000000e+00   5.9860164e-04
   4.7900000e+02   3.0000000e+00   5.9623984e-04
   4.8000000e+02   1.0000000e+00   5.9388735e-04
   4.8100000e+02   1.0000000e+00   5.9154414e-04
   4.8200000e+02   0.0000000e+00   5.8921018e-04
   4.8300000e+02   3.0000000e+00   5.8688543e-04
   4.8400000e+02   1.0000000e+00   5.8456985e-04
   4.8500000e+02   2.0000000e+00   5.8226341e-04
   4.8600000e+02   1.0000000e+00   5.7996607e-04
   4.8700000e+02   3.0000000e+00   5.7767779e-04
   4.8800000e+02   2.0000000e+00   5.7539854e-04
   4.8900000e+02   0.0000000e+00   5.7312828e-04
   4.9000000e+02   0.0000000e+00   5.7086698e-04
   4.9100000e+02   0.0000000e+00   5.6861461e-04
   4.9200000e+02   1.0000000e+00   5.6637112e-04
   4.9300000e+02   2.0000000e+00   5.6413648e-04
   4.9400000e+02   0.0000000e+00   5.6191066e-04
   4.9500000e+02   0.0000000e+00   5.5969362e-04
   4.9600000e+02   1.0000000e+00   5.5748532e-04
   4.9700000e+02   1.0000000e+00   5.5528574e-04
   4.9800000e+02   0.0000000e+00   5.5309484e-04
   4.9900000e+02   0.0000000e+00   5.5091259e-04
   5.0000000e+02   0.0000000e+00   5.4873894e-04
   5.0100000e+02   1.0000000e+00   5.4657387e-04
   5.0200000e+02   0.0000000e+00   5.4441734e-04
   5.0300000e+02   0.0000000e+00   5.4226932e-04
   5.0400000e+02   2.0000000e+00   5.4012978e-04
   5.0500000e+02   1.0000000e+00   5.3799867e-04
   5.0600000e+02   1.0000000e+00   5.3587598e-04
   5.0700000e+02   0.0000000e+00   5.3376166e-04
   5.0800000e+02   0.0000000e+00   5.3165568e-04
   5.0900000e+02   0.0000000e+00   5.2955802e-04
   5.1000000e+02   0.0000000e+00   5.2746862e-04
   5.1100000e+02   0.0000000e+00   5.2538748e-04
   5.1200000e+02   1.0000000e+00   5.2331454e-04
   5.1300000e+02   0.0000000e+00   5.2124978e-04
   5.1400000e+02   0.0000000e+00   5.1919317e-04
   5.1500000e+02   1.0000000e+00   5.1714468e-04
   5.1600000e+02   0.0000000e+00   5.1510426e-04
   5.1700000e+02   1.0000000e+00   5.1307190e-04
   5.1800000e+02   0.0000000e+00   5.1104755e-04
   5.1900000e+02   2.0000000e+00   5.0903120e-04
   5.2000000e+02   1.0000000e+00   5.0702279e-04
   5.2100000e+02   0.0000000e+00   5.0502232e-04
   5.2200000e+02   2.0000000e+00   5.0302973e-04
   5.2300000e+02   1.0000000e+00   5.0104501e-04
   5.2400000e+02   0.0000000e+00   4.9906812e-04
   5.2500000e+02   0.0000000e+00   4.9709902e-04
   5.2600000e+02   2.0000000e+00   4.9513770e-04
   5.2700000e+02   0.0000000e+00   4.9318412e-04
   5.2800000e+02   0.0000000e+00   4.9123824e-04
   5.2900000e+02   0.0000000e+00   4.8930004e-04
   5.3000000e+02   0.0000000e+00   4.8736949e-04
   5.3100000e+02   0.0000000e+00   4.8544655e-04
   5.3200000e+02   1.0000000e+00   4.8353120e-04
   5.3300000e+02   0.0000000e+00   4.8162341e-04
   5.3400000e+02   0.0000000e+00   4.7972315e-04
   5.3500000e+02   0.0000000e+00   4.7783038e-04
   5.3600000e+02   0.0000000e+00   4.7594509e-04
   5.3700000e+02   0.0000000e+00   4.7406723e-04
   5.3800000e+02   0.0000000e+00   4.7219678e-04
   5.3900000e+02   1.0000000e+00   4.7033371e-04
   5.4000000e+02   0.0000000e+00   4.6847799e-04
   5.4100000e+02   2.0000000e+00   4.6662959e-04
   5.4200000e+02   0.0000000e+00   4.6478848e-04
   5.4300000e+02   0.0000000e+00   4.6295464e-04
   5.4400000e+02   1.0000000e+00   4.6112804e-04
   5.4500000e+02   0.0000000e+00   4.5930864e-04
   5.4600000e+02   0.0000000e+00   4.5749642e-04
   5.4700000e+02   0.0000000e+00   4.5569135e-04
   5.4800000e+02   0.0000000e+00   4.5389340e-04
   5.4900000e+02   2.0000000e+00   4.5210255e-04
   5.5000000e+02   0.0000000e+00   4.5031876e-04
   5.5100000e+02   0.0000000e+00   4.4854201e-04
   5.5200000e+02   0.0000000e+00   4.4677227e-04
   5.5300000e+02   1.0000000e+00   4.4500951e-04
   5.5400000e+02   0.0000000e+00   4.4325371e-04
   5.5500000e+02   1.0000000e+00   4.4150484e-04
   5.5600000e+02   0.0000000e+00   4.3976286e-04
   5.5700000e+02   0.0000000e+00   4.3802776e-04
   5.5800000e+02   1.0000000e+00   4.3629951e-04
   5.5900000e+02   0.0000000e+00   4.3457807e-04
   5.6000000e+02   2.0000000e+00   4.3286343e-04
   5.6100000e+02   0.0000000e+00   4.3115555e-04
   5.6200000e+02   1.0000000e+00   4.2945441e-04
   5.6300000e+02   3.0000000e+00   4.2775998e-04
   5.6400000e+02   0.0000000e+00   4.2607223e-04
   5.6500000e+02   1.0000000e+00   4.2439115e-04
   5.6600000e+02   0.0000000e+00   4.2271670e-04
   5.6700000e+02   2.0000000e+00   4.2104885e-04
   5.6800000e+02   1.0000000e+00   4.1938759e-04
   5.6900000e+02   1.0000000e+00   4.1773288e-04
   5.7000000e+02   0.0000000e+00   4.1608470e-04
   5.7100000e+02   0.0000000e+00   4.1444302e-04
   5.7200000e+02   0.0000000e+00   4.1280782e-04
   5.7300000e+02   0.0000000e+00   4.1117907e-04
   5.7400000e+02   1.0000000e+00   4.0955675e-04
   5.7500000e+02   0.0000000e+00   4.0794083e-04
   5.7600000e+02   0.0000000e+00   4.0633128e-04
   5.7700000e+02   0.0000000e+00   4.0472808e-04
   5.7800000e+02   0.0000000e+00   4.0313121e-04
   5.7900000e+02   0.0000000e+00   4.0154064e-04
   5.8000000e+02   0.0000000e+00   3.9995635e-04
   5.8100000e+02   0.0000000e+00   3.9837831e-04
   5.8200000e+02   0.0000000e+00   3.9680649e-04
   5.8300000e+02   0.0000000e+00   3.9524088e-04
   5.8400000e+02   1.0000000e+00   3.9368144e-04
   5.8500000e+02   1.0000000e+00   3.9212815e-04
   5.8600000e+02   0.0000000e+00   3.9058100e-04
   5.8700000e+02   0.0000000e+00   3.8903994e-04
   5.8800000e+02   1.0000000e+00   3.8750497e-04
   5.8900000e+02   0.0000000e+00   3.8597606e-04
   5.9000000e+02   0.0000000e+00   3.8445317e-04
   5.9100000e+02   0.0000000e+00   3.8293630e-04
   5.9200000e+02   1.0000000e+00   3.8142541e-04
   5.9300000e+02   0.0000000e+00   3.7992048e-04
   5.9400000e+02   0.0000000e+00   3.7842149e-04
   5.9500000e+02   2.0000000e+00   3.7692841e-04
   5.9600000e+02   0.0000000e+00   3.7544123e-04
   5.9700000e+02   0.0000000e+00   3.7395991e-04
   5.9800000e+02   0.0000000e+00   3.7248444e-04
   5.9900000e+02   1.0000000e+00   3.7101478e-04
   6.0000000e+02   1.0000000e+00   3.6955093e-04
   6.0100000e+02   0.0000000e+00   3.6809285e-04
   6.0200000e+02   0.0000000e+00   3.6664053e-04
   6.0300000e+02   0.0000000e+00   3.6519394e-04
   6.0400000e+02   0.0000000e+00   3.6375305e-04
   6.0500000e+02   0.0000000e+00   3.6231785e-04
   6.0600000e+02   1.0000000e+00   3.6088831e-04
   6.0700000e+02   0.0000000e+00   3.5946441e-04
   6.0800000e+02   0.0000000e+00   3.5804613e-04
   6.0900000e+02   0.0000000e+00   3.5663344e-04
   6.1000000e+02   0.0000000e+00   3.5522633e-04
   6.1100000e+02   0.0000000e+00   3.5382477e-04
   6.1200000e+02   1.0000000e+00   3.5242875e-04
   6.1300000e+02   0.0000000e+00   3.5103822e-04
   6.1400000e+02   0.0000000e+00   3.4965319e-04
   6.1500000e+02   0.0000000e+00   3.4827362e-04
   6.1600000e+02   1.0000000e+00   3.4689949e-04
   6.1700000e+02   2.0000000e+00   3.4553079e-04
   6.1800000e+02   1.0000000e+00   3.4416748e-04
   6.1900000e+02   0.0000000e+00   3.4280956e-04
   6.2000000e+02   0.0000000e+00   3.4145699e-04
   6.2100000e+02   0.0000000e+00   3.4010976e-04
   6.2200000e+02   0.0000000e+00   3.3876784e-04
   6.2300000e+02   1.0000000e+00   3.3743122e-04
   6.2400000e+02   2.0000000e+00   3.3609987e-04
   6.2500000e+02   0.0000000e+00   3.3477378e-04
   6.2600000e+02   0.0000000e+00   3.3345291e-04
   6.2700000e+02   0.0000000e+00   3.3213726e-04
   6.2800000e+02   0.0000000e+00   3.3082680e-04
   6.2900000e+02   0.0000000e+00   3.2952151e-04
   6.3000000e+02   0.0000000e+00   3.2822137e-04
   6.3100000e+02   0.0000000e+00   3.2692636e-04
   6.3200000e+02   0.0000000e+00   3.2563646e-04
   6.3300000e+02   0.0000000e+00   3.2435165e-04
   6.3400000e+02   0.0000000e+00   3.2307191e-04
   6.3500000e+02   0.0000000e+00   3.2179722e-04
   6.3600000e+02   0.0000000e+00   3.2052755e-04
   6.3700000e+02   0.0000000e+00   3.1926290e-04
   6.3800000e+02   0.0000000e+00   3.1800324e-04
   6.3900000e+02   0.0000000e+00   3.1674854e-04
   6.4000000e+02   1.0000000e+00   3.1549880e-04
   6.4100000e+02   0.0000000e+00   3.1425399e-04
   6.4200000e+02   1.0000000e+00   3.1301409e-04
   6.4300000e+02   0.0000000e+00   3.1177908e-04
   6.4400000e+02   2.0000000e+00   3.1054894e-04
   6.4500000e+02   0.0000000e+00   3.0932366e-04
   6.4600000e+02   0.0000000e+00   3.0810321e-04
   6.4700000e+02   1.0000000e+00   3.0688758e-04
   6.4800000e+02   1.0000000e+00   3.0567674e-04
   6.4900000e+02   1.0000000e+00   3.0447068e-04
   6.5000000e+02   1.0000000e+00   3.0326938e-04
   6.5100000e+02   0.0000000e+00   3.0207282e-04
   6.5200000e+02   0.0000000e+00   3.0088098e-04
   6.5300000e+02   0.0000000e+00   2.9969384e-04
   6.5400000e+02   1.0000000e+00   2.9851139e-04
   6.5500000e+02   2.0000000e+00   2.9733360e-04
   6.5600000e+02   0.0000000e+00   2.9616046e-04
   6.5700000e+02   0.0000000e+00   2.9499195e-04
   6.5800000e+02   1.0000000e+00   2.9382804e-04
   6.5900000e+02   1.0000000e+00   2.9266873e-04
   6.6000000e+02   0.0000000e+00   2.9151400e-04
   6.6100000e+02   1.0000000e+00   2.9036382e-04
   6.6200000e+02   0.0000000e+00   2.8921818e-04
   6.6300000e+02   0.0000000e+00   2.8807706e-04
   6.6400000e+02   1.0000000e+00   2.8694044e-04
   6.6500000e+02   0.0000000e+00   2.8580830e-04
   6.6600000e+02   0.0000000e+00   2.8468064e-04
   6.6700000e+02   0.0000000e+00   2.8355742e-04
   6.6800000e+02   0.0000000e+00   2.8243863e-04
   6.6900000e+02   0.0000000e+00   2.8132426e-04
   6.7000000e+02   0.0000000e+00   2.8021428e-04
   6.7100000e+02   0.0000000e+00   2.7910869e-04
   6.7200000e+02   0.0000000e+00   2.7800745e-04
   6.7300000e+02   2.0000000e+00   2.7691056e-04
   6.7400000e+02   0.0000000e+00   2.7581800e-04
   6.7500000e+02   0.0000000e+00   2.7472975e-04
   6.7600000e+02   0.0000000e+00   2.7364579e-04
   6.7700000e+02   0.0000000e+00   2.7256611e-04
   6.7800000e+02   0.0000000e+00   2.7149069e-04
   6.7900000e+02   0.0000000e+00   2.7041952e-04
   6.8000000e+02   0.0000000e+00   2.6935257e-04
   6.8100000e+02   0.0000000e+00   2.6828983e-04
   6.8200000e+02   0.0000000e+00   2.6723128e-04
   6.8300000e+02   1.0000000e+00   2.6617691e-04
   6.8400000e+02   0.0000000e+00   2.6512670e-04
   6.8500000e+02   0.0000000e+00   2.6408063e-04
   6.8600000e+02   0.0000000e+00   2.6303869e-04
   6.8700000e+02   0.0000000e+00   2.6200086e-04
   6.8800000e+02   0.0000000e+00   2.6096713e-04
   6.8900000e+02   0.0000000e+00   2.5993747e-04
   6.9000000e+02   0.0000000e+00   2.5891188e-04
   6.9100000e+02   0.0000000e+00   2.5789033e-04
   6.9200000e+02   0.0000000e+00   2.5687281e-04
   6.9300000e+02   0.0000000e+00   2.5585931e-04
   6.9400000e+02   0.0000000e+00   2.5484981e-04
   6.9500000e+02   1.0000000e+00   2.5384429e-04
   6.9600000e+02   0.0000000e+00   2.5284274e-04
   6.9700000e+02   0.0000000e+00   2.5184514e-04
   6.9800000e+02   0.0000000e+00   2.5085147e-04
   6.9900000e+02   1.0000000e+00   2.4986173e-04
   7.0000000e+02   1.0000000e+00   2.4887589e-04
   7.0100000e+02   0.0000000e+00   2.4789394e-04
   7.0200000e+02   1.0000000e+00   2.4691586e-04
   7.0300000e+02   0.0000000e+00   2.4594165e-04
   7.0400000e+02   0.0000000e+00   2.4497128e-04
   7.0500000e+02   0.0000000e+00   2.4400473e-04
   7.0600000e+02   0.0000000e+00   2.4304200e-04
   7.0700000e+02   1.0000000e+00   2.4208307e-04
   7.0800000e+02   0.0000000e+00   2.4112792e-04
   7.0900000e+02   0.0000000e+00   2.4017654e-04
   7.1000000e+02   0.0000000e+00   2.3922892e-04
   7.1100000e+02   0.0000000e+00   2.3828503e-04
   7.1200000e+02   0.0000000e+00   2.3734487e-04
   7.1300000e+02   0.0000000e+00   2.3640842e-04
   7.1400000e+02   0.0000000e+00   2.3547566e-04
   7.1500000e+02   0.0000000e+00   2.3454658e-04
   7.1600000e+02   0.0000000e+00   2.3362117e-04
   7.1700000e+02   2.0000000e+00   2.3269941e-04
   7.1800000e+02   0.0000000e+00   2.3178128e-04
   7.1900000e+02   1.0000000e+00   2.3086678e-04
   7.2000000e+02   0.0000000e+00   2.2995589e-04
   7.2100000e+02   1.0000000e+00   2.2904859e-04
   7.2200000e+02   0.0000000e+00   2.2814487e-04
   7.2300000e+02   0.0000000e+00   2.2724471e-04
   7.2400000e+02   0.0000000e+00   2.2634811e-04
   7.2500000e+02   1.0000000e+00   2.2545504e-04
   7.2600000e+02   0.0000000e+00   2.2456550e-04
   7.2700000e+02   1.0000000e+00   2.2367947e-04
   7.2800000e+02   1.0000000e+00   2.2279693e-04
   7.2900000e+02   1.0000000e+00   2.2191788e-04
   7.3000000e+02   0.0000000e+00   2.2104229e-04
   7.3100000e+02   0.0000000e+00   2.2017016e-04
   7.3200000e+02   0.0000000e+00   2.1930147e-04
   7.3300000e+02   0.0000000e+00   2.1843621e-04
   7.3400000e+02   0.0000000e+00   2.1757436e-04
   7.3500000e+02   1.0000000e+00   2.1671592e-04
   7.3600000e+02   1.0000000e+00   2.1586085e-04
   7.3700000e+02   0.0000000e+00   2.1500917e-04
   7.3800000e+02   0.0000000e+00   2.1416084e-04
   7.3900000e+02   0.0000000e+00   2.1331586e-04
   7.4000000e+02   0.0000000e+00   2.1247421e-04
   7.4100000e+02   1.0000000e+00   2.1163589e-04
   7.4200000e+02   1.0000000e+00   2.1080087e-04
   7.4300000e+02   0.0000000e+00   2.0996915e-04
   7.4400000e+02   0.0000000e+00   2.0914071e-04
   7.4500000e+02   0.0000000e+00   2.0831554e-04
   7.4600000e+02   0.0000000e+00   2.0749362e-04
   7.4700000e+02   0.0000000e+00   2.0667494e-04
   7.4800000e+02   0.0000000e+00   2.0585950e-04
   7.4900000e+02   0.0000000e+00   2.0504727e-04
   7.5000000e+02   0.0000000e+00   2.0423825e-04
   7.5100000e+02   0.0000000e+00   2.0343242e-04
   7.5200000e+02   1.0000000e+00   2.0262977e-04
   7.5300000e+02   0.0000000e+00   2.0183029e-04
   7.5400000e+02   1.0000000e+00   2.0103396e-04
   7.5500000e+02   1.0000000e+00   2.0024077e-04
   7.5600000e+02   0.0000000e+00   1.9945071e-04
   7.5700000e+02   0.0000000e+00   1.9866377e-04
   7.5800000e+02   0.0000000e+00   1.9787994e-04
   7.5900000e+02   0.0000000e+00   1.9709920e-04
   7.6000000e+02   0.0000000e+00   1.9632153e-04
   7.6100000e+02   1.0000000e+00   1.9554694e-04
   7.6200000e+02   0.0000000e+00   1.9477540e-04
   7.6300000e+02   1.0000000e+00   1.9400691e-04
   7.6400000e+02   0.0000000e+00   1.9324145e-04
   7.6500000e+02   0.0000000e+00   1.9247900e-04
   7.6600000e+02   0.0000000e+00   1.9171957e-04
   7.6700000e+02   1.0000000e+00   1.9096313e-04
   7.6800000e+02   0.0000000e+00   1.9020968e-04
   7.6900000e+02   2.0000000e+00   1.8945920e-04
   7.7000000e+02   0.0000000e+00   1.8871168e-04
   7.7100000e+02   1.0000000e+00   1.8796711e-04
   7.7200000e+02   0.0000000e+00   1.8722548e-04
   7.7300000e+02   0.0000000e+00   1.8648678e-04
   7.7400000e+02   0.0000000e+00   1.8575099e-04
   7.7500000e+02   0.0000000e+00   1.8501810e-04
   7.7600000e+02   1.0000000e+00   1.8428810e-04
   7.7700000e+02   1.0000000e+00   1.8356099e-04
   7.7800000e+02   0.0000000e+00   1.8283674e-04
   7.7900000e+02   0.0000000e+00   1.8211535e-04
   7.8000000e+02   0.0000000e+00   1.8139681e-04
   7.8100000e+02   0.0000000e+00   1.8068110e-04
   7.8200000e+02   0.0000000e+00   1.7996822e-04
   7.8300000e+02   2.0000000e+00   1.7925814e-04
   7.8400000e+02   2.0000000e+00   1.7855088e-04
   7.8500000e+02   0.0000000e+00   1.7784640e-04
   7.8600000e+02   0.0000000e+00   1.7714470e-04
   7.8700000e+02   0.0000000e+00   1.7644576e-04
   7.8800000e+02   2.0000000e+00   1.7574959e-04
   7.8900000e+02   0.0000000e+00   1.7505616e-04
   7.9000000e+02   0.0000000e+00   1.7436547e-04
   7.9100000e+02   0.0000000e+00   1.7367751e-04
   7.9200000e+02   0.0000000e+00   1.7299226e-04
   7.9300000e+02   0.0000000e+00   1.7230971e-04
   7.9400000e+02   0.0000000e+00   1.7162985e-04
   7.9500000e+02   0.0000000e+00   1.7095268e-04
   7.9600000e+02   0.0000000e+00   1.7027818e-04
   7.9700000e+02   1.0000000e+00   1.6960634e-04
   7.9800000e+02   1.0000000e+00   1.6893715e-04
   7.9900000e+02   2.0000000e+00   1.6827061e-04
   8.0000000e+02   1.0000000e+00   1.6760669e-04
   8.0100000e+02   0.0000000e+00   1.6694539e-04
   8.0200000e+02   0.0000000e+00   1.6628670e-04
   8.0300000e+02   0.0000000e+00   1.6563061e-04
   8.0400000e+02   1.0000000e+00   1.6497711e-04
   8.0500000e+02   0.0000000e+00   1.6432618e-04
   8.0600000e+02   0.0000000e+00   1.6367783e-04
   8.0700000e+02   0.0000000e+00   1.6303203e-04
   8.0800000e+02   1.0000000e+00   1.6238878e-04
   8.0900000e+02   0.0000000e+00   1.6174807e-04
   8.1000000e+02   0.0000000e+00   1.6110989e-04
   8.1100000e+02   0.0000000e+00   1.6047422e-04
   8.1200000e+02   0.0000000e+00   1.5984107e-04
   8.1300000e+02   0.0000000e+00   1.5921041e-04
   8.1400000e+02   0.0000000e+00   1.5858224e-04
   8.1500000e+02   0.0000000e+00   1.5795654e-04
   8.1600000e+02   0.0000000e+00   1.5733332e-04
   8.1700000e+02   0.0000000e+00   1.5671256e-04
   8.1800000e+02   0.0000000e+00   1.5609424e-04
   8.1900000e+02   0.0000000e+00   1.5547837e-04
   8.2000000e+02   1.0000000e+00   1.5486492e-04
   8.2100000e+02   0.0000000e+00   1.5425389e-04
   8.2200000e+02   1.0000000e+00   1.5364528e-04
   8.2300000e+02   0.0000000e+00   1.5303907e-04
   8.2400000e+02   0.0000000e+00   1.5243524e-04
   8.2500000e+02   0.0000000e+00   1.5183381e-04
   8.2600000e+02   0.0000000e+00   1.5123474e-04
   8.2700000e+02   0.0000000e+00   1.5063804e-04
   8.2800000e+02   0.0000000e+00   1.5004369e-04
   8.2900000e+02   0.0000000e+00   1.4945169e-04
   8.3000000e+02   0.0000000e+00   1.4886202e-04
   8.3100000e+02   0.0000000e+00   1.4827468e-04
   8.3200000e+02   0.0000000e+00   1.4768965e-04
   8.3300000e+02   0.0000000e+00   1.4710694e-04
   8.3400000e+02   1.0000000e+00   1.4652652e-04
   8.3500000e+02   0.0000000e+00   1.4594840e-04
   8.3600000e+02   0.0000000e+00   1.4537255e-04
   8.3700000e+02   0.0000000e+00   1.4479898e-04
   8.3800000e+02   0.0000000e+00   1.4422767e-04
   8.3900000e+02   1.0000000e+00   1.4365861e-04
   8.4000000e+02   0.0000000e+00   1.4309180e-04
   8.4100000e+02   0.0000000e+00   1.4252723e-04
   8.4200000e+02   0.0000000e+00   1.4196488e-04
   8.4300000e+02   1.0000000e+00   1.4140475e-04
   8.4400000e+02   0.0000000e+00   1.4084684e-04
   8.4500000e+02   2.0000000e+00   1.4029112e-04
   8.4600000e+02   0.0000000e+00   1.3973760e-04
   8.4700000e+02   0.0000000e+00   1.3918626e-04
   8.4800000e+02   0.0000000e+00   1.3863709e-04
   8.4900000e+02   0.0000000e+00   1.3809009e-04
   8.5000000e+02   0.0000000e+00   1.3754525e-04
   8.5100000e+02   0.0000000e+00   1.3700256e-04
   8.5200000e+02   0.0000000e+00   1.3646201e-04
   8.5300000e+02   0.0000000e+00   1.3592360e-04
   8.5400000e+02   0.0000000e+00   1.3538731e-04
   8.5500000e+02   0.0000000e+00   1.3485313e-04
   8.5600000e+02   0.0000000e+00   1.3432106e-04
   8.5700000e+02   0.0000000e+00   1.3379109e-04
   8.5800000e+02   0.0000000e+00   1.3326322e-04
   8.5900000e+02   0.0000000e+00   1.3273742e-04
   8.6000000e+02   0.0000000e+00   1.3221370e-04
   8.6100000e+02   0.0000000e+00   1.3169205e-04
   8.6200000e+02   0.0000000e+00   1.3117245e-04
   8.6300000e+02   0.0000000e+00   1.3065490e-04
   8.6400000e+02   0.0000000e+00   1.3013940e-04
   8.6500000e+02   1.0000000e+00   1.2962593e-04
   8.6600000e+02   0.0000000e+00   1.2911449e-04
   8.6700000e+02   1.0000000e+00   1.2860506e-04
   8.6800000e+02   0.0000000e+00   1.2809764e-04
   8.6900000e+02   0.0000000e+00   1.2759223e-04
   8.7000000e+02   0.0000000e+00   1.2708881e-04
   8.7100000e+02   0.0000000e+00   1.2658738e-04
   8.7200000e+02   1.0000000e+00   1.2608792e-04
   8.7300000e+02   0.0000000e+00   1.2559044e-04
   8.7400000e+02   0.0000000e+00   1.2509491e-04
   8.7500000e+02   0.0000000e+00   1.2460135e-04
   8.7600000e+02   0.0000000e+00   1.2410973e-04
   8.7700000e+02   1.0000000e+00   1.2362005e-04
   8.7800000e+02   0.0000000e+00   1.2313230e-04
   8.7900000e+02   0.0000000e+00   1.2264648e-04
   8.8000000e+02   0.0000000e+00   1.2216257e-04
   8.8100000e+02   1.0000000e+00   1.2168057e-04
   8.8200000e+02   0.0000000e+00   1.2120048e-04
   8.8300000e+02   0.0000000e+00   1.2072228e-04
   8.8400000e+02   1.0000000e+00   1.2024596e-04
   8.8500000e+02   0.0000000e+00   1.1977153e-04
   8.8600000e+02   0.0000000e+00   1.1929896e-04
   8.8700000e+02   0.0000000e+00   1.1882827e-04
   8.8800000e+02   0.0000000e+00   1.1835942e-04
   8.8900000e+02   0.0000000e+00   1.1789243e-04
   8.9000000e+02   0.0000000e+00   1.1742728e-04
   8.9100000e+02   0.0000000e+00   1.1696397e-04
   8.9200000e+02   0.0000000e+00   1.1650248e-04
   8.9300000e+02   0.0000000e+00   1.1604282e-04
   8.9400000e+02   0.0000000e+00   1.1558497e-04
   8.9500000e+02   0.0000000e+00   1.1512892e-04
   8.9600000e+02   0.0000000e+00   1.1467468e-04
   8.9700000e+02   0.0000000e+00   1.1422222e-04
   8.9800000e+02   0.0000000e+00   1.1377156e-04
   8.9900000e+02   1.0000000e+00   1.1332267e-04
   9.0000000e+02   1.0000000e+00   1.1287555e-04
   9.0100000e+02   0.0000000e+00   1.1243019e-04
   9.0200000e+02   0.0000000e+00   1.1198659e-04
   9.0300000e+02   0.0000000e+00   1.1154475e-04
   9.0400000e+02   0.0000000e+00   1.1110464e-04
   9.0500000e+02   0.0000000e+00   1.1066628e-04
   9.0600000e+02   0.0000000e+00   1.1022964e-04
   9.0700000e+02   0.0000000e+00   1.0979472e-04
   9.0800000e+02   0.0000000e+00   1.0936152e-04
   9.0900000e+02   0.0000000e+00   1.0893003e-04
   9.1000000e+02   0.0000000e+00   1.0850025e-04
   9.1100000e+02   0.0000000e+00   1.0807215e-04
   9.1200000e+02   0.0000000e+00   1.0764575e-04
   9.1300000e+02   0.0000000e+00   1.0722103e-04
   9.1400000e+02   0.0000000e+00   1.0679799e-04
   9.1500000e+02   0.0000000e+00   1.0637661e-04
   9.1600000e+02   0.0000000e+00   1.0595690e-04
   9.1700000e+02   0.0000000e+00   1.0553884e-04
   9.1800000e+02   0.0000000e+00   1.0512243e-04
   9.1900000e+02   0.0000000e+00   1.0470767e-04
   9.2000000e+02   1.0000000e+00   1.0429454e-04
   9.2100000e+02   0.0000000e+00   1.0388304e-04
   9.2200000e+02   0.0000000e+00   1.0347317e-04
   9.2300000e+02   0.0000000e+00   1.0306491e-04
   9.2400000e+02   0.0000000e+00   1.0265826e-04
   9.2500000e+02   0.0000000e+00   1.0225322e-04
   9.2600000e+02   0.0000000e+00   1.0184978e-04
   9.2700000e+02   0.0000000e+00   1.0144793e-04
   9.2800000e+02   0.0000000e+00   1.0104766e-04
   9.2900000e+02   0.0000000e+00   1.0064897e-04
   9.3000000e+02   0.0000000e+00   1.0025186e-04
   9.3100000e+02   0.0000000e+00   9.9856309e-05
   9.3200000e+02   0.0000000e+00   9.9462323e-05
   9.3300000e+02   0.0000000e+00   9.9069890e-05
   9.3400000e+02   0.0000000e+00   9.8679006e-05
   9.3500000e+02   0.0000000e+00   9.8289664e-05
   9.3600000e+02   0.0000000e+00   9.7901859e-05
   9.3700000e+02   0.0000000e+00   9.7515583e-05
   9.3800000e+02   0.0000000e+00   9.7130832e-05
   9.3900000e+02   0.0000000e+00   9.6747598e-05
   9.4000000e+02   0.0000000e+00   9.6365877e-05
   9.4100000e+02   0.0000000e+00   9.5985662e-05
   9.4200000e+02   0.0000000e+00   9.5606947e-05
   9.4300000e+02   0.0000000e+00   9.5229726e-05
   9.4400000e+02   1.0000000e+00   9.4853993e-05
   9.4500000e+02   0.0000000e+00   9.4479743e-05
   9.4600000e+02   0.0000000e+00   9.4106970e-05
   9.4700000e+02   0.0000000e+00   9.3735667e-05
   9.4800000e+02   0.0000000e+00   9.3365829e-05
   9.4900000e+02   0.0000000e+00   9.2997451e-05
   9.5000000e+02   0.0000000e+00   9.2630526e-05
   9.5100000e+02   0.0000000e+00   9.2265049e-05
   9.5200000e+02   1.0000000e+00   9.1901013e-05
   9.5300000e+02   0.0000000e+00   9.1538414e-05
   9.5400000e+02   0.0000000e+00   9.1177246e-05
   9.5500000e+02   0.0000000e+00   9.0817503e-05
   9.5600000e+02   0.0000000e+00   9.0459179e-05
   9.5700000e+02   0.0000000e+00   9.0102269e-05
   9.5800000e+02   0.0000000e+00   8.9746767e-05
   9.5900000e+02   1.0000000e+00   8.9392668e-05
   9.6000000e+02   0.0000000e+00   8.9039965e-05
   9.6100000e+02   0.0000000e+00   8.8688655e-05
   9.6200000e+02   0.0000000e+00   8.8338730e-05
   9.6300000e+02   0.0000000e+00   8.7990186e-05
   9.6400000e+02   0.0000000e+00   8.7643018e-05
   9.6500000e+02   0.0000000e+00   8.7297219e-05
   9.6600000e+02   0.0000000e+00   8.6952784e-05
   9.6700000e+02   0.0000000e+00   8.6609709e-05
   9.6800000e+02   0.0000000e+00   8.6267987e-05
   9.6900000e+02   0.0000000e+00   8.5927613e-05
   9.7000000e+02   0.0000000e+00   8.5588583e-05
   9.7100000e+02   1.0000000e+00   8.5250890e-05
   9.7200000e+02   0.0000000e+00   8.4914529e-05
   9.7300000e+02   0.0000000e+00   8.4579495e-05
   9.7400000e+02   1.0000000e+00   8.4245784e-05
   9.7500000e+02   0.0000000e+00   8.3913389e-05
   9.7600000e+02   0.0000000e+00   8.3582305e-05
   9.7700000e+02   0.0000000e+00   8.3252528e-05
   9.7800000e+02   0.0000000e+00   8.2924052e-05
   9.7900000e+02   0.0000000e+00   8.2596872e-05
   9.8000000e+02   0.0000000e+00   8.2270983e-05
   9.8100000e+02   0.0000000e+00   8.1946380e-05
   9.8200000e+02   0.0000000e+00   8.1623057e-05
   9.8300000e+02   0.0000000e+00   8.1301010e-05
   9.8400000e+02   0.0000000e+00   8.0980234e-05
   9.8500000e+02   0.0000000e+00   8.0660723e-05
   9.8600000e+02   0.0000000e+00   8.0342474e-05
   9.8700000e+02   0.0000000e+00   8.0025479e-05
   9.8800000e+02   0.0000000e+00   7.9709736e-05
   9.8900000e+02   1.0000000e+00   7.9395238e-05
   9.9000000e+02   0.0000000e+00   7.9081981e-05
   9.9100000e+02   0.0000000e+00   7.8769960e-05
   9.9200000e+02   0.0000000e+00   7.8459170e-05
   9.9300000e+02   0.0000000e+00   7.8149606e-05
   9.9400000e+02   0.0000000e+00   7.7841264e-05
   9.9500000e+02   0.0000000e+00   7.7534138e-05
   9.9600000e+02   0.0000000e+00   7.7228225e-05
   9.9700000e+02   0.0000000e+00   7.6923518e-05
   9.9800000e+02   2.0000000e+00   7.6620013e-05
   9.9900000e+02   0.0000000e+00   7.6317706e-05
   1.0000000e+03   0.0000000e+00   7.6016591e-05
   1.0010000e+03   0.0000000e+00   7.5716665e-05
   1.0020000e+03   0.0000000e+00   7.5417922e-05
   1.0030000e+03   0.0000000e+00   7.5120358e-05
   1.0040000e+03   1.0000000e+00   7.4823967e-05
   1.0050000e+03   0.0000000e+00   7.4528747e-05
   1.0060000e+03   0.0000000e+00   7.4234691e-05
   1.0070000e+03   0.0000000e+00   7.3941795e-05
   1.0080000e+03   0.0000000e+00   7.3650055e-05
   1.0090000e+03   0.0000000e+00   7.3359465e-05
   1.0100000e+03   0.0000000e+00   7.3070023e-05
   1.0110000e+03   0.0000000e+00   7.2781722e-05
   1.0120000e+03   0.0000000e+00   7.2494559e-05
   1.0130000e+03   0.0000000e+00   7.2208529e-05
   1.0140000e+03   0.0000000e+00   7.1923628e-05
   1.0150000e+03   0.0000000e+00   7.1639850e-05
   1.0160000e+03   0.0000000e+00   7.1357193e-05
   1.0170000e+03   0.0000000e+00   7.1075650e-05
   1.0180000e+03   0.0000000e+00   7.0795218e-05
   1.0190000e+03   1.0000000e+00   7.0515893e-05
   1.0200000e+03   0.0000000e+00   7.0237670e-05
   1.0210000e+03   0.0000000e+00   6.9960545e-05
   1.0220000e+03   0.0000000e+00   6.9684513e-05
   1.0230000e+03   0.0000000e+00   6.9409570e-05
   1.0240000e+03   0.0000000e+00   6.9135712e-05
   1.0250000e+03   0.0000000e+00   6.8862934e-05
   1.0260000e+03   0.0000000e+00   6.8591233e-05
   1.0270000e+03   0.0000000e+00   6.8320603e-05
   1.0280000e+03   1.0000000e+00   6.8051042e-05
   1.0290000e+03   0.0000000e+00   6.7782544e-05
   1.0300000e+03   0.0000000e+00   6.7515105e-05
   1.0310000e+03   0.0000000e+00   6.7248722e-05
   1.0320000e+03   0.0000000e+00   6.6983389e-05
   1.0330000e+03   0.0000000e+00   6.6719104e-05
   1.0340000e+03   0.0000000e+00   6.6455861e-05
   1.0350000e+03   0.0000000e+00   6.6193657e-05
   1.0360000e+03   0.0000000e+00   6.5932487e-05
   1.0370000e+03   0.0000000e+00   6.5672348e-05
   1.0380000e+03   0.0000000e+00   6.5413235e-05
   1.0390000e+03   0.0000000e+00   6.5155145e-05
   1.0400000e+03   0.0000000e+00   6.4898073e-05
   1.0410000e+03   0.0000000e+00   6.4642015e-05
   1.0420000e+03   0.0000000e+00   6.4386967e-05
   1.0430000e+03   0.0000000e+00   6.4132926e-05
   1.0440000e+03   0.0000000e+00   6.3879887e-05
   1.0450000e+03   0.0000000e+00   6.3627847e-05
   1.0460000e+03   0.0000000e+00   6.3376801e-05
   1.0470000e+03   0.0000000e+00   6.3126745e-05
   1.0480000e+03   0.0000000e+00   6.2877676e-05
   1.0490000e+03   1.0000000e+00   6.2629590e-05
   1.0500000e+03   0.0000000e+00   6.2382482e-05
   1.0510000e+03   0.0000000e+00   6.2136350e-05
   1.0520000e+03   0.0000000e+00   6.1891189e-05
   1.0530000e+03   0.0000000e+00   6.1646995e-05
   1.0540000e+03   0.0000000e+00   6.1403764e-05
   1.0550000e+03   0.0000000e+00   6.1161493e-05
   1.0560000e+03   0.0000000e+00   6.0920178e-05
   1.0570000e+03   0.0000000e+00   6.0679815e-05
   1.0580000e+03   0.0000000e+00   6.0440401e-05
   1.0590000e+03   0.0000000e+00   6.0201931e-05
   1.0600000e+03   0.0000000e+00   5.9964402e-05
   1.0610000e+03   0.0000000e+00   5.9727810e-05
   1.0620000e+03   0.0000000e+00   5.9492152e-05
   1.0630000e+03   0.0000000e+00   5.9257423e-05
   1.0640000e+03   0.0000000e+00   5.9023621e-05
   1.0650000e+03   0.0000000e+00   5.8790741e-05
   1.0660000e+03   0.0000000e+00   5.8558779e-05
   1.0670000e+03   0.0000000e+00   5.8327734e-05
   1.0680000e+03   0.0000000e+00   5.8097599e-05
   1.0690000e+03   0.0000000e+00   5.7868373e-05
   1.0700000e+03   0.0000000e+00   5.7640051e-05
   1.0710000e+03   0.0000000e+00   5.7412630e-05
   1.0720000e+03   0.0000000e+00   5.7186106e-05
   1.0730000e+03   1.0000000e+00   5.6960476e-05
   1.0740000e+03   0.0000000e+00   5.6735737e-05
   1.0750000e+03   0.0000000e+00   5.6511884e-05
   1.0760000e+03   0.0000000e+00   5.6288914e-05
   1.0770000e+03   0.0000000e+00   5.6066824e-05
   1.0780000e+03   0.0000000e+00   5.5845610e-05
   1.0790000e+03   0.0000000e+00   5.5625269e-05
   1.0800000e+03   0.0000000e+00   5.5405797e-05
   1.0810000e+03   0.0000000e+00   5.5187192e-05
   1.0820000e+03   1.0000000e+00   5.4969448e-05
   1.0830000e+03   0.0000000e+00   5.4752564e-05
   1.0840000e+03   0.0000000e+00   5.4536536e-05
   1.0850000e+03   0.0000000e+00   5.4321360e-05
   1.0860000e+03   0.0000000e+00   5.4107033e-05
   1.0870000e+03   0.0000000e+00   5.3893552e-05
   1.0880000e+03   0.0000000e+00   5.3680913e-05
   1.0890000e+03   0.0000000e+00   5.3469113e-05
   1.0900000e+03   0.0000000e+00   5.3258148e-05
   1.0910000e+03   0.0000000e+00   5.3048016e-05
   1.0920000e+03   0.0000000e+00   5.2838713e-05
   1.0930000e+03   0.0000000e+00   5.2630236e-05
   1.0940000e+03   0.0000000e+00   5.2422581e-05
   1.0950000e+03   0.0000000e+00   5.2215746e-05
   1.0960000e+03   0.0000000e+00   5.2009727e-05
   1.0970000e+03   1.0000000e+00   5.1804520e-05
   1.0980000e+03   0.0000000e+00   5.1600124e-05
   1.0990000e+03   0.0000000e+00   5.1396534e-05
   1.1000000e+03   0.0000000e+00   5.1193747e-05
   1.1010000e+03   0.0000000e+00   5.0991760e-05
   1.1020000e+03   0.0000000e+00   5.0790570e-05
   1.1030000e+03   0.0000000e+00   5.0590174e-05
   1.1040000e+03   0.0000000e+00   5.0390568e-05
   1.1050000e+03   0.0000000e+00   5.0191750e-05
   1.1060000e+03   0.0000000e+00   4.9993717e-05
   1.1070000e+03   1.0000000e+00   4.9796465e-05
   1.1080000e+03   0.0000000e+00   4.9599991e-05
   1.1090000e+03   0.0000000e+00   4.9404292e-05
   1.1100000e+03   0.0000000e+00   4.9209366e-05
   1.1110000e+03   0.0000000e+00   4.9015208e-05
   1.1120000e+03   0.0000000e+00   4.8821817e-05
   1.1130000e+03   0.0000000e+00   4.8629188e-05
   1.1140000e+03   0.0000000e+00   4.8437320e-05
   1.1150000e+03   0.0000000e+00   4.8246209e-05
   1.1160000e+03   0.0000000e+00   4.8055852e-05
   1.1170000e+03   0.0000000e+00   4.7866245e-05
   1.1180000e+03   1.0000000e+00   4.7677387e-05
   1.1190000e+03   0.0000000e+00   4.7489274e-05
   1.1200000e+03   0.0000000e+00   4.7301904e-05
   1.1210000e+03   0.0000000e+00   4.7115272e-05
   1.1220000e+03   0.0000000e+00   4.6929377e-05
   1.1230000e+03   0.0000000e+00   4.6744215e-05
   1.1240000e+03   0.0000000e+00   4.6559784e-05
   1.1250000e+03   0.0000000e+00   4.6376081e-05
   1.1260000e+03   0.0000000e+00   4.6193102e-05
   1.1270000e+03   0.0000000e+00   4.6010846e-05
   1.1280000e+03   0.0000000e+00   4.5829308e-05
   1.1290000e+03   0.0000000e+00   4.5648487e-05
   1.1300000e+03   0.0000000e+00   4.5468379e-05
   1.1310000e+03   0.0000000e+00   4.5288982e-05
   1.1320000e+03   0.0000000e+00   4.5110292e-05
   1.1330000e+03   0.0000000e+00   4.4932308e-05
   1.1340000e+03   0.0000000e+00   4.4755026e-05
   1.1350000e+03   0.0000000e+00   4.4578443e-05
   1.1360000e+03   0.0000000e+00   4.4402557e-05
   1.1370000e+03   0.0000000e+00   4.4227365e-05
   1.1380000e+03   0.0000000e+00   4.4052864e-05
   1.1390000e+03   0.0000000e+00   4.3879052e-05
   1.1400000e+03   0.0000000e+00   4.3705926e-05
   1.1410000e+03   0.0000000e+00   4.3533482e-05
   1.1420000e+03   0.0000000e+00   4.3361719e-05
   1.1430000e+03   0.0000000e+00   4.3190634e-05
   1.1440000e+03   0.0000000e+00   4.3020224e-05
   1.1450000e+03   0.0000000e+00   4.2850486e-05
   1.1460000e+03   0.0000000e+00   4.2681417e-05
   1.1470000e+03   0.0000000e+00   4.2513016e-05
   1.1480000e+03   0.0000000e+00   4.2345280e-05
   1.1490000e+03   0.0000000e+00   4.2178205e-05
   1.1500000e+03   0.0000000e+00   4.2011789e-05
   1.1510000e+03   0.0000000e+00   4.1846030e-05
   1.1520000e+03   0.0000000e+00   4.1680925e-05
   1.1530000e+03   0.0000000e+00   4.1516471e-05
   1.1540000e+03   0.0000000e+00   4.1352666e-05
   1.1550000e+03   0.0000000e+00   4.1189508e-05
   1.1560000e+03   0.0000000e+00   4.1026993e-05
   1.1570000e+03   0.0000000e+00   4.0865119e-05
   1.1580000e+03   0.0000000e+00   4.0703884e-05
   1.1590000e+03   0.0000000e+00   4.0543286e-05
   1.1600000e+03   0.0000000e+00   4.0383321e-05
   1.1610000e+03   0.0000000e+00   4.0223987e-05
   1.1620000e+03   0.0000000e+00   4.0065281e-05
   1.1630000e+03   0.0000000e+00   3.9907202e-05
   1.1640000e+03   0.0000000e+00   3.9749747e-05
   1.1650000e+03   0.0000000e+00   3.9592913e-05
   1.1660000e+03   0.0000000e+00   3.9436697e-05
   1.1670000e+03   0.0000000e+00   3.9281098e-05
   1.1680000e+03   0.0000000e+00   3.9126113e-05
   1.1690000e+03   0.0000000e+00   3.8971740e-05
   1.1700000e+03   0.0000000e+00   3.8817975e-05
   1.1710000e+03   0.0000000e+00   3.8664818e-05
   1.1720000e+03   0.0000000e+00   3.8512264e-05
   1.1730000e+03   0.0000000e+00   3.8360312e-05
   1.1740000e+03   0.0000000e+00   3.8208960e-05
   1.1750000e+03   0.0000000e+00   3.8058205e-05
   1.1760000e+03   0.0000000e+00   3.7908045e-05
   1.1770000e+03   0.0000000e+00   3.7758478e-05
   1.1780000e+03   0.0000000e+00   3.7609500e-05
   1.1790000e+03   0.0000000e+00   3.7461110e-05
   1.1800000e+03   0.0000000e+00   3.7313306e-05
   1.1810000e+03   0.0000000e+00   3.7166085e-05
   1.1820000e+03   0.0000000e+00   3.7019445e-05
   1.1830000e+03   0.0000000e+00   3.6873383e-05
   1.1840000e+03   0.0000000e+00   3.6727898e-05
   1.1850000e+03   0.0000000e+00   3.6582987e-05
   1.1860000e+03   0.0000000e+00   3.6438647e-05
   1.1870000e+03   0.0000000e+00   3.6294877e-05
   1.1880000e+03   0.0000000e+00   3.6151674e-05
   1.1890000e+03   0.0000000e+00   3.6009036e-05
   1.1900000e+03   0.0000000e+00   3.5866961e-05
   1.1910000e+03   0.0000000e+00   3.5725447e-05
   1.1920000e+03   0.0000000e+00   3.5584491e-05
   1.1930000e+03   0.0000000e+00   3.5444091e-05
   1.1940000e+03   0.0000000e+00   3.5304245e-05
   1.1950000e+03   0.0000000e+00   3.5164950e-05
   1.1960000e+03   0.0000000e+00   3.5026206e-05
   1.1970000e+03   0.0000000e+00   3.4888009e-05
   1.1980000e+03   0.0000000e+00   3.4750357e-05
   1.1990000e+03   0.0000000e+00   3.4613248e-05
   1.2000000e+03   0.0000000e+00   3.4476680e-05
   1.2010000e+03   0.0000000e+00   3.4340651e-05
   1.2020000e+03   0.0000000e+00   3.4205158e-05
   1.2030000e+03   0.0000000e+00   3.4070201e-05
   1.2040000e+03   1.0000000e+00   3.3935775e-05
   1.2050000e+03   0.0000000e+00   3.3801881e-05
   1.2060000e+03   0.0000000e+00   3.3668514e-05
   1.2070000e+03   0.0000000e+00   3.3535674e-05
   1.2080000e+03   0.0000000e+00   3.3403357e-05
   1.2090000e+03   0.0000000e+00   3.3271563e-05
   1.2100000e+03   0.0000000e+00   3.3140289e-05
   1.2110000e+03   0.0000000e+00   3.3009533e-05
   1.2120000e+03   0.0000000e+00   3.2879292e-05
   1.2130000e+03   0.0000000e+00   3.2749566e-05
   1.2140000e+03   0.0000000e+00   3.2620351e-05
   1.2150000e+03   0.0000000e+00   3.2491646e-05
   1.2160000e+03   0.0000000e+00   3.2363449e-05
   1.2170000e+03   0.0000000e+00   3.2235758e-05
   1.2180000e+03   0.0000000e+00   3.2108570e-05
   1.2190000e+03   0.0000000e+00   3.1981885e-05
   1.2200000e+03   0.0000000e+00   3.1855699e-05
   1.2210000e+03   0.0000000e+00   3.1730011e-05
   1.2220000e+03   0.0000000e+00   3.1604819e-05
   1.2230000e+03   0.0000000e+00   3.1480121e-05
   1.2240000e+03   0.0000000e+00   3.1355915e-05
   1.2250000e+03   0.0000000e+00   3.1232199e-05
   1.2260000e+03   0.0000000e+00   3.1108971e-05
   1.2270000e+03   0.0000000e+00   3.0986230e-05
   1.2280000e+03   0.0000000e+00   3.0863972e-05
   1.2290000e+03   0.0000000e+00   3.0742197e-05
   1.2300000e+03   0.0000000e+00   3.0620903e-05
   1.2310000e+03   0.0000000e+00   3.0500087e-05
   1.2320000e+03   0.0000000e+00   3.0379748e-05
   1.2330000e+03   0.0000000e+00   3.0259883e-05
   1.2340000e+03   0.0000000e+00   3.0140492e-05
   1.2350000e+03   0.0000000e+00   3.0021571e-05
   1.2360000e+03   0.0000000e+00   2.9903120e-05
   1.2370000e+03   1.0000000e+00   2.9785136e-05
   1.2380000e+03   0.0000000e+00   2.9667618e-05
   1.2390000e+03   0.0000000e+00   2.9550563e-05
   1.2400000e+03   0.0000000e+00   2.9433970e-05
   1.2410000e+03   0.0000000e+00   2.9317837e-05
   1.2420000e+03   0.0000000e+00   2.9202163e-05
   1.2430000e+03   0.0000000e+00   2.9086944e-05
   1.2440000e+03   0.0000000e+00   2.8972181e-05
   1.2450000e+03   0.0000000e+00   2.8857870e-05
   1.2460000e+03   0.0000000e+00   2.8744010e-05
   1.2470000e+03   0.0000000e+00   2.8630599e-05
   1.2480000e+03   0.0000000e+00   2.8517636e-05
   1.2490000e+03   0.0000000e+00   2.8405119e-05
   1.2500000e+03   0.0000000e+00   2.8293045e-05
   1.2510000e+03   0.0000000e+00   2.8181414e-05
   1.2520000e+03   0.0000000e+00   2.8070223e-05
   1.2530000e+03   0.0000000e+00   2.7959471e-05
   1.2540000e+03   0.0000000e+00   2.7849156e-05
   1.2550000e+03   0.0000000e+00   2.7739276e-05
   1.2560000e+03   0.0000000e+00   2.7629830e-05
   1.2570000e+03   0.0000000e+00   2.7520815e-05
   1.2580000e+03   0.0000000e+00   2.7412231e-05
   1.2590000e+03   0.0000000e+00   2.7304075e-05
   1.2600000e+03   0.0000000e+00   2.7196345e-05
   1.2610000e+03   0.0000000e+00   2.7089041e-05
   1.2620000e+03   0.0000000e+00   2.6982160e-05
   1.2630000e+03   0.0000000e+00   2.6875701e-05
   1.2640000e+03   0.0000000e+00   2.6769662e-05
   1.2650000e+03   0.0000000e+00   2.6664041e-05
   1.2660000e+03   0.0000000e+00   2.6558837e-05
   1.2670000e+03   0.0000000e+00   2.6454049e-05
   1.2680000e+03   0.0000000e+00   2.6349673e-05
   1.2690000e+03   0.0000000e+00   2.6245709e-05
   1.2700000e+03   0.0000000e+00   2.6142156e-05
   1.2710000e+03   0.0000000e+00   2.6039011e-05
   1.2720000e+03   0.0000000e+00   2.5936273e-05
   1.2730000e+03   0.0000000e+00   2.5833941e-05
   1.2740000e+03   0.0000000e+00   2.5732012e-05
   1.2750000e+03   0.0000000e+00   2.5630485e-05
   1.2760000e+03   0.0000000e+00   2.5529359e-05
   1.2770000e+03   0.0000000e+00   2.5428632e-05
   1.2780000e+03   0.0000000e+00   2.5328302e-05
   1.2790000e+03   0.0000000e+00   2.5228369e-05
   1.2800000e+03   0.0000000e+00   2.5128829e-05
   1.2810000e+03   0.0000000e+00   2.5029682e-05
   1.2820000e+03   0.0000000e+00   2.4930927e-05
   1.2830000e+03   0.0000000e+00   2.4832561e-05
   1.2840000e+03   0.0000000e+00   2.4734583e-05
   1.2850000e+03   0.0000000e+00   2.4636992e-05
   1.2860000e+03   0.0000000e+00   2.4539786e-05
   1.2870000e+03   0.0000000e+00   2.4442963e-05
   1.2880000e+03   0.0000000e+00   2.4346522e-05
   1.2890000e+03   0.0000000e+00   2.4250462e-05
   1.2900000e+03   0.0000000e+00   2.4154781e-05
   1.2910000e+03   0.0000000e+00   2.4059478e-05
   1.2920000e+03   0.0000000e+00   2.3964550e-05
   1.2930000e+03   0.0000000e+00   2.3869997e-05
   1.2940000e+03   0.0000000e+00   2.3775817e-05
   1.2950000e+03   0.0000000e+00   2.3682008e-05
   1.2960000e+03   0.0000000e+00   2.3588570e-05
   1.2970000e+03   0.0000000e+00   2.3495501e-05
   1.2980000e+03   0.0000000e+00   2.3402798e-05
   1.2990000e+03   0.0000000e+00   2.3310462e-05
   1.3000000e+03   0.0000000e+00   2.3218489e-05
   1.3010000e+03   0.0000000e+00   2.3126880e-05
   1.3020000e+03   0.0000000e+00   2.3035632e-05
   1.3030000e+03   0.0000000e+00   2.2944744e-05
   1.3040000e+03   0.0000000e+00   2.2854215e-05
   1.3050000e+03   0.0000000e+00   2.2764042e-05
   1.3060000e+03   1.0000000e+00   2.2674226e-05
   1.3070000e+03   0.0000000e+00   2.2584764e-05
   1.3080000e+03   0.0000000e+00   2.2495655e-05
   1.3090000e+03   0.0000000e+00   2.2406897e-05
   1.3100000e+03   0.0000000e+00   2.2318490e-05
   1.3110000e+03   0.0000000e+00   2.2230432e-05
   1.3120000e+03   0.0000000e+00   2.2142721e-05
   1.3130000e+03   0.0000000e+00   2.2055356e-05
   1.3140000e+03   0.0000000e+00   2.1968335e-05
   1.3150000e+03   0.0000000e+00   2.1881659e-05
   1.3160000e+03   0.0000000e+00   2.1795324e-05
   1.3170000e+03   0.0000000e+00   2.1709329e-05
   1.3180000e+03   0.0000000e+00   2.1623674e-05
   1.3190000e+03   0.0000000e+00   2.1538357e-05
   1.3200000e+03   0.0000000e+00   2.1453377e-05
   1.3210000e+03   0.0000000e+00   2.1368732e-05
   1.3220000e+03   0.0000000e+00   2.1284421e-05
   1.3230000e+03   0.0000000e+00   2.1200442e-05
   1.3240000e+03   0.0000000e+00   2.1116795e-05
   1.3250000e+03   0.0000000e+00   2.1033478e-05
   1.3260000e+03   0.0000000e+00   2.0950489e-05
   1.3270000e+03   0.0000000e+00   2.0867829e-05
   1.3280000e+03   0.0000000e+00   2.0785494e-05
   1.3290000e+03   0.0000000e+00   2.0703484e-05
   1.3300000e+03   0.0000000e+00   2.0621797e-05
   1.3310000e+03   0.0000000e+00   2.0540433e-05
   1.3320000e+03   1.0000000e+00   2.0459390e-05
   1.3330000e+03   0.0000000e+00   2.0378667e-05
   1.3340000e+03   0.0000000e+00   2.0298262e-05
   1.3350000e+03   0.0000000e+00   2.0218175e-05
   1.3360000e+03   0.0000000e+00   2.0138403e-05
   1.3370000e+03   0.0000000e+00   2.0058946e-05
   1.3380000e+03   0.0000000e+00   1.9979803e-05
   1.3390000e+03   0.0000000e+00   1.9900972e-05
   1.3400000e+03   0.0000000e+00   1.9822452e-05
   1.3410000e+03   0.0000000e+00   1.9744241e-05
   1.3420000e+03   0.0000000e+00   1.9666340e-05
   1.3430000e+03   0.0000000e+00   1.9588745e-05
   1.3440000e+03   0.0000000e+00   1.9511457e-05
   1.3450000e+03   0.0000000e+00   1.9434474e-05
   1.3460000e+03   0.0000000e+00   1.9357795e-05
   1.3470000e+03   0.0000000e+00   1.9281418e-05
   1.3480000e+03   0.0000000e+00   1.9205342e-05
   1.3490000e+03   0.0000000e+00   1.9129567e-05
   1.3500000e+03   0.0000000e+00   1.9054090e-05
   1.3510000e+03   0.0000000e+00   1.8978912e-05
   1.3520000e+03   0.0000000e+00   1.8904030e-05
   1.3530000e+03   0.0000000e+00   1.8829443e-05
   1.3540000e+03   0.0000000e+00   1.8755151e-05
   1.3550000e+03   0.0000000e+00   1.8681152e-05
   1.3560000e+03   0.0000000e+00   1.8607444e-05
   1.3570000e+03   0.0000000e+00   1.8534028e-05
   1.3580000e+03   0.0000000e+00   1.8460901e-05
   1.3590000e+03   0.0000000e+00   1.8388063e-05
   1.3600000e+03   0.0000000e+00   1.8315512e-05
   1.3610000e+03   0.0000000e+00   1.8243248e-05
   1.3620000e+03   0.0000000e+00   1.8171268e-05
   1.3630000e+03   0.0000000e+00   1.8099573e-05
   1.3640000e+03   0.0000000e+00   1.8028160e-05
   1.3650000e+03   0.0000000e+00   1.7957030e-05
   1.3660000e+03   0.0000000e+00   1.7886179e-05
   1.3670000e+03   0.0000000e+00   1.7815609e-05
   1.3680000e+03   0.0000000e+00   1.7745317e-05
   1.3690000e+03   0.0000000e+00   1.7675302e-05
   1.3700000e+03   0.0000000e+00   1.7605563e-05
   1.3710000e+03   0.0000000e+00   1.7536100e-05
   1.3720000e+03   0.0000000e+00   1.7466910e-05
   1.3730000e+03   0.0000000e+00   1.7397994e-05
   1.3740000e+03   0.0000000e+00   1.7329350e-05
   1.3750000e+03   0.0000000e+00   1.7260976e-05
   1.3760000e+03   0.0000000e+00   1.7192872e-05
   1.3770000e+03   0.0000000e+00   1.7125037e-05
   1.3780000e+03   0.0000000e+00   1.7057470e-05
   1.3790000e+03   0.0000000e+00   1.6990169e-05
   1.3800000e+03   0.0000000e+00   1.6923133e-05
   1.3810000e+03   0.0000000e+00   1.6856362e-05
   1.3820000e+03   0.0000000e+00   1.6789855e-05
   1.3830000e+03   0.0000000e+00   1.6723610e-05
   1.3840000e+03   0.0000000e+00   1.6657626e-05
   1.3850000e+03   0.0000000e+00   1.6591903e-05
   1.3860000e+03   0.0000000e+00   1.6526439e-05
   1.3870000e+03   0.0000000e+00   1.6461233e-05
   1.3880000e+03   0.0000000e+00   1.6396285e-05
   1.3890000e+03   0.0000000e+00   1.6331593e-05
   1.3900000e+03   0.0000000e+00   1.6267156e-05
   1.3910000e+03   0.0000000e+00   1.6202973e-05
   1.3920000e+03   0.0000000e+00   1.6139044e-05
   1.3930000e+03   0.0000000e+00   1.6075367e-05
   1.3940000e+03   0.0000000e+00   1.6011941e-05
   1.3950000e+03   0.0000000e+00   1.5948765e-05
   1.3960000e+03   0.0000000e+00   1.5885838e-05
   1.3970000e+03   0.0000000e+00   1.5823160e-05
   1.3980000e+03   0.0000000e+00   1.5760729e-05
   1.3990000e+03   0.0000000e+00   1.5698545e-05
   1.4000000e+03   0.0000000e+00   1.5636606e-05
   1.4010000e+03   0.0000000e+00   1.5574911e-05
   1.4020000e+03   0.0000000e+00   1.5513459e-05
   1.4030000e+03   0.0000000e+00   1.5452250e-05
   1.4040000e+03   0.0000000e+00   1.5391283e-05
   1.4050000e+03   0.0000000e+00   1.5330556e-05
   1.4060000e+03   0.0000000e+00   1.5270069e-05
   1.4070000e+03   0.0000000e+00   1.5209820e-05
   1.4080000e+03   0.0000000e+00   1.5149809e-05
   1.4090000e+03   0.0000000e+00   1.5090035e-05
   1.4100000e+03   0.0000000e+00   1.5030497e-05
   1.4110000e+03   0.0000000e+00   1.4971193e-05
   1.4120000e+03   0.0000000e+00   1.4912124e-05
   1.4130000e+03   0.0000000e+00   1.4853288e-05
   1.4140000e+03   0.0000000e+00   1.4794683e-05
   1.4150000e+03   0.0000000e+00   1.4736310e-05
   1.4160000e+03   0.0000000e+00   1.4678168e-05
   1.4170000e+03   0.0000000e+00   1.4620254e-05
   1.4180000e+03   0.0000000e+00   1.4562570e-05
   1.4190000e+03   0.0000000e+00   1.4505112e-05
   1.4200000e+03   0.0000000e+00   1.4447882e-05
   1.4210000e+03   0.0000000e+00   1.4390877e-05
   1.4220000e+03   0.0000000e+00   1.4334098e-05
   1.4230000e+03   0.0000000e+00   1.4277542e-05
   1.4240000e+03   0.0000000e+00   1.4221209e-05
   1.4250000e+03   0.0000000e+00   1.4165099e-05
   1.4260000e+03   0.0000000e+00   1.4109210e-05
   1.4270000e+03   0.0000000e+00   1.4053542e-05
   1.4280000e+03   0.0000000e+00   1.3998093e-05
   1.4290000e+03   0.0000000e+00   1.3942863e-05
   1.4300000e+03   0.0000000e+00   1.3887851e-05
   1.4310000e+03   0.0000000e+00   1.3833056e-05
   1.4320000e+03   0.0000000e+00   1.3778477e-05
   1.4330000e+03   0.0000000e+00   1.3724113e-05
   1.4340000e+03   0.0000000e+00   1.3669964e-05
   1.4350000e+03   0.0000000e+00   1.3616029e-05
   1.4360000e+03   0.0000000e+00   1.3562306e-05
   1.4370000e+03   0.0000000e+00   1.3508796e-05
   1.4380000e+03   0.0000000e+00   1.3455496e-05
   1.4390000e+03   0.0000000e+00   1.3402407e-05
   1.4400000e+03   0.0000000e+00   1.3349527e-05
   1.4410000e+03   0.0000000e+00   1.3296856e-05
   1.4420000e+03   0.0000000e+00   1.3244393e-05
   1.4430000e+03   0.0000000e+00   1.3192137e-05
   1.4440000e+03   0.0000000e+00   1.3140087e-05
   1.4450000e+03   0.0000000e+00   1.3088242e-05
   1.4460000e+03   0.0000000e+00   1.3036602e-05
   1.4470000e+03   0.0000000e+00   1.2985165e-05
   1.4480000e+03   0.0000000e+00   1.2933932e-05
   1.4490000e+03   0.0000000e+00   1.2882901e-05
   1.4500000e+03   0.0000000e+00   1.2832071e-05
   1.4510000e+03   0.0000000e+00   1.2781441e-05
   1.4520000e+03   0.0000000e+00   1.2731012e-05
   1.4530000e+03   0.0000000e+00   1.2680781e-05
   1.4540000e+03   0.0000000e+00   1.2630748e-05
   1.4550000e+03   0.0000000e+00   1.2580913e-05
   1.4560000e+03   0.0000000e+00   1.2531275e-05
   1.4570000e+03   0.0000000e+00   1.2481832e-05
   1.4580000e+03   0.0000000e+00   1.2432585e-05
   1.4590000e+03   0.0000000e+00   1.2383531e-05
   1.4600000e+03   0.0000000e+00   1.2334672e-05
   1.4610000e+03   0.0000000e+00   1.2286005e-05
   1.4620000e+03   0.0000000e+00   1.2237530e-05
   1.4630000e+03   0.0000000e+00   1.2189246e-05
   1.4640000e+03   0.0000000e+00   1.2141153e-05
   1.4650000e+03   0.0000000e+00   1.2093250e-05
   1.4660000e+03   0.0000000e+00   1.2045535e-05
   1.4670000e+03   0.0000000e+00   1.1998009e-05
   1.4680000e+03   0.0000000e+00   1.1950671e-05
   1.4690000e+03   0.0000000e+00   1.1903519e-05
   1.4700000e+03   0.0000000e+00   1.1856553e-05
   1.4710000e+03   0.0000000e+00   1.1809773e-05
   1.4720000e+03   0.0000000e+00   1.1763177e-05
   1.4730000e+03   0.0000000e+00   1.1716765e-05
   1.4740000e+03   0.0000000e+00   1.1670536e-05
   1.4750000e+03   0.0000000e+00   1.1624489e-05
   1.4760000e+03   0.0000000e+00   1.1578624e-05
   1.4770000e+03   0.0000000e+00   1.1532940e-05
   1.4780000e+03   0.0000000e+00   1.1487437e-05
   1.4790000e+03   0.0000000e+00   1.1442113e-05
   1.4800000e+03   0.0000000e+00   1.1396967e-05
   1.4810000e+03   0.0000000e+00   1.1352000e-05
   1.4820000e+03   0.0000000e+00   1.1307210e-05
   1.4830000e+03   0.0000000e+00   1.1262597e-05
   1.4840000e+03   0.0000000e+00   1.1218160e-05
   1.4850000e+03   0.0000000e+00   1.1173899e-05
   1.4860000e+03   0.0000000e+00   1.1129812e-05
   1.4870000e+03   0.0000000e+00   1.1085898e-05
   1.4880000e+03   0.0000000e+00   1.1042159e-05
   1.4890000e+03   0.0000000e+00   1.0998591e-05
   1.4900000e+03   0.0000000e+00   1.0955196e-05
   1.4910000e+03   0.0000000e+00   1.0911972e-05
   1.4920000e+03   0.0000000e+00   1.0868918e-05
   1.4930000e+03   0.0000000e+00   1.0826035e-05
   1.4940000e+03   0.0000000e+00   1.0783320e-05
   1.4950000e+03   0.0000000e+00   1.0740774e-05
   1.4960000e+03   0.0000000e+00   1.0698396e-05
   1.4970000e+03   0.0000000e+00   1.0656185e-05
   1.4980000e+03   0.0000000e+00   1.0614141e-05
   1.4990000e+03   0.0000000e+00   1.0572262e-05
   1.5000000e+03   0.0000000e+00   1.0530549e-05
   1.5010000e+03   0.0000000e+00   1.0489000e-05
   1.5020000e+03   0.0000000e+00   1.0447615e-05
   1.5030000e+03   0.0000000e+00   1.0406394e-05
   1.5040000e+03   0.0000000e+00   1.0365335e-05
   1.5050000e+03   0.0000000e+00   1.0324438e-05
   1.5060000e+03   0.0000000e+00   1.0283703e-05
   1.5070000e+03   1.0000000e+00   1.0243128e-05
   1.5080000e+03   0.0000000e+00   1.0202713e-05
   1.5090000e+03   0.0000000e+00   1.0162458e-05
   1.5100000e+03   0.0000000e+00   1.0122362e-05
   1.5110000e+03   0.0000000e+00   1.0082424e-05
   1.5120000e+03   0.0000000e+00   1.0042643e-05
   1.5130000e+03   0.0000000e+00   1.0003019e-05
   1.5140000e+03   0.0000000e+00   9.9635521e-06
   1.5150000e+03   0.0000000e+00   9.9242405e-06
   1.5160000e+03   0.0000000e+00   9.8850841e-06
   1.5170000e+03   0.0000000e+00   9.8460821e-06
   1.5180000e+03   0.0000000e+00   9.8072340e-06
   1.5190000e+03   0.0000000e+00   9.7685392e-06
   1.5200000e+03   0.0000000e+00   9.7299970e-06
   1.5210000e+03   0.0000000e+00   9.6916070e-06
   1.5220000e+03   0.0000000e+00   9.6533684e-06
   1.5230000e+03   0.0000000e+00   9.6152806e-06
   1.5240000e+03   0.0000000e+00   9.5773432e-06
   1.5250000e+03   0.0000000e+00   9.5395554e-06
   1.5260000e+03   0.0000000e+00   9.5019167e-06
   1.5270000e+03   0.0000000e+00   9.4644265e-06
   1.5280000e+03   0.0000000e+00   9.4270843e-06
   1.5290000e+03   0.0000000e+00   9.3898894e-06
   1.5300000e+03   0.0000000e+00   9.3528412e-06
   1.5310000e+03   0.0000000e+00   9.3159392e-06
   1.5320000e+03   0.0000000e+00   9.2791828e-06
   1.5330000e+03   0.0000000e+00   9.2425714e-06
   1.5340000e+03   0.0000000e+00   9.2061045e-06
   1.5350000e+03   0.0000000e+00   9.1697815e-06
   1.5360000e+03   0.0000000e+00   9.1336018e-06
   1.5370000e+03   0.0000000e+00   9.0975648e-06
   1.5380000e+03   0.0000000e+00   9.0616700e-06
   1.5390000e+03   0.0000000e+00   9.0259168e-06
   1.5400000e+03   0.0000000e+00   8.9903047e-06
   1.5410000e+03   0.0000000e+00   8.9548331e-06
   1.5420000e+03   0.0000000e+00   8.9195015e-06
   1.5430000e+03   0.0000000e+00   8.8843093e-06
   1.5440000e+03   0.0000000e+00   8.8492559e-06
   1.5450000e+03   0.0000000e+00   8.8143408e-06
   1.5460000e+03   0.0000000e+00   8.7795635e-06
   1.5470000e+03   0.0000000e+00   8.7449234e-06
   1.5480000e+03   0.0000000e+00   8.7104200e-06
   1.5490000e+03   0.0000000e+00   8.6760527e-06
   1.5500000e+03   0.0000000e+00   8.6418210e-06
   1.5510000e+03   0.0000000e+00   8.6077243e-06
   1.5520000e+03   0.0000000e+00   8.5737622e-06
   1.5530000e+03   0.0000000e+00   8.5399341e-06
   1.5540000e+03   0.0000000e+00   8.5062395e-06
   1.5550000e+03   0.0000000e+00   8.4726778e-06
   1.5560000e+03   0.0000000e+00   8.4392485e-06
   1.5570000e+03   0.0000000e+00   8.4059511e-06
   1.5580000e+03   0.0000000e+00   8.3727851e-06
   1.5590000e+03   0.0000000e+00   8.3397500e-06
   1.5600000e+03   0.0000000e+00   8.3068452e-06
   1.5610000e+03   0.0000000e+00   8.2740702e-06
   1.5620000e+03   0.0000000e+00   8.2414246e-06
   1.5630000e+03   0.0000000e+00   8.2089077e-06
   1.5640000e+03   0.0000000e+00   8.1765191e-06
   1.5650000e+03   0.0000000e+00   8.1442584e-06
   1.5660000e+03   0.0000000e+00   8.1121249e-06
   1.5670000e+03   0.0000000e+00   8.0801182e-06
   1.5680000e+03   0.0000000e+00   8.0482378e-06
   1.5690000e+03   0.0000000e+00   8.0164831e-06
   1.5700000e+03   0.0000000e+00   7.9848538e-06
   1.5710000e+03   0.0000000e+00   7.9533493e-06
   1.5720000e+03   0.0000000e+00   7.9219690e-06
   1.5730000e+03   0.0000000e+00   7.8907126e-06
   1.5740000e+03   0.0000000e+00   7.8595795e-06
   1.5750000e+03   0.0000000e+00   7.8285692e-06
   1.5760000e+03   0.0000000e+00   7.7976813e-06
   1.5770000e+03   0.0000000e+00   7.7669152e-06
   1.5780000e+03   0.0000000e+00   7.7362706e-06
   1.5790000e+03   0.0000000e+00   7.7057468e-06
   1.5800000e+03   0.0000000e+00   7.6753435e-06
   1.5810000e+03   0.0000000e+00   7.6450601e-06
   1.5820000e+03   0.0000000e+00   7.6148963e-06
   1.5830000e+03   0.0000000e+00   7.5848514e-06
   1.5840000e+03   0.0000000e+00   7.5549251e-06
   1.5850000e+03   0.0000000e+00   7.5251168e-06
   1.5860000e+03   0.0000000e+00   7.4954262e-06
   1.5870000e+03   0.0000000e+00   7.4658527e-06
   1.5880000e+03   0.0000000e+00   7.4363959e-06
   1.5890000e+03   0.0000000e+00   7.4070553e-06
   1.5900000e+03   0.0000000e+00   7.3778305e-06
   1.5910000e+03   0.0000000e+00   7.3487210e-06
   1.5920000e+03   0.0000000e+00   7.3197263e-06
   1.5930000e+03   0.0000000e+00   7.2908461e-06
   1.5940000e+03   0.0000000e+00   7.2620798e-06
   1.5950000e+03   0.0000000e+00   7.2334269e-06
   1.5960000e+03   0.0000000e+00   7.2048872e-06
   1.5970000e+03   0.0000000e+00   7.1764600e-06
   1.5980000e+03   0.0000000e+00   7.1481450e-06
   1.5990000e+03   0.0000000e+00   7.1199418e-06
   1.6000000e+03   0.0000000e+00   7.0918497e-06
   1.6010000e+03   0.0000000e+00   7.0638686e-06
   1.6020000e+03   0.0000000e+00   7.0359978e-06
   1.6030000e+03   0.0000000e+00   7.0082370e-06
   1.6040000e+03   0.0000000e+00   6.9805858e-06
   1.6050000e+03   0.0000000e+00   6.9530436e-06
   1.6060000e+03   0.0000000e+00   6.9256101e-06
   1.6070000e+03   0.0000000e+00   6.8982848e-06
   1.6080000e+03   0.0000000e+00   6.8710674e-06
   1.6090000e+03   0.0000000e+00   6.8439573e-06
   1.6100000e+03   0.0000000e+00   6.8169542e-06
   1.6110000e+03   0.0000000e+00   6.7900577e-06
   1.6120000e+03   0.0000000e+00   6.7632672e-06
   1.6130000e+03   0.0000000e+00   6.7365825e-06
   1.6140000e+03   0.0000000e+00   6.7100031e-06
   1.6150000e+03   0.0000000e+00   6.6835285e-06
   1.6160000e+03   0.0000000e+00   6.6571584e-06
   1.6170000e+03   0.0000000e+00   6.6308923e-06
   1.6180000e+03   0.0000000e+00   6.6047299e-06
   1.6190000e+03   0.0000000e+00   6.5786707e-06
   1.6200000e+03   0.0000000e+00   6.5527143e-06
   1.6210000e+03   0.0000000e+00   6.5268603e-06
   1.6220000e+03   0.0000000e+00   6.5011083e-06
   1.6230000e+03   0.0000000e+00   6.4754579e-06
   1.6240000e+03   0.0000000e+00   6.4499088e-06
   1.6250000e+03   0.0000000e+00   6.4244604e-06
   1.6260000e+03   0.0000000e+00   6.3991124e-06
   1.6270000e+03   0.0000000e+00   6.3738645e-06
   1.6280000e+03   0.0000000e+00   6.3487162e-06
   1.6290000e+03   0.0000000e+00   6.3236671e-06
   1.6300000e+03   0.0000000e+00   6.2987168e-06
   1.6310000e+03   0.0000000e+00   6.2738650e-06
   1.6320000e+03   0.0000000e+00   6.2491112e-06
   1.6330000e+03   0.0000000e+00   6.2244551e-06
   1.6340000e+03   0.0000000e+00   6.1998963e-06
   1.6350000e+03   0.0000000e+00   6.1754343e-06
   1.6360000e+03   0.0000000e+00   6.1510689e-06
   1.6370000e+03   0.0000000e+00   6.1267997e-06
   1.6380000e+03   0.0000000e+00   6.1026261e-06
   1.6390000e+03   0.0000000e+00   6.0785480e-06
   1.6400000e+03   0.0000000e+00   6.0545648e-06
   1.6410000e+03   0.0000000e+00   6.0306763e-06
   1.6420000e+03   0.0000000e+00   6.0068821e-06
   1.6430000e+03   0.0000000e+00   5.9831817e-06
   1.6440000e+03   0.0000000e+00   5.9595748e-06
   1.6450000e+03   0.0000000e+00   5.9360611e-06
   1.6460000e+03   0.0000000e+00   5.9126401e-06
   1.6470000e+03   0.0000000e+00   5.8893116e-06
   1.6480000e+03   0.0000000e+00   5.8660751e-06
   1.6490000e+03   0.0000000e+00   5.8429302e-06
   1.6500000e+03   0.0000000e+00   5.8198767e-06
   1.6510000e+03   0.0000000e+00   5.7969142e-06
   1.6520000e+03   0.0000000e+00   5.7740423e-06
   1.6530000e+03   0.0000000e+00   5.7512605e-06
   1.6540000e+03   0.0000000e+00   5.7285687e-06
   1.6550000e+03   0.0000000e+00   5.7059664e-06
   1.6560000e+03   0.0000000e+00   5.6834533e-06
   1.6570000e+03   0.0000000e+00   5.6610291e-06
   1.6580000e+03   0.0000000e+00   5.6386932e-06
   1.6590000e+03   0.0000000e+00   5.6164456e-06
   1.6600000e+03   0.0000000e+00   5.5942857e-06
   1.6610000e+03   0.0000000e+00   5.5722132e-06
   1.6620000e+03   0.0000000e+00   5.5502278e-06
   1.6630000e+03   0.0000000e+00   5.5283292e-06
   1.6640000e+03   0.0000000e+00   5.5065169e-06
   1.6650000e+03   0.0000000e+00   5.4847908e-06
   1.6660000e+03   0.0000000e+00   5.4631503e-06
   1.6670000e+03   0.0000000e+00   5.4415953e-06
   1.6680000e+03   0.0000000e+00   5.4201252e-06
   1.6690000e+03   0.0000000e+00   5.3987399e-06
   1.6700000e+03   0.0000000e+00   5.3774390e-06
   1.6710000e+03   0.0000000e+00   5.3562221e-06
   1.6720000e+03   0.0000000e+00   5.3350889e-06
   1.6730000e+03   0.0000000e+00   5.3140391e-06
   1.6740000e+03   0.0000000e+00   5.2930724e-06
   1.6750000e+03   0.0000000e+00   5.2721884e-06
   1.6760000e+03   0.0000000e+00   5.2513867e-06
   1.6770000e+03   0.0000000e+00   5.2306672e-06
   1.6780000e+03   0.0000000e+00   5.2100294e-06
   1.6790000e+03   0.0000000e+00   5.1894730e-06
   1.6800000e+03   0.0000000e+00   5.1689978e-06
   1.6810000e+03   0.0000000e+00   5.1486033e-06
   1.6820000e+03   0.0000000e+00   5.1282893e-06
   1.6830000e+03   0.0000000e+00   5.1080554e-06
   1.6840000e+03   0.0000000e+00   5.0879014e-06
   1.6850000e+03   0.0000000e+00   5.0678269e-06
   1.6860000e+03   0.0000000e+00   5.0478316e-06
   1.6870000e+03   0.0000000e+00   5.0279152e-06
   1.6880000e+03   0.0000000e+00   5.0080773e-06
   1.6890000e+03   0.0000000e+00   4.9883178e-06
   1.6900000e+03   0.0000000e+00   4.9686362e-06
   1.6910000e+03   0.0000000e+00   4.9490322e-06
   1.6920000e+03   0.0000000e+00   4.9295056e-06
   1.6930000e+03   0.0000000e+00   4.9100561e-06
   1.6940000e+03   0.0000000e+00   4.8906833e-06
   1.6950000e+03   0.0000000e+00   4.8713869e-06
   1.6960000e+03   0.0000000e+00   4.8521666e-06
   1.6970000e+03   0.0000000e+00   4.8330222e-06
   1.6980000e+03   0.0000000e+00   4.8139534e-06
   1.6990000e+03   0.0000000e+00   4.7949597e-06
   1.7000000e+03   0.0000000e+00   4.7760410e-06
   1.7010000e+03   0.0000000e+00   4.7571970e-06
   1.7020000e+03   0.0000000e+00   4.7384273e-06
   1.7030000e+03   0.0000000e+00   4.7197316e-06
   1.7040000e+03   0.0000000e+00   4.7011097e-06
   1.7050000e+03   0.0000000e+00   4.6825613e-06
   1.7060000e+03   0.0000000e+00   4.6640861e-06
   1.7070000e+03   0.0000000e+00   4.6456838e-06
   1.7080000e+03   0.0000000e+00   4.6273541e-06
   1.7090000e+03   0.0000000e+00   4.6090967e-06
   1.7100000e+03   0.0000000e+00   4.5909113e-06
   1.7110000e+03   0.0000000e+00   4.5727977e-06
   1.7120000e+03   1.0000000e+00   4.5547555e-06
   1.7130000e+03   0.0000000e+00   4.5367846e-06
   1.7140000e+03   0.0000000e+00   4.5188845e-06
   1.7150000e+03   0.0000000e+00   4.5010551e-06
   1.7160000e+03   0.0000000e+00   4.4832960e-06
   1.7170000e+03   0.0000000e+00   4.4656070e-06
   1.7180000e+03   0.0000000e+00   4.4479877e-06
   1.7190000e+03   0.0000000e+00   4.4304380e-06
   1.7200000e+03   0.0000000e+00   4.4129576e-06
   1.7210000e+03   0.0000000e+00   4.3955461e-06
   1.7220000e+03   0.0000000e+00   4.3782033e-06
   1.7230000e+03   0.0000000e+00   4.3609289e-06
   1.7240000e+03   0.0000000e+00   4.3437227e-06
   1.7250000e+03   0.0000000e+00   4.3265844e-06
   1.7260000e+03   0.0000000e+00   4.3095137e-06
   1.7270000e+03   0.0000000e+00   4.2925103e-06
   1.7280000e+03   0.0000000e+00   4.2755741e-06
   1.7290000e+03   0.0000000e+00   4.2587046e-06
   1.7300000e+03   0.0000000e+00   4.2419017e-06
   1.7310000e+03   0.0000000e+00   4.2251652e-06
   1.7320000e+03   0.0000000e+00   4.2084946e-06
   1.7330000e+03   0.0000000e+00   4.1918898e-06
   1.7340000e+03   0.0000000e+00   4.1753506e-06
   1.7350000e+03   0.0000000e+00   4.1588766e-06
   1.7360000e+03   0.0000000e+00   4.1424676e-06
   1.7370000e+03   0.0000000e+00   4.1261233e-06
   1.7380000e+03   0.0000000e+00   4.1098435e-06
   1.7390000e+03   0.0000000e+00   4.0936280e-06
   1.7400000e+03   0.0000000e+00   4.0774764e-06
   1.7410000e+03   0.0000000e+00   4.0613886e-06
   1.7420000e+03   0.0000000e+00   4.0453642e-06
   1.7430000e+03   0.0000000e+00   4.0294031e-06
   1.7440000e+03   0.0000000e+00   4.0135049e-06
   1.7450000e+03   0.0000000e+00   3.9976695e-06
   1.7460000e+03   0.0000000e+00   3.9818965e-06
   1.7470000e+03   0.0000000e+00   3.9661858e-06
   1.7480000e+03   0.0000000e+00   3.9505370e-06
   1.7490000e+03   0.0000000e+00   3.9349501e-06
   1.7500000e+03   0.0000000e+00   3.9194246e-06
   1.7510000e+03   0.0000000e+00   3.9039603e-06
   1.7520000e+03   0.0000000e+00   3.8885571e-06
   1.7530000e+03   0.0000000e+00   3.8732146e-06
   1.7540000e+03   0.0000000e+00   3.8579327e-06
   1.7550000e+03   0.0000000e+00   3.8427111e-06
   1.7560000e+03   0.0000000e+00   3.8275495e-06
   1.7570000e+03   0.0000000e+00   3.8124478e-06
   1.7580000e+03   0.0000000e+00   3.7974056e-06
   1.7590000e+03   0.0000000e+00   3.7824228e-06
   1.7600000e+03   0.0000000e+00   3.7674991e-06
   1.7610000e+03   0.0000000e+00   3.7526343e-06
   1.7620000e+03   0.0000000e+00   3.7378282e-06
   1.7630000e+03   0.0000000e+00   3.7230804e-06
   1.7640000e+03   0.0000000e+00   3.7083909e-06
   1.7650000e+03   0.0000000e+00   3.6937593e-06
   1.7660000e+03   0.0000000e+00   3.6791854e-06
   1.7670000e+03   0.0000000e+00   3.6646690e-06
   1.7680000e+03   0.0000000e+00   3.6502099e-06
   1.7690000e+03   0.0000000e+00   3.6358079e-06
   1.7700000e+03   0.0000000e+00   3.6214627e-06
   1.7710000e+03   0.0000000e+00   3.6071741e-06
   1.7720000e+03   0.0000000e+00   3.5929418e-06
   1.7730000e+03   0.0000000e+00   3.5787657e-06
   1.7740000e+03   0.0000000e+00   3.5646456e-06
   1.7750000e+03   0.0000000e+00   3.5505811e-06
   1.7760000e+03   0.0000000e+00   3.5365722e-06
   1.7770000e+03   0.0000000e+00   3.5226185e-06
   1.7780000e+03   0.0000000e+00   3.5087199e-06
   1.7790000e+03   0.0000000e+00   3.4948761e-06
   1.7800000e+03   0.0000000e+00   3.4810869e-06
   1.7810000e+03   0.0000000e+00   3.4673521e-06
   1.7820000e+03   0.0000000e+00   3.4536716e-06
   1.7830000e+03   0.0000000e+00   3.4400450e-06
   1.7840000e+03   0.0000000e+00   3.4264722e-06
   1.7850000e+03   0.0000000e+00   3.4129529e-06
   1.7860000e+03   0.0000000e+00   3.3994869e-06
   1.7870000e+03   0.0000000e+00   3.3860741e-06
   1.7880000e+03   0.0000000e+00   3.3727143e-06
   1.7890000e+03   0.0000000e+00   3.3594071e-06
   1.7900000e+03   0.0000000e+00   3.3461524e-06
   1.7910000e+03   0.0000000e+00   3.3329500e-06
   1.7920000e+03   0.0000000e+00   3.3197998e-06
   1.7930000e+03   0.0000000e+00   3.3067014e-06
   1.7940000e+03   0.0000000e+00   3.2936546e-06
   1.7950000e+03   0.0000000e+00   3.2806594e-06
   1.7960000e+03   0.0000000e+00   3.2677154e-06
   1.7970000e+03   0.0000000e+00   3.2548225e-06
   1.7980000e+03   0.0000000e+00   3.2419805e-06
   1.7990000e+03   0.0000000e+00   3.2291892e-06
   1.8000000e+03   0.0000000e+00   3.2164483e-06
   1.8010000e+03   0.0000000e+00   3.2037576e-06
   1.8020000e+03   0.0000000e+00   3.1911171e-06
   1.8030000e+03   0.0000000e+00   3.1785264e-06
   1.8040000e+03   0.0000000e+00   3.1659854e-06
   1.8050000e+03   0.0000000e+00   3.1534939e-06
   1.8060000e+03   0.0000000e+00   3.1410517e-06
   1.8070000e+03   0.0000000e+00   3.1286585e-06
   1.8080000e+03   0.0000000e+00   3.1163143e-06
   1.8090000e+03   0.0000000e+00   3.1040188e-06
   1.8100000e+03   0.0000000e+00   3.0917717e-06
   1.8110000e+03   0.0000000e+00   3.0795730e-06
   1.8120000e+03   0.0000000e+00   3.0674225e-06
   1.8130000e+03   0.0000000e+00   3.0553198e-06
   1.8140000e+03   0.0000000e+00   3.0432649e-06
   1.8150000e+03   0.0000000e+00   3.0312576e-06
   1.8160000e+03   0.0000000e+00   3.0192977e-06
   1.8170000e+03   0.0000000e+00   3.0073849e-06
   1.8180000e+03   0.0000000e+00   2.9955192e-06
   1.8190000e+03   0.0000000e+00   2.9837002e-06
   1.8200000e+03   0.0000000e+00   2.9719279e-06
   1.8210000e+03   0.0000000e+00   2.9602021e-06
   1.8220000e+03   0.0000000e+00   2.9485225e-06
   1.8230000e+03   0.0000000e+00   2.9368890e-06
   1.8240000e+03   0.0000000e+00   2.9253014e-06
   1.8250000e+03   0.0000000e+00   2.9137595e-06
   1.8260000e+03   0.0000000e+00   2.9022631e-06
   1.8270000e+03   0.0000000e+00   2.8908122e-06
   1.8280000e+03   0.0000000e+00   2.8794063e-06
   1.8290000e+03   0.0000000e+00   2.8680455e-06
   1.8300000e+03   0.0000000e+00   2.8567296e-06
   1.8310000e+03   0.0000000e+00   2.8454582e-06
   1.8320000e+03   0.0000000e+00   2.8342314e-06
   1.8330000e+03   0.0000000e+00   2.8230488e-06
   1.8340000e+03   0.0000000e+00   2.8119103e-06
   1.8350000e+03   0.0000000e+00   2.8008158e-06
   1.8360000e+03   0.0000000e+00   2.7897651e-06
   1.8370000e+03   0.0000000e+00   2.7787580e-06
   1.8380000e+03   0.0000000e+00   2.7677943e-06
   1.8390000e+03   0.0000000e+00   2.7568739e-06
   1.8400000e+03   0.0000000e+00   2.7459965e-06
   1.8410000e+03   0.0000000e+00   2.7351621e-06
   1.8420000e+03   0.0000000e+00   2.7243704e-06
   1.8430000e+03   0.0000000e+00   2.7136213e-06
   1.8440000e+03   0.0000000e+00   2.7029146e-06
   1.8450000e+03   0.0000000e+00   2.6922501e-06
   1.8460000e+03   0.0000000e+00   2.6816277e-06
   1.8470000e+03   0.0000000e+00   2.6710473e-06
   1.8480000e+03   0.0000000e+00   2.6605086e-06
   1.8490000e+03   0.0000000e+00   2.6500114e-06
   1.8500000e+03   0.0000000e+00   2.6395557e-06
   1.8510000e+03   0.0000000e+00   2.6291412e-06
   1.8520000e+03   0.0000000e+00   2.6187679e-06
   1.8530000e+03   0.0000000e+00   2.6084354e-06
   1.8540000e+03   0.0000000e+00   2.5981437e-06
   1.8550000e+03   0.0000000e+00   2.5878927e-06
   1.8560000e+03   0.0000000e+00   2.5776820e-06
   1.8570000e+03   0.0000000e+00   2.5675117e-06
   1.8580000e+03   0.0000000e+00   2.5573815e-06
   1.8590000e+03   0.0000000e+00   2.5472912e-06
   1.8600000e+03   0.0000000e+00   2.5372408e-06
   1.8610000e+03   0.0000000e+00   2.5272300e-06
   1.8620000e+03   0.0000000e+00   2.5172587e-06
   1.8630000e+03   0.0000000e+00   2.5073268e-06
   1.8640000e+03   0.0000000e+00   2.4974340e-06
   1.8650000e+03   0.0000000e+00   2.4875803e-06
   1.8660000e+03   0.0000000e+00   2.4777655e-06
   1.8670000e+03   0.0000000e+00   2.4679893e-06
   1.8680000e+03   1.0000000e+00   2.4582518e-06
