   1.0000000e+00   3.9000000e+01   6.6864028e-02
   2.0000000e+00   2.7000000e+01   5.9708867e-02
   3.0000000e+00   2.4000000e+01   5.3474292e-02
   4.0000000e+00   2.9000000e+01   4.8036276e-02
   5.0000000e+00   1.8000000e+01   4.3287666e-02
   6.0000000e+00   9.0000000e+00   3.9135888e-02
   7.0000000e+00   1.9000000e+01   3.5500955e-02
   8.0000000e+00   1.4000000e+01   3.2313754e-02
   9.0000000e+00   1.3000000e+01   2.9514561e-02
   1.0000000e+01   1.5000000e+01   2.7051761e-02
   1.1000000e+01   1.2000000e+01   2.4880745e-02
   1.2000000e+01   8.0000000e+00   2.2962955e-02
   1.3000000e+01   1.6000000e+01   2.1265055e-02
   1.4000000e+01   7.0000000e+00   1.9758227e-02
   1.5000000e+01   1.3000000e+01   1.8417548e-02
   1.6000000e+01   7.0000000e+00   1.7221465e-02
   1.7000000e+01   8.0000000e+00   1.6151333e-02
   1.8000000e+01   7.0000000e+00   1.5191022e-02
   1.9000000e+01   5.0000000e+00   1.4326570e-02
   2.0000000e+01   5.0000000e+00   1.3545894e-02
   2.1000000e+01   2.0000000e+00   1.2838529e-02
   2.2000000e+01   5.0000000e+00   1.2195413e-02
   2.3000000e+01   9.0000000e+00   1.1608691e-02
   2.4000000e+01   1.2000000e+01   1.1071556e-02
   2.5000000e+01   4.0000000e+00   1.0578104e-02
   2.6000000e+01   3.0000000e+00   1.0123213e-02
   2.7000000e+01   8.0000000e+00   9.7024335e-03
   2.8000000e+01   3.0000000e+00   9.3119034e-03
   2.9000000e+01   5.0000000e+00   8.9482633e-03
   3.0000000e+01   6.0000000e+00   8.6085907e-03
   3.1000000e+01   8.0000000e+00   8.2903409e-03
   3.2000000e+01   4.0000000e+00   7.9912958e-03
   3.3000000e+01   5.0000000e+00   7.7095200e-03
   3.4000000e+01   3.0000000e+00   7.4433230e-03
   3.5000000e+01   5.0000000e+00   7.1912257e-03
   3.6000000e+01   5.0000000e+00   6.9519329e-03
   3.7000000e+01   5.0000000e+00   6.7243081e-03
   3.8000000e+01   2.0000000e+00   6.5073528e-03
   3.9000000e+01   1.0000000e+00   6.3001878e-03
   4.0000000e+01   4.0000000e+00   6.1020376e-03
   4.1000000e+01   1.0000000e+00   5.9122166e-03
   4.2000000e+01   5.0000000e+00   5.7301175e-03
   4.3000000e+01   1.0000000e+00   5.5552008e-03
   4.4000000e+01   1.0000000e+00   5.3869860e-03
   4.5000000e+01   1.0000000e+00   5.2250441e-03
   4.6000000e+01   4.0000000e+00   5.0689909e-03
   4.7000000e+01   1.0000000e+00   4.9184814e-03
   4.8000000e+01   3.0000000e+00   4.7732044e-03
   4.9000000e+01   1.0000000e+00   4.6328790e-03
   5.0000000e+01   3.0000000e+00   4.4972500e-03
   5.1000000e+01   0.0000000e+00   4.3660852e-03
   5.2000000e+01   2.0000000e+00   4.2391728e-03
   5.3000000e+01   1.0000000e+00   4.1163183e-03
   5.4000000e+01   1.0000000e+00   3.9973430e-03
   5.5000000e+01   1.0000000e+00   3.8820821e-03
   5.6000000e+01   0.0000000e+00   3.7703827e-03
   5.7000000e+01   2.0000000e+00   3.6621030e-03
   5.8000000e+01   2.0000000e+00   3.5571106e-03
   5.9000000e+01   0.0000000e+00   3.4552819e-03
   6.0000000e+01   5.0000000e+00   3.3565009e-03
   6.1000000e+01   1.0000000e+00   3.2606585e-03
   6.2000000e+01   4.0000000e+00   3.1676518e-03
   6.3000000e+01   0.0000000e+00   3.0773835e-03
   6.4000000e+01   2.0000000e+00   2.9897615e-03
   6.5000000e+01   2.0000000e+00   2.9046981e-03
   6.6000000e+01   1.0000000e+00   2.8221100e-03
   6.7000000e+01   2.0000000e+00   2.7419177e-03
   6.8000000e+01   0.0000000e+00   2.6640452e-03
   6.9000000e+01   0.0000000e+00   2.5884199e-03
   7.0000000e+01   1.0000000e+00   2.5149721e-03
   7.1000000e+01   1.0000000e+00   2.4436348e-03
   7.2000000e+01   0.0000000e+00   2.3743439e-03
   7.3000000e+01   2.0000000e+00   2.3070376e-03
   7.4000000e+01   0.0000000e+00   2.2416562e-03
   7.5000000e+01   2.0000000e+00   2.1781425e-03
   7.6000000e+01   1.0000000e+00   2.1164411e-03
   7.7000000e+01   3.0000000e+00   2.0564985e-03
   7.8000000e+01   0.0000000e+00   1.9982632e-03
   7.9000000e+01   0.0000000e+00   1.9416851e-03
   8.0000000e+01   0.0000000e+00   1.8867160e-03
   8.1000000e+01   1.0000000e+00   1.8333092e-03
   8.2000000e+01   1.0000000e+00   1.7814195e-03
   8.3000000e+01   0.0000000e+00   1.7310030e-03
   8.4000000e+01   0.0000000e+00   1.6820172e-03
   8.5000000e+01   0.0000000e+00   1.6344212e-03
   8.6000000e+01   2.0000000e+00   1.5881749e-03
   8.7000000e+01   1.0000000e+00   1.5432397e-03
   8.8000000e+01   0.0000000e+00   1.4995780e-03
   8.9000000e+01   3.0000000e+00   1.4571535e-03
   9.0000000e+01   0.0000000e+00   1.4159309e-03
   9.1000000e+01   1.0000000e+00   1.3758759e-03
   9.2000000e+01   2.0000000e+00   1.3369552e-03
   9.3000000e+01   0.0000000e+00   1.2991366e-03
   9.4000000e+01   0.0000000e+00   1.2623886e-03
   9.5000000e+01   1.0000000e+00   1.2266809e-03
   9.6000000e+01   1.0000000e+00   1.1919839e-03
   9.7000000e+01   0.0000000e+00   1.1582688e-03
   9.8000000e+01   0.0000000e+00   1.1255080e-03
   9.9000000e+01   1.0000000e+00   1.0936741e-03
   1.0000000e+02   1.0000000e+00   1.0627411e-03
   1.0100000e+02   0.0000000e+00   1.0326832e-03
   1.0200000e+02   1.0000000e+00   1.0034758e-03
   1.0300000e+02   0.0000000e+00   9.7509468e-04
   1.0400000e+02   1.0000000e+00   9.4751648e-04
   1.0500000e+02   1.0000000e+00   9.2071844e-04
   1.0600000e+02   0.0000000e+00   8.9467847e-04
   1.0700000e+02   0.0000000e+00   8.6937510e-04
   1.0800000e+02   0.0000000e+00   8.4478748e-04
   1.0900000e+02   0.0000000e+00   8.2089535e-04
   1.1000000e+02   3.0000000e+00   7.9767902e-04
   1.1100000e+02   0.0000000e+00   7.7511936e-04
   1.1200000e+02   0.0000000e+00   7.5319779e-04
   1.1300000e+02   0.0000000e+00   7.3189625e-04
   1.1400000e+02   0.0000000e+00   7.1119720e-04
   1.1500000e+02   0.0000000e+00   6.9108359e-04
   1.1600000e+02   0.0000000e+00   6.7153885e-04
   1.1700000e+02   0.0000000e+00   6.5254690e-04
   1.1800000e+02   1.0000000e+00   6.3409209e-04
   1.1900000e+02   0.0000000e+00   6.1615923e-04
   1.2000000e+02   1.0000000e+00   5.9873354e-04
   1.2100000e+02   0.0000000e+00   5.8180070e-04
   1.2200000e+02   0.0000000e+00   5.6534675e-04
   1.2300000e+02   0.0000000e+00   5.4935814e-04
   1.2400000e+02   0.0000000e+00   5.3382173e-04
   1.2500000e+02   1.0000000e+00   5.1872470e-04
   1.2600000e+02   0.0000000e+00   5.0405465e-04
   1.2700000e+02   0.0000000e+00   4.8979949e-04
   1.2800000e+02   0.0000000e+00   4.7594748e-04
   1.2900000e+02   0.0000000e+00   4.6248723e-04
   1.3000000e+02   0.0000000e+00   4.4940765e-04
   1.3100000e+02   1.0000000e+00   4.3669797e-04
   1.3200000e+02   0.0000000e+00   4.2434775e-04
   1.3300000e+02   0.0000000e+00   4.1234680e-04
   1.3400000e+02   0.0000000e+00   4.0068525e-04
   1.3500000e+02   0.0000000e+00   3.8935350e-04
   1.3600000e+02   0.0000000e+00   3.7834223e-04
   1.3700000e+02   0.0000000e+00   3.6764237e-04
   1.3800000e+02   0.0000000e+00   3.5724511e-04
   1.3900000e+02   0.0000000e+00   3.4714189e-04
   1.4000000e+02   0.0000000e+00   3.3732441e-04
   1.4100000e+02   0.0000000e+00   3.2778457e-04
   1.4200000e+02   0.0000000e+00   3.1851453e-04
   1.4300000e+02   0.0000000e+00   3.0950666e-04
   1.4400000e+02   0.0000000e+00   3.0075353e-04
   1.4500000e+02   0.0000000e+00   2.9224796e-04
   1.4600000e+02   0.0000000e+00   2.8398293e-04
   1.4700000e+02   1.0000000e+00   2.7595164e-04
   1.4800000e+02   0.0000000e+00   2.6814748e-04
   1.4900000e+02   1.0000000e+00   2.6056403e-04
   1.5000000e+02   0.0000000e+00   2.5319505e-04
   1.5100000e+02   0.0000000e+00   2.4603447e-04
   1.5200000e+02   0.0000000e+00   2.3907640e-04
   1.5300000e+02   0.0000000e+00   2.3231511e-04
   1.5400000e+02   0.0000000e+00   2.2574504e-04
   1.5500000e+02   0.0000000e+00   2.1936077e-04
   1.5600000e+02   1.0000000e+00   2.1315705e-04
   1.5700000e+02   0.0000000e+00   2.0712878e-04
   1.5800000e+02   0.0000000e+00   2.0127100e-04
   1.5900000e+02   0.0000000e+00   1.9557888e-04
   1.6000000e+02   0.0000000e+00   1.9004774e-04
   1.6100000e+02   0.0000000e+00   1.8467302e-04
   1.6200000e+02   0.0000000e+00   1.7945031e-04
   1.6300000e+02   0.0000000e+00   1.7437530e-04
   1.6400000e+02   0.0000000e+00   1.6944381e-04
   1.6500000e+02   0.0000000e+00   1.6465179e-04
   1.6600000e+02   0.0000000e+00   1.5999529e-04
   1.6700000e+02   0.0000000e+00   1.5547049e-04
   1.6800000e+02   0.0000000e+00   1.5107364e-04
   1.6900000e+02   0.0000000e+00   1.4680115e-04
   1.7000000e+02   0.0000000e+00   1.4264949e-04
   1.7100000e+02   0.0000000e+00   1.3861523e-04
   1.7200000e+02   0.0000000e+00   1.3469507e-04
   1.7300000e+02   0.0000000e+00   1.3088578e-04
   1.7400000e+02   0.0000000e+00   1.2718421e-04
   1.7500000e+02   0.0000000e+00   1.2358733e-04
   1.7600000e+02   0.0000000e+00   1.2009218e-04
   1.7700000e+02   0.0000000e+00   1.1669586e-04
   1.7800000e+02   0.0000000e+00   1.1339560e-04
   1.7900000e+02   0.0000000e+00   1.1018868e-04
   1.8000000e+02   0.0000000e+00   1.0707244e-04
   1.8100000e+02   0.0000000e+00   1.0404434e-04
   1.8200000e+02   0.0000000e+00   1.0110188e-04
   1.8300000e+02   0.0000000e+00   9.8242627e-05
   1.8400000e+02   0.0000000e+00   9.5464240e-05
   1.8500000e+02   0.0000000e+00   9.2764427e-05
   1.8600000e+02   0.0000000e+00   9.0140968e-05
   1.8700000e+02   0.0000000e+00   8.7591703e-05
   1.8800000e+02   0.0000000e+00   8.5114533e-05
   1.8900000e+02   0.0000000e+00   8.2707420e-05
   1.9000000e+02   0.0000000e+00   8.0368382e-05
   1.9100000e+02   0.0000000e+00   7.8095493e-05
   1.9200000e+02   0.0000000e+00   7.5886885e-05
   1.9300000e+02   0.0000000e+00   7.3740737e-05
   1.9400000e+02   0.0000000e+00   7.1655285e-05
   1.9500000e+02   0.0000000e+00   6.9628811e-05
   1.9600000e+02   0.0000000e+00   6.7659647e-05
   1.9700000e+02   0.0000000e+00   6.5746173e-05
   1.9800000e+02   0.0000000e+00   6.3886814e-05
   1.9900000e+02   0.0000000e+00   6.2080039e-05
   2.0000000e+02   0.0000000e+00   6.0324361e-05
   2.0100000e+02   0.0000000e+00   5.8618335e-05
   2.0200000e+02   0.0000000e+00   5.6960558e-05
   2.0300000e+02   0.0000000e+00   5.5349663e-05
   2.0400000e+02   0.0000000e+00   5.3784326e-05
   2.0500000e+02   0.0000000e+00   5.2263259e-05
   2.0600000e+02   0.0000000e+00   5.0785208e-05
   2.0700000e+02   0.0000000e+00   4.9348958e-05
   2.0800000e+02   0.0000000e+00   4.7953326e-05
   2.0900000e+02   0.0000000e+00   4.6597164e-05
   2.1000000e+02   0.0000000e+00   4.5279356e-05
   2.1100000e+02   0.0000000e+00   4.3998816e-05
   2.1200000e+02   0.0000000e+00   4.2754491e-05
   2.1300000e+02   0.0000000e+00   4.1545357e-05
   2.1400000e+02   0.0000000e+00   4.0370418e-05
   2.1500000e+02   0.0000000e+00   3.9228707e-05
   2.1600000e+02   0.0000000e+00   3.8119285e-05
   2.1700000e+02   1.0000000e+00   3.7041238e-05
   2.1800000e+02   0.0000000e+00   3.5993680e-05
   2.1900000e+02   0.0000000e+00   3.4975747e-05
   2.2000000e+02   0.0000000e+00   3.3986602e-05
   2.2100000e+02   0.0000000e+00   3.3025431e-05
   2.2200000e+02   1.0000000e+00   3.2091443e-05
   2.2300000e+02   0.0000000e+00   3.1183869e-05
   2.2400000e+02   0.0000000e+00   3.0301962e-05
   2.2500000e+02   0.0000000e+00   2.9444996e-05
   2.2600000e+02   0.0000000e+00   2.8612266e-05
   2.2700000e+02   0.0000000e+00   2.7803086e-05
   2.2800000e+02   0.0000000e+00   2.7016790e-05
   2.2900000e+02   1.0000000e+00   2.6252732e-05
   2.3000000e+02   0.0000000e+00   2.5510282e-05
   2.3100000e+02   0.0000000e+00   2.4788829e-05
   2.3200000e+02   0.0000000e+00   2.4087779e-05
   2.3300000e+02   1.0000000e+00   2.3406556e-05
