   1.0000000e+00   5.0000000e+00   0.0000000e+00
   2.0000000e+00   2.0000000e+00   3.0774218e-03
   3.0000000e+00   3.0000000e+00   5.1893039e-03
   4.0000000e+00   3.0000000e+00   6.6291134e-03
   5.0000000e+00   3.0000000e+00   7.6012136e-03
   6.0000000e+00   3.0000000e+00   8.2479172e-03
   7.0000000e+00   4.0000000e+00   8.6683256e-03
   8.0000000e+00   4.0000000e+00   8.9314488e-03
   9.0000000e+00   5.0000000e+00   9.0853411e-03
   1.0000000e+01   5.0000000e+00   9.1634639e-03
   1.1000000e+01   1.0000000e+00   9.1891163e-03
   1.2000000e+01   9.0000000e+00   9.1785204e-03
   1.3000000e+01   3.0000000e+00   9.1429702e-03
   1.4000000e+01   6.0000000e+00   9.0903277e-03
   1.5000000e+01   4.0000000e+00   9.0260650e-03
   1.6000000e+01   2.0000000e+00   8.9539899e-03
   1.7000000e+01   1.0000000e+00   8.8767513e-03
   1.8000000e+01   5.0000000e+00   8.7961911e-03
   1.9000000e+01   5.0000000e+00   8.7135891e-03
   2.0000000e+01   5.0000000e+00   8.6298338e-03
   2.1000000e+01   9.0000000e+00   8.5455414e-03
   2.2000000e+01   3.0000000e+00   8.4611380e-03
   2.3000000e+01   1.0000000e+00   8.3769179e-03
   2.4000000e+01   3.0000000e+00   8.2930834e-03
   2.5000000e+01   4.0000000e+00   8.2097725e-03
   2.6000000e+01   1.0000000e+00   8.1270791e-03
   2.7000000e+01   4.0000000e+00   8.0450658e-03
   2.8000000e+01   2.0000000e+00   7.9637737e-03
   2.9000000e+01   4.0000000e+00   7.8832289e-03
   3.0000000e+01   1.0000000e+00   7.8034471e-03
   3.1000000e+01   5.0000000e+00   7.7244368e-03
   3.2000000e+01   1.0000000e+00   7.6462014e-03
   3.3000000e+01   5.0000000e+00   7.5687410e-03
   3.4000000e+01   4.0000000e+00   7.4920532e-03
   3.5000000e+01   4.0000000e+00   7.4161339e-03
   3.6000000e+01   2.0000000e+00   7.3409781e-03
   3.7000000e+01   0.0000000e+00   7.2665798e-03
   3.8000000e+01   1.0000000e+00   7.1929326e-03
   3.9000000e+01   4.0000000e+00   7.1200299e-03
   4.0000000e+01   7.0000000e+00   7.0478647e-03
   4.1000000e+01   3.0000000e+00   6.9764300e-03
   4.2000000e+01   4.0000000e+00   6.9057186e-03
   4.3000000e+01   2.0000000e+00   6.8357235e-03
   4.4000000e+01   1.0000000e+00   6.7664375e-03
   4.5000000e+01   3.0000000e+00   6.6978535e-03
   4.6000000e+01   2.0000000e+00   6.6299646e-03
   4.7000000e+01   3.0000000e+00   6.5627636e-03
   4.8000000e+01   1.0000000e+00   6.4962437e-03
   4.9000000e+01   6.0000000e+00   6.4303981e-03
   5.0000000e+01   4.0000000e+00   6.3652198e-03
   5.1000000e+01   1.0000000e+00   6.3007021e-03
   5.2000000e+01   6.0000000e+00   6.2368383e-03
   5.3000000e+01   3.0000000e+00   6.1736219e-03
   5.4000000e+01   1.0000000e+00   6.1110462e-03
   5.5000000e+01   1.0000000e+00   6.0491047e-03
   5.6000000e+01   1.0000000e+00   5.9877911e-03
   5.7000000e+01   2.0000000e+00   5.9270990e-03
   5.8000000e+01   5.0000000e+00   5.8670220e-03
   5.9000000e+01   2.0000000e+00   5.8075540e-03
   6.0000000e+01   2.0000000e+00   5.7486887e-03
   6.1000000e+01   3.0000000e+00   5.6904201e-03
   6.2000000e+01   7.0000000e+00   5.6327421e-03
   6.3000000e+01   3.0000000e+00   5.5756488e-03
   6.4000000e+01   3.0000000e+00   5.5191341e-03
   6.5000000e+01   6.0000000e+00   5.4631922e-03
   6.6000000e+01   2.0000000e+00   5.4078174e-03
   6.7000000e+01   2.0000000e+00   5.3530039e-03
   6.8000000e+01   5.0000000e+00   5.2987459e-03
   6.9000000e+01   4.0000000e+00   5.2450379e-03
   7.0000000e+01   3.0000000e+00   5.1918743e-03
   7.1000000e+01   2.0000000e+00   5.1392496e-03
   7.2000000e+01   5.0000000e+00   5.0871582e-03
   7.3000000e+01   3.0000000e+00   5.0355949e-03
   7.4000000e+01   4.0000000e+00   4.9845542e-03
   7.5000000e+01   3.0000000e+00   4.9340308e-03
   7.6000000e+01   4.0000000e+00   4.8840196e-03
   7.7000000e+01   5.0000000e+00   4.8345153e-03
   7.8000000e+01   3.0000000e+00   4.7855127e-03
   7.9000000e+01   2.0000000e+00   4.7370068e-03
   8.0000000e+01   6.0000000e+00   4.6889926e-03
   8.1000000e+01   2.0000000e+00   4.6414651e-03
   8.2000000e+01   2.0000000e+00   4.5944193e-03
   8.3000000e+01   0.0000000e+00   4.5478503e-03
   8.4000000e+01   2.0000000e+00   4.5017534e-03
   8.5000000e+01   2.0000000e+00   4.4561237e-03
   8.6000000e+01   2.0000000e+00   4.4109565e-03
   8.7000000e+01   2.0000000e+00   4.3662471e-03
   8.8000000e+01   2.0000000e+00   4.3219909e-03
   8.9000000e+01   2.0000000e+00   4.2781833e-03
   9.0000000e+01   3.0000000e+00   4.2348197e-03
   9.1000000e+01   3.0000000e+00   4.1918957e-03
   9.2000000e+01   1.0000000e+00   4.1494067e-03
   9.3000000e+01   3.0000000e+00   4.1073484e-03
   9.4000000e+01   2.0000000e+00   4.0657164e-03
   9.5000000e+01   3.0000000e+00   4.0245063e-03
   9.6000000e+01   3.0000000e+00   3.9837140e-03
   9.7000000e+01   0.0000000e+00   3.9433352e-03
   9.8000000e+01   5.0000000e+00   3.9033656e-03
   9.9000000e+01   3.0000000e+00   3.8638011e-03
   1.0000000e+02   2.0000000e+00   3.8246377e-03
   1.0100000e+02   0.0000000e+00   3.7858713e-03
   1.0200000e+02   1.0000000e+00   3.7474977e-03
   1.0300000e+02   2.0000000e+00   3.7095132e-03
   1.0400000e+02   2.0000000e+00   3.6719136e-03
   1.0500000e+02   0.0000000e+00   3.6346952e-03
   1.0600000e+02   0.0000000e+00   3.5978540e-03
   1.0700000e+02   2.0000000e+00   3.5613862e-03
   1.0800000e+02   1.0000000e+00   3.5252880e-03
   1.0900000e+02   1.0000000e+00   3.4895558e-03
   1.1000000e+02   0.0000000e+00   3.4541857e-03
   1.1100000e+02   1.0000000e+00   3.4191741e-03
   1.1200000e+02   3.0000000e+00   3.3845174e-03
   1.1300000e+02   1.0000000e+00   3.3502120e-03
   1.1400000e+02   2.0000000e+00   3.3162543e-03
   1.1500000e+02   2.0000000e+00   3.2826408e-03
   1.1600000e+02   1.0000000e+00   3.2493681e-03
   1.1700000e+02   1.0000000e+00   3.2164325e-03
   1.1800000e+02   2.0000000e+00   3.1838308e-03
   1.1900000e+02   1.0000000e+00   3.1515596e-03
   1.2000000e+02   3.0000000e+00   3.1196154e-03
   1.2100000e+02   0.0000000e+00   3.0879951e-03
   1.2200000e+02   1.0000000e+00   3.0566952e-03
   1.2300000e+02   0.0000000e+00   3.0257126e-03
   1.2400000e+02   1.0000000e+00   2.9950440e-03
   1.2500000e+02   2.0000000e+00   2.9646863e-03
   1.2600000e+02   0.0000000e+00   2.9346363e-03
   1.2700000e+02   1.0000000e+00   2.9048909e-03
   1.2800000e+02   2.0000000e+00   2.8754470e-03
   1.2900000e+02   0.0000000e+00   2.8463015e-03
   1.3000000e+02   2.0000000e+00   2.8174514e-03
   1.3100000e+02   4.0000000e+00   2.7888938e-03
   1.3200000e+02   1.0000000e+00   2.7606256e-03
   1.3300000e+02   2.0000000e+00   2.7326440e-03
   1.3400000e+02   0.0000000e+00   2.7049459e-03
   1.3500000e+02   2.0000000e+00   2.6775286e-03
   1.3600000e+02   1.0000000e+00   2.6503893e-03
   1.3700000e+02   3.0000000e+00   2.6235250e-03
   1.3800000e+02   3.0000000e+00   2.5969330e-03
   1.3900000e+02   0.0000000e+00   2.5706105e-03
   1.4000000e+02   1.0000000e+00   2.5445548e-03
   1.4100000e+02   1.0000000e+00   2.5187633e-03
   1.4200000e+02   2.0000000e+00   2.4932331e-03
   1.4300000e+02   1.0000000e+00   2.4679618e-03
   1.4400000e+02   2.0000000e+00   2.4429465e-03
   1.4500000e+02   2.0000000e+00   2.4181849e-03
   1.4600000e+02   1.0000000e+00   2.3936742e-03
   1.4700000e+02   0.0000000e+00   2.3694120e-03
   1.4800000e+02   0.0000000e+00   2.3453956e-03
   1.4900000e+02   1.0000000e+00   2.3216228e-03
   1.5000000e+02   0.0000000e+00   2.2980908e-03
   1.5100000e+02   1.0000000e+00   2.2747974e-03
   1.5200000e+02   2.0000000e+00   2.2517401e-03
   1.5300000e+02   1.0000000e+00   2.2289165e-03
   1.5400000e+02   0.0000000e+00   2.2063243e-03
   1.5500000e+02   1.0000000e+00   2.1839610e-03
   1.5600000e+02   0.0000000e+00   2.1618244e-03
   1.5700000e+02   2.0000000e+00   2.1399122e-03
   1.5800000e+02   1.0000000e+00   2.1182221e-03
   1.5900000e+02   1.0000000e+00   2.0967518e-03
   1.6000000e+02   1.0000000e+00   2.0754992e-03
   1.6100000e+02   0.0000000e+00   2.0544620e-03
   1.6200000e+02   1.0000000e+00   2.0336380e-03
   1.6300000e+02   3.0000000e+00   2.0130251e-03
   1.6400000e+02   0.0000000e+00   1.9926211e-03
   1.6500000e+02   1.0000000e+00   1.9724239e-03
   1.6600000e+02   2.0000000e+00   1.9524314e-03
   1.6700000e+02   0.0000000e+00   1.9326416e-03
   1.6800000e+02   1.0000000e+00   1.9130524e-03
   1.6900000e+02   1.0000000e+00   1.8936618e-03
   1.7000000e+02   1.0000000e+00   1.8744676e-03
   1.7100000e+02   2.0000000e+00   1.8554681e-03
   1.7200000e+02   1.0000000e+00   1.8366611e-03
   1.7300000e+02   3.0000000e+00   1.8180447e-03
   1.7400000e+02   2.0000000e+00   1.7996170e-03
   1.7500000e+02   0.0000000e+00   1.7813762e-03
   1.7600000e+02   2.0000000e+00   1.7633202e-03
   1.7700000e+02   0.0000000e+00   1.7454472e-03
   1.7800000e+02   1.0000000e+00   1.7277554e-03
   1.7900000e+02   0.0000000e+00   1.7102429e-03
   1.8000000e+02   3.0000000e+00   1.6929079e-03
   1.8100000e+02   0.0000000e+00   1.6757486e-03
   1.8200000e+02   0.0000000e+00   1.6587632e-03
   1.8300000e+02   0.0000000e+00   1.6419500e-03
   1.8400000e+02   2.0000000e+00   1.6253073e-03
   1.8500000e+02   0.0000000e+00   1.6088332e-03
   1.8600000e+02   1.0000000e+00   1.5925261e-03
   1.8700000e+02   0.0000000e+00   1.5763843e-03
   1.8800000e+02   2.0000000e+00   1.5604060e-03
   1.8900000e+02   3.0000000e+00   1.5445898e-03
   1.9000000e+02   1.0000000e+00   1.5289339e-03
   1.9100000e+02   0.0000000e+00   1.5134366e-03
   1.9200000e+02   1.0000000e+00   1.4980965e-03
   1.9300000e+02   1.0000000e+00   1.4829118e-03
   1.9400000e+02   1.0000000e+00   1.4678810e-03
   1.9500000e+02   0.0000000e+00   1.4530026e-03
   1.9600000e+02   0.0000000e+00   1.4382750e-03
   1.9700000e+02   1.0000000e+00   1.4236967e-03
   1.9800000e+02   0.0000000e+00   1.4092661e-03
   1.9900000e+02   1.0000000e+00   1.3949818e-03
   2.0000000e+02   0.0000000e+00   1.3808423e-03
   2.0100000e+02   0.0000000e+00   1.3668461e-03
   2.0200000e+02   0.0000000e+00   1.3529918e-03
   2.0300000e+02   0.0000000e+00   1.3392779e-03
   2.0400000e+02   0.0000000e+00   1.3257030e-03
   2.0500000e+02   1.0000000e+00   1.3122657e-03
   2.0600000e+02   1.0000000e+00   1.2989646e-03
   2.0700000e+02   1.0000000e+00   1.2857983e-03
   2.0800000e+02   0.0000000e+00   1.2727655e-03
   2.0900000e+02   0.0000000e+00   1.2598647e-03
   2.1000000e+02   1.0000000e+00   1.2470948e-03
   2.1100000e+02   2.0000000e+00   1.2344542e-03
   2.1200000e+02   1.0000000e+00   1.2219418e-03
   2.1300000e+02   0.0000000e+00   1.2095562e-03
   2.1400000e+02   1.0000000e+00   1.1972962e-03
   2.1500000e+02   2.0000000e+00   1.1851604e-03
   2.1600000e+02   1.0000000e+00   1.1731477e-03
   2.1700000e+02   0.0000000e+00   1.1612567e-03
   2.1800000e+02   0.0000000e+00   1.1494862e-03
   2.1900000e+02   0.0000000e+00   1.1378350e-03
   2.2000000e+02   3.0000000e+00   1.1263019e-03
   2.2100000e+02   1.0000000e+00   1.1148858e-03
   2.2200000e+02   0.0000000e+00   1.1035853e-03
   2.2300000e+02   0.0000000e+00   1.0923994e-03
   2.2400000e+02   0.0000000e+00   1.0813268e-03
   2.2500000e+02   1.0000000e+00   1.0703665e-03
   2.2600000e+02   0.0000000e+00   1.0595173e-03
   2.2700000e+02   0.0000000e+00   1.0487781e-03
   2.2800000e+02   0.0000000e+00   1.0381477e-03
   2.2900000e+02   1.0000000e+00   1.0276250e-03
   2.3000000e+02   0.0000000e+00   1.0172090e-03
   2.3100000e+02   3.0000000e+00   1.0068986e-03
   2.3200000e+02   0.0000000e+00   9.9669272e-04
   2.3300000e+02   0.0000000e+00   9.8659026e-04
   2.3400000e+02   0.0000000e+00   9.7659020e-04
   2.3500000e+02   1.0000000e+00   9.6669150e-04
   2.3600000e+02   0.0000000e+00   9.5689313e-04
   2.3700000e+02   0.0000000e+00   9.4719408e-04
   2.3800000e+02   1.0000000e+00   9.3759334e-04
   2.3900000e+02   1.0000000e+00   9.2808991e-04
   2.4000000e+02   0.0000000e+00   9.1868280e-04
   2.4100000e+02   0.0000000e+00   9.0937105e-04
   2.4200000e+02   1.0000000e+00   9.0015368e-04
   2.4300000e+02   0.0000000e+00   8.9102974e-04
   2.4400000e+02   1.0000000e+00   8.8199828e-04
   2.4500000e+02   0.0000000e+00   8.7305836e-04
   2.4600000e+02   0.0000000e+00   8.6420906e-04
   2.4700000e+02   0.0000000e+00   8.5544945e-04
   2.4800000e+02   0.0000000e+00   8.4677863e-04
   2.4900000e+02   0.0000000e+00   8.3819570e-04
   2.5000000e+02   0.0000000e+00   8.2969976e-04
   2.5100000e+02   1.0000000e+00   8.2128994e-04
   2.5200000e+02   0.0000000e+00   8.1296536e-04
   2.5300000e+02   0.0000000e+00   8.0472516e-04
   2.5400000e+02   1.0000000e+00   7.9656848e-04
   2.5500000e+02   0.0000000e+00   7.8849447e-04
   2.5600000e+02   0.0000000e+00   7.8050231e-04
   2.5700000e+02   1.0000000e+00   7.7259115e-04
   2.5800000e+02   0.0000000e+00   7.6476018e-04
   2.5900000e+02   0.0000000e+00   7.5700858e-04
   2.6000000e+02   0.0000000e+00   7.4933556e-04
   2.6100000e+02   1.0000000e+00   7.4174031e-04
   2.6200000e+02   1.0000000e+00   7.3422204e-04
   2.6300000e+02   0.0000000e+00   7.2677998e-04
   2.6400000e+02   0.0000000e+00   7.1941335e-04
   2.6500000e+02   0.0000000e+00   7.1212139e-04
   2.6600000e+02   2.0000000e+00   7.0490334e-04
   2.6700000e+02   0.0000000e+00   6.9775845e-04
   2.6800000e+02   0.0000000e+00   6.9068599e-04
   2.6900000e+02   2.0000000e+00   6.8368521e-04
   2.7000000e+02   0.0000000e+00   6.7675538e-04
   2.7100000e+02   2.0000000e+00   6.6989580e-04
   2.7200000e+02   0.0000000e+00   6.6310575e-04
   2.7300000e+02   0.0000000e+00   6.5638452e-04
   2.7400000e+02   0.0000000e+00   6.4973142e-04
   2.7500000e+02   0.0000000e+00   6.4314576e-04
   2.7600000e+02   1.0000000e+00   6.3662684e-04
   2.7700000e+02   0.0000000e+00   6.3017400e-04
   2.7800000e+02   0.0000000e+00   6.2378657e-04
   2.7900000e+02   0.0000000e+00   6.1746388e-04
   2.8000000e+02   0.0000000e+00   6.1120528e-04
   2.8100000e+02   0.0000000e+00   6.0501011e-04
   2.8200000e+02   0.0000000e+00   5.9887774e-04
   2.8300000e+02   0.0000000e+00   5.9280753e-04
   2.8400000e+02   1.0000000e+00   5.8679884e-04
   2.8500000e+02   0.0000000e+00   5.8085106e-04
   2.8600000e+02   0.0000000e+00   5.7496356e-04
   2.8700000e+02   1.0000000e+00   5.6913574e-04
   2.8800000e+02   0.0000000e+00   5.6336699e-04
   2.8900000e+02   1.0000000e+00   5.5765672e-04
   2.9000000e+02   0.0000000e+00   5.5200432e-04
   2.9100000e+02   0.0000000e+00   5.4640921e-04
   2.9200000e+02   0.0000000e+00   5.4087082e-04
   2.9300000e+02   0.0000000e+00   5.3538856e-04
   2.9400000e+02   0.0000000e+00   5.2996187e-04
   2.9500000e+02   1.0000000e+00   5.2459019e-04
   2.9600000e+02   0.0000000e+00   5.1927295e-04
   2.9700000e+02   0.0000000e+00   5.1400961e-04
   2.9800000e+02   0.0000000e+00   5.0879962e-04
   2.9900000e+02   0.0000000e+00   5.0364243e-04
   3.0000000e+02   0.0000000e+00   4.9853752e-04
   3.0100000e+02   0.0000000e+00   4.9348436e-04
   3.0200000e+02   0.0000000e+00   4.8848241e-04
   3.0300000e+02   0.0000000e+00   4.8353116e-04
   3.0400000e+02   0.0000000e+00   4.7863010e-04
   3.0500000e+02   0.0000000e+00   4.7377871e-04
   3.0600000e+02   0.0000000e+00   4.6897650e-04
   3.0700000e+02   0.0000000e+00   4.6422296e-04
   3.0800000e+02   0.0000000e+00   4.5951760e-04
   3.0900000e+02   0.0000000e+00   4.5485994e-04
   3.1000000e+02   0.0000000e+00   4.5024949e-04
   3.1100000e+02   0.0000000e+00   4.4568577e-04
   3.1200000e+02   0.0000000e+00   4.4116831e-04
   3.1300000e+02   0.0000000e+00   4.3669663e-04
   3.1400000e+02   0.0000000e+00   4.3227028e-04
   3.1500000e+02   0.0000000e+00   4.2788880e-04
   3.1600000e+02   0.0000000e+00   4.2355173e-04
   3.1700000e+02   0.0000000e+00   4.1925861e-04
   3.1800000e+02   0.0000000e+00   4.1500902e-04
   3.1900000e+02   0.0000000e+00   4.1080249e-04
   3.2000000e+02   0.0000000e+00   4.0663861e-04
   3.2100000e+02   0.0000000e+00   4.0251692e-04
   3.2200000e+02   1.0000000e+00   3.9843702e-04
   3.2300000e+02   0.0000000e+00   3.9439847e-04
   3.2400000e+02   0.0000000e+00   3.9040085e-04
   3.2500000e+02   0.0000000e+00   3.8644376e-04
   3.2600000e+02   0.0000000e+00   3.8252677e-04
   3.2700000e+02   0.0000000e+00   3.7864949e-04
   3.2800000e+02   0.0000000e+00   3.7481150e-04
   3.2900000e+02   1.0000000e+00   3.7101242e-04
   3.3000000e+02   0.0000000e+00   3.6725184e-04
   3.3100000e+02   0.0000000e+00   3.6352939e-04
   3.3200000e+02   0.0000000e+00   3.5984466e-04
   3.3300000e+02   0.0000000e+00   3.5619728e-04
   3.3400000e+02   0.0000000e+00   3.5258687e-04
   3.3500000e+02   0.0000000e+00   3.4901306e-04
   3.3600000e+02   0.0000000e+00   3.4547547e-04
   3.3700000e+02   0.0000000e+00   3.4197373e-04
   3.3800000e+02   0.0000000e+00   3.3850749e-04
   3.3900000e+02   0.0000000e+00   3.3507639e-04
   3.4000000e+02   0.0000000e+00   3.3168006e-04
   3.4100000e+02   1.0000000e+00   3.2831816e-04
   3.4200000e+02   0.0000000e+00   3.2499033e-04
   3.4300000e+02   0.0000000e+00   3.2169623e-04
   3.4400000e+02   0.0000000e+00   3.1843553e-04
   3.4500000e+02   0.0000000e+00   3.1520787e-04
   3.4600000e+02   0.0000000e+00   3.1201293e-04
   3.4700000e+02   0.0000000e+00   3.0885037e-04
   3.4800000e+02   0.0000000e+00   3.0571987e-04
   3.4900000e+02   0.0000000e+00   3.0262110e-04
   3.5000000e+02   0.0000000e+00   2.9955374e-04
   3.5100000e+02   0.0000000e+00   2.9651746e-04
   3.5200000e+02   0.0000000e+00   2.9351197e-04
   3.5300000e+02   0.0000000e+00   2.9053694e-04
   3.5400000e+02   0.0000000e+00   2.8759206e-04
   3.5500000e+02   0.0000000e+00   2.8467703e-04
   3.5600000e+02   0.0000000e+00   2.8179155e-04
   3.5700000e+02   0.0000000e+00   2.7893532e-04
   3.5800000e+02   0.0000000e+00   2.7610803e-04
   3.5900000e+02   0.0000000e+00   2.7330941e-04
   3.6000000e+02   0.0000000e+00   2.7053915e-04
   3.6100000e+02   1.0000000e+00   2.6779697e-04
   3.6200000e+02   0.0000000e+00   2.6508258e-04
   3.6300000e+02   0.0000000e+00   2.6239571e-04
   3.6400000e+02   0.0000000e+00   2.5973607e-04
   3.6500000e+02   0.0000000e+00   2.5710339e-04
   3.6600000e+02   0.0000000e+00   2.5449740e-04
   3.6700000e+02   0.0000000e+00   2.5191782e-04
   3.6800000e+02   0.0000000e+00   2.4936438e-04
   3.6900000e+02   0.0000000e+00   2.4683683e-04
   3.7000000e+02   0.0000000e+00   2.4433489e-04
   3.7100000e+02   0.0000000e+00   2.4185832e-04
   3.7200000e+02   2.0000000e+00   2.3940685e-04
   3.7300000e+02   0.0000000e+00   2.3698022e-04
   3.7400000e+02   0.0000000e+00   2.3457820e-04
   3.7500000e+02   1.0000000e+00   2.3220052e-04
   3.7600000e+02   0.0000000e+00   2.2984694e-04
   3.7700000e+02   1.0000000e+00   2.2751721e-04
   3.7800000e+02   0.0000000e+00   2.2521110e-04
   3.7900000e+02   0.0000000e+00   2.2292837e-04
   3.8000000e+02   0.0000000e+00   2.2066877e-04
   3.8100000e+02   0.0000000e+00   2.1843207e-04
   3.8200000e+02   0.0000000e+00   2.1621805e-04
   3.8300000e+02   0.0000000e+00   2.1402647e-04
   3.8400000e+02   0.0000000e+00   2.1185710e-04
   3.8500000e+02   0.0000000e+00   2.0970972e-04
   3.8600000e+02   0.0000000e+00   2.0758411e-04
   3.8700000e+02   0.0000000e+00   2.0548004e-04
   3.8800000e+02   0.0000000e+00   2.0339730e-04
   3.8900000e+02   0.0000000e+00   2.0133566e-04
   3.9000000e+02   0.0000000e+00   1.9929493e-04
   3.9100000e+02   0.0000000e+00   1.9727488e-04
   3.9200000e+02   0.0000000e+00   1.9527530e-04
   3.9300000e+02   0.0000000e+00   1.9329600e-04
   3.9400000e+02   0.0000000e+00   1.9133675e-04
   3.9500000e+02   0.0000000e+00   1.8939737e-04
   3.9600000e+02   0.0000000e+00   1.8747764e-04
   3.9700000e+02   0.0000000e+00   1.8557737e-04
   3.9800000e+02   0.0000000e+00   1.8369636e-04
   3.9900000e+02   1.0000000e+00   1.8183442e-04
   4.0000000e+02   0.0000000e+00   1.7999135e-04
   4.0100000e+02   0.0000000e+00   1.7816696e-04
   4.0200000e+02   0.0000000e+00   1.7636106e-04
   4.0300000e+02   0.0000000e+00   1.7457347e-04
   4.0400000e+02   0.0000000e+00   1.7280399e-04
   4.0500000e+02   0.0000000e+00   1.7105246e-04
   4.0600000e+02   0.0000000e+00   1.6931867e-04
   4.0700000e+02   1.0000000e+00   1.6760246e-04
   4.0800000e+02   0.0000000e+00   1.6590365e-04
   4.0900000e+02   0.0000000e+00   1.6422205e-04
   4.1000000e+02   0.0000000e+00   1.6255750e-04
   4.1100000e+02   0.0000000e+00   1.6090982e-04
   4.1200000e+02   0.0000000e+00   1.5927884e-04
   4.1300000e+02   0.0000000e+00   1.5766439e-04
   4.1400000e+02   0.0000000e+00   1.5606631e-04
   4.1500000e+02   0.0000000e+00   1.5448442e-04
   4.1600000e+02   0.0000000e+00   1.5291857e-04
   4.1700000e+02   0.0000000e+00   1.5136859e-04
   4.1800000e+02   0.0000000e+00   1.4983432e-04
   4.1900000e+02   0.0000000e+00   1.4831560e-04
   4.2000000e+02   0.0000000e+00   1.4681228e-04
   4.2100000e+02   0.0000000e+00   1.4532419e-04
   4.2200000e+02   0.0000000e+00   1.4385119e-04
   4.2300000e+02   0.0000000e+00   1.4239312e-04
   4.2400000e+02   0.0000000e+00   1.4094982e-04
   4.2500000e+02   0.0000000e+00   1.3952116e-04
   4.2600000e+02   1.0000000e+00   1.3810697e-04
   4.2700000e+02   0.0000000e+00   1.3670712e-04
   4.2800000e+02   0.0000000e+00   1.3532146e-04
   4.2900000e+02   1.0000000e+00   1.3394985e-04
   4.3000000e+02   0.0000000e+00   1.3259213e-04
   4.3100000e+02   1.0000000e+00   1.3124818e-04
   4.3200000e+02   0.0000000e+00   1.2991785e-04
   4.3300000e+02   0.0000000e+00   1.2860101e-04
   4.3400000e+02   0.0000000e+00   1.2729751e-04
   4.3500000e+02   0.0000000e+00   1.2600723e-04
   4.3600000e+02   1.0000000e+00   1.2473002e-04
   4.3700000e+02   0.0000000e+00   1.2346576e-04
   4.3800000e+02   0.0000000e+00   1.2221431e-04
   4.3900000e+02   0.0000000e+00   1.2097555e-04
   4.4000000e+02   0.0000000e+00   1.1974934e-04
   4.4100000e+02   0.0000000e+00   1.1853556e-04
   4.4200000e+02   0.0000000e+00   1.1733409e-04
   4.4300000e+02   0.0000000e+00   1.1614479e-04
   4.4400000e+02   0.0000000e+00   1.1496755e-04
   4.4500000e+02   0.0000000e+00   1.1380224e-04
   4.4600000e+02   0.0000000e+00   1.1264875e-04
   4.4700000e+02   0.0000000e+00   1.1150694e-04
   4.4800000e+02   0.0000000e+00   1.1037671e-04
   4.4900000e+02   0.0000000e+00   1.0925793e-04
   4.5000000e+02   0.0000000e+00   1.0815050e-04
   4.5100000e+02   0.0000000e+00   1.0705428e-04
   4.5200000e+02   0.0000000e+00   1.0596918e-04
   4.5300000e+02   0.0000000e+00   1.0489508e-04
   4.5400000e+02   0.0000000e+00   1.0383187e-04
   4.5500000e+02   0.0000000e+00   1.0277943e-04
   4.5600000e+02   0.0000000e+00   1.0173766e-04
   4.5700000e+02   0.0000000e+00   1.0070645e-04
   4.5800000e+02   0.0000000e+00   9.9685689e-05
   4.5900000e+02   0.0000000e+00   9.8675277e-05
   4.6000000e+02   0.0000000e+00   9.7675106e-05
   4.6100000e+02   0.0000000e+00   9.6685073e-05
   4.6200000e+02   0.0000000e+00   9.5705075e-05
   4.6300000e+02   0.0000000e+00   9.4735010e-05
   4.6400000e+02   1.0000000e+00   9.3774777e-05
   4.6500000e+02   0.0000000e+00   9.2824278e-05
   4.6600000e+02   0.0000000e+00   9.1883413e-05
   4.6700000e+02   0.0000000e+00   9.0952084e-05
   4.6800000e+02   0.0000000e+00   9.0030195e-05
   4.6900000e+02   0.0000000e+00   8.9117651e-05
   4.7000000e+02   0.0000000e+00   8.8214356e-05
   4.7100000e+02   0.0000000e+00   8.7320217e-05
   4.7200000e+02   0.0000000e+00   8.6435141e-05
   4.7300000e+02   0.0000000e+00   8.5559036e-05
   4.7400000e+02   0.0000000e+00   8.4691811e-05
   4.7500000e+02   0.0000000e+00   8.3833376e-05
   4.7600000e+02   0.0000000e+00   8.2983643e-05
   4.7700000e+02   0.0000000e+00   8.2142522e-05
   4.7800000e+02   0.0000000e+00   8.1309927e-05
   4.7900000e+02   0.0000000e+00   8.0485771e-05
   4.8000000e+02   0.0000000e+00   7.9669969e-05
   4.8100000e+02   0.0000000e+00   7.8862435e-05
   4.8200000e+02   0.0000000e+00   7.8063087e-05
   4.8300000e+02   0.0000000e+00   7.7271841e-05
   4.8400000e+02   0.0000000e+00   7.6488615e-05
   4.8500000e+02   0.0000000e+00   7.5713328e-05
   4.8600000e+02   0.0000000e+00   7.4945899e-05
   4.8700000e+02   0.0000000e+00   7.4186249e-05
   4.8800000e+02   0.0000000e+00   7.3434298e-05
   4.8900000e+02   0.0000000e+00   7.2689969e-05
   4.9000000e+02   0.0000000e+00   7.1953185e-05
   4.9100000e+02   0.0000000e+00   7.1223869e-05
   4.9200000e+02   0.0000000e+00   7.0501945e-05
   4.9300000e+02   0.0000000e+00   6.9787339e-05
   4.9400000e+02   0.0000000e+00   6.9079975e-05
   4.9500000e+02   0.0000000e+00   6.8379782e-05
   4.9600000e+02   0.0000000e+00   6.7686686e-05
   4.9700000e+02   0.0000000e+00   6.7000615e-05
   4.9800000e+02   0.0000000e+00   6.6321498e-05
   4.9900000e+02   0.0000000e+00   6.5649264e-05
   5.0000000e+02   0.0000000e+00   6.4983844e-05
   5.0100000e+02   0.0000000e+00   6.4325169e-05
   5.0200000e+02   0.0000000e+00   6.3673171e-05
   5.0300000e+02   0.0000000e+00   6.3027781e-05
   5.0400000e+02   0.0000000e+00   6.2388932e-05
   5.0500000e+02   0.0000000e+00   6.1756559e-05
   5.0600000e+02   0.0000000e+00   6.1130596e-05
   5.0700000e+02   0.0000000e+00   6.0510977e-05
   5.0800000e+02   0.0000000e+00   5.9897639e-05
   5.0900000e+02   0.0000000e+00   5.9290517e-05
   5.1000000e+02   0.0000000e+00   5.8689550e-05
   5.1100000e+02   0.0000000e+00   5.8094674e-05
   5.1200000e+02   0.0000000e+00   5.7505827e-05
   5.1300000e+02   0.0000000e+00   5.6922949e-05
   5.1400000e+02   0.0000000e+00   5.6345979e-05
   5.1500000e+02   0.0000000e+00   5.5774857e-05
   5.1600000e+02   0.0000000e+00   5.5209524e-05
   5.1700000e+02   0.0000000e+00   5.4649921e-05
   5.1800000e+02   0.0000000e+00   5.4095991e-05
   5.1900000e+02   0.0000000e+00   5.3547675e-05
   5.2000000e+02   0.0000000e+00   5.3004917e-05
   5.2100000e+02   0.0000000e+00   5.2467660e-05
   5.2200000e+02   0.0000000e+00   5.1935848e-05
   5.2300000e+02   0.0000000e+00   5.1409428e-05
   5.2400000e+02   1.0000000e+00   5.0888343e-05
   5.2500000e+02   0.0000000e+00   5.0372539e-05
   5.2600000e+02   0.0000000e+00   4.9861964e-05
   5.2700000e+02   0.0000000e+00   4.9356564e-05
   5.2800000e+02   0.0000000e+00   4.8856287e-05
   5.2900000e+02   0.0000000e+00   4.8361080e-05
   5.3000000e+02   0.0000000e+00   4.7870893e-05
   5.3100000e+02   0.0000000e+00   4.7385675e-05
   5.3200000e+02   0.0000000e+00   4.6905375e-05
   5.3300000e+02   1.0000000e+00   4.6429943e-05
   5.3400000e+02   0.0000000e+00   4.5959329e-05
   5.3500000e+02   0.0000000e+00   4.5493487e-05
   5.3600000e+02   0.0000000e+00   4.5032365e-05
   5.3700000e+02   0.0000000e+00   4.4575918e-05
   5.3800000e+02   0.0000000e+00   4.4124097e-05
   5.3900000e+02   0.0000000e+00   4.3676856e-05
   5.4000000e+02   1.0000000e+00   4.3234149e-05
   5.4100000e+02   0.0000000e+00   4.2795928e-05
   5.4200000e+02   0.0000000e+00   4.2362149e-05
   5.4300000e+02   0.0000000e+00   4.1932767e-05
   5.4400000e+02   0.0000000e+00   4.1507737e-05
   5.4500000e+02   0.0000000e+00   4.1087016e-05
   5.4600000e+02   0.0000000e+00   4.0670559e-05
   5.4700000e+02   0.0000000e+00   4.0258323e-05
   5.4800000e+02   0.0000000e+00   3.9850265e-05
   5.4900000e+02   0.0000000e+00   3.9446343e-05
   5.5000000e+02   0.0000000e+00   3.9046516e-05
   5.5100000e+02   0.0000000e+00   3.8650741e-05
   5.5200000e+02   0.0000000e+00   3.8258978e-05
   5.5300000e+02   0.0000000e+00   3.7871186e-05
   5.5400000e+02   0.0000000e+00   3.7487324e-05
   5.5500000e+02   0.0000000e+00   3.7107353e-05
   5.5600000e+02   0.0000000e+00   3.6731234e-05
   5.5700000e+02   0.0000000e+00   3.6358926e-05
   5.5800000e+02   0.0000000e+00   3.5990393e-05
   5.5900000e+02   0.0000000e+00   3.5625595e-05
   5.6000000e+02   0.0000000e+00   3.5264495e-05
   5.6100000e+02   0.0000000e+00   3.4907054e-05
   5.6200000e+02   0.0000000e+00   3.4553237e-05
   5.6300000e+02   0.0000000e+00   3.4203006e-05
   5.6400000e+02   0.0000000e+00   3.3856325e-05
   5.6500000e+02   0.0000000e+00   3.3513158e-05
   5.6600000e+02   0.0000000e+00   3.3173469e-05
   5.6700000e+02   0.0000000e+00   3.2837224e-05
   5.6800000e+02   0.0000000e+00   3.2504386e-05
   5.6900000e+02   0.0000000e+00   3.2174922e-05
   5.7000000e+02   0.0000000e+00   3.1848798e-05
   5.7100000e+02   0.0000000e+00   3.1525979e-05
   5.7200000e+02   0.0000000e+00   3.1206432e-05
   5.7300000e+02   0.0000000e+00   3.0890124e-05
   5.7400000e+02   0.0000000e+00   3.0577023e-05
   5.7500000e+02   0.0000000e+00   3.0267094e-05
   5.7600000e+02   0.0000000e+00   2.9960308e-05
   5.7700000e+02   0.0000000e+00   2.9656631e-05
   5.7800000e+02   0.0000000e+00   2.9356031e-05
   5.7900000e+02   0.0000000e+00   2.9058479e-05
   5.8000000e+02   0.0000000e+00   2.8763943e-05
   5.8100000e+02   0.0000000e+00   2.8472392e-05
   5.8200000e+02   0.0000000e+00   2.8183797e-05
   5.8300000e+02   0.0000000e+00   2.7898126e-05
   5.8400000e+02   0.0000000e+00   2.7615351e-05
   5.8500000e+02   0.0000000e+00   2.7335443e-05
   5.8600000e+02   0.0000000e+00   2.7058371e-05
   5.8700000e+02   0.0000000e+00   2.6784108e-05
   5.8800000e+02   0.0000000e+00   2.6512625e-05
   5.8900000e+02   0.0000000e+00   2.6243893e-05
   5.9000000e+02   0.0000000e+00   2.5977885e-05
   5.9100000e+02   0.0000000e+00   2.5714574e-05
   5.9200000e+02   0.0000000e+00   2.5453932e-05
   5.9300000e+02   0.0000000e+00   2.5195931e-05
   5.9400000e+02   0.0000000e+00   2.4940546e-05
   5.9500000e+02   0.0000000e+00   2.4687749e-05
   5.9600000e+02   0.0000000e+00   2.4437514e-05
   5.9700000e+02   0.0000000e+00   2.4189816e-05
   5.9800000e+02   0.0000000e+00   2.3944628e-05
   5.9900000e+02   0.0000000e+00   2.3701926e-05
   6.0000000e+02   0.0000000e+00   2.3461684e-05
   6.0100000e+02   0.0000000e+00   2.3223876e-05
   6.0200000e+02   0.0000000e+00   2.2988480e-05
   6.0300000e+02   0.0000000e+00   2.2755469e-05
   6.0400000e+02   0.0000000e+00   2.2524820e-05
   6.0500000e+02   0.0000000e+00   2.2296509e-05
   6.0600000e+02   0.0000000e+00   2.2070512e-05
   6.0700000e+02   0.0000000e+00   2.1846805e-05
   6.0800000e+02   0.0000000e+00   2.1625367e-05
   6.0900000e+02   0.0000000e+00   2.1406172e-05
   6.1000000e+02   0.0000000e+00   2.1189200e-05
   6.1100000e+02   0.0000000e+00   2.0974426e-05
   6.1200000e+02   0.0000000e+00   2.0761830e-05
   6.1300000e+02   0.0000000e+00   2.0551388e-05
   6.1400000e+02   0.0000000e+00   2.0343080e-05
   6.1500000e+02   0.0000000e+00   2.0136883e-05
   6.1600000e+02   0.0000000e+00   1.9932776e-05
   6.1700000e+02   0.0000000e+00   1.9730737e-05
   6.1800000e+02   0.0000000e+00   1.9530747e-05
   6.1900000e+02   0.0000000e+00   1.9332784e-05
   6.2000000e+02   0.0000000e+00   1.9136827e-05
   6.2100000e+02   0.0000000e+00   1.8942856e-05
   6.2200000e+02   0.0000000e+00   1.8750852e-05
   6.2300000e+02   0.0000000e+00   1.8560794e-05
   6.2400000e+02   0.0000000e+00   1.8372662e-05
   6.2500000e+02   0.0000000e+00   1.8186437e-05
   6.2600000e+02   0.0000000e+00   1.8002099e-05
   6.2700000e+02   0.0000000e+00   1.7819630e-05
   6.2800000e+02   0.0000000e+00   1.7639011e-05
   6.2900000e+02   0.0000000e+00   1.7460222e-05
   6.3000000e+02   0.0000000e+00   1.7283246e-05
   6.3100000e+02   0.0000000e+00   1.7108063e-05
   6.3200000e+02   0.0000000e+00   1.6934656e-05
   6.3300000e+02   0.0000000e+00   1.6763007e-05
   6.3400000e+02   0.0000000e+00   1.6593097e-05
   6.3500000e+02   0.0000000e+00   1.6424910e-05
   6.3600000e+02   0.0000000e+00   1.6258427e-05
   6.3700000e+02   0.0000000e+00   1.6093632e-05
   6.3800000e+02   0.0000000e+00   1.5930507e-05
   6.3900000e+02   0.0000000e+00   1.5769036e-05
   6.4000000e+02   0.0000000e+00   1.5609201e-05
   6.4100000e+02   0.0000000e+00   1.5450987e-05
   6.4200000e+02   0.0000000e+00   1.5294376e-05
   6.4300000e+02   0.0000000e+00   1.5139352e-05
   6.4400000e+02   0.0000000e+00   1.4985900e-05
   6.4500000e+02   0.0000000e+00   1.4834003e-05
   6.4600000e+02   0.0000000e+00   1.4683646e-05
   6.4700000e+02   0.0000000e+00   1.4534813e-05
   6.4800000e+02   0.0000000e+00   1.4387488e-05
   6.4900000e+02   0.0000000e+00   1.4241657e-05
   6.5000000e+02   0.0000000e+00   1.4097304e-05
   6.5100000e+02   0.0000000e+00   1.3954414e-05
   6.5200000e+02   0.0000000e+00   1.3812972e-05
   6.5300000e+02   0.0000000e+00   1.3672964e-05
   6.5400000e+02   0.0000000e+00   1.3534375e-05
   6.5500000e+02   0.0000000e+00   1.3397191e-05
   6.5600000e+02   0.0000000e+00   1.3261397e-05
   6.5700000e+02   0.0000000e+00   1.3126980e-05
   6.5800000e+02   0.0000000e+00   1.2993925e-05
   6.5900000e+02   0.0000000e+00   1.2862219e-05
   6.6000000e+02   0.0000000e+00   1.2731848e-05
   6.6100000e+02   0.0000000e+00   1.2602798e-05
   6.6200000e+02   0.0000000e+00   1.2475056e-05
   6.6300000e+02   0.0000000e+00   1.2348609e-05
   6.6400000e+02   0.0000000e+00   1.2223444e-05
   6.6500000e+02   0.0000000e+00   1.2099547e-05
   6.6600000e+02   0.0000000e+00   1.1976907e-05
   6.6700000e+02   0.0000000e+00   1.1855509e-05
   6.6800000e+02   0.0000000e+00   1.1735342e-05
   6.6900000e+02   0.0000000e+00   1.1616393e-05
   6.7000000e+02   0.0000000e+00   1.1498649e-05
   6.7100000e+02   0.0000000e+00   1.1382099e-05
   6.7200000e+02   0.0000000e+00   1.1266730e-05
   6.7300000e+02   0.0000000e+00   1.1152531e-05
   6.7400000e+02   0.0000000e+00   1.1039489e-05
   6.7500000e+02   0.0000000e+00   1.0927593e-05
   6.7600000e+02   0.0000000e+00   1.0816831e-05
   6.7700000e+02   0.0000000e+00   1.0707192e-05
   6.7800000e+02   0.0000000e+00   1.0598664e-05
   6.7900000e+02   0.0000000e+00   1.0491236e-05
   6.8000000e+02   0.0000000e+00   1.0384897e-05
   6.8100000e+02   0.0000000e+00   1.0279636e-05
   6.8200000e+02   0.0000000e+00   1.0175442e-05
   6.8300000e+02   0.0000000e+00   1.0072304e-05
   6.8400000e+02   0.0000000e+00   9.9702109e-06
   6.8500000e+02   0.0000000e+00   9.8691530e-06
   6.8600000e+02   0.0000000e+00   9.7691195e-06
   6.8700000e+02   0.0000000e+00   9.6700999e-06
   6.8800000e+02   0.0000000e+00   9.5720839e-06
   6.8900000e+02   0.0000000e+00   9.4750614e-06
   6.9000000e+02   0.0000000e+00   9.3790224e-06
   6.9100000e+02   0.0000000e+00   9.2839568e-06
   6.9200000e+02   0.0000000e+00   9.1898548e-06
   6.9300000e+02   0.0000000e+00   9.0967066e-06
   6.9400000e+02   0.0000000e+00   9.0045025e-06
   6.9500000e+02   0.0000000e+00   8.9132330e-06
   6.9600000e+02   0.0000000e+00   8.8228887e-06
   6.9700000e+02   0.0000000e+00   8.7334600e-06
   6.9800000e+02   0.0000000e+00   8.6449378e-06
   6.9900000e+02   0.0000000e+00   8.5573129e-06
   7.0000000e+02   0.0000000e+00   8.4705761e-06
   7.0100000e+02   0.0000000e+00   8.3847185e-06
   7.0200000e+02   0.0000000e+00   8.2997312e-06
   7.0300000e+02   0.0000000e+00   8.2156052e-06
   7.0400000e+02   0.0000000e+00   8.1323320e-06
   7.0500000e+02   0.0000000e+00   8.0499028e-06
   7.0600000e+02   0.0000000e+00   7.9683092e-06
   7.0700000e+02   0.0000000e+00   7.8875425e-06
   7.0800000e+02   0.0000000e+00   7.8075945e-06
   7.0900000e+02   0.0000000e+00   7.7284569e-06
   7.1000000e+02   0.0000000e+00   7.6501214e-06
   7.1100000e+02   0.0000000e+00   7.5725799e-06
   7.1200000e+02   0.0000000e+00   7.4958244e-06
   7.1300000e+02   0.0000000e+00   7.4198468e-06
   7.1400000e+02   0.0000000e+00   7.3446394e-06
   7.1500000e+02   0.0000000e+00   7.2701943e-06
   7.1600000e+02   0.0000000e+00   7.1965037e-06
   7.1700000e+02   0.0000000e+00   7.1235601e-06
   7.1800000e+02   0.0000000e+00   7.0513558e-06
   7.1900000e+02   0.0000000e+00   6.9798834e-06
   7.2000000e+02   0.0000000e+00   6.9091354e-06
   7.2100000e+02   0.0000000e+00   6.8391045e-06
   7.2200000e+02   0.0000000e+00   6.7697835e-06
   7.2300000e+02   0.0000000e+00   6.7011651e-06
   7.2400000e+02   0.0000000e+00   6.6332422e-06
   7.2500000e+02   0.0000000e+00   6.5660078e-06
   7.2600000e+02   0.0000000e+00   6.4994548e-06
   7.2700000e+02   0.0000000e+00   6.4335765e-06
   7.2800000e+02   0.0000000e+00   6.3683659e-06
   7.2900000e+02   0.0000000e+00   6.3038162e-06
   7.3000000e+02   0.0000000e+00   6.2399209e-06
   7.3100000e+02   0.0000000e+00   6.1766731e-06
   7.3200000e+02   0.0000000e+00   6.1140665e-06
   7.3300000e+02   0.0000000e+00   6.0520944e-06
   7.3400000e+02   0.0000000e+00   5.9907505e-06
   7.3500000e+02   0.0000000e+00   5.9300284e-06
   7.3600000e+02   0.0000000e+00   5.8699217e-06
   7.3700000e+02   1.0000000e+00   5.8104243e-06
