   1.0000000e+00   5.0000000e+00   9.6596969e-03
   2.0000000e+00   6.0000000e+00   9.5663872e-03
   3.0000000e+00   5.0000000e+00   9.4739788e-03
   4.0000000e+00   2.0000000e+00   9.3824630e-03
   5.0000000e+00   2.0000000e+00   9.2918313e-03
   6.0000000e+00   2.0000000e+00   9.2020750e-03
   7.0000000e+00   5.0000000e+00   9.1131857e-03
   8.0000000e+00   6.0000000e+00   9.0251551e-03
   9.0000000e+00   3.0000000e+00   8.9379749e-03
   1.0000000e+01   2.0000000e+00   8.8516367e-03
   1.1000000e+01   6.0000000e+00   8.7661326e-03
   1.2000000e+01   1.0000000e+00   8.6814544e-03
   1.3000000e+01   5.0000000e+00   8.5975942e-03
   1.4000000e+01   5.0000000e+00   8.5145440e-03
   1.5000000e+01   1.0000000e+00   8.4322961e-03
   1.6000000e+01   1.0000000e+00   8.3508427e-03
   1.7000000e+01   4.0000000e+00   8.2701761e-03
   1.8000000e+01   3.0000000e+00   8.1902887e-03
   1.9000000e+01   7.0000000e+00   8.1111730e-03
   2.0000000e+01   2.0000000e+00   8.0328215e-03
   2.1000000e+01   4.0000000e+00   7.9552269e-03
   2.2000000e+01   4.0000000e+00   7.8783818e-03
   2.3000000e+01   3.0000000e+00   7.8022790e-03
   2.4000000e+01   7.0000000e+00   7.7269114e-03
   2.5000000e+01   4.0000000e+00   7.6522718e-03
   2.6000000e+01   4.0000000e+00   7.5783531e-03
   2.7000000e+01   3.0000000e+00   7.5051485e-03
   2.8000000e+01   2.0000000e+00   7.4326511e-03
   2.9000000e+01   4.0000000e+00   7.3608539e-03
   3.0000000e+01   3.0000000e+00   7.2897503e-03
   3.1000000e+01   2.0000000e+00   7.2193335e-03
   3.2000000e+01   4.0000000e+00   7.1495970e-03
   3.3000000e+01   2.0000000e+00   7.0805340e-03
   3.4000000e+01   0.0000000e+00   7.0121382e-03
   3.5000000e+01   6.0000000e+00   6.9444031e-03
   3.6000000e+01   5.0000000e+00   6.8773222e-03
   3.7000000e+01   2.0000000e+00   6.8108894e-03
   3.8000000e+01   1.0000000e+00   6.7450983e-03
   3.9000000e+01   5.0000000e+00   6.6799427e-03
   4.0000000e+01   2.0000000e+00   6.6154164e-03
   4.1000000e+01   3.0000000e+00   6.5515135e-03
   4.2000000e+01   1.0000000e+00   6.4882279e-03
   4.3000000e+01   1.0000000e+00   6.4255536e-03
   4.4000000e+01   1.0000000e+00   6.3634847e-03
   4.5000000e+01   2.0000000e+00   6.3020153e-03
   4.6000000e+01   3.0000000e+00   6.2411398e-03
   4.7000000e+01   4.0000000e+00   6.1808523e-03
   4.8000000e+01   5.0000000e+00   6.1211471e-03
   4.9000000e+01   2.0000000e+00   6.0620187e-03
   5.0000000e+01   3.0000000e+00   6.0034614e-03
   5.1000000e+01   0.0000000e+00   5.9454698e-03
   5.2000000e+01   0.0000000e+00   5.8880384e-03
   5.3000000e+01   2.0000000e+00   5.8311617e-03
   5.4000000e+01   2.0000000e+00   5.7748344e-03
   5.5000000e+01   1.0000000e+00   5.7190513e-03
   5.6000000e+01   4.0000000e+00   5.6638070e-03
   5.7000000e+01   5.0000000e+00   5.6090963e-03
   5.8000000e+01   1.0000000e+00   5.5549142e-03
   5.9000000e+01   5.0000000e+00   5.5012554e-03
   6.0000000e+01   5.0000000e+00   5.4481149e-03
   6.1000000e+01   5.0000000e+00   5.3954878e-03
   6.2000000e+01   2.0000000e+00   5.3433690e-03
   6.3000000e+01   8.0000000e+00   5.2917537e-03
   6.4000000e+01   2.0000000e+00   5.2406369e-03
   6.5000000e+01   3.0000000e+00   5.1900140e-03
   6.6000000e+01   0.0000000e+00   5.1398800e-03
   6.7000000e+01   3.0000000e+00   5.0902303e-03
   6.8000000e+01   4.0000000e+00   5.0410602e-03
   6.9000000e+01   4.0000000e+00   4.9923651e-03
   7.0000000e+01   7.0000000e+00   4.9441404e-03
   7.1000000e+01   4.0000000e+00   4.8963815e-03
   7.2000000e+01   0.0000000e+00   4.8490839e-03
   7.3000000e+01   1.0000000e+00   4.8022433e-03
   7.4000000e+01   3.0000000e+00   4.7558550e-03
   7.5000000e+01   1.0000000e+00   4.7099149e-03
   7.6000000e+01   2.0000000e+00   4.6644186e-03
   7.7000000e+01   2.0000000e+00   4.6193617e-03
   7.8000000e+01   0.0000000e+00   4.5747401e-03
   7.9000000e+01   1.0000000e+00   4.5305495e-03
   8.0000000e+01   3.0000000e+00   4.4867857e-03
   8.1000000e+01   1.0000000e+00   4.4434447e-03
   8.2000000e+01   1.0000000e+00   4.4005224e-03
   8.3000000e+01   2.0000000e+00   4.3580147e-03
   8.4000000e+01   1.0000000e+00   4.3159176e-03
   8.5000000e+01   5.0000000e+00   4.2742271e-03
   8.6000000e+01   2.0000000e+00   4.2329394e-03
   8.7000000e+01   1.0000000e+00   4.1920505e-03
   8.8000000e+01   2.0000000e+00   4.1515566e-03
   8.9000000e+01   1.0000000e+00   4.1114538e-03
   9.0000000e+01   1.0000000e+00   4.0717384e-03
   9.1000000e+01   2.0000000e+00   4.0324066e-03
   9.2000000e+01   2.0000000e+00   3.9934548e-03
   9.3000000e+01   6.0000000e+00   3.9548792e-03
   9.4000000e+01   4.0000000e+00   3.9166763e-03
   9.5000000e+01   4.0000000e+00   3.8788424e-03
   9.6000000e+01   2.0000000e+00   3.8413739e-03
   9.7000000e+01   1.0000000e+00   3.8042674e-03
   9.8000000e+01   0.0000000e+00   3.7675194e-03
   9.9000000e+01   5.0000000e+00   3.7311263e-03
   1.0000000e+02   1.0000000e+00   3.6950847e-03
   1.0100000e+02   3.0000000e+00   3.6593913e-03
   1.0200000e+02   5.0000000e+00   3.6240427e-03
   1.0300000e+02   3.0000000e+00   3.5890356e-03
   1.0400000e+02   1.0000000e+00   3.5543666e-03
   1.0500000e+02   2.0000000e+00   3.5200325e-03
   1.0600000e+02   4.0000000e+00   3.4860300e-03
   1.0700000e+02   3.0000000e+00   3.4523560e-03
   1.0800000e+02   1.0000000e+00   3.4190073e-03
   1.0900000e+02   0.0000000e+00   3.3859807e-03
   1.1000000e+02   3.0000000e+00   3.3532732e-03
   1.1100000e+02   2.0000000e+00   3.3208816e-03
   1.1200000e+02   1.0000000e+00   3.2888029e-03
   1.1300000e+02   4.0000000e+00   3.2570340e-03
   1.1400000e+02   0.0000000e+00   3.2255721e-03
   1.1500000e+02   5.0000000e+00   3.1944140e-03
   1.1600000e+02   2.0000000e+00   3.1635570e-03
   1.1700000e+02   0.0000000e+00   3.1329980e-03
   1.1800000e+02   1.0000000e+00   3.1027341e-03
   1.1900000e+02   1.0000000e+00   3.0727627e-03
   1.2000000e+02   0.0000000e+00   3.0430807e-03
   1.2100000e+02   2.0000000e+00   3.0136855e-03
   1.2200000e+02   2.0000000e+00   2.9845742e-03
   1.2300000e+02   1.0000000e+00   2.9557441e-03
   1.2400000e+02   1.0000000e+00   2.9271925e-03
   1.2500000e+02   2.0000000e+00   2.8989167e-03
   1.2600000e+02   2.0000000e+00   2.8709141e-03
   1.2700000e+02   3.0000000e+00   2.8431819e-03
   1.2800000e+02   1.0000000e+00   2.8157176e-03
   1.2900000e+02   2.0000000e+00   2.7885187e-03
   1.3000000e+02   2.0000000e+00   2.7615824e-03
   1.3100000e+02   2.0000000e+00   2.7349064e-03
   1.3200000e+02   0.0000000e+00   2.7084880e-03
   1.3300000e+02   2.0000000e+00   2.6823248e-03
   1.3400000e+02   2.0000000e+00   2.6564144e-03
   1.3500000e+02   1.0000000e+00   2.6307542e-03
   1.3600000e+02   1.0000000e+00   2.6053419e-03
   1.3700000e+02   0.0000000e+00   2.5801751e-03
   1.3800000e+02   1.0000000e+00   2.5552514e-03
   1.3900000e+02   0.0000000e+00   2.5305684e-03
   1.4000000e+02   4.0000000e+00   2.5061239e-03
   1.4100000e+02   0.0000000e+00   2.4819155e-03
   1.4200000e+02   0.0000000e+00   2.4579410e-03
   1.4300000e+02   1.0000000e+00   2.4341980e-03
   1.4400000e+02   1.0000000e+00   2.4106844e-03
   1.4500000e+02   0.0000000e+00   2.3873979e-03
   1.4600000e+02   1.0000000e+00   2.3643364e-03
   1.4700000e+02   3.0000000e+00   2.3414976e-03
   1.4800000e+02   3.0000000e+00   2.3188794e-03
   1.4900000e+02   0.0000000e+00   2.2964798e-03
   1.5000000e+02   1.0000000e+00   2.2742965e-03
   1.5100000e+02   2.0000000e+00   2.2523275e-03
   1.5200000e+02   2.0000000e+00   2.2305707e-03
   1.5300000e+02   1.0000000e+00   2.2090240e-03
   1.5400000e+02   2.0000000e+00   2.1876855e-03
   1.5500000e+02   1.0000000e+00   2.1665531e-03
   1.5600000e+02   0.0000000e+00   2.1456249e-03
   1.5700000e+02   0.0000000e+00   2.1248988e-03
   1.5800000e+02   1.0000000e+00   2.1043729e-03
   1.5900000e+02   0.0000000e+00   2.0840453e-03
   1.6000000e+02   1.0000000e+00   2.0639141e-03
   1.6100000e+02   2.0000000e+00   2.0439773e-03
   1.6200000e+02   1.0000000e+00   2.0242331e-03
   1.6300000e+02   0.0000000e+00   2.0046796e-03
   1.6400000e+02   0.0000000e+00   1.9853150e-03
   1.6500000e+02   0.0000000e+00   1.9661375e-03
   1.6600000e+02   0.0000000e+00   1.9471452e-03
   1.6700000e+02   1.0000000e+00   1.9283364e-03
   1.6800000e+02   1.0000000e+00   1.9097092e-03
   1.6900000e+02   0.0000000e+00   1.8912620e-03
   1.7000000e+02   4.0000000e+00   1.8729930e-03
   1.7100000e+02   1.0000000e+00   1.8549004e-03
   1.7200000e+02   0.0000000e+00   1.8369827e-03
   1.7300000e+02   1.0000000e+00   1.8192380e-03
   1.7400000e+02   2.0000000e+00   1.8016647e-03
   1.7500000e+02   0.0000000e+00   1.7842611e-03
   1.7600000e+02   0.0000000e+00   1.7670257e-03
   1.7700000e+02   0.0000000e+00   1.7499568e-03
   1.7800000e+02   1.0000000e+00   1.7330527e-03
   1.7900000e+02   1.0000000e+00   1.7163120e-03
   1.8000000e+02   2.0000000e+00   1.6997329e-03
   1.8100000e+02   0.0000000e+00   1.6833140e-03
   1.8200000e+02   2.0000000e+00   1.6670537e-03
   1.8300000e+02   0.0000000e+00   1.6509505e-03
   1.8400000e+02   0.0000000e+00   1.6350028e-03
   1.8500000e+02   1.0000000e+00   1.6192092e-03
   1.8600000e+02   0.0000000e+00   1.6035681e-03
   1.8700000e+02   1.0000000e+00   1.5880781e-03
   1.8800000e+02   0.0000000e+00   1.5727378e-03
   1.8900000e+02   1.0000000e+00   1.5575456e-03
   1.9000000e+02   0.0000000e+00   1.5425002e-03
   1.9100000e+02   0.0000000e+00   1.5276001e-03
   1.9200000e+02   1.0000000e+00   1.5128439e-03
   1.9300000e+02   1.0000000e+00   1.4982303e-03
   1.9400000e+02   2.0000000e+00   1.4837579e-03
   1.9500000e+02   0.0000000e+00   1.4694252e-03
   1.9600000e+02   0.0000000e+00   1.4552310e-03
   1.9700000e+02   0.0000000e+00   1.4411739e-03
   1.9800000e+02   0.0000000e+00   1.4272526e-03
   1.9900000e+02   1.0000000e+00   1.4134658e-03
   2.0000000e+02   0.0000000e+00   1.3998121e-03
   2.0100000e+02   0.0000000e+00   1.3862904e-03
   2.0200000e+02   1.0000000e+00   1.3728992e-03
   2.0300000e+02   2.0000000e+00   1.3596374e-03
   2.0400000e+02   0.0000000e+00   1.3465038e-03
   2.0500000e+02   0.0000000e+00   1.3334969e-03
   2.0600000e+02   1.0000000e+00   1.3206158e-03
   2.0700000e+02   0.0000000e+00   1.3078590e-03
   2.0800000e+02   0.0000000e+00   1.2952255e-03
   2.0900000e+02   3.0000000e+00   1.2827140e-03
   2.1000000e+02   0.0000000e+00   1.2703234e-03
   2.1100000e+02   0.0000000e+00   1.2580524e-03
   2.1200000e+02   2.0000000e+00   1.2459000e-03
   2.1300000e+02   0.0000000e+00   1.2338650e-03
   2.1400000e+02   0.0000000e+00   1.2219463e-03
   2.1500000e+02   0.0000000e+00   1.2101426e-03
   2.1600000e+02   2.0000000e+00   1.1984530e-03
   2.1700000e+02   2.0000000e+00   1.1868763e-03
   2.1800000e+02   0.0000000e+00   1.1754115e-03
   2.1900000e+02   0.0000000e+00   1.1640573e-03
   2.2000000e+02   0.0000000e+00   1.1528129e-03
   2.2100000e+02   0.0000000e+00   1.1416771e-03
   2.2200000e+02   1.0000000e+00   1.1306488e-03
   2.2300000e+02   1.0000000e+00   1.1197271e-03
   2.2400000e+02   1.0000000e+00   1.1089109e-03
   2.2500000e+02   0.0000000e+00   1.0981991e-03
   2.2600000e+02   0.0000000e+00   1.0875909e-03
   2.2700000e+02   0.0000000e+00   1.0770851e-03
   2.2800000e+02   1.0000000e+00   1.0666807e-03
   2.2900000e+02   0.0000000e+00   1.0563769e-03
   2.3000000e+02   1.0000000e+00   1.0461726e-03
   2.3100000e+02   1.0000000e+00   1.0360669e-03
   2.3200000e+02   0.0000000e+00   1.0260588e-03
   2.3300000e+02   1.0000000e+00   1.0161474e-03
   2.3400000e+02   0.0000000e+00   1.0063318e-03
   2.3500000e+02   0.0000000e+00   9.9661089e-04
   2.3600000e+02   2.0000000e+00   9.8698393e-04
   2.3700000e+02   1.0000000e+00   9.7744997e-04
   2.3800000e+02   1.0000000e+00   9.6800810e-04
   2.3900000e+02   0.0000000e+00   9.5865743e-04
   2.4000000e+02   0.0000000e+00   9.4939709e-04
   2.4100000e+02   2.0000000e+00   9.4022620e-04
   2.4200000e+02   0.0000000e+00   9.3114390e-04
   2.4300000e+02   0.0000000e+00   9.2214933e-04
   2.4400000e+02   0.0000000e+00   9.1324165e-04
   2.4500000e+02   1.0000000e+00   9.0442001e-04
   2.4600000e+02   1.0000000e+00   8.9568359e-04
   2.4700000e+02   1.0000000e+00   8.8703156e-04
   2.4800000e+02   0.0000000e+00   8.7846310e-04
   2.4900000e+02   1.0000000e+00   8.6997741e-04
   2.5000000e+02   0.0000000e+00   8.6157370e-04
   2.5100000e+02   2.0000000e+00   8.5325116e-04
   2.5200000e+02   1.0000000e+00   8.4500901e-04
   2.5300000e+02   2.0000000e+00   8.3684648e-04
   2.5400000e+02   0.0000000e+00   8.2876279e-04
   2.5500000e+02   1.0000000e+00   8.2075720e-04
   2.5600000e+02   0.0000000e+00   8.1282893e-04
   2.5700000e+02   0.0000000e+00   8.0497725e-04
   2.5800000e+02   0.0000000e+00   7.9720141e-04
   2.5900000e+02   0.0000000e+00   7.8950069e-04
   2.6000000e+02   0.0000000e+00   7.8187435e-04
   2.6100000e+02   0.0000000e+00   7.7432168e-04
   2.6200000e+02   0.0000000e+00   7.6684197e-04
   2.6300000e+02   1.0000000e+00   7.5943451e-04
   2.6400000e+02   2.0000000e+00   7.5209860e-04
   2.6500000e+02   0.0000000e+00   7.4483356e-04
   2.6600000e+02   0.0000000e+00   7.3763869e-04
   2.6700000e+02   0.0000000e+00   7.3051332e-04
   2.6800000e+02   0.0000000e+00   7.2345679e-04
   2.6900000e+02   1.0000000e+00   7.1646841e-04
   2.7000000e+02   2.0000000e+00   7.0954755e-04
   2.7100000e+02   0.0000000e+00   7.0269353e-04
   2.7200000e+02   0.0000000e+00   6.9590573e-04
   2.7300000e+02   0.0000000e+00   6.8918349e-04
   2.7400000e+02   0.0000000e+00   6.8252618e-04
   2.7500000e+02   0.0000000e+00   6.7593319e-04
   2.7600000e+02   2.0000000e+00   6.6940388e-04
   2.7700000e+02   0.0000000e+00   6.6293764e-04
   2.7800000e+02   0.0000000e+00   6.5653386e-04
   2.7900000e+02   0.0000000e+00   6.5019194e-04
   2.8000000e+02   0.0000000e+00   6.4391129e-04
   2.8100000e+02   0.0000000e+00   6.3769130e-04
   2.8200000e+02   0.0000000e+00   6.3153139e-04
   2.8300000e+02   0.0000000e+00   6.2543099e-04
   2.8400000e+02   0.0000000e+00   6.1938952e-04
   2.8500000e+02   0.0000000e+00   6.1340640e-04
   2.8600000e+02   0.0000000e+00   6.0748108e-04
   2.8700000e+02   0.0000000e+00   6.0161300e-04
   2.8800000e+02   0.0000000e+00   5.9580160e-04
   2.8900000e+02   0.0000000e+00   5.9004634e-04
   2.9000000e+02   0.0000000e+00   5.8434667e-04
   2.9100000e+02   0.0000000e+00   5.7870206e-04
   2.9200000e+02   0.0000000e+00   5.7311197e-04
   2.9300000e+02   2.0000000e+00   5.6757588e-04
   2.9400000e+02   1.0000000e+00   5.6209327e-04
   2.9500000e+02   0.0000000e+00   5.5666362e-04
   2.9600000e+02   1.0000000e+00   5.5128642e-04
   2.9700000e+02   0.0000000e+00   5.4596116e-04
   2.9800000e+02   0.0000000e+00   5.4068734e-04
   2.9900000e+02   0.0000000e+00   5.3546447e-04
   3.0000000e+02   0.0000000e+00   5.3029204e-04
   3.0100000e+02   1.0000000e+00   5.2516958e-04
   3.0200000e+02   0.0000000e+00   5.2009660e-04
   3.0300000e+02   0.0000000e+00   5.1507263e-04
   3.0400000e+02   0.0000000e+00   5.1009718e-04
   3.0500000e+02   0.0000000e+00   5.0516980e-04
   3.0600000e+02   0.0000000e+00   5.0029001e-04
   3.0700000e+02   0.0000000e+00   4.9545736e-04
   3.0800000e+02   1.0000000e+00   4.9067139e-04
   3.0900000e+02   1.0000000e+00   4.8593165e-04
   3.1000000e+02   0.0000000e+00   4.8123770e-04
   3.1100000e+02   1.0000000e+00   4.7658909e-04
   3.1200000e+02   0.0000000e+00   4.7198539e-04
   3.1300000e+02   0.0000000e+00   4.6742615e-04
   3.1400000e+02   0.0000000e+00   4.6291095e-04
   3.1500000e+02   1.0000000e+00   4.5843937e-04
   3.1600000e+02   0.0000000e+00   4.5401099e-04
   3.1700000e+02   0.0000000e+00   4.4962538e-04
   3.1800000e+02   0.0000000e+00   4.4528214e-04
   3.1900000e+02   0.0000000e+00   4.4098085e-04
   3.2000000e+02   0.0000000e+00   4.3672110e-04
   3.2100000e+02   0.0000000e+00   4.3250251e-04
   3.2200000e+02   0.0000000e+00   4.2832467e-04
   3.2300000e+02   0.0000000e+00   4.2418718e-04
   3.2400000e+02   1.0000000e+00   4.2008966e-04
   3.2500000e+02   0.0000000e+00   4.1603172e-04
   3.2600000e+02   2.0000000e+00   4.1201298e-04
   3.2700000e+02   1.0000000e+00   4.0803306e-04
   3.2800000e+02   0.0000000e+00   4.0409159e-04
   3.2900000e+02   0.0000000e+00   4.0018818e-04
   3.3000000e+02   0.0000000e+00   3.9632249e-04
   3.3100000e+02   1.0000000e+00   3.9249413e-04
   3.3200000e+02   0.0000000e+00   3.8870276e-04
   3.3300000e+02   0.0000000e+00   3.8494801e-04
   3.3400000e+02   0.0000000e+00   3.8122953e-04
   3.3500000e+02   0.0000000e+00   3.7754696e-04
   3.3600000e+02   1.0000000e+00   3.7389997e-04
   3.3700000e+02   1.0000000e+00   3.7028821e-04
   3.3800000e+02   1.0000000e+00   3.6671134e-04
   3.3900000e+02   0.0000000e+00   3.6316902e-04
   3.4000000e+02   0.0000000e+00   3.5966092e-04
   3.4100000e+02   0.0000000e+00   3.5618670e-04
   3.4200000e+02   0.0000000e+00   3.5274605e-04
   3.4300000e+02   1.0000000e+00   3.4933863e-04
   3.4400000e+02   0.0000000e+00   3.4596412e-04
   3.4500000e+02   0.0000000e+00   3.4262221e-04
   3.4600000e+02   0.0000000e+00   3.3931259e-04
   3.4700000e+02   0.0000000e+00   3.3603493e-04
   3.4800000e+02   0.0000000e+00   3.3278894e-04
   3.4900000e+02   0.0000000e+00   3.2957430e-04
   3.5000000e+02   0.0000000e+00   3.2639071e-04
   3.5100000e+02   1.0000000e+00   3.2323787e-04
   3.5200000e+02   0.0000000e+00   3.2011549e-04
   3.5300000e+02   0.0000000e+00   3.1702327e-04
   3.5400000e+02   0.0000000e+00   3.1396092e-04
   3.5500000e+02   0.0000000e+00   3.1092816e-04
   3.5600000e+02   1.0000000e+00   3.0792469e-04
   3.5700000e+02   0.0000000e+00   3.0495023e-04
   3.5800000e+02   1.0000000e+00   3.0200450e-04
   3.5900000e+02   0.0000000e+00   2.9908723e-04
   3.6000000e+02   0.0000000e+00   2.9619814e-04
   3.6100000e+02   0.0000000e+00   2.9333695e-04
   3.6200000e+02   0.0000000e+00   2.9050341e-04
   3.6300000e+02   0.0000000e+00   2.8769723e-04
   3.6400000e+02   0.0000000e+00   2.8491816e-04
   3.6500000e+02   0.0000000e+00   2.8216594e-04
   3.6600000e+02   0.0000000e+00   2.7944030e-04
   3.6700000e+02   0.0000000e+00   2.7674099e-04
   3.6800000e+02   0.0000000e+00   2.7406776e-04
   3.6900000e+02   0.0000000e+00   2.7142035e-04
   3.7000000e+02   0.0000000e+00   2.6879851e-04
   3.7100000e+02   0.0000000e+00   2.6620200e-04
   3.7200000e+02   0.0000000e+00   2.6363057e-04
   3.7300000e+02   0.0000000e+00   2.6108398e-04
   3.7400000e+02   0.0000000e+00   2.5856198e-04
   3.7500000e+02   0.0000000e+00   2.5606435e-04
   3.7600000e+02   0.0000000e+00   2.5359085e-04
   3.7700000e+02   0.0000000e+00   2.5114124e-04
   3.7800000e+02   0.0000000e+00   2.4871529e-04
   3.7900000e+02   0.0000000e+00   2.4631278e-04
   3.8000000e+02   0.0000000e+00   2.4393347e-04
   3.8100000e+02   0.0000000e+00   2.4157715e-04
   3.8200000e+02   0.0000000e+00   2.3924358e-04
   3.8300000e+02   0.0000000e+00   2.3693256e-04
   3.8400000e+02   0.0000000e+00   2.3464387e-04
   3.8500000e+02   0.0000000e+00   2.3237728e-04
   3.8600000e+02   1.0000000e+00   2.3013258e-04
   3.8700000e+02   0.0000000e+00   2.2790957e-04
   3.8800000e+02   0.0000000e+00   2.2570804e-04
   3.8900000e+02   0.0000000e+00   2.2352776e-04
   3.9000000e+02   1.0000000e+00   2.2136855e-04
   3.9100000e+02   0.0000000e+00   2.1923020e-04
   3.9200000e+02   0.0000000e+00   2.1711250e-04
   3.9300000e+02   0.0000000e+00   2.1501526e-04
   3.9400000e+02   0.0000000e+00   2.1293828e-04
   3.9500000e+02   0.0000000e+00   2.1088136e-04
   3.9600000e+02   0.0000000e+00   2.0884431e-04
   3.9700000e+02   0.0000000e+00   2.0682694e-04
   3.9800000e+02   0.0000000e+00   2.0482905e-04
   3.9900000e+02   0.0000000e+00   2.0285047e-04
   4.0000000e+02   0.0000000e+00   2.0089099e-04
   4.0100000e+02   0.0000000e+00   1.9895045e-04
   4.0200000e+02   0.0000000e+00   1.9702864e-04
   4.0300000e+02   0.0000000e+00   1.9512541e-04
   4.0400000e+02   0.0000000e+00   1.9324056e-04
   4.0500000e+02   0.0000000e+00   1.9137391e-04
   4.0600000e+02   0.0000000e+00   1.8952530e-04
   4.0700000e+02   0.0000000e+00   1.8769454e-04
   4.0800000e+02   0.0000000e+00   1.8588147e-04
   4.0900000e+02   0.0000000e+00   1.8408591e-04
   4.1000000e+02   0.0000000e+00   1.8230769e-04
   4.1100000e+02   0.0000000e+00   1.8054666e-04
   4.1200000e+02   0.0000000e+00   1.7880263e-04
   4.1300000e+02   0.0000000e+00   1.7707545e-04
   4.1400000e+02   0.0000000e+00   1.7536496e-04
   4.1500000e+02   0.0000000e+00   1.7367098e-04
   4.1600000e+02   0.0000000e+00   1.7199338e-04
   4.1700000e+02   0.0000000e+00   1.7033197e-04
   4.1800000e+02   0.0000000e+00   1.6868662e-04
   4.1900000e+02   0.0000000e+00   1.6705715e-04
   4.2000000e+02   0.0000000e+00   1.6544343e-04
   4.2100000e+02   0.0000000e+00   1.6384530e-04
   4.2200000e+02   0.0000000e+00   1.6226260e-04
   4.2300000e+02   0.0000000e+00   1.6069520e-04
   4.2400000e+02   0.0000000e+00   1.5914293e-04
   4.2500000e+02   0.0000000e+00   1.5760566e-04
   4.2600000e+02   0.0000000e+00   1.5608323e-04
   4.2700000e+02   0.0000000e+00   1.5457552e-04
   4.2800000e+02   0.0000000e+00   1.5308236e-04
   4.2900000e+02   0.0000000e+00   1.5160364e-04
   4.3000000e+02   0.0000000e+00   1.5013919e-04
   4.3100000e+02   0.0000000e+00   1.4868889e-04
   4.3200000e+02   0.0000000e+00   1.4725260e-04
   4.3300000e+02   0.0000000e+00   1.4583019e-04
   4.3400000e+02   0.0000000e+00   1.4442151e-04
   4.3500000e+02   0.0000000e+00   1.4302644e-04
   4.3600000e+02   0.0000000e+00   1.4164485e-04
   4.3700000e+02   0.0000000e+00   1.4027660e-04
   4.3800000e+02   0.0000000e+00   1.3892157e-04
   4.3900000e+02   1.0000000e+00   1.3757963e-04
   4.4000000e+02   0.0000000e+00   1.3625066e-04
   4.4100000e+02   0.0000000e+00   1.3493452e-04
   4.4200000e+02   0.0000000e+00   1.3363109e-04
   4.4300000e+02   0.0000000e+00   1.3234025e-04
   4.4400000e+02   0.0000000e+00   1.3106189e-04
   4.4500000e+02   0.0000000e+00   1.2979587e-04
   4.4600000e+02   0.0000000e+00   1.2854208e-04
   4.4700000e+02   0.0000000e+00   1.2730040e-04
   4.4800000e+02   0.0000000e+00   1.2607072e-04
   4.4900000e+02   0.0000000e+00   1.2485291e-04
   4.5000000e+02   0.0000000e+00   1.2364687e-04
   4.5100000e+02   0.0000000e+00   1.2245248e-04
   4.5200000e+02   0.0000000e+00   1.2126963e-04
   4.5300000e+02   0.0000000e+00   1.2009820e-04
   4.5400000e+02   1.0000000e+00   1.1893809e-04
   4.5500000e+02   0.0000000e+00   1.1778918e-04
   4.5600000e+02   0.0000000e+00   1.1665137e-04
   4.5700000e+02   0.0000000e+00   1.1552456e-04
   4.5800000e+02   0.0000000e+00   1.1440863e-04
   4.5900000e+02   0.0000000e+00   1.1330347e-04
   4.6000000e+02   0.0000000e+00   1.1220900e-04
   4.6100000e+02   0.0000000e+00   1.1112509e-04
   4.6200000e+02   0.0000000e+00   1.1005166e-04
   4.6300000e+02   0.0000000e+00   1.0898859e-04
   4.6400000e+02   0.0000000e+00   1.0793579e-04
   4.6500000e+02   0.0000000e+00   1.0689317e-04
   4.6600000e+02   0.0000000e+00   1.0586061e-04
   4.6700000e+02   0.0000000e+00   1.0483803e-04
   4.6800000e+02   0.0000000e+00   1.0382533e-04
   4.6900000e+02   0.0000000e+00   1.0282240e-04
   4.7000000e+02   1.0000000e+00   1.0182917e-04
   4.7100000e+02   0.0000000e+00   1.0084553e-04
   4.7200000e+02   0.0000000e+00   9.9871395e-05
   4.7300000e+02   0.0000000e+00   9.8906668e-05
   4.7400000e+02   0.0000000e+00   9.7951259e-05
   4.7500000e+02   0.0000000e+00   9.7005080e-05
   4.7600000e+02   0.0000000e+00   9.6068040e-05
   4.7700000e+02   0.0000000e+00   9.5140052e-05
   4.7800000e+02   0.0000000e+00   9.4221028e-05
   4.7900000e+02   0.0000000e+00   9.3310881e-05
   4.8000000e+02   0.0000000e+00   9.2409527e-05
   4.8100000e+02   0.0000000e+00   9.1516879e-05
   4.8200000e+02   0.0000000e+00   9.0632853e-05
   4.8300000e+02   0.0000000e+00   8.9757367e-05
   4.8400000e+02   0.0000000e+00   8.8890338e-05
   4.8500000e+02   0.0000000e+00   8.8031685e-05
   4.8600000e+02   0.0000000e+00   8.7181325e-05
   4.8700000e+02   0.0000000e+00   8.6339180e-05
   4.8800000e+02   0.0000000e+00   8.5505170e-05
   4.8900000e+02   0.0000000e+00   8.4679216e-05
   4.9000000e+02   0.0000000e+00   8.3861240e-05
   4.9100000e+02   0.0000000e+00   8.3051166e-05
   4.9200000e+02   0.0000000e+00   8.2248917e-05
   4.9300000e+02   0.0000000e+00   8.1454417e-05
   4.9400000e+02   0.0000000e+00   8.0667592e-05
   4.9500000e+02   0.0000000e+00   7.9888368e-05
   4.9600000e+02   0.0000000e+00   7.9116670e-05
   4.9700000e+02   0.0000000e+00   7.8352427e-05
   4.9800000e+02   0.0000000e+00   7.7595567e-05
   4.9900000e+02   0.0000000e+00   7.6846017e-05
   5.0000000e+02   0.0000000e+00   7.6103708e-05
   5.0100000e+02   0.0000000e+00   7.5368569e-05
   5.0200000e+02   0.0000000e+00   7.4640532e-05
   5.0300000e+02   0.0000000e+00   7.3919527e-05
   5.0400000e+02   0.0000000e+00   7.3205486e-05
   5.0500000e+02   0.0000000e+00   7.2498344e-05
   5.0600000e+02   1.0000000e+00   7.1798032e-05
   5.0700000e+02   0.0000000e+00   7.1104484e-05
   5.0800000e+02   0.0000000e+00   7.0417637e-05
   5.0900000e+02   0.0000000e+00   6.9737424e-05
   5.1000000e+02   0.0000000e+00   6.9063781e-05
   5.1100000e+02   0.0000000e+00   6.8396646e-05
   5.1200000e+02   0.0000000e+00   6.7735955e-05
   5.1300000e+02   0.0000000e+00   6.7081646e-05
   5.1400000e+02   0.0000000e+00   6.6433658e-05
   5.1500000e+02   0.0000000e+00   6.5791929e-05
   5.1600000e+02   0.0000000e+00   6.5156399e-05
   5.1700000e+02   0.0000000e+00   6.4527008e-05
   5.1800000e+02   1.0000000e+00   6.3903696e-05
