   1.0000000e+00   3.2000000e+01   6.1528497e-02
   2.0000000e+00   2.9000000e+01   5.7742741e-02
   3.0000000e+00   2.2000000e+01   5.4189917e-02
   4.0000000e+00   3.2000000e+01   5.0855693e-02
   5.0000000e+00   2.2000000e+01   4.7726619e-02
   6.0000000e+00   3.7000000e+01   4.4790072e-02
   7.0000000e+00   2.0000000e+01   4.2034206e-02
   8.0000000e+00   2.3000000e+01   3.9447904e-02
   9.0000000e+00   1.8000000e+01   3.7020734e-02
   1.0000000e+01   5.0000000e+00   3.4742904e-02
   1.1000000e+01   1.0000000e+01   3.2605225e-02
   1.2000000e+01   2.2000000e+01   3.0599075e-02
   1.3000000e+01   1.5000000e+01   2.8716360e-02
   1.4000000e+01   1.4000000e+01   2.6949485e-02
   1.5000000e+01   5.0000000e+00   2.5291324e-02
   1.6000000e+01   6.0000000e+00   2.3735187e-02
   1.7000000e+01   1.2000000e+01   2.2274796e-02
   1.8000000e+01   8.0000000e+00   2.0904262e-02
   1.9000000e+01   1.1000000e+01   1.9618054e-02
   2.0000000e+01   9.0000000e+00   1.8410984e-02
   2.1000000e+01   7.0000000e+00   1.7278184e-02
   2.2000000e+01   2.0000000e+00   1.6215083e-02
   2.3000000e+01   2.0000000e+00   1.5217394e-02
   2.4000000e+01   6.0000000e+00   1.4281090e-02
   2.5000000e+01   4.0000000e+00   1.3402396e-02
   2.6000000e+01   8.0000000e+00   1.2577767e-02
   2.7000000e+01   7.0000000e+00   1.1803876e-02
   2.8000000e+01   6.0000000e+00   1.1077601e-02
   2.9000000e+01   2.0000000e+00   1.0396013e-02
   3.0000000e+01   7.0000000e+00   9.7563620e-03
   3.1000000e+01   2.0000000e+00   9.1560677e-03
   3.2000000e+01   4.0000000e+00   8.5927086e-03
   3.3000000e+01   5.0000000e+00   8.0640121e-03
   3.4000000e+01   2.0000000e+00   7.5678456e-03
   3.5000000e+01   1.0000000e+00   7.1022074e-03
   3.6000000e+01   5.0000000e+00   6.6652193e-03
   3.7000000e+01   0.0000000e+00   6.2551183e-03
   3.8000000e+01   2.0000000e+00   5.8702503e-03
   3.9000000e+01   3.0000000e+00   5.5090626e-03
   4.0000000e+01   4.0000000e+00   5.1700983e-03
   4.1000000e+01   3.0000000e+00   4.8519899e-03
   4.2000000e+01   3.0000000e+00   4.5534543e-03
   4.3000000e+01   0.0000000e+00   4.2732871e-03
   4.4000000e+01   0.0000000e+00   4.0103581e-03
   4.5000000e+01   2.0000000e+00   3.7636068e-03
   4.6000000e+01   0.0000000e+00   3.5320377e-03
   4.7000000e+01   2.0000000e+00   3.3147168e-03
   4.8000000e+01   2.0000000e+00   3.1107672e-03
   4.9000000e+01   2.0000000e+00   2.9193664e-03
   5.0000000e+01   0.0000000e+00   2.7397422e-03
   5.1000000e+01   2.0000000e+00   2.5711699e-03
   5.2000000e+01   2.0000000e+00   2.4129697e-03
   5.3000000e+01   2.0000000e+00   2.2645033e-03
   5.4000000e+01   2.0000000e+00   2.1251718e-03
   5.5000000e+01   3.0000000e+00   1.9944132e-03
   5.6000000e+01   3.0000000e+00   1.8717000e-03
   5.7000000e+01   0.0000000e+00   1.7565371e-03
   5.8000000e+01   1.0000000e+00   1.6484600e-03
   5.9000000e+01   1.0000000e+00   1.5470327e-03
   6.0000000e+01   3.0000000e+00   1.4518461e-03
   6.1000000e+01   1.0000000e+00   1.3625162e-03
   6.2000000e+01   1.0000000e+00   1.2786826e-03
   6.3000000e+01   0.0000000e+00   1.2000072e-03
   6.4000000e+01   0.0000000e+00   1.1261726e-03
   6.5000000e+01   0.0000000e+00   1.0568809e-03
   6.6000000e+01   0.0000000e+00   9.9185257e-04
   6.7000000e+01   1.0000000e+00   9.3082538e-04
   6.8000000e+01   0.0000000e+00   8.7355309e-04
   6.9000000e+01   0.0000000e+00   8.1980468e-04
   7.0000000e+01   1.0000000e+00   7.6936333e-04
   7.1000000e+01   0.0000000e+00   7.2202556e-04
   7.2000000e+01   0.0000000e+00   6.7760041e-04
   7.3000000e+01   0.0000000e+00   6.3590868e-04
   7.4000000e+01   1.0000000e+00   5.9678217e-04
   7.5000000e+01   0.0000000e+00   5.6006306e-04
   7.6000000e+01   0.0000000e+00   5.2560322e-04
   7.7000000e+01   0.0000000e+00   4.9326365e-04
   7.8000000e+01   0.0000000e+00   4.6291388e-04
   7.9000000e+01   1.0000000e+00   4.3443148e-04
   8.0000000e+01   0.0000000e+00   4.0770156e-04
   8.1000000e+01   0.0000000e+00   3.8261630e-04
   8.2000000e+01   1.0000000e+00   3.5907449e-04
   8.3000000e+01   0.0000000e+00   3.3698118e-04
   8.4000000e+01   0.0000000e+00   3.1624723e-04
   8.5000000e+01   0.0000000e+00   2.9678902e-04
   8.6000000e+01   0.0000000e+00   2.7852803e-04
   8.7000000e+01   0.0000000e+00   2.6139062e-04
   8.8000000e+01   0.0000000e+00   2.4530765e-04
   8.9000000e+01   0.0000000e+00   2.3021424e-04
   9.0000000e+01   0.0000000e+00   2.1604950e-04
   9.1000000e+01   1.0000000e+00   2.0275630e-04
   9.2000000e+01   0.0000000e+00   1.9028101e-04
   9.3000000e+01   0.0000000e+00   1.7857331e-04
   9.4000000e+01   0.0000000e+00   1.6758596e-04
   9.5000000e+01   1.0000000e+00   1.5727465e-04
   9.6000000e+01   0.0000000e+00   1.4759777e-04
   9.7000000e+01   0.0000000e+00   1.3851631e-04
   9.8000000e+01   0.0000000e+00   1.2999361e-04
   9.9000000e+01   0.0000000e+00   1.2199529e-04
   1.0000000e+02   0.0000000e+00   1.1448911e-04
   1.0100000e+02   0.0000000e+00   1.0744476e-04
   1.0200000e+02   0.0000000e+00   1.0083385e-04
   1.0300000e+02   0.0000000e+00   9.4629694e-05
   1.0400000e+02   0.0000000e+00   8.8807271e-05
   1.0500000e+02   0.0000000e+00   8.3343093e-05
   1.0600000e+02   0.0000000e+00   7.8215118e-05
   1.0700000e+02   0.0000000e+00   7.3402659e-05
   1.0800000e+02   0.0000000e+00   6.8886304e-05
   1.0900000e+02   0.0000000e+00   6.4647833e-05
   1.1000000e+02   0.0000000e+00   6.0670149e-05
   1.1100000e+02   0.0000000e+00   5.6937206e-05
   1.1200000e+02   0.0000000e+00   5.3433945e-05
   1.1300000e+02   0.0000000e+00   5.0146235e-05
   1.1400000e+02   1.0000000e+00   4.7060812e-05
   1.1500000e+02   0.0000000e+00   4.4165231e-05
   1.1600000e+02   0.0000000e+00   4.1447811e-05
   1.1700000e+02   0.0000000e+00   3.8897589e-05
   1.1800000e+02   1.0000000e+00   3.6504279e-05
