   1.0000000e+00   3.0000000e+00   0.0000000e+00
   2.0000000e+00   3.0000000e+00   5.3590479e-03
   3.0000000e+00   4.0000000e+00   7.7514931e-03
   4.0000000e+00   3.0000000e+00   8.7908354e-03
   5.0000000e+00   5.0000000e+00   9.2132893e-03
   6.0000000e+00   4.0000000e+00   9.3547754e-03
   7.0000000e+00   6.0000000e+00   9.3685647e-03
   8.0000000e+00   3.0000000e+00   9.3245880e-03
   9.0000000e+00   5.0000000e+00   9.2547488e-03
   1.0000000e+01   4.0000000e+00   9.1735996e-03
   1.1000000e+01   5.0000000e+00   9.0877754e-03
   1.2000000e+01   4.0000000e+00   9.0002990e-03
   1.3000000e+01   6.0000000e+00   8.9125450e-03
   1.4000000e+01   6.0000000e+00   8.8251359e-03
   1.5000000e+01   5.0000000e+00   8.7383510e-03
   1.6000000e+01   6.0000000e+00   8.6523132e-03
   1.7000000e+01   5.0000000e+00   8.5670740e-03
   1.8000000e+01   2.0000000e+00   8.4826525e-03
   1.9000000e+01   5.0000000e+00   8.3990527e-03
   2.0000000e+01   6.0000000e+00   8.3162722e-03
   2.1000000e+01   8.0000000e+00   8.2343055e-03
   2.2000000e+01   2.0000000e+00   8.1531457e-03
   2.3000000e+01   4.0000000e+00   8.0727855e-03
   2.4000000e+01   4.0000000e+00   7.9932171e-03
   2.5000000e+01   1.0000000e+00   7.9144328e-03
   2.6000000e+01   8.0000000e+00   7.8364250e-03
   2.7000000e+01   5.0000000e+00   7.7591861e-03
   2.8000000e+01   3.0000000e+00   7.6827085e-03
   2.9000000e+01   4.0000000e+00   7.6069847e-03
   3.0000000e+01   4.0000000e+00   7.5320072e-03
   3.1000000e+01   4.0000000e+00   7.4577687e-03
   3.2000000e+01   4.0000000e+00   7.3842620e-03
   3.3000000e+01   2.0000000e+00   7.3114798e-03
   3.4000000e+01   3.0000000e+00   7.2394149e-03
   3.5000000e+01   2.0000000e+00   7.1680604e-03
   3.6000000e+01   1.0000000e+00   7.0974091e-03
   3.7000000e+01   5.0000000e+00   7.0274542e-03
   3.8000000e+01   7.0000000e+00   6.9581888e-03
   3.9000000e+01   3.0000000e+00   6.8896061e-03
   4.0000000e+01   4.0000000e+00   6.8216994e-03
   4.1000000e+01   4.0000000e+00   6.7544621e-03
   4.2000000e+01   1.0000000e+00   6.6878874e-03
   4.3000000e+01   1.0000000e+00   6.6219689e-03
   4.4000000e+01   3.0000000e+00   6.5567001e-03
   4.5000000e+01   0.0000000e+00   6.4920747e-03
   4.6000000e+01   6.0000000e+00   6.4280862e-03
   4.7000000e+01   1.0000000e+00   6.3647284e-03
   4.8000000e+01   4.0000000e+00   6.3019951e-03
   4.9000000e+01   0.0000000e+00   6.2398802e-03
   5.0000000e+01   1.0000000e+00   6.1783774e-03
   5.1000000e+01   3.0000000e+00   6.1174809e-03
   5.2000000e+01   0.0000000e+00   6.0571845e-03
   5.3000000e+01   1.0000000e+00   5.9974825e-03
   5.4000000e+01   1.0000000e+00   5.9383689e-03
   5.5000000e+01   7.0000000e+00   5.8798380e-03
   5.6000000e+01   1.0000000e+00   5.8218840e-03
   5.7000000e+01   1.0000000e+00   5.7645012e-03
   5.8000000e+01   3.0000000e+00   5.7076840e-03
   5.9000000e+01   1.0000000e+00   5.6514268e-03
   6.0000000e+01   3.0000000e+00   5.5957240e-03
   6.1000000e+01   4.0000000e+00   5.5405704e-03
   6.2000000e+01   4.0000000e+00   5.4859603e-03
   6.3000000e+01   3.0000000e+00   5.4318885e-03
   6.4000000e+01   2.0000000e+00   5.3783496e-03
   6.5000000e+01   7.0000000e+00   5.3253385e-03
   6.6000000e+01   2.0000000e+00   5.2728498e-03
   6.7000000e+01   3.0000000e+00   5.2208785e-03
   6.8000000e+01   0.0000000e+00   5.1694195e-03
   6.9000000e+01   6.0000000e+00   5.1184676e-03
   7.0000000e+01   1.0000000e+00   5.0680179e-03
   7.1000000e+01   1.0000000e+00   5.0180655e-03
   7.2000000e+01   1.0000000e+00   4.9686055e-03
   7.3000000e+01   0.0000000e+00   4.9196329e-03
   7.4000000e+01   2.0000000e+00   4.8711431e-03
   7.5000000e+01   0.0000000e+00   4.8231311e-03
   7.6000000e+01   4.0000000e+00   4.7755924e-03
   7.7000000e+01   2.0000000e+00   4.7285223e-03
   7.8000000e+01   2.0000000e+00   4.6819161e-03
   7.9000000e+01   4.0000000e+00   4.6357693e-03
   8.0000000e+01   4.0000000e+00   4.5900773e-03
   8.1000000e+01   2.0000000e+00   4.5448357e-03
   8.2000000e+01   4.0000000e+00   4.5000399e-03
   8.3000000e+01   4.0000000e+00   4.4556858e-03
   8.4000000e+01   4.0000000e+00   4.4117687e-03
   8.5000000e+01   2.0000000e+00   4.3682846e-03
   8.6000000e+01   2.0000000e+00   4.3252290e-03
   8.7000000e+01   1.0000000e+00   4.2825979e-03
   8.8000000e+01   5.0000000e+00   4.2403869e-03
   8.9000000e+01   3.0000000e+00   4.1985919e-03
   9.0000000e+01   3.0000000e+00   4.1572089e-03
   9.1000000e+01   2.0000000e+00   4.1162338e-03
   9.2000000e+01   1.0000000e+00   4.0756626e-03
   9.3000000e+01   2.0000000e+00   4.0354912e-03
   9.4000000e+01   1.0000000e+00   3.9957158e-03
   9.5000000e+01   0.0000000e+00   3.9563325e-03
   9.6000000e+01   3.0000000e+00   3.9173373e-03
   9.7000000e+01   2.0000000e+00   3.8787264e-03
   9.8000000e+01   2.0000000e+00   3.8404962e-03
   9.9000000e+01   3.0000000e+00   3.8026427e-03
   1.0000000e+02   5.0000000e+00   3.7651623e-03
   1.0100000e+02   4.0000000e+00   3.7280514e-03
   1.0200000e+02   4.0000000e+00   3.6913062e-03
   1.0300000e+02   1.0000000e+00   3.6549233e-03
   1.0400000e+02   1.0000000e+00   3.6188989e-03
   1.0500000e+02   5.0000000e+00   3.5832296e-03
   1.0600000e+02   3.0000000e+00   3.5479118e-03
   1.0700000e+02   0.0000000e+00   3.5129422e-03
   1.0800000e+02   2.0000000e+00   3.4783172e-03
   1.0900000e+02   1.0000000e+00   3.4440336e-03
   1.1000000e+02   4.0000000e+00   3.4100878e-03
   1.1100000e+02   2.0000000e+00   3.3764766e-03
   1.1200000e+02   1.0000000e+00   3.3431967e-03
   1.1300000e+02   2.0000000e+00   3.3102448e-03
   1.1400000e+02   2.0000000e+00   3.2776177e-03
   1.1500000e+02   1.0000000e+00   3.2453122e-03
   1.1600000e+02   1.0000000e+00   3.2133251e-03
   1.1700000e+02   0.0000000e+00   3.1816533e-03
   1.1800000e+02   0.0000000e+00   3.1502937e-03
   1.1900000e+02   2.0000000e+00   3.1192431e-03
   1.2000000e+02   2.0000000e+00   3.0884986e-03
   1.2100000e+02   3.0000000e+00   3.0580572e-03
   1.2200000e+02   0.0000000e+00   3.0279157e-03
   1.2300000e+02   1.0000000e+00   2.9980714e-03
   1.2400000e+02   1.0000000e+00   2.9685212e-03
   1.2500000e+02   2.0000000e+00   2.9392623e-03
   1.2600000e+02   0.0000000e+00   2.9102917e-03
   1.2700000e+02   2.0000000e+00   2.8816067e-03
   1.2800000e+02   1.0000000e+00   2.8532045e-03
   1.2900000e+02   0.0000000e+00   2.8250822e-03
   1.3000000e+02   1.0000000e+00   2.7972370e-03
   1.3100000e+02   0.0000000e+00   2.7696663e-03
   1.3200000e+02   1.0000000e+00   2.7423674e-03
   1.3300000e+02   1.0000000e+00   2.7153375e-03
   1.3400000e+02   1.0000000e+00   2.6885741e-03
   1.3500000e+02   0.0000000e+00   2.6620744e-03
   1.3600000e+02   0.0000000e+00   2.6358360e-03
   1.3700000e+02   1.0000000e+00   2.6098561e-03
   1.3800000e+02   1.0000000e+00   2.5841323e-03
   1.3900000e+02   0.0000000e+00   2.5586621e-03
   1.4000000e+02   0.0000000e+00   2.5334429e-03
   1.4100000e+02   2.0000000e+00   2.5084723e-03
   1.4200000e+02   2.0000000e+00   2.4837478e-03
   1.4300000e+02   1.0000000e+00   2.4592670e-03
   1.4400000e+02   0.0000000e+00   2.4350275e-03
   1.4500000e+02   0.0000000e+00   2.4110269e-03
   1.4600000e+02   1.0000000e+00   2.3872628e-03
   1.4700000e+02   2.0000000e+00   2.3637330e-03
   1.4800000e+02   2.0000000e+00   2.3404351e-03
   1.4900000e+02   2.0000000e+00   2.3173669e-03
   1.5000000e+02   1.0000000e+00   2.2945260e-03
   1.5100000e+02   1.0000000e+00   2.2719102e-03
   1.5200000e+02   1.0000000e+00   2.2495174e-03
   1.5300000e+02   2.0000000e+00   2.2273452e-03
   1.5400000e+02   2.0000000e+00   2.2053916e-03
   1.5500000e+02   0.0000000e+00   2.1836544e-03
   1.5600000e+02   1.0000000e+00   2.1621314e-03
   1.5700000e+02   2.0000000e+00   2.1408206e-03
   1.5800000e+02   2.0000000e+00   2.1197198e-03
   1.5900000e+02   0.0000000e+00   2.0988270e-03
   1.6000000e+02   0.0000000e+00   2.0781401e-03
   1.6100000e+02   1.0000000e+00   2.0576572e-03
   1.6200000e+02   1.0000000e+00   2.0373761e-03
   1.6300000e+02   1.0000000e+00   2.0172949e-03
   1.6400000e+02   1.0000000e+00   1.9974116e-03
   1.6500000e+02   0.0000000e+00   1.9777243e-03
   1.6600000e+02   0.0000000e+00   1.9582311e-03
   1.6700000e+02   2.0000000e+00   1.9389300e-03
   1.6800000e+02   0.0000000e+00   1.9198191e-03
   1.6900000e+02   0.0000000e+00   1.9008966e-03
   1.7000000e+02   0.0000000e+00   1.8821606e-03
   1.7100000e+02   0.0000000e+00   1.8636093e-03
   1.7200000e+02   2.0000000e+00   1.8452408e-03
   1.7300000e+02   1.0000000e+00   1.8270534e-03
   1.7400000e+02   1.0000000e+00   1.8090452e-03
   1.7500000e+02   1.0000000e+00   1.7912146e-03
   1.7600000e+02   2.0000000e+00   1.7735596e-03
   1.7700000e+02   1.0000000e+00   1.7560787e-03
   1.7800000e+02   2.0000000e+00   1.7387701e-03
   1.7900000e+02   1.0000000e+00   1.7216321e-03
   1.8000000e+02   0.0000000e+00   1.7046630e-03
   1.8100000e+02   0.0000000e+00   1.6878612e-03
   1.8200000e+02   3.0000000e+00   1.6712249e-03
   1.8300000e+02   0.0000000e+00   1.6547527e-03
   1.8400000e+02   1.0000000e+00   1.6384428e-03
   1.8500000e+02   1.0000000e+00   1.6222936e-03
   1.8600000e+02   4.0000000e+00   1.6063037e-03
   1.8700000e+02   2.0000000e+00   1.5904713e-03
   1.8800000e+02   0.0000000e+00   1.5747950e-03
   1.8900000e+02   1.0000000e+00   1.5592732e-03
   1.9000000e+02   0.0000000e+00   1.5439044e-03
   1.9100000e+02   0.0000000e+00   1.5286870e-03
   1.9200000e+02   0.0000000e+00   1.5136197e-03
   1.9300000e+02   2.0000000e+00   1.4987008e-03
   1.9400000e+02   0.0000000e+00   1.4839290e-03
   1.9500000e+02   0.0000000e+00   1.4693028e-03
   1.9600000e+02   0.0000000e+00   1.4548208e-03
   1.9700000e+02   0.0000000e+00   1.4404815e-03
   1.9800000e+02   3.0000000e+00   1.4262836e-03
   1.9900000e+02   0.0000000e+00   1.4122255e-03
   2.0000000e+02   0.0000000e+00   1.3983061e-03
   2.0100000e+02   0.0000000e+00   1.3845238e-03
   2.0200000e+02   0.0000000e+00   1.3708774e-03
   2.0300000e+02   1.0000000e+00   1.3573655e-03
   2.0400000e+02   0.0000000e+00   1.3439868e-03
   2.0500000e+02   1.0000000e+00   1.3307399e-03
   2.0600000e+02   3.0000000e+00   1.3176236e-03
   2.0700000e+02   2.0000000e+00   1.3046366e-03
   2.0800000e+02   1.0000000e+00   1.2917775e-03
   2.0900000e+02   1.0000000e+00   1.2790453e-03
   2.1000000e+02   1.0000000e+00   1.2664385e-03
   2.1100000e+02   0.0000000e+00   1.2539560e-03
   2.1200000e+02   0.0000000e+00   1.2415965e-03
   2.1300000e+02   1.0000000e+00   1.2293588e-03
   2.1400000e+02   1.0000000e+00   1.2172418e-03
   2.1500000e+02   0.0000000e+00   1.2052441e-03
   2.1600000e+02   0.0000000e+00   1.1933648e-03
   2.1700000e+02   0.0000000e+00   1.1816025e-03
   2.1800000e+02   0.0000000e+00   1.1699562e-03
   2.1900000e+02   2.0000000e+00   1.1584246e-03
   2.2000000e+02   0.0000000e+00   1.1470067e-03
   2.2100000e+02   1.0000000e+00   1.1357013e-03
   2.2200000e+02   2.0000000e+00   1.1245074e-03
   2.2300000e+02   1.0000000e+00   1.1134238e-03
   2.2400000e+02   1.0000000e+00   1.1024495e-03
   2.2500000e+02   0.0000000e+00   1.0915833e-03
   2.2600000e+02   1.0000000e+00   1.0808242e-03
   2.2700000e+02   0.0000000e+00   1.0701712e-03
   2.2800000e+02   0.0000000e+00   1.0596232e-03
   2.2900000e+02   1.0000000e+00   1.0491791e-03
   2.3000000e+02   0.0000000e+00   1.0388380e-03
   2.3100000e+02   1.0000000e+00   1.0285988e-03
   2.3200000e+02   1.0000000e+00   1.0184605e-03
   2.3300000e+02   0.0000000e+00   1.0084221e-03
   2.3400000e+02   1.0000000e+00   9.9848272e-04
   2.3500000e+02   0.0000000e+00   9.8864127e-04
   2.3600000e+02   0.0000000e+00   9.7889683e-04
   2.3700000e+02   1.0000000e+00   9.6924843e-04
   2.3800000e+02   0.0000000e+00   9.5969514e-04
   2.3900000e+02   1.0000000e+00   9.5023600e-04
   2.4000000e+02   1.0000000e+00   9.4087009e-04
   2.4100000e+02   0.0000000e+00   9.3159650e-04
   2.4200000e+02   1.0000000e+00   9.2241432e-04
   2.4300000e+02   0.0000000e+00   9.1332263e-04
   2.4400000e+02   0.0000000e+00   9.0432056e-04
   2.4500000e+02   0.0000000e+00   8.9540722e-04
   2.4600000e+02   1.0000000e+00   8.8658173e-04
   2.4700000e+02   0.0000000e+00   8.7784323e-04
   2.4800000e+02   0.0000000e+00   8.6919085e-04
   2.4900000e+02   0.0000000e+00   8.6062376e-04
   2.5000000e+02   0.0000000e+00   8.5214111e-04
   2.5100000e+02   0.0000000e+00   8.4374207e-04
   2.5200000e+02   0.0000000e+00   8.3542581e-04
   2.5300000e+02   0.0000000e+00   8.2719152e-04
   2.5400000e+02   0.0000000e+00   8.1903839e-04
   2.5500000e+02   1.0000000e+00   8.1096562e-04
   2.5600000e+02   0.0000000e+00   8.0297242e-04
   2.5700000e+02   0.0000000e+00   7.9505801e-04
   2.5800000e+02   0.0000000e+00   7.8722160e-04
   2.5900000e+02   0.0000000e+00   7.7946243e-04
   2.6000000e+02   0.0000000e+00   7.7177974e-04
   2.6100000e+02   1.0000000e+00   7.6417277e-04
   2.6200000e+02   0.0000000e+00   7.5664078e-04
   2.6300000e+02   1.0000000e+00   7.4918303e-04
   2.6400000e+02   0.0000000e+00   7.4179878e-04
   2.6500000e+02   1.0000000e+00   7.3448731e-04
   2.6600000e+02   0.0000000e+00   7.2724792e-04
   2.6700000e+02   1.0000000e+00   7.2007987e-04
   2.6800000e+02   0.0000000e+00   7.1298248e-04
   2.6900000e+02   0.0000000e+00   7.0595504e-04
   2.7000000e+02   0.0000000e+00   6.9899686e-04
   2.7100000e+02   1.0000000e+00   6.9210727e-04
   2.7200000e+02   0.0000000e+00   6.8528559e-04
   2.7300000e+02   1.0000000e+00   6.7853114e-04
   2.7400000e+02   0.0000000e+00   6.7184327e-04
   2.7500000e+02   1.0000000e+00   6.6522131e-04
   2.7600000e+02   0.0000000e+00   6.5866462e-04
   2.7700000e+02   0.0000000e+00   6.5217256e-04
   2.7800000e+02   0.0000000e+00   6.4574449e-04
   2.7900000e+02   0.0000000e+00   6.3937978e-04
   2.8000000e+02   0.0000000e+00   6.3307779e-04
   2.8100000e+02   0.0000000e+00   6.2683793e-04
   2.8200000e+02   1.0000000e+00   6.2065956e-04
   2.8300000e+02   2.0000000e+00   6.1454210e-04
   2.8400000e+02   0.0000000e+00   6.0848492e-04
   2.8500000e+02   0.0000000e+00   6.0248745e-04
   2.8600000e+02   0.0000000e+00   5.9654910e-04
   2.8700000e+02   0.0000000e+00   5.9066927e-04
   2.8800000e+02   0.0000000e+00   5.8484740e-04
   2.8900000e+02   1.0000000e+00   5.7908291e-04
   2.9000000e+02   0.0000000e+00   5.7337524e-04
   2.9100000e+02   1.0000000e+00   5.6772383e-04
   2.9200000e+02   0.0000000e+00   5.6212811e-04
   2.9300000e+02   0.0000000e+00   5.5658755e-04
   2.9400000e+02   0.0000000e+00   5.5110161e-04
   2.9500000e+02   0.0000000e+00   5.4566973e-04
   2.9600000e+02   0.0000000e+00   5.4029139e-04
   2.9700000e+02   0.0000000e+00   5.3496606e-04
   2.9800000e+02   1.0000000e+00   5.2969323e-04
   2.9900000e+02   0.0000000e+00   5.2447236e-04
   3.0000000e+02   0.0000000e+00   5.1930295e-04
   3.0100000e+02   1.0000000e+00   5.1418449e-04
   3.0200000e+02   0.0000000e+00   5.0911649e-04
   3.0300000e+02   0.0000000e+00   5.0409843e-04
   3.0400000e+02   0.0000000e+00   4.9912984e-04
   3.0500000e+02   0.0000000e+00   4.9421021e-04
   3.0600000e+02   0.0000000e+00   4.8933908e-04
   3.0700000e+02   1.0000000e+00   4.8451596e-04
   3.0800000e+02   0.0000000e+00   4.7974038e-04
   3.0900000e+02   1.0000000e+00   4.7501187e-04
   3.1000000e+02   1.0000000e+00   4.7032996e-04
   3.1100000e+02   1.0000000e+00   4.6569420e-04
   3.1200000e+02   0.0000000e+00   4.6110413e-04
   3.1300000e+02   1.0000000e+00   4.5655931e-04
   3.1400000e+02   0.0000000e+00   4.5205928e-04
   3.1500000e+02   0.0000000e+00   4.4760360e-04
   3.1600000e+02   0.0000000e+00   4.4319184e-04
   3.1700000e+02   0.0000000e+00   4.3882357e-04
   3.1800000e+02   0.0000000e+00   4.3449835e-04
   3.1900000e+02   0.0000000e+00   4.3021576e-04
   3.2000000e+02   0.0000000e+00   4.2597538e-04
   3.2100000e+02   2.0000000e+00   4.2177680e-04
   3.2200000e+02   0.0000000e+00   4.1761960e-04
   3.2300000e+02   0.0000000e+00   4.1350337e-04
   3.2400000e+02   0.0000000e+00   4.0942772e-04
   3.2500000e+02   0.0000000e+00   4.0539223e-04
   3.2600000e+02   1.0000000e+00   4.0139653e-04
   3.2700000e+02   1.0000000e+00   3.9744020e-04
   3.2800000e+02   0.0000000e+00   3.9352287e-04
   3.2900000e+02   0.0000000e+00   3.8964416e-04
   3.3000000e+02   0.0000000e+00   3.8580367e-04
   3.3100000e+02   0.0000000e+00   3.8200103e-04
   3.3200000e+02   0.0000000e+00   3.7823588e-04
   3.3300000e+02   0.0000000e+00   3.7450784e-04
   3.3400000e+02   0.0000000e+00   3.7081654e-04
   3.3500000e+02   0.0000000e+00   3.6716162e-04
   3.3600000e+02   1.0000000e+00   3.6354273e-04
   3.3700000e+02   0.0000000e+00   3.5995951e-04
   3.3800000e+02   0.0000000e+00   3.5641160e-04
   3.3900000e+02   0.0000000e+00   3.5289867e-04
   3.4000000e+02   0.0000000e+00   3.4942036e-04
   3.4100000e+02   0.0000000e+00   3.4597633e-04
   3.4200000e+02   0.0000000e+00   3.4256625e-04
   3.4300000e+02   0.0000000e+00   3.3918978e-04
   3.4400000e+02   0.0000000e+00   3.3584659e-04
   3.4500000e+02   0.0000000e+00   3.3253636e-04
   3.4600000e+02   0.0000000e+00   3.2925874e-04
   3.4700000e+02   0.0000000e+00   3.2601344e-04
   3.4800000e+02   0.0000000e+00   3.2280012e-04
   3.4900000e+02   0.0000000e+00   3.1961847e-04
   3.5000000e+02   0.0000000e+00   3.1646819e-04
   3.5100000e+02   0.0000000e+00   3.1334895e-04
   3.5200000e+02   0.0000000e+00   3.1026046e-04
   3.5300000e+02   0.0000000e+00   3.0720241e-04
   3.5400000e+02   0.0000000e+00   3.0417450e-04
   3.5500000e+02   0.0000000e+00   3.0117643e-04
   3.5600000e+02   0.0000000e+00   2.9820792e-04
   3.5700000e+02   1.0000000e+00   2.9526866e-04
   3.5800000e+02   0.0000000e+00   2.9235838e-04
   3.5900000e+02   0.0000000e+00   2.8947678e-04
   3.6000000e+02   2.0000000e+00   2.8662358e-04
   3.6100000e+02   0.0000000e+00   2.8379850e-04
   3.6200000e+02   0.0000000e+00   2.8100127e-04
   3.6300000e+02   0.0000000e+00   2.7823161e-04
   3.6400000e+02   1.0000000e+00   2.7548925e-04
   3.6500000e+02   0.0000000e+00   2.7277392e-04
   3.6600000e+02   0.0000000e+00   2.7008535e-04
   3.6700000e+02   0.0000000e+00   2.6742328e-04
   3.6800000e+02   0.0000000e+00   2.6478745e-04
   3.6900000e+02   0.0000000e+00   2.6217760e-04
   3.7000000e+02   0.0000000e+00   2.5959347e-04
   3.7100000e+02   0.0000000e+00   2.5703482e-04
   3.7200000e+02   0.0000000e+00   2.5450138e-04
   3.7300000e+02   0.0000000e+00   2.5199291e-04
   3.7400000e+02   0.0000000e+00   2.4950917e-04
   3.7500000e+02   0.0000000e+00   2.4704991e-04
   3.7600000e+02   0.0000000e+00   2.4461489e-04
   3.7700000e+02   0.0000000e+00   2.4220386e-04
   3.7800000e+02   0.0000000e+00   2.3981661e-04
   3.7900000e+02   0.0000000e+00   2.3745288e-04
   3.8000000e+02   0.0000000e+00   2.3511245e-04
   3.8100000e+02   0.0000000e+00   2.3279509e-04
   3.8200000e+02   0.0000000e+00   2.3050056e-04
   3.8300000e+02   0.0000000e+00   2.2822866e-04
   3.8400000e+02   1.0000000e+00   2.2597915e-04
   3.8500000e+02   0.0000000e+00   2.2375181e-04
   3.8600000e+02   0.0000000e+00   2.2154642e-04
   3.8700000e+02   0.0000000e+00   2.1936277e-04
   3.8800000e+02   0.0000000e+00   2.1720064e-04
   3.8900000e+02   0.0000000e+00   2.1505983e-04
   3.9000000e+02   0.0000000e+00   2.1294011e-04
   3.9100000e+02   0.0000000e+00   2.1084129e-04
   3.9200000e+02   0.0000000e+00   2.0876315e-04
   3.9300000e+02   0.0000000e+00   2.0670550e-04
   3.9400000e+02   0.0000000e+00   2.0466813e-04
   3.9500000e+02   0.0000000e+00   2.0265084e-04
   3.9600000e+02   0.0000000e+00   2.0065343e-04
   3.9700000e+02   1.0000000e+00   1.9867571e-04
   3.9800000e+02   0.0000000e+00   1.9671748e-04
   3.9900000e+02   0.0000000e+00   1.9477856e-04
   4.0000000e+02   0.0000000e+00   1.9285874e-04
   4.0100000e+02   0.0000000e+00   1.9095785e-04
   4.0200000e+02   0.0000000e+00   1.8907569e-04
   4.0300000e+02   0.0000000e+00   1.8721209e-04
   4.0400000e+02   0.0000000e+00   1.8536685e-04
   4.0500000e+02   1.0000000e+00   1.8353980e-04
   4.0600000e+02   1.0000000e+00   1.8173076e-04
   4.0700000e+02   0.0000000e+00   1.7993955e-04
   4.0800000e+02   0.0000000e+00   1.7816599e-04
   4.0900000e+02   0.0000000e+00   1.7640992e-04
   4.1000000e+02   0.0000000e+00   1.7467115e-04
   4.1100000e+02   0.0000000e+00   1.7294952e-04
   4.1200000e+02   0.0000000e+00   1.7124486e-04
   4.1300000e+02   0.0000000e+00   1.6955701e-04
   4.1400000e+02   0.0000000e+00   1.6788579e-04
   4.1500000e+02   0.0000000e+00   1.6623104e-04
   4.1600000e+02   0.0000000e+00   1.6459260e-04
   4.1700000e+02   0.0000000e+00   1.6297031e-04
   4.1800000e+02   0.0000000e+00   1.6136401e-04
   4.1900000e+02   0.0000000e+00   1.5977354e-04
   4.2000000e+02   1.0000000e+00   1.5819875e-04
   4.2100000e+02   1.0000000e+00   1.5663948e-04
   4.2200000e+02   0.0000000e+00   1.5509558e-04
   4.2300000e+02   0.0000000e+00   1.5356689e-04
   4.2400000e+02   0.0000000e+00   1.5205328e-04
   4.2500000e+02   0.0000000e+00   1.5055458e-04
   4.2600000e+02   0.0000000e+00   1.4907065e-04
   4.2700000e+02   0.0000000e+00   1.4760135e-04
   4.2800000e+02   0.0000000e+00   1.4614653e-04
   4.2900000e+02   0.0000000e+00   1.4470606e-04
   4.3000000e+02   0.0000000e+00   1.4327978e-04
   4.3100000e+02   0.0000000e+00   1.4186755e-04
   4.3200000e+02   0.0000000e+00   1.4046925e-04
   4.3300000e+02   0.0000000e+00   1.3908473e-04
   4.3400000e+02   0.0000000e+00   1.3771385e-04
   4.3500000e+02   0.0000000e+00   1.3635649e-04
   4.3600000e+02   0.0000000e+00   1.3501251e-04
   4.3700000e+02   0.0000000e+00   1.3368177e-04
   4.3800000e+02   0.0000000e+00   1.3236415e-04
   4.3900000e+02   0.0000000e+00   1.3105952e-04
   4.4000000e+02   0.0000000e+00   1.2976774e-04
   4.4100000e+02   0.0000000e+00   1.2848870e-04
   4.4200000e+02   0.0000000e+00   1.2722226e-04
   4.4300000e+02   0.0000000e+00   1.2596831e-04
   4.4400000e+02   1.0000000e+00   1.2472672e-04
   4.4500000e+02   0.0000000e+00   1.2349736e-04
   4.4600000e+02   0.0000000e+00   1.2228012e-04
   4.4700000e+02   0.0000000e+00   1.2107488e-04
   4.4800000e+02   0.0000000e+00   1.1988152e-04
   4.4900000e+02   0.0000000e+00   1.1869992e-04
   4.5000000e+02   1.0000000e+00   1.1752996e-04
   4.5100000e+02   0.0000000e+00   1.1637154e-04
   4.5200000e+02   0.0000000e+00   1.1522454e-04
   4.5300000e+02   0.0000000e+00   1.1408884e-04
   4.5400000e+02   0.0000000e+00   1.1296433e-04
   4.5500000e+02   0.0000000e+00   1.1185091e-04
   4.5600000e+02   0.0000000e+00   1.1074846e-04
   4.5700000e+02   0.0000000e+00   1.0965688e-04
   4.5800000e+02   0.0000000e+00   1.0857606e-04
   4.5900000e+02   0.0000000e+00   1.0750589e-04
   4.6000000e+02   0.0000000e+00   1.0644627e-04
   4.6100000e+02   0.0000000e+00   1.0539710e-04
   4.6200000e+02   1.0000000e+00   1.0435826e-04
   4.6300000e+02   0.0000000e+00   1.0332966e-04
   4.6400000e+02   0.0000000e+00   1.0231120e-04
   4.6500000e+02   0.0000000e+00   1.0130278e-04
   4.6600000e+02   0.0000000e+00   1.0030430e-04
   4.6700000e+02   0.0000000e+00   9.9315665e-05
   4.6800000e+02   0.0000000e+00   9.8336770e-05
   4.6900000e+02   0.0000000e+00   9.7367524e-05
   4.7000000e+02   0.0000000e+00   9.6407831e-05
   4.7100000e+02   0.0000000e+00   9.5457597e-05
   4.7200000e+02   0.0000000e+00   9.4516728e-05
   4.7300000e+02   0.0000000e+00   9.3585134e-05
   4.7400000e+02   0.0000000e+00   9.2662722e-05
   4.7500000e+02   0.0000000e+00   9.1749401e-05
   4.7600000e+02   0.0000000e+00   9.0845082e-05
   4.7700000e+02   0.0000000e+00   8.9949677e-05
   4.7800000e+02   0.0000000e+00   8.9063097e-05
   4.7900000e+02   1.0000000e+00   8.8185256e-05
   4.8000000e+02   0.0000000e+00   8.7316067e-05
   4.8100000e+02   0.0000000e+00   8.6455445e-05
   4.8200000e+02   0.0000000e+00   8.5603306e-05
   4.8300000e+02   0.0000000e+00   8.4759565e-05
   4.8400000e+02   0.0000000e+00   8.3924141e-05
   4.8500000e+02   0.0000000e+00   8.3096951e-05
   4.8600000e+02   0.0000000e+00   8.2277915e-05
   4.8700000e+02   0.0000000e+00   8.1466951e-05
   4.8800000e+02   0.0000000e+00   8.0663980e-05
   4.8900000e+02   0.0000000e+00   7.9868924e-05
   4.9000000e+02   0.0000000e+00   7.9081704e-05
   4.9100000e+02   0.0000000e+00   7.8302243e-05
   4.9200000e+02   0.0000000e+00   7.7530465e-05
   4.9300000e+02   0.0000000e+00   7.6766294e-05
   4.9400000e+02   0.0000000e+00   7.6009655e-05
   4.9500000e+02   0.0000000e+00   7.5260473e-05
   4.9600000e+02   0.0000000e+00   7.4518676e-05
   4.9700000e+02   0.0000000e+00   7.3784190e-05
   4.9800000e+02   0.0000000e+00   7.3056944e-05
   4.9900000e+02   0.0000000e+00   7.2336866e-05
   5.0000000e+02   0.0000000e+00   7.1623885e-05
   5.0100000e+02   0.0000000e+00   7.0917931e-05
   5.0200000e+02   0.0000000e+00   7.0218936e-05
   5.0300000e+02   0.0000000e+00   6.9526830e-05
   5.0400000e+02   0.0000000e+00   6.8841546e-05
   5.0500000e+02   0.0000000e+00   6.8163016e-05
   5.0600000e+02   0.0000000e+00   6.7491174e-05
   5.0700000e+02   0.0000000e+00   6.6825954e-05
   5.0800000e+02   0.0000000e+00   6.6167291e-05
   5.0900000e+02   0.0000000e+00   6.5515120e-05
   5.1000000e+02   0.0000000e+00   6.4869377e-05
   5.1100000e+02   0.0000000e+00   6.4229999e-05
   5.1200000e+02   0.0000000e+00   6.3596922e-05
   5.1300000e+02   0.0000000e+00   6.2970086e-05
   5.1400000e+02   0.0000000e+00   6.2349427e-05
   5.1500000e+02   0.0000000e+00   6.1734886e-05
   5.1600000e+02   0.0000000e+00   6.1126403e-05
   5.1700000e+02   0.0000000e+00   6.0523917e-05
   5.1800000e+02   0.0000000e+00   5.9927369e-05
   5.1900000e+02   0.0000000e+00   5.9336701e-05
   5.2000000e+02   0.0000000e+00   5.8751855e-05
   5.2100000e+02   1.0000000e+00   5.8172773e-05
   5.2200000e+02   0.0000000e+00   5.7599399e-05
   5.2300000e+02   0.0000000e+00   5.7031676e-05
   5.2400000e+02   0.0000000e+00   5.6469549e-05
   5.2500000e+02   0.0000000e+00   5.5912963e-05
   5.2600000e+02   0.0000000e+00   5.5361863e-05
   5.2700000e+02   0.0000000e+00   5.4816194e-05
   5.2800000e+02   0.0000000e+00   5.4275904e-05
   5.2900000e+02   0.0000000e+00   5.3740939e-05
   5.3000000e+02   0.0000000e+00   5.3211247e-05
   5.3100000e+02   0.0000000e+00   5.2686776e-05
   5.3200000e+02   0.0000000e+00   5.2167474e-05
   5.3300000e+02   0.0000000e+00   5.1653290e-05
   5.3400000e+02   0.0000000e+00   5.1144175e-05
   5.3500000e+02   0.0000000e+00   5.0640078e-05
   5.3600000e+02   0.0000000e+00   5.0140949e-05
   5.3700000e+02   0.0000000e+00   4.9646740e-05
   5.3800000e+02   0.0000000e+00   4.9157402e-05
   5.3900000e+02   0.0000000e+00   4.8672887e-05
   5.4000000e+02   0.0000000e+00   4.8193147e-05
   5.4100000e+02   0.0000000e+00   4.7718136e-05
   5.4200000e+02   0.0000000e+00   4.7247807e-05
   5.4300000e+02   0.0000000e+00   4.6782114e-05
   5.4400000e+02   0.0000000e+00   4.6321011e-05
   5.4500000e+02   0.0000000e+00   4.5864453e-05
   5.4600000e+02   0.0000000e+00   4.5412394e-05
   5.4700000e+02   0.0000000e+00   4.4964792e-05
   5.4800000e+02   0.0000000e+00   4.4521601e-05
   5.4900000e+02   0.0000000e+00   4.4082778e-05
   5.5000000e+02   0.0000000e+00   4.3648281e-05
   5.5100000e+02   0.0000000e+00   4.3218066e-05
   5.5200000e+02   0.0000000e+00   4.2792092e-05
   5.5300000e+02   0.0000000e+00   4.2370316e-05
   5.5400000e+02   0.0000000e+00   4.1952697e-05
   5.5500000e+02   0.0000000e+00   4.1539194e-05
   5.5600000e+02   0.0000000e+00   4.1129768e-05
   5.5700000e+02   0.0000000e+00   4.0724376e-05
   5.5800000e+02   0.0000000e+00   4.0322981e-05
   5.5900000e+02   0.0000000e+00   3.9925541e-05
   5.6000000e+02   0.0000000e+00   3.9532019e-05
   5.6100000e+02   0.0000000e+00   3.9142376e-05
   5.6200000e+02   0.0000000e+00   3.8756573e-05
   5.6300000e+02   0.0000000e+00   3.8374573e-05
   5.6400000e+02   0.0000000e+00   3.7996338e-05
   5.6500000e+02   0.0000000e+00   3.7621831e-05
   5.6600000e+02   0.0000000e+00   3.7251015e-05
   5.6700000e+02   0.0000000e+00   3.6883854e-05
   5.6800000e+02   0.0000000e+00   3.6520312e-05
   5.6900000e+02   0.0000000e+00   3.6160353e-05
   5.7000000e+02   0.0000000e+00   3.5803943e-05
   5.7100000e+02   0.0000000e+00   3.5451045e-05
   5.7200000e+02   0.0000000e+00   3.5101625e-05
   5.7300000e+02   0.0000000e+00   3.4755649e-05
   5.7400000e+02   0.0000000e+00   3.4413084e-05
   5.7500000e+02   0.0000000e+00   3.4073895e-05
   5.7600000e+02   0.0000000e+00   3.3738049e-05
   5.7700000e+02   0.0000000e+00   3.3405513e-05
   5.7800000e+02   0.0000000e+00   3.3076255e-05
   5.7900000e+02   0.0000000e+00   3.2750243e-05
   5.8000000e+02   0.0000000e+00   3.2427443e-05
   5.8100000e+02   0.0000000e+00   3.2107825e-05
   5.8200000e+02   0.0000000e+00   3.1791358e-05
   5.8300000e+02   0.0000000e+00   3.1478010e-05
   5.8400000e+02   0.0000000e+00   3.1167750e-05
   5.8500000e+02   0.0000000e+00   3.0860548e-05
   5.8600000e+02   0.0000000e+00   3.0556374e-05
   5.8700000e+02   0.0000000e+00   3.0255198e-05
   5.8800000e+02   0.0000000e+00   2.9956991e-05
   5.8900000e+02   0.0000000e+00   2.9661723e-05
   5.9000000e+02   0.0000000e+00   2.9369365e-05
   5.9100000e+02   0.0000000e+00   2.9079889e-05
   5.9200000e+02   0.0000000e+00   2.8793266e-05
   5.9300000e+02   0.0000000e+00   2.8509468e-05
   5.9400000e+02   0.0000000e+00   2.8228468e-05
   5.9500000e+02   0.0000000e+00   2.7950237e-05
   5.9600000e+02   0.0000000e+00   2.7674748e-05
   5.9700000e+02   0.0000000e+00   2.7401975e-05
   5.9800000e+02   0.0000000e+00   2.7131890e-05
   5.9900000e+02   0.0000000e+00   2.6864467e-05
   6.0000000e+02   0.0000000e+00   2.6599680e-05
   6.0100000e+02   0.0000000e+00   2.6337503e-05
   6.0200000e+02   0.0000000e+00   2.6077910e-05
   6.0300000e+02   0.0000000e+00   2.5820876e-05
   6.0400000e+02   0.0000000e+00   2.5566375e-05
   6.0500000e+02   0.0000000e+00   2.5314383e-05
   6.0600000e+02   0.0000000e+00   2.5064874e-05
   6.0700000e+02   0.0000000e+00   2.4817825e-05
   6.0800000e+02   0.0000000e+00   2.4573210e-05
   6.0900000e+02   0.0000000e+00   2.4331007e-05
   6.1000000e+02   0.0000000e+00   2.4091191e-05
   6.1100000e+02   0.0000000e+00   2.3853738e-05
   6.1200000e+02   0.0000000e+00   2.3618627e-05
   6.1300000e+02   0.0000000e+00   2.3385832e-05
   6.1400000e+02   0.0000000e+00   2.3155332e-05
   6.1500000e+02   0.0000000e+00   2.2927104e-05
   6.1600000e+02   0.0000000e+00   2.2701125e-05
   6.1700000e+02   0.0000000e+00   2.2477374e-05
   6.1800000e+02   0.0000000e+00   2.2255828e-05
   6.1900000e+02   0.0000000e+00   2.2036465e-05
   6.2000000e+02   0.0000000e+00   2.1819265e-05
   6.2100000e+02   0.0000000e+00   2.1604206e-05
   6.2200000e+02   0.0000000e+00   2.1391266e-05
   6.2300000e+02   0.0000000e+00   2.1180425e-05
   6.2400000e+02   0.0000000e+00   2.0971663e-05
   6.2500000e+02   0.0000000e+00   2.0764958e-05
   6.2600000e+02   0.0000000e+00   2.0560290e-05
   6.2700000e+02   0.0000000e+00   2.0357640e-05
   6.2800000e+02   0.0000000e+00   2.0156987e-05
   6.2900000e+02   0.0000000e+00   1.9958311e-05
   6.3000000e+02   0.0000000e+00   1.9761594e-05
   6.3100000e+02   0.0000000e+00   1.9566816e-05
   6.3200000e+02   0.0000000e+00   1.9373958e-05
   6.3300000e+02   0.0000000e+00   1.9183000e-05
   6.3400000e+02   0.0000000e+00   1.8993925e-05
   6.3500000e+02   0.0000000e+00   1.8806713e-05
   6.3600000e+02   0.0000000e+00   1.8621347e-05
   6.3700000e+02   0.0000000e+00   1.8437807e-05
   6.3800000e+02   0.0000000e+00   1.8256077e-05
   6.3900000e+02   0.0000000e+00   1.8076138e-05
   6.4000000e+02   0.0000000e+00   1.7897972e-05
   6.4100000e+02   0.0000000e+00   1.7721563e-05
   6.4200000e+02   0.0000000e+00   1.7546892e-05
   6.4300000e+02   0.0000000e+00   1.7373943e-05
   6.4400000e+02   0.0000000e+00   1.7202698e-05
   6.4500000e+02   0.0000000e+00   1.7033142e-05
   6.4600000e+02   0.0000000e+00   1.6865256e-05
   6.4700000e+02   0.0000000e+00   1.6699026e-05
   6.4800000e+02   0.0000000e+00   1.6534433e-05
   6.4900000e+02   0.0000000e+00   1.6371463e-05
   6.5000000e+02   0.0000000e+00   1.6210100e-05
   6.5100000e+02   0.0000000e+00   1.6050326e-05
   6.5200000e+02   0.0000000e+00   1.5892128e-05
   6.5300000e+02   0.0000000e+00   1.5735489e-05
   6.5400000e+02   0.0000000e+00   1.5580394e-05
   6.5500000e+02   0.0000000e+00   1.5426827e-05
   6.5600000e+02   0.0000000e+00   1.5274774e-05
   6.5700000e+02   0.0000000e+00   1.5124220e-05
   6.5800000e+02   0.0000000e+00   1.4975150e-05
   6.5900000e+02   0.0000000e+00   1.4827549e-05
   6.6000000e+02   0.0000000e+00   1.4681402e-05
   6.6100000e+02   0.0000000e+00   1.4536697e-05
   6.6200000e+02   0.0000000e+00   1.4393417e-05
   6.6300000e+02   0.0000000e+00   1.4251550e-05
   6.6400000e+02   0.0000000e+00   1.4111081e-05
   6.6500000e+02   0.0000000e+00   1.3971996e-05
   6.6600000e+02   0.0000000e+00   1.3834283e-05
   6.6700000e+02   0.0000000e+00   1.3697927e-05
   6.6800000e+02   0.0000000e+00   1.3562914e-05
   6.6900000e+02   0.0000000e+00   1.3429233e-05
   6.7000000e+02   0.0000000e+00   1.3296869e-05
   6.7100000e+02   0.0000000e+00   1.3165810e-05
   6.7200000e+02   0.0000000e+00   1.3036042e-05
   6.7300000e+02   0.0000000e+00   1.2907554e-05
   6.7400000e+02   0.0000000e+00   1.2780332e-05
   6.7500000e+02   0.0000000e+00   1.2654364e-05
   6.7600000e+02   0.0000000e+00   1.2529637e-05
   6.7700000e+02   0.0000000e+00   1.2406140e-05
   6.7800000e+02   0.0000000e+00   1.2283861e-05
   6.7900000e+02   0.0000000e+00   1.2162786e-05
   6.8000000e+02   0.0000000e+00   1.2042905e-05
   6.8100000e+02   0.0000000e+00   1.1924205e-05
   6.8200000e+02   0.0000000e+00   1.1806675e-05
   6.8300000e+02   0.0000000e+00   1.1690304e-05
   6.8400000e+02   0.0000000e+00   1.1575080e-05
   6.8500000e+02   0.0000000e+00   1.1460991e-05
   6.8600000e+02   0.0000000e+00   1.1348027e-05
   6.8700000e+02   0.0000000e+00   1.1236176e-05
   6.8800000e+02   0.0000000e+00   1.1125428e-05
   6.8900000e+02   0.0000000e+00   1.1015771e-05
   6.9000000e+02   1.0000000e+00   1.0907196e-05
   6.9100000e+02   0.0000000e+00   1.0799690e-05
   6.9200000e+02   0.0000000e+00   1.0693244e-05
   6.9300000e+02   0.0000000e+00   1.0587847e-05
   6.9400000e+02   0.0000000e+00   1.0483489e-05
   6.9500000e+02   0.0000000e+00   1.0380160e-05
   6.9600000e+02   0.0000000e+00   1.0277849e-05
   6.9700000e+02   0.0000000e+00   1.0176546e-05
   6.9800000e+02   0.0000000e+00   1.0076242e-05
   6.9900000e+02   0.0000000e+00   9.9769264e-06
   7.0000000e+02   0.0000000e+00   9.8785899e-06
   7.0100000e+02   0.0000000e+00   9.7812226e-06
   7.0200000e+02   0.0000000e+00   9.6848149e-06
   7.0300000e+02   0.0000000e+00   9.5893576e-06
   7.0400000e+02   0.0000000e+00   9.4948410e-06
   7.0500000e+02   0.0000000e+00   9.4012561e-06
   7.0600000e+02   0.0000000e+00   9.3085936e-06
   7.0700000e+02   0.0000000e+00   9.2168444e-06
   7.0800000e+02   0.0000000e+00   9.1259995e-06
   7.0900000e+02   0.0000000e+00   9.0360500e-06
   7.1000000e+02   0.0000000e+00   8.9469871e-06
   7.1100000e+02   0.0000000e+00   8.8588020e-06
   7.1200000e+02   0.0000000e+00   8.7714861e-06
   7.1300000e+02   0.0000000e+00   8.6850309e-06
   7.1400000e+02   0.0000000e+00   8.5994277e-06
   7.1500000e+02   0.0000000e+00   8.5146684e-06
   7.1600000e+02   0.0000000e+00   8.4307444e-06
   7.1700000e+02   0.0000000e+00   8.3476476e-06
   7.1800000e+02   0.0000000e+00   8.2653699e-06
   7.1900000e+02   0.0000000e+00   8.1839031e-06
   7.2000000e+02   0.0000000e+00   8.1032393e-06
   7.2100000e+02   0.0000000e+00   8.0233705e-06
   7.2200000e+02   0.0000000e+00   7.9442890e-06
   7.2300000e+02   1.0000000e+00   7.8659869e-06
