   1.0000000e+00   8.0000000e+00   9.5446182e-03
   2.0000000e+00   7.0000000e+00   9.4535185e-03
   3.0000000e+00   6.0000000e+00   9.3632883e-03
   4.0000000e+00   3.0000000e+00   9.2739192e-03
   5.0000000e+00   3.0000000e+00   9.1854032e-03
   6.0000000e+00   3.0000000e+00   9.0977321e-03
   7.0000000e+00   7.0000000e+00   9.0108977e-03
   8.0000000e+00   2.0000000e+00   8.9248921e-03
   9.0000000e+00   5.0000000e+00   8.8397074e-03
   1.0000000e+01   6.0000000e+00   8.7553358e-03
   1.1000000e+01   6.0000000e+00   8.6717694e-03
   1.2000000e+01   5.0000000e+00   8.5890007e-03
   1.3000000e+01   2.0000000e+00   8.5070220e-03
   1.4000000e+01   5.0000000e+00   8.4258257e-03
   1.5000000e+01   7.0000000e+00   8.3454044e-03
   1.6000000e+01   9.0000000e+00   8.2657507e-03
   1.7000000e+01   0.0000000e+00   8.1868573e-03
   1.8000000e+01   3.0000000e+00   8.1087169e-03
   1.9000000e+01   4.0000000e+00   8.0313222e-03
   2.0000000e+01   7.0000000e+00   7.9546663e-03
   2.1000000e+01   5.0000000e+00   7.8787421e-03
   2.2000000e+01   2.0000000e+00   7.8035425e-03
   2.3000000e+01   1.0000000e+00   7.7290607e-03
   2.4000000e+01   6.0000000e+00   7.6552897e-03
   2.5000000e+01   3.0000000e+00   7.5822229e-03
   2.6000000e+01   3.0000000e+00   7.5098535e-03
   2.7000000e+01   3.0000000e+00   7.4381748e-03
   2.8000000e+01   6.0000000e+00   7.3671803e-03
   2.9000000e+01   3.0000000e+00   7.2968633e-03
   3.0000000e+01   3.0000000e+00   7.2272176e-03
   3.1000000e+01   3.0000000e+00   7.1582365e-03
   3.2000000e+01   3.0000000e+00   7.0899139e-03
   3.3000000e+01   4.0000000e+00   7.0222434e-03
   3.4000000e+01   5.0000000e+00   6.9552188e-03
   3.5000000e+01   5.0000000e+00   6.8888338e-03
   3.6000000e+01   3.0000000e+00   6.8230826e-03
   3.7000000e+01   2.0000000e+00   6.7579588e-03
   3.8000000e+01   6.0000000e+00   6.6934567e-03
   3.9000000e+01   4.0000000e+00   6.6295702e-03
   4.0000000e+01   4.0000000e+00   6.5662935e-03
   4.1000000e+01   4.0000000e+00   6.5036207e-03
   4.2000000e+01   2.0000000e+00   6.4415462e-03
   4.3000000e+01   6.0000000e+00   6.3800641e-03
   4.4000000e+01   4.0000000e+00   6.3191688e-03
   4.5000000e+01   2.0000000e+00   6.2588547e-03
   4.6000000e+01   4.0000000e+00   6.1991163e-03
   4.7000000e+01   2.0000000e+00   6.1399481e-03
   4.8000000e+01   2.0000000e+00   6.0813447e-03
   4.9000000e+01   0.0000000e+00   6.0233006e-03
   5.0000000e+01   2.0000000e+00   5.9658105e-03
   5.1000000e+01   2.0000000e+00   5.9088691e-03
   5.2000000e+01   3.0000000e+00   5.8524712e-03
   5.3000000e+01   2.0000000e+00   5.7966116e-03
   5.4000000e+01   2.0000000e+00   5.7412851e-03
   5.5000000e+01   2.0000000e+00   5.6864868e-03
   5.6000000e+01   0.0000000e+00   5.6322114e-03
   5.7000000e+01   1.0000000e+00   5.5784541e-03
   5.8000000e+01   2.0000000e+00   5.5252099e-03
   5.9000000e+01   1.0000000e+00   5.4724739e-03
   6.0000000e+01   2.0000000e+00   5.4202412e-03
   6.1000000e+01   2.0000000e+00   5.3685071e-03
   6.2000000e+01   5.0000000e+00   5.3172667e-03
   6.3000000e+01   4.0000000e+00   5.2665154e-03
   6.4000000e+01   2.0000000e+00   5.2162486e-03
   6.5000000e+01   2.0000000e+00   5.1664615e-03
   6.6000000e+01   2.0000000e+00   5.1171496e-03
   6.7000000e+01   7.0000000e+00   5.0683083e-03
   6.8000000e+01   3.0000000e+00   5.0199333e-03
   6.9000000e+01   2.0000000e+00   4.9720199e-03
   7.0000000e+01   2.0000000e+00   4.9245639e-03
   7.1000000e+01   0.0000000e+00   4.8775608e-03
   7.2000000e+01   2.0000000e+00   4.8310063e-03
   7.3000000e+01   1.0000000e+00   4.7848962e-03
   7.4000000e+01   3.0000000e+00   4.7392262e-03
   7.5000000e+01   2.0000000e+00   4.6939921e-03
   7.6000000e+01   2.0000000e+00   4.6491897e-03
   7.7000000e+01   0.0000000e+00   4.6048150e-03
   7.8000000e+01   0.0000000e+00   4.5608638e-03
   7.9000000e+01   5.0000000e+00   4.5173321e-03
   8.0000000e+01   1.0000000e+00   4.4742159e-03
   8.1000000e+01   6.0000000e+00   4.4315112e-03
   8.2000000e+01   4.0000000e+00   4.3892141e-03
   8.3000000e+01   2.0000000e+00   4.3473208e-03
   8.4000000e+01   3.0000000e+00   4.3058272e-03
   8.5000000e+01   1.0000000e+00   4.2647298e-03
   8.6000000e+01   1.0000000e+00   4.2240245e-03
   8.7000000e+01   1.0000000e+00   4.1837078e-03
   8.8000000e+01   3.0000000e+00   4.1437759e-03
   8.9000000e+01   4.0000000e+00   4.1042252e-03
   9.0000000e+01   0.0000000e+00   4.0650519e-03
   9.1000000e+01   3.0000000e+00   4.0262526e-03
   9.2000000e+01   4.0000000e+00   3.9878235e-03
   9.3000000e+01   0.0000000e+00   3.9497613e-03
   9.4000000e+01   0.0000000e+00   3.9120623e-03
   9.5000000e+01   1.0000000e+00   3.8747232e-03
   9.6000000e+01   1.0000000e+00   3.8377404e-03
   9.7000000e+01   2.0000000e+00   3.8011106e-03
   9.8000000e+01   0.0000000e+00   3.7648305e-03
   9.9000000e+01   2.0000000e+00   3.7288966e-03
   1.0000000e+02   2.0000000e+00   3.6933057e-03
   1.0100000e+02   2.0000000e+00   3.6580545e-03
   1.0200000e+02   3.0000000e+00   3.6231398e-03
   1.0300000e+02   0.0000000e+00   3.5885583e-03
   1.0400000e+02   3.0000000e+00   3.5543069e-03
   1.0500000e+02   1.0000000e+00   3.5203824e-03
   1.0600000e+02   2.0000000e+00   3.4867817e-03
   1.0700000e+02   3.0000000e+00   3.4535017e-03
   1.0800000e+02   1.0000000e+00   3.4205393e-03
   1.0900000e+02   0.0000000e+00   3.3878916e-03
   1.1000000e+02   3.0000000e+00   3.3555555e-03
   1.1100000e+02   1.0000000e+00   3.3235280e-03
   1.1200000e+02   0.0000000e+00   3.2918062e-03
   1.1300000e+02   4.0000000e+00   3.2603871e-03
   1.1400000e+02   3.0000000e+00   3.2292680e-03
   1.1500000e+02   1.0000000e+00   3.1984458e-03
   1.1600000e+02   3.0000000e+00   3.1679179e-03
   1.1700000e+02   1.0000000e+00   3.1376813e-03
   1.1800000e+02   3.0000000e+00   3.1077334e-03
   1.1900000e+02   3.0000000e+00   3.0780712e-03
   1.2000000e+02   1.0000000e+00   3.0486922e-03
   1.2100000e+02   1.0000000e+00   3.0195936e-03
   1.2200000e+02   0.0000000e+00   2.9907727e-03
   1.2300000e+02   0.0000000e+00   2.9622270e-03
   1.2400000e+02   1.0000000e+00   2.9339536e-03
   1.2500000e+02   1.0000000e+00   2.9059502e-03
   1.2600000e+02   1.0000000e+00   2.8782140e-03
   1.2700000e+02   4.0000000e+00   2.8507425e-03
   1.2800000e+02   0.0000000e+00   2.8235333e-03
   1.2900000e+02   2.0000000e+00   2.7965837e-03
   1.3000000e+02   2.0000000e+00   2.7698914e-03
   1.3100000e+02   1.0000000e+00   2.7434539e-03
   1.3200000e+02   1.0000000e+00   2.7172686e-03
   1.3300000e+02   1.0000000e+00   2.6913333e-03
   1.3400000e+02   1.0000000e+00   2.6656456e-03
   1.3500000e+02   2.0000000e+00   2.6402030e-03
   1.3600000e+02   0.0000000e+00   2.6150033e-03
   1.3700000e+02   0.0000000e+00   2.5900441e-03
   1.3800000e+02   2.0000000e+00   2.5653231e-03
   1.3900000e+02   2.0000000e+00   2.5408381e-03
   1.4000000e+02   1.0000000e+00   2.5165867e-03
   1.4100000e+02   0.0000000e+00   2.4925669e-03
   1.4200000e+02   0.0000000e+00   2.4687763e-03
   1.4300000e+02   1.0000000e+00   2.4452128e-03
   1.4400000e+02   0.0000000e+00   2.4218741e-03
   1.4500000e+02   3.0000000e+00   2.3987583e-03
   1.4600000e+02   0.0000000e+00   2.3758630e-03
   1.4700000e+02   1.0000000e+00   2.3531863e-03
   1.4800000e+02   2.0000000e+00   2.3307261e-03
   1.4900000e+02   3.0000000e+00   2.3084802e-03
   1.5000000e+02   2.0000000e+00   2.2864466e-03
   1.5100000e+02   0.0000000e+00   2.2646234e-03
   1.5200000e+02   1.0000000e+00   2.2430084e-03
   1.5300000e+02   3.0000000e+00   2.2215997e-03
   1.5400000e+02   2.0000000e+00   2.2003954e-03
   1.5500000e+02   0.0000000e+00   2.1793935e-03
   1.5600000e+02   2.0000000e+00   2.1585920e-03
   1.5700000e+02   2.0000000e+00   2.1379891e-03
   1.5800000e+02   2.0000000e+00   2.1175828e-03
   1.5900000e+02   1.0000000e+00   2.0973713e-03
   1.6000000e+02   0.0000000e+00   2.0773526e-03
   1.6100000e+02   1.0000000e+00   2.0575251e-03
   1.6200000e+02   3.0000000e+00   2.0378868e-03
   1.6300000e+02   0.0000000e+00   2.0184360e-03
   1.6400000e+02   1.0000000e+00   1.9991708e-03
   1.6500000e+02   1.0000000e+00   1.9800894e-03
   1.6600000e+02   2.0000000e+00   1.9611902e-03
   1.6700000e+02   2.0000000e+00   1.9424714e-03
   1.6800000e+02   2.0000000e+00   1.9239313e-03
   1.6900000e+02   0.0000000e+00   1.9055681e-03
   1.7000000e+02   0.0000000e+00   1.8873802e-03
   1.7100000e+02   0.0000000e+00   1.8693659e-03
   1.7200000e+02   0.0000000e+00   1.8515235e-03
   1.7300000e+02   2.0000000e+00   1.8338514e-03
   1.7400000e+02   0.0000000e+00   1.8163480e-03
   1.7500000e+02   2.0000000e+00   1.7990116e-03
   1.7600000e+02   0.0000000e+00   1.7818407e-03
   1.7700000e+02   0.0000000e+00   1.7648338e-03
   1.7800000e+02   1.0000000e+00   1.7479891e-03
   1.7900000e+02   2.0000000e+00   1.7313052e-03
   1.8000000e+02   1.0000000e+00   1.7147806e-03
   1.8100000e+02   2.0000000e+00   1.6984136e-03
   1.8200000e+02   0.0000000e+00   1.6822029e-03
   1.8300000e+02   0.0000000e+00   1.6661469e-03
   1.8400000e+02   3.0000000e+00   1.6502442e-03
   1.8500000e+02   1.0000000e+00   1.6344932e-03
   1.8600000e+02   1.0000000e+00   1.6188926e-03
   1.8700000e+02   0.0000000e+00   1.6034409e-03
   1.8800000e+02   0.0000000e+00   1.5881367e-03
   1.8900000e+02   0.0000000e+00   1.5729785e-03
   1.9000000e+02   0.0000000e+00   1.5579651e-03
   1.9100000e+02   3.0000000e+00   1.5430949e-03
   1.9200000e+02   1.0000000e+00   1.5283666e-03
   1.9300000e+02   1.0000000e+00   1.5137789e-03
   1.9400000e+02   0.0000000e+00   1.4993305e-03
   1.9500000e+02   0.0000000e+00   1.4850200e-03
   1.9600000e+02   1.0000000e+00   1.4708460e-03
   1.9700000e+02   1.0000000e+00   1.4568074e-03
   1.9800000e+02   2.0000000e+00   1.4429027e-03
   1.9900000e+02   2.0000000e+00   1.4291307e-03
   2.0000000e+02   1.0000000e+00   1.4154902e-03
   2.0100000e+02   0.0000000e+00   1.4019799e-03
   2.0200000e+02   2.0000000e+00   1.3885985e-03
   2.0300000e+02   0.0000000e+00   1.3753449e-03
   2.0400000e+02   0.0000000e+00   1.3622178e-03
   2.0500000e+02   2.0000000e+00   1.3492159e-03
   2.0600000e+02   0.0000000e+00   1.3363382e-03
   2.0700000e+02   0.0000000e+00   1.3235833e-03
   2.0800000e+02   1.0000000e+00   1.3109502e-03
   2.0900000e+02   0.0000000e+00   1.2984377e-03
   2.1000000e+02   0.0000000e+00   1.2860446e-03
   2.1100000e+02   2.0000000e+00   1.2737698e-03
   2.1200000e+02   0.0000000e+00   1.2616122e-03
   2.1300000e+02   2.0000000e+00   1.2495706e-03
   2.1400000e+02   1.0000000e+00   1.2376439e-03
   2.1500000e+02   0.0000000e+00   1.2258310e-03
   2.1600000e+02   0.0000000e+00   1.2141310e-03
   2.1700000e+02   1.0000000e+00   1.2025425e-03
   2.1800000e+02   0.0000000e+00   1.1910647e-03
   2.1900000e+02   1.0000000e+00   1.1796965e-03
   2.2000000e+02   1.0000000e+00   1.1684367e-03
   2.2100000e+02   0.0000000e+00   1.1572844e-03
   2.2200000e+02   1.0000000e+00   1.1462386e-03
   2.2300000e+02   0.0000000e+00   1.1352982e-03
   2.2400000e+02   1.0000000e+00   1.1244622e-03
   2.2500000e+02   3.0000000e+00   1.1137296e-03
   2.2600000e+02   0.0000000e+00   1.1030995e-03
   2.2700000e+02   1.0000000e+00   1.0925708e-03
   2.2800000e+02   0.0000000e+00   1.0821427e-03
   2.2900000e+02   2.0000000e+00   1.0718140e-03
   2.3000000e+02   0.0000000e+00   1.0615840e-03
   2.3100000e+02   2.0000000e+00   1.0514516e-03
   2.3200000e+02   0.0000000e+00   1.0414159e-03
   2.3300000e+02   0.0000000e+00   1.0314759e-03
   2.3400000e+02   0.0000000e+00   1.0216309e-03
   2.3500000e+02   1.0000000e+00   1.0118798e-03
   2.3600000e+02   0.0000000e+00   1.0022218e-03
   2.3700000e+02   1.0000000e+00   9.9265600e-04
   2.3800000e+02   0.0000000e+00   9.8318147e-04
   2.3900000e+02   0.0000000e+00   9.7379738e-04
   2.4000000e+02   0.0000000e+00   9.6450286e-04
   2.4100000e+02   1.0000000e+00   9.5529705e-04
   2.4200000e+02   0.0000000e+00   9.4617910e-04
   2.4300000e+02   1.0000000e+00   9.3714818e-04
   2.4400000e+02   0.0000000e+00   9.2820346e-04
   2.4500000e+02   0.0000000e+00   9.1934411e-04
   2.4600000e+02   0.0000000e+00   9.1056932e-04
   2.4700000e+02   0.0000000e+00   9.0187829e-04
   2.4800000e+02   0.0000000e+00   8.9327020e-04
   2.4900000e+02   0.0000000e+00   8.8474428e-04
   2.5000000e+02   1.0000000e+00   8.7629973e-04
   2.5100000e+02   0.0000000e+00   8.6793579e-04
   2.5200000e+02   0.0000000e+00   8.5965167e-04
   2.5300000e+02   0.0000000e+00   8.5144662e-04
   2.5400000e+02   0.0000000e+00   8.4331989e-04
   2.5500000e+02   1.0000000e+00   8.3527073e-04
   2.5600000e+02   0.0000000e+00   8.2729838e-04
   2.5700000e+02   0.0000000e+00   8.1940214e-04
   2.5800000e+02   0.0000000e+00   8.1158126e-04
   2.5900000e+02   1.0000000e+00   8.0383502e-04
   2.6000000e+02   0.0000000e+00   7.9616273e-04
   2.6100000e+02   0.0000000e+00   7.8856366e-04
   2.6200000e+02   0.0000000e+00   7.8103712e-04
   2.6300000e+02   0.0000000e+00   7.7358242e-04
   2.6400000e+02   0.0000000e+00   7.6619887e-04
   2.6500000e+02   0.0000000e+00   7.5888579e-04
   2.6600000e+02   0.0000000e+00   7.5164252e-04
   2.6700000e+02   0.0000000e+00   7.4446838e-04
   2.6800000e+02   0.0000000e+00   7.3736271e-04
   2.6900000e+02   0.0000000e+00   7.3032486e-04
   2.7000000e+02   0.0000000e+00   7.2335419e-04
   2.7100000e+02   1.0000000e+00   7.1645005e-04
   2.7200000e+02   0.0000000e+00   7.0961181e-04
   2.7300000e+02   0.0000000e+00   7.0283884e-04
   2.7400000e+02   0.0000000e+00   6.9613051e-04
   2.7500000e+02   0.0000000e+00   6.8948621e-04
   2.7600000e+02   0.0000000e+00   6.8290533e-04
   2.7700000e+02   0.0000000e+00   6.7638725e-04
   2.7800000e+02   0.0000000e+00   6.6993140e-04
   2.7900000e+02   0.0000000e+00   6.6353716e-04
   2.8000000e+02   1.0000000e+00   6.5720395e-04
   2.8100000e+02   0.0000000e+00   6.5093119e-04
   2.8200000e+02   0.0000000e+00   6.4471830e-04
   2.8300000e+02   1.0000000e+00   6.3856471e-04
   2.8400000e+02   1.0000000e+00   6.3246985e-04
   2.8500000e+02   0.0000000e+00   6.2643317e-04
   2.8600000e+02   2.0000000e+00   6.2045410e-04
   2.8700000e+02   1.0000000e+00   6.1453211e-04
   2.8800000e+02   1.0000000e+00   6.0866663e-04
   2.8900000e+02   0.0000000e+00   6.0285714e-04
   2.9000000e+02   0.0000000e+00   5.9710310e-04
   2.9100000e+02   0.0000000e+00   5.9140398e-04
   2.9200000e+02   0.0000000e+00   5.8575925e-04
   2.9300000e+02   1.0000000e+00   5.8016840e-04
   2.9400000e+02   1.0000000e+00   5.7463092e-04
   2.9500000e+02   0.0000000e+00   5.6914629e-04
   2.9600000e+02   0.0000000e+00   5.6371400e-04
   2.9700000e+02   0.0000000e+00   5.5833357e-04
   2.9800000e+02   0.0000000e+00   5.5300449e-04
   2.9900000e+02   0.0000000e+00   5.4772627e-04
   3.0000000e+02   0.0000000e+00   5.4249843e-04
   3.0100000e+02   0.0000000e+00   5.3732049e-04
   3.0200000e+02   1.0000000e+00   5.3219197e-04
   3.0300000e+02   0.0000000e+00   5.2711240e-04
   3.0400000e+02   0.0000000e+00   5.2208132e-04
   3.0500000e+02   0.0000000e+00   5.1709825e-04
   3.0600000e+02   0.0000000e+00   5.1216274e-04
   3.0700000e+02   1.0000000e+00   5.0727435e-04
   3.0800000e+02   0.0000000e+00   5.0243261e-04
   3.0900000e+02   0.0000000e+00   4.9763708e-04
   3.1000000e+02   1.0000000e+00   4.9288732e-04
   3.1100000e+02   0.0000000e+00   4.8818290e-04
   3.1200000e+02   0.0000000e+00   4.8352338e-04
   3.1300000e+02   0.0000000e+00   4.7890834e-04
   3.1400000e+02   0.0000000e+00   4.7433734e-04
   3.1500000e+02   0.0000000e+00   4.6980997e-04
   3.1600000e+02   0.0000000e+00   4.6532581e-04
   3.1700000e+02   0.0000000e+00   4.6088446e-04
   3.1800000e+02   0.0000000e+00   4.5648549e-04
   3.1900000e+02   0.0000000e+00   4.5212851e-04
   3.2000000e+02   0.0000000e+00   4.4781312e-04
   3.2100000e+02   1.0000000e+00   4.4353891e-04
   3.2200000e+02   0.0000000e+00   4.3930550e-04
   3.2300000e+02   1.0000000e+00   4.3511250e-04
   3.2400000e+02   0.0000000e+00   4.3095952e-04
   3.2500000e+02   0.0000000e+00   4.2684617e-04
   3.2600000e+02   0.0000000e+00   4.2277209e-04
   3.2700000e+02   0.0000000e+00   4.1873689e-04
   3.2800000e+02   0.0000000e+00   4.1474021e-04
   3.2900000e+02   0.0000000e+00   4.1078167e-04
   3.3000000e+02   1.0000000e+00   4.0686091e-04
   3.3100000e+02   1.0000000e+00   4.0297758e-04
   3.3200000e+02   0.0000000e+00   3.9913132e-04
   3.3300000e+02   0.0000000e+00   3.9532176e-04
   3.3400000e+02   0.0000000e+00   3.9154856e-04
   3.3500000e+02   1.0000000e+00   3.8781138e-04
   3.3600000e+02   0.0000000e+00   3.8410987e-04
   3.3700000e+02   0.0000000e+00   3.8044369e-04
   3.3800000e+02   0.0000000e+00   3.7681250e-04
   3.3900000e+02   0.0000000e+00   3.7321597e-04
   3.4000000e+02   0.0000000e+00   3.6965376e-04
   3.4100000e+02   0.0000000e+00   3.6612556e-04
   3.4200000e+02   0.0000000e+00   3.6263103e-04
   3.4300000e+02   0.0000000e+00   3.5916986e-04
   3.4400000e+02   0.0000000e+00   3.5574172e-04
   3.4500000e+02   0.0000000e+00   3.5234630e-04
   3.4600000e+02   0.0000000e+00   3.4898329e-04
   3.4700000e+02   0.0000000e+00   3.4565237e-04
   3.4800000e+02   0.0000000e+00   3.4235325e-04
   3.4900000e+02   0.0000000e+00   3.3908562e-04
   3.5000000e+02   0.0000000e+00   3.3584918e-04
   3.5100000e+02   0.0000000e+00   3.3264363e-04
   3.5200000e+02   0.0000000e+00   3.2946867e-04
   3.5300000e+02   1.0000000e+00   3.2632402e-04
   3.5400000e+02   0.0000000e+00   3.2320938e-04
   3.5500000e+02   0.0000000e+00   3.2012447e-04
   3.5600000e+02   0.0000000e+00   3.1706901e-04
   3.5700000e+02   0.0000000e+00   3.1404270e-04
   3.5800000e+02   0.0000000e+00   3.1104529e-04
   3.5900000e+02   0.0000000e+00   3.0807648e-04
   3.6000000e+02   0.0000000e+00   3.0513600e-04
   3.6100000e+02   0.0000000e+00   3.0222360e-04
   3.6200000e+02   0.0000000e+00   2.9933899e-04
   3.6300000e+02   0.0000000e+00   2.9648191e-04
   3.6400000e+02   1.0000000e+00   2.9365211e-04
   3.6500000e+02   0.0000000e+00   2.9084931e-04
   3.6600000e+02   0.0000000e+00   2.8807326e-04
   3.6700000e+02   0.0000000e+00   2.8532371e-04
   3.6800000e+02   0.0000000e+00   2.8260041e-04
   3.6900000e+02   0.0000000e+00   2.7990309e-04
   3.7000000e+02   0.0000000e+00   2.7723153e-04
   3.7100000e+02   1.0000000e+00   2.7458546e-04
   3.7200000e+02   0.0000000e+00   2.7196464e-04
   3.7300000e+02   0.0000000e+00   2.6936885e-04
   3.7400000e+02   0.0000000e+00   2.6679782e-04
   3.7500000e+02   0.0000000e+00   2.6425134e-04
   3.7600000e+02   0.0000000e+00   2.6172916e-04
   3.7700000e+02   0.0000000e+00   2.5923106e-04
   3.7800000e+02   0.0000000e+00   2.5675679e-04
   3.7900000e+02   1.0000000e+00   2.5430615e-04
   3.8000000e+02   0.0000000e+00   2.5187889e-04
   3.8100000e+02   0.0000000e+00   2.4947481e-04
   3.8200000e+02   0.0000000e+00   2.4709366e-04
   3.8300000e+02   0.0000000e+00   2.4473525e-04
   3.8400000e+02   0.0000000e+00   2.4239935e-04
   3.8500000e+02   1.0000000e+00   2.4008574e-04
   3.8600000e+02   1.0000000e+00   2.3779421e-04
   3.8700000e+02   0.0000000e+00   2.3552455e-04
   3.8800000e+02   0.0000000e+00   2.3327656e-04
   3.8900000e+02   0.0000000e+00   2.3105003e-04
   3.9000000e+02   0.0000000e+00   2.2884474e-04
   3.9100000e+02   1.0000000e+00   2.2666051e-04
   3.9200000e+02   0.0000000e+00   2.2449712e-04
   3.9300000e+02   0.0000000e+00   2.2235438e-04
   3.9400000e+02   0.0000000e+00   2.2023209e-04
   3.9500000e+02   0.0000000e+00   2.1813006e-04
   3.9600000e+02   1.0000000e+00   2.1604809e-04
   3.9700000e+02   0.0000000e+00   2.1398600e-04
   3.9800000e+02   0.0000000e+00   2.1194358e-04
   3.9900000e+02   0.0000000e+00   2.0992066e-04
   4.0000000e+02   1.0000000e+00   2.0791705e-04
   4.0100000e+02   0.0000000e+00   2.0593256e-04
   4.0200000e+02   0.0000000e+00   2.0396701e-04
   4.0300000e+02   0.0000000e+00   2.0202022e-04
   4.0400000e+02   0.0000000e+00   2.0009202e-04
   4.0500000e+02   0.0000000e+00   1.9818222e-04
   4.0600000e+02   1.0000000e+00   1.9629064e-04
   4.0700000e+02   0.0000000e+00   1.9441712e-04
   4.0800000e+02   0.0000000e+00   1.9256149e-04
   4.0900000e+02   0.0000000e+00   1.9072356e-04
   4.1000000e+02   0.0000000e+00   1.8890318e-04
   4.1100000e+02   0.0000000e+00   1.8710017e-04
   4.1200000e+02   0.0000000e+00   1.8531437e-04
   4.1300000e+02   0.0000000e+00   1.8354561e-04
   4.1400000e+02   1.0000000e+00   1.8179374e-04
   4.1500000e+02   0.0000000e+00   1.8005859e-04
   4.1600000e+02   0.0000000e+00   1.7834000e-04
   4.1700000e+02   0.0000000e+00   1.7663781e-04
   4.1800000e+02   0.0000000e+00   1.7495187e-04
   4.1900000e+02   0.0000000e+00   1.7328202e-04
   4.2000000e+02   1.0000000e+00   1.7162811e-04
   4.2100000e+02   0.0000000e+00   1.6998999e-04
   4.2200000e+02   0.0000000e+00   1.6836750e-04
   4.2300000e+02   0.0000000e+00   1.6676049e-04
   4.2400000e+02   0.0000000e+00   1.6516883e-04
   4.2500000e+02   0.0000000e+00   1.6359235e-04
   4.2600000e+02   0.0000000e+00   1.6203093e-04
   4.2700000e+02   0.0000000e+00   1.6048440e-04
   4.2800000e+02   0.0000000e+00   1.5895264e-04
   4.2900000e+02   0.0000000e+00   1.5743550e-04
   4.3000000e+02   0.0000000e+00   1.5593284e-04
   4.3100000e+02   0.0000000e+00   1.5444452e-04
   4.3200000e+02   0.0000000e+00   1.5297041e-04
   4.3300000e+02   0.0000000e+00   1.5151036e-04
   4.3400000e+02   0.0000000e+00   1.5006425e-04
   4.3500000e+02   0.0000000e+00   1.4863195e-04
   4.3600000e+02   0.0000000e+00   1.4721331e-04
   4.3700000e+02   0.0000000e+00   1.4580822e-04
   4.3800000e+02   0.0000000e+00   1.4441653e-04
   4.3900000e+02   0.0000000e+00   1.4303813e-04
   4.4000000e+02   0.0000000e+00   1.4167289e-04
   4.4100000e+02   1.0000000e+00   1.4032067e-04
   4.4200000e+02   0.0000000e+00   1.3898137e-04
   4.4300000e+02   0.0000000e+00   1.3765484e-04
   4.4400000e+02   0.0000000e+00   1.3634098e-04
   4.4500000e+02   0.0000000e+00   1.3503966e-04
   4.4600000e+02   0.0000000e+00   1.3375076e-04
   4.4700000e+02   0.0000000e+00   1.3247416e-04
   4.4800000e+02   0.0000000e+00   1.3120974e-04
   4.4900000e+02   0.0000000e+00   1.2995739e-04
   4.5000000e+02   0.0000000e+00   1.2871700e-04
   4.5100000e+02   0.0000000e+00   1.2748844e-04
   4.5200000e+02   0.0000000e+00   1.2627162e-04
   4.5300000e+02   0.0000000e+00   1.2506640e-04
   4.5400000e+02   0.0000000e+00   1.2387269e-04
   4.5500000e+02   0.0000000e+00   1.2269037e-04
   4.5600000e+02   0.0000000e+00   1.2151934e-04
   4.5700000e+02   0.0000000e+00   1.2035948e-04
   4.5800000e+02   0.0000000e+00   1.1921070e-04
   4.5900000e+02   0.0000000e+00   1.1807288e-04
   4.6000000e+02   0.0000000e+00   1.1694592e-04
   4.6100000e+02   0.0000000e+00   1.1582971e-04
   4.6200000e+02   0.0000000e+00   1.1472416e-04
   4.6300000e+02   0.0000000e+00   1.1362917e-04
   4.6400000e+02   0.0000000e+00   1.1254462e-04
   4.6500000e+02   0.0000000e+00   1.1147042e-04
   4.6600000e+02   0.0000000e+00   1.1040648e-04
   4.6700000e+02   0.0000000e+00   1.0935269e-04
   4.6800000e+02   0.0000000e+00   1.0830896e-04
   4.6900000e+02   1.0000000e+00   1.0727520e-04
   4.7000000e+02   0.0000000e+00   1.0625129e-04
   4.7100000e+02   0.0000000e+00   1.0523717e-04
   4.7200000e+02   0.0000000e+00   1.0423272e-04
   4.7300000e+02   0.0000000e+00   1.0323786e-04
   4.7400000e+02   0.0000000e+00   1.0225249e-04
   4.7500000e+02   0.0000000e+00   1.0127653e-04
   4.7600000e+02   0.0000000e+00   1.0030988e-04
   4.7700000e+02   0.0000000e+00   9.9352464e-05
   4.7800000e+02   0.0000000e+00   9.8404183e-05
   4.7900000e+02   0.0000000e+00   9.7464952e-05
   4.8000000e+02   0.0000000e+00   9.6534687e-05
   4.8100000e+02   0.0000000e+00   9.5613300e-05
   4.8200000e+02   0.0000000e+00   9.4700708e-05
   4.8300000e+02   0.0000000e+00   9.3796825e-05
   4.8400000e+02   0.0000000e+00   9.2901571e-05
   4.8500000e+02   0.0000000e+00   9.2014861e-05
   4.8600000e+02   0.0000000e+00   9.1136614e-05
   4.8700000e+02   0.0000000e+00   9.0266750e-05
   4.8800000e+02   0.0000000e+00   8.9405188e-05
   4.8900000e+02   0.0000000e+00   8.8551850e-05
   4.9000000e+02   1.0000000e+00   8.7706656e-05
   4.9100000e+02   0.0000000e+00   8.6869529e-05
   4.9200000e+02   0.0000000e+00   8.6040393e-05
   4.9300000e+02   0.0000000e+00   8.5219170e-05
   4.9400000e+02   0.0000000e+00   8.4405786e-05
   4.9500000e+02   0.0000000e+00   8.3600165e-05
   4.9600000e+02   0.0000000e+00   8.2802233e-05
   4.9700000e+02   0.0000000e+00   8.2011917e-05
   4.9800000e+02   0.0000000e+00   8.1229145e-05
   4.9900000e+02   0.0000000e+00   8.0453844e-05
   5.0000000e+02   0.0000000e+00   7.9685943e-05
   5.0100000e+02   0.0000000e+00   7.8925371e-05
   5.0200000e+02   0.0000000e+00   7.8172058e-05
   5.0300000e+02   0.0000000e+00   7.7425936e-05
   5.0400000e+02   0.0000000e+00   7.6686935e-05
   5.0500000e+02   0.0000000e+00   7.5954987e-05
   5.0600000e+02   0.0000000e+00   7.5230026e-05
   5.0700000e+02   0.0000000e+00   7.4511984e-05
   5.0800000e+02   0.0000000e+00   7.3800796e-05
   5.0900000e+02   0.0000000e+00   7.3096395e-05
   5.1000000e+02   0.0000000e+00   7.2398718e-05
   5.1100000e+02   0.0000000e+00   7.1707700e-05
   5.1200000e+02   0.0000000e+00   7.1023277e-05
   5.1300000e+02   0.0000000e+00   7.0345387e-05
   5.1400000e+02   0.0000000e+00   6.9673967e-05
   5.1500000e+02   0.0000000e+00   6.9008956e-05
   5.1600000e+02   0.0000000e+00   6.8350292e-05
   5.1700000e+02   0.0000000e+00   6.7697914e-05
   5.1800000e+02   0.0000000e+00   6.7051764e-05
   5.1900000e+02   0.0000000e+00   6.6411780e-05
   5.2000000e+02   0.0000000e+00   6.5777905e-05
   5.2100000e+02   0.0000000e+00   6.5150080e-05
   5.2200000e+02   0.0000000e+00   6.4528247e-05
   5.2300000e+02   0.0000000e+00   6.3912350e-05
   5.2400000e+02   1.0000000e+00   6.3302331e-05
   5.2500000e+02   0.0000000e+00   6.2698134e-05
   5.2600000e+02   0.0000000e+00   6.2099705e-05
   5.2700000e+02   0.0000000e+00   6.1506987e-05
   5.2800000e+02   0.0000000e+00   6.0919926e-05
   5.2900000e+02   0.0000000e+00   6.0338468e-05
   5.3000000e+02   0.0000000e+00   5.9762561e-05
   5.3100000e+02   0.0000000e+00   5.9192150e-05
   5.3200000e+02   0.0000000e+00   5.8627183e-05
   5.3300000e+02   0.0000000e+00   5.8067609e-05
   5.3400000e+02   0.0000000e+00   5.7513376e-05
   5.3500000e+02   0.0000000e+00   5.6964433e-05
   5.3600000e+02   0.0000000e+00   5.6420729e-05
   5.3700000e+02   0.0000000e+00   5.5882215e-05
   5.3800000e+02   0.0000000e+00   5.5348841e-05
   5.3900000e+02   0.0000000e+00   5.4820557e-05
   5.4000000e+02   0.0000000e+00   5.4297316e-05
   5.4100000e+02   0.0000000e+00   5.3779069e-05
   5.4200000e+02   0.0000000e+00   5.3265768e-05
   5.4300000e+02   0.0000000e+00   5.2757366e-05
   5.4400000e+02   0.0000000e+00   5.2253818e-05
   5.4500000e+02   0.0000000e+00   5.1755075e-05
   5.4600000e+02   0.0000000e+00   5.1261092e-05
   5.4700000e+02   1.0000000e+00   5.0771825e-05
   5.4800000e+02   0.0000000e+00   5.0287227e-05
   5.4900000e+02   0.0000000e+00   4.9807255e-05
   5.5000000e+02   0.0000000e+00   4.9331863e-05
   5.5100000e+02   0.0000000e+00   4.8861010e-05
   5.5200000e+02   0.0000000e+00   4.8394650e-05
   5.5300000e+02   0.0000000e+00   4.7932742e-05
   5.5400000e+02   0.0000000e+00   4.7475242e-05
   5.5500000e+02   0.0000000e+00   4.7022109e-05
   5.5600000e+02   0.0000000e+00   4.6573301e-05
   5.5700000e+02   0.0000000e+00   4.6128776e-05
   5.5800000e+02   0.0000000e+00   4.5688495e-05
   5.5900000e+02   0.0000000e+00   4.5252416e-05
   5.6000000e+02   0.0000000e+00   4.4820498e-05
   5.6100000e+02   0.0000000e+00   4.4392704e-05
   5.6200000e+02   0.0000000e+00   4.3968993e-05
   5.6300000e+02   0.0000000e+00   4.3549325e-05
   5.6400000e+02   0.0000000e+00   4.3133664e-05
   5.6500000e+02   0.0000000e+00   4.2721969e-05
   5.6600000e+02   0.0000000e+00   4.2314204e-05
   5.6700000e+02   0.0000000e+00   4.1910331e-05
   5.6800000e+02   0.0000000e+00   4.1510313e-05
   5.6900000e+02   0.0000000e+00   4.1114113e-05
   5.7000000e+02   0.0000000e+00   4.0721695e-05
   5.7100000e+02   0.0000000e+00   4.0333022e-05
   5.7200000e+02   0.0000000e+00   3.9948058e-05
   5.7300000e+02   0.0000000e+00   3.9566769e-05
   5.7400000e+02   0.0000000e+00   3.9189120e-05
   5.7500000e+02   0.0000000e+00   3.8815075e-05
   5.7600000e+02   0.0000000e+00   3.8444599e-05
   5.7700000e+02   0.0000000e+00   3.8077660e-05
   5.7800000e+02   0.0000000e+00   3.7714224e-05
   5.7900000e+02   0.0000000e+00   3.7354256e-05
   5.8000000e+02   1.0000000e+00   3.6997724e-05
   5.8100000e+02   0.0000000e+00   3.6644595e-05
   5.8200000e+02   0.0000000e+00   3.6294836e-05
   5.8300000e+02   0.0000000e+00   3.5948416e-05
   5.8400000e+02   0.0000000e+00   3.5605302e-05
   5.8500000e+02   0.0000000e+00   3.5265463e-05
   5.8600000e+02   0.0000000e+00   3.4928867e-05
   5.8700000e+02   0.0000000e+00   3.4595485e-05
   5.8800000e+02   0.0000000e+00   3.4265284e-05
   5.8900000e+02   0.0000000e+00   3.3938235e-05
   5.9000000e+02   0.0000000e+00   3.3614307e-05
   5.9100000e+02   0.0000000e+00   3.3293472e-05
   5.9200000e+02   0.0000000e+00   3.2975698e-05
   5.9300000e+02   0.0000000e+00   3.2660958e-05
   5.9400000e+02   0.0000000e+00   3.2349221e-05
   5.9500000e+02   0.0000000e+00   3.2040460e-05
   5.9600000e+02   0.0000000e+00   3.1734646e-05
   5.9700000e+02   0.0000000e+00   3.1431751e-05
   5.9800000e+02   0.0000000e+00   3.1131747e-05
   5.9900000e+02   0.0000000e+00   3.0834607e-05
   6.0000000e+02   0.0000000e+00   3.0540302e-05
   6.0100000e+02   0.0000000e+00   3.0248807e-05
   6.0200000e+02   0.0000000e+00   2.9960093e-05
   6.0300000e+02   0.0000000e+00   2.9674136e-05
   6.0400000e+02   0.0000000e+00   2.9390907e-05
   6.0500000e+02   0.0000000e+00   2.9110382e-05
   6.0600000e+02   0.0000000e+00   2.8832535e-05
   6.0700000e+02   0.0000000e+00   2.8557339e-05
   6.0800000e+02   0.0000000e+00   2.8284770e-05
   6.0900000e+02   0.0000000e+00   2.8014803e-05
   6.1000000e+02   0.0000000e+00   2.7747412e-05
   6.1100000e+02   0.0000000e+00   2.7482574e-05
   6.1200000e+02   0.0000000e+00   2.7220263e-05
   6.1300000e+02   0.0000000e+00   2.6960456e-05
   6.1400000e+02   0.0000000e+00   2.6703129e-05
   6.1500000e+02   0.0000000e+00   2.6448258e-05
   6.1600000e+02   1.0000000e+00   2.6195819e-05
   6.1700000e+02   0.0000000e+00   2.5945790e-05
   6.1800000e+02   0.0000000e+00   2.5698148e-05
   6.1900000e+02   0.0000000e+00   2.5452869e-05
   6.2000000e+02   0.0000000e+00   2.5209931e-05
   6.2100000e+02   0.0000000e+00   2.4969311e-05
   6.2200000e+02   0.0000000e+00   2.4730989e-05
   6.2300000e+02   0.0000000e+00   2.4494941e-05
   6.2400000e+02   0.0000000e+00   2.4261146e-05
   6.2500000e+02   0.0000000e+00   2.4029583e-05
   6.2600000e+02   1.0000000e+00   2.3800230e-05
   6.2700000e+02   0.0000000e+00   2.3573066e-05
   6.2800000e+02   0.0000000e+00   2.3348070e-05
   6.2900000e+02   0.0000000e+00   2.3125221e-05
   6.3000000e+02   0.0000000e+00   2.2904500e-05
   6.3100000e+02   0.0000000e+00   2.2685885e-05
   6.3200000e+02   0.0000000e+00   2.2469357e-05
   6.3300000e+02   0.0000000e+00   2.2254896e-05
   6.3400000e+02   0.0000000e+00   2.2042481e-05
   6.3500000e+02   0.0000000e+00   2.1832094e-05
   6.3600000e+02   0.0000000e+00   2.1623715e-05
   6.3700000e+02   0.0000000e+00   2.1417325e-05
   6.3800000e+02   0.0000000e+00   2.1212905e-05
   6.3900000e+02   0.0000000e+00   2.1010436e-05
   6.4000000e+02   0.0000000e+00   2.0809899e-05
   6.4100000e+02   0.0000000e+00   2.0611277e-05
   6.4200000e+02   0.0000000e+00   2.0414550e-05
   6.4300000e+02   0.0000000e+00   2.0219701e-05
   6.4400000e+02   0.0000000e+00   2.0026711e-05
   6.4500000e+02   0.0000000e+00   1.9835564e-05
   6.4600000e+02   0.0000000e+00   1.9646241e-05
   6.4700000e+02   0.0000000e+00   1.9458725e-05
   6.4800000e+02   0.0000000e+00   1.9272999e-05
   6.4900000e+02   0.0000000e+00   1.9089046e-05
   6.5000000e+02   0.0000000e+00   1.8906848e-05
   6.5100000e+02   0.0000000e+00   1.8726389e-05
   6.5200000e+02   0.0000000e+00   1.8547653e-05
   6.5300000e+02   0.0000000e+00   1.8370623e-05
   6.5400000e+02   0.0000000e+00   1.8195282e-05
   6.5500000e+02   0.0000000e+00   1.8021615e-05
   6.5600000e+02   0.0000000e+00   1.7849606e-05
   6.5700000e+02   0.0000000e+00   1.7679238e-05
   6.5800000e+02   0.0000000e+00   1.7510497e-05
   6.5900000e+02   0.0000000e+00   1.7343366e-05
   6.6000000e+02   0.0000000e+00   1.7177830e-05
   6.6100000e+02   0.0000000e+00   1.7013874e-05
   6.6200000e+02   0.0000000e+00   1.6851483e-05
   6.6300000e+02   0.0000000e+00   1.6690642e-05
   6.6400000e+02   0.0000000e+00   1.6531336e-05
   6.6500000e+02   0.0000000e+00   1.6373551e-05
   6.6600000e+02   0.0000000e+00   1.6217272e-05
   6.6700000e+02   0.0000000e+00   1.6062484e-05
   6.6800000e+02   0.0000000e+00   1.5909174e-05
   6.6900000e+02   0.0000000e+00   1.5757327e-05
   6.7000000e+02   0.0000000e+00   1.5606929e-05
   6.7100000e+02   0.0000000e+00   1.5457967e-05
   6.7200000e+02   0.0000000e+00   1.5310427e-05
   6.7300000e+02   0.0000000e+00   1.5164294e-05
   6.7400000e+02   0.0000000e+00   1.5019557e-05
   6.7500000e+02   0.0000000e+00   1.4876201e-05
   6.7600000e+02   0.0000000e+00   1.4734213e-05
   6.7700000e+02   0.0000000e+00   1.4593581e-05
   6.7800000e+02   0.0000000e+00   1.4454291e-05
   6.7900000e+02   0.0000000e+00   1.4316330e-05
   6.8000000e+02   0.0000000e+00   1.4179686e-05
   6.8100000e+02   0.0000000e+00   1.4044346e-05
   6.8200000e+02   0.0000000e+00   1.3910299e-05
   6.8300000e+02   0.0000000e+00   1.3777530e-05
   6.8400000e+02   0.0000000e+00   1.3646029e-05
   6.8500000e+02   0.0000000e+00   1.3515783e-05
   6.8600000e+02   0.0000000e+00   1.3386780e-05
   6.8700000e+02   0.0000000e+00   1.3259008e-05
   6.8800000e+02   0.0000000e+00   1.3132456e-05
   6.8900000e+02   0.0000000e+00   1.3007112e-05
   6.9000000e+02   0.0000000e+00   1.2882964e-05
   6.9100000e+02   0.0000000e+00   1.2760001e-05
   6.9200000e+02   0.0000000e+00   1.2638211e-05
   6.9300000e+02   0.0000000e+00   1.2517584e-05
   6.9400000e+02   0.0000000e+00   1.2398109e-05
   6.9500000e+02   0.0000000e+00   1.2279774e-05
   6.9600000e+02   0.0000000e+00   1.2162568e-05
   6.9700000e+02   0.0000000e+00   1.2046481e-05
   6.9800000e+02   0.0000000e+00   1.1931502e-05
   6.9900000e+02   0.0000000e+00   1.1817620e-05
   7.0000000e+02   0.0000000e+00   1.1704825e-05
   7.0100000e+02   0.0000000e+00   1.1593107e-05
   7.0200000e+02   0.0000000e+00   1.1482456e-05
   7.0300000e+02   0.0000000e+00   1.1372860e-05
   7.0400000e+02   0.0000000e+00   1.1264310e-05
   7.0500000e+02   0.0000000e+00   1.1156797e-05
   7.0600000e+02   0.0000000e+00   1.1050309e-05
   7.0700000e+02   0.0000000e+00   1.0944838e-05
   7.0800000e+02   0.0000000e+00   1.0840374e-05
   7.0900000e+02   0.0000000e+00   1.0736907e-05
   7.1000000e+02   0.0000000e+00   1.0634427e-05
   7.1100000e+02   0.0000000e+00   1.0532926e-05
   7.1200000e+02   0.0000000e+00   1.0432393e-05
   7.1300000e+02   0.0000000e+00   1.0332820e-05
   7.1400000e+02   0.0000000e+00   1.0234197e-05
   7.1500000e+02   0.0000000e+00   1.0136515e-05
   7.1600000e+02   0.0000000e+00   1.0039766e-05
   7.1700000e+02   0.0000000e+00   9.9439405e-06
   7.1800000e+02   0.0000000e+00   9.8490294e-06
   7.1900000e+02   0.0000000e+00   9.7550241e-06
   7.2000000e+02   0.0000000e+00   9.6619162e-06
   7.2100000e+02   0.0000000e+00   9.5696969e-06
   7.2200000e+02   0.0000000e+00   9.4783578e-06
   7.2300000e+02   0.0000000e+00   9.3878904e-06
   7.2400000e+02   0.0000000e+00   9.2982866e-06
   7.2500000e+02   0.0000000e+00   9.2095380e-06
   7.2600000e+02   0.0000000e+00   9.1216365e-06
   7.2700000e+02   0.0000000e+00   9.0345740e-06
   7.2800000e+02   0.0000000e+00   8.9483424e-06
   7.2900000e+02   0.0000000e+00   8.8629339e-06
   7.3000000e+02   0.0000000e+00   8.7783406e-06
   7.3100000e+02   0.0000000e+00   8.6945547e-06
   7.3200000e+02   0.0000000e+00   8.6115685e-06
   7.3300000e+02   0.0000000e+00   8.5293743e-06
   7.3400000e+02   0.0000000e+00   8.4479647e-06
   7.3500000e+02   0.0000000e+00   8.3673321e-06
   7.3600000e+02   0.0000000e+00   8.2874691e-06
   7.3700000e+02   0.0000000e+00   8.2083684e-06
   7.3800000e+02   0.0000000e+00   8.1300226e-06
   7.3900000e+02   0.0000000e+00   8.0524247e-06
   7.4000000e+02   0.0000000e+00   7.9755674e-06
   7.4100000e+02   0.0000000e+00   7.8994436e-06
   7.4200000e+02   0.0000000e+00   7.8240464e-06
   7.4300000e+02   0.0000000e+00   7.7493689e-06
   7.4400000e+02   0.0000000e+00   7.6754041e-06
   7.4500000e+02   0.0000000e+00   7.6021453e-06
   7.4600000e+02   0.0000000e+00   7.5295858e-06
   7.4700000e+02   0.0000000e+00   7.4577187e-06
   7.4800000e+02   0.0000000e+00   7.3865377e-06
   7.4900000e+02   0.0000000e+00   7.3160360e-06
   7.5000000e+02   0.0000000e+00   7.2462072e-06
   7.5100000e+02   0.0000000e+00   7.1770449e-06
   7.5200000e+02   0.0000000e+00   7.1085428e-06
   7.5300000e+02   0.0000000e+00   7.0406944e-06
   7.5400000e+02   0.0000000e+00   6.9734937e-06
   7.5500000e+02   0.0000000e+00   6.9069344e-06
   7.5600000e+02   0.0000000e+00   6.8410103e-06
   7.5700000e+02   0.0000000e+00   6.7757155e-06
   7.5800000e+02   0.0000000e+00   6.7110439e-06
   7.5900000e+02   0.0000000e+00   6.6469895e-06
   7.6000000e+02   0.0000000e+00   6.5835465e-06
   7.6100000e+02   0.0000000e+00   6.5207091e-06
   7.6200000e+02   0.0000000e+00   6.4584714e-06
   7.6300000e+02   0.0000000e+00   6.3968278e-06
   7.6400000e+02   0.0000000e+00   6.3357725e-06
   7.6500000e+02   0.0000000e+00   6.2753000e-06
   7.6600000e+02   0.0000000e+00   6.2154046e-06
   7.6700000e+02   0.0000000e+00   6.1560810e-06
   7.6800000e+02   0.0000000e+00   6.0973235e-06
   7.6900000e+02   0.0000000e+00   6.0391269e-06
   7.7000000e+02   0.0000000e+00   5.9814857e-06
   7.7100000e+02   0.0000000e+00   5.9243947e-06
   7.7200000e+02   0.0000000e+00   5.8678487e-06
   7.7300000e+02   0.0000000e+00   5.8118423e-06
   7.7400000e+02   0.0000000e+00   5.7563705e-06
   7.7500000e+02   0.0000000e+00   5.7014281e-06
   7.7600000e+02   0.0000000e+00   5.6470101e-06
   7.7700000e+02   0.0000000e+00   5.5931116e-06
   7.7800000e+02   0.0000000e+00   5.5397275e-06
   7.7900000e+02   0.0000000e+00   5.4868529e-06
   7.8000000e+02   0.0000000e+00   5.4344830e-06
   7.8100000e+02   0.0000000e+00   5.3826129e-06
   7.8200000e+02   0.0000000e+00   5.3312379e-06
   7.8300000e+02   0.0000000e+00   5.2803533e-06
   7.8400000e+02   0.0000000e+00   5.2299543e-06
   7.8500000e+02   0.0000000e+00   5.1800364e-06
   7.8600000e+02   0.0000000e+00   5.1305950e-06
   7.8700000e+02   0.0000000e+00   5.0816254e-06
   7.8800000e+02   0.0000000e+00   5.0331232e-06
   7.8900000e+02   0.0000000e+00   4.9850840e-06
   7.9000000e+02   0.0000000e+00   4.9375032e-06
   7.9100000e+02   0.0000000e+00   4.8903767e-06
   7.9200000e+02   0.0000000e+00   4.8436999e-06
   7.9300000e+02   0.0000000e+00   4.7974686e-06
   7.9400000e+02   0.0000000e+00   4.7516786e-06
   7.9500000e+02   0.0000000e+00   4.7063257e-06
   7.9600000e+02   0.0000000e+00   4.6614056e-06
   7.9700000e+02   0.0000000e+00   4.6169142e-06
   7.9800000e+02   0.0000000e+00   4.5728476e-06
   7.9900000e+02   0.0000000e+00   4.5292015e-06
   8.0000000e+02   0.0000000e+00   4.4859720e-06
   8.0100000e+02   0.0000000e+00   4.4431551e-06
   8.0200000e+02   0.0000000e+00   4.4007469e-06
   8.0300000e+02   0.0000000e+00   4.3587434e-06
   8.0400000e+02   0.0000000e+00   4.3171409e-06
   8.0500000e+02   0.0000000e+00   4.2759354e-06
   8.0600000e+02   0.0000000e+00   4.2351232e-06
   8.0700000e+02   0.0000000e+00   4.1947006e-06
   8.0800000e+02   0.0000000e+00   4.1546638e-06
   8.0900000e+02   0.0000000e+00   4.1150091e-06
   8.1000000e+02   0.0000000e+00   4.0757329e-06
   8.1100000e+02   0.0000000e+00   4.0368316e-06
   8.1200000e+02   0.0000000e+00   3.9983016e-06
   8.1300000e+02   0.0000000e+00   3.9601393e-06
   8.1400000e+02   0.0000000e+00   3.9223413e-06
   8.1500000e+02   0.0000000e+00   3.8849041e-06
   8.1600000e+02   1.0000000e+00   3.8478241e-06
