coordinates 	86.95	139.54	214.95	139.54
time(s)	frame	Idon(a.u.)	Iacc(a.u.)	Idon ideal(a.u.)	Iacc ideal(a.u.)	FRET	FRET ideal (blurr)	FRET ideal	state sequence
1.000000e-01	1	8.021977e+02	9.942078e+02	1.080000e+01	2.520000e+01	5.534429e-01	7.000000e-01	7.000000e-01	2
2.000000e-01	2	7.771990e+02	1.234872e+03	1.080000e+01	2.520000e+01	6.137317e-01	7.000000e-01	7.000000e-01	2
3.000000e-01	3	7.522530e+02	1.479812e+03	1.080000e+01	2.520000e+01	6.629788e-01	7.000000e-01	7.000000e-01	2
4.000000e-01	4	5.661842e+02	1.127631e+03	1.080000e+01	2.520000e+01	6.657344e-01	7.000000e-01	7.000000e-01	2
5.000000e-01	5	3.868938e+02	7.347530e+02	1.080000e+01	2.520000e+01	6.550663e-01	7.000000e-01	7.000000e-01	2
6.000000e-01	6	8.294010e+02	1.177095e+03	1.080000e+01	2.520000e+01	5.866421e-01	7.000000e-01	7.000000e-01	2
7.000000e-01	7	6.268958e+02	7.516845e+02	1.080000e+01	2.520000e+01	5.452598e-01	7.000000e-01	7.000000e-01	2
8.000000e-01	8	9.265479e+02	1.164822e+03	1.080000e+01	2.520000e+01	5.569660e-01	7.000000e-01	7.000000e-01	2
9.000000e-01	9	3.468042e+02	1.867099e+03	1.080000e+01	2.520000e+01	8.433517e-01	7.000000e-01	7.000000e-01	2
1	10	3.710066e+02	1.129226e+03	1.080000e+01	2.520000e+01	7.527006e-01	7.000000e-01	7.000000e-01	2
1.100000e+00	11	5.778137e+02	1.765075e+03	1.080000e+01	2.520000e+01	7.533756e-01	7.000000e-01	7.000000e-01	2
1.200000e+00	12	5.774512e+02	1.424420e+03	1.080000e+01	2.520000e+01	7.115442e-01	7.000000e-01	7.000000e-01	2
1.300000e+00	13	6.886095e+02	1.367597e+03	1.080000e+01	2.520000e+01	6.651068e-01	7.000000e-01	7.000000e-01	2
1.400000e+00	14	4.641775e+02	1.564015e+03	1.080000e+01	2.520000e+01	7.711374e-01	7.000000e-01	7.000000e-01	2
1.500000e+00	15	4.274263e+02	1.553952e+03	1.080000e+01	2.520000e+01	7.842782e-01	7.000000e-01	7.000000e-01	2
1.600000e+00	16	6.435087e+02	1.382536e+03	1.080000e+01	2.520000e+01	6.823817e-01	7.000000e-01	7.000000e-01	2
1.700000e+00	17	6.356624e+02	1.611167e+03	1.080000e+01	2.520000e+01	7.170847e-01	7.000000e-01	7.000000e-01	2
1.800000e+00	18	7.122706e+02	1.809746e+03	1.080000e+01	2.520000e+01	7.175789e-01	7.000000e-01	7.000000e-01	2
1.900000e+00	19	5.890922e+02	1.288854e+03	1.080000e+01	2.520000e+01	6.863105e-01	7.000000e-01	7.000000e-01	2
2	20	4.218374e+02	1.273116e+03	1.080000e+01	2.520000e+01	7.511216e-01	7.000000e-01	7.000000e-01	2
2.100000e+00	21	5.493409e+02	1.300742e+03	1.480999e+01	2.119001e+01	7.030723e-01	5.886114e-01	7.000000e-01	2
2.200000e+00	22	1.432762e+03	5.958789e+02	2.880000e+01	7.200000e+00	2.937330e-01	2.000000e-01	2.000000e-01	1
2.300000e+00	23	1.622268e+03	7.655877e+02	2.880000e+01	7.200000e+00	3.206172e-01	2.000000e-01	2.000000e-01	1
2.400000e+00	24	1.728163e+03	5.525683e+02	2.880000e+01	7.200000e+00	2.422768e-01	2.000000e-01	2.000000e-01	1
2.500000e+00	25	1.429699e+03	3.383187e+02	2.880000e+01	7.200000e+00	1.913548e-01	2.000000e-01	2.000000e-01	1
2.600000e+00	26	1.381857e+03	1.108814e+02	2.880000e+01	7.200000e+00	7.428056e-02	2.000000e-01	2.000000e-01	1
2.700000e+00	27	1.336029e+03	6.285040e+02	2.880000e+01	7.200000e+00	3.199254e-01	2.000000e-01	2.000000e-01	1
2.800000e+00	28	1.861599e+03	5.459176e+02	2.880000e+01	7.200000e+00	2.267555e-01	2.000000e-01	2.000000e-01	1
2.900000e+00	29	1.783975e+03	2.662466e+02	2.880000e+01	7.200000e+00	1.298623e-01	2.000000e-01	2.000000e-01	1
3	30	1.659161e+03	2.894486e+02	2.880000e+01	7.200000e+00	1.485411e-01	2.000000e-01	2.000000e-01	1
3.100000e+00	31	1.107079e+03	4.188035e+02	2.880000e+01	7.200000e+00	2.744664e-01	2.000000e-01	2.000000e-01	1
3.200000e+00	32	1.191800e+03	4.480664e+02	2.880000e+01	7.200000e+00	2.732335e-01	2.000000e-01	2.000000e-01	1
3.300000e+00	33	1.845757e+03	2.740030e+02	2.880000e+01	7.200000e+00	1.292614e-01	2.000000e-01	2.000000e-01	1
3.400000e+00	34	1.629630e+03	1.657412e+02	2.880000e+01	7.200000e+00	9.231581e-02	2.000000e-01	2.000000e-01	1
3.500000e+00	35	1.269120e+03	5.529391e+02	2.880000e+01	7.200000e+00	3.034694e-01	2.000000e-01	2.000000e-01	1
3.600000e+00	36	1.589383e+03	5.303951e+02	2.880000e+01	7.200000e+00	2.502125e-01	2.000000e-01	2.000000e-01	1
3.700000e+00	37	1.275543e+03	3.114892e+02	2.880000e+01	7.200000e+00	1.962714e-01	2.000000e-01	2.000000e-01	1
3.800000e+00	38	9.666497e+02	1.915493e+02	2.880000e+01	7.200000e+00	1.653855e-01	2.000000e-01	2.000000e-01	1
3.900000e+00	39	1.264026e+03	1.904357e+02	2.880000e+01	7.200000e+00	1.309321e-01	2.000000e-01	2.000000e-01	1
4	40	1.354742e+03	1.894874e+02	2.880000e+01	7.200000e+00	1.227067e-01	2.000000e-01	2.000000e-01	1
4.100000e+00	41	1.168081e+03	3.261313e+02	2.880000e+01	7.200000e+00	2.182630e-01	2.000000e-01	2.000000e-01	1
4.200000e+00	42	1.424931e+03	4.441377e+02	2.880000e+01	7.200000e+00	2.376251e-01	2.000000e-01	2.000000e-01	1
4.300000e+00	43	1.668871e+03	2.035692e+02	2.880000e+01	7.200000e+00	1.087187e-01	2.000000e-01	2.000000e-01	1
4.400000e+00	44	1.669802e+03	4.337607e+02	2.880000e+01	7.200000e+00	2.062029e-01	2.000000e-01	2.000000e-01	1
4.500000e+00	45	1.777224e+03	4.817676e+02	2.880000e+01	7.200000e+00	2.132666e-01	2.000000e-01	2.000000e-01	1
4.600000e+00	46	1.085709e+03	4.944215e+02	2.880000e+01	7.200000e+00	3.128993e-01	2.000000e-01	2.000000e-01	1
4.700000e+00	47	1.569071e+03	3.190660e+02	2.880000e+01	7.200000e+00	1.689845e-01	2.000000e-01	2.000000e-01	1
4.800000e+00	48	1.843749e+03	4.345020e+02	2.880000e+01	7.200000e+00	1.907174e-01	2.000000e-01	2.000000e-01	1
4.900000e+00	49	1.355401e+03	2.680230e+02	2.880000e+01	7.200000e+00	1.650973e-01	2.000000e-01	2.000000e-01	1
5	50	1.266314e+03	4.615809e+02	2.880000e+01	7.200000e+00	2.671348e-01	2.000000e-01	2.000000e-01	1
5.100000e+00	51	1.555597e+03	4.349090e+02	2.880000e+01	7.200000e+00	2.184917e-01	2.000000e-01	2.000000e-01	1
5.200000e+00	52	1.509586e+03	5.506821e+02	2.880000e+01	7.200000e+00	2.672866e-01	2.000000e-01	2.000000e-01	1
5.300000e+00	53	1.471383e+03	6.856338e+02	2.880000e+01	7.200000e+00	3.178621e-01	2.000000e-01	2.000000e-01	1
5.400000e+00	54	1.164085e+03	2.408629e+02	2.880000e+01	7.200000e+00	1.714390e-01	2.000000e-01	2.000000e-01	1
5.500000e+00	55	2.017234e+03	3.410507e+02	2.880000e+01	7.200000e+00	1.446181e-01	2.000000e-01	2.000000e-01	1
5.600000e+00	56	2.029246e+03	2.544438e+02	2.880000e+01	7.200000e+00	1.114178e-01	2.000000e-01	2.000000e-01	1
5.700000e+00	57	1.556920e+03	3.803371e+02	2.880000e+01	7.200000e+00	1.963276e-01	2.000000e-01	2.000000e-01	1
5.800000e+00	58	1.293080e+03	3.322628e+02	2.880000e+01	7.200000e+00	2.044262e-01	2.000000e-01	2.000000e-01	1
5.900000e+00	59	1.717238e+03	2.247609e+02	2.880000e+01	7.200000e+00	1.157369e-01	2.000000e-01	2.000000e-01	1
6	60	1.523769e+03	5.315808e+02	2.880000e+01	7.200000e+00	2.586327e-01	2.000000e-01	2.000000e-01	1
6.100000e+00	61	1.989601e+03	3.360929e+02	2.880000e+01	7.200000e+00	1.445129e-01	2.000000e-01	2.000000e-01	1
6.200000e+00	62	2.004079e+03	6.245718e+02	2.880000e+01	7.200000e+00	2.376016e-01	2.000000e-01	2.000000e-01	1
6.300000e+00	63	1.320489e+03	4.843573e+02	2.880000e+01	7.200000e+00	2.683648e-01	2.000000e-01	2.000000e-01	1
6.400000e+00	64	1.838932e+03	2.823528e+02	2.880000e+01	7.200000e+00	1.331046e-01	2.000000e-01	2.000000e-01	1
6.500000e+00	65	1.192341e+03	2.674916e+02	2.880000e+01	7.200000e+00	1.832344e-01	2.000000e-01	2.000000e-01	1
6.600000e+00	66	1.097503e+03	1.030360e+02	2.880000e+01	7.200000e+00	8.582483e-02	2.000000e-01	2.000000e-01	1
6.700000e+00	67	1.099853e+03	3.066492e+02	2.880000e+01	7.200000e+00	2.180225e-01	2.000000e-01	2.000000e-01	1
6.800000e+00	68	1.808316e+03	5.573780e+02	2.880000e+01	7.200000e+00	2.356087e-01	2.000000e-01	2.000000e-01	1
6.900000e+00	69	1.265164e+03	7.618454e+02	2.880000e+01	7.200000e+00	3.758470e-01	2.000000e-01	2.000000e-01	1
7	70	1.439338e+03	3.535210e+02	2.880000e+01	7.200000e+00	1.971829e-01	2.000000e-01	2.000000e-01	1
7.100000e+00	71	1.644714e+03	4.304057e+02	2.880000e+01	7.200000e+00	2.074125e-01	2.000000e-01	2.000000e-01	1
7.200000e+00	72	1.539596e+03	6.549773e+02	2.880000e+01	7.200000e+00	2.984532e-01	2.000000e-01	2.000000e-01	1
7.300000e+00	73	1.912103e+03	4.069423e+02	2.880000e+01	7.200000e+00	1.754784e-01	2.000000e-01	2.000000e-01	1
7.400000e+00	74	2.210349e+03	4.748166e+02	2.880000e+01	7.200000e+00	1.768296e-01	2.000000e-01	2.000000e-01	1
7.500000e+00	75	2.030138e+03	2.864107e+02	2.880000e+01	7.200000e+00	1.236368e-01	2.000000e-01	2.000000e-01	1
7.600000e+00	76	1.445373e+03	3.718525e+02	2.880000e+01	7.200000e+00	2.046265e-01	2.000000e-01	2.000000e-01	1
7.700000e+00	77	1.599779e+03	2.212972e+02	2.880000e+01	7.200000e+00	1.215200e-01	2.000000e-01	2.000000e-01	1
7.800000e+00	78	1.449254e+03	4.712732e+02	2.880000e+01	7.200000e+00	2.453874e-01	2.000000e-01	2.000000e-01	1
7.900000e+00	79	1.397555e+03	5.722189e+02	2.880000e+01	7.200000e+00	2.904997e-01	2.000000e-01	2.000000e-01	1
8	80	1.341062e+03	4.276725e+02	2.880000e+01	7.200000e+00	2.417957e-01	2.000000e-01	2.000000e-01	1
8.100000e+00	81	2.005489e+03	4.558189e+02	2.880000e+01	7.200000e+00	1.851937e-01	2.000000e-01	2.000000e-01	1
8.200000e+00	82	1.680080e+03	2.845889e+02	2.880000e+01	7.200000e+00	1.448533e-01	2.000000e-01	2.000000e-01	1
8.300000e+00	83	1.935075e+03	2.996799e+02	2.880000e+01	7.200000e+00	1.340997e-01	2.000000e-01	2.000000e-01	1
8.400000e+00	84	1.329451e+03	3.629889e+02	2.880000e+01	7.200000e+00	2.144767e-01	2.000000e-01	2.000000e-01	1
8.500000e+00	85	1.411751e+03	4.412818e+02	2.880000e+01	7.200000e+00	2.381403e-01	2.000000e-01	2.000000e-01	1
8.600000e+00	86	2.217635e+03	4.184262e+02	2.880000e+01	7.200000e+00	1.587316e-01	2.000000e-01	2.000000e-01	1
8.700000e+00	87	1.059364e+03	1.506153e+02	2.880000e+01	7.200000e+00	1.244776e-01	2.000000e-01	2.000000e-01	1
8.800000e+00	88	1.731997e+03	1.398027e+02	2.880000e+01	7.200000e+00	7.468894e-02	2.000000e-01	2.000000e-01	1
8.900000e+00	89	1.444134e+03	7.210261e+02	2.880000e+01	7.200000e+00	3.330129e-01	2.000000e-01	2.000000e-01	1
9	90	1.738158e+03	4.049110e+02	2.880000e+01	7.200000e+00	1.889397e-01	2.000000e-01	2.000000e-01	1
9.100000e+00	91	1.547001e+03	5.104561e+02	2.880000e+01	7.200000e+00	2.481004e-01	2.000000e-01	2.000000e-01	1
9.200000e+00	92	1.320082e+03	4.876093e+02	2.880000e+01	7.200000e+00	2.697415e-01	2.000000e-01	2.000000e-01	1
9.300000e+00	93	1.364589e+03	4.810346e+02	2.880000e+01	7.200000e+00	2.606352e-01	2.000000e-01	2.000000e-01	1
9.400000e+00	94	1.493640e+03	3.930687e+02	2.880000e+01	7.200000e+00	2.083356e-01	2.000000e-01	2.000000e-01	1
9.500000e+00	95	1.575194e+03	2.864404e+02	2.880000e+01	7.200000e+00	1.538650e-01	2.000000e-01	2.000000e-01	1
9.600000e+00	96	1.917576e+03	2.886898e+02	2.880000e+01	7.200000e+00	1.308500e-01	2.000000e-01	2.000000e-01	1
9.700000e+00	97	1.212540e+03	6.125882e+02	2.880000e+01	7.200000e+00	3.356411e-01	2.000000e-01	2.000000e-01	1
9.800000e+00	98	1.767662e+03	4.014891e+02	2.880000e+01	7.200000e+00	1.850904e-01	2.000000e-01	2.000000e-01	1
9.900000e+00	99	1.762358e+03	2.650313e+02	2.880000e+01	7.200000e+00	1.307254e-01	2.000000e-01	2.000000e-01	1
10	100	1.584208e+03	4.010206e+02	2.880000e+01	7.200000e+00	2.020022e-01	2.000000e-01	2.000000e-01	1
1.010000e+01	101	1.485343e+03	5.447569e+02	2.880000e+01	7.200000e+00	2.683399e-01	2.000000e-01	2.000000e-01	1
1.020000e+01	102	1.996752e+03	5.174417e+02	2.880000e+01	7.200000e+00	2.058082e-01	2.000000e-01	2.000000e-01	1
1.030000e+01	103	1.803843e+03	6.132786e+02	2.880000e+01	7.200000e+00	2.537227e-01	2.000000e-01	2.000000e-01	1
1.040000e+01	104	1.426932e+03	3.357841e+02	2.880000e+01	7.200000e+00	1.904925e-01	2.000000e-01	2.000000e-01	1
1.050000e+01	105	1.577736e+03	4.434676e+02	2.880000e+01	7.200000e+00	2.194077e-01	2.000000e-01	2.000000e-01	1
1.060000e+01	106	1.641437e+03	5.732937e+02	2.880000e+01	7.200000e+00	2.588548e-01	2.000000e-01	2.000000e-01	1
1.070000e+01	107	1.855439e+03	4.478828e+02	2.880000e+01	7.200000e+00	1.944508e-01	2.000000e-01	2.000000e-01	1
1.080000e+01	108	1.187003e+03	5.039015e+02	2.880000e+01	7.200000e+00	2.980070e-01	2.000000e-01	2.000000e-01	1
1.090000e+01	109	1.893179e+03	5.743500e+02	2.880000e+01	7.200000e+00	2.327632e-01	2.000000e-01	2.000000e-01	1
11	110	1.759374e+03	4.045337e+02	2.880000e+01	7.200000e+00	1.869459e-01	2.000000e-01	2.000000e-01	1
1.110000e+01	111	1.899986e+03	4.646945e+02	2.880000e+01	7.200000e+00	1.965147e-01	2.000000e-01	2.000000e-01	1
1.120000e+01	112	1.242145e+03	3.572701e+02	2.880000e+01	7.200000e+00	2.233755e-01	2.000000e-01	2.000000e-01	1
1.130000e+01	113	2.226353e+03	2.092917e+02	2.880000e+01	7.200000e+00	8.592868e-02	2.000000e-01	2.000000e-01	1
1.140000e+01	114	1.397163e+03	4.258522e+02	2.880000e+01	7.200000e+00	2.335978e-01	2.000000e-01	2.000000e-01	1
1.150000e+01	115	1.921165e+03	3.278144e+02	2.880000e+01	7.200000e+00	1.457614e-01	2.000000e-01	2.000000e-01	1
1.160000e+01	116	1.610067e+03	4.826481e+02	2.880000e+01	7.200000e+00	2.306324e-01	2.000000e-01	2.000000e-01	1
1.170000e+01	117	2.007414e+03	7.855715e+01	2.880000e+01	7.200000e+00	3.765975e-02	2.000000e-01	2.000000e-01	1
1.180000e+01	118	1.883224e+03	5.650211e+02	2.880000e+01	7.200000e+00	2.307861e-01	2.000000e-01	2.000000e-01	1
1.190000e+01	119	2.152651e+03	4.111722e+02	2.880000e+01	7.200000e+00	1.603747e-01	2.000000e-01	2.000000e-01	1
12	120	1.918120e+03	4.218081e+02	2.880000e+01	7.200000e+00	1.802654e-01	2.000000e-01	2.000000e-01	1
1.210000e+01	121	9.743969e+02	5.545815e+02	2.880000e+01	7.200000e+00	3.627138e-01	2.000000e-01	2.000000e-01	1
1.220000e+01	122	1.415486e+03	5.153197e+02	2.880000e+01	7.200000e+00	2.668936e-01	2.000000e-01	2.000000e-01	1
1.230000e+01	123	1.803065e+03	5.143620e+02	2.880000e+01	7.200000e+00	2.219539e-01	2.000000e-01	2.000000e-01	1
1.240000e+01	124	1.679584e+03	4.616575e+02	2.880000e+01	7.200000e+00	2.156027e-01	2.000000e-01	2.000000e-01	1
1.250000e+01	125	1.513721e+03	5.627871e+02	2.880000e+01	7.200000e+00	2.710257e-01	2.000000e-01	2.000000e-01	1
1.260000e+01	126	1.671494e+03	7.871891e+02	2.880000e+01	7.200000e+00	3.201670e-01	2.000000e-01	2.000000e-01	1
1.270000e+01	127	1.616898e+03	2.855485e+02	2.880000e+01	7.200000e+00	1.500954e-01	2.000000e-01	2.000000e-01	1
1.280000e+01	128	1.570582e+03	4.943580e+02	2.880000e+01	7.200000e+00	2.394054e-01	2.000000e-01	2.000000e-01	1
1.290000e+01	129	1.787337e+03	2.900827e+02	2.880000e+01	7.200000e+00	1.396361e-01	2.000000e-01	2.000000e-01	1
13	130	1.129376e+03	7.603782e+02	2.880000e+01	7.200000e+00	4.023688e-01	2.000000e-01	2.000000e-01	1
1.310000e+01	131	1.007348e+03	5.514432e+02	2.880000e+01	7.200000e+00	3.537634e-01	2.000000e-01	2.000000e-01	1
1.320000e+01	132	1.797334e+03	2.334316e+02	2.880000e+01	7.200000e+00	1.149476e-01	2.000000e-01	2.000000e-01	1
1.330000e+01	133	2.011513e+03	1.285542e+02	2.880000e+01	7.200000e+00	6.007019e-02	2.000000e-01	2.000000e-01	1
1.340000e+01	134	1.835687e+03	5.207910e+02	2.880000e+01	7.200000e+00	2.210039e-01	2.000000e-01	2.000000e-01	1
1.350000e+01	135	1.400753e+03	4.876203e+02	2.880000e+01	7.200000e+00	2.582224e-01	2.000000e-01	2.000000e-01	1
1.360000e+01	136	1.491108e+03	2.155687e+02	2.880000e+01	7.200000e+00	1.263091e-01	2.000000e-01	2.000000e-01	1
1.370000e+01	137	1.819906e+03	3.625476e+02	2.880000e+01	7.200000e+00	1.661192e-01	2.000000e-01	2.000000e-01	1
1.380000e+01	138	2.252696e+03	5.908537e+02	2.880000e+01	7.200000e+00	2.077874e-01	2.000000e-01	2.000000e-01	1
1.390000e+01	139	1.877420e+03	4.163346e+02	2.880000e+01	7.200000e+00	1.815079e-01	2.000000e-01	2.000000e-01	1
14	140	1.452541e+03	2.143332e+02	2.880000e+01	7.200000e+00	1.285840e-01	2.000000e-01	2.000000e-01	1
1.410000e+01	141	2.280179e+03	3.264112e+02	2.880000e+01	7.200000e+00	1.252253e-01	2.000000e-01	2.000000e-01	1
1.420000e+01	142	1.555377e+03	3.975675e+02	2.880000e+01	7.200000e+00	2.035734e-01	2.000000e-01	2.000000e-01	1
1.430000e+01	143	2.082493e+03	1.746480e+02	2.880000e+01	7.200000e+00	7.737577e-02	2.000000e-01	2.000000e-01	1
1.440000e+01	144	1.761168e+03	1.865559e+02	2.880000e+01	7.200000e+00	9.578146e-02	2.000000e-01	2.000000e-01	1
1.450000e+01	145	1.124980e+03	4.074568e+02	2.880000e+01	7.200000e+00	2.658882e-01	2.000000e-01	2.000000e-01	1
1.460000e+01	146	1.857061e+03	4.376653e+02	2.880000e+01	7.200000e+00	1.907266e-01	2.000000e-01	2.000000e-01	1
1.470000e+01	147	1.473295e+03	1.369604e+02	2.880000e+01	7.200000e+00	8.505509e-02	2.000000e-01	2.000000e-01	1
1.480000e+01	148	1.730945e+03	3.878463e+02	2.880000e+01	7.200000e+00	1.830508e-01	2.000000e-01	2.000000e-01	1
1.490000e+01	149	1.034203e+03	4.588637e+02	2.880000e+01	7.200000e+00	3.073296e-01	2.000000e-01	2.000000e-01	1
15	150	1.356832e+03	6.229985e+02	2.880000e+01	7.200000e+00	3.146726e-01	2.000000e-01	2.000000e-01	1
1.510000e+01	151	1.472438e+03	3.798706e+02	2.880000e+01	7.200000e+00	2.050795e-01	2.000000e-01	2.000000e-01	1
1.520000e+01	152	1.235232e+03	3.180251e+02	2.880000e+01	7.200000e+00	2.047472e-01	2.000000e-01	2.000000e-01	1
1.530000e+01	153	1.708820e+03	1.452845e+02	2.880000e+01	7.200000e+00	7.835831e-02	2.000000e-01	2.000000e-01	1
1.540000e+01	154	1.289963e+03	6.014370e+02	2.880000e+01	7.200000e+00	3.179850e-01	2.000000e-01	2.000000e-01	1
1.550000e+01	155	1.978093e+03	1.383841e+02	2.880000e+01	7.200000e+00	6.538419e-02	2.000000e-01	2.000000e-01	1
1.560000e+01	156	1.244150e+03	3.823478e+02	2.880000e+01	7.200000e+00	2.350743e-01	2.000000e-01	2.000000e-01	1
1.570000e+01	157	1.447161e+03	2.433862e+02	2.880000e+01	7.200000e+00	1.439689e-01	2.000000e-01	2.000000e-01	1
1.580000e+01	158	1.744079e+03	4.722430e+02	2.880000e+01	7.200000e+00	2.130751e-01	2.000000e-01	2.000000e-01	1
1.590000e+01	159	1.627153e+03	3.722423e+02	2.880000e+01	7.200000e+00	1.861774e-01	2.000000e-01	2.000000e-01	1
16	160	1.517787e+03	2.757069e+02	2.880000e+01	7.200000e+00	1.537261e-01	2.000000e-01	2.000000e-01	1
1.610000e+01	161	1.687155e+03	2.880148e+02	2.880000e+01	7.200000e+00	1.458177e-01	2.000000e-01	2.000000e-01	1
1.620000e+01	162	1.450143e+03	2.303477e+02	2.880000e+01	7.200000e+00	1.370717e-01	2.000000e-01	2.000000e-01	1
1.630000e+01	163	1.381720e+03	7.010696e+02	2.880000e+01	7.200000e+00	3.366013e-01	2.000000e-01	2.000000e-01	1
1.640000e+01	164	1.232958e+03	3.266673e+02	2.880000e+01	7.200000e+00	2.094524e-01	2.000000e-01	2.000000e-01	1
1.650000e+01	165	1.479391e+03	3.163880e+02	2.880000e+01	7.200000e+00	1.761843e-01	2.000000e-01	2.000000e-01	1
1.660000e+01	166	1.068378e+03	4.890784e+02	2.880000e+01	7.200000e+00	3.140238e-01	2.000000e-01	2.000000e-01	1
1.670000e+01	167	1.810196e+03	4.306091e+02	2.880000e+01	7.200000e+00	1.921671e-01	2.000000e-01	2.000000e-01	1
1.680000e+01	168	1.911261e+03	2.572400e+02	2.880000e+01	7.200000e+00	1.186257e-01	2.000000e-01	2.000000e-01	1
1.690000e+01	169	1.854694e+03	1.684893e+02	2.880000e+01	7.200000e+00	8.327931e-02	2.000000e-01	2.000000e-01	1
17	170	1.604126e+03	4.222517e+02	2.880000e+01	7.200000e+00	2.083776e-01	2.000000e-01	2.000000e-01	1
1.710000e+01	171	1.621371e+03	2.242822e+02	2.880000e+01	7.200000e+00	1.215192e-01	2.000000e-01	2.000000e-01	1
1.720000e+01	172	1.259612e+03	3.555026e+02	2.880000e+01	7.200000e+00	2.201098e-01	2.000000e-01	2.000000e-01	1
1.730000e+01	173	1.415347e+03	6.103117e+02	2.880000e+01	7.200000e+00	3.012905e-01	2.000000e-01	2.000000e-01	1
1.740000e+01	174	1.508415e+03	3.499676e+02	2.880000e+01	7.200000e+00	1.883184e-01	2.000000e-01	2.000000e-01	1
1.750000e+01	175	1.547984e+03	3.916883e+02	2.880000e+01	7.200000e+00	2.019353e-01	2.000000e-01	2.000000e-01	1
1.760000e+01	176	1.722805e+03	4.502179e+02	2.880000e+01	7.200000e+00	2.071851e-01	2.000000e-01	2.000000e-01	1
1.770000e+01	177	1.634879e+03	3.431743e+02	2.880000e+01	7.200000e+00	1.734909e-01	2.000000e-01	2.000000e-01	1
1.780000e+01	178	1.458219e+03	2.360182e+02	2.880000e+01	7.200000e+00	1.393065e-01	2.000000e-01	2.000000e-01	1
1.790000e+01	179	1.532752e+03	7.409034e+02	2.880000e+01	7.200000e+00	3.258644e-01	2.000000e-01	2.000000e-01	1
18	180	1.392880e+03	4.019033e+02	2.880000e+01	7.200000e+00	2.239287e-01	2.000000e-01	2.000000e-01	1
1.810000e+01	181	1.341057e+03	2.586449e+02	2.880000e+01	7.200000e+00	1.616832e-01	2.000000e-01	2.000000e-01	1
1.820000e+01	182	1.741997e+03	3.398971e+02	2.880000e+01	7.200000e+00	1.632634e-01	2.000000e-01	2.000000e-01	1
1.830000e+01	183	1.530560e+03	2.957161e+02	2.880000e+01	7.200000e+00	1.619230e-01	2.000000e-01	2.000000e-01	1
1.840000e+01	184	1.603816e+03	4.368190e+02	2.880000e+01	7.200000e+00	2.140603e-01	2.000000e-01	2.000000e-01	1
1.850000e+01	185	1.352697e+03	4.695130e+02	2.880000e+01	7.200000e+00	2.576613e-01	2.000000e-01	2.000000e-01	1
1.860000e+01	186	1.798934e+03	5.556749e+02	2.880000e+01	7.200000e+00	2.359946e-01	2.000000e-01	2.000000e-01	1
1.870000e+01	187	1.921201e+03	5.880109e+02	2.880000e+01	7.200000e+00	2.343409e-01	2.000000e-01	2.000000e-01	1
1.880000e+01	188	1.900726e+03	4.621983e+02	2.880000e+01	7.200000e+00	1.956043e-01	2.000000e-01	2.000000e-01	1
1.890000e+01	189	1.255727e+03	4.796478e+02	2.880000e+01	7.200000e+00	2.763943e-01	2.000000e-01	2.000000e-01	1
19	190	1.467992e+03	3.879099e+02	2.880000e+01	7.200000e+00	2.090143e-01	2.000000e-01	2.000000e-01	1
1.910000e+01	191	1.885526e+03	3.588320e+02	2.880000e+01	7.200000e+00	1.598818e-01	2.000000e-01	2.000000e-01	1
1.920000e+01	192	1.685075e+03	4.373401e+02	2.880000e+01	7.200000e+00	2.060578e-01	2.000000e-01	2.000000e-01	1
1.930000e+01	193	1.238689e+03	4.012541e+02	2.880000e+01	7.200000e+00	2.446756e-01	2.000000e-01	2.000000e-01	1
1.940000e+01	194	2.014161e+03	2.259236e+02	2.880000e+01	7.200000e+00	1.008550e-01	2.000000e-01	2.000000e-01	1
1.950000e+01	195	1.218090e+03	4.575066e+02	2.880000e+01	7.200000e+00	2.730410e-01	2.000000e-01	2.000000e-01	1
1.960000e+01	196	1.960727e+03	4.894779e+02	2.880000e+01	7.200000e+00	1.997702e-01	2.000000e-01	2.000000e-01	1
1.970000e+01	197	1.506060e+03	3.414567e+02	2.880000e+01	7.200000e+00	1.848192e-01	2.000000e-01	2.000000e-01	1
1.980000e+01	198	1.719297e+03	4.809532e+02	2.880000e+01	7.200000e+00	2.185902e-01	2.000000e-01	2.000000e-01	1
1.990000e+01	199	1.775907e+03	3.602085e+02	2.880000e+01	7.200000e+00	1.686278e-01	2.000000e-01	2.000000e-01	1
20	200	2.340227e+03	5.211045e+02	2.880000e+01	7.200000e+00	1.821196e-01	2.000000e-01	2.000000e-01	1
2.010000e+01	201	1.912914e+03	1.516233e+02	2.880000e+01	7.200000e+00	7.344176e-02	2.000000e-01	2.000000e-01	1
2.020000e+01	202	1.987469e+03	4.378932e+02	2.880000e+01	7.200000e+00	1.805475e-01	2.000000e-01	2.000000e-01	1
2.030000e+01	203	1.181439e+03	4.425609e+02	2.880000e+01	7.200000e+00	2.725129e-01	2.000000e-01	2.000000e-01	1
2.040000e+01	204	1.840281e+03	4.335823e+02	2.880000e+01	7.200000e+00	1.906809e-01	2.000000e-01	2.000000e-01	1
2.050000e+01	205	1.469932e+03	2.937900e+02	2.880000e+01	7.200000e+00	1.665739e-01	2.000000e-01	2.000000e-01	1
2.060000e+01	206	1.485124e+03	4.220178e+02	2.880000e+01	7.200000e+00	2.212828e-01	2.000000e-01	2.000000e-01	1
2.070000e+01	207	1.569252e+03	4.282239e+02	2.880000e+01	7.200000e+00	2.143825e-01	2.000000e-01	2.000000e-01	1
2.080000e+01	208	1.505180e+03	6.046347e+02	2.880000e+01	7.200000e+00	2.865819e-01	2.000000e-01	2.000000e-01	1
2.090000e+01	209	1.650275e+03	6.738870e+02	2.880000e+01	7.200000e+00	2.899484e-01	2.000000e-01	2.000000e-01	1
21	210	1.651358e+03	6.268448e+02	2.880000e+01	7.200000e+00	2.751488e-01	2.000000e-01	2.000000e-01	1
2.110000e+01	211	7.849564e+02	2.655507e+02	2.880000e+01	7.200000e+00	2.527834e-01	2.000000e-01	2.000000e-01	1
2.120000e+01	212	1.607891e+03	4.068526e+02	2.880000e+01	7.200000e+00	2.019376e-01	2.000000e-01	2.000000e-01	1
2.130000e+01	213	1.453238e+03	4.978324e+02	2.880000e+01	7.200000e+00	2.551585e-01	2.000000e-01	2.000000e-01	1
2.140000e+01	214	1.381134e+03	5.277863e+02	2.880000e+01	7.200000e+00	2.764842e-01	2.000000e-01	2.000000e-01	1
2.150000e+01	215	1.686595e+03	6.710060e+02	2.880000e+01	7.200000e+00	2.846139e-01	2.000000e-01	2.000000e-01	1
2.160000e+01	216	1.737662e+03	2.915185e+02	2.880000e+01	7.200000e+00	1.436632e-01	2.000000e-01	2.000000e-01	1
2.170000e+01	217	1.673701e+03	2.386406e+02	2.880000e+01	7.200000e+00	1.247898e-01	2.000000e-01	2.000000e-01	1
2.180000e+01	218	1.770922e+03	3.375361e+02	2.880000e+01	7.200000e+00	1.600867e-01	2.000000e-01	2.000000e-01	1
2.190000e+01	219	2.064788e+03	4.484410e+02	2.880000e+01	7.200000e+00	1.784322e-01	2.000000e-01	2.000000e-01	1
22	220	1.129748e+03	7.818329e+01	2.880000e+01	7.200000e+00	6.472496e-02	2.000000e-01	2.000000e-01	1
2.210000e+01	221	1.808129e+03	3.374541e+02	2.880000e+01	7.200000e+00	1.572785e-01	2.000000e-01	2.000000e-01	1
2.220000e+01	222	1.781980e+03	4.409323e+02	2.880000e+01	7.200000e+00	1.983579e-01	2.000000e-01	2.000000e-01	1
2.230000e+01	223	1.309357e+03	2.535755e+02	2.880000e+01	7.200000e+00	1.622434e-01	2.000000e-01	2.000000e-01	1
2.240000e+01	224	1.252324e+03	4.360886e+02	2.880000e+01	7.200000e+00	2.582832e-01	2.000000e-01	2.000000e-01	1
2.250000e+01	225	1.961202e+03	2.685968e+02	2.880000e+01	7.200000e+00	1.204578e-01	2.000000e-01	2.000000e-01	1
2.260000e+01	226	1.194237e+03	3.866492e+02	2.880000e+01	7.200000e+00	2.445775e-01	2.000000e-01	2.000000e-01	1
2.270000e+01	227	8.213871e+02	9.723794e+02	1.670531e+01	1.929469e+01	5.420881e-01	5.359637e-01	7.000000e-01	3
2.280000e+01	228	2.198139e+02	1.497377e+03	1.080000e+01	2.520000e+01	8.719921e-01	7.000000e-01	7.000000e-01	3
2.290000e+01	229	6.087744e+02	1.758175e+03	1.080000e+01	2.520000e+01	7.428021e-01	7.000000e-01	7.000000e-01	3
23	230	9.891501e+02	1.930897e+03	1.080000e+01	2.520000e+01	6.612555e-01	7.000000e-01	7.000000e-01	3
2.310000e+01	231	3.586574e+02	1.114048e+03	1.080000e+01	2.520000e+01	7.564636e-01	7.000000e-01	7.000000e-01	3
2.320000e+01	232	1.044163e+03	1.277112e+03	1.080000e+01	2.520000e+01	5.501770e-01	7.000000e-01	7.000000e-01	3
2.330000e+01	233	3.688063e+02	1.576486e+03	1.080000e+01	2.520000e+01	8.104109e-01	7.000000e-01	7.000000e-01	3
2.340000e+01	234	3.028089e+02	1.813629e+03	1.080000e+01	2.520000e+01	8.569253e-01	7.000000e-01	7.000000e-01	3
2.350000e+01	235	4.389012e+02	1.773550e+03	1.080000e+01	2.520000e+01	8.016222e-01	7.000000e-01	7.000000e-01	3
2.360000e+01	236	7.074508e+02	1.302870e+03	1.080000e+01	2.520000e+01	6.480905e-01	7.000000e-01	7.000000e-01	3
2.370000e+01	237	2.800160e+02	1.540247e+03	1.080000e+01	2.520000e+01	8.461672e-01	7.000000e-01	7.000000e-01	3
2.380000e+01	238	6.323072e+02	1.943264e+03	1.080000e+01	2.520000e+01	7.544983e-01	7.000000e-01	7.000000e-01	3
2.390000e+01	239	4.576596e+02	1.778473e+03	1.080000e+01	2.520000e+01	7.953343e-01	7.000000e-01	7.000000e-01	3
24	240	1.797209e+02	1.121051e+03	1.080000e+01	2.520000e+01	8.618352e-01	7.000000e-01	7.000000e-01	3
2.410000e+01	241	4.676907e+02	2.008243e+03	1.080000e+01	2.520000e+01	8.111053e-01	7.000000e-01	7.000000e-01	3
2.420000e+01	242	6.870446e+02	1.352491e+03	1.080000e+01	2.520000e+01	6.631368e-01	7.000000e-01	7.000000e-01	3
2.430000e+01	243	9.922037e+02	9.650400e+02	1.080000e+01	2.520000e+01	4.930607e-01	7.000000e-01	7.000000e-01	3
2.440000e+01	244	5.755557e+02	1.205558e+03	1.080000e+01	2.520000e+01	6.768562e-01	7.000000e-01	7.000000e-01	3
2.450000e+01	245	8.923983e+02	9.201612e+02	1.080000e+01	2.520000e+01	5.076585e-01	7.000000e-01	7.000000e-01	3
2.460000e+01	246	7.528810e+02	1.103119e+03	1.080000e+01	2.520000e+01	5.943530e-01	7.000000e-01	7.000000e-01	3
2.470000e+01	247	5.480235e+02	1.687298e+03	1.080000e+01	2.520000e+01	7.548346e-01	7.000000e-01	7.000000e-01	3
2.480000e+01	248	6.998946e+02	1.446082e+03	1.080000e+01	2.520000e+01	6.738573e-01	7.000000e-01	7.000000e-01	3
2.490000e+01	249	5.231520e+02	1.060514e+03	1.080000e+01	2.520000e+01	6.696576e-01	7.000000e-01	7.000000e-01	3
25	250	6.380372e+02	9.321464e+02	1.080000e+01	2.520000e+01	5.936544e-01	7.000000e-01	7.000000e-01	3
2.510000e+01	251	6.989058e+02	1.338313e+03	1.080000e+01	2.520000e+01	6.569313e-01	7.000000e-01	7.000000e-01	3
2.520000e+01	252	4.778427e+02	1.563700e+03	1.080000e+01	2.520000e+01	7.659404e-01	7.000000e-01	7.000000e-01	3
2.530000e+01	253	7.451656e+02	2.076168e+03	1.080000e+01	2.520000e+01	7.358818e-01	7.000000e-01	7.000000e-01	3
2.540000e+01	254	4.158741e+02	1.597600e+03	1.080000e+01	2.520000e+01	7.934545e-01	7.000000e-01	7.000000e-01	3
2.550000e+01	255	6.089940e+02	1.123828e+03	1.080000e+01	2.520000e+01	6.485537e-01	7.000000e-01	7.000000e-01	3
2.560000e+01	256	4.472046e+02	1.461638e+03	1.080000e+01	2.520000e+01	7.657195e-01	7.000000e-01	7.000000e-01	3
2.570000e+01	257	6.396312e+02	9.271269e+02	1.080000e+01	2.520000e+01	5.917486e-01	7.000000e-01	7.000000e-01	3
2.580000e+01	258	7.932329e+02	1.302881e+03	1.080000e+01	2.520000e+01	6.215698e-01	7.000000e-01	7.000000e-01	3
2.590000e+01	259	2.284320e+02	1.480923e+03	1.080000e+01	2.520000e+01	8.663636e-01	7.000000e-01	7.000000e-01	3
26	260	5.904013e+02	1.394128e+03	1.080000e+01	2.520000e+01	7.024981e-01	7.000000e-01	7.000000e-01	3
2.610000e+01	261	8.808417e+02	1.239859e+03	1.080000e+01	2.520000e+01	5.846459e-01	7.000000e-01	7.000000e-01	3
2.620000e+01	262	9.206335e+02	1.352261e+03	1.080000e+01	2.520000e+01	5.949510e-01	7.000000e-01	7.000000e-01	3
2.630000e+01	263	7.427394e+02	1.465909e+03	1.080000e+01	2.520000e+01	6.637132e-01	7.000000e-01	7.000000e-01	3
2.640000e+01	264	6.022487e+02	1.320289e+03	1.080000e+01	2.520000e+01	6.867429e-01	7.000000e-01	7.000000e-01	3
2.650000e+01	265	4.774481e+02	1.484571e+03	1.080000e+01	2.520000e+01	7.566546e-01	7.000000e-01	7.000000e-01	3
2.660000e+01	266	4.080435e+02	1.706220e+03	1.080000e+01	2.520000e+01	8.070044e-01	7.000000e-01	7.000000e-01	3
2.670000e+01	267	6.650268e+02	1.213105e+03	1.080000e+01	2.520000e+01	6.459104e-01	7.000000e-01	7.000000e-01	3
2.680000e+01	268	4.285321e+02	1.214729e+03	1.080000e+01	2.520000e+01	7.392185e-01	7.000000e-01	7.000000e-01	3
2.690000e+01	269	6.269173e+02	1.573305e+03	1.080000e+01	2.520000e+01	7.150664e-01	7.000000e-01	7.000000e-01	3
27	270	5.614763e+02	1.751702e+03	1.080000e+01	2.520000e+01	7.572706e-01	7.000000e-01	7.000000e-01	3
2.710000e+01	271	6.253667e+02	1.667164e+03	1.080000e+01	2.520000e+01	7.272156e-01	7.000000e-01	7.000000e-01	3
2.720000e+01	272	6.530184e+02	1.551663e+03	1.080000e+01	2.520000e+01	7.038037e-01	7.000000e-01	7.000000e-01	3
2.730000e+01	273	8.033876e+02	1.704799e+03	1.080000e+01	2.520000e+01	6.796938e-01	7.000000e-01	7.000000e-01	3
2.740000e+01	274	5.926374e+02	1.280666e+03	1.080000e+01	2.520000e+01	6.836405e-01	7.000000e-01	7.000000e-01	3
2.750000e+01	275	6.828401e+02	1.161579e+03	1.080000e+01	2.520000e+01	6.297805e-01	7.000000e-01	7.000000e-01	3
2.760000e+01	276	6.352665e+02	1.591330e+03	1.080000e+01	2.520000e+01	7.146917e-01	7.000000e-01	7.000000e-01	3
2.770000e+01	277	8.306979e+02	1.111563e+03	1.080000e+01	2.520000e+01	5.723036e-01	7.000000e-01	7.000000e-01	3
2.780000e+01	278	6.553279e+02	1.227944e+03	1.080000e+01	2.520000e+01	6.520269e-01	7.000000e-01	7.000000e-01	3
2.790000e+01	279	4.084622e+02	1.423424e+03	1.080000e+01	2.520000e+01	7.770264e-01	7.000000e-01	7.000000e-01	3
28	280	7.326785e+02	1.480056e+03	1.080000e+01	2.520000e+01	6.688810e-01	7.000000e-01	7.000000e-01	3
2.810000e+01	281	6.113383e+02	1.141245e+03	1.080000e+01	2.520000e+01	6.511787e-01	7.000000e-01	7.000000e-01	3
2.820000e+01	282	4.060850e+02	1.380444e+03	1.080000e+01	2.520000e+01	7.726961e-01	7.000000e-01	7.000000e-01	3
2.830000e+01	283	4.482719e+02	1.541355e+03	1.080000e+01	2.520000e+01	7.746955e-01	7.000000e-01	7.000000e-01	3
2.840000e+01	284	4.928869e+02	1.457779e+03	1.080000e+01	2.520000e+01	7.473237e-01	7.000000e-01	7.000000e-01	3
2.850000e+01	285	5.571590e+02	1.581260e+03	1.080000e+01	2.520000e+01	7.394528e-01	7.000000e-01	7.000000e-01	3
2.860000e+01	286	7.453456e+02	9.311079e+02	1.080000e+01	2.520000e+01	5.554033e-01	7.000000e-01	7.000000e-01	3
2.870000e+01	287	3.794460e+02	1.637097e+03	1.080000e+01	2.520000e+01	8.118334e-01	7.000000e-01	7.000000e-01	3
2.880000e+01	288	5.852588e+02	1.265345e+03	1.080000e+01	2.520000e+01	6.837472e-01	7.000000e-01	7.000000e-01	3
2.890000e+01	289	4.698920e+02	1.113477e+03	1.080000e+01	2.520000e+01	7.032329e-01	7.000000e-01	7.000000e-01	3
29	290	7.684645e+02	1.461168e+03	1.080000e+01	2.520000e+01	6.553403e-01	7.000000e-01	7.000000e-01	3
2.910000e+01	291	5.934944e+02	1.728170e+03	1.080000e+01	2.520000e+01	7.443668e-01	7.000000e-01	7.000000e-01	3
2.920000e+01	292	8.029708e+02	1.186642e+03	1.080000e+01	2.520000e+01	5.964186e-01	7.000000e-01	7.000000e-01	3
2.930000e+01	293	2.965936e+02	1.866959e+03	1.080000e+01	2.520000e+01	8.629136e-01	7.000000e-01	7.000000e-01	3
2.940000e+01	294	4.832660e+02	1.203542e+03	1.080000e+01	2.520000e+01	7.135027e-01	7.000000e-01	7.000000e-01	3
2.950000e+01	295	9.735990e+02	1.848031e+03	1.080000e+01	2.520000e+01	6.549516e-01	7.000000e-01	7.000000e-01	3
2.960000e+01	296	7.748472e+02	1.428041e+03	1.080000e+01	2.520000e+01	6.482586e-01	7.000000e-01	7.000000e-01	3
2.970000e+01	297	3.645157e+02	1.485579e+03	1.080000e+01	2.520000e+01	8.029745e-01	7.000000e-01	7.000000e-01	3
2.980000e+01	298	5.975753e+02	1.578812e+03	1.080000e+01	2.520000e+01	7.254278e-01	7.000000e-01	7.000000e-01	3
2.990000e+01	299	6.164402e+02	1.335315e+03	1.080000e+01	2.520000e+01	6.841611e-01	7.000000e-01	7.000000e-01	3
30	300	1.604197e+03	5.841304e+02	2.297272e+01	1.302728e+01	2.669301e-01	3.618690e-01	2.000000e-01	1
3.010000e+01	301	1.281520e+03	3.587063e+02	2.880000e+01	7.200000e+00	2.186931e-01	2.000000e-01	2.000000e-01	1
3.020000e+01	302	1.364534e+03	3.683902e+02	2.880000e+01	7.200000e+00	2.125830e-01	2.000000e-01	2.000000e-01	1
3.030000e+01	303	1.663301e+03	2.954818e+02	2.880000e+01	7.200000e+00	1.508497e-01	2.000000e-01	2.000000e-01	1
3.040000e+01	304	7.866573e+02	3.329929e+02	2.880000e+01	7.200000e+00	2.974080e-01	2.000000e-01	2.000000e-01	1
3.050000e+01	305	1.372895e+03	2.803091e+02	2.880000e+01	7.200000e+00	1.695551e-01	2.000000e-01	2.000000e-01	1
3.060000e+01	306	1.112193e+03	4.430212e+02	2.880000e+01	7.200000e+00	2.848620e-01	2.000000e-01	2.000000e-01	1
3.070000e+01	307	1.257545e+03	3.359365e+02	2.818379e+01	7.816212e+00	2.108192e-01	2.171170e-01	2.000000e-01	1
3.080000e+01	308	4.408422e+02	7.590231e+02	1.080000e+01	2.520000e+01	6.325902e-01	7.000000e-01	7.000000e-01	3
3.090000e+01	309	5.206271e+02	1.281041e+03	1.080000e+01	2.520000e+01	7.110305e-01	7.000000e-01	7.000000e-01	3
31	310	6.550746e+02	1.112357e+03	1.080000e+01	2.520000e+01	6.293636e-01	7.000000e-01	7.000000e-01	3
3.110000e+01	311	6.578389e+02	1.299790e+03	1.080000e+01	2.520000e+01	6.639614e-01	7.000000e-01	7.000000e-01	3
3.120000e+01	312	7.759109e+02	1.135660e+03	1.080000e+01	2.520000e+01	5.940979e-01	7.000000e-01	7.000000e-01	3
3.130000e+01	313	2.925867e+02	1.157942e+03	1.080000e+01	2.520000e+01	7.982896e-01	7.000000e-01	7.000000e-01	3
3.140000e+01	314	2.099012e+02	1.065225e+03	1.080000e+01	2.520000e+01	8.353879e-01	7.000000e-01	7.000000e-01	3
3.150000e+01	315	6.878037e+02	1.577520e+03	1.080000e+01	2.520000e+01	6.963773e-01	7.000000e-01	7.000000e-01	3
3.160000e+01	316	5.707391e+02	9.999392e+02	1.080000e+01	2.520000e+01	6.366289e-01	7.000000e-01	7.000000e-01	3
3.170000e+01	317	4.216791e+02	8.530989e+02	1.080000e+01	2.520000e+01	6.692137e-01	7.000000e-01	7.000000e-01	3
3.180000e+01	318	5.154618e+02	1.642922e+03	1.080000e+01	2.520000e+01	7.611816e-01	7.000000e-01	7.000000e-01	3
3.190000e+01	319	6.289568e+02	1.261303e+03	1.080000e+01	2.520000e+01	6.672643e-01	7.000000e-01	7.000000e-01	3
32	320	2.650659e+02	1.449906e+03	1.080000e+01	2.520000e+01	8.454401e-01	7.000000e-01	7.000000e-01	3
3.210000e+01	321	7.161128e+02	1.660070e+03	1.080000e+01	2.520000e+01	6.986289e-01	7.000000e-01	7.000000e-01	3
3.220000e+01	322	8.617795e+02	1.079755e+03	1.080000e+01	2.520000e+01	5.561347e-01	7.000000e-01	7.000000e-01	3
3.230000e+01	323	8.000391e+02	1.389595e+03	1.080000e+01	2.520000e+01	6.346243e-01	7.000000e-01	7.000000e-01	3
3.240000e+01	324	5.249644e+02	1.262144e+03	1.080000e+01	2.520000e+01	7.062492e-01	7.000000e-01	7.000000e-01	3
3.250000e+01	325	7.234492e+02	8.523293e+02	1.080000e+01	2.520000e+01	5.408941e-01	7.000000e-01	7.000000e-01	3
3.260000e+01	326	4.109549e+02	1.166239e+03	1.080000e+01	2.520000e+01	7.394393e-01	7.000000e-01	7.000000e-01	3
3.270000e+01	327	7.825693e+02	1.472803e+03	1.080000e+01	2.520000e+01	6.530199e-01	7.000000e-01	7.000000e-01	3
3.280000e+01	328	8.339592e+02	7.620702e+02	1.080000e+01	2.520000e+01	4.774788e-01	7.000000e-01	7.000000e-01	3
3.290000e+01	329	8.196259e+02	1.407209e+03	1.080000e+01	2.520000e+01	6.319323e-01	7.000000e-01	7.000000e-01	3
33	330	4.747325e+02	1.675370e+03	1.080000e+01	2.520000e+01	7.792047e-01	7.000000e-01	7.000000e-01	3
3.310000e+01	331	4.440663e+02	1.801753e+03	1.080000e+01	2.520000e+01	8.022698e-01	7.000000e-01	7.000000e-01	3
3.320000e+01	332	6.357493e+02	1.391844e+03	1.080000e+01	2.520000e+01	6.864512e-01	7.000000e-01	7.000000e-01	3
3.330000e+01	333	5.967041e+02	1.129544e+03	1.080000e+01	2.520000e+01	6.543346e-01	7.000000e-01	7.000000e-01	3
3.340000e+01	334	3.951967e+02	1.298338e+03	1.080000e+01	2.520000e+01	7.666438e-01	7.000000e-01	7.000000e-01	3
3.350000e+01	335	4.504686e+02	1.440175e+03	1.080000e+01	2.520000e+01	7.617379e-01	7.000000e-01	7.000000e-01	3
3.360000e+01	336	5.066482e+02	1.269334e+03	1.080000e+01	2.520000e+01	7.147222e-01	7.000000e-01	7.000000e-01	3
3.370000e+01	337	7.842671e+02	1.194668e+03	1.080000e+01	2.520000e+01	6.036923e-01	7.000000e-01	7.000000e-01	3
3.380000e+01	338	4.136447e+02	1.743716e+03	1.080000e+01	2.520000e+01	8.082635e-01	7.000000e-01	7.000000e-01	3
3.390000e+01	339	7.697192e+02	1.415106e+03	1.080000e+01	2.520000e+01	6.476976e-01	7.000000e-01	7.000000e-01	3
34	340	5.947233e+02	1.276403e+03	1.080000e+01	2.520000e+01	6.821576e-01	7.000000e-01	7.000000e-01	3
3.410000e+01	341	1.046906e+03	1.684351e+03	1.080000e+01	2.520000e+01	6.166943e-01	7.000000e-01	7.000000e-01	3
3.420000e+01	342	7.165787e+02	1.454214e+03	1.080000e+01	2.520000e+01	6.699000e-01	7.000000e-01	7.000000e-01	3
3.430000e+01	343	7.587263e+02	1.013574e+03	1.080000e+01	2.520000e+01	5.718974e-01	7.000000e-01	7.000000e-01	3
3.440000e+01	344	5.869202e+02	1.831558e+03	1.080000e+01	2.520000e+01	7.573184e-01	7.000000e-01	7.000000e-01	3
3.450000e+01	345	9.926662e+02	1.754190e+03	1.080000e+01	2.520000e+01	6.386173e-01	7.000000e-01	7.000000e-01	3
3.460000e+01	346	5.770035e+02	1.474036e+03	1.080000e+01	2.520000e+01	7.186776e-01	7.000000e-01	7.000000e-01	3
3.470000e+01	347	5.852648e+02	1.845790e+03	1.080000e+01	2.520000e+01	7.592548e-01	7.000000e-01	7.000000e-01	3
3.480000e+01	348	3.655444e+02	1.106544e+03	1.080000e+01	2.520000e+01	7.516832e-01	7.000000e-01	7.000000e-01	3
3.490000e+01	349	5.309243e+02	9.535190e+02	1.080000e+01	2.520000e+01	6.423411e-01	7.000000e-01	7.000000e-01	3
35	350	7.506119e+02	1.610016e+03	1.080000e+01	2.520000e+01	6.820287e-01	7.000000e-01	7.000000e-01	3
3.510000e+01	351	3.441902e+02	1.610775e+03	1.080000e+01	2.520000e+01	8.239405e-01	7.000000e-01	7.000000e-01	3
3.520000e+01	352	7.673088e+02	1.424194e+03	1.080000e+01	2.520000e+01	6.498710e-01	7.000000e-01	7.000000e-01	3
3.530000e+01	353	5.811049e+02	1.809330e+03	1.080000e+01	2.520000e+01	7.569041e-01	7.000000e-01	7.000000e-01	3
3.540000e+01	354	5.856413e+02	1.403584e+03	1.080000e+01	2.520000e+01	7.055933e-01	7.000000e-01	7.000000e-01	3
3.550000e+01	355	5.497668e+02	1.118448e+03	1.080000e+01	2.520000e+01	6.704459e-01	7.000000e-01	7.000000e-01	3
3.560000e+01	356	4.845331e+02	1.135120e+03	1.080000e+01	2.520000e+01	7.008414e-01	7.000000e-01	7.000000e-01	3
3.570000e+01	357	4.709409e+02	1.545558e+03	1.080000e+01	2.520000e+01	7.664561e-01	7.000000e-01	7.000000e-01	3
3.580000e+01	358	5.103894e+02	1.331208e+03	1.080000e+01	2.520000e+01	7.228551e-01	7.000000e-01	7.000000e-01	3
3.590000e+01	359	7.187810e+02	1.045442e+03	1.080000e+01	2.520000e+01	5.925793e-01	7.000000e-01	7.000000e-01	3
36	360	8.609579e+02	1.097646e+03	1.080000e+01	2.520000e+01	5.604227e-01	7.000000e-01	7.000000e-01	3
3.610000e+01	361	3.626731e+02	1.459135e+03	1.080000e+01	2.520000e+01	8.009268e-01	7.000000e-01	7.000000e-01	3
3.620000e+01	362	8.315711e+02	1.298673e+03	1.080000e+01	2.520000e+01	6.096357e-01	7.000000e-01	7.000000e-01	3
3.630000e+01	363	6.035870e+02	1.238686e+03	1.080000e+01	2.520000e+01	6.723683e-01	7.000000e-01	7.000000e-01	3
3.640000e+01	364	8.732698e+02	1.505772e+03	1.080000e+01	2.520000e+01	6.329322e-01	7.000000e-01	7.000000e-01	3
3.650000e+01	365	6.915405e+02	1.153215e+03	1.080000e+01	2.520000e+01	6.251316e-01	7.000000e-01	7.000000e-01	3
3.660000e+01	366	6.006809e+02	1.831857e+03	1.080000e+01	2.520000e+01	7.530641e-01	7.000000e-01	7.000000e-01	3
3.670000e+01	367	5.213614e+02	1.496103e+03	1.080000e+01	2.520000e+01	7.415759e-01	7.000000e-01	7.000000e-01	3
3.680000e+01	368	5.145302e+02	1.263350e+03	1.080000e+01	2.520000e+01	7.105935e-01	7.000000e-01	7.000000e-01	3
3.690000e+01	369	5.597645e+02	1.803807e+03	1.080000e+01	2.520000e+01	7.631700e-01	7.000000e-01	7.000000e-01	3
37	370	7.447631e+02	1.306860e+03	1.080000e+01	2.520000e+01	6.369883e-01	7.000000e-01	7.000000e-01	3
3.710000e+01	371	3.917913e+02	1.259481e+03	1.080000e+01	2.520000e+01	7.627336e-01	7.000000e-01	7.000000e-01	3
3.720000e+01	372	3.747239e+02	1.212460e+03	1.080000e+01	2.520000e+01	7.639065e-01	7.000000e-01	7.000000e-01	3
3.730000e+01	373	6.591997e+02	1.241086e+03	1.080000e+01	2.520000e+01	6.531050e-01	7.000000e-01	7.000000e-01	3
3.740000e+01	374	5.492983e+02	1.081368e+03	1.080000e+01	2.520000e+01	6.631450e-01	7.000000e-01	7.000000e-01	3
3.750000e+01	375	3.468046e+02	1.685472e+03	1.080000e+01	2.520000e+01	8.293517e-01	7.000000e-01	7.000000e-01	3
3.760000e+01	376	1.446116e+03	5.347234e+02	2.789368e+01	8.106316e+00	2.699479e-01	2.251754e-01	2.000000e-01	1
3.770000e+01	377	1.694399e+03	2.804356e+02	2.880000e+01	7.200000e+00	1.420046e-01	2.000000e-01	2.000000e-01	1
3.780000e+01	378	1.751970e+03	4.499803e+02	2.880000e+01	7.200000e+00	2.043554e-01	2.000000e-01	2.000000e-01	1
3.790000e+01	379	1.390656e+03	4.418208e+02	2.880000e+01	7.200000e+00	2.411058e-01	2.000000e-01	2.000000e-01	1
38	380	1.797062e+03	5.476522e+02	2.880000e+01	7.200000e+00	2.335689e-01	2.000000e-01	2.000000e-01	1
3.810000e+01	381	1.565576e+03	4.269803e+02	2.880000e+01	7.200000e+00	2.142877e-01	2.000000e-01	2.000000e-01	1
3.820000e+01	382	1.771118e+03	4.965225e+02	2.880000e+01	7.200000e+00	2.189600e-01	2.000000e-01	2.000000e-01	1
3.830000e+01	383	1.690415e+03	4.419741e+02	2.880000e+01	7.200000e+00	2.072671e-01	2.000000e-01	2.000000e-01	1
3.840000e+01	384	1.851263e+03	3.383248e+02	2.880000e+01	7.200000e+00	1.545153e-01	2.000000e-01	2.000000e-01	1
3.850000e+01	385	1.436999e+03	2.098189e+02	2.880000e+01	7.200000e+00	1.274087e-01	2.000000e-01	2.000000e-01	1
3.860000e+01	386	1.479322e+03	3.768984e+02	2.880000e+01	7.200000e+00	2.030461e-01	2.000000e-01	2.000000e-01	1
3.870000e+01	387	1.642953e+03	4.814300e+02	2.880000e+01	7.200000e+00	2.266211e-01	2.000000e-01	2.000000e-01	1
3.880000e+01	388	1.692689e+03	6.281100e+02	2.880000e+01	7.200000e+00	2.706439e-01	2.000000e-01	2.000000e-01	1
3.890000e+01	389	1.261364e+03	1.053343e+02	2.880000e+01	7.200000e+00	7.707211e-02	2.000000e-01	2.000000e-01	1
39	390	1.333871e+03	3.631512e+02	2.880000e+01	7.200000e+00	2.139931e-01	2.000000e-01	2.000000e-01	1
3.910000e+01	391	1.413472e+03	3.617521e+02	2.880000e+01	7.200000e+00	2.037783e-01	2.000000e-01	2.000000e-01	1
3.920000e+01	392	8.815202e+02	4.939378e+02	2.880000e+01	7.200000e+00	3.591079e-01	2.000000e-01	2.000000e-01	1
3.930000e+01	393	1.651441e+03	3.878132e+02	2.880000e+01	7.200000e+00	1.901740e-01	2.000000e-01	2.000000e-01	1
3.940000e+01	394	1.464267e+03	3.440273e+02	2.880000e+01	7.200000e+00	1.902497e-01	2.000000e-01	2.000000e-01	1
3.950000e+01	395	1.346122e+03	4.402026e+02	2.880000e+01	7.200000e+00	2.464292e-01	2.000000e-01	2.000000e-01	1
3.960000e+01	396	1.827767e+03	4.420203e+02	2.880000e+01	7.200000e+00	1.947408e-01	2.000000e-01	2.000000e-01	1
3.970000e+01	397	1.666611e+03	3.658019e+02	2.880000e+01	7.200000e+00	1.799841e-01	2.000000e-01	2.000000e-01	1
3.980000e+01	398	1.871013e+03	4.820548e+02	2.880000e+01	7.200000e+00	2.048623e-01	2.000000e-01	2.000000e-01	1
3.990000e+01	399	1.434338e+03	5.833790e+02	2.880000e+01	7.200000e+00	2.891283e-01	2.000000e-01	2.000000e-01	1
40	400	1.503944e+03	3.117290e+02	2.880000e+01	7.200000e+00	1.716879e-01	2.000000e-01	2.000000e-01	1
4.010000e+01	401	1.093599e+03	4.363932e+02	2.880000e+01	7.200000e+00	2.852257e-01	2.000000e-01	2.000000e-01	1
4.020000e+01	402	2.101920e+03	4.677063e+02	2.880000e+01	7.200000e+00	1.820134e-01	2.000000e-01	2.000000e-01	1
4.030000e+01	403	2.293348e+03	3.074360e+02	2.880000e+01	7.200000e+00	1.182090e-01	2.000000e-01	2.000000e-01	1
4.040000e+01	404	2.000525e+03	4.740583e+02	2.880000e+01	7.200000e+00	1.915710e-01	2.000000e-01	2.000000e-01	1
4.050000e+01	405	1.895187e+03	2.823330e+02	2.880000e+01	7.200000e+00	1.296580e-01	2.000000e-01	2.000000e-01	1
4.060000e+01	406	1.464789e+03	5.738582e+02	2.880000e+01	7.200000e+00	2.814897e-01	2.000000e-01	2.000000e-01	1
4.070000e+01	407	1.847977e+03	3.928630e+02	2.880000e+01	7.200000e+00	1.753195e-01	2.000000e-01	2.000000e-01	1
4.080000e+01	408	1.860863e+03	3.338915e+02	2.880000e+01	7.200000e+00	1.521316e-01	2.000000e-01	2.000000e-01	1
4.090000e+01	409	1.602297e+03	3.362724e+02	2.880000e+01	7.200000e+00	1.734642e-01	2.000000e-01	2.000000e-01	1
41	410	2.022676e+03	6.542951e+02	2.880000e+01	7.200000e+00	2.444162e-01	2.000000e-01	2.000000e-01	1
4.110000e+01	411	1.047114e+03	8.641594e+02	2.880000e+01	7.200000e+00	4.521381e-01	2.000000e-01	2.000000e-01	1
4.120000e+01	412	1.641799e+03	4.179849e+02	2.880000e+01	7.200000e+00	2.029265e-01	2.000000e-01	2.000000e-01	1
4.130000e+01	413	1.552163e+03	4.505028e+02	2.880000e+01	7.200000e+00	2.249515e-01	2.000000e-01	2.000000e-01	1
4.140000e+01	414	2.154446e+03	3.455345e+02	2.880000e+01	7.200000e+00	1.382149e-01	2.000000e-01	2.000000e-01	1
4.150000e+01	415	1.421351e+03	2.697222e+02	2.880000e+01	7.200000e+00	1.594977e-01	2.000000e-01	2.000000e-01	1
4.160000e+01	416	1.206379e+03	4.962547e+02	2.559700e+01	1.040300e+01	2.914630e-01	2.889721e-01	2.000000e-01	1
4.170000e+01	417	6.393088e+02	1.180652e+03	1.080000e+01	2.520000e+01	6.487239e-01	7.000000e-01	7.000000e-01	2
4.180000e+01	418	1.073048e+03	1.118086e+03	1.080000e+01	2.520000e+01	5.102772e-01	7.000000e-01	7.000000e-01	2
4.190000e+01	419	6.555002e+02	1.499689e+03	1.080000e+01	2.520000e+01	6.958503e-01	7.000000e-01	7.000000e-01	2
42	420	8.885140e+02	9.468998e+02	1.080000e+01	2.520000e+01	5.159053e-01	7.000000e-01	7.000000e-01	2
4.210000e+01	421	9.339698e+02	1.319269e+03	1.491999e+01	2.108001e+01	5.854990e-01	5.855557e-01	7.000000e-01	2
4.220000e+01	422	1.524421e+03	5.186503e+02	2.880000e+01	7.200000e+00	2.538581e-01	2.000000e-01	2.000000e-01	1
4.230000e+01	423	1.562314e+03	2.461145e+02	2.880000e+01	7.200000e+00	1.360930e-01	2.000000e-01	2.000000e-01	1
4.240000e+01	424	1.627232e+03	4.057000e+02	2.880000e+01	7.200000e+00	1.995640e-01	2.000000e-01	2.000000e-01	1
4.250000e+01	425	1.550940e+03	5.332126e+02	2.880000e+01	7.200000e+00	2.558415e-01	2.000000e-01	2.000000e-01	1
4.260000e+01	426	1.790203e+03	2.900323e+02	2.880000e+01	7.200000e+00	1.394228e-01	2.000000e-01	2.000000e-01	1
4.270000e+01	427	1.300640e+03	3.864871e+02	2.880000e+01	7.200000e+00	2.290801e-01	2.000000e-01	2.000000e-01	1
4.280000e+01	428	1.689145e+03	1.556076e+02	2.880000e+01	7.200000e+00	8.435148e-02	2.000000e-01	2.000000e-01	1
4.290000e+01	429	1.643066e+03	3.299436e+02	2.880000e+01	7.200000e+00	1.672286e-01	2.000000e-01	2.000000e-01	1
43	430	1.872989e+03	2.842364e+02	2.880000e+01	7.200000e+00	1.317602e-01	2.000000e-01	2.000000e-01	1
4.310000e+01	431	1.710954e+03	5.974789e+02	2.880000e+01	7.200000e+00	2.588244e-01	2.000000e-01	2.000000e-01	1
4.320000e+01	432	1.537959e+03	2.317789e+02	2.880000e+01	7.200000e+00	1.309680e-01	2.000000e-01	2.000000e-01	1
4.330000e+01	433	1.968650e+03	2.493452e+02	2.880000e+01	7.200000e+00	1.124192e-01	2.000000e-01	2.000000e-01	1
4.340000e+01	434	1.326980e+03	2.468457e+02	2.880000e+01	7.200000e+00	1.568444e-01	2.000000e-01	2.000000e-01	1
4.350000e+01	435	1.669417e+03	4.066419e+02	2.880000e+01	7.200000e+00	1.958720e-01	2.000000e-01	2.000000e-01	1
4.360000e+01	436	1.294953e+03	3.489326e+02	2.880000e+01	7.200000e+00	2.122608e-01	2.000000e-01	2.000000e-01	1
4.370000e+01	437	1.859794e+03	5.330185e+02	2.880000e+01	7.200000e+00	2.227582e-01	2.000000e-01	2.000000e-01	1
4.380000e+01	438	2.120998e+03	3.944109e+02	2.880000e+01	7.200000e+00	1.567979e-01	2.000000e-01	2.000000e-01	1
4.390000e+01	439	1.127234e+03	9.341748e+01	2.880000e+01	7.200000e+00	7.653084e-02	2.000000e-01	2.000000e-01	1
44	440	1.234911e+03	5.064962e+02	2.880000e+01	7.200000e+00	2.908546e-01	2.000000e-01	2.000000e-01	1
4.410000e+01	441	1.661938e+03	2.451291e+02	2.880000e+01	7.200000e+00	1.285372e-01	2.000000e-01	2.000000e-01	1
4.420000e+01	442	1.988997e+03	3.284829e+02	2.880000e+01	7.200000e+00	1.417414e-01	2.000000e-01	2.000000e-01	1
4.430000e+01	443	1.304681e+03	2.894780e+02	2.880000e+01	7.200000e+00	1.815866e-01	2.000000e-01	2.000000e-01	1
4.440000e+01	444	1.419612e+03	5.234471e+02	2.880000e+01	7.200000e+00	2.693933e-01	2.000000e-01	2.000000e-01	1
4.450000e+01	445	1.393605e+03	1.002902e+02	2.880000e+01	7.200000e+00	6.713334e-02	2.000000e-01	2.000000e-01	1
4.460000e+01	446	1.755981e+03	3.557333e+02	2.880000e+01	7.200000e+00	1.684572e-01	2.000000e-01	2.000000e-01	1
4.470000e+01	447	1.544072e+03	2.836520e+02	2.880000e+01	7.200000e+00	1.551941e-01	2.000000e-01	2.000000e-01	1
4.480000e+01	448	1.452059e+03	3.512753e+02	2.880000e+01	7.200000e+00	1.947921e-01	2.000000e-01	2.000000e-01	1
4.490000e+01	449	1.722183e+03	2.148769e+02	2.880000e+01	7.200000e+00	1.109294e-01	2.000000e-01	2.000000e-01	1
45	450	1.630603e+03	2.727101e+02	2.880000e+01	7.200000e+00	1.432818e-01	2.000000e-01	2.000000e-01	1
4.510000e+01	451	1.506762e+03	5.255845e+02	2.880000e+01	7.200000e+00	2.586097e-01	2.000000e-01	2.000000e-01	1
4.520000e+01	452	1.097208e+03	2.757229e+02	2.880000e+01	7.200000e+00	2.008279e-01	2.000000e-01	2.000000e-01	1
4.530000e+01	453	1.288125e+03	3.959150e+02	2.880000e+01	7.200000e+00	2.350983e-01	2.000000e-01	2.000000e-01	1
4.540000e+01	454	1.516756e+03	4.615864e+02	2.880000e+01	7.200000e+00	2.333198e-01	2.000000e-01	2.000000e-01	1
4.550000e+01	455	1.126293e+03	3.880527e+02	2.880000e+01	7.200000e+00	2.562511e-01	2.000000e-01	2.000000e-01	1
4.560000e+01	456	1.737913e+03	4.718317e+02	2.880000e+01	7.200000e+00	2.135232e-01	2.000000e-01	2.000000e-01	1
4.570000e+01	457	1.615575e+03	7.507656e+02	2.880000e+01	7.200000e+00	3.172687e-01	2.000000e-01	2.000000e-01	1
4.580000e+01	458	1.675401e+03	2.575228e+02	2.880000e+01	7.200000e+00	1.332297e-01	2.000000e-01	2.000000e-01	1
4.590000e+01	459	1.588708e+03	4.236502e+02	2.880000e+01	7.200000e+00	2.105243e-01	2.000000e-01	2.000000e-01	1
46	460	1.488152e+03	3.560269e+02	2.880000e+01	7.200000e+00	1.930544e-01	2.000000e-01	2.000000e-01	1
4.610000e+01	461	2.234667e+03	3.634938e+02	2.880000e+01	7.200000e+00	1.399043e-01	2.000000e-01	2.000000e-01	1
4.620000e+01	462	1.392384e+03	2.710706e+02	2.880000e+01	7.200000e+00	1.629564e-01	2.000000e-01	2.000000e-01	1
4.630000e+01	463	1.511558e+03	4.145836e+02	2.880000e+01	7.200000e+00	2.152404e-01	2.000000e-01	2.000000e-01	1
4.640000e+01	464	1.145273e+03	5.846301e+02	2.880000e+01	7.200000e+00	3.379555e-01	2.000000e-01	2.000000e-01	1
4.650000e+01	465	1.945143e+03	4.301647e+02	2.880000e+01	7.200000e+00	1.810985e-01	2.000000e-01	2.000000e-01	1
4.660000e+01	466	2.065987e+03	2.168055e+02	2.880000e+01	7.200000e+00	9.497380e-02	2.000000e-01	2.000000e-01	1
4.670000e+01	467	9.617674e+02	2.519004e+02	2.880000e+01	7.200000e+00	2.075530e-01	2.000000e-01	2.000000e-01	1
4.680000e+01	468	1.564938e+03	4.906550e+02	2.880000e+01	7.200000e+00	2.386927e-01	2.000000e-01	2.000000e-01	1
4.690000e+01	469	2.029890e+03	3.662019e+02	2.880000e+01	7.200000e+00	1.528330e-01	2.000000e-01	2.000000e-01	1
47	470	1.868356e+03	5.205262e+02	2.880000e+01	7.200000e+00	2.178954e-01	2.000000e-01	2.000000e-01	1
4.710000e+01	471	1.902961e+03	5.798564e+02	2.880000e+01	7.200000e+00	2.335477e-01	2.000000e-01	2.000000e-01	1
4.720000e+01	472	1.757353e+03	3.874907e+02	2.880000e+01	7.200000e+00	1.806616e-01	2.000000e-01	2.000000e-01	1
4.730000e+01	473	1.035220e+03	4.561966e+02	2.880000e+01	7.200000e+00	3.058813e-01	2.000000e-01	2.000000e-01	1
4.740000e+01	474	1.346417e+03	5.199578e+02	2.880000e+01	7.200000e+00	2.785924e-01	2.000000e-01	2.000000e-01	1
4.750000e+01	475	1.745200e+03	4.706253e+02	2.880000e+01	7.200000e+00	2.123928e-01	2.000000e-01	2.000000e-01	1
4.760000e+01	476	1.274384e+03	5.659542e+02	2.880000e+01	7.200000e+00	3.075273e-01	2.000000e-01	2.000000e-01	1
4.770000e+01	477	1.717869e+03	4.354730e+02	2.880000e+01	7.200000e+00	2.022313e-01	2.000000e-01	2.000000e-01	1
4.780000e+01	478	1.540822e+03	3.643210e+02	2.880000e+01	7.200000e+00	1.912303e-01	2.000000e-01	2.000000e-01	1
4.790000e+01	479	1.794692e+03	2.120125e+02	2.880000e+01	7.200000e+00	1.056521e-01	2.000000e-01	2.000000e-01	1
48	480	1.499650e+03	1.390565e+02	2.880000e+01	7.200000e+00	8.485749e-02	2.000000e-01	2.000000e-01	1
4.810000e+01	481	2.084542e+03	3.002662e+02	2.880000e+01	7.200000e+00	1.259079e-01	2.000000e-01	2.000000e-01	1
4.820000e+01	482	1.891830e+03	3.832924e+02	2.880000e+01	7.200000e+00	1.684711e-01	2.000000e-01	2.000000e-01	1
4.830000e+01	483	1.811461e+03	3.251120e+02	2.880000e+01	7.200000e+00	1.521652e-01	2.000000e-01	2.000000e-01	1
4.840000e+01	484	1.598849e+03	6.009891e+02	2.880000e+01	7.200000e+00	2.731970e-01	2.000000e-01	2.000000e-01	1
4.850000e+01	485	1.859125e+03	5.898273e+02	2.880000e+01	7.200000e+00	2.408488e-01	2.000000e-01	2.000000e-01	1
4.860000e+01	486	1.085123e+03	6.582125e+02	2.130496e+01	1.469504e+01	3.775592e-01	4.081955e-01	2.000000e-01	1
4.870000e+01	487	1.507009e+03	1.202657e+03	1.693079e+01	1.906921e+01	4.438397e-01	5.297003e-01	7.000000e-01	2
4.880000e+01	488	2.119344e+03	2.143593e+02	2.880000e+01	7.200000e+00	9.185372e-02	2.000000e-01	2.000000e-01	1
4.890000e+01	489	1.824803e+03	2.583803e+02	2.880000e+01	7.200000e+00	1.240315e-01	2.000000e-01	2.000000e-01	1
49	490	1.603283e+03	6.550349e+02	2.880000e+01	7.200000e+00	2.900544e-01	2.000000e-01	2.000000e-01	1
4.910000e+01	491	1.648459e+03	3.853785e+02	2.880000e+01	7.200000e+00	1.894834e-01	2.000000e-01	2.000000e-01	1
4.920000e+01	492	1.291778e+03	3.339322e+02	2.880000e+01	7.200000e+00	2.054070e-01	2.000000e-01	2.000000e-01	1
4.930000e+01	493	1.416890e+03	4.639040e+02	2.880000e+01	7.200000e+00	2.466533e-01	2.000000e-01	2.000000e-01	1
4.940000e+01	494	1.672450e+03	3.394557e+02	2.880000e+01	7.200000e+00	1.687235e-01	2.000000e-01	2.000000e-01	1
4.950000e+01	495	1.304157e+03	3.827321e+02	2.880000e+01	7.200000e+00	2.268863e-01	2.000000e-01	2.000000e-01	1
4.960000e+01	496	1.453502e+03	2.838709e+02	2.880000e+01	7.200000e+00	1.633909e-01	2.000000e-01	2.000000e-01	1
4.970000e+01	497	1.627869e+03	1.863739e+02	2.880000e+01	7.200000e+00	1.027282e-01	2.000000e-01	2.000000e-01	1
4.980000e+01	498	1.533704e+03	3.324341e+02	2.880000e+01	7.200000e+00	1.781401e-01	2.000000e-01	2.000000e-01	1
4.990000e+01	499	1.733879e+03	3.709010e+02	2.880000e+01	7.200000e+00	1.762184e-01	2.000000e-01	2.000000e-01	1
50	500	1.459667e+03	2.367949e+02	2.880000e+01	7.200000e+00	1.395816e-01	2.000000e-01	2.000000e-01	1
5.010000e+01	501	1.620392e+03	4.144608e+02	2.880000e+01	7.200000e+00	2.036810e-01	2.000000e-01	2.000000e-01	1
5.020000e+01	502	1.446033e+03	2.521095e+02	2.880000e+01	7.200000e+00	1.484619e-01	2.000000e-01	2.000000e-01	1
5.030000e+01	503	1.692531e+03	4.621487e+02	2.880000e+01	7.200000e+00	2.144861e-01	2.000000e-01	2.000000e-01	1
5.040000e+01	504	1.458535e+03	2.963880e+02	2.880000e+01	7.200000e+00	1.688895e-01	2.000000e-01	2.000000e-01	1
5.050000e+01	505	2.156156e+03	6.624523e+02	2.880000e+01	7.200000e+00	2.350281e-01	2.000000e-01	2.000000e-01	1
5.060000e+01	506	1.426924e+03	3.208848e+02	2.880000e+01	7.200000e+00	1.835927e-01	2.000000e-01	2.000000e-01	1
5.070000e+01	507	1.942255e+03	6.559514e+01	2.880000e+01	7.200000e+00	3.266934e-02	2.000000e-01	2.000000e-01	1
5.080000e+01	508	1.955129e+03	2.181082e+02	2.880000e+01	7.200000e+00	1.003610e-01	2.000000e-01	2.000000e-01	1
5.090000e+01	509	1.280604e+03	1.912248e+02	2.880000e+01	7.200000e+00	1.299233e-01	2.000000e-01	2.000000e-01	1
51	510	1.604628e+03	2.415054e+02	2.880000e+01	7.200000e+00	1.308169e-01	2.000000e-01	2.000000e-01	1
5.110000e+01	511	2.094728e+03	2.881021e+02	2.880000e+01	7.200000e+00	1.209075e-01	2.000000e-01	2.000000e-01	1
5.120000e+01	512	1.957638e+03	5.029439e+02	2.880000e+01	7.200000e+00	2.044004e-01	2.000000e-01	2.000000e-01	1
5.130000e+01	513	1.752779e+03	3.195631e+02	2.880000e+01	7.200000e+00	1.542038e-01	2.000000e-01	2.000000e-01	1
5.140000e+01	514	1.026379e+03	5.317856e+02	2.880000e+01	7.200000e+00	3.412897e-01	2.000000e-01	2.000000e-01	1
5.150000e+01	515	1.695917e+03	6.854864e+02	2.880000e+01	7.200000e+00	2.878498e-01	2.000000e-01	2.000000e-01	1
5.160000e+01	516	1.810869e+03	4.789411e+02	2.880000e+01	7.200000e+00	2.091619e-01	2.000000e-01	2.000000e-01	1
5.170000e+01	517	1.312063e+03	3.886129e+02	2.880000e+01	7.200000e+00	2.285050e-01	2.000000e-01	2.000000e-01	1
5.180000e+01	518	1.925168e+03	5.011459e+02	2.880000e+01	7.200000e+00	2.065461e-01	2.000000e-01	2.000000e-01	1
5.190000e+01	519	1.617476e+03	5.612267e+02	2.880000e+01	7.200000e+00	2.575967e-01	2.000000e-01	2.000000e-01	1
52	520	1.609843e+03	2.139334e+02	2.880000e+01	7.200000e+00	1.173025e-01	2.000000e-01	2.000000e-01	1
5.210000e+01	521	1.449255e+03	3.788537e+02	2.880000e+01	7.200000e+00	2.072381e-01	2.000000e-01	2.000000e-01	1
5.220000e+01	522	1.848234e+03	4.507898e+02	2.880000e+01	7.200000e+00	1.960788e-01	2.000000e-01	2.000000e-01	1
5.230000e+01	523	1.217403e+03	5.587970e+02	2.880000e+01	7.200000e+00	3.146026e-01	2.000000e-01	2.000000e-01	1
5.240000e+01	524	1.386821e+03	2.926199e+02	2.880000e+01	7.200000e+00	1.742365e-01	2.000000e-01	2.000000e-01	1
5.250000e+01	525	2.040298e+03	3.838009e+02	2.880000e+01	7.200000e+00	1.583272e-01	2.000000e-01	2.000000e-01	1
5.260000e+01	526	1.740274e+03	4.174865e+02	2.880000e+01	7.200000e+00	1.934814e-01	2.000000e-01	2.000000e-01	1
5.270000e+01	527	1.545332e+03	4.190002e+02	2.880000e+01	7.200000e+00	2.133042e-01	2.000000e-01	2.000000e-01	1
5.280000e+01	528	1.809432e+03	4.800315e+02	2.880000e+01	7.200000e+00	2.096698e-01	2.000000e-01	2.000000e-01	1
5.290000e+01	529	1.175796e+03	5.094791e+02	2.880000e+01	7.200000e+00	3.023121e-01	2.000000e-01	2.000000e-01	1
53	530	1.343562e+03	3.500759e+02	2.880000e+01	7.200000e+00	2.067005e-01	2.000000e-01	2.000000e-01	1
5.310000e+01	531	1.465565e+03	4.184527e+02	2.880000e+01	7.200000e+00	2.221066e-01	2.000000e-01	2.000000e-01	1
5.320000e+01	532	1.696815e+03	4.844183e+02	2.880000e+01	7.200000e+00	2.220846e-01	2.000000e-01	2.000000e-01	1
5.330000e+01	533	8.695668e+02	4.907156e+02	2.880000e+01	7.200000e+00	3.607454e-01	2.000000e-01	2.000000e-01	1
5.340000e+01	534	8.778065e+02	4.363943e+02	2.880000e+01	7.200000e+00	3.320606e-01	2.000000e-01	2.000000e-01	1
5.350000e+01	535	1.517068e+03	5.103001e+02	2.880000e+01	7.200000e+00	2.517057e-01	2.000000e-01	2.000000e-01	1
5.360000e+01	536	1.160444e+03	5.406677e+02	2.880000e+01	7.200000e+00	3.178320e-01	2.000000e-01	2.000000e-01	1
5.370000e+01	537	1.060020e+03	3.225330e+02	2.880000e+01	7.200000e+00	2.332879e-01	2.000000e-01	2.000000e-01	1
5.380000e+01	538	1.889963e+03	3.639672e+02	2.880000e+01	7.200000e+00	1.614812e-01	2.000000e-01	2.000000e-01	1
5.390000e+01	539	1.655805e+03	0	2.880000e+01	7.200000e+00	0	2.000000e-01	2.000000e-01	1
54	540	1.522883e+03	4.483012e+02	2.880000e+01	7.200000e+00	2.274273e-01	2.000000e-01	2.000000e-01	1
5.410000e+01	541	1.966560e+03	2.722308e+02	2.880000e+01	7.200000e+00	1.215972e-01	2.000000e-01	2.000000e-01	1
5.420000e+01	542	1.909205e+03	3.949474e+02	2.880000e+01	7.200000e+00	1.714068e-01	2.000000e-01	2.000000e-01	1
5.430000e+01	543	1.193023e+03	6.646528e+02	2.880000e+01	7.200000e+00	3.577873e-01	2.000000e-01	2.000000e-01	1
5.440000e+01	544	1.425139e+03	5.181429e+02	2.880000e+01	7.200000e+00	2.666328e-01	2.000000e-01	2.000000e-01	1
5.450000e+01	545	1.897936e+03	3.013187e+02	2.880000e+01	7.200000e+00	1.370095e-01	2.000000e-01	2.000000e-01	1
5.460000e+01	546	1.697860e+03	6.101551e+02	2.880000e+01	7.200000e+00	2.643635e-01	2.000000e-01	2.000000e-01	1
5.470000e+01	547	1.419770e+03	4.838264e+02	2.880000e+01	7.200000e+00	2.541644e-01	2.000000e-01	2.000000e-01	1
5.480000e+01	548	1.625808e+03	4.105189e+02	2.880000e+01	7.200000e+00	2.015977e-01	2.000000e-01	2.000000e-01	1
5.490000e+01	549	1.436753e+03	8.214084e+02	2.880000e+01	7.200000e+00	3.637509e-01	2.000000e-01	2.000000e-01	1
55	550	1.479309e+03	3.915164e+02	2.880000e+01	7.200000e+00	2.092747e-01	2.000000e-01	2.000000e-01	1
5.510000e+01	551	1.559376e+03	1.649362e+02	2.880000e+01	7.200000e+00	9.565333e-02	2.000000e-01	2.000000e-01	1
5.520000e+01	552	9.529119e+02	1.014492e+03	2.251989e+01	1.348011e+01	5.156500e-01	3.744475e-01	2.000000e-01	1
5.530000e+01	553	8.013485e+02	1.334964e+03	1.080000e+01	2.520000e+01	6.248917e-01	7.000000e-01	7.000000e-01	2
5.540000e+01	554	5.124193e+02	1.220947e+03	1.080000e+01	2.520000e+01	7.043791e-01	7.000000e-01	7.000000e-01	2
5.550000e+01	555	2.720395e+02	1.364709e+03	1.080000e+01	2.520000e+01	8.337927e-01	7.000000e-01	7.000000e-01	2
5.560000e+01	556	8.625938e+02	1.578330e+03	1.080000e+01	2.520000e+01	6.466117e-01	7.000000e-01	7.000000e-01	2
5.570000e+01	557	4.548961e+02	1.507326e+03	1.080000e+01	2.520000e+01	7.681729e-01	7.000000e-01	7.000000e-01	2
5.580000e+01	558	8.764379e+02	1.237905e+03	1.080000e+01	2.520000e+01	5.854797e-01	7.000000e-01	7.000000e-01	2
5.590000e+01	559	3.581079e+02	1.482532e+03	1.080000e+01	2.520000e+01	8.054438e-01	7.000000e-01	7.000000e-01	2
56	560	7.410854e+02	1.386846e+03	1.080000e+01	2.520000e+01	6.517344e-01	7.000000e-01	7.000000e-01	2
5.610000e+01	561	7.535615e+02	9.579018e+02	1.080000e+01	2.520000e+01	5.596975e-01	7.000000e-01	7.000000e-01	2
5.620000e+01	562	6.473963e+02	1.173437e+03	1.080000e+01	2.520000e+01	6.444505e-01	7.000000e-01	7.000000e-01	2
5.630000e+01	563	5.208705e+02	1.617402e+03	1.080000e+01	2.520000e+01	7.564059e-01	7.000000e-01	7.000000e-01	2
5.640000e+01	564	7.150096e+02	6.653764e+02	1.895025e+01	1.704975e+01	4.820220e-01	4.736042e-01	7.000000e-01	2
5.650000e+01	565	1.129884e+03	4.245858e+02	2.880000e+01	7.200000e+00	2.731387e-01	2.000000e-01	2.000000e-01	1
5.660000e+01	566	1.400513e+03	5.494132e+02	2.880000e+01	7.200000e+00	2.817611e-01	2.000000e-01	2.000000e-01	1
5.670000e+01	567	1.425190e+03	5.158758e+02	2.880000e+01	7.200000e+00	2.657693e-01	2.000000e-01	2.000000e-01	1
5.680000e+01	568	1.469611e+03	0	2.880000e+01	7.200000e+00	0	2.000000e-01	2.000000e-01	1
5.690000e+01	569	1.197696e+03	5.589294e+02	2.880000e+01	7.200000e+00	3.181836e-01	2.000000e-01	2.000000e-01	1
57	570	1.292292e+03	1.249894e+02	2.880000e+01	7.200000e+00	8.818956e-02	2.000000e-01	2.000000e-01	1
5.710000e+01	571	1.680841e+03	8.445438e+00	2.880000e+01	7.200000e+00	4.999413e-03	2.000000e-01	2.000000e-01	1
5.720000e+01	572	1.763364e+03	5.517610e+01	2.880000e+01	7.200000e+00	3.034087e-02	2.000000e-01	2.000000e-01	1
5.730000e+01	573	1.187947e+03	5.126158e+02	2.880000e+01	7.200000e+00	3.014389e-01	2.000000e-01	2.000000e-01	1
5.740000e+01	574	2.066309e+03	4.934971e+02	2.880000e+01	7.200000e+00	1.927869e-01	2.000000e-01	2.000000e-01	1
5.750000e+01	575	1.354270e+03	5.136711e+02	2.880000e+01	7.200000e+00	2.749931e-01	2.000000e-01	2.000000e-01	1
5.760000e+01	576	1.563238e+03	3.567318e+02	2.880000e+01	7.200000e+00	1.858008e-01	2.000000e-01	2.000000e-01	1
5.770000e+01	577	1.265409e+03	4.518747e+02	2.880000e+01	7.200000e+00	2.631335e-01	2.000000e-01	2.000000e-01	1
5.780000e+01	578	1.199577e+03	4.221207e+02	2.880000e+01	7.200000e+00	2.602956e-01	2.000000e-01	2.000000e-01	1
5.790000e+01	579	1.738628e+03	2.398189e+02	2.880000e+01	7.200000e+00	1.212158e-01	2.000000e-01	2.000000e-01	1
58	580	2.213662e+03	2.602332e+02	2.880000e+01	7.200000e+00	1.051917e-01	2.000000e-01	2.000000e-01	1
5.810000e+01	581	1.747580e+03	1.159779e+02	2.880000e+01	7.200000e+00	6.223466e-02	2.000000e-01	2.000000e-01	1
5.820000e+01	582	2.186884e+03	2.879347e+02	2.880000e+01	7.200000e+00	1.163458e-01	2.000000e-01	2.000000e-01	1
5.830000e+01	583	1.737704e+03	6.492763e+01	2.880000e+01	7.200000e+00	3.601825e-02	2.000000e-01	2.000000e-01	1
5.840000e+01	584	1.250725e+03	2.893415e+02	2.880000e+01	7.200000e+00	1.878760e-01	2.000000e-01	2.000000e-01	1
5.850000e+01	585	1.348749e+03	2.620506e+02	2.880000e+01	7.200000e+00	1.626835e-01	2.000000e-01	2.000000e-01	1
5.860000e+01	586	1.343575e+03	5.993738e+02	2.880000e+01	7.200000e+00	3.084867e-01	2.000000e-01	2.000000e-01	1
5.870000e+01	587	1.396968e+03	4.601018e+02	2.880000e+01	7.200000e+00	2.477569e-01	2.000000e-01	2.000000e-01	1
5.880000e+01	588	1.825527e+03	1.498477e+02	2.880000e+01	7.200000e+00	7.585785e-02	2.000000e-01	2.000000e-01	1
5.890000e+01	589	2.133049e+03	4.844822e+02	2.880000e+01	7.200000e+00	1.850913e-01	2.000000e-01	2.000000e-01	1
59	590	1.654319e+03	2.667491e+02	2.880000e+01	7.200000e+00	1.388545e-01	2.000000e-01	2.000000e-01	1
5.910000e+01	591	2.094078e+03	2.845245e+02	2.880000e+01	7.200000e+00	1.196184e-01	2.000000e-01	2.000000e-01	1
5.920000e+01	592	1.878304e+03	6.914252e+02	2.880000e+01	7.200000e+00	2.690654e-01	2.000000e-01	2.000000e-01	1
5.930000e+01	593	1.648309e+03	5.742175e+02	2.880000e+01	7.200000e+00	2.583625e-01	2.000000e-01	2.000000e-01	1
5.940000e+01	594	1.498766e+03	5.831799e+02	2.880000e+01	7.200000e+00	2.801129e-01	2.000000e-01	2.000000e-01	1
5.950000e+01	595	1.025452e+03	3.975056e+02	2.880000e+01	7.200000e+00	2.793517e-01	2.000000e-01	2.000000e-01	1
5.960000e+01	596	1.181698e+03	4.761715e+02	2.880000e+01	7.200000e+00	2.872190e-01	2.000000e-01	2.000000e-01	1
5.970000e+01	597	1.651623e+03	2.023814e+02	2.880000e+01	7.200000e+00	1.091591e-01	2.000000e-01	2.000000e-01	1
5.980000e+01	598	9.559620e+02	5.385598e+02	2.880000e+01	7.200000e+00	3.603559e-01	2.000000e-01	2.000000e-01	1
5.990000e+01	599	1.309027e+03	2.270193e+02	2.880000e+01	7.200000e+00	1.477945e-01	2.000000e-01	2.000000e-01	1
60	600	1.685063e+03	1.055706e+02	2.880000e+01	7.200000e+00	5.895711e-02	2.000000e-01	2.000000e-01	1
6.010000e+01	601	1.180717e+03	2.605920e+02	2.880000e+01	7.200000e+00	1.808023e-01	2.000000e-01	2.000000e-01	1
6.020000e+01	602	1.382260e+03	4.386540e+02	2.880000e+01	7.200000e+00	2.408978e-01	2.000000e-01	2.000000e-01	1
6.030000e+01	603	1.300493e+03	6.445771e+01	2.880000e+01	7.200000e+00	4.722349e-02	2.000000e-01	2.000000e-01	1
6.040000e+01	604	2.123024e+03	6.411263e+02	2.880000e+01	7.200000e+00	2.319433e-01	2.000000e-01	2.000000e-01	1
6.050000e+01	605	1.293193e+03	5.331183e+02	2.880000e+01	7.200000e+00	2.919098e-01	2.000000e-01	2.000000e-01	1
6.060000e+01	606	1.683229e+03	4.963161e+02	2.880000e+01	7.200000e+00	2.277155e-01	2.000000e-01	2.000000e-01	1
6.070000e+01	607	2.152226e+03	4.675895e+02	2.880000e+01	7.200000e+00	1.784819e-01	2.000000e-01	2.000000e-01	1
6.080000e+01	608	1.387864e+03	9.072410e+02	2.880000e+01	7.200000e+00	3.952939e-01	2.000000e-01	2.000000e-01	1
6.090000e+01	609	1.562799e+03	4.050412e+02	2.880000e+01	7.200000e+00	2.058303e-01	2.000000e-01	2.000000e-01	1
61	610	1.593528e+03	3.253441e+02	2.880000e+01	7.200000e+00	1.695497e-01	2.000000e-01	2.000000e-01	1
6.110000e+01	611	1.912401e+03	4.381988e+02	2.880000e+01	7.200000e+00	1.864200e-01	2.000000e-01	2.000000e-01	1
6.120000e+01	612	1.564684e+03	5.750874e+02	2.880000e+01	7.200000e+00	2.687611e-01	2.000000e-01	2.000000e-01	1
6.130000e+01	613	1.675517e+03	2.076982e+02	2.880000e+01	7.200000e+00	1.102891e-01	2.000000e-01	2.000000e-01	1
6.140000e+01	614	1.694524e+03	5.099136e+02	2.880000e+01	7.200000e+00	2.313123e-01	2.000000e-01	2.000000e-01	1
6.150000e+01	615	1.807629e+03	5.226372e+02	2.880000e+01	7.200000e+00	2.242822e-01	2.000000e-01	2.000000e-01	1
6.160000e+01	616	1.908597e+03	3.331556e+02	2.880000e+01	7.200000e+00	1.486139e-01	2.000000e-01	2.000000e-01	1
6.170000e+01	617	1.283399e+03	3.146770e+02	2.880000e+01	7.200000e+00	1.969099e-01	2.000000e-01	2.000000e-01	1
6.180000e+01	618	1.894071e+03	5.889958e+02	2.880000e+01	7.200000e+00	2.372050e-01	2.000000e-01	2.000000e-01	1
6.190000e+01	619	1.475026e+03	1.260335e+02	2.880000e+01	7.200000e+00	7.871885e-02	2.000000e-01	2.000000e-01	1
62	620	1.640730e+03	7.632490e+02	2.498232e+01	1.101768e+01	3.174941e-01	3.060467e-01	2.000000e-01	1
