coordinates 	31.70	70.23	159.70	70.23
time(s)	frame	Idon(a.u.)	Iacc(a.u.)	Idon ideal(a.u.)	Iacc ideal(a.u.)	FRET	FRET ideal (blurr)	FRET ideal	state sequence
1.000000e-01	1	4.081022e+02	1.371002e+03	1.080000e+01	2.520000e+01	7.706136e-01	7.000000e-01	7.000000e-01	3
2.000000e-01	2	3.466957e+02	1.599145e+03	1.080000e+01	2.520000e+01	8.218273e-01	7.000000e-01	7.000000e-01	3
3.000000e-01	3	6.657010e+02	1.043520e+03	1.080000e+01	2.520000e+01	6.105237e-01	7.000000e-01	7.000000e-01	3
4.000000e-01	4	7.279657e+02	1.195371e+03	1.080000e+01	2.520000e+01	6.215089e-01	7.000000e-01	7.000000e-01	3
5.000000e-01	5	7.416862e+02	1.120219e+03	1.080000e+01	2.520000e+01	6.016521e-01	7.000000e-01	7.000000e-01	3
6.000000e-01	6	6.735110e+02	1.693679e+03	1.080000e+01	2.520000e+01	7.154808e-01	7.000000e-01	7.000000e-01	3
7.000000e-01	7	8.315439e+02	1.854762e+03	1.080000e+01	2.520000e+01	6.904508e-01	7.000000e-01	7.000000e-01	3
8.000000e-01	8	6.017118e+02	1.140604e+03	1.080000e+01	2.520000e+01	6.546482e-01	7.000000e-01	7.000000e-01	3
9.000000e-01	9	3.274661e+02	1.755151e+03	1.080000e+01	2.520000e+01	8.427622e-01	7.000000e-01	7.000000e-01	3
1	10	4.151480e+02	1.498034e+03	1.080000e+01	2.520000e+01	7.830066e-01	7.000000e-01	7.000000e-01	3
1.100000e+00	11	8.031460e+02	1.660350e+03	1.080000e+01	2.520000e+01	6.739813e-01	7.000000e-01	7.000000e-01	3
1.200000e+00	12	7.177341e+02	1.485756e+03	1.080000e+01	2.520000e+01	6.742740e-01	7.000000e-01	7.000000e-01	3
1.300000e+00	13	6.200720e+02	1.750192e+03	1.080000e+01	2.520000e+01	7.383953e-01	7.000000e-01	7.000000e-01	3
1.400000e+00	14	7.536064e+02	1.862303e+03	1.080000e+01	2.520000e+01	7.119142e-01	7.000000e-01	7.000000e-01	3
1.500000e+00	15	5.823506e+02	1.322568e+03	1.080000e+01	2.520000e+01	6.942911e-01	7.000000e-01	7.000000e-01	3
1.600000e+00	16	4.524750e+02	1.043054e+03	1.080000e+01	2.520000e+01	6.974483e-01	7.000000e-01	7.000000e-01	3
1.700000e+00	17	6.395400e+02	1.536796e+03	1.080000e+01	2.520000e+01	7.061391e-01	7.000000e-01	7.000000e-01	3
1.800000e+00	18	6.466268e+02	1.213296e+03	1.080000e+01	2.520000e+01	6.523368e-01	7.000000e-01	7.000000e-01	3
1.900000e+00	19	6.533692e+02	1.050069e+03	1.080000e+01	2.520000e+01	6.164410e-01	7.000000e-01	7.000000e-01	3
2	20	6.289868e+02	8.258310e+02	1.080000e+01	2.520000e+01	5.676526e-01	7.000000e-01	7.000000e-01	3
2.100000e+00	21	4.173134e+02	1.490494e+03	1.080000e+01	2.520000e+01	7.812603e-01	7.000000e-01	7.000000e-01	3
2.200000e+00	22	4.540664e+02	1.479789e+03	1.080000e+01	2.520000e+01	7.652014e-01	7.000000e-01	7.000000e-01	3
2.300000e+00	23	7.488338e+02	1.380469e+03	1.080000e+01	2.520000e+01	6.483197e-01	7.000000e-01	7.000000e-01	3
2.400000e+00	24	4.379990e+02	1.514723e+03	1.080000e+01	2.520000e+01	7.756982e-01	7.000000e-01	7.000000e-01	3
2.500000e+00	25	6.378480e+02	1.133616e+03	1.080000e+01	2.520000e+01	6.399318e-01	7.000000e-01	7.000000e-01	3
2.600000e+00	26	5.429286e+02	8.048189e+02	1.080000e+01	2.520000e+01	5.971585e-01	7.000000e-01	7.000000e-01	3
2.700000e+00	27	5.996022e+02	1.349266e+03	1.080000e+01	2.520000e+01	6.923331e-01	7.000000e-01	7.000000e-01	3
2.800000e+00	28	5.781817e+02	1.773953e+03	1.080000e+01	2.520000e+01	7.541885e-01	7.000000e-01	7.000000e-01	3
2.900000e+00	29	5.451472e+02	1.442949e+03	1.080000e+01	2.520000e+01	7.257943e-01	7.000000e-01	7.000000e-01	3
3	30	5.118519e+02	1.291744e+03	1.080000e+01	2.520000e+01	7.162047e-01	7.000000e-01	7.000000e-01	3
3.100000e+00	31	7.101885e+02	1.480527e+03	1.080000e+01	2.520000e+01	6.758189e-01	7.000000e-01	7.000000e-01	3
3.200000e+00	32	6.664737e+02	8.044122e+02	1.080000e+01	2.520000e+01	5.468896e-01	7.000000e-01	7.000000e-01	3
3.300000e+00	33	6.022418e+02	1.141282e+03	1.080000e+01	2.520000e+01	6.545835e-01	7.000000e-01	7.000000e-01	3
3.400000e+00	34	1.088969e+03	1.577046e+03	1.080000e+01	2.520000e+01	5.915367e-01	7.000000e-01	7.000000e-01	3
3.500000e+00	35	7.965747e+02	6.577934e+02	1.080000e+01	2.520000e+01	4.522881e-01	7.000000e-01	7.000000e-01	3
3.600000e+00	36	6.376606e+02	1.159755e+03	1.080000e+01	2.520000e+01	6.452348e-01	7.000000e-01	7.000000e-01	3
3.700000e+00	37	5.044817e+02	1.415330e+03	1.080000e+01	2.520000e+01	7.372233e-01	7.000000e-01	7.000000e-01	3
3.800000e+00	38	5.362066e+02	1.475550e+03	1.080000e+01	2.520000e+01	7.334635e-01	7.000000e-01	7.000000e-01	3
3.900000e+00	39	5.128452e+02	1.145534e+03	1.080000e+01	2.520000e+01	6.907552e-01	7.000000e-01	7.000000e-01	3
4	40	3.842082e+02	1.780560e+03	1.080000e+01	2.520000e+01	8.225176e-01	7.000000e-01	7.000000e-01	3
4.100000e+00	41	8.552575e+02	1.123996e+03	1.080000e+01	2.520000e+01	5.678888e-01	7.000000e-01	7.000000e-01	3
4.200000e+00	42	4.239042e+02	1.255382e+03	1.080000e+01	2.520000e+01	7.475688e-01	7.000000e-01	7.000000e-01	3
4.300000e+00	43	6.785297e+02	1.341717e+03	1.080000e+01	2.520000e+01	6.641353e-01	7.000000e-01	7.000000e-01	3
4.400000e+00	44	4.252174e+02	1.737211e+03	1.080000e+01	2.520000e+01	8.033612e-01	7.000000e-01	7.000000e-01	3
4.500000e+00	45	7.143763e+02	1.462249e+03	1.080000e+01	2.520000e+01	6.717964e-01	7.000000e-01	7.000000e-01	3
4.600000e+00	46	6.035686e+02	1.118218e+03	1.080000e+01	2.520000e+01	6.494522e-01	7.000000e-01	7.000000e-01	3
4.700000e+00	47	5.621496e+02	1.609845e+03	1.080000e+01	2.520000e+01	7.411828e-01	7.000000e-01	7.000000e-01	3
4.800000e+00	48	4.643151e+00	1.426455e+03	1.080000e+01	2.520000e+01	9.967555e-01	7.000000e-01	7.000000e-01	3
4.900000e+00	49	7.789301e+02	1.880793e+03	1.080000e+01	2.520000e+01	7.071387e-01	7.000000e-01	7.000000e-01	3
5	50	2.152012e+02	6.751195e+02	1.080000e+01	2.520000e+01	7.582880e-01	7.000000e-01	7.000000e-01	3
5.100000e+00	51	4.514921e+02	1.334567e+03	1.080000e+01	2.520000e+01	7.472132e-01	7.000000e-01	7.000000e-01	3
5.200000e+00	52	5.059807e+02	9.038834e+02	1.080000e+01	2.520000e+01	6.411138e-01	7.000000e-01	7.000000e-01	3
5.300000e+00	53	1.579378e+02	1.451560e+03	1.080000e+01	2.520000e+01	9.018714e-01	7.000000e-01	7.000000e-01	3
5.400000e+00	54	5.198826e+02	1.148525e+03	1.080000e+01	2.520000e+01	6.883959e-01	7.000000e-01	7.000000e-01	3
5.500000e+00	55	4.183918e+02	1.330451e+03	1.080000e+01	2.520000e+01	7.607608e-01	7.000000e-01	7.000000e-01	3
5.600000e+00	56	8.594812e+02	1.628196e+03	1.080000e+01	2.520000e+01	6.545045e-01	7.000000e-01	7.000000e-01	3
5.700000e+00	57	6.342267e+02	1.550692e+03	1.080000e+01	2.520000e+01	7.097253e-01	7.000000e-01	7.000000e-01	3
5.800000e+00	58	5.704417e+02	1.410580e+03	1.080000e+01	2.520000e+01	7.120467e-01	7.000000e-01	7.000000e-01	3
5.900000e+00	59	6.249554e+02	1.500585e+03	1.080000e+01	2.520000e+01	7.059782e-01	7.000000e-01	7.000000e-01	3
6	60	5.460320e+02	1.432821e+03	1.080000e+01	2.520000e+01	7.240664e-01	7.000000e-01	7.000000e-01	3
6.100000e+00	61	4.975977e+02	1.769212e+03	1.080000e+01	2.520000e+01	7.804854e-01	7.000000e-01	7.000000e-01	3
6.200000e+00	62	6.625835e+02	1.357756e+03	1.080000e+01	2.520000e+01	6.720435e-01	7.000000e-01	7.000000e-01	3
6.300000e+00	63	7.545844e+02	1.334074e+03	1.080000e+01	2.520000e+01	6.387229e-01	7.000000e-01	7.000000e-01	3
6.400000e+00	64	1.872555e+02	9.268938e+02	1.080000e+01	2.520000e+01	8.319296e-01	7.000000e-01	7.000000e-01	3
6.500000e+00	65	7.698857e+02	1.369284e+03	1.080000e+01	2.520000e+01	6.401007e-01	7.000000e-01	7.000000e-01	3
6.600000e+00	66	4.595606e+02	1.407820e+03	1.080000e+01	2.520000e+01	7.539009e-01	7.000000e-01	7.000000e-01	3
6.700000e+00	67	5.409186e+02	1.183531e+03	1.080000e+01	2.520000e+01	6.863239e-01	7.000000e-01	7.000000e-01	3
6.800000e+00	68	3.450118e+02	1.429710e+03	1.080000e+01	2.520000e+01	8.055967e-01	7.000000e-01	7.000000e-01	3
6.900000e+00	69	7.057845e+02	1.024600e+03	1.080000e+01	2.520000e+01	5.921227e-01	7.000000e-01	7.000000e-01	3
7	70	5.748255e+02	1.022241e+03	1.080000e+01	2.520000e+01	6.400742e-01	7.000000e-01	7.000000e-01	3
7.100000e+00	71	2.336828e+02	1.341792e+03	1.080000e+01	2.520000e+01	8.516746e-01	7.000000e-01	7.000000e-01	3
7.200000e+00	72	4.651245e+02	1.334997e+03	1.080000e+01	2.520000e+01	7.416150e-01	7.000000e-01	7.000000e-01	3
7.300000e+00	73	6.453543e+02	1.932340e+03	1.080000e+01	2.520000e+01	7.496389e-01	7.000000e-01	7.000000e-01	3
7.400000e+00	74	6.524878e+02	2.083145e+03	1.080000e+01	2.520000e+01	7.614856e-01	7.000000e-01	7.000000e-01	3
7.500000e+00	75	5.756934e+02	1.161056e+03	1.080000e+01	2.520000e+01	6.685224e-01	7.000000e-01	7.000000e-01	3
7.600000e+00	76	5.942963e+02	1.541775e+03	1.080000e+01	2.520000e+01	7.217807e-01	7.000000e-01	7.000000e-01	3
7.700000e+00	77	3.651544e+02	1.563895e+03	1.080000e+01	2.520000e+01	8.107076e-01	7.000000e-01	7.000000e-01	3
7.800000e+00	78	7.510582e+02	1.402435e+03	1.080000e+01	2.520000e+01	6.512373e-01	7.000000e-01	7.000000e-01	3
7.900000e+00	79	6.209539e+02	1.334330e+03	1.080000e+01	2.520000e+01	6.824227e-01	7.000000e-01	7.000000e-01	3
8	80	6.161033e+02	1.644695e+03	1.080000e+01	2.520000e+01	7.274842e-01	7.000000e-01	7.000000e-01	3
8.100000e+00	81	5.216783e+02	1.445840e+03	1.080000e+01	2.520000e+01	7.348547e-01	7.000000e-01	7.000000e-01	3
8.200000e+00	82	7.529165e+02	1.538304e+03	1.080000e+01	2.520000e+01	6.713906e-01	7.000000e-01	7.000000e-01	3
8.300000e+00	83	2.732180e+02	1.178545e+03	1.080000e+01	2.520000e+01	8.118026e-01	7.000000e-01	7.000000e-01	3
8.400000e+00	84	3.120357e+02	1.693651e+03	1.080000e+01	2.520000e+01	8.444245e-01	7.000000e-01	7.000000e-01	3
8.500000e+00	85	7.314279e+02	1.571857e+03	1.080000e+01	2.520000e+01	6.824414e-01	7.000000e-01	7.000000e-01	3
8.600000e+00	86	6.035327e+02	9.555754e+02	1.080000e+01	2.520000e+01	6.128988e-01	7.000000e-01	7.000000e-01	3
8.700000e+00	87	2.976317e+02	1.345255e+03	1.080000e+01	2.520000e+01	8.188361e-01	7.000000e-01	7.000000e-01	3
8.800000e+00	88	8.609305e+02	1.481217e+03	1.080000e+01	2.520000e+01	6.324183e-01	7.000000e-01	7.000000e-01	3
8.900000e+00	89	5.771744e+02	1.169843e+03	1.080000e+01	2.520000e+01	6.696230e-01	7.000000e-01	7.000000e-01	3
9	90	3.868924e+02	1.226808e+03	1.080000e+01	2.520000e+01	7.602452e-01	7.000000e-01	7.000000e-01	3
9.100000e+00	91	6.734968e+02	1.737175e+03	1.080000e+01	2.520000e+01	7.206186e-01	7.000000e-01	7.000000e-01	3
9.200000e+00	92	9.243097e+02	1.780341e+03	1.080000e+01	2.520000e+01	6.582517e-01	7.000000e-01	7.000000e-01	3
9.300000e+00	93	4.878020e+02	1.725341e+03	1.080000e+01	2.520000e+01	7.795886e-01	7.000000e-01	7.000000e-01	3
9.400000e+00	94	7.070114e+02	7.333652e+02	1.080000e+01	2.520000e+01	5.091482e-01	7.000000e-01	7.000000e-01	3
9.500000e+00	95	5.872531e+02	1.481168e+03	1.080000e+01	2.520000e+01	7.160863e-01	7.000000e-01	7.000000e-01	3
9.600000e+00	96	3.820246e+02	1.264610e+03	1.080000e+01	2.520000e+01	7.679968e-01	7.000000e-01	7.000000e-01	3
9.700000e+00	97	6.689343e+02	1.587727e+03	1.080000e+01	2.520000e+01	7.035735e-01	7.000000e-01	7.000000e-01	3
9.800000e+00	98	6.204855e+02	1.566398e+03	1.080000e+01	2.520000e+01	7.162695e-01	7.000000e-01	7.000000e-01	3
9.900000e+00	99	3.467434e+02	1.405328e+03	1.080000e+01	2.520000e+01	8.020952e-01	7.000000e-01	7.000000e-01	3
10	100	6.105131e+02	1.317293e+03	1.080000e+01	2.520000e+01	6.833120e-01	7.000000e-01	7.000000e-01	3
1.010000e+01	101	6.111480e+02	1.639159e+03	1.080000e+01	2.520000e+01	7.284157e-01	7.000000e-01	7.000000e-01	3
1.020000e+01	102	4.745524e+02	1.534736e+03	1.080000e+01	2.520000e+01	7.638206e-01	7.000000e-01	7.000000e-01	3
1.030000e+01	103	7.215901e+02	1.781897e+03	1.080000e+01	2.520000e+01	7.117660e-01	7.000000e-01	7.000000e-01	3
1.040000e+01	104	6.129804e+02	1.587158e+03	1.080000e+01	2.520000e+01	7.213901e-01	7.000000e-01	7.000000e-01	3
1.050000e+01	105	3.850541e+02	1.348296e+03	1.080000e+01	2.520000e+01	7.778555e-01	7.000000e-01	7.000000e-01	3
1.060000e+01	106	8.141428e+02	1.867551e+03	1.080000e+01	2.520000e+01	6.964073e-01	7.000000e-01	7.000000e-01	3
1.070000e+01	107	7.386753e+02	1.419228e+03	1.080000e+01	2.520000e+01	6.576884e-01	7.000000e-01	7.000000e-01	3
1.080000e+01	108	6.015870e+02	1.342921e+03	1.080000e+01	2.520000e+01	6.906225e-01	7.000000e-01	7.000000e-01	3
1.090000e+01	109	5.347326e+02	1.457337e+03	1.080000e+01	2.520000e+01	7.315693e-01	7.000000e-01	7.000000e-01	3
11	110	6.941495e+02	1.114224e+03	1.080000e+01	2.520000e+01	6.161470e-01	7.000000e-01	7.000000e-01	3
1.110000e+01	111	5.454890e+02	1.192746e+03	1.080000e+01	2.520000e+01	6.861822e-01	7.000000e-01	7.000000e-01	3
1.120000e+01	112	6.881269e+02	1.659017e+03	1.080000e+01	2.520000e+01	7.068238e-01	7.000000e-01	7.000000e-01	3
1.130000e+01	113	6.158067e+02	1.333211e+03	1.080000e+01	2.520000e+01	6.840425e-01	7.000000e-01	7.000000e-01	3
1.140000e+01	114	4.096737e+02	1.344002e+03	1.080000e+01	2.520000e+01	7.663915e-01	7.000000e-01	7.000000e-01	3
1.150000e+01	115	6.351141e+02	1.092434e+03	1.080000e+01	2.520000e+01	6.323609e-01	7.000000e-01	7.000000e-01	3
1.160000e+01	116	6.913614e+02	1.695981e+03	1.080000e+01	2.520000e+01	7.104054e-01	7.000000e-01	7.000000e-01	3
1.170000e+01	117	5.733024e+02	1.437555e+03	1.080000e+01	2.520000e+01	7.148966e-01	7.000000e-01	7.000000e-01	3
1.180000e+01	118	5.442693e+02	1.041657e+03	1.080000e+01	2.520000e+01	6.568129e-01	7.000000e-01	7.000000e-01	3
1.190000e+01	119	7.027633e+02	1.243986e+03	1.080000e+01	2.520000e+01	6.390067e-01	7.000000e-01	7.000000e-01	3
12	120	7.874793e+02	1.744434e+03	1.080000e+01	2.520000e+01	6.889786e-01	7.000000e-01	7.000000e-01	3
1.210000e+01	121	5.918462e+02	1.816991e+03	1.080000e+01	2.520000e+01	7.543021e-01	7.000000e-01	7.000000e-01	3
1.220000e+01	122	8.554798e+02	2.016860e+03	1.080000e+01	2.520000e+01	7.021662e-01	7.000000e-01	7.000000e-01	3
1.230000e+01	123	6.124420e+02	1.580432e+03	1.080000e+01	2.520000e+01	7.207126e-01	7.000000e-01	7.000000e-01	3
1.240000e+01	124	6.031906e+02	1.625961e+03	1.080000e+01	2.520000e+01	7.294080e-01	7.000000e-01	7.000000e-01	3
1.250000e+01	125	6.469816e+02	1.959532e+03	1.080000e+01	2.520000e+01	7.517828e-01	7.000000e-01	7.000000e-01	3
1.260000e+01	126	9.302959e+02	1.208444e+03	1.080000e+01	2.520000e+01	5.650262e-01	7.000000e-01	7.000000e-01	3
1.270000e+01	127	8.135460e+02	1.478070e+03	1.080000e+01	2.520000e+01	6.449902e-01	7.000000e-01	7.000000e-01	3
1.280000e+01	128	6.506295e+02	1.098058e+03	1.080000e+01	2.520000e+01	6.279326e-01	7.000000e-01	7.000000e-01	3
1.290000e+01	129	7.400991e+02	1.350627e+03	1.080000e+01	2.520000e+01	6.460085e-01	7.000000e-01	7.000000e-01	3
13	130	4.506449e+02	1.278051e+03	1.080000e+01	2.520000e+01	7.393151e-01	7.000000e-01	7.000000e-01	3
1.310000e+01	131	4.683481e+02	1.537727e+03	1.080000e+01	2.520000e+01	7.665351e-01	7.000000e-01	7.000000e-01	3
1.320000e+01	132	5.531391e+02	1.643375e+03	1.080000e+01	2.520000e+01	7.481741e-01	7.000000e-01	7.000000e-01	3
1.330000e+01	133	4.838410e+02	1.755418e+03	1.080000e+01	2.520000e+01	7.839281e-01	7.000000e-01	7.000000e-01	3
1.340000e+01	134	4.928284e+02	1.399861e+03	1.080000e+01	2.520000e+01	7.396147e-01	7.000000e-01	7.000000e-01	3
1.350000e+01	135	7.383048e+02	1.440141e+03	1.080000e+01	2.520000e+01	6.610865e-01	7.000000e-01	7.000000e-01	3
1.360000e+01	136	6.430846e+02	1.691138e+03	1.080000e+01	2.520000e+01	7.244974e-01	7.000000e-01	7.000000e-01	3
1.370000e+01	137	5.460041e+02	1.042415e+03	1.080000e+01	2.520000e+01	6.562595e-01	7.000000e-01	7.000000e-01	3
1.380000e+01	138	6.129986e+02	1.505277e+03	1.080000e+01	2.520000e+01	7.106143e-01	7.000000e-01	7.000000e-01	3
1.390000e+01	139	5.044009e+02	1.731361e+03	1.080000e+01	2.520000e+01	7.743942e-01	7.000000e-01	7.000000e-01	3
14	140	8.272574e+02	1.048128e+03	1.080000e+01	2.520000e+01	5.588868e-01	7.000000e-01	7.000000e-01	3
1.410000e+01	141	5.964287e+02	9.040664e+02	1.080000e+01	2.520000e+01	6.025121e-01	7.000000e-01	7.000000e-01	3
1.420000e+01	142	8.483901e+02	1.380951e+03	1.080000e+01	2.520000e+01	6.194436e-01	7.000000e-01	7.000000e-01	3
1.430000e+01	143	5.606172e+02	1.592082e+03	1.080000e+01	2.520000e+01	7.395748e-01	7.000000e-01	7.000000e-01	3
1.440000e+01	144	6.509639e+02	1.596085e+03	1.080000e+01	2.520000e+01	7.103027e-01	7.000000e-01	7.000000e-01	3
1.450000e+01	145	3.401414e+02	1.348483e+03	1.080000e+01	2.520000e+01	7.985689e-01	7.000000e-01	7.000000e-01	3
1.460000e+01	146	7.525324e+02	1.438741e+03	1.080000e+01	2.520000e+01	6.565776e-01	7.000000e-01	7.000000e-01	3
1.470000e+01	147	7.046140e+02	1.489238e+03	1.080000e+01	2.520000e+01	6.788234e-01	7.000000e-01	7.000000e-01	3
1.480000e+01	148	3.472091e+02	1.215403e+03	1.080000e+01	2.520000e+01	7.778021e-01	7.000000e-01	7.000000e-01	3
1.490000e+01	149	9.230880e+02	1.974361e+03	1.080000e+01	2.520000e+01	6.814135e-01	7.000000e-01	7.000000e-01	3
15	150	7.405840e+02	1.387936e+03	1.080000e+01	2.520000e+01	6.520662e-01	7.000000e-01	7.000000e-01	3
1.510000e+01	151	3.594536e+02	1.170548e+03	1.080000e+01	2.520000e+01	7.650632e-01	7.000000e-01	7.000000e-01	3
1.520000e+01	152	7.175824e+02	1.295618e+03	1.080000e+01	2.520000e+01	6.435613e-01	7.000000e-01	7.000000e-01	3
1.530000e+01	153	6.551265e+02	1.337505e+03	1.080000e+01	2.520000e+01	6.712255e-01	7.000000e-01	7.000000e-01	3
1.540000e+01	154	7.536582e+02	1.058197e+03	1.080000e+01	2.520000e+01	5.840406e-01	7.000000e-01	7.000000e-01	3
1.550000e+01	155	3.828835e+02	1.463570e+03	1.080000e+01	2.520000e+01	7.926384e-01	7.000000e-01	7.000000e-01	3
1.560000e+01	156	4.569946e+02	1.587477e+03	1.080000e+01	2.520000e+01	7.764731e-01	7.000000e-01	7.000000e-01	3
1.570000e+01	157	5.415610e+02	1.326315e+03	1.080000e+01	2.520000e+01	7.100659e-01	7.000000e-01	7.000000e-01	3
1.580000e+01	158	6.261828e+02	1.495419e+03	1.080000e+01	2.520000e+01	7.048537e-01	7.000000e-01	7.000000e-01	3
1.590000e+01	159	7.287545e+02	1.664367e+03	1.080000e+01	2.520000e+01	6.954795e-01	7.000000e-01	7.000000e-01	3
16	160	7.837781e+02	1.787346e+03	1.080000e+01	2.520000e+01	6.951613e-01	7.000000e-01	7.000000e-01	3
1.610000e+01	161	7.537135e+02	1.588446e+03	1.080000e+01	2.520000e+01	6.781971e-01	7.000000e-01	7.000000e-01	3
1.620000e+01	162	1.987013e+02	1.387165e+03	1.080000e+01	2.520000e+01	8.747049e-01	7.000000e-01	7.000000e-01	3
1.630000e+01	163	3.417159e+02	1.210578e+03	1.080000e+01	2.520000e+01	7.798638e-01	7.000000e-01	7.000000e-01	3
1.640000e+01	164	7.665541e+02	1.065831e+03	1.080000e+01	2.520000e+01	5.816632e-01	7.000000e-01	7.000000e-01	3
1.650000e+01	165	6.034273e+02	1.585601e+03	1.080000e+01	2.520000e+01	7.243401e-01	7.000000e-01	7.000000e-01	3
1.660000e+01	166	4.081149e+02	1.501558e+03	1.080000e+01	2.520000e+01	7.862907e-01	7.000000e-01	7.000000e-01	3
1.670000e+01	167	6.397897e+02	9.712118e+02	1.080000e+01	2.520000e+01	6.028621e-01	7.000000e-01	7.000000e-01	3
1.680000e+01	168	6.445853e+02	1.499386e+03	1.080000e+01	2.520000e+01	6.993499e-01	7.000000e-01	7.000000e-01	3
1.690000e+01	169	7.684821e+02	1.572970e+03	1.080000e+01	2.520000e+01	6.717925e-01	7.000000e-01	7.000000e-01	3
17	170	4.975626e+02	1.936229e+03	1.080000e+01	2.520000e+01	7.955607e-01	7.000000e-01	7.000000e-01	3
1.710000e+01	171	2.311934e+02	1.805428e+03	1.080000e+01	2.520000e+01	8.864819e-01	7.000000e-01	7.000000e-01	3
1.720000e+01	172	7.973588e+02	1.416738e+03	1.080000e+01	2.520000e+01	6.398718e-01	7.000000e-01	7.000000e-01	3
1.730000e+01	173	7.580579e+02	1.040929e+03	1.080000e+01	2.520000e+01	5.786196e-01	7.000000e-01	7.000000e-01	3
1.740000e+01	174	6.868722e+02	1.701862e+03	1.080000e+01	2.520000e+01	7.124535e-01	7.000000e-01	7.000000e-01	3
1.750000e+01	175	6.803592e+02	1.567019e+03	1.080000e+01	2.520000e+01	6.972653e-01	7.000000e-01	7.000000e-01	3
1.760000e+01	176	3.665063e+02	1.290474e+03	1.080000e+01	2.520000e+01	7.788108e-01	7.000000e-01	7.000000e-01	3
1.770000e+01	177	8.497517e+02	1.328248e+03	1.080000e+01	2.520000e+01	6.098476e-01	7.000000e-01	7.000000e-01	3
1.780000e+01	178	5.718029e+02	1.764866e+03	1.080000e+01	2.520000e+01	7.552914e-01	7.000000e-01	7.000000e-01	3
1.790000e+01	179	4.600007e+02	1.301879e+03	1.080000e+01	2.520000e+01	7.389148e-01	7.000000e-01	7.000000e-01	3
18	180	3.273848e+02	1.340402e+03	1.080000e+01	2.520000e+01	8.037010e-01	7.000000e-01	7.000000e-01	3
1.810000e+01	181	5.572798e+02	1.492435e+03	1.080000e+01	2.520000e+01	7.281184e-01	7.000000e-01	7.000000e-01	3
1.820000e+01	182	5.297828e+02	1.383387e+03	1.080000e+01	2.520000e+01	7.230863e-01	7.000000e-01	7.000000e-01	3
1.830000e+01	183	5.260761e+02	1.036075e+03	1.080000e+01	2.520000e+01	6.632362e-01	7.000000e-01	7.000000e-01	3
1.840000e+01	184	8.153574e+02	9.964022e+02	1.080000e+01	2.520000e+01	5.499638e-01	7.000000e-01	7.000000e-01	3
1.850000e+01	185	7.392012e+02	9.664561e+02	1.080000e+01	2.520000e+01	5.666180e-01	7.000000e-01	7.000000e-01	3
1.860000e+01	186	6.839614e+02	1.541158e+03	1.080000e+01	2.520000e+01	6.926182e-01	7.000000e-01	7.000000e-01	3
1.870000e+01	187	8.290505e+02	2.108123e+03	1.080000e+01	2.520000e+01	7.177387e-01	7.000000e-01	7.000000e-01	3
1.880000e+01	188	5.711407e+02	1.810219e+03	1.080000e+01	2.520000e+01	7.601620e-01	7.000000e-01	7.000000e-01	3
1.890000e+01	189	4.614445e+02	1.798071e+03	1.080000e+01	2.520000e+01	7.957773e-01	7.000000e-01	7.000000e-01	3
19	190	9.117586e+02	1.694640e+03	1.080000e+01	2.520000e+01	6.501845e-01	7.000000e-01	7.000000e-01	3
1.910000e+01	191	8.073794e+02	1.047632e+03	1.080000e+01	2.520000e+01	5.647578e-01	7.000000e-01	7.000000e-01	3
1.920000e+01	192	5.398909e+02	1.049679e+03	1.080000e+01	2.520000e+01	6.603542e-01	7.000000e-01	7.000000e-01	3
1.930000e+01	193	4.331315e+02	1.889230e+03	1.080000e+01	2.520000e+01	8.134952e-01	7.000000e-01	7.000000e-01	3
1.940000e+01	194	7.671511e+02	1.472409e+03	1.080000e+01	2.520000e+01	6.574545e-01	7.000000e-01	7.000000e-01	3
1.950000e+01	195	6.255039e+02	1.111064e+03	1.080000e+01	2.520000e+01	6.398046e-01	7.000000e-01	7.000000e-01	3
1.960000e+01	196	7.001234e+02	1.242049e+03	1.080000e+01	2.520000e+01	6.395153e-01	7.000000e-01	7.000000e-01	3
1.970000e+01	197	5.631107e+02	2.022953e+03	1.080000e+01	2.520000e+01	7.822518e-01	7.000000e-01	7.000000e-01	3
1.980000e+01	198	5.447667e+02	1.531798e+03	1.080000e+01	2.520000e+01	7.376596e-01	7.000000e-01	7.000000e-01	3
1.990000e+01	199	7.894669e+02	1.075730e+03	1.080000e+01	2.520000e+01	5.767380e-01	7.000000e-01	7.000000e-01	3
20	200	6.886322e+02	1.650239e+03	1.080000e+01	2.520000e+01	7.055707e-01	7.000000e-01	7.000000e-01	3
2.010000e+01	201	7.544449e+02	2.031159e+03	1.080000e+01	2.520000e+01	7.291629e-01	7.000000e-01	7.000000e-01	3
2.020000e+01	202	7.393536e+02	8.381064e+02	1.080000e+01	2.520000e+01	5.313012e-01	7.000000e-01	7.000000e-01	3
2.030000e+01	203	4.751250e+02	1.459802e+03	1.080000e+01	2.520000e+01	7.544482e-01	7.000000e-01	7.000000e-01	3
2.040000e+01	204	5.720748e+02	8.717799e+02	1.080000e+01	2.520000e+01	6.037864e-01	7.000000e-01	7.000000e-01	3
2.050000e+01	205	4.249875e+02	1.270467e+03	1.080000e+01	2.520000e+01	7.493371e-01	7.000000e-01	7.000000e-01	3
2.060000e+01	206	6.465516e+02	1.610771e+03	1.080000e+01	2.520000e+01	7.135759e-01	7.000000e-01	7.000000e-01	3
2.070000e+01	207	3.397633e+02	1.736012e+03	1.080000e+01	2.520000e+01	8.363198e-01	7.000000e-01	7.000000e-01	3
2.080000e+01	208	8.368689e+02	1.169773e+03	1.080000e+01	2.520000e+01	5.829506e-01	7.000000e-01	7.000000e-01	3
2.090000e+01	209	5.649540e+02	1.412632e+03	1.080000e+01	2.520000e+01	7.143215e-01	7.000000e-01	7.000000e-01	3
21	210	3.493621e+02	9.165015e+02	1.080000e+01	2.520000e+01	7.240128e-01	7.000000e-01	7.000000e-01	3
2.110000e+01	211	5.609971e+02	1.256652e+03	1.080000e+01	2.520000e+01	6.913612e-01	7.000000e-01	7.000000e-01	3
2.120000e+01	212	5.195326e+02	1.143875e+03	1.080000e+01	2.520000e+01	6.876698e-01	7.000000e-01	7.000000e-01	3
2.130000e+01	213	4.383854e+02	9.945423e+02	1.080000e+01	2.520000e+01	6.940631e-01	7.000000e-01	7.000000e-01	3
2.140000e+01	214	1.025785e+03	1.352623e+03	1.080000e+01	2.520000e+01	5.687094e-01	7.000000e-01	7.000000e-01	3
2.150000e+01	215	7.438809e+02	1.245100e+03	1.080000e+01	2.520000e+01	6.259990e-01	7.000000e-01	7.000000e-01	3
2.160000e+01	216	3.609160e+02	1.532175e+03	1.080000e+01	2.520000e+01	8.093509e-01	7.000000e-01	7.000000e-01	3
2.170000e+01	217	7.899371e+02	1.554388e+03	1.080000e+01	2.520000e+01	6.630429e-01	7.000000e-01	7.000000e-01	3
2.180000e+01	218	7.364443e+02	1.177354e+03	1.080000e+01	2.520000e+01	6.151924e-01	7.000000e-01	7.000000e-01	3
2.190000e+01	219	5.638049e+02	1.398887e+03	1.080000e+01	2.520000e+01	7.127389e-01	7.000000e-01	7.000000e-01	3
22	220	6.812645e+02	2.132904e+03	1.080000e+01	2.520000e+01	7.579162e-01	7.000000e-01	7.000000e-01	3
2.210000e+01	221	1.813883e+02	1.261881e+03	1.080000e+01	2.520000e+01	8.743213e-01	7.000000e-01	7.000000e-01	3
2.220000e+01	222	8.749663e+02	1.343561e+03	1.080000e+01	2.520000e+01	6.056094e-01	7.000000e-01	7.000000e-01	3
2.230000e+01	223	9.374592e+02	1.248809e+03	1.080000e+01	2.520000e+01	5.712058e-01	7.000000e-01	7.000000e-01	3
2.240000e+01	224	7.696632e+02	1.356192e+03	1.080000e+01	2.520000e+01	6.379512e-01	7.000000e-01	7.000000e-01	3
2.250000e+01	225	5.358755e+02	1.284747e+03	1.080000e+01	2.520000e+01	7.056636e-01	7.000000e-01	7.000000e-01	3
2.260000e+01	226	1.957791e+02	1.554272e+03	1.080000e+01	2.520000e+01	8.881295e-01	7.000000e-01	7.000000e-01	3
2.270000e+01	227	6.213270e+02	1.337438e+03	1.080000e+01	2.520000e+01	6.827965e-01	7.000000e-01	7.000000e-01	3
2.280000e+01	228	4.718005e+02	1.613381e+03	1.080000e+01	2.520000e+01	7.737365e-01	7.000000e-01	7.000000e-01	3
2.290000e+01	229	7.540264e+02	9.609486e+02	1.080000e+01	2.520000e+01	5.603281e-01	7.000000e-01	7.000000e-01	3
23	230	2.741061e+02	1.550301e+03	1.080000e+01	2.520000e+01	8.497561e-01	7.000000e-01	7.000000e-01	3
2.310000e+01	231	1.689954e+02	1.671751e+03	1.080000e+01	2.520000e+01	9.081919e-01	7.000000e-01	7.000000e-01	3
2.320000e+01	232	1.107211e+03	1.437080e+03	1.080000e+01	2.520000e+01	5.648255e-01	7.000000e-01	7.000000e-01	3
2.330000e+01	233	5.588135e+02	1.042463e+03	1.080000e+01	2.520000e+01	6.510200e-01	7.000000e-01	7.000000e-01	3
2.340000e+01	234	5.807121e+02	1.561096e+03	1.080000e+01	2.520000e+01	7.288682e-01	7.000000e-01	7.000000e-01	3
2.350000e+01	235	5.447330e+02	1.354361e+03	1.080000e+01	2.520000e+01	7.131616e-01	7.000000e-01	7.000000e-01	3
2.360000e+01	236	6.808666e+02	1.017044e+03	1.080000e+01	2.520000e+01	5.989975e-01	7.000000e-01	7.000000e-01	3
2.370000e+01	237	7.643067e+02	1.509329e+03	1.080000e+01	2.520000e+01	6.638394e-01	7.000000e-01	7.000000e-01	3
2.380000e+01	238	3.818148e+02	9.148811e+02	1.080000e+01	2.520000e+01	7.055479e-01	7.000000e-01	7.000000e-01	3
2.390000e+01	239	3.794093e+02	1.623453e+03	1.080000e+01	2.520000e+01	8.105665e-01	7.000000e-01	7.000000e-01	3
24	240	3.778618e+02	1.970188e+03	1.080000e+01	2.520000e+01	8.390742e-01	7.000000e-01	7.000000e-01	3
2.410000e+01	241	2.515325e+02	1.309947e+03	1.080000e+01	2.520000e+01	8.389140e-01	7.000000e-01	7.000000e-01	3
2.420000e+01	242	5.279393e+02	2.068032e+03	1.080000e+01	2.520000e+01	7.966313e-01	7.000000e-01	7.000000e-01	3
2.430000e+01	243	7.987931e+02	1.499945e+03	1.080000e+01	2.520000e+01	6.525079e-01	7.000000e-01	7.000000e-01	3
2.440000e+01	244	5.830651e+02	1.173449e+03	1.080000e+01	2.520000e+01	6.680556e-01	7.000000e-01	7.000000e-01	3
2.450000e+01	245	4.187155e+02	1.472547e+03	1.080000e+01	2.520000e+01	7.786052e-01	7.000000e-01	7.000000e-01	3
2.460000e+01	246	5.008988e+02	1.168954e+03	1.080000e+01	2.520000e+01	7.000342e-01	7.000000e-01	7.000000e-01	3
2.470000e+01	247	4.680985e+02	1.568261e+03	1.080000e+01	2.520000e+01	7.701297e-01	7.000000e-01	7.000000e-01	3
2.480000e+01	248	5.623071e+02	9.318956e+02	1.080000e+01	2.520000e+01	6.236742e-01	7.000000e-01	7.000000e-01	3
2.490000e+01	249	6.115601e+02	7.743063e+02	1.080000e+01	2.520000e+01	5.587164e-01	7.000000e-01	7.000000e-01	3
25	250	6.769150e+02	1.752590e+03	1.080000e+01	2.520000e+01	7.213774e-01	7.000000e-01	7.000000e-01	3
2.510000e+01	251	6.901948e+02	1.382694e+03	1.080000e+01	2.520000e+01	6.670371e-01	7.000000e-01	7.000000e-01	3
2.520000e+01	252	5.718262e+02	1.061608e+03	1.080000e+01	2.520000e+01	6.499239e-01	7.000000e-01	7.000000e-01	3
2.530000e+01	253	4.069444e+02	1.218848e+03	1.080000e+01	2.520000e+01	7.496947e-01	7.000000e-01	7.000000e-01	3
2.540000e+01	254	6.487042e+02	1.028491e+03	1.080000e+01	2.520000e+01	6.132208e-01	7.000000e-01	7.000000e-01	3
2.550000e+01	255	4.117299e+02	1.492785e+03	1.080000e+01	2.520000e+01	7.838138e-01	7.000000e-01	7.000000e-01	3
2.560000e+01	256	3.376936e+02	1.578186e+03	1.080000e+01	2.520000e+01	8.237396e-01	7.000000e-01	7.000000e-01	3
2.570000e+01	257	1.093738e+02	1.746570e+03	1.080000e+01	2.520000e+01	9.410683e-01	7.000000e-01	7.000000e-01	3
2.580000e+01	258	4.145073e+02	6.336956e+02	1.080000e+01	2.520000e+01	6.045543e-01	7.000000e-01	7.000000e-01	3
2.590000e+01	259	4.838872e+02	1.646347e+03	1.080000e+01	2.520000e+01	7.728478e-01	7.000000e-01	7.000000e-01	3
26	260	7.433430e+02	1.200439e+03	1.080000e+01	2.520000e+01	6.175791e-01	7.000000e-01	7.000000e-01	3
2.610000e+01	261	7.043454e+02	1.178097e+03	1.080000e+01	2.520000e+01	6.258342e-01	7.000000e-01	7.000000e-01	3
2.620000e+01	262	5.540635e+02	1.086968e+03	1.080000e+01	2.520000e+01	6.623687e-01	7.000000e-01	7.000000e-01	3
2.630000e+01	263	7.930291e+02	1.500473e+03	1.080000e+01	2.520000e+01	6.542279e-01	7.000000e-01	7.000000e-01	3
2.640000e+01	264	6.726727e+02	1.372529e+03	1.080000e+01	2.520000e+01	6.710971e-01	7.000000e-01	7.000000e-01	3
2.650000e+01	265	4.612530e+02	1.324415e+03	1.080000e+01	2.520000e+01	7.416917e-01	7.000000e-01	7.000000e-01	3
2.660000e+01	266	5.416404e+02	1.637604e+03	1.080000e+01	2.520000e+01	7.514550e-01	7.000000e-01	7.000000e-01	3
2.670000e+01	267	7.029500e+02	1.315985e+03	1.080000e+01	2.520000e+01	6.518214e-01	7.000000e-01	7.000000e-01	3
2.680000e+01	268	1.684229e+02	1.214160e+03	1.080000e+01	2.520000e+01	8.781825e-01	7.000000e-01	7.000000e-01	3
2.690000e+01	269	7.481284e+02	9.526522e+02	1.080000e+01	2.520000e+01	5.601265e-01	7.000000e-01	7.000000e-01	3
27	270	5.012394e+02	1.772426e+03	1.080000e+01	2.520000e+01	7.795457e-01	7.000000e-01	7.000000e-01	3
2.710000e+01	271	4.325950e+02	1.629736e+03	1.080000e+01	2.520000e+01	7.902397e-01	7.000000e-01	7.000000e-01	3
2.720000e+01	272	5.006320e+02	1.282299e+03	1.080000e+01	2.520000e+01	7.192084e-01	7.000000e-01	7.000000e-01	3
2.730000e+01	273	7.320177e+02	1.211916e+03	1.080000e+01	2.520000e+01	6.234349e-01	7.000000e-01	7.000000e-01	3
2.740000e+01	274	5.189781e+02	1.024465e+03	1.080000e+01	2.520000e+01	6.637530e-01	7.000000e-01	7.000000e-01	3
2.750000e+01	275	8.200184e+02	1.508884e+03	1.080000e+01	2.520000e+01	6.478949e-01	7.000000e-01	7.000000e-01	3
2.760000e+01	276	4.571484e+02	1.836756e+03	1.080000e+01	2.520000e+01	8.007116e-01	7.000000e-01	7.000000e-01	3
2.770000e+01	277	5.850486e+02	1.096570e+03	1.080000e+01	2.520000e+01	6.520921e-01	7.000000e-01	7.000000e-01	3
2.780000e+01	278	7.229798e+02	1.744363e+03	1.080000e+01	2.520000e+01	7.069804e-01	7.000000e-01	7.000000e-01	3
2.790000e+01	279	2.733476e+02	1.301915e+03	1.080000e+01	2.520000e+01	8.264749e-01	7.000000e-01	7.000000e-01	3
28	280	6.844546e+02	1.333926e+03	1.080000e+01	2.520000e+01	6.608892e-01	7.000000e-01	7.000000e-01	3
2.810000e+01	281	4.199119e+02	1.057845e+03	1.080000e+01	2.520000e+01	7.158451e-01	7.000000e-01	7.000000e-01	3
2.820000e+01	282	7.375609e+02	1.637075e+03	1.080000e+01	2.520000e+01	6.894004e-01	7.000000e-01	7.000000e-01	3
2.830000e+01	283	4.664262e+02	1.133296e+03	1.080000e+01	2.520000e+01	7.084330e-01	7.000000e-01	7.000000e-01	3
2.840000e+01	284	4.923654e+02	1.554187e+03	1.080000e+01	2.520000e+01	7.594171e-01	7.000000e-01	7.000000e-01	3
2.850000e+01	285	5.816212e+02	1.780145e+03	1.080000e+01	2.520000e+01	7.537347e-01	7.000000e-01	7.000000e-01	3
2.860000e+01	286	2.562603e+02	1.538946e+03	1.080000e+01	2.520000e+01	8.572530e-01	7.000000e-01	7.000000e-01	3
2.870000e+01	287	4.927953e+02	1.493187e+03	1.080000e+01	2.520000e+01	7.518632e-01	7.000000e-01	7.000000e-01	3
2.880000e+01	288	7.970059e+02	1.164582e+03	1.080000e+01	2.520000e+01	5.936935e-01	7.000000e-01	7.000000e-01	3
2.890000e+01	289	8.947233e+02	1.429561e+03	1.080000e+01	2.520000e+01	6.150542e-01	7.000000e-01	7.000000e-01	3
29	290	7.729632e+02	2.074222e+03	1.080000e+01	2.520000e+01	7.285167e-01	7.000000e-01	7.000000e-01	3
2.910000e+01	291	4.401323e+02	1.901220e+03	1.080000e+01	2.520000e+01	8.120179e-01	7.000000e-01	7.000000e-01	3
2.920000e+01	292	5.666054e+02	1.511323e+03	1.080000e+01	2.520000e+01	7.273220e-01	7.000000e-01	7.000000e-01	3
2.930000e+01	293	7.495918e+02	1.244588e+03	1.080000e+01	2.520000e+01	6.241103e-01	7.000000e-01	7.000000e-01	3
2.940000e+01	294	5.317329e+02	1.141050e+03	1.080000e+01	2.520000e+01	6.821268e-01	7.000000e-01	7.000000e-01	3
2.950000e+01	295	6.720382e+02	1.262077e+03	1.080000e+01	2.520000e+01	6.525345e-01	7.000000e-01	7.000000e-01	3
2.960000e+01	296	7.073384e+02	1.622634e+03	1.080000e+01	2.520000e+01	6.964177e-01	7.000000e-01	7.000000e-01	3
2.970000e+01	297	9.067362e+02	1.424968e+03	1.080000e+01	2.520000e+01	6.111273e-01	7.000000e-01	7.000000e-01	3
2.980000e+01	298	6.141589e+02	1.747975e+03	1.080000e+01	2.520000e+01	7.399983e-01	7.000000e-01	7.000000e-01	3
2.990000e+01	299	4.036797e+02	1.215982e+03	1.080000e+01	2.520000e+01	7.507630e-01	7.000000e-01	7.000000e-01	3
30	300	2.655513e+02	1.059204e+03	1.080000e+01	2.520000e+01	7.995469e-01	7.000000e-01	7.000000e-01	3
3.010000e+01	301	3.879694e+01	1.262151e+03	1.080000e+01	2.520000e+01	9.701779e-01	7.000000e-01	7.000000e-01	3
3.020000e+01	302	6.374794e+02	1.516346e+03	1.080000e+01	2.520000e+01	7.040246e-01	7.000000e-01	7.000000e-01	3
3.030000e+01	303	3.609516e+02	1.178476e+03	1.080000e+01	2.520000e+01	7.655287e-01	7.000000e-01	7.000000e-01	3
3.040000e+01	304	6.912267e+02	1.690831e+03	1.080000e+01	2.520000e+01	7.098195e-01	7.000000e-01	7.000000e-01	3
3.050000e+01	305	6.449364e+02	1.907410e+03	1.080000e+01	2.520000e+01	7.473162e-01	7.000000e-01	7.000000e-01	3
3.060000e+01	306	9.612986e+02	1.005144e+03	1.080000e+01	2.520000e+01	5.111484e-01	7.000000e-01	7.000000e-01	3
3.070000e+01	307	3.742154e+02	1.373210e+03	1.080000e+01	2.520000e+01	7.858476e-01	7.000000e-01	7.000000e-01	3
3.080000e+01	308	5.364444e+02	9.899851e+02	1.080000e+01	2.520000e+01	6.485626e-01	7.000000e-01	7.000000e-01	3
3.090000e+01	309	8.692191e+02	1.533873e+03	1.080000e+01	2.520000e+01	6.382913e-01	7.000000e-01	7.000000e-01	3
31	310	6.337130e+02	1.562635e+03	1.080000e+01	2.520000e+01	7.114696e-01	7.000000e-01	7.000000e-01	3
3.110000e+01	311	8.868647e+02	1.664149e+03	1.080000e+01	2.520000e+01	6.523481e-01	7.000000e-01	7.000000e-01	3
3.120000e+01	312	6.623838e+02	1.471201e+03	1.080000e+01	2.520000e+01	6.895442e-01	7.000000e-01	7.000000e-01	3
3.130000e+01	313	6.121961e+02	5.811812e+02	1.080000e+01	2.520000e+01	4.870054e-01	7.000000e-01	7.000000e-01	3
3.140000e+01	314	6.646372e+02	1.191479e+03	1.080000e+01	2.520000e+01	6.419205e-01	7.000000e-01	7.000000e-01	3
3.150000e+01	315	7.219255e+02	1.126737e+03	1.080000e+01	2.520000e+01	6.094877e-01	7.000000e-01	7.000000e-01	3
3.160000e+01	316	4.184916e+02	9.946155e+02	1.080000e+01	2.520000e+01	7.038500e-01	7.000000e-01	7.000000e-01	3
3.170000e+01	317	6.293038e+02	9.759473e+02	1.080000e+01	2.520000e+01	6.079717e-01	7.000000e-01	7.000000e-01	3
3.180000e+01	318	4.263354e+02	6.163793e+02	1.080000e+01	2.520000e+01	5.911294e-01	7.000000e-01	7.000000e-01	3
3.190000e+01	319	6.667669e+02	7.429729e+02	1.080000e+01	2.520000e+01	5.270284e-01	7.000000e-01	7.000000e-01	3
32	320	5.368457e+02	1.092513e+03	1.080000e+01	2.520000e+01	6.705171e-01	7.000000e-01	7.000000e-01	3
3.210000e+01	321	7.643394e+02	1.140321e+03	1.080000e+01	2.520000e+01	5.987003e-01	7.000000e-01	7.000000e-01	3
3.220000e+01	322	8.841427e+02	1.720251e+03	1.080000e+01	2.520000e+01	6.605189e-01	7.000000e-01	7.000000e-01	3
3.230000e+01	323	6.231920e+02	1.416265e+03	1.080000e+01	2.520000e+01	6.944324e-01	7.000000e-01	7.000000e-01	3
3.240000e+01	324	5.787490e+02	1.350817e+03	1.080000e+01	2.520000e+01	7.000626e-01	7.000000e-01	7.000000e-01	3
3.250000e+01	325	6.733455e+02	1.492847e+03	1.080000e+01	2.520000e+01	6.891571e-01	7.000000e-01	7.000000e-01	3
3.260000e+01	326	6.575097e+02	1.724201e+03	1.080000e+01	2.520000e+01	7.239339e-01	7.000000e-01	7.000000e-01	3
3.270000e+01	327	6.239162e+02	1.616719e+03	1.080000e+01	2.520000e+01	7.215449e-01	7.000000e-01	7.000000e-01	3
3.280000e+01	328	5.734133e+02	1.382323e+03	1.080000e+01	2.520000e+01	7.068044e-01	7.000000e-01	7.000000e-01	3
3.290000e+01	329	5.055410e+02	1.216935e+03	1.080000e+01	2.520000e+01	7.065033e-01	7.000000e-01	7.000000e-01	3
33	330	4.497779e+02	1.383505e+03	1.080000e+01	2.520000e+01	7.546599e-01	7.000000e-01	7.000000e-01	3
3.310000e+01	331	4.061931e+02	1.282938e+03	1.080000e+01	2.520000e+01	7.595254e-01	7.000000e-01	7.000000e-01	3
3.320000e+01	332	6.632313e+02	1.441347e+03	1.080000e+01	2.520000e+01	6.848626e-01	7.000000e-01	7.000000e-01	3
3.330000e+01	333	6.230583e+02	8.674109e+02	1.080000e+01	2.520000e+01	5.819717e-01	7.000000e-01	7.000000e-01	3
3.340000e+01	334	7.682209e+02	1.948970e+03	1.080000e+01	2.520000e+01	7.172739e-01	7.000000e-01	7.000000e-01	3
3.350000e+01	335	8.572101e+02	1.002205e+03	1.080000e+01	2.520000e+01	5.389894e-01	7.000000e-01	7.000000e-01	3
3.360000e+01	336	3.968480e+02	8.981942e+02	1.080000e+01	2.520000e+01	6.935637e-01	7.000000e-01	7.000000e-01	3
3.370000e+01	337	5.978910e+02	1.394362e+03	1.080000e+01	2.520000e+01	6.998921e-01	7.000000e-01	7.000000e-01	3
3.380000e+01	338	9.560777e+02	1.038373e+03	1.080000e+01	2.520000e+01	5.206311e-01	7.000000e-01	7.000000e-01	3
3.390000e+01	339	6.868348e+02	1.536345e+03	1.080000e+01	2.520000e+01	6.910574e-01	7.000000e-01	7.000000e-01	3
34	340	5.482325e+02	1.143681e+03	1.080000e+01	2.520000e+01	6.759689e-01	7.000000e-01	7.000000e-01	3
3.410000e+01	341	7.357226e+02	8.657737e+02	1.080000e+01	2.520000e+01	5.406030e-01	7.000000e-01	7.000000e-01	3
3.420000e+01	342	7.052177e+02	1.811201e+03	1.080000e+01	2.520000e+01	7.197534e-01	7.000000e-01	7.000000e-01	3
3.430000e+01	343	4.634139e+02	1.932889e+03	1.080000e+01	2.520000e+01	8.066130e-01	7.000000e-01	7.000000e-01	3
3.440000e+01	344	6.503254e+02	1.187133e+03	1.080000e+01	2.520000e+01	6.460734e-01	7.000000e-01	7.000000e-01	3
3.450000e+01	345	6.295076e+02	1.153816e+03	1.080000e+01	2.520000e+01	6.470032e-01	7.000000e-01	7.000000e-01	3
3.460000e+01	346	7.228944e+02	1.672185e+03	1.080000e+01	2.520000e+01	6.981751e-01	7.000000e-01	7.000000e-01	3
3.470000e+01	347	5.469800e+02	1.020917e+03	1.080000e+01	2.520000e+01	6.511377e-01	7.000000e-01	7.000000e-01	3
3.480000e+01	348	4.353659e+02	1.337004e+03	1.080000e+01	2.520000e+01	7.543595e-01	7.000000e-01	7.000000e-01	3
3.490000e+01	349	7.699561e+02	1.206341e+03	1.080000e+01	2.520000e+01	6.104046e-01	7.000000e-01	7.000000e-01	3
35	350	6.878039e+02	1.192882e+03	1.080000e+01	2.520000e+01	6.342803e-01	7.000000e-01	7.000000e-01	3
3.510000e+01	351	8.202595e+02	1.313917e+03	1.080000e+01	2.520000e+01	6.156553e-01	7.000000e-01	7.000000e-01	3
3.520000e+01	352	6.994586e+02	1.048777e+03	1.080000e+01	2.520000e+01	5.999060e-01	7.000000e-01	7.000000e-01	3
3.530000e+01	353	5.762396e+02	1.939285e+03	1.080000e+01	2.520000e+01	7.709267e-01	7.000000e-01	7.000000e-01	3
3.540000e+01	354	4.540439e+02	1.391402e+03	1.080000e+01	2.520000e+01	7.539652e-01	7.000000e-01	7.000000e-01	3
3.550000e+01	355	4.367323e+02	1.359416e+03	1.080000e+01	2.520000e+01	7.568506e-01	7.000000e-01	7.000000e-01	3
3.560000e+01	356	8.281222e+02	1.571277e+03	1.080000e+01	2.520000e+01	6.548626e-01	7.000000e-01	7.000000e-01	3
3.570000e+01	357	3.280593e+02	1.698292e+03	1.080000e+01	2.520000e+01	8.381035e-01	7.000000e-01	7.000000e-01	3
3.580000e+01	358	6.327218e+02	1.505714e+03	1.080000e+01	2.520000e+01	7.041193e-01	7.000000e-01	7.000000e-01	3
3.590000e+01	359	6.751286e+02	1.233404e+03	1.080000e+01	2.520000e+01	6.462578e-01	7.000000e-01	7.000000e-01	3
36	360	6.419058e+02	1.057668e+03	1.080000e+01	2.520000e+01	6.223136e-01	7.000000e-01	7.000000e-01	3
3.610000e+01	361	7.929653e+02	1.676101e+03	1.080000e+01	2.520000e+01	6.788401e-01	7.000000e-01	7.000000e-01	3
3.620000e+01	362	5.535929e+02	1.322507e+03	1.080000e+01	2.520000e+01	7.049235e-01	7.000000e-01	7.000000e-01	3
3.630000e+01	363	5.108361e+02	1.159007e+03	1.080000e+01	2.520000e+01	6.940815e-01	7.000000e-01	7.000000e-01	3
3.640000e+01	364	2.985875e+02	1.180673e+03	1.080000e+01	2.520000e+01	7.981509e-01	7.000000e-01	7.000000e-01	3
3.650000e+01	365	5.549367e+02	1.163226e+03	1.080000e+01	2.520000e+01	6.770173e-01	7.000000e-01	7.000000e-01	3
3.660000e+01	366	5.174169e+02	9.935527e+02	1.080000e+01	2.520000e+01	6.575597e-01	7.000000e-01	7.000000e-01	3
3.670000e+01	367	6.339058e+02	1.241043e+03	1.080000e+01	2.520000e+01	6.619077e-01	7.000000e-01	7.000000e-01	3
3.680000e+01	368	5.714532e+02	1.086626e+03	1.080000e+01	2.520000e+01	6.553523e-01	7.000000e-01	7.000000e-01	3
3.690000e+01	369	4.283528e+02	1.007736e+03	1.080000e+01	2.520000e+01	7.017226e-01	7.000000e-01	7.000000e-01	3
37	370	8.412834e+02	1.749790e+03	1.080000e+01	2.520000e+01	6.753147e-01	7.000000e-01	7.000000e-01	3
3.710000e+01	371	6.712574e+02	1.546114e+03	1.080000e+01	2.520000e+01	6.972734e-01	7.000000e-01	7.000000e-01	3
3.720000e+01	372	7.353796e+02	1.486921e+03	1.080000e+01	2.520000e+01	6.690909e-01	7.000000e-01	7.000000e-01	3
3.730000e+01	373	7.628043e+02	9.915863e+02	1.080000e+01	2.520000e+01	5.652027e-01	7.000000e-01	7.000000e-01	3
3.740000e+01	374	5.687909e+02	1.071557e+03	1.080000e+01	2.520000e+01	6.532498e-01	7.000000e-01	7.000000e-01	3
3.750000e+01	375	3.678949e+02	1.115501e+03	1.080000e+01	2.520000e+01	7.519914e-01	7.000000e-01	7.000000e-01	3
3.760000e+01	376	5.307813e+02	1.073803e+03	1.080000e+01	2.520000e+01	6.692094e-01	7.000000e-01	7.000000e-01	3
3.770000e+01	377	1.108358e+03	1.257412e+03	1.080000e+01	2.520000e+01	5.315021e-01	7.000000e-01	7.000000e-01	3
3.780000e+01	378	4.285259e+02	1.514604e+03	1.080000e+01	2.520000e+01	7.794661e-01	7.000000e-01	7.000000e-01	3
3.790000e+01	379	5.446122e+02	1.169388e+03	1.080000e+01	2.520000e+01	6.822565e-01	7.000000e-01	7.000000e-01	3
38	380	7.229551e+02	1.367946e+03	1.080000e+01	2.520000e+01	6.542375e-01	7.000000e-01	7.000000e-01	3
3.810000e+01	381	4.401973e+02	1.887183e+03	1.080000e+01	2.520000e+01	8.108615e-01	7.000000e-01	7.000000e-01	3
3.820000e+01	382	6.664283e+02	1.869166e+03	1.080000e+01	2.520000e+01	7.371708e-01	7.000000e-01	7.000000e-01	3
3.830000e+01	383	4.112651e+02	1.445212e+03	1.080000e+01	2.520000e+01	7.784701e-01	7.000000e-01	7.000000e-01	3
3.840000e+01	384	3.750276e+02	1.246359e+03	1.080000e+01	2.520000e+01	7.686995e-01	7.000000e-01	7.000000e-01	3
3.850000e+01	385	2.711037e+02	7.775563e+02	1.080000e+01	2.520000e+01	7.414761e-01	7.000000e-01	7.000000e-01	3
3.860000e+01	386	6.898000e+02	1.919754e+03	1.080000e+01	2.520000e+01	7.356636e-01	7.000000e-01	7.000000e-01	3
3.870000e+01	387	3.553154e+02	1.222650e+03	1.080000e+01	2.520000e+01	7.748268e-01	7.000000e-01	7.000000e-01	3
3.880000e+01	388	6.818183e+02	5.988855e+02	1.080000e+01	2.520000e+01	4.676222e-01	7.000000e-01	7.000000e-01	3
3.890000e+01	389	8.321978e+02	1.028318e+03	1.080000e+01	2.520000e+01	5.527059e-01	7.000000e-01	7.000000e-01	3
39	390	6.423592e+02	1.741318e+03	1.080000e+01	2.520000e+01	7.305176e-01	7.000000e-01	7.000000e-01	3
3.910000e+01	391	2.500634e+02	9.745617e+02	1.080000e+01	2.520000e+01	7.958041e-01	7.000000e-01	7.000000e-01	3
3.920000e+01	392	3.343526e+02	1.394800e+03	1.080000e+01	2.520000e+01	8.066379e-01	7.000000e-01	7.000000e-01	3
3.930000e+01	393	6.505170e+02	1.721491e+03	1.080000e+01	2.520000e+01	7.257527e-01	7.000000e-01	7.000000e-01	3
3.940000e+01	394	7.125619e+02	8.370608e+02	1.080000e+01	2.520000e+01	5.401707e-01	7.000000e-01	7.000000e-01	3
3.950000e+01	395	4.182674e+02	9.123539e+02	1.080000e+01	2.520000e+01	6.856601e-01	7.000000e-01	7.000000e-01	3
3.960000e+01	396	7.280714e+02	1.727249e+03	1.080000e+01	2.520000e+01	7.034720e-01	7.000000e-01	7.000000e-01	3
3.970000e+01	397	4.352473e+02	1.278488e+03	1.080000e+01	2.520000e+01	7.460242e-01	7.000000e-01	7.000000e-01	3
3.980000e+01	398	6.420477e+01	1.645022e+03	1.080000e+01	2.520000e+01	9.624364e-01	7.000000e-01	7.000000e-01	3
3.990000e+01	399	3.354326e+02	1.389771e+03	1.080000e+01	2.520000e+01	8.055693e-01	7.000000e-01	7.000000e-01	3
40	400	3.507849e+02	1.312763e+03	1.080000e+01	2.520000e+01	7.891344e-01	7.000000e-01	7.000000e-01	3
4.010000e+01	401	6.510591e+02	1.407174e+03	1.080000e+01	2.520000e+01	6.836806e-01	7.000000e-01	7.000000e-01	3
4.020000e+01	402	8.015879e+02	1.188031e+03	1.080000e+01	2.520000e+01	5.971148e-01	7.000000e-01	7.000000e-01	3
4.030000e+01	403	5.134852e+02	1.777792e+03	1.080000e+01	2.520000e+01	7.758956e-01	7.000000e-01	7.000000e-01	3
4.040000e+01	404	7.653003e+02	1.722442e+03	1.080000e+01	2.520000e+01	6.923715e-01	7.000000e-01	7.000000e-01	3
4.050000e+01	405	4.473257e+02	7.693250e+02	1.080000e+01	2.520000e+01	6.323302e-01	7.000000e-01	7.000000e-01	3
4.060000e+01	406	8.679404e+02	1.095002e+03	1.080000e+01	2.520000e+01	5.578372e-01	7.000000e-01	7.000000e-01	3
4.070000e+01	407	6.408739e+02	6.387656e+02	1.080000e+01	2.520000e+01	4.991762e-01	7.000000e-01	7.000000e-01	3
4.080000e+01	408	1.112868e+03	1.348312e+03	1.080000e+01	2.520000e+01	5.478316e-01	7.000000e-01	7.000000e-01	3
4.090000e+01	409	4.109254e+02	1.413308e+03	1.080000e+01	2.520000e+01	7.747407e-01	7.000000e-01	7.000000e-01	3
41	410	6.100457e+02	1.518244e+03	1.080000e+01	2.520000e+01	7.133634e-01	7.000000e-01	7.000000e-01	3
4.110000e+01	411	4.644590e+02	1.083030e+03	1.080000e+01	2.520000e+01	6.998628e-01	7.000000e-01	7.000000e-01	3
4.120000e+01	412	7.632682e+02	1.261649e+03	1.080000e+01	2.520000e+01	6.230621e-01	7.000000e-01	7.000000e-01	3
4.130000e+01	413	4.077986e+02	1.433720e+03	1.080000e+01	2.520000e+01	7.785531e-01	7.000000e-01	7.000000e-01	3
4.140000e+01	414	6.471739e+02	1.256537e+03	1.080000e+01	2.520000e+01	6.600460e-01	7.000000e-01	7.000000e-01	3
4.150000e+01	415	4.639485e+02	1.244320e+03	1.080000e+01	2.520000e+01	7.284100e-01	7.000000e-01	7.000000e-01	3
4.160000e+01	416	4.010708e+02	1.321057e+03	1.080000e+01	2.520000e+01	7.671074e-01	7.000000e-01	7.000000e-01	3
4.170000e+01	417	4.349869e+02	6.917958e+02	1.080000e+01	2.520000e+01	6.139567e-01	7.000000e-01	7.000000e-01	3
4.180000e+01	418	7.217250e+02	1.200963e+03	1.080000e+01	2.520000e+01	6.246270e-01	7.000000e-01	7.000000e-01	3
4.190000e+01	419	2.100877e+02	8.471744e+02	1.080000e+01	2.520000e+01	8.012908e-01	7.000000e-01	7.000000e-01	3
42	420	5.103567e+02	1.037001e+03	1.080000e+01	2.520000e+01	6.701754e-01	7.000000e-01	7.000000e-01	3
4.210000e+01	421	6.995337e+02	1.395903e+03	1.080000e+01	2.520000e+01	6.661633e-01	7.000000e-01	7.000000e-01	3
4.220000e+01	422	3.058189e+02	1.412515e+03	1.080000e+01	2.520000e+01	8.220259e-01	7.000000e-01	7.000000e-01	3
4.230000e+01	423	8.564433e+02	1.480381e+03	1.080000e+01	2.520000e+01	6.335012e-01	7.000000e-01	7.000000e-01	3
4.240000e+01	424	5.896411e+02	1.340466e+03	1.080000e+01	2.520000e+01	6.945035e-01	7.000000e-01	7.000000e-01	3
4.250000e+01	425	7.942747e+02	1.261152e+03	1.080000e+01	2.520000e+01	6.135719e-01	7.000000e-01	7.000000e-01	3
4.260000e+01	426	3.019660e+02	1.508523e+03	1.080000e+01	2.520000e+01	8.332130e-01	7.000000e-01	7.000000e-01	3
4.270000e+01	427	4.895774e+02	1.451150e+03	1.080000e+01	2.520000e+01	7.477351e-01	7.000000e-01	7.000000e-01	3
4.280000e+01	428	4.642410e+02	1.661857e+03	1.080000e+01	2.520000e+01	7.816465e-01	7.000000e-01	7.000000e-01	3
4.290000e+01	429	4.924789e+02	2.326668e+03	1.080000e+01	2.520000e+01	8.253093e-01	7.000000e-01	7.000000e-01	3
43	430	6.850007e+02	1.267675e+03	1.080000e+01	2.520000e+01	6.491990e-01	7.000000e-01	7.000000e-01	3
4.310000e+01	431	4.058656e+02	1.141021e+03	1.080000e+01	2.520000e+01	7.376242e-01	7.000000e-01	7.000000e-01	3
4.320000e+01	432	5.257039e+02	1.788052e+03	1.080000e+01	2.520000e+01	7.727920e-01	7.000000e-01	7.000000e-01	3
4.330000e+01	433	4.726901e+02	1.387658e+03	1.080000e+01	2.520000e+01	7.459131e-01	7.000000e-01	7.000000e-01	3
4.340000e+01	434	7.393090e+02	1.371364e+03	1.080000e+01	2.520000e+01	6.497283e-01	7.000000e-01	7.000000e-01	3
4.350000e+01	435	8.232695e+02	1.684168e+03	1.080000e+01	2.520000e+01	6.716690e-01	7.000000e-01	7.000000e-01	3
4.360000e+01	436	8.482253e+02	1.477894e+03	1.080000e+01	2.520000e+01	6.353474e-01	7.000000e-01	7.000000e-01	3
4.370000e+01	437	5.779338e+02	1.627058e+03	1.080000e+01	2.520000e+01	7.378975e-01	7.000000e-01	7.000000e-01	3
4.380000e+01	438	3.121947e+02	1.821361e+03	1.080000e+01	2.520000e+01	8.536740e-01	7.000000e-01	7.000000e-01	3
4.390000e+01	439	9.392741e+02	1.552493e+03	1.080000e+01	2.520000e+01	6.230490e-01	7.000000e-01	7.000000e-01	3
44	440	4.310259e+02	1.440007e+03	1.080000e+01	2.520000e+01	7.696321e-01	7.000000e-01	7.000000e-01	3
4.410000e+01	441	7.364285e+02	1.359740e+03	1.080000e+01	2.520000e+01	6.486788e-01	7.000000e-01	7.000000e-01	3
4.420000e+01	442	8.087305e+02	1.116440e+03	1.080000e+01	2.520000e+01	5.799174e-01	7.000000e-01	7.000000e-01	3
4.430000e+01	443	6.993776e+02	1.075057e+03	1.080000e+01	2.520000e+01	6.058589e-01	7.000000e-01	7.000000e-01	3
4.440000e+01	444	1.414293e+03	1.468906e+03	1.080000e+01	2.520000e+01	5.094709e-01	7.000000e-01	7.000000e-01	3
4.450000e+01	445	1.000313e+03	9.563873e+02	1.080000e+01	2.520000e+01	4.887755e-01	7.000000e-01	7.000000e-01	3
4.460000e+01	446	4.454292e+02	1.204488e+03	1.080000e+01	2.520000e+01	7.300293e-01	7.000000e-01	7.000000e-01	3
4.470000e+01	447	8.090384e+02	8.857751e+02	1.080000e+01	2.520000e+01	5.226387e-01	7.000000e-01	7.000000e-01	3
4.480000e+01	448	5.711724e+02	1.422292e+03	1.080000e+01	2.520000e+01	7.134775e-01	7.000000e-01	7.000000e-01	3
4.490000e+01	449	5.438373e+02	9.437126e+02	1.080000e+01	2.520000e+01	6.344074e-01	7.000000e-01	7.000000e-01	3
45	450	1.834395e+02	1.091406e+03	1.080000e+01	2.520000e+01	8.561084e-01	7.000000e-01	7.000000e-01	3
4.510000e+01	451	7.798596e+02	1.586092e+03	1.080000e+01	2.520000e+01	6.703822e-01	7.000000e-01	7.000000e-01	3
4.520000e+01	452	5.395004e+02	1.142175e+03	1.080000e+01	2.520000e+01	6.791887e-01	7.000000e-01	7.000000e-01	3
4.530000e+01	453	6.115812e+02	1.558390e+03	1.080000e+01	2.520000e+01	7.181617e-01	7.000000e-01	7.000000e-01	3
4.540000e+01	454	8.443369e-02	1.704563e+03	1.080000e+01	2.520000e+01	9.999505e-01	7.000000e-01	7.000000e-01	3
4.550000e+01	455	5.769497e+02	1.671206e+03	1.080000e+01	2.520000e+01	7.433675e-01	7.000000e-01	7.000000e-01	3
4.560000e+01	456	7.426759e+02	1.493648e+03	1.080000e+01	2.520000e+01	6.679033e-01	7.000000e-01	7.000000e-01	3
4.570000e+01	457	8.276353e+02	2.031983e+03	1.080000e+01	2.520000e+01	7.105784e-01	7.000000e-01	7.000000e-01	3
4.580000e+01	458	6.157547e+02	1.128398e+03	1.080000e+01	2.520000e+01	6.469605e-01	7.000000e-01	7.000000e-01	3
4.590000e+01	459	2.969148e+02	1.389649e+03	1.080000e+01	2.520000e+01	8.239529e-01	7.000000e-01	7.000000e-01	3
46	460	4.144338e+02	1.308499e+03	1.080000e+01	2.520000e+01	7.594602e-01	7.000000e-01	7.000000e-01	3
4.610000e+01	461	2.137359e+02	1.073255e+03	1.080000e+01	2.520000e+01	8.339258e-01	7.000000e-01	7.000000e-01	3
4.620000e+01	462	6.734134e+02	1.936300e+03	1.080000e+01	2.520000e+01	7.419589e-01	7.000000e-01	7.000000e-01	3
4.630000e+01	463	5.497254e+02	1.388109e+03	1.080000e+01	2.520000e+01	7.163196e-01	7.000000e-01	7.000000e-01	3
4.640000e+01	464	5.419177e+02	1.409672e+03	1.080000e+01	2.520000e+01	7.223199e-01	7.000000e-01	7.000000e-01	3
4.650000e+01	465	4.597601e+02	1.481929e+03	1.080000e+01	2.520000e+01	7.632164e-01	7.000000e-01	7.000000e-01	3
4.660000e+01	466	5.086982e+02	1.326355e+03	1.080000e+01	2.520000e+01	7.227882e-01	7.000000e-01	7.000000e-01	3
4.670000e+01	467	5.123220e+02	1.594398e+03	1.080000e+01	2.520000e+01	7.568154e-01	7.000000e-01	7.000000e-01	3
4.680000e+01	468	5.619425e+02	1.272923e+03	1.080000e+01	2.520000e+01	6.937419e-01	7.000000e-01	7.000000e-01	3
4.690000e+01	469	3.342799e+02	1.524177e+03	1.080000e+01	2.520000e+01	8.201304e-01	7.000000e-01	7.000000e-01	3
47	470	9.111194e+02	1.246456e+03	1.080000e+01	2.520000e+01	5.777115e-01	7.000000e-01	7.000000e-01	3
4.710000e+01	471	4.584335e+02	1.725944e+03	1.080000e+01	2.520000e+01	7.901309e-01	7.000000e-01	7.000000e-01	3
4.720000e+01	472	6.485017e+02	1.849162e+03	1.080000e+01	2.520000e+01	7.403566e-01	7.000000e-01	7.000000e-01	3
4.730000e+01	473	7.999462e+02	1.210131e+03	1.080000e+01	2.520000e+01	6.020322e-01	7.000000e-01	7.000000e-01	3
4.740000e+01	474	6.279307e+02	1.240500e+03	1.080000e+01	2.520000e+01	6.639261e-01	7.000000e-01	7.000000e-01	3
4.750000e+01	475	7.252488e+02	1.528822e+03	1.080000e+01	2.520000e+01	6.782493e-01	7.000000e-01	7.000000e-01	3
4.760000e+01	476	6.200571e+02	1.368033e+03	1.080000e+01	2.520000e+01	6.881142e-01	7.000000e-01	7.000000e-01	3
4.770000e+01	477	4.931577e+02	1.497293e+03	1.080000e+01	2.520000e+01	7.522381e-01	7.000000e-01	7.000000e-01	3
4.780000e+01	478	7.678182e+02	1.242144e+03	1.080000e+01	2.520000e+01	6.179937e-01	7.000000e-01	7.000000e-01	3
4.790000e+01	479	4.484273e+02	1.067942e+03	1.080000e+01	2.520000e+01	7.042756e-01	7.000000e-01	7.000000e-01	3
48	480	7.408282e+02	1.781529e+03	1.080000e+01	2.520000e+01	7.062953e-01	7.000000e-01	7.000000e-01	3
4.810000e+01	481	5.168284e+02	1.257759e+03	1.080000e+01	2.520000e+01	7.087614e-01	7.000000e-01	7.000000e-01	3
4.820000e+01	482	4.945611e+02	1.392994e+03	1.080000e+01	2.520000e+01	7.379885e-01	7.000000e-01	7.000000e-01	3
4.830000e+01	483	8.940844e+02	9.697980e+02	1.080000e+01	2.520000e+01	5.203107e-01	7.000000e-01	7.000000e-01	3
4.840000e+01	484	6.532721e+02	1.095214e+03	1.080000e+01	2.520000e+01	6.263785e-01	7.000000e-01	7.000000e-01	3
4.850000e+01	485	5.322104e+02	1.531663e+03	1.080000e+01	2.520000e+01	7.421304e-01	7.000000e-01	7.000000e-01	3
4.860000e+01	486	3.493260e+02	1.403111e+03	1.080000e+01	2.520000e+01	8.006628e-01	7.000000e-01	7.000000e-01	3
4.870000e+01	487	8.266050e+02	1.213167e+03	1.080000e+01	2.520000e+01	5.947561e-01	7.000000e-01	7.000000e-01	3
4.880000e+01	488	4.403213e+02	1.570311e+03	1.080000e+01	2.520000e+01	7.810035e-01	7.000000e-01	7.000000e-01	3
4.890000e+01	489	7.484563e+02	1.551607e+03	1.080000e+01	2.520000e+01	6.745931e-01	7.000000e-01	7.000000e-01	3
49	490	3.940892e+02	1.463368e+03	1.080000e+01	2.520000e+01	7.878340e-01	7.000000e-01	7.000000e-01	3
4.910000e+01	491	5.844777e+02	1.720486e+03	1.080000e+01	2.520000e+01	7.464265e-01	7.000000e-01	7.000000e-01	3
4.920000e+01	492	4.854680e+02	1.707108e+03	1.080000e+01	2.520000e+01	7.785855e-01	7.000000e-01	7.000000e-01	3
4.930000e+01	493	2.495124e+02	1.281696e+03	1.080000e+01	2.520000e+01	8.370488e-01	7.000000e-01	7.000000e-01	3
4.940000e+01	494	7.080219e+02	1.623613e+03	1.080000e+01	2.520000e+01	6.963410e-01	7.000000e-01	7.000000e-01	3
4.950000e+01	495	1.051417e+03	6.311895e+02	1.586813e+01	2.013187e+01	3.751259e-01	5.592185e-01	7.000000e-01	3
4.960000e+01	496	5.301220e+02	1.540748e+03	1.080000e+01	2.520000e+01	7.440100e-01	7.000000e-01	7.000000e-01	3
4.970000e+01	497	6.184799e+02	1.072931e+03	1.080000e+01	2.520000e+01	6.343407e-01	7.000000e-01	7.000000e-01	3
4.980000e+01	498	4.871375e+02	1.472216e+03	1.080000e+01	2.520000e+01	7.513785e-01	7.000000e-01	7.000000e-01	3
4.990000e+01	499	5.198603e+02	2.289227e+03	1.080000e+01	2.520000e+01	8.149363e-01	7.000000e-01	7.000000e-01	3
50	500	7.184224e+02	9.857148e+02	1.080000e+01	2.520000e+01	5.784245e-01	7.000000e-01	7.000000e-01	3
5.010000e+01	501	5.920510e+02	1.349067e+03	1.080000e+01	2.520000e+01	6.949948e-01	7.000000e-01	7.000000e-01	3
5.020000e+01	502	6.090347e+02	1.768793e+03	1.080000e+01	2.520000e+01	7.438693e-01	7.000000e-01	7.000000e-01	3
5.030000e+01	503	5.339487e+02	1.338441e+03	1.080000e+01	2.520000e+01	7.148303e-01	7.000000e-01	7.000000e-01	3
5.040000e+01	504	4.419732e+02	1.512768e+03	1.080000e+01	2.520000e+01	7.738968e-01	7.000000e-01	7.000000e-01	3
5.050000e+01	505	3.973191e+02	1.643929e+03	1.080000e+01	2.520000e+01	8.053549e-01	7.000000e-01	7.000000e-01	3
5.060000e+01	506	7.004411e+02	1.399782e+03	1.080000e+01	2.520000e+01	6.664921e-01	7.000000e-01	7.000000e-01	3
5.070000e+01	507	8.888469e+02	1.463275e+03	1.080000e+01	2.520000e+01	6.221085e-01	7.000000e-01	7.000000e-01	3
5.080000e+01	508	5.412442e+02	1.350340e+03	1.080000e+01	2.520000e+01	7.138673e-01	7.000000e-01	7.000000e-01	3
5.090000e+01	509	6.290545e+02	1.360460e+03	1.080000e+01	2.520000e+01	6.838150e-01	7.000000e-01	7.000000e-01	3
51	510	4.193374e+02	1.247624e+03	1.080000e+01	2.520000e+01	7.484421e-01	7.000000e-01	7.000000e-01	3
5.110000e+01	511	3.250572e+02	1.483852e+03	1.080000e+01	2.520000e+01	8.203021e-01	7.000000e-01	7.000000e-01	3
5.120000e+01	512	5.809681e+02	1.542954e+03	1.080000e+01	2.520000e+01	7.264645e-01	7.000000e-01	7.000000e-01	3
5.130000e+01	513	9.312353e+02	7.141706e+02	1.080000e+01	2.520000e+01	4.340391e-01	7.000000e-01	7.000000e-01	3
5.140000e+01	514	5.919214e+02	1.412509e+03	1.080000e+01	2.520000e+01	7.046935e-01	7.000000e-01	7.000000e-01	3
5.150000e+01	515	7.701256e+02	1.708030e+03	1.080000e+01	2.520000e+01	6.892344e-01	7.000000e-01	7.000000e-01	3
5.160000e+01	516	4.508364e+02	1.452638e+03	1.080000e+01	2.520000e+01	7.631508e-01	7.000000e-01	7.000000e-01	3
5.170000e+01	517	5.230290e+02	1.381841e+03	1.080000e+01	2.520000e+01	7.254254e-01	7.000000e-01	7.000000e-01	3
5.180000e+01	518	2.243138e+02	9.755482e+02	1.080000e+01	2.520000e+01	8.130503e-01	7.000000e-01	7.000000e-01	3
5.190000e+01	519	5.514013e+02	1.578420e+03	1.080000e+01	2.520000e+01	7.411044e-01	7.000000e-01	7.000000e-01	3
52	520	4.400540e+02	1.772644e+03	1.080000e+01	2.520000e+01	8.011234e-01	7.000000e-01	7.000000e-01	3
5.210000e+01	521	7.068077e+02	1.853331e+03	1.080000e+01	2.520000e+01	7.239182e-01	7.000000e-01	7.000000e-01	3
5.220000e+01	522	5.742902e+02	1.446548e+03	1.080000e+01	2.520000e+01	7.158158e-01	7.000000e-01	7.000000e-01	3
5.230000e+01	523	6.039186e+02	1.482184e+03	1.080000e+01	2.520000e+01	7.105039e-01	7.000000e-01	7.000000e-01	3
5.240000e+01	524	6.088210e+02	1.120143e+03	1.080000e+01	2.520000e+01	6.478695e-01	7.000000e-01	7.000000e-01	3
5.250000e+01	525	4.417850e+02	8.292421e+02	1.080000e+01	2.520000e+01	6.524189e-01	7.000000e-01	7.000000e-01	3
5.260000e+01	526	2.152421e+02	1.142148e+03	1.080000e+01	2.520000e+01	8.414295e-01	7.000000e-01	7.000000e-01	3
5.270000e+01	527	1.010334e+02	1.245993e+03	1.080000e+01	2.520000e+01	9.249952e-01	7.000000e-01	7.000000e-01	3
5.280000e+01	528	7.301953e+02	1.305299e+03	1.080000e+01	2.520000e+01	6.412688e-01	7.000000e-01	7.000000e-01	3
5.290000e+01	529	5.354292e+02	1.909433e+03	1.080000e+01	2.520000e+01	7.809982e-01	7.000000e-01	7.000000e-01	3
53	530	5.931974e+02	1.080965e+03	1.080000e+01	2.520000e+01	6.456751e-01	7.000000e-01	7.000000e-01	3
5.310000e+01	531	8.692850e+02	1.437764e+03	1.080000e+01	2.520000e+01	6.232048e-01	7.000000e-01	7.000000e-01	3
5.320000e+01	532	8.164161e+02	1.834615e+03	1.080000e+01	2.520000e+01	6.920383e-01	7.000000e-01	7.000000e-01	3
5.330000e+01	533	4.386733e+02	1.332070e+03	1.080000e+01	2.520000e+01	7.522660e-01	7.000000e-01	7.000000e-01	3
5.340000e+01	534	6.408773e+02	1.247640e+03	1.080000e+01	2.520000e+01	6.606452e-01	7.000000e-01	7.000000e-01	3
5.350000e+01	535	4.069285e+02	1.180303e+03	1.080000e+01	2.520000e+01	7.436237e-01	7.000000e-01	7.000000e-01	3
5.360000e+01	536	6.024135e+02	1.314932e+03	1.080000e+01	2.520000e+01	6.858086e-01	7.000000e-01	7.000000e-01	3
5.370000e+01	537	5.524388e+02	1.190788e+03	1.080000e+01	2.520000e+01	6.830941e-01	7.000000e-01	7.000000e-01	3
5.380000e+01	538	5.827290e+02	1.449076e+03	1.080000e+01	2.520000e+01	7.131964e-01	7.000000e-01	7.000000e-01	3
5.390000e+01	539	7.694147e+02	1.440252e+03	1.080000e+01	2.520000e+01	6.517961e-01	7.000000e-01	7.000000e-01	3
54	540	1.530495e+02	9.507980e+02	1.080000e+01	2.520000e+01	8.613491e-01	7.000000e-01	7.000000e-01	3
5.410000e+01	541	6.815566e+02	1.347362e+03	1.080000e+01	2.520000e+01	6.640789e-01	7.000000e-01	7.000000e-01	3
5.420000e+01	542	6.188756e+02	7.019368e+02	1.080000e+01	2.520000e+01	5.314432e-01	7.000000e-01	7.000000e-01	3
5.430000e+01	543	1.201598e+02	1.781919e+03	1.080000e+01	2.520000e+01	9.368271e-01	7.000000e-01	7.000000e-01	3
5.440000e+01	544	4.690701e+02	1.469552e+03	1.080000e+01	2.520000e+01	7.580394e-01	7.000000e-01	7.000000e-01	3
5.450000e+01	545	6.968644e+02	7.727352e+02	1.080000e+01	2.520000e+01	5.258134e-01	7.000000e-01	7.000000e-01	3
5.460000e+01	546	2.220876e+02	7.282610e+02	1.080000e+01	2.520000e+01	7.663093e-01	7.000000e-01	7.000000e-01	3
5.470000e+01	547	5.903615e+02	1.337305e+03	1.080000e+01	2.520000e+01	6.937430e-01	7.000000e-01	7.000000e-01	3
5.480000e+01	548	2.820232e+02	1.578236e+03	1.080000e+01	2.520000e+01	8.483957e-01	7.000000e-01	7.000000e-01	3
5.490000e+01	549	5.555744e+02	1.397240e+03	1.080000e+01	2.520000e+01	7.155007e-01	7.000000e-01	7.000000e-01	3
55	550	1.010000e+03	1.985743e+03	1.080000e+01	2.520000e+01	6.628550e-01	7.000000e-01	7.000000e-01	3
5.510000e+01	551	3.518351e+02	1.113711e+03	1.080000e+01	2.520000e+01	7.599290e-01	7.000000e-01	7.000000e-01	3
5.520000e+01	552	4.629211e+02	1.037192e+03	1.080000e+01	2.520000e+01	6.914092e-01	7.000000e-01	7.000000e-01	3
5.530000e+01	553	5.384799e+02	1.706157e+03	1.080000e+01	2.520000e+01	7.601038e-01	7.000000e-01	7.000000e-01	3
5.540000e+01	554	4.294764e+02	1.024797e+03	1.080000e+01	2.520000e+01	7.046798e-01	7.000000e-01	7.000000e-01	3
5.550000e+01	555	5.323430e+02	1.454896e+03	1.080000e+01	2.520000e+01	7.321192e-01	7.000000e-01	7.000000e-01	3
5.560000e+01	556	3.175933e+02	1.279568e+03	1.080000e+01	2.520000e+01	8.011514e-01	7.000000e-01	7.000000e-01	3
5.570000e+01	557	3.653706e+02	1.655751e+03	1.080000e+01	2.520000e+01	8.192238e-01	7.000000e-01	7.000000e-01	3
5.580000e+01	558	5.282741e+02	1.370972e+03	1.080000e+01	2.520000e+01	7.218506e-01	7.000000e-01	7.000000e-01	3
5.590000e+01	559	4.673304e+02	1.552335e+03	1.080000e+01	2.520000e+01	7.686100e-01	7.000000e-01	7.000000e-01	3
56	560	8.305552e+02	1.356564e+03	1.080000e+01	2.520000e+01	6.202515e-01	7.000000e-01	7.000000e-01	3
5.610000e+01	561	7.676236e+02	9.036491e+02	1.080000e+01	2.520000e+01	5.406952e-01	7.000000e-01	7.000000e-01	3
5.620000e+01	562	8.049395e+02	1.952771e+03	1.080000e+01	2.520000e+01	7.081131e-01	7.000000e-01	7.000000e-01	3
5.630000e+01	563	6.912825e+02	1.352182e+03	1.080000e+01	2.520000e+01	6.617106e-01	7.000000e-01	7.000000e-01	3
5.640000e+01	564	6.541040e+02	1.190502e+03	1.080000e+01	2.520000e+01	6.453963e-01	7.000000e-01	7.000000e-01	3
5.650000e+01	565	7.751028e+02	1.325776e+03	1.080000e+01	2.520000e+01	6.310578e-01	7.000000e-01	7.000000e-01	3
5.660000e+01	566	5.866367e+02	1.495315e+03	1.080000e+01	2.520000e+01	7.182275e-01	7.000000e-01	7.000000e-01	3
5.670000e+01	567	3.444987e+02	1.158823e+03	1.080000e+01	2.520000e+01	7.708417e-01	7.000000e-01	7.000000e-01	3
5.680000e+01	568	6.990127e+02	8.523205e+02	1.080000e+01	2.520000e+01	5.494116e-01	7.000000e-01	7.000000e-01	3
5.690000e+01	569	8.104110e+02	1.721618e+03	1.080000e+01	2.520000e+01	6.799362e-01	7.000000e-01	7.000000e-01	3
57	570	4.455449e+02	1.517854e+03	1.080000e+01	2.520000e+01	7.730747e-01	7.000000e-01	7.000000e-01	3
5.710000e+01	571	8.250852e+02	1.175038e+03	1.080000e+01	2.520000e+01	5.874828e-01	7.000000e-01	7.000000e-01	3
5.720000e+01	572	9.902172e+01	1.542204e+03	1.080000e+01	2.520000e+01	9.396660e-01	7.000000e-01	7.000000e-01	3
5.730000e+01	573	8.732702e+02	1.106795e+03	1.080000e+01	2.520000e+01	5.589690e-01	7.000000e-01	7.000000e-01	3
5.740000e+01	574	1.497218e+02	1.280611e+03	1.080000e+01	2.520000e+01	8.953238e-01	7.000000e-01	7.000000e-01	3
5.750000e+01	575	6.586683e+02	1.546282e+03	1.080000e+01	2.520000e+01	7.012775e-01	7.000000e-01	7.000000e-01	3
5.760000e+01	576	5.972280e+02	1.361084e+03	1.080000e+01	2.520000e+01	6.950291e-01	7.000000e-01	7.000000e-01	3
5.770000e+01	577	5.477409e+02	1.395431e+03	1.080000e+01	2.520000e+01	7.181202e-01	7.000000e-01	7.000000e-01	3
5.780000e+01	578	5.913152e+02	1.116531e+03	1.080000e+01	2.520000e+01	6.537656e-01	7.000000e-01	7.000000e-01	3
5.790000e+01	579	7.173211e+02	1.450936e+03	1.080000e+01	2.520000e+01	6.691716e-01	7.000000e-01	7.000000e-01	3
58	580	2.891741e+02	1.680240e+03	1.080000e+01	2.520000e+01	8.531675e-01	7.000000e-01	7.000000e-01	3
5.810000e+01	581	5.642831e+02	1.299139e+03	1.080000e+01	2.520000e+01	6.971791e-01	7.000000e-01	7.000000e-01	3
5.820000e+01	582	4.177912e+02	1.684853e+03	1.080000e+01	2.520000e+01	8.013020e-01	7.000000e-01	7.000000e-01	3
5.830000e+01	583	6.095173e+02	1.532441e+03	1.080000e+01	2.520000e+01	7.154392e-01	7.000000e-01	7.000000e-01	3
5.840000e+01	584	5.815894e+02	1.122714e+03	1.080000e+01	2.520000e+01	6.587525e-01	7.000000e-01	7.000000e-01	3
5.850000e+01	585	5.767509e+02	1.664252e+03	1.080000e+01	2.520000e+01	7.426372e-01	7.000000e-01	7.000000e-01	3
5.860000e+01	586	7.778135e+02	1.455681e+03	1.080000e+01	2.520000e+01	6.517505e-01	7.000000e-01	7.000000e-01	3
5.870000e+01	587	6.861227e+02	1.438155e+03	1.080000e+01	2.520000e+01	6.770089e-01	7.000000e-01	7.000000e-01	3
5.880000e+01	588	6.081101e+02	1.063653e+03	1.080000e+01	2.520000e+01	6.362463e-01	7.000000e-01	7.000000e-01	3
5.890000e+01	589	6.984524e+02	1.836762e+03	1.080000e+01	2.520000e+01	7.244997e-01	7.000000e-01	7.000000e-01	3
59	590	3.445118e+02	1.393395e+03	1.080000e+01	2.520000e+01	8.017663e-01	7.000000e-01	7.000000e-01	3
5.910000e+01	591	7.319908e+02	1.666710e+03	1.080000e+01	2.520000e+01	6.948387e-01	7.000000e-01	7.000000e-01	3
5.920000e+01	592	7.460980e+02	1.355150e+03	1.080000e+01	2.520000e+01	6.449263e-01	7.000000e-01	7.000000e-01	3
5.930000e+01	593	5.519691e+02	1.450303e+03	1.080000e+01	2.520000e+01	7.243286e-01	7.000000e-01	7.000000e-01	3
5.940000e+01	594	6.070438e+02	1.800658e+03	1.080000e+01	2.520000e+01	7.478742e-01	7.000000e-01	7.000000e-01	3
5.950000e+01	595	5.148048e+02	1.371810e+03	1.080000e+01	2.520000e+01	7.271277e-01	7.000000e-01	7.000000e-01	3
5.960000e+01	596	6.602766e+02	1.377787e+03	1.080000e+01	2.520000e+01	6.760275e-01	7.000000e-01	7.000000e-01	3
5.970000e+01	597	6.355846e+02	9.981400e+02	1.080000e+01	2.520000e+01	6.109598e-01	7.000000e-01	7.000000e-01	3
5.980000e+01	598	6.226842e+02	1.779102e+03	1.080000e+01	2.520000e+01	7.407412e-01	7.000000e-01	7.000000e-01	3
5.990000e+01	599	7.062152e+02	1.401490e+03	1.080000e+01	2.520000e+01	6.649365e-01	7.000000e-01	7.000000e-01	3
60	600	4.903029e+02	1.411966e+03	1.080000e+01	2.520000e+01	7.422536e-01	7.000000e-01	7.000000e-01	3
6.010000e+01	601	5.529108e+02	1.161522e+03	1.080000e+01	2.520000e+01	6.774964e-01	7.000000e-01	7.000000e-01	3
6.020000e+01	602	7.143475e+02	1.728973e+03	1.080000e+01	2.520000e+01	7.076325e-01	7.000000e-01	7.000000e-01	3
6.030000e+01	603	7.159367e+02	1.449108e+03	1.080000e+01	2.520000e+01	6.693201e-01	7.000000e-01	7.000000e-01	3
6.040000e+01	604	6.779154e+02	9.729886e+02	1.080000e+01	2.520000e+01	5.893672e-01	7.000000e-01	7.000000e-01	3
6.050000e+01	605	4.349585e+02	1.635444e+03	1.080000e+01	2.520000e+01	7.899160e-01	7.000000e-01	7.000000e-01	3
6.060000e+01	606	4.987665e+02	1.188243e+03	1.080000e+01	2.520000e+01	7.043488e-01	7.000000e-01	7.000000e-01	3
6.070000e+01	607	6.492599e+02	1.275009e+03	1.080000e+01	2.520000e+01	6.625940e-01	7.000000e-01	7.000000e-01	3
6.080000e+01	608	7.571951e+02	2.019419e+03	1.080000e+01	2.520000e+01	7.272955e-01	7.000000e-01	7.000000e-01	3
6.090000e+01	609	4.537358e+02	8.630847e+02	1.080000e+01	2.520000e+01	6.554308e-01	7.000000e-01	7.000000e-01	3
61	610	2.244969e+02	1.432588e+03	1.080000e+01	2.520000e+01	8.645230e-01	7.000000e-01	7.000000e-01	3
6.110000e+01	611	7.151631e+02	1.398141e+03	1.080000e+01	2.520000e+01	6.615901e-01	7.000000e-01	7.000000e-01	3
6.120000e+01	612	4.375997e+02	1.089556e+03	1.080000e+01	2.520000e+01	7.134544e-01	7.000000e-01	7.000000e-01	3
6.130000e+01	613	5.727594e+02	1.195659e+03	1.080000e+01	2.520000e+01	6.761178e-01	7.000000e-01	7.000000e-01	3
6.140000e+01	614	4.384857e+02	1.457355e+03	1.080000e+01	2.520000e+01	7.687117e-01	7.000000e-01	7.000000e-01	3
6.150000e+01	615	3.625150e+02	1.418098e+03	1.080000e+01	2.520000e+01	7.964100e-01	7.000000e-01	7.000000e-01	3
6.160000e+01	616	8.519404e+02	1.486958e+03	1.080000e+01	2.520000e+01	6.357515e-01	7.000000e-01	7.000000e-01	3
6.170000e+01	617	8.973817e+00	1.499046e+03	1.080000e+01	2.520000e+01	9.940493e-01	7.000000e-01	7.000000e-01	3
6.180000e+01	618	8.291029e+02	9.775228e+02	1.080000e+01	2.520000e+01	5.410766e-01	7.000000e-01	7.000000e-01	3
6.190000e+01	619	5.370340e+02	1.362410e+03	1.080000e+01	2.520000e+01	7.172678e-01	7.000000e-01	7.000000e-01	3
62	620	4.975204e+02	1.233886e+03	1.080000e+01	2.520000e+01	7.126495e-01	7.000000e-01	7.000000e-01	3
