coordinates 	2.48	122.71	130.48	122.71
time(s)	frame	Idon(a.u.)	Iacc(a.u.)	Idon ideal(a.u.)	Iacc ideal(a.u.)	FRET	FRET ideal (blurr)	FRET ideal	state sequence
1.000000e-01	1	6.424877e+02	1.359476e+03	1.080000e+01	2.520000e+01	6.790712e-01	7.000000e-01	7.000000e-01	3
2.000000e-01	2	4.973662e+02	9.411896e+02	1.080000e+01	2.520000e+01	6.542600e-01	7.000000e-01	7.000000e-01	3
3.000000e-01	3	5.715510e+02	9.683254e+02	1.080000e+01	2.520000e+01	6.288332e-01	7.000000e-01	7.000000e-01	3
4.000000e-01	4	8.120742e+02	1.280709e+03	1.080000e+01	2.520000e+01	6.119644e-01	7.000000e-01	7.000000e-01	3
5.000000e-01	5	5.671311e+02	1.121981e+03	1.080000e+01	2.520000e+01	6.642431e-01	7.000000e-01	7.000000e-01	3
6.000000e-01	6	5.886944e+02	1.051100e+03	1.080000e+01	2.520000e+01	6.409950e-01	7.000000e-01	7.000000e-01	3
7.000000e-01	7	6.664309e+02	1.366864e+03	1.080000e+01	2.520000e+01	6.722410e-01	7.000000e-01	7.000000e-01	3
8.000000e-01	8	6.160397e+02	1.572722e+03	1.080000e+01	2.520000e+01	7.185442e-01	7.000000e-01	7.000000e-01	3
9.000000e-01	9	6.524143e+02	1.376107e+03	1.080000e+01	2.520000e+01	6.783795e-01	7.000000e-01	7.000000e-01	3
1	10	5.638748e+02	1.039859e+03	1.080000e+01	2.520000e+01	6.483988e-01	7.000000e-01	7.000000e-01	3
1.100000e+00	11	5.985849e+02	8.420799e+02	1.080000e+01	2.520000e+01	5.845079e-01	7.000000e-01	7.000000e-01	3
1.200000e+00	12	3.170434e+02	1.250909e+03	1.080000e+01	2.520000e+01	7.977978e-01	7.000000e-01	7.000000e-01	3
1.300000e+00	13	8.123134e+02	1.369921e+03	1.080000e+01	2.520000e+01	6.277607e-01	7.000000e-01	7.000000e-01	3
1.400000e+00	14	8.854193e+02	9.351209e+02	1.080000e+01	2.520000e+01	5.136502e-01	7.000000e-01	7.000000e-01	3
1.500000e+00	15	7.043345e+02	1.338058e+03	1.080000e+01	2.520000e+01	6.551423e-01	7.000000e-01	7.000000e-01	3
1.600000e+00	16	8.066473e+02	1.571532e+03	1.080000e+01	2.520000e+01	6.608131e-01	7.000000e-01	7.000000e-01	3
1.700000e+00	17	3.561906e+02	1.556608e+03	1.080000e+01	2.520000e+01	8.137856e-01	7.000000e-01	7.000000e-01	3
1.800000e+00	18	6.090514e+02	1.362465e+03	1.080000e+01	2.520000e+01	6.910746e-01	7.000000e-01	7.000000e-01	3
1.900000e+00	19	5.545486e+02	1.627030e+03	1.080000e+01	2.520000e+01	7.458040e-01	7.000000e-01	7.000000e-01	3
2	20	6.282503e+02	1.612444e+03	1.080000e+01	2.520000e+01	7.196180e-01	7.000000e-01	7.000000e-01	3
2.100000e+00	21	6.380223e+02	1.146402e+03	1.080000e+01	2.520000e+01	6.424493e-01	7.000000e-01	7.000000e-01	3
2.200000e+00	22	5.704972e+02	1.378809e+03	1.080000e+01	2.520000e+01	7.073333e-01	7.000000e-01	7.000000e-01	3
2.300000e+00	23	7.682638e+02	1.257000e+03	1.080000e+01	2.520000e+01	6.206600e-01	7.000000e-01	7.000000e-01	3
2.400000e+00	24	7.098622e+02	1.085415e+03	1.080000e+01	2.520000e+01	6.045946e-01	7.000000e-01	7.000000e-01	3
2.500000e+00	25	5.222720e+02	1.492576e+03	1.080000e+01	2.520000e+01	7.407884e-01	7.000000e-01	7.000000e-01	3
2.600000e+00	26	7.375227e+02	1.392637e+03	1.080000e+01	2.520000e+01	6.537711e-01	7.000000e-01	7.000000e-01	3
2.700000e+00	27	5.024109e+02	1.640588e+03	1.080000e+01	2.520000e+01	7.655570e-01	7.000000e-01	7.000000e-01	3
2.800000e+00	28	1.390826e+02	1.527354e+03	1.080000e+01	2.520000e+01	9.165389e-01	7.000000e-01	7.000000e-01	3
2.900000e+00	29	2.388880e+02	1.474723e+03	1.080000e+01	2.520000e+01	8.605938e-01	7.000000e-01	7.000000e-01	3
3	30	7.348775e+02	1.623403e+03	1.080000e+01	2.520000e+01	6.883842e-01	7.000000e-01	7.000000e-01	3
3.100000e+00	31	8.012830e+02	1.145386e+03	1.080000e+01	2.520000e+01	5.883826e-01	7.000000e-01	7.000000e-01	3
3.200000e+00	32	5.863195e+02	1.576887e+03	1.080000e+01	2.520000e+01	7.289582e-01	7.000000e-01	7.000000e-01	3
3.300000e+00	33	4.084994e+02	1.253748e+03	1.080000e+01	2.520000e+01	7.542488e-01	7.000000e-01	7.000000e-01	3
3.400000e+00	34	4.187393e+02	1.079790e+03	1.080000e+01	2.520000e+01	7.205665e-01	7.000000e-01	7.000000e-01	3
3.500000e+00	35	4.790775e+02	1.980019e+03	1.080000e+01	2.520000e+01	8.051815e-01	7.000000e-01	7.000000e-01	3
3.600000e+00	36	8.056112e+02	1.113657e+03	1.080000e+01	2.520000e+01	5.802508e-01	7.000000e-01	7.000000e-01	3
3.700000e+00	37	9.481826e+02	8.902070e+02	1.080000e+01	2.520000e+01	4.842319e-01	7.000000e-01	7.000000e-01	3
3.800000e+00	38	8.284685e+02	7.974602e+02	1.080000e+01	2.520000e+01	4.904645e-01	7.000000e-01	7.000000e-01	3
3.900000e+00	39	2.130407e+02	1.128910e+03	1.080000e+01	2.520000e+01	8.412455e-01	7.000000e-01	7.000000e-01	3
4	40	9.527955e+02	1.392192e+03	1.080000e+01	2.520000e+01	5.936885e-01	7.000000e-01	7.000000e-01	3
4.100000e+00	41	5.023588e+02	1.388600e+03	1.080000e+01	2.520000e+01	7.343364e-01	7.000000e-01	7.000000e-01	3
4.200000e+00	42	3.828703e+02	1.752487e+03	1.080000e+01	2.520000e+01	8.206997e-01	7.000000e-01	7.000000e-01	3
4.300000e+00	43	5.706183e+02	1.146488e+03	1.080000e+01	2.520000e+01	6.676860e-01	7.000000e-01	7.000000e-01	3
4.400000e+00	44	6.263791e+02	9.876596e+02	1.080000e+01	2.520000e+01	6.119181e-01	7.000000e-01	7.000000e-01	3
4.500000e+00	45	6.824008e+02	1.419430e+03	1.080000e+01	2.520000e+01	6.753303e-01	7.000000e-01	7.000000e-01	3
4.600000e+00	46	6.016801e+02	1.224634e+03	1.080000e+01	2.520000e+01	6.705496e-01	7.000000e-01	7.000000e-01	3
4.700000e+00	47	2.923123e+02	8.457383e+02	1.080000e+01	2.520000e+01	7.431465e-01	7.000000e-01	7.000000e-01	3
4.800000e+00	48	9.548510e+02	1.427103e+03	1.080000e+01	2.520000e+01	5.991312e-01	7.000000e-01	7.000000e-01	3
4.900000e+00	49	5.165834e+02	1.201306e+03	1.080000e+01	2.520000e+01	6.992919e-01	7.000000e-01	7.000000e-01	3
5	50	3.366918e+02	1.530263e+03	1.080000e+01	2.520000e+01	8.196572e-01	7.000000e-01	7.000000e-01	3
5.100000e+00	51	8.217237e+02	1.386524e+03	1.080000e+01	2.520000e+01	6.278843e-01	7.000000e-01	7.000000e-01	3
5.200000e+00	52	3.889043e+02	1.590208e+03	1.080000e+01	2.520000e+01	8.034956e-01	7.000000e-01	7.000000e-01	3
5.300000e+00	53	3.050891e+02	1.543390e+03	1.080000e+01	2.520000e+01	8.349513e-01	7.000000e-01	7.000000e-01	3
5.400000e+00	54	7.294523e+02	1.088943e+03	1.080000e+01	2.520000e+01	5.988484e-01	7.000000e-01	7.000000e-01	3
5.500000e+00	55	5.069941e+02	1.239201e+03	1.080000e+01	2.520000e+01	7.096579e-01	7.000000e-01	7.000000e-01	3
5.600000e+00	56	8.643545e+02	1.411100e+03	1.080000e+01	2.520000e+01	6.201398e-01	7.000000e-01	7.000000e-01	3
5.700000e+00	57	5.151362e+02	1.180962e+03	1.080000e+01	2.520000e+01	6.962817e-01	7.000000e-01	7.000000e-01	3
5.800000e+00	58	9.658973e+02	1.440591e+03	1.080000e+01	2.520000e+01	5.986280e-01	7.000000e-01	7.000000e-01	3
5.900000e+00	59	6.719180e+02	1.487901e+03	1.080000e+01	2.520000e+01	6.889008e-01	7.000000e-01	7.000000e-01	3
6	60	5.552545e+02	1.071283e+03	1.080000e+01	2.520000e+01	6.586278e-01	7.000000e-01	7.000000e-01	3
6.100000e+00	61	4.871909e+02	1.377050e+03	1.080000e+01	2.520000e+01	7.386653e-01	7.000000e-01	7.000000e-01	3
6.200000e+00	62	3.926583e+02	1.072713e+03	1.080000e+01	2.520000e+01	7.320417e-01	7.000000e-01	7.000000e-01	3
6.300000e+00	63	3.004806e+02	1.483207e+03	1.080000e+01	2.520000e+01	8.315397e-01	7.000000e-01	7.000000e-01	3
6.400000e+00	64	3.569835e+02	1.213082e+03	1.080000e+01	2.520000e+01	7.726315e-01	7.000000e-01	7.000000e-01	3
6.500000e+00	65	3.152132e+02	1.662004e+03	1.080000e+01	2.520000e+01	8.405774e-01	7.000000e-01	7.000000e-01	3
6.600000e+00	66	4.088438e+02	1.214738e+03	1.080000e+01	2.520000e+01	7.481841e-01	7.000000e-01	7.000000e-01	3
6.700000e+00	67	7.362752e+01	1.443839e+03	1.080000e+01	2.520000e+01	9.514800e-01	7.000000e-01	7.000000e-01	3
6.800000e+00	68	5.990252e+02	1.003721e+03	1.080000e+01	2.520000e+01	6.262508e-01	7.000000e-01	7.000000e-01	3
6.900000e+00	69	7.555132e+02	1.540438e+03	1.080000e+01	2.520000e+01	6.709367e-01	7.000000e-01	7.000000e-01	3
7	70	0	1.356511e+03	1.080000e+01	2.520000e+01	1	7.000000e-01	7.000000e-01	3
7.100000e+00	71	6.529239e+02	8.594886e+02	1.080000e+01	2.520000e+01	5.682898e-01	7.000000e-01	7.000000e-01	3
7.200000e+00	72	4.929917e+02	1.481942e+03	1.080000e+01	2.520000e+01	7.503756e-01	7.000000e-01	7.000000e-01	3
7.300000e+00	73	6.115611e+02	1.778215e+03	1.080000e+01	2.520000e+01	7.440927e-01	7.000000e-01	7.000000e-01	3
7.400000e+00	74	8.284799e+02	1.535391e+03	1.080000e+01	2.520000e+01	6.495240e-01	7.000000e-01	7.000000e-01	3
7.500000e+00	75	5.148622e+02	1.057020e+03	1.080000e+01	2.520000e+01	6.724550e-01	7.000000e-01	7.000000e-01	3
7.600000e+00	76	7.993634e+02	1.690485e+03	1.080000e+01	2.520000e+01	6.789509e-01	7.000000e-01	7.000000e-01	3
7.700000e+00	77	7.616038e+02	1.014053e+03	1.080000e+01	2.520000e+01	5.710862e-01	7.000000e-01	7.000000e-01	3
7.800000e+00	78	2.867805e+02	1.090368e+03	1.080000e+01	2.520000e+01	7.917578e-01	7.000000e-01	7.000000e-01	3
7.900000e+00	79	7.611214e+02	8.972773e+02	1.080000e+01	2.520000e+01	5.410504e-01	7.000000e-01	7.000000e-01	3
8	80	5.336094e+02	1.328898e+03	1.080000e+01	2.520000e+01	7.134994e-01	7.000000e-01	7.000000e-01	3
8.100000e+00	81	5.242526e+02	9.179114e+02	1.080000e+01	2.520000e+01	6.364820e-01	7.000000e-01	7.000000e-01	3
8.200000e+00	82	6.522446e+02	1.153850e+03	1.080000e+01	2.520000e+01	6.388647e-01	7.000000e-01	7.000000e-01	3
8.300000e+00	83	7.762913e+02	1.350749e+03	1.080000e+01	2.520000e+01	6.350369e-01	7.000000e-01	7.000000e-01	3
8.400000e+00	84	6.206814e+02	1.303084e+03	1.080000e+01	2.520000e+01	6.773612e-01	7.000000e-01	7.000000e-01	3
8.500000e+00	85	3.213099e+02	1.317915e+03	1.080000e+01	2.520000e+01	8.039867e-01	7.000000e-01	7.000000e-01	3
8.600000e+00	86	7.957648e+02	1.265842e+03	1.080000e+01	2.520000e+01	6.140075e-01	7.000000e-01	7.000000e-01	3
8.700000e+00	87	3.341261e+02	1.381060e+03	1.080000e+01	2.520000e+01	8.051954e-01	7.000000e-01	7.000000e-01	3
8.800000e+00	88	7.359282e+02	9.147572e+02	1.080000e+01	2.520000e+01	5.541681e-01	7.000000e-01	7.000000e-01	3
8.900000e+00	89	1.062943e+03	1.505170e+03	1.080000e+01	2.520000e+01	5.860997e-01	7.000000e-01	7.000000e-01	3
9	90	8.067415e+02	1.149388e+03	1.080000e+01	2.520000e+01	5.875828e-01	7.000000e-01	7.000000e-01	3
9.100000e+00	91	8.383649e+02	1.213262e+03	1.080000e+01	2.520000e+01	5.913657e-01	7.000000e-01	7.000000e-01	3
9.200000e+00	92	6.666346e+02	1.363360e+03	1.080000e+01	2.520000e+01	6.716077e-01	7.000000e-01	7.000000e-01	3
9.300000e+00	93	4.189068e+02	1.655248e+03	1.080000e+01	2.520000e+01	7.980350e-01	7.000000e-01	7.000000e-01	3
9.400000e+00	94	6.904022e+02	1.627546e+03	1.080000e+01	2.520000e+01	7.021495e-01	7.000000e-01	7.000000e-01	3
9.500000e+00	95	7.033684e+02	1.249934e+03	1.080000e+01	2.520000e+01	6.399081e-01	7.000000e-01	7.000000e-01	3
9.600000e+00	96	6.671006e+02	1.171531e+03	1.080000e+01	2.520000e+01	6.371755e-01	7.000000e-01	7.000000e-01	3
9.700000e+00	97	7.718403e+02	1.525462e+03	1.080000e+01	2.520000e+01	6.640232e-01	7.000000e-01	7.000000e-01	3
9.800000e+00	98	4.359996e+02	1.794931e+03	1.080000e+01	2.520000e+01	8.045661e-01	7.000000e-01	7.000000e-01	3
9.900000e+00	99	4.689294e+02	1.541660e+03	1.080000e+01	2.520000e+01	7.667702e-01	7.000000e-01	7.000000e-01	3
10	100	3.642878e+02	1.165300e+03	1.080000e+01	2.520000e+01	7.618392e-01	7.000000e-01	7.000000e-01	3
1.010000e+01	101	5.041930e+02	8.579501e+02	1.080000e+01	2.520000e+01	6.298531e-01	7.000000e-01	7.000000e-01	3
1.020000e+01	102	2.121956e+02	1.116823e+03	1.080000e+01	2.520000e+01	8.403367e-01	7.000000e-01	7.000000e-01	3
1.030000e+01	103	5.315178e+02	1.464473e+03	1.080000e+01	2.520000e+01	7.337073e-01	7.000000e-01	7.000000e-01	3
1.040000e+01	104	8.964288e+02	1.175652e+03	1.080000e+01	2.520000e+01	5.673774e-01	7.000000e-01	7.000000e-01	3
1.050000e+01	105	2.961438e+02	9.624425e+02	1.080000e+01	2.520000e+01	7.647012e-01	7.000000e-01	7.000000e-01	3
1.060000e+01	106	5.851256e+02	9.899992e+02	1.080000e+01	2.520000e+01	6.285211e-01	7.000000e-01	7.000000e-01	3
1.070000e+01	107	1.064322e+03	1.624748e+02	2.682848e+01	9.171522e+00	1.324382e-01	2.547645e-01	2.000000e-01	1
1.080000e+01	108	1.470030e+03	4.661267e+02	2.880000e+01	7.200000e+00	2.407484e-01	2.000000e-01	2.000000e-01	1
1.090000e+01	109	1.184182e+03	4.354884e+02	2.880000e+01	7.200000e+00	2.688747e-01	2.000000e-01	2.000000e-01	1
11	110	1.902212e+03	1.553467e+02	2.880000e+01	7.200000e+00	7.550050e-02	2.000000e-01	2.000000e-01	1
1.110000e+01	111	1.670677e+03	5.530261e+02	2.880000e+01	7.200000e+00	2.486960e-01	2.000000e-01	2.000000e-01	1
1.120000e+01	112	1.332388e+03	6.814207e+02	2.880000e+01	7.200000e+00	3.383741e-01	2.000000e-01	2.000000e-01	1
1.130000e+01	113	1.987856e+03	2.495492e+02	2.880000e+01	7.200000e+00	1.115351e-01	2.000000e-01	2.000000e-01	1
1.140000e+01	114	1.443655e+03	7.151738e+02	2.880000e+01	7.200000e+00	3.312786e-01	2.000000e-01	2.000000e-01	1
1.150000e+01	115	2.239566e+03	5.133918e+02	2.880000e+01	7.200000e+00	1.864874e-01	2.000000e-01	2.000000e-01	1
1.160000e+01	116	1.568106e+03	2.728141e+02	2.880000e+01	7.200000e+00	1.481944e-01	2.000000e-01	2.000000e-01	1
1.170000e+01	117	2.251906e+03	5.538733e+02	2.880000e+01	7.200000e+00	1.974044e-01	2.000000e-01	2.000000e-01	1
1.180000e+01	118	1.197378e+03	3.419011e+02	2.880000e+01	7.200000e+00	2.221177e-01	2.000000e-01	2.000000e-01	1
1.190000e+01	119	1.860036e+03	3.846749e+02	2.880000e+01	7.200000e+00	1.713695e-01	2.000000e-01	2.000000e-01	1
12	120	1.310194e+03	2.130672e+02	2.880000e+01	7.200000e+00	1.398757e-01	2.000000e-01	2.000000e-01	1
1.210000e+01	121	1.370285e+03	4.873609e+02	2.880000e+01	7.200000e+00	2.623541e-01	2.000000e-01	2.000000e-01	1
1.220000e+01	122	1.958747e+03	3.052263e+02	2.880000e+01	7.200000e+00	1.348189e-01	2.000000e-01	2.000000e-01	1
1.230000e+01	123	1.724688e+03	4.684221e+02	2.880000e+01	7.200000e+00	2.135881e-01	2.000000e-01	2.000000e-01	1
1.240000e+01	124	1.607771e+03	4.280222e+02	2.880000e+01	7.200000e+00	2.102484e-01	2.000000e-01	2.000000e-01	1
1.250000e+01	125	1.938375e+03	8.649180e+01	2.880000e+01	7.200000e+00	4.271481e-02	2.000000e-01	2.000000e-01	1
1.260000e+01	126	1.164805e+03	4.470655e+02	2.880000e+01	7.200000e+00	2.773581e-01	2.000000e-01	2.000000e-01	1
1.270000e+01	127	1.530217e+03	3.185383e+02	2.880000e+01	7.200000e+00	1.722988e-01	2.000000e-01	2.000000e-01	1
1.280000e+01	128	1.569647e+03	4.758919e+02	2.880000e+01	7.200000e+00	2.326487e-01	2.000000e-01	2.000000e-01	1
1.290000e+01	129	1.633104e+03	3.256789e+02	2.880000e+01	7.200000e+00	1.662659e-01	2.000000e-01	2.000000e-01	1
13	130	1.779564e+03	6.386466e+02	2.880000e+01	7.200000e+00	2.640988e-01	2.000000e-01	2.000000e-01	1
1.310000e+01	131	1.887733e+03	5.868206e+02	2.880000e+01	7.200000e+00	2.371420e-01	2.000000e-01	2.000000e-01	1
1.320000e+01	132	1.467160e+03	3.312421e+02	2.880000e+01	7.200000e+00	1.841869e-01	2.000000e-01	2.000000e-01	1
1.330000e+01	133	1.298778e+03	3.345531e+02	2.880000e+01	7.200000e+00	2.048287e-01	2.000000e-01	2.000000e-01	1
1.340000e+01	134	1.819271e+03	4.178746e+02	2.880000e+01	7.200000e+00	1.867892e-01	2.000000e-01	2.000000e-01	1
1.350000e+01	135	2.143055e+03	3.498809e+02	2.880000e+01	7.200000e+00	1.403489e-01	2.000000e-01	2.000000e-01	1
1.360000e+01	136	1.621583e+03	3.725091e+02	2.880000e+01	7.200000e+00	1.868064e-01	2.000000e-01	2.000000e-01	1
1.370000e+01	137	1.632459e+03	5.639366e+02	2.880000e+01	7.200000e+00	2.567555e-01	2.000000e-01	2.000000e-01	1
1.380000e+01	138	1.597101e+03	3.590425e+02	2.880000e+01	7.200000e+00	1.835461e-01	2.000000e-01	2.000000e-01	1
1.390000e+01	139	9.751631e+02	2.593301e+02	2.880000e+01	7.200000e+00	2.100701e-01	2.000000e-01	2.000000e-01	1
14	140	1.387167e+03	6.468953e+02	2.880000e+01	7.200000e+00	3.180313e-01	2.000000e-01	2.000000e-01	1
1.410000e+01	141	1.692059e+03	4.783107e+02	2.880000e+01	7.200000e+00	2.203822e-01	2.000000e-01	2.000000e-01	1
1.420000e+01	142	1.657433e+03	3.707581e+02	2.880000e+01	7.200000e+00	1.828024e-01	2.000000e-01	2.000000e-01	1
1.430000e+01	143	1.590662e+03	2.574057e+02	2.880000e+01	7.200000e+00	1.392837e-01	2.000000e-01	2.000000e-01	1
1.440000e+01	144	2.151176e+03	4.400124e+02	2.880000e+01	7.200000e+00	1.698111e-01	2.000000e-01	2.000000e-01	1
1.450000e+01	145	2.296706e+03	4.207622e+02	2.880000e+01	7.200000e+00	1.548361e-01	2.000000e-01	2.000000e-01	1
1.460000e+01	146	8.780869e+02	9.952769e+02	1.624117e+01	1.975883e+01	5.312780e-01	5.488564e-01	7.000000e-01	3
1.470000e+01	147	6.317069e+02	1.503833e+03	1.080000e+01	2.520000e+01	7.041934e-01	7.000000e-01	7.000000e-01	3
1.480000e+01	148	6.765832e+02	1.155719e+03	1.080000e+01	2.520000e+01	6.307469e-01	7.000000e-01	7.000000e-01	3
1.490000e+01	149	7.249234e+02	1.947794e+03	1.080000e+01	2.520000e+01	7.287692e-01	7.000000e-01	7.000000e-01	3
15	150	6.165270e+02	1.148298e+03	1.080000e+01	2.520000e+01	6.506582e-01	7.000000e-01	7.000000e-01	3
1.510000e+01	151	5.810421e+02	1.749870e+03	1.080000e+01	2.520000e+01	7.507232e-01	7.000000e-01	7.000000e-01	3
1.520000e+01	152	3.541302e+02	1.567596e+03	1.080000e+01	2.520000e+01	8.157229e-01	7.000000e-01	7.000000e-01	3
1.530000e+01	153	5.962877e+02	1.510424e+03	1.080000e+01	2.520000e+01	7.169581e-01	7.000000e-01	7.000000e-01	3
1.540000e+01	154	8.403614e+02	1.528042e+03	1.080000e+01	2.520000e+01	6.451781e-01	7.000000e-01	7.000000e-01	3
1.550000e+01	155	7.835972e+02	1.486709e+03	1.080000e+01	2.520000e+01	6.548495e-01	7.000000e-01	7.000000e-01	3
1.560000e+01	156	6.442717e+02	1.210669e+03	1.080000e+01	2.520000e+01	6.526725e-01	7.000000e-01	7.000000e-01	3
1.570000e+01	157	4.868542e+02	1.622140e+03	1.080000e+01	2.520000e+01	7.691534e-01	7.000000e-01	7.000000e-01	3
1.580000e+01	158	5.561196e+02	1.680685e+03	1.080000e+01	2.520000e+01	7.513777e-01	7.000000e-01	7.000000e-01	3
1.590000e+01	159	6.746645e+02	1.370682e+03	1.080000e+01	2.520000e+01	6.701466e-01	7.000000e-01	7.000000e-01	3
16	160	2.942315e+02	1.551990e+03	1.080000e+01	2.520000e+01	8.406304e-01	7.000000e-01	7.000000e-01	3
1.610000e+01	161	4.959810e+02	1.050385e+03	1.080000e+01	2.520000e+01	6.792602e-01	7.000000e-01	7.000000e-01	3
1.620000e+01	162	6.559393e+02	1.397312e+03	1.080000e+01	2.520000e+01	6.805363e-01	7.000000e-01	7.000000e-01	3
1.630000e+01	163	5.629647e+02	1.630293e+03	1.080000e+01	2.520000e+01	7.433203e-01	7.000000e-01	7.000000e-01	3
1.640000e+01	164	3.069931e+02	1.468806e+03	1.080000e+01	2.520000e+01	8.271240e-01	7.000000e-01	7.000000e-01	3
1.650000e+01	165	6.383536e+02	1.253416e+03	1.080000e+01	2.520000e+01	6.625627e-01	7.000000e-01	7.000000e-01	3
1.660000e+01	166	5.829238e+02	1.206036e+03	1.080000e+01	2.520000e+01	6.741550e-01	7.000000e-01	7.000000e-01	3
1.670000e+01	167	6.520106e+02	1.109602e+03	1.080000e+01	2.520000e+01	6.298786e-01	7.000000e-01	7.000000e-01	3
1.680000e+01	168	7.099405e+02	9.814248e+02	1.080000e+01	2.520000e+01	5.802560e-01	7.000000e-01	7.000000e-01	3
1.690000e+01	169	4.775990e+02	2.023036e+03	1.080000e+01	2.520000e+01	8.090089e-01	7.000000e-01	7.000000e-01	3
17	170	5.907402e+02	1.667902e+03	1.080000e+01	2.520000e+01	7.384534e-01	7.000000e-01	7.000000e-01	3
1.710000e+01	171	6.340004e+02	1.736007e+03	1.080000e+01	2.520000e+01	7.324901e-01	7.000000e-01	7.000000e-01	3
1.720000e+01	172	4.730269e+02	1.631415e+03	1.080000e+01	2.520000e+01	7.752245e-01	7.000000e-01	7.000000e-01	3
1.730000e+01	173	4.054712e+02	1.373840e+03	1.080000e+01	2.520000e+01	7.721189e-01	7.000000e-01	7.000000e-01	3
1.740000e+01	174	4.828741e+02	1.327177e+03	1.080000e+01	2.520000e+01	7.332262e-01	7.000000e-01	7.000000e-01	3
1.750000e+01	175	5.138465e+02	1.312907e+03	1.080000e+01	2.520000e+01	7.187106e-01	7.000000e-01	7.000000e-01	3
1.760000e+01	176	3.880570e+02	1.925533e+03	1.080000e+01	2.520000e+01	8.322707e-01	7.000000e-01	7.000000e-01	3
1.770000e+01	177	6.580308e+02	1.543728e+03	1.080000e+01	2.520000e+01	7.011341e-01	7.000000e-01	7.000000e-01	3
1.780000e+01	178	6.441565e+02	1.691686e+03	1.080000e+01	2.520000e+01	7.242295e-01	7.000000e-01	7.000000e-01	3
1.790000e+01	179	5.721761e+02	1.547018e+03	1.080000e+01	2.520000e+01	7.300029e-01	7.000000e-01	7.000000e-01	3
18	180	6.156133e+02	1.116602e+03	1.080000e+01	2.520000e+01	6.446092e-01	7.000000e-01	7.000000e-01	3
1.810000e+01	181	5.399105e+02	1.498367e+03	1.080000e+01	2.520000e+01	7.351144e-01	7.000000e-01	7.000000e-01	3
1.820000e+01	182	7.204590e+02	1.468360e+03	1.080000e+01	2.520000e+01	6.708458e-01	7.000000e-01	7.000000e-01	3
1.830000e+01	183	3.085863e+02	1.629525e+03	1.080000e+01	2.520000e+01	8.407799e-01	7.000000e-01	7.000000e-01	3
1.840000e+01	184	5.604195e+02	1.418730e+03	1.080000e+01	2.520000e+01	7.168383e-01	7.000000e-01	7.000000e-01	3
1.850000e+01	185	5.215732e+02	1.125925e+03	1.080000e+01	2.520000e+01	6.834151e-01	7.000000e-01	7.000000e-01	3
1.860000e+01	186	2.309174e+02	1.271894e+03	1.080000e+01	2.520000e+01	8.463430e-01	7.000000e-01	7.000000e-01	3
1.870000e+01	187	7.466366e+02	1.630181e+03	1.080000e+01	2.520000e+01	6.858671e-01	7.000000e-01	7.000000e-01	3
1.880000e+01	188	6.554501e+02	1.463807e+03	1.080000e+01	2.520000e+01	6.907171e-01	7.000000e-01	7.000000e-01	3
1.890000e+01	189	8.096706e+02	1.439358e+03	1.080000e+01	2.520000e+01	6.399910e-01	7.000000e-01	7.000000e-01	3
19	190	8.493548e+02	1.294001e+03	1.080000e+01	2.520000e+01	6.037267e-01	7.000000e-01	7.000000e-01	3
1.910000e+01	191	7.407366e+02	1.112212e+03	1.080000e+01	2.520000e+01	6.002389e-01	7.000000e-01	7.000000e-01	3
1.920000e+01	192	1.219512e+03	1.599207e+03	1.080000e+01	2.520000e+01	5.673524e-01	7.000000e-01	7.000000e-01	3
1.930000e+01	193	4.310780e+02	1.555878e+03	1.080000e+01	2.520000e+01	7.830461e-01	7.000000e-01	7.000000e-01	3
1.940000e+01	194	5.072889e+02	1.434803e+03	1.080000e+01	2.520000e+01	7.387926e-01	7.000000e-01	7.000000e-01	3
1.950000e+01	195	5.552744e+02	1.664347e+03	1.080000e+01	2.520000e+01	7.498338e-01	7.000000e-01	7.000000e-01	3
1.960000e+01	196	6.626412e+02	1.049671e+03	1.080000e+01	2.520000e+01	6.130137e-01	7.000000e-01	7.000000e-01	3
1.970000e+01	197	6.070444e+02	1.812700e+03	1.080000e+01	2.520000e+01	7.491287e-01	7.000000e-01	7.000000e-01	3
1.980000e+01	198	4.267814e+02	1.359303e+03	1.080000e+01	2.520000e+01	7.610519e-01	7.000000e-01	7.000000e-01	3
1.990000e+01	199	5.000253e+02	1.575806e+03	1.080000e+01	2.520000e+01	7.591204e-01	7.000000e-01	7.000000e-01	3
20	200	8.331256e+02	1.502441e+03	1.080000e+01	2.520000e+01	6.432876e-01	7.000000e-01	7.000000e-01	3
2.010000e+01	201	4.388125e+02	1.600458e+03	1.080000e+01	2.520000e+01	7.848189e-01	7.000000e-01	7.000000e-01	3
2.020000e+01	202	3.573738e+02	1.588191e+03	1.080000e+01	2.520000e+01	8.163136e-01	7.000000e-01	7.000000e-01	3
2.030000e+01	203	8.233430e+02	1.507740e+03	1.080000e+01	2.520000e+01	6.467981e-01	7.000000e-01	7.000000e-01	3
2.040000e+01	204	4.977696e+02	1.395707e+03	1.080000e+01	2.520000e+01	7.371134e-01	7.000000e-01	7.000000e-01	3
2.050000e+01	205	7.569945e+02	1.478126e+03	1.080000e+01	2.520000e+01	6.613183e-01	7.000000e-01	7.000000e-01	3
2.060000e+01	206	5.668338e+02	1.197049e+03	1.080000e+01	2.520000e+01	6.786443e-01	7.000000e-01	7.000000e-01	3
2.070000e+01	207	7.110553e+02	8.691004e+02	1.080000e+01	2.520000e+01	5.500093e-01	7.000000e-01	7.000000e-01	3
2.080000e+01	208	8.733560e+02	1.660383e+03	1.080000e+01	2.520000e+01	6.553094e-01	7.000000e-01	7.000000e-01	3
2.090000e+01	209	9.969200e+02	1.648709e+03	1.080000e+01	2.520000e+01	6.231822e-01	7.000000e-01	7.000000e-01	3
21	210	5.944279e+02	1.365064e+03	1.080000e+01	2.520000e+01	6.966418e-01	7.000000e-01	7.000000e-01	3
2.110000e+01	211	6.472333e+02	1.687946e+03	1.080000e+01	2.520000e+01	7.228335e-01	7.000000e-01	7.000000e-01	3
2.120000e+01	212	5.901301e+02	1.611559e+03	1.080000e+01	2.520000e+01	7.319649e-01	7.000000e-01	7.000000e-01	3
2.130000e+01	213	6.423946e+02	1.501022e+03	1.080000e+01	2.520000e+01	7.002941e-01	7.000000e-01	7.000000e-01	3
2.140000e+01	214	4.757890e+02	1.350265e+03	1.080000e+01	2.520000e+01	7.394441e-01	7.000000e-01	7.000000e-01	3
2.150000e+01	215	6.746416e+02	1.426650e+03	1.080000e+01	2.520000e+01	6.789395e-01	7.000000e-01	7.000000e-01	3
2.160000e+01	216	3.879751e+02	1.158097e+03	1.080000e+01	2.520000e+01	7.490576e-01	7.000000e-01	7.000000e-01	3
2.170000e+01	217	7.906235e+02	1.660383e+03	1.080000e+01	2.520000e+01	6.774291e-01	7.000000e-01	7.000000e-01	3
2.180000e+01	218	3.805269e+02	1.823639e+03	1.080000e+01	2.520000e+01	8.273601e-01	7.000000e-01	7.000000e-01	3
2.190000e+01	219	2.474797e+02	1.592627e+03	1.080000e+01	2.520000e+01	8.655080e-01	7.000000e-01	7.000000e-01	3
22	220	6.652785e+02	1.319210e+03	1.080000e+01	2.520000e+01	6.647608e-01	7.000000e-01	7.000000e-01	3
2.210000e+01	221	5.383179e+02	1.018534e+03	1.080000e+01	2.520000e+01	6.542267e-01	7.000000e-01	7.000000e-01	3
2.220000e+01	222	3.129324e+02	1.505865e+03	1.080000e+01	2.520000e+01	8.279454e-01	7.000000e-01	7.000000e-01	3
2.230000e+01	223	6.468242e+02	1.447212e+03	1.080000e+01	2.520000e+01	6.911112e-01	7.000000e-01	7.000000e-01	3
2.240000e+01	224	6.476538e+02	1.524287e+03	1.080000e+01	2.520000e+01	7.018087e-01	7.000000e-01	7.000000e-01	3
2.250000e+01	225	7.212411e+02	1.497774e+03	1.080000e+01	2.520000e+01	6.749725e-01	7.000000e-01	7.000000e-01	3
2.260000e+01	226	3.933969e+02	1.345242e+03	1.080000e+01	2.520000e+01	7.737329e-01	7.000000e-01	7.000000e-01	3
2.270000e+01	227	5.700094e+02	1.073956e+03	1.080000e+01	2.520000e+01	6.532716e-01	7.000000e-01	7.000000e-01	3
2.280000e+01	228	6.201373e+02	1.761008e+03	1.080000e+01	2.520000e+01	7.395634e-01	7.000000e-01	7.000000e-01	3
2.290000e+01	229	7.951677e+02	1.235182e+03	1.080000e+01	2.520000e+01	6.083592e-01	7.000000e-01	7.000000e-01	3
23	230	3.033493e+02	1.047742e+03	1.080000e+01	2.520000e+01	7.754784e-01	7.000000e-01	7.000000e-01	3
2.310000e+01	231	4.176138e+02	1.176868e+03	1.080000e+01	2.520000e+01	7.380880e-01	7.000000e-01	7.000000e-01	3
2.320000e+01	232	4.608637e+02	1.835401e+03	1.080000e+01	2.520000e+01	7.992985e-01	7.000000e-01	7.000000e-01	3
2.330000e+01	233	7.211818e+02	1.610396e+03	1.080000e+01	2.520000e+01	6.906894e-01	7.000000e-01	7.000000e-01	3
2.340000e+01	234	5.087698e+02	1.549771e+03	1.080000e+01	2.520000e+01	7.528493e-01	7.000000e-01	7.000000e-01	3
2.350000e+01	235	1.239016e+03	1.425441e+03	1.080000e+01	2.520000e+01	5.349836e-01	7.000000e-01	7.000000e-01	3
2.360000e+01	236	4.432608e+02	1.352277e+03	1.080000e+01	2.520000e+01	7.531321e-01	7.000000e-01	7.000000e-01	3
2.370000e+01	237	6.689065e+02	1.659474e+03	1.080000e+01	2.520000e+01	7.127160e-01	7.000000e-01	7.000000e-01	3
2.380000e+01	238	2.974716e+02	1.039011e+03	1.080000e+01	2.520000e+01	7.774221e-01	7.000000e-01	7.000000e-01	3
2.390000e+01	239	7.292626e+02	1.767628e+03	1.080000e+01	2.520000e+01	7.079317e-01	7.000000e-01	7.000000e-01	3
24	240	4.620267e+02	1.274753e+03	1.080000e+01	2.520000e+01	7.339751e-01	7.000000e-01	7.000000e-01	3
2.410000e+01	241	1.068651e+03	9.356511e+02	2.087487e+01	1.512513e+01	4.668214e-01	4.201426e-01	2.000000e-01	1
2.420000e+01	242	1.404766e+03	5.325021e+02	2.880000e+01	7.200000e+00	2.748727e-01	2.000000e-01	2.000000e-01	1
2.430000e+01	243	1.344952e+03	1.700175e+02	2.880000e+01	7.200000e+00	1.122250e-01	2.000000e-01	2.000000e-01	1
2.440000e+01	244	1.971261e+03	3.778472e+02	2.880000e+01	7.200000e+00	1.608471e-01	2.000000e-01	2.000000e-01	1
2.450000e+01	245	1.623263e+03	4.605145e+02	2.880000e+01	7.200000e+00	2.209998e-01	2.000000e-01	2.000000e-01	1
2.460000e+01	246	1.149552e+03	2.549571e+02	2.880000e+01	7.200000e+00	1.815275e-01	2.000000e-01	2.000000e-01	1
2.470000e+01	247	2.056088e+03	4.461697e+02	2.880000e+01	7.200000e+00	1.783069e-01	2.000000e-01	2.000000e-01	1
2.480000e+01	248	1.727513e+03	4.654393e+02	2.880000e+01	7.200000e+00	2.122433e-01	2.000000e-01	2.000000e-01	1
2.490000e+01	249	1.666591e+03	5.201165e+02	2.880000e+01	7.200000e+00	2.378537e-01	2.000000e-01	2.000000e-01	1
25	250	1.769839e+03	2.253193e+02	2.880000e+01	7.200000e+00	1.129330e-01	2.000000e-01	2.000000e-01	1
2.510000e+01	251	2.028781e+03	2.745212e+02	2.880000e+01	7.200000e+00	1.191859e-01	2.000000e-01	2.000000e-01	1
2.520000e+01	252	1.566699e+03	5.228079e+02	2.880000e+01	7.200000e+00	2.502064e-01	2.000000e-01	2.000000e-01	1
2.530000e+01	253	1.583530e+03	5.701991e+02	2.880000e+01	7.200000e+00	2.647497e-01	2.000000e-01	2.000000e-01	1
2.540000e+01	254	1.676160e+03	3.592132e+02	2.880000e+01	7.200000e+00	1.764852e-01	2.000000e-01	2.000000e-01	1
2.550000e+01	255	1.570731e+03	3.243391e+02	2.880000e+01	7.200000e+00	1.711489e-01	2.000000e-01	2.000000e-01	1
2.560000e+01	256	1.535660e+03	5.660813e+02	2.880000e+01	7.200000e+00	2.693392e-01	2.000000e-01	2.000000e-01	1
2.570000e+01	257	1.480688e+03	4.348762e+02	2.880000e+01	7.200000e+00	2.270225e-01	2.000000e-01	2.000000e-01	1
2.580000e+01	258	1.331613e+03	2.426015e+02	2.880000e+01	7.200000e+00	1.541096e-01	2.000000e-01	2.000000e-01	1
2.590000e+01	259	1.900695e+03	6.122499e+02	2.880000e+01	7.200000e+00	2.436384e-01	2.000000e-01	2.000000e-01	1
26	260	1.572435e+03	2.904255e+02	2.880000e+01	7.200000e+00	1.559030e-01	2.000000e-01	2.000000e-01	1
2.610000e+01	261	1.019791e+03	1.741393e+02	2.880000e+01	7.200000e+00	1.458538e-01	2.000000e-01	2.000000e-01	1
2.620000e+01	262	1.562560e+03	2.943425e+02	2.880000e+01	7.200000e+00	1.585127e-01	2.000000e-01	2.000000e-01	1
2.630000e+01	263	1.832765e+03	2.428376e+02	2.880000e+01	7.200000e+00	1.169962e-01	2.000000e-01	2.000000e-01	1
2.640000e+01	264	1.202204e+03	5.189210e+02	2.880000e+01	7.200000e+00	3.015010e-01	2.000000e-01	2.000000e-01	1
2.650000e+01	265	1.340357e+03	2.206726e+02	2.880000e+01	7.200000e+00	1.413635e-01	2.000000e-01	2.000000e-01	1
2.660000e+01	266	1.680511e+03	3.193208e+02	2.880000e+01	7.200000e+00	1.596738e-01	2.000000e-01	2.000000e-01	1
2.670000e+01	267	1.369942e+03	5.489686e+02	2.880000e+01	7.200000e+00	2.860834e-01	2.000000e-01	2.000000e-01	1
2.680000e+01	268	2.119230e+03	9.020586e+01	2.880000e+01	7.200000e+00	4.082756e-02	2.000000e-01	2.000000e-01	1
2.690000e+01	269	1.611849e+03	1.014568e+02	2.880000e+01	7.200000e+00	5.921695e-02	2.000000e-01	2.000000e-01	1
27	270	1.739146e+03	2.421656e+02	2.880000e+01	7.200000e+00	1.222249e-01	2.000000e-01	2.000000e-01	1
2.710000e+01	271	1.695714e+03	2.329669e+02	2.880000e+01	7.200000e+00	1.207908e-01	2.000000e-01	2.000000e-01	1
2.720000e+01	272	1.435340e+03	3.424256e+02	2.880000e+01	7.200000e+00	1.926158e-01	2.000000e-01	2.000000e-01	1
2.730000e+01	273	1.754307e+03	4.634519e+02	2.880000e+01	7.200000e+00	2.089731e-01	2.000000e-01	2.000000e-01	1
2.740000e+01	274	1.767494e+03	3.968793e+02	2.880000e+01	7.200000e+00	1.833692e-01	2.000000e-01	2.000000e-01	1
2.750000e+01	275	1.658008e+03	3.696262e+02	2.880000e+01	7.200000e+00	1.822943e-01	2.000000e-01	2.000000e-01	1
2.760000e+01	276	1.130916e+03	0	2.880000e+01	7.200000e+00	0	2.000000e-01	2.000000e-01	1
2.770000e+01	277	1.194284e+03	5.890083e+02	2.880000e+01	7.200000e+00	3.302927e-01	2.000000e-01	2.000000e-01	1
2.780000e+01	278	1.720028e+03	3.448375e+02	2.880000e+01	7.200000e+00	1.670024e-01	2.000000e-01	2.000000e-01	1
2.790000e+01	279	2.182006e+03	3.542476e+02	2.880000e+01	7.200000e+00	1.396736e-01	2.000000e-01	2.000000e-01	1
28	280	1.467057e+03	5.412911e+02	2.880000e+01	7.200000e+00	2.695205e-01	2.000000e-01	2.000000e-01	1
2.810000e+01	281	1.465563e+03	2.742012e+02	2.880000e+01	7.200000e+00	1.576083e-01	2.000000e-01	2.000000e-01	1
2.820000e+01	282	5.878612e+02	5.399899e+02	2.880000e+01	7.200000e+00	4.787777e-01	2.000000e-01	2.000000e-01	1
2.830000e+01	283	1.548159e+03	4.605661e+02	2.880000e+01	7.200000e+00	2.292828e-01	2.000000e-01	2.000000e-01	1
2.840000e+01	284	1.542792e+03	4.825037e+02	2.880000e+01	7.200000e+00	2.382386e-01	2.000000e-01	2.000000e-01	1
2.850000e+01	285	2.107949e+03	1.275504e+02	2.880000e+01	7.200000e+00	5.705679e-02	2.000000e-01	2.000000e-01	1
2.860000e+01	286	1.707466e+03	3.245669e+02	2.880000e+01	7.200000e+00	1.597252e-01	2.000000e-01	2.000000e-01	1
2.870000e+01	287	1.493189e+03	1.587843e+02	2.880000e+01	7.200000e+00	9.611799e-02	2.000000e-01	2.000000e-01	1
2.880000e+01	288	1.366735e+03	1.658483e+02	2.880000e+01	7.200000e+00	1.082149e-01	2.000000e-01	2.000000e-01	1
2.890000e+01	289	1.902229e+03	3.419977e+02	2.880000e+01	7.200000e+00	1.523900e-01	2.000000e-01	2.000000e-01	1
29	290	1.605767e+03	4.076393e+02	2.880000e+01	7.200000e+00	2.024625e-01	2.000000e-01	2.000000e-01	1
2.910000e+01	291	1.535337e+03	3.037714e+02	2.880000e+01	7.200000e+00	1.651732e-01	2.000000e-01	2.000000e-01	1
2.920000e+01	292	1.718055e+03	2.384142e+02	2.880000e+01	7.200000e+00	1.218595e-01	2.000000e-01	2.000000e-01	1
2.930000e+01	293	1.382957e+03	4.206538e+02	2.880000e+01	7.200000e+00	2.332287e-01	2.000000e-01	2.000000e-01	1
2.940000e+01	294	1.454541e+03	3.272868e+02	2.880000e+01	7.200000e+00	1.836803e-01	2.000000e-01	2.000000e-01	1
2.950000e+01	295	1.488422e+03	5.677026e+02	2.880000e+01	7.200000e+00	2.761032e-01	2.000000e-01	2.000000e-01	1
2.960000e+01	296	1.938374e+03	5.473810e+02	2.880000e+01	7.200000e+00	2.202071e-01	2.000000e-01	2.000000e-01	1
2.970000e+01	297	1.511840e+03	3.910157e+02	2.880000e+01	7.200000e+00	2.054889e-01	2.000000e-01	2.000000e-01	1
2.980000e+01	298	2.042480e+03	6.346074e+02	2.880000e+01	7.200000e+00	2.370515e-01	2.000000e-01	2.000000e-01	1
2.990000e+01	299	1.866974e+03	5.484803e+02	2.880000e+01	7.200000e+00	2.270713e-01	2.000000e-01	2.000000e-01	1
30	300	2.169632e+03	6.197656e+02	2.880000e+01	7.200000e+00	2.221862e-01	2.000000e-01	2.000000e-01	1
3.010000e+01	301	1.624872e+03	5.263891e+02	2.880000e+01	7.200000e+00	2.446886e-01	2.000000e-01	2.000000e-01	1
3.020000e+01	302	1.805802e+03	5.644828e+02	2.880000e+01	7.200000e+00	2.381498e-01	2.000000e-01	2.000000e-01	1
3.030000e+01	303	1.370955e+03	4.623514e+02	2.880000e+01	7.200000e+00	2.521954e-01	2.000000e-01	2.000000e-01	1
3.040000e+01	304	1.985317e+03	4.520570e+02	2.880000e+01	7.200000e+00	1.854689e-01	2.000000e-01	2.000000e-01	1
3.050000e+01	305	1.562075e+03	3.864449e+02	2.880000e+01	7.200000e+00	1.983274e-01	2.000000e-01	2.000000e-01	1
3.060000e+01	306	2.114065e+03	4.304894e+02	2.880000e+01	7.200000e+00	1.691807e-01	2.000000e-01	2.000000e-01	1
3.070000e+01	307	1.515260e+03	2.388808e+02	2.880000e+01	7.200000e+00	1.361811e-01	2.000000e-01	2.000000e-01	1
3.080000e+01	308	1.386870e+03	4.741614e+02	2.880000e+01	7.200000e+00	2.547842e-01	2.000000e-01	2.000000e-01	1
3.090000e+01	309	1.402139e+03	3.045633e+02	2.880000e+01	7.200000e+00	1.784513e-01	2.000000e-01	2.000000e-01	1
31	310	1.373640e+03	4.143397e+02	2.880000e+01	7.200000e+00	2.317363e-01	2.000000e-01	2.000000e-01	1
3.110000e+01	311	1.395186e+03	5.599934e+02	2.880000e+01	7.200000e+00	2.864154e-01	2.000000e-01	2.000000e-01	1
3.120000e+01	312	1.705600e+03	5.756932e+02	2.880000e+01	7.200000e+00	2.523539e-01	2.000000e-01	2.000000e-01	1
3.130000e+01	313	1.381139e+03	1.523210e+02	2.880000e+01	7.200000e+00	9.933161e-02	2.000000e-01	2.000000e-01	1
3.140000e+01	314	1.343176e+03	4.297158e+02	2.880000e+01	7.200000e+00	2.423813e-01	2.000000e-01	2.000000e-01	1
3.150000e+01	315	1.357174e+03	3.468940e+02	2.880000e+01	7.200000e+00	2.035681e-01	2.000000e-01	2.000000e-01	1
3.160000e+01	316	1.727659e+03	4.936272e+02	2.880000e+01	7.200000e+00	2.222259e-01	2.000000e-01	2.000000e-01	1
3.170000e+01	317	1.354957e+03	3.244287e+02	2.880000e+01	7.200000e+00	1.931829e-01	2.000000e-01	2.000000e-01	1
3.180000e+01	318	2.143106e+03	3.316491e+02	2.880000e+01	7.200000e+00	1.340129e-01	2.000000e-01	2.000000e-01	1
3.190000e+01	319	1.644639e+03	2.726433e+02	2.880000e+01	7.200000e+00	1.422030e-01	2.000000e-01	2.000000e-01	1
32	320	1.623983e+03	4.823002e+02	2.880000e+01	7.200000e+00	2.289817e-01	2.000000e-01	2.000000e-01	1
3.210000e+01	321	2.154836e+03	8.159539e+01	2.880000e+01	7.200000e+00	3.648464e-02	2.000000e-01	2.000000e-01	1
3.220000e+01	322	1.378102e+03	6.160029e+02	2.880000e+01	7.200000e+00	3.089120e-01	2.000000e-01	2.000000e-01	1
3.230000e+01	323	1.495647e+03	1.377442e+02	2.880000e+01	7.200000e+00	8.433017e-02	2.000000e-01	2.000000e-01	1
3.240000e+01	324	1.818597e+03	2.082196e+02	2.880000e+01	7.200000e+00	1.027323e-01	2.000000e-01	2.000000e-01	1
3.250000e+01	325	1.728762e+03	2.522409e+02	2.880000e+01	7.200000e+00	1.273299e-01	2.000000e-01	2.000000e-01	1
3.260000e+01	326	1.594161e+03	1.096414e+02	2.880000e+01	7.200000e+00	6.435100e-02	2.000000e-01	2.000000e-01	1
3.270000e+01	327	1.631681e+03	3.028436e+02	2.880000e+01	7.200000e+00	1.565468e-01	2.000000e-01	2.000000e-01	1
3.280000e+01	328	1.634344e+03	2.799013e+02	2.880000e+01	7.200000e+00	1.462202e-01	2.000000e-01	2.000000e-01	1
3.290000e+01	329	1.605889e+03	0	2.880000e+01	7.200000e+00	0	2.000000e-01	2.000000e-01	1
33	330	1.536377e+03	1.626703e+02	2.880000e+01	7.200000e+00	9.574208e-02	2.000000e-01	2.000000e-01	1
3.310000e+01	331	1.078461e+03	3.808537e+02	2.880000e+01	7.200000e+00	2.609811e-01	2.000000e-01	2.000000e-01	1
3.320000e+01	332	1.170196e+03	4.911308e+02	2.880000e+01	7.200000e+00	2.956256e-01	2.000000e-01	2.000000e-01	1
3.330000e+01	333	3.943874e+02	8.479956e+02	1.543624e+01	2.056376e+01	6.825557e-01	5.712154e-01	7.000000e-01	2
3.340000e+01	334	7.336504e+02	1.794733e+03	1.080000e+01	2.520000e+01	7.098342e-01	7.000000e-01	7.000000e-01	2
3.350000e+01	335	1.161085e+03	1.673680e+03	1.080000e+01	2.520000e+01	5.904123e-01	7.000000e-01	7.000000e-01	2
3.360000e+01	336	8.517054e+02	1.280581e+03	1.080000e+01	2.520000e+01	6.005670e-01	7.000000e-01	7.000000e-01	2
3.370000e+01	337	3.946844e+02	1.449039e+03	1.080000e+01	2.520000e+01	7.859308e-01	7.000000e-01	7.000000e-01	2
3.380000e+01	338	7.839684e+02	1.729713e+03	1.080000e+01	2.520000e+01	6.881194e-01	7.000000e-01	7.000000e-01	2
3.390000e+01	339	7.105759e+02	1.467233e+03	1.080000e+01	2.520000e+01	6.737198e-01	7.000000e-01	7.000000e-01	2
34	340	4.451097e+02	1.761191e+03	1.080000e+01	2.520000e+01	7.982552e-01	7.000000e-01	7.000000e-01	2
3.410000e+01	341	3.109957e+02	1.623462e+03	1.080000e+01	2.520000e+01	8.392336e-01	7.000000e-01	7.000000e-01	2
3.420000e+01	342	6.758536e+02	9.550114e+02	1.080000e+01	2.520000e+01	5.855858e-01	7.000000e-01	7.000000e-01	2
3.430000e+01	343	7.321240e+02	1.454185e+03	1.080000e+01	2.520000e+01	6.651324e-01	7.000000e-01	7.000000e-01	2
3.440000e+01	344	6.753748e+02	1.065230e+03	1.080000e+01	2.520000e+01	6.119885e-01	7.000000e-01	7.000000e-01	2
3.450000e+01	345	8.195501e+02	1.066125e+03	1.080000e+01	2.520000e+01	5.653810e-01	7.000000e-01	7.000000e-01	2
3.460000e+01	346	8.532760e+02	1.189144e+03	1.080000e+01	2.520000e+01	5.822231e-01	7.000000e-01	7.000000e-01	2
3.470000e+01	347	5.049049e+02	1.404307e+03	1.080000e+01	2.520000e+01	7.355427e-01	7.000000e-01	7.000000e-01	2
3.480000e+01	348	3.814706e+02	1.630789e+03	1.080000e+01	2.520000e+01	8.104267e-01	7.000000e-01	7.000000e-01	2
3.490000e+01	349	1.019329e+03	1.611888e+03	1.080000e+01	2.520000e+01	6.126016e-01	7.000000e-01	7.000000e-01	2
35	350	7.555668e+02	1.523897e+03	1.080000e+01	2.520000e+01	6.685331e-01	7.000000e-01	7.000000e-01	2
3.510000e+01	351	4.467540e+02	1.528349e+03	1.080000e+01	2.520000e+01	7.738073e-01	7.000000e-01	7.000000e-01	2
3.520000e+01	352	5.838419e+02	1.441704e+03	1.080000e+01	2.520000e+01	7.117607e-01	7.000000e-01	7.000000e-01	2
3.530000e+01	353	6.771930e+02	1.159922e+03	1.080000e+01	2.520000e+01	6.313824e-01	7.000000e-01	7.000000e-01	2
3.540000e+01	354	5.106215e+02	1.422041e+03	1.080000e+01	2.520000e+01	7.357938e-01	7.000000e-01	7.000000e-01	2
3.550000e+01	355	4.157044e+02	1.417801e+03	1.080000e+01	2.520000e+01	7.732734e-01	7.000000e-01	7.000000e-01	2
3.560000e+01	356	6.485890e+02	1.287368e+03	1.080000e+01	2.520000e+01	6.649776e-01	7.000000e-01	7.000000e-01	2
3.570000e+01	357	4.039663e+02	1.319599e+03	1.080000e+01	2.520000e+01	7.656216e-01	7.000000e-01	7.000000e-01	2
3.580000e+01	358	7.949592e+02	9.437717e+02	1.080000e+01	2.520000e+01	5.427934e-01	7.000000e-01	7.000000e-01	2
3.590000e+01	359	1.153943e+03	1.353771e+03	1.080000e+01	2.520000e+01	5.398428e-01	7.000000e-01	7.000000e-01	2
36	360	4.321321e+02	7.794307e+02	1.080000e+01	2.520000e+01	6.433267e-01	7.000000e-01	7.000000e-01	2
3.610000e+01	361	8.468079e+02	1.476269e+03	1.080000e+01	2.520000e+01	6.354801e-01	7.000000e-01	7.000000e-01	2
3.620000e+01	362	6.985621e+02	1.525835e+03	1.080000e+01	2.520000e+01	6.859544e-01	7.000000e-01	7.000000e-01	2
3.630000e+01	363	4.687875e+02	1.511931e+03	1.080000e+01	2.520000e+01	7.633246e-01	7.000000e-01	7.000000e-01	2
3.640000e+01	364	7.256629e+02	1.565269e+03	1.080000e+01	2.520000e+01	6.832455e-01	7.000000e-01	7.000000e-01	2
3.650000e+01	365	7.132040e+02	1.208981e+03	1.080000e+01	2.520000e+01	6.289619e-01	7.000000e-01	7.000000e-01	2
3.660000e+01	366	8.186380e+02	9.282225e+02	1.617341e+01	1.982659e+01	5.313661e-01	5.507387e-01	7.000000e-01	2
3.670000e+01	367	1.482210e+03	4.655408e+02	2.880000e+01	7.200000e+00	2.390145e-01	2.000000e-01	2.000000e-01	1
3.680000e+01	368	1.870543e+03	7.407471e+02	2.880000e+01	7.200000e+00	2.836709e-01	2.000000e-01	2.000000e-01	1
3.690000e+01	369	1.580375e+03	2.640288e+02	2.880000e+01	7.200000e+00	1.431514e-01	2.000000e-01	2.000000e-01	1
37	370	1.892028e+03	3.613617e+02	2.880000e+01	7.200000e+00	1.603636e-01	2.000000e-01	2.000000e-01	1
3.710000e+01	371	1.885318e+03	5.858451e+02	2.880000e+01	7.200000e+00	2.370727e-01	2.000000e-01	2.000000e-01	1
3.720000e+01	372	1.642888e+03	2.825239e+02	2.880000e+01	7.200000e+00	1.467343e-01	2.000000e-01	2.000000e-01	1
3.730000e+01	373	1.236847e+03	1.424703e+02	2.880000e+01	7.200000e+00	1.032904e-01	2.000000e-01	2.000000e-01	1
3.740000e+01	374	2.170708e+03	3.284238e+02	2.880000e+01	7.200000e+00	1.314152e-01	2.000000e-01	2.000000e-01	1
3.750000e+01	375	1.854879e+03	4.372204e+02	2.880000e+01	7.200000e+00	1.907511e-01	2.000000e-01	2.000000e-01	1
3.760000e+01	376	1.229698e+03	6.235398e+02	2.880000e+01	7.200000e+00	3.364597e-01	2.000000e-01	2.000000e-01	1
3.770000e+01	377	1.846498e+03	1.666195e+02	2.880000e+01	7.200000e+00	8.276690e-02	2.000000e-01	2.000000e-01	1
3.780000e+01	378	2.054929e+03	5.390671e+02	2.880000e+01	7.200000e+00	2.078134e-01	2.000000e-01	2.000000e-01	1
3.790000e+01	379	1.825545e+03	7.125550e+02	2.880000e+01	7.200000e+00	2.807435e-01	2.000000e-01	2.000000e-01	1
38	380	1.838433e+03	4.446985e+02	2.880000e+01	7.200000e+00	1.947757e-01	2.000000e-01	2.000000e-01	1
3.810000e+01	381	1.735763e+03	2.184514e+02	2.880000e+01	7.200000e+00	1.117848e-01	2.000000e-01	2.000000e-01	1
3.820000e+01	382	1.161835e+03	6.057801e+02	2.880000e+01	7.200000e+00	3.427103e-01	2.000000e-01	2.000000e-01	1
3.830000e+01	383	1.259189e+03	3.464229e+02	2.880000e+01	7.200000e+00	2.157575e-01	2.000000e-01	2.000000e-01	1
3.840000e+01	384	1.259747e+03	3.550032e+02	2.880000e+01	7.200000e+00	2.198502e-01	2.000000e-01	2.000000e-01	1
3.850000e+01	385	1.539929e+03	4.448455e+02	2.880000e+01	7.200000e+00	2.241290e-01	2.000000e-01	2.000000e-01	1
3.860000e+01	386	8.935960e+02	3.634888e+02	2.880000e+01	7.200000e+00	2.891522e-01	2.000000e-01	2.000000e-01	1
3.870000e+01	387	1.636011e+03	2.957219e+02	2.880000e+01	7.200000e+00	1.530863e-01	2.000000e-01	2.000000e-01	1
3.880000e+01	388	1.373108e+03	5.755036e+02	2.880000e+01	7.200000e+00	2.953403e-01	2.000000e-01	2.000000e-01	1
3.890000e+01	389	1.668628e+03	2.818588e+02	2.880000e+01	7.200000e+00	1.445069e-01	2.000000e-01	2.000000e-01	1
39	390	1.300571e+03	5.335470e+02	2.880000e+01	7.200000e+00	2.909011e-01	2.000000e-01	2.000000e-01	1
3.910000e+01	391	1.719961e+03	3.379529e+02	2.880000e+01	7.200000e+00	1.642211e-01	2.000000e-01	2.000000e-01	1
3.920000e+01	392	1.579831e+03	2.825471e+01	2.880000e+01	7.200000e+00	1.757039e-02	2.000000e-01	2.000000e-01	1
3.930000e+01	393	1.541799e+03	2.945384e+02	2.880000e+01	7.200000e+00	1.603945e-01	2.000000e-01	2.000000e-01	1
3.940000e+01	394	1.383690e+03	2.609812e+02	2.880000e+01	7.200000e+00	1.586829e-01	2.000000e-01	2.000000e-01	1
3.950000e+01	395	1.595746e+03	3.698211e+02	2.880000e+01	7.200000e+00	1.881499e-01	2.000000e-01	2.000000e-01	1
3.960000e+01	396	2.008122e+03	4.181560e+02	2.880000e+01	7.200000e+00	1.723446e-01	2.000000e-01	2.000000e-01	1
3.970000e+01	397	1.320674e+03	3.886283e+02	2.880000e+01	7.200000e+00	2.273608e-01	2.000000e-01	2.000000e-01	1
3.980000e+01	398	1.491482e+03	6.272859e+02	2.880000e+01	7.200000e+00	2.960616e-01	2.000000e-01	2.000000e-01	1
3.990000e+01	399	1.526897e+03	6.001877e+02	2.880000e+01	7.200000e+00	2.821645e-01	2.000000e-01	2.000000e-01	1
40	400	1.434446e+03	3.811416e+02	2.880000e+01	7.200000e+00	2.099274e-01	2.000000e-01	2.000000e-01	1
4.010000e+01	401	1.606798e+03	4.596454e+02	2.880000e+01	7.200000e+00	2.224331e-01	2.000000e-01	2.000000e-01	1
4.020000e+01	402	1.044390e+03	4.385911e+02	2.880000e+01	7.200000e+00	2.957496e-01	2.000000e-01	2.000000e-01	1
4.030000e+01	403	1.241385e+03	1.135452e+02	2.880000e+01	7.200000e+00	8.380148e-02	2.000000e-01	2.000000e-01	1
4.040000e+01	404	1.448552e+03	2.734032e+02	2.880000e+01	7.200000e+00	1.587749e-01	2.000000e-01	2.000000e-01	1
4.050000e+01	405	1.937179e+03	3.535201e+02	2.880000e+01	7.200000e+00	1.543285e-01	2.000000e-01	2.000000e-01	1
4.060000e+01	406	1.299860e+03	3.107943e+02	2.880000e+01	7.200000e+00	1.929615e-01	2.000000e-01	2.000000e-01	1
4.070000e+01	407	1.944527e+03	5.214825e+02	2.880000e+01	7.200000e+00	2.114681e-01	2.000000e-01	2.000000e-01	1
4.080000e+01	408	1.841809e+03	4.334417e+02	2.880000e+01	7.200000e+00	1.905028e-01	2.000000e-01	2.000000e-01	1
4.090000e+01	409	1.247597e+03	6.603181e+02	2.205366e+01	1.394634e+01	3.460941e-01	3.873984e-01	2.000000e-01	1
41	410	5.724457e+02	1.858147e+03	1.080000e+01	2.520000e+01	7.644831e-01	7.000000e-01	7.000000e-01	2
4.110000e+01	411	7.665573e+02	1.759833e+03	1.080000e+01	2.520000e+01	6.965800e-01	7.000000e-01	7.000000e-01	2
4.120000e+01	412	7.385064e+02	1.672586e+03	1.080000e+01	2.520000e+01	6.937046e-01	7.000000e-01	7.000000e-01	2
4.130000e+01	413	4.268418e+02	1.413312e+03	1.080000e+01	2.520000e+01	7.680402e-01	7.000000e-01	7.000000e-01	2
4.140000e+01	414	6.660041e+02	1.125978e+03	1.080000e+01	2.520000e+01	6.283423e-01	7.000000e-01	7.000000e-01	2
4.150000e+01	415	5.438241e+02	1.169949e+03	1.080000e+01	2.520000e+01	6.826744e-01	7.000000e-01	7.000000e-01	2
4.160000e+01	416	8.062456e+02	1.229508e+03	1.080000e+01	2.520000e+01	6.039572e-01	7.000000e-01	7.000000e-01	2
4.170000e+01	417	8.875968e+02	1.036704e+03	1.080000e+01	2.520000e+01	5.387432e-01	7.000000e-01	7.000000e-01	2
4.180000e+01	418	7.131344e+02	1.255487e+03	1.400943e+01	2.199057e+01	6.377494e-01	6.108491e-01	7.000000e-01	2
4.190000e+01	419	1.414775e+03	5.107222e+02	2.880000e+01	7.200000e+00	2.652417e-01	2.000000e-01	2.000000e-01	1
42	420	1.473952e+03	3.626662e+02	2.880000e+01	7.200000e+00	1.974641e-01	2.000000e-01	2.000000e-01	1
4.210000e+01	421	2.154535e+03	1.809230e+02	2.880000e+01	7.200000e+00	7.746787e-02	2.000000e-01	2.000000e-01	1
4.220000e+01	422	1.009609e+03	3.288241e+02	2.880000e+01	7.200000e+00	2.456783e-01	2.000000e-01	2.000000e-01	1
4.230000e+01	423	1.849321e+03	1.524738e+02	2.880000e+01	7.200000e+00	7.616854e-02	2.000000e-01	2.000000e-01	1
4.240000e+01	424	1.694025e+03	3.791955e+02	2.880000e+01	7.200000e+00	1.829017e-01	2.000000e-01	2.000000e-01	1
4.250000e+01	425	1.594883e+03	2.520764e+02	2.880000e+01	7.200000e+00	1.364818e-01	2.000000e-01	2.000000e-01	1
4.260000e+01	426	1.636754e+03	5.567557e+02	2.880000e+01	7.200000e+00	2.538195e-01	2.000000e-01	2.000000e-01	1
4.270000e+01	427	1.705873e+03	5.173713e+02	2.880000e+01	7.200000e+00	2.327100e-01	2.000000e-01	2.000000e-01	1
4.280000e+01	428	1.217457e+03	4.956296e+02	2.880000e+01	7.200000e+00	2.893197e-01	2.000000e-01	2.000000e-01	1
4.290000e+01	429	1.451946e+03	4.249245e+02	2.880000e+01	7.200000e+00	2.264006e-01	2.000000e-01	2.000000e-01	1
43	430	1.997581e+03	3.624257e+02	2.880000e+01	7.200000e+00	1.535698e-01	2.000000e-01	2.000000e-01	1
4.310000e+01	431	1.801007e+03	2.631237e+02	2.880000e+01	7.200000e+00	1.274743e-01	2.000000e-01	2.000000e-01	1
4.320000e+01	432	1.455889e+03	4.643200e+02	2.880000e+01	7.200000e+00	2.418070e-01	2.000000e-01	2.000000e-01	1
4.330000e+01	433	1.191886e+03	9.686537e+01	2.880000e+01	7.200000e+00	7.516220e-02	2.000000e-01	2.000000e-01	1
4.340000e+01	434	1.304416e+03	5.528464e+02	2.880000e+01	7.200000e+00	2.976673e-01	2.000000e-01	2.000000e-01	1
4.350000e+01	435	1.824483e+03	4.674964e+02	2.880000e+01	7.200000e+00	2.039706e-01	2.000000e-01	2.000000e-01	1
4.360000e+01	436	1.681862e+03	3.403490e+02	2.880000e+01	7.200000e+00	1.683054e-01	2.000000e-01	2.000000e-01	1
4.370000e+01	437	1.397972e+03	4.940790e+02	2.880000e+01	7.200000e+00	2.611341e-01	2.000000e-01	2.000000e-01	1
4.380000e+01	438	1.683261e+03	4.295036e+02	2.880000e+01	7.200000e+00	2.032898e-01	2.000000e-01	2.000000e-01	1
4.390000e+01	439	1.819934e+03	4.650374e+02	2.880000e+01	7.200000e+00	2.035200e-01	2.000000e-01	2.000000e-01	1
44	440	1.598337e+03	5.419528e+02	2.880000e+01	7.200000e+00	2.532147e-01	2.000000e-01	2.000000e-01	1
4.410000e+01	441	1.557892e+03	2.404009e+02	2.880000e+01	7.200000e+00	1.336828e-01	2.000000e-01	2.000000e-01	1
4.420000e+01	442	1.662363e+03	4.470051e+02	2.880000e+01	7.200000e+00	2.119143e-01	2.000000e-01	2.000000e-01	1
4.430000e+01	443	1.752652e+03	2.372141e+02	2.880000e+01	7.200000e+00	1.192111e-01	2.000000e-01	2.000000e-01	1
4.440000e+01	444	1.185981e+03	0	2.880000e+01	7.200000e+00	0	2.000000e-01	2.000000e-01	1
4.450000e+01	445	1.418200e+03	5.387495e+02	2.880000e+01	7.200000e+00	2.753007e-01	2.000000e-01	2.000000e-01	1
4.460000e+01	446	1.054783e+03	5.959189e+02	2.063899e+01	1.536101e+01	3.610094e-01	4.266947e-01	2.000000e-01	1
4.470000e+01	447	5.952772e+02	1.606526e+03	1.080000e+01	2.520000e+01	7.296410e-01	7.000000e-01	7.000000e-01	3
4.480000e+01	448	7.686476e+02	1.423336e+03	1.080000e+01	2.520000e+01	6.493369e-01	7.000000e-01	7.000000e-01	3
4.490000e+01	449	5.005641e+02	1.309832e+03	1.080000e+01	2.520000e+01	7.235058e-01	7.000000e-01	7.000000e-01	3
45	450	1.215081e+03	1.437563e+03	1.080000e+01	2.520000e+01	5.419359e-01	7.000000e-01	7.000000e-01	3
4.510000e+01	451	6.700736e+02	1.210481e+03	1.080000e+01	2.520000e+01	6.436830e-01	7.000000e-01	7.000000e-01	3
4.520000e+01	452	3.650316e+02	1.412968e+03	1.080000e+01	2.520000e+01	7.946954e-01	7.000000e-01	7.000000e-01	3
4.530000e+01	453	4.069207e+02	1.508056e+03	1.080000e+01	2.520000e+01	7.875062e-01	7.000000e-01	7.000000e-01	3
4.540000e+01	454	6.443167e+02	1.547830e+03	1.080000e+01	2.520000e+01	7.060795e-01	7.000000e-01	7.000000e-01	3
4.550000e+01	455	4.124881e+02	1.864707e+03	1.080000e+01	2.520000e+01	8.188614e-01	7.000000e-01	7.000000e-01	3
4.560000e+01	456	9.214741e+02	1.154921e+03	1.080000e+01	2.520000e+01	5.562144e-01	7.000000e-01	7.000000e-01	3
4.570000e+01	457	6.439988e+02	1.579638e+03	1.080000e+01	2.520000e+01	7.103849e-01	7.000000e-01	7.000000e-01	3
4.580000e+01	458	3.919351e+02	1.457458e+03	1.080000e+01	2.520000e+01	7.880737e-01	7.000000e-01	7.000000e-01	3
4.590000e+01	459	7.438589e+02	1.024620e+03	1.080000e+01	2.520000e+01	5.793793e-01	7.000000e-01	7.000000e-01	3
46	460	5.758690e+02	1.531536e+03	1.080000e+01	2.520000e+01	7.267403e-01	7.000000e-01	7.000000e-01	3
4.610000e+01	461	4.145605e+02	1.224227e+03	1.080000e+01	2.520000e+01	7.470322e-01	7.000000e-01	7.000000e-01	3
4.620000e+01	462	5.773831e+02	1.504375e+03	1.080000e+01	2.520000e+01	7.226464e-01	7.000000e-01	7.000000e-01	3
4.630000e+01	463	3.759194e+02	1.104230e+03	1.080000e+01	2.520000e+01	7.460261e-01	7.000000e-01	7.000000e-01	3
4.640000e+01	464	5.321166e+02	1.278262e+03	1.080000e+01	2.520000e+01	7.060743e-01	7.000000e-01	7.000000e-01	3
4.650000e+01	465	5.936147e+02	1.177198e+03	1.080000e+01	2.520000e+01	6.647784e-01	7.000000e-01	7.000000e-01	3
4.660000e+01	466	5.674818e+02	1.123837e+03	1.080000e+01	2.520000e+01	6.644737e-01	7.000000e-01	7.000000e-01	3
4.670000e+01	467	6.679798e+02	1.128726e+03	1.080000e+01	2.520000e+01	6.282198e-01	7.000000e-01	7.000000e-01	3
4.680000e+01	468	9.289182e+02	1.985043e+03	1.080000e+01	2.520000e+01	6.812181e-01	7.000000e-01	7.000000e-01	3
4.690000e+01	469	7.248037e+02	1.247670e+03	1.080000e+01	2.520000e+01	6.325407e-01	7.000000e-01	7.000000e-01	3
47	470	4.448407e+02	1.335224e+03	1.080000e+01	2.520000e+01	7.500986e-01	7.000000e-01	7.000000e-01	3
4.710000e+01	471	6.445532e+02	1.156891e+03	1.080000e+01	2.520000e+01	6.422019e-01	7.000000e-01	7.000000e-01	3
4.720000e+01	472	4.981839e+02	1.265214e+03	1.080000e+01	2.520000e+01	7.174863e-01	7.000000e-01	7.000000e-01	3
4.730000e+01	473	8.613744e+02	1.176143e+03	1.080000e+01	2.520000e+01	5.772432e-01	7.000000e-01	7.000000e-01	3
4.740000e+01	474	6.818948e+02	1.543069e+03	1.080000e+01	2.520000e+01	6.935254e-01	7.000000e-01	7.000000e-01	3
4.750000e+01	475	4.273959e+02	1.381112e+03	1.080000e+01	2.520000e+01	7.636748e-01	7.000000e-01	7.000000e-01	3
4.760000e+01	476	4.368047e+02	9.912675e+02	1.080000e+01	2.520000e+01	6.941298e-01	7.000000e-01	7.000000e-01	3
4.770000e+01	477	3.879003e+02	1.626964e+03	1.080000e+01	2.520000e+01	8.074806e-01	7.000000e-01	7.000000e-01	3
4.780000e+01	478	5.081327e+02	1.295135e+03	1.080000e+01	2.520000e+01	7.182156e-01	7.000000e-01	7.000000e-01	3
4.790000e+01	479	5.291821e+02	8.989136e+02	1.080000e+01	2.520000e+01	6.294491e-01	7.000000e-01	7.000000e-01	3
48	480	4.667004e+02	1.311528e+03	1.080000e+01	2.520000e+01	7.375476e-01	7.000000e-01	7.000000e-01	3
4.810000e+01	481	6.291208e+02	1.659087e+03	1.080000e+01	2.520000e+01	7.250595e-01	7.000000e-01	7.000000e-01	3
4.820000e+01	482	4.950375e+02	1.557319e+03	1.080000e+01	2.520000e+01	7.587955e-01	7.000000e-01	7.000000e-01	3
4.830000e+01	483	7.299042e+02	1.164355e+03	1.080000e+01	2.520000e+01	6.146756e-01	7.000000e-01	7.000000e-01	3
4.840000e+01	484	5.587268e+02	1.340196e+03	1.080000e+01	2.520000e+01	7.057664e-01	7.000000e-01	7.000000e-01	3
4.850000e+01	485	6.996288e+02	1.037562e+03	1.080000e+01	2.520000e+01	5.972642e-01	7.000000e-01	7.000000e-01	3
4.860000e+01	486	6.684754e+02	1.157742e+03	1.080000e+01	2.520000e+01	6.339563e-01	7.000000e-01	7.000000e-01	3
4.870000e+01	487	3.818013e+02	1.159773e+03	1.080000e+01	2.520000e+01	7.523303e-01	7.000000e-01	7.000000e-01	3
4.880000e+01	488	7.319177e+02	1.492152e+03	1.080000e+01	2.520000e+01	6.709106e-01	7.000000e-01	7.000000e-01	3
4.890000e+01	489	6.799108e+02	1.356501e+03	1.080000e+01	2.520000e+01	6.661231e-01	7.000000e-01	7.000000e-01	3
49	490	4.071601e+02	1.880598e+03	1.080000e+01	2.520000e+01	8.220266e-01	7.000000e-01	7.000000e-01	3
4.910000e+01	491	7.101961e+02	1.451416e+03	1.080000e+01	2.520000e+01	6.714508e-01	7.000000e-01	7.000000e-01	3
4.920000e+01	492	7.823531e+02	2.119996e+03	1.080000e+01	2.520000e+01	7.304414e-01	7.000000e-01	7.000000e-01	3
4.930000e+01	493	6.900035e+02	1.393332e+03	1.080000e+01	2.520000e+01	6.687986e-01	7.000000e-01	7.000000e-01	3
4.940000e+01	494	6.477817e+02	1.374385e+03	1.080000e+01	2.520000e+01	6.796595e-01	7.000000e-01	7.000000e-01	3
4.950000e+01	495	5.174858e+02	1.573800e+03	1.080000e+01	2.520000e+01	7.525514e-01	7.000000e-01	7.000000e-01	3
4.960000e+01	496	6.645865e+02	1.402042e+03	1.080000e+01	2.520000e+01	6.784199e-01	7.000000e-01	7.000000e-01	3
4.970000e+01	497	4.174202e+02	1.964646e+03	1.080000e+01	2.520000e+01	8.247655e-01	7.000000e-01	7.000000e-01	3
4.980000e+01	498	7.813105e+02	1.246791e+03	1.080000e+01	2.520000e+01	6.147577e-01	7.000000e-01	7.000000e-01	3
4.990000e+01	499	5.341958e+02	1.447133e+03	1.080000e+01	2.520000e+01	7.303851e-01	7.000000e-01	7.000000e-01	3
50	500	5.607518e+02	1.607308e+03	1.080000e+01	2.520000e+01	7.413577e-01	7.000000e-01	7.000000e-01	3
5.010000e+01	501	7.600803e+02	1.281981e+03	1.080000e+01	2.520000e+01	6.277877e-01	7.000000e-01	7.000000e-01	3
5.020000e+01	502	7.809648e+02	1.178128e+03	1.080000e+01	2.520000e+01	6.013641e-01	7.000000e-01	7.000000e-01	3
5.030000e+01	503	9.667354e+02	9.295955e+02	1.080000e+01	2.520000e+01	4.902074e-01	7.000000e-01	7.000000e-01	3
5.040000e+01	504	6.473636e+02	9.809219e+02	1.080000e+01	2.520000e+01	6.024263e-01	7.000000e-01	7.000000e-01	3
5.050000e+01	505	6.679296e+02	1.257195e+03	1.080000e+01	2.520000e+01	6.530460e-01	7.000000e-01	7.000000e-01	3
5.060000e+01	506	5.543993e+02	1.566417e+03	1.080000e+01	2.520000e+01	7.385915e-01	7.000000e-01	7.000000e-01	3
5.070000e+01	507	7.310630e+02	9.992472e+02	1.080000e+01	2.520000e+01	5.774960e-01	7.000000e-01	7.000000e-01	3
5.080000e+01	508	7.391854e+02	1.494056e+03	1.080000e+01	2.520000e+01	6.690079e-01	7.000000e-01	7.000000e-01	3
5.090000e+01	509	5.251561e+02	1.231068e+03	1.080000e+01	2.520000e+01	7.009744e-01	7.000000e-01	7.000000e-01	3
51	510	6.424850e+02	1.686832e+03	1.080000e+01	2.520000e+01	7.241745e-01	7.000000e-01	7.000000e-01	3
5.110000e+01	511	5.280460e+02	1.226435e+03	1.080000e+01	2.520000e+01	6.990301e-01	7.000000e-01	7.000000e-01	3
5.120000e+01	512	8.040506e+02	1.635113e+03	1.080000e+01	2.520000e+01	6.703580e-01	7.000000e-01	7.000000e-01	3
5.130000e+01	513	1.377980e+03	5.041753e+02	2.540561e+01	1.059439e+01	2.678713e-01	2.942885e-01	2.000000e-01	1
5.140000e+01	514	1.845502e+03	5.292682e+02	2.880000e+01	7.200000e+00	2.228713e-01	2.000000e-01	2.000000e-01	1
5.150000e+01	515	1.407842e+03	6.047643e+02	2.880000e+01	7.200000e+00	3.004882e-01	2.000000e-01	2.000000e-01	1
5.160000e+01	516	1.658538e+03	3.257581e+02	2.880000e+01	7.200000e+00	1.641681e-01	2.000000e-01	2.000000e-01	1
5.170000e+01	517	1.390276e+03	2.330883e+02	2.880000e+01	7.200000e+00	1.435835e-01	2.000000e-01	2.000000e-01	1
5.180000e+01	518	1.156401e+03	2.754079e+02	2.880000e+01	7.200000e+00	1.923496e-01	2.000000e-01	2.000000e-01	1
5.190000e+01	519	1.084572e+03	2.908876e+02	2.880000e+01	7.200000e+00	2.114839e-01	2.000000e-01	2.000000e-01	1
52	520	1.489515e+03	8.419009e+02	2.880000e+01	7.200000e+00	3.611115e-01	2.000000e-01	2.000000e-01	1
5.210000e+01	521	1.299216e+03	4.502965e+02	2.880000e+01	7.200000e+00	2.573840e-01	2.000000e-01	2.000000e-01	1
5.220000e+01	522	8.827408e+02	6.543537e+02	2.880000e+01	7.200000e+00	4.257082e-01	2.000000e-01	2.000000e-01	1
5.230000e+01	523	1.322298e+03	3.254198e+02	2.880000e+01	7.200000e+00	1.974973e-01	2.000000e-01	2.000000e-01	1
5.240000e+01	524	1.318294e+03	3.778681e+02	2.880000e+01	7.200000e+00	2.227783e-01	2.000000e-01	2.000000e-01	1
5.250000e+01	525	1.245355e+03	4.752264e+02	2.880000e+01	7.200000e+00	2.762011e-01	2.000000e-01	2.000000e-01	1
5.260000e+01	526	1.742859e+03	5.386585e+02	2.880000e+01	7.200000e+00	2.360966e-01	2.000000e-01	2.000000e-01	1
5.270000e+01	527	1.353047e+03	3.957120e+02	2.880000e+01	7.200000e+00	2.262816e-01	2.000000e-01	2.000000e-01	1
5.280000e+01	528	1.446589e+03	3.321797e+02	2.880000e+01	7.200000e+00	1.867469e-01	2.000000e-01	2.000000e-01	1
5.290000e+01	529	1.647248e+03	4.557396e+02	2.880000e+01	7.200000e+00	2.167105e-01	2.000000e-01	2.000000e-01	1
53	530	1.897792e+03	4.621553e+02	2.880000e+01	7.200000e+00	1.958329e-01	2.000000e-01	2.000000e-01	1
5.310000e+01	531	1.751224e+03	4.750059e+02	2.880000e+01	7.200000e+00	2.133679e-01	2.000000e-01	2.000000e-01	1
5.320000e+01	532	1.445916e+03	5.422204e+01	2.880000e+01	7.200000e+00	3.614470e-02	2.000000e-01	2.000000e-01	1
5.330000e+01	533	1.663242e+03	5.348056e+02	2.880000e+01	7.200000e+00	2.433094e-01	2.000000e-01	2.000000e-01	1
5.340000e+01	534	1.511154e+03	6.462536e+02	2.880000e+01	7.200000e+00	2.995509e-01	2.000000e-01	2.000000e-01	1
5.350000e+01	535	1.425972e+03	4.926925e+02	2.880000e+01	7.200000e+00	2.567893e-01	2.000000e-01	2.000000e-01	1
5.360000e+01	536	1.547974e+03	3.475827e+02	2.880000e+01	7.200000e+00	1.833671e-01	2.000000e-01	2.000000e-01	1
5.370000e+01	537	1.336684e+03	1.707632e+02	2.880000e+01	7.200000e+00	1.132797e-01	2.000000e-01	2.000000e-01	1
5.380000e+01	538	1.337107e+03	0	2.880000e+01	7.200000e+00	0	2.000000e-01	2.000000e-01	1
5.390000e+01	539	1.541661e+03	2.871863e+02	2.880000e+01	7.200000e+00	1.570313e-01	2.000000e-01	2.000000e-01	1
54	540	1.692921e+03	6.859322e+02	2.880000e+01	7.200000e+00	2.883458e-01	2.000000e-01	2.000000e-01	1
5.410000e+01	541	1.457896e+03	2.786454e+02	2.880000e+01	7.200000e+00	1.604600e-01	2.000000e-01	2.000000e-01	1
5.420000e+01	542	1.961000e+03	2.898803e+02	2.880000e+01	7.200000e+00	1.287853e-01	2.000000e-01	2.000000e-01	1
5.430000e+01	543	1.380703e+03	2.577538e+02	2.880000e+01	7.200000e+00	1.573150e-01	2.000000e-01	2.000000e-01	1
5.440000e+01	544	1.142906e+03	4.658183e+02	2.880000e+01	7.200000e+00	2.895576e-01	2.000000e-01	2.000000e-01	1
5.450000e+01	545	1.679209e+03	3.543492e+02	2.880000e+01	7.200000e+00	1.742508e-01	2.000000e-01	2.000000e-01	1
5.460000e+01	546	1.315753e+03	1.477546e+02	2.880000e+01	7.200000e+00	1.009592e-01	2.000000e-01	2.000000e-01	1
5.470000e+01	547	1.617999e+03	3.291235e+02	2.880000e+01	7.200000e+00	1.690307e-01	2.000000e-01	2.000000e-01	1
5.480000e+01	548	1.167343e+03	4.886578e+02	2.880000e+01	7.200000e+00	2.950831e-01	2.000000e-01	2.000000e-01	1
5.490000e+01	549	1.720469e+03	4.996865e+02	2.880000e+01	7.200000e+00	2.250682e-01	2.000000e-01	2.000000e-01	1
55	550	1.509731e+03	3.235144e+02	2.880000e+01	7.200000e+00	1.764708e-01	2.000000e-01	2.000000e-01	1
5.510000e+01	551	2.092052e+03	4.234454e+02	2.880000e+01	7.200000e+00	1.683346e-01	2.000000e-01	2.000000e-01	1
5.520000e+01	552	1.817698e+03	3.826689e+02	2.880000e+01	7.200000e+00	1.739114e-01	2.000000e-01	2.000000e-01	1
5.530000e+01	553	1.851534e+03	5.204854e+02	2.880000e+01	7.200000e+00	2.194271e-01	2.000000e-01	2.000000e-01	1
5.540000e+01	554	1.489295e+03	4.895901e+02	2.880000e+01	7.200000e+00	2.474070e-01	2.000000e-01	2.000000e-01	1
5.550000e+01	555	1.443332e+03	9.096817e+02	2.131369e+01	1.468631e+01	3.866028e-01	4.079530e-01	2.000000e-01	1
5.560000e+01	556	5.926687e+02	1.675995e+03	1.080000e+01	2.520000e+01	7.387586e-01	7.000000e-01	7.000000e-01	2
5.570000e+01	557	5.962301e+02	1.230863e+03	1.080000e+01	2.520000e+01	6.736728e-01	7.000000e-01	7.000000e-01	2
5.580000e+01	558	5.597700e+02	1.644498e+03	1.080000e+01	2.520000e+01	7.460518e-01	7.000000e-01	7.000000e-01	2
5.590000e+01	559	3.248737e+02	1.453775e+03	1.080000e+01	2.520000e+01	8.173480e-01	7.000000e-01	7.000000e-01	2
56	560	6.889088e+02	1.456241e+03	1.080000e+01	2.520000e+01	6.788528e-01	7.000000e-01	7.000000e-01	2
5.610000e+01	561	6.682568e+02	1.250114e+03	1.080000e+01	2.520000e+01	6.516539e-01	7.000000e-01	7.000000e-01	2
5.620000e+01	562	4.245025e+02	1.333286e+03	1.080000e+01	2.520000e+01	7.585020e-01	7.000000e-01	7.000000e-01	2
5.630000e+01	563	5.643112e+02	1.125342e+03	1.080000e+01	2.520000e+01	6.660194e-01	7.000000e-01	7.000000e-01	2
5.640000e+01	564	5.158403e+02	1.732835e+03	1.080000e+01	2.520000e+01	7.706026e-01	7.000000e-01	7.000000e-01	2
5.650000e+01	565	4.019208e+02	1.473870e+03	1.080000e+01	2.520000e+01	7.857326e-01	7.000000e-01	7.000000e-01	2
5.660000e+01	566	5.465224e+02	1.288617e+03	1.080000e+01	2.520000e+01	7.021903e-01	7.000000e-01	7.000000e-01	2
5.670000e+01	567	5.731854e+02	1.002741e+03	1.080000e+01	2.520000e+01	6.362866e-01	7.000000e-01	7.000000e-01	2
5.680000e+01	568	1.892567e+02	1.585471e+03	1.080000e+01	2.520000e+01	8.933602e-01	7.000000e-01	7.000000e-01	2
5.690000e+01	569	6.422975e+02	1.676108e+03	1.080000e+01	2.520000e+01	7.229572e-01	7.000000e-01	7.000000e-01	2
57	570	5.120176e+02	1.535678e+03	1.080000e+01	2.520000e+01	7.499542e-01	7.000000e-01	7.000000e-01	2
5.710000e+01	571	4.101894e+02	1.284110e+03	1.080000e+01	2.520000e+01	7.579002e-01	7.000000e-01	7.000000e-01	2
5.720000e+01	572	5.345629e+02	1.141820e+03	1.080000e+01	2.520000e+01	6.811212e-01	7.000000e-01	7.000000e-01	2
5.730000e+01	573	3.428146e+02	1.477582e+03	1.080000e+01	2.520000e+01	8.116814e-01	7.000000e-01	7.000000e-01	2
5.740000e+01	574	1.184968e+03	7.683672e+02	2.295315e+01	1.304685e+01	3.933617e-01	3.624126e-01	2.000000e-01	1
5.750000e+01	575	1.056830e+03	4.979090e+02	2.880000e+01	7.200000e+00	3.202524e-01	2.000000e-01	2.000000e-01	1
5.760000e+01	576	1.935667e+03	5.488089e+02	2.880000e+01	7.200000e+00	2.208952e-01	2.000000e-01	2.000000e-01	1
5.770000e+01	577	1.790240e+03	4.388860e+02	2.880000e+01	7.200000e+00	1.968871e-01	2.000000e-01	2.000000e-01	1
5.780000e+01	578	9.062663e+02	4.055407e+02	2.880000e+01	7.200000e+00	3.091466e-01	2.000000e-01	2.000000e-01	1
5.790000e+01	579	1.013505e+03	3.248816e+02	2.880000e+01	7.200000e+00	2.427412e-01	2.000000e-01	2.000000e-01	1
58	580	1.718760e+03	0	2.880000e+01	7.200000e+00	0	2.000000e-01	2.000000e-01	1
5.810000e+01	581	1.918867e+03	5.649381e+02	2.880000e+01	7.200000e+00	2.274486e-01	2.000000e-01	2.000000e-01	1
5.820000e+01	582	9.300473e+02	3.220656e+02	2.880000e+01	7.200000e+00	2.572177e-01	2.000000e-01	2.000000e-01	1
5.830000e+01	583	2.099681e+03	5.609081e+02	2.880000e+01	7.200000e+00	2.108210e-01	2.000000e-01	2.000000e-01	1
5.840000e+01	584	1.588369e+03	1.090668e+02	2.880000e+01	7.200000e+00	6.425385e-02	2.000000e-01	2.000000e-01	1
5.850000e+01	585	1.324855e+03	4.150392e+02	2.880000e+01	7.200000e+00	2.385427e-01	2.000000e-01	2.000000e-01	1
5.860000e+01	586	1.471321e+03	3.177698e+02	2.880000e+01	7.200000e+00	1.776153e-01	2.000000e-01	2.000000e-01	1
5.870000e+01	587	1.203644e+03	4.985263e+02	2.880000e+01	7.200000e+00	2.928769e-01	2.000000e-01	2.000000e-01	1
5.880000e+01	588	1.106507e+03	3.718664e+02	2.880000e+01	7.200000e+00	2.515376e-01	2.000000e-01	2.000000e-01	1
5.890000e+01	589	1.616395e+03	4.712850e+02	2.880000e+01	7.200000e+00	2.257458e-01	2.000000e-01	2.000000e-01	1
59	590	2.074925e+03	3.706681e+02	2.880000e+01	7.200000e+00	1.515658e-01	2.000000e-01	2.000000e-01	1
5.910000e+01	591	1.188071e+03	5.130186e+02	2.880000e+01	7.200000e+00	3.015824e-01	2.000000e-01	2.000000e-01	1
5.920000e+01	592	1.868947e+03	1.938384e+02	2.880000e+01	7.200000e+00	9.396922e-02	2.000000e-01	2.000000e-01	1
5.930000e+01	593	1.217365e+03	2.286069e+02	2.880000e+01	7.200000e+00	1.580991e-01	2.000000e-01	2.000000e-01	1
5.940000e+01	594	2.191209e+03	4.281910e+02	2.880000e+01	7.200000e+00	1.634691e-01	2.000000e-01	2.000000e-01	1
5.950000e+01	595	1.360878e+03	2.696771e+02	2.880000e+01	7.200000e+00	1.653898e-01	2.000000e-01	2.000000e-01	1
5.960000e+01	596	2.050998e+03	4.776386e+02	2.880000e+01	7.200000e+00	1.888918e-01	2.000000e-01	2.000000e-01	1
5.970000e+01	597	1.847783e+03	2.958272e+02	2.880000e+01	7.200000e+00	1.380042e-01	2.000000e-01	2.000000e-01	1
5.980000e+01	598	1.791019e+03	3.449067e+02	2.880000e+01	7.200000e+00	1.614788e-01	2.000000e-01	2.000000e-01	1
5.990000e+01	599	1.008901e+03	5.632550e+02	2.880000e+01	7.200000e+00	3.582691e-01	2.000000e-01	2.000000e-01	1
60	600	1.272098e+03	5.206431e+02	2.880000e+01	7.200000e+00	2.904174e-01	2.000000e-01	2.000000e-01	1
6.010000e+01	601	1.756239e+03	3.024271e+02	2.880000e+01	7.200000e+00	1.469044e-01	2.000000e-01	2.000000e-01	1
6.020000e+01	602	1.699630e+03	4.247293e+02	2.880000e+01	7.200000e+00	1.999329e-01	2.000000e-01	2.000000e-01	1
6.030000e+01	603	1.615319e+03	1.392519e+02	2.880000e+01	7.200000e+00	7.936522e-02	2.000000e-01	2.000000e-01	1
6.040000e+01	604	1.373054e+03	3.898789e+02	2.880000e+01	7.200000e+00	2.211535e-01	2.000000e-01	2.000000e-01	1
6.050000e+01	605	1.178739e+03	3.053239e+02	2.880000e+01	7.200000e+00	2.057351e-01	2.000000e-01	2.000000e-01	1
6.060000e+01	606	1.830746e+03	3.212100e+02	2.880000e+01	7.200000e+00	1.492642e-01	2.000000e-01	2.000000e-01	1
6.070000e+01	607	1.785780e+03	1.920409e+02	2.880000e+01	7.200000e+00	9.709724e-02	2.000000e-01	2.000000e-01	1
6.080000e+01	608	1.509805e+03	2.997213e+02	2.880000e+01	7.200000e+00	1.656353e-01	2.000000e-01	2.000000e-01	1
6.090000e+01	609	1.662244e+03	5.021082e+02	2.880000e+01	7.200000e+00	2.319900e-01	2.000000e-01	2.000000e-01	1
61	610	1.761653e+03	3.760850e+02	2.880000e+01	7.200000e+00	1.759266e-01	2.000000e-01	2.000000e-01	1
6.110000e+01	611	1.515484e+03	3.513578e+02	2.880000e+01	7.200000e+00	1.882097e-01	2.000000e-01	2.000000e-01	1
6.120000e+01	612	2.037333e+03	2.352256e+02	2.880000e+01	7.200000e+00	1.035070e-01	2.000000e-01	2.000000e-01	1
6.130000e+01	613	1.365678e+03	6.747949e+02	2.880000e+01	7.200000e+00	3.307052e-01	2.000000e-01	2.000000e-01	1
6.140000e+01	614	1.810057e+03	7.688143e+02	2.880000e+01	7.200000e+00	2.981204e-01	2.000000e-01	2.000000e-01	1
6.150000e+01	615	1.613272e+03	3.919378e+02	2.880000e+01	7.200000e+00	1.954598e-01	2.000000e-01	2.000000e-01	1
6.160000e+01	616	1.403225e+03	3.831837e+02	2.880000e+01	7.200000e+00	2.144995e-01	2.000000e-01	2.000000e-01	1
6.170000e+01	617	1.542954e+03	1.545280e+02	2.880000e+01	7.200000e+00	9.103371e-02	2.000000e-01	2.000000e-01	1
6.180000e+01	618	1.256139e+03	4.113025e+02	2.880000e+01	7.200000e+00	2.466669e-01	2.000000e-01	2.000000e-01	1
6.190000e+01	619	1.374222e+03	4.643645e+02	2.880000e+01	7.200000e+00	2.525660e-01	2.000000e-01	2.000000e-01	1
62	620	1.777498e+03	1.935796e+02	2.880000e+01	7.200000e+00	9.821007e-02	2.000000e-01	2.000000e-01	1
