coordinates 	94.80	225.68	222.80	225.68
time(s)	frame	Idon(a.u.)	Iacc(a.u.)	Idon ideal(a.u.)	Iacc ideal(a.u.)	FRET	FRET ideal (blurr)	FRET ideal	state sequence
1.000000e-01	1	1.579538e+03	5.018605e+02	2.880000e+01	7.200000e+00	2.411170e-01	2.000000e-01	2.000000e-01	1
2.000000e-01	2	1.799457e+03	3.115796e+02	2.880000e+01	7.200000e+00	1.475955e-01	2.000000e-01	2.000000e-01	1
3.000000e-01	3	1.501298e+03	2.494865e+02	2.880000e+01	7.200000e+00	1.424998e-01	2.000000e-01	2.000000e-01	1
4.000000e-01	4	1.793263e+03	4.247055e+02	2.880000e+01	7.200000e+00	1.914840e-01	2.000000e-01	2.000000e-01	1
5.000000e-01	5	1.117006e+03	3.581232e+02	2.880000e+01	7.200000e+00	2.427742e-01	2.000000e-01	2.000000e-01	1
6.000000e-01	6	1.816816e+03	3.220926e+02	2.880000e+01	7.200000e+00	1.505873e-01	2.000000e-01	2.000000e-01	1
7.000000e-01	7	1.614547e+03	3.512685e+02	2.880000e+01	7.200000e+00	1.786884e-01	2.000000e-01	2.000000e-01	1
8.000000e-01	8	1.809888e+03	4.744978e+02	2.880000e+01	7.200000e+00	2.077135e-01	2.000000e-01	2.000000e-01	1
9.000000e-01	9	1.258005e+03	7.809926e+02	2.880000e+01	7.200000e+00	3.830276e-01	2.000000e-01	2.000000e-01	1
1	10	1.615373e+03	4.390332e+02	2.880000e+01	7.200000e+00	2.137032e-01	2.000000e-01	2.000000e-01	1
1.100000e+00	11	1.614929e+03	2.497613e+02	2.880000e+01	7.200000e+00	1.339425e-01	2.000000e-01	2.000000e-01	1
1.200000e+00	12	1.076875e+03	4.037500e+02	2.880000e+01	7.200000e+00	2.726889e-01	2.000000e-01	2.000000e-01	1
1.300000e+00	13	1.303909e+03	2.983373e+02	2.880000e+01	7.200000e+00	1.861994e-01	2.000000e-01	2.000000e-01	1
1.400000e+00	14	1.851498e+03	4.834380e+02	2.880000e+01	7.200000e+00	2.070455e-01	2.000000e-01	2.000000e-01	1
1.500000e+00	15	1.947849e+03	3.249018e+02	2.880000e+01	7.200000e+00	1.429553e-01	2.000000e-01	2.000000e-01	1
1.600000e+00	16	1.606353e+03	3.673908e+02	2.880000e+01	7.200000e+00	1.861391e-01	2.000000e-01	2.000000e-01	1
1.700000e+00	17	1.842044e+03	6.034788e+02	2.880000e+01	7.200000e+00	2.467688e-01	2.000000e-01	2.000000e-01	1
1.800000e+00	18	1.675519e+03	4.731431e+02	2.880000e+01	7.200000e+00	2.202036e-01	2.000000e-01	2.000000e-01	1
1.900000e+00	19	1.613517e+03	4.301696e+02	2.880000e+01	7.200000e+00	2.104871e-01	2.000000e-01	2.000000e-01	1
2	20	1.468836e+03	4.348321e+02	2.880000e+01	7.200000e+00	2.284180e-01	2.000000e-01	2.000000e-01	1
2.100000e+00	21	1.470591e+03	3.708184e+02	2.880000e+01	7.200000e+00	2.013775e-01	2.000000e-01	2.000000e-01	1
2.200000e+00	22	1.108002e+03	3.729222e+02	2.880000e+01	7.200000e+00	2.518172e-01	2.000000e-01	2.000000e-01	1
2.300000e+00	23	1.652016e+03	3.962378e+02	2.880000e+01	7.200000e+00	1.934515e-01	2.000000e-01	2.000000e-01	1
2.400000e+00	24	1.019510e+03	4.344794e+02	2.880000e+01	7.200000e+00	2.988188e-01	2.000000e-01	2.000000e-01	1
2.500000e+00	25	1.683271e+03	4.106907e+02	2.880000e+01	7.200000e+00	1.961309e-01	2.000000e-01	2.000000e-01	1
2.600000e+00	26	1.272757e+03	6.666216e+02	2.880000e+01	7.200000e+00	3.437294e-01	2.000000e-01	2.000000e-01	1
2.700000e+00	27	1.920617e+03	5.080035e+02	2.880000e+01	7.200000e+00	2.091737e-01	2.000000e-01	2.000000e-01	1
2.800000e+00	28	1.718216e+03	3.885882e+02	2.880000e+01	7.200000e+00	1.844444e-01	2.000000e-01	2.000000e-01	1
2.900000e+00	29	5.190476e+02	3.455604e+02	2.880000e+01	7.200000e+00	3.996729e-01	2.000000e-01	2.000000e-01	1
3	30	1.333644e+03	1.614610e+02	2.880000e+01	7.200000e+00	1.079931e-01	2.000000e-01	2.000000e-01	1
3.100000e+00	31	1.446402e+03	4.109034e+02	2.880000e+01	7.200000e+00	2.212363e-01	2.000000e-01	2.000000e-01	1
3.200000e+00	32	2.188052e+03	2.761818e+02	2.880000e+01	7.200000e+00	1.120762e-01	2.000000e-01	2.000000e-01	1
3.300000e+00	33	2.197541e+03	4.499637e+02	2.880000e+01	7.200000e+00	1.699576e-01	2.000000e-01	2.000000e-01	1
3.400000e+00	34	2.064203e+03	4.747938e+02	2.880000e+01	7.200000e+00	1.870005e-01	2.000000e-01	2.000000e-01	1
3.500000e+00	35	1.569488e+03	2.063004e+02	2.880000e+01	7.200000e+00	1.161740e-01	2.000000e-01	2.000000e-01	1
3.600000e+00	36	1.254040e+03	1.056904e+02	2.880000e+01	7.200000e+00	7.772894e-02	2.000000e-01	2.000000e-01	1
3.700000e+00	37	1.681282e+03	4.088618e+02	2.880000e+01	7.200000e+00	1.956142e-01	2.000000e-01	2.000000e-01	1
3.800000e+00	38	1.573489e+03	2.457836e+02	2.880000e+01	7.200000e+00	1.350999e-01	2.000000e-01	2.000000e-01	1
3.900000e+00	39	1.247778e+03	3.521567e+02	2.880000e+01	7.200000e+00	2.201070e-01	2.000000e-01	2.000000e-01	1
4	40	1.833968e+03	5.019652e+02	2.880000e+01	7.200000e+00	2.148885e-01	2.000000e-01	2.000000e-01	1
4.100000e+00	41	1.703137e+03	2.872796e+02	2.880000e+01	7.200000e+00	1.443314e-01	2.000000e-01	2.000000e-01	1
4.200000e+00	42	1.612704e+03	5.855667e+02	2.880000e+01	7.200000e+00	2.663761e-01	2.000000e-01	2.000000e-01	1
4.300000e+00	43	1.925865e+03	4.632458e+02	2.880000e+01	7.200000e+00	1.938989e-01	2.000000e-01	2.000000e-01	1
4.400000e+00	44	1.458235e+03	3.197652e+02	2.880000e+01	7.200000e+00	1.798454e-01	2.000000e-01	2.000000e-01	1
4.500000e+00	45	1.946481e+03	3.564216e+02	2.880000e+01	7.200000e+00	1.547706e-01	2.000000e-01	2.000000e-01	1
4.600000e+00	46	1.918193e+03	4.315524e+02	2.880000e+01	7.200000e+00	1.836592e-01	2.000000e-01	2.000000e-01	1
4.700000e+00	47	1.672339e+03	4.139494e+02	2.880000e+01	7.200000e+00	1.984143e-01	2.000000e-01	2.000000e-01	1
4.800000e+00	48	1.971378e+03	5.393053e+02	2.880000e+01	7.200000e+00	2.148042e-01	2.000000e-01	2.000000e-01	1
4.900000e+00	49	1.144296e+03	3.199432e+02	2.880000e+01	7.200000e+00	2.185048e-01	2.000000e-01	2.000000e-01	1
5	50	1.807920e+03	4.175255e+02	2.880000e+01	7.200000e+00	1.876143e-01	2.000000e-01	2.000000e-01	1
5.100000e+00	51	1.672134e+03	3.847663e+02	2.880000e+01	7.200000e+00	1.870612e-01	2.000000e-01	2.000000e-01	1
5.200000e+00	52	1.493748e+03	2.020251e+02	2.880000e+01	7.200000e+00	1.191345e-01	2.000000e-01	2.000000e-01	1
5.300000e+00	53	1.852453e+03	5.080498e+02	2.880000e+01	7.200000e+00	2.152295e-01	2.000000e-01	2.000000e-01	1
5.400000e+00	54	1.773919e+03	4.214818e+02	2.880000e+01	7.200000e+00	1.919840e-01	2.000000e-01	2.000000e-01	1
5.500000e+00	55	1.352885e+03	5.457388e+02	2.880000e+01	7.200000e+00	2.874392e-01	2.000000e-01	2.000000e-01	1
5.600000e+00	56	1.719824e+03	3.670536e+02	2.880000e+01	7.200000e+00	1.758865e-01	2.000000e-01	2.000000e-01	1
5.700000e+00	57	1.105125e+03	3.360516e+02	2.880000e+01	7.200000e+00	2.331786e-01	2.000000e-01	2.000000e-01	1
5.800000e+00	58	1.522989e+03	4.967220e+02	2.880000e+01	7.200000e+00	2.459371e-01	2.000000e-01	2.000000e-01	1
5.900000e+00	59	1.303764e+03	4.073330e+02	2.880000e+01	7.200000e+00	2.380538e-01	2.000000e-01	2.000000e-01	1
6	60	1.365701e+03	4.306341e+02	2.880000e+01	7.200000e+00	2.397293e-01	2.000000e-01	2.000000e-01	1
6.100000e+00	61	1.672228e+03	7.419423e+02	2.880000e+01	7.200000e+00	3.073280e-01	2.000000e-01	2.000000e-01	1
6.200000e+00	62	1.158709e+03	2.687499e+02	2.880000e+01	7.200000e+00	1.882716e-01	2.000000e-01	2.000000e-01	1
6.300000e+00	63	1.542844e+03	3.690450e+02	2.880000e+01	7.200000e+00	1.930264e-01	2.000000e-01	2.000000e-01	1
6.400000e+00	64	1.586496e+03	6.666045e+02	2.880000e+01	7.200000e+00	2.958609e-01	2.000000e-01	2.000000e-01	1
6.500000e+00	65	1.690065e+03	4.549353e+02	2.880000e+01	7.200000e+00	2.120911e-01	2.000000e-01	2.000000e-01	1
6.600000e+00	66	1.607799e+03	3.028732e+02	2.880000e+01	7.200000e+00	1.585165e-01	2.000000e-01	2.000000e-01	1
6.700000e+00	67	9.821804e+02	3.655676e+02	2.880000e+01	7.200000e+00	2.712433e-01	2.000000e-01	2.000000e-01	1
6.800000e+00	68	1.301045e+03	2.607513e+02	2.880000e+01	7.200000e+00	1.669560e-01	2.000000e-01	2.000000e-01	1
6.900000e+00	69	1.835000e+03	6.850760e+01	2.880000e+01	7.200000e+00	3.599019e-02	2.000000e-01	2.000000e-01	1
7	70	1.952273e+03	1.495162e+02	2.880000e+01	7.200000e+00	7.113759e-02	2.000000e-01	2.000000e-01	1
7.100000e+00	71	1.866961e+03	1.892331e+02	2.880000e+01	7.200000e+00	9.203077e-02	2.000000e-01	2.000000e-01	1
7.200000e+00	72	1.933773e+03	5.928542e+02	2.880000e+01	7.200000e+00	2.346425e-01	2.000000e-01	2.000000e-01	1
7.300000e+00	73	1.235854e+03	3.452808e+02	2.880000e+01	7.200000e+00	2.183753e-01	2.000000e-01	2.000000e-01	1
7.400000e+00	74	1.379677e+03	2.871163e+02	2.880000e+01	7.200000e+00	1.722567e-01	2.000000e-01	2.000000e-01	1
7.500000e+00	75	1.152559e+03	1.718945e+02	2.880000e+01	7.200000e+00	1.297852e-01	2.000000e-01	2.000000e-01	1
7.600000e+00	76	1.749877e+03	1.909482e+02	2.880000e+01	7.200000e+00	9.838506e-02	2.000000e-01	2.000000e-01	1
7.700000e+00	77	1.676712e+03	3.324733e+02	2.880000e+01	7.200000e+00	1.654766e-01	2.000000e-01	2.000000e-01	1
7.800000e+00	78	1.709725e+03	3.080667e+02	2.880000e+01	7.200000e+00	1.526752e-01	2.000000e-01	2.000000e-01	1
7.900000e+00	79	9.846988e+02	4.058173e+02	2.880000e+01	7.200000e+00	2.918465e-01	2.000000e-01	2.000000e-01	1
8	80	1.622579e+03	4.803399e+02	2.880000e+01	7.200000e+00	2.284158e-01	2.000000e-01	2.000000e-01	1
8.100000e+00	81	1.388104e+03	4.757994e+02	2.880000e+01	7.200000e+00	2.552704e-01	2.000000e-01	2.000000e-01	1
8.200000e+00	82	1.168822e+03	2.657598e+02	2.880000e+01	7.200000e+00	1.852524e-01	2.000000e-01	2.000000e-01	1
8.300000e+00	83	1.448414e+03	3.503391e+02	2.880000e+01	7.200000e+00	1.947677e-01	2.000000e-01	2.000000e-01	1
8.400000e+00	84	1.398801e+03	2.447525e+02	2.880000e+01	7.200000e+00	1.489167e-01	2.000000e-01	2.000000e-01	1
8.500000e+00	85	1.055125e+03	4.657368e+02	2.880000e+01	7.200000e+00	3.062322e-01	2.000000e-01	2.000000e-01	1
8.600000e+00	86	9.143227e+02	5.324986e+02	2.880000e+01	7.200000e+00	3.680473e-01	2.000000e-01	2.000000e-01	1
8.700000e+00	87	1.659974e+03	3.705929e+02	2.880000e+01	7.200000e+00	1.825072e-01	2.000000e-01	2.000000e-01	1
8.800000e+00	88	1.632743e+03	4.081056e+02	2.880000e+01	7.200000e+00	1.999685e-01	2.000000e-01	2.000000e-01	1
8.900000e+00	89	1.988504e+03	4.164119e+02	2.880000e+01	7.200000e+00	1.731503e-01	2.000000e-01	2.000000e-01	1
9	90	1.758008e+03	5.553936e+02	2.880000e+01	7.200000e+00	2.400766e-01	2.000000e-01	2.000000e-01	1
9.100000e+00	91	2.061774e+03	4.683916e+02	2.880000e+01	7.200000e+00	1.851229e-01	2.000000e-01	2.000000e-01	1
9.200000e+00	92	1.301542e+03	3.347040e+02	2.880000e+01	7.200000e+00	2.045560e-01	2.000000e-01	2.000000e-01	1
9.300000e+00	93	1.515211e+03	5.782532e+02	2.880000e+01	7.200000e+00	2.762184e-01	2.000000e-01	2.000000e-01	1
9.400000e+00	94	1.759704e+03	4.602560e+02	2.880000e+01	7.200000e+00	2.073263e-01	2.000000e-01	2.000000e-01	1
9.500000e+00	95	1.617829e+03	6.754380e+02	2.880000e+01	7.200000e+00	2.945309e-01	2.000000e-01	2.000000e-01	1
9.600000e+00	96	1.613131e+03	4.212764e+02	2.880000e+01	7.200000e+00	2.070757e-01	2.000000e-01	2.000000e-01	1
9.700000e+00	97	9.814497e+02	6.387037e+02	2.880000e+01	7.200000e+00	3.942242e-01	2.000000e-01	2.000000e-01	1
9.800000e+00	98	1.760336e+03	6.015855e+02	2.880000e+01	7.200000e+00	2.547017e-01	2.000000e-01	2.000000e-01	1
9.900000e+00	99	1.568138e+03	5.261570e+02	2.880000e+01	7.200000e+00	2.512335e-01	2.000000e-01	2.000000e-01	1
10	100	1.145650e+03	5.646883e+02	2.880000e+01	7.200000e+00	3.301617e-01	2.000000e-01	2.000000e-01	1
1.010000e+01	101	2.135212e+03	2.762886e+02	2.880000e+01	7.200000e+00	1.145712e-01	2.000000e-01	2.000000e-01	1
1.020000e+01	102	1.707903e+03	1.651565e+02	2.880000e+01	7.200000e+00	8.817471e-02	2.000000e-01	2.000000e-01	1
1.030000e+01	103	1.502992e+03	5.066976e+02	2.880000e+01	7.200000e+00	2.521272e-01	2.000000e-01	2.000000e-01	1
1.040000e+01	104	1.115599e+03	5.252904e+02	2.880000e+01	7.200000e+00	3.201255e-01	2.000000e-01	2.000000e-01	1
1.050000e+01	105	1.634141e+03	5.119852e+02	2.880000e+01	7.200000e+00	2.385625e-01	2.000000e-01	2.000000e-01	1
1.060000e+01	106	1.380577e+03	6.694583e+02	2.880000e+01	7.200000e+00	3.265594e-01	2.000000e-01	2.000000e-01	1
1.070000e+01	107	1.502690e+03	3.766609e+02	2.880000e+01	7.200000e+00	2.004207e-01	2.000000e-01	2.000000e-01	1
1.080000e+01	108	1.726957e+03	2.130270e+01	2.880000e+01	7.200000e+00	1.218509e-02	2.000000e-01	2.000000e-01	1
1.090000e+01	109	1.716691e+03	2.313983e+02	2.880000e+01	7.200000e+00	1.187821e-01	2.000000e-01	2.000000e-01	1
11	110	1.885487e+03	4.288428e+02	2.880000e+01	7.200000e+00	1.852989e-01	2.000000e-01	2.000000e-01	1
1.110000e+01	111	1.671257e+03	4.750710e+02	2.880000e+01	7.200000e+00	2.213413e-01	2.000000e-01	2.000000e-01	1
1.120000e+01	112	1.271758e+03	5.972042e+02	2.880000e+01	7.200000e+00	3.195379e-01	2.000000e-01	2.000000e-01	1
1.130000e+01	113	1.685274e+03	5.618060e+02	2.880000e+01	7.200000e+00	2.500160e-01	2.000000e-01	2.000000e-01	1
1.140000e+01	114	1.598174e+03	4.385604e+02	2.880000e+01	7.200000e+00	2.153252e-01	2.000000e-01	2.000000e-01	1
1.150000e+01	115	1.134557e+03	2.229633e+02	2.880000e+01	7.200000e+00	1.642430e-01	2.000000e-01	2.000000e-01	1
1.160000e+01	116	2.072109e+03	3.826287e+02	2.880000e+01	7.200000e+00	1.558736e-01	2.000000e-01	2.000000e-01	1
1.170000e+01	117	1.426009e+03	4.366576e+02	2.880000e+01	7.200000e+00	2.344261e-01	2.000000e-01	2.000000e-01	1
1.180000e+01	118	1.303069e+03	2.002085e+02	2.880000e+01	7.200000e+00	1.331813e-01	2.000000e-01	2.000000e-01	1
1.190000e+01	119	1.863720e+03	5.960662e+02	2.880000e+01	7.200000e+00	2.423244e-01	2.000000e-01	2.000000e-01	1
12	120	1.432339e+03	5.527187e+02	2.880000e+01	7.200000e+00	2.784396e-01	2.000000e-01	2.000000e-01	1
1.210000e+01	121	1.700427e+03	3.472150e+02	2.880000e+01	7.200000e+00	1.695682e-01	2.000000e-01	2.000000e-01	1
1.220000e+01	122	1.560585e+03	4.005023e+02	2.880000e+01	7.200000e+00	2.042246e-01	2.000000e-01	2.000000e-01	1
1.230000e+01	123	1.297603e+03	2.111805e+02	2.880000e+01	7.200000e+00	1.399674e-01	2.000000e-01	2.000000e-01	1
1.240000e+01	124	1.806293e+03	3.957289e+02	2.880000e+01	7.200000e+00	1.797116e-01	2.000000e-01	2.000000e-01	1
1.250000e+01	125	1.961471e+03	2.745382e+02	2.880000e+01	7.200000e+00	1.227805e-01	2.000000e-01	2.000000e-01	1
1.260000e+01	126	1.761578e+03	8.733640e+01	2.880000e+01	7.200000e+00	4.723659e-02	2.000000e-01	2.000000e-01	1
1.270000e+01	127	1.646463e+03	1.586537e+02	2.880000e+01	7.200000e+00	8.789110e-02	2.000000e-01	2.000000e-01	1
1.280000e+01	128	1.419272e+03	4.279929e+02	2.880000e+01	7.200000e+00	2.316901e-01	2.000000e-01	2.000000e-01	1
1.290000e+01	129	1.836535e+03	3.291401e+02	2.880000e+01	7.200000e+00	1.519804e-01	2.000000e-01	2.000000e-01	1
13	130	1.688661e+03	4.122358e+02	2.880000e+01	7.200000e+00	1.962189e-01	2.000000e-01	2.000000e-01	1
1.310000e+01	131	1.673568e+03	1.911010e+01	2.880000e+01	7.200000e+00	1.128986e-02	2.000000e-01	2.000000e-01	1
1.320000e+01	132	1.538829e+03	6.148012e+02	2.880000e+01	7.200000e+00	2.854720e-01	2.000000e-01	2.000000e-01	1
1.330000e+01	133	1.731492e+03	3.506344e+02	2.880000e+01	7.200000e+00	1.684021e-01	2.000000e-01	2.000000e-01	1
1.340000e+01	134	1.580068e+03	2.299010e+02	2.880000e+01	7.200000e+00	1.270193e-01	2.000000e-01	2.000000e-01	1
1.350000e+01	135	1.158018e+03	4.459148e+02	2.880000e+01	7.200000e+00	2.780134e-01	2.000000e-01	2.000000e-01	1
1.360000e+01	136	1.377551e+03	5.259821e+02	2.880000e+01	7.200000e+00	2.763189e-01	2.000000e-01	2.000000e-01	1
1.370000e+01	137	1.600574e+03	1.719106e+02	2.880000e+01	7.200000e+00	9.698848e-02	2.000000e-01	2.000000e-01	1
1.380000e+01	138	1.681231e+03	1.258279e+02	2.880000e+01	7.200000e+00	6.963130e-02	2.000000e-01	2.000000e-01	1
1.390000e+01	139	1.814607e+03	5.470778e+02	2.880000e+01	7.200000e+00	2.316473e-01	2.000000e-01	2.000000e-01	1
14	140	1.761201e+03	5.702941e+02	2.880000e+01	7.200000e+00	2.446044e-01	2.000000e-01	2.000000e-01	1
1.410000e+01	141	1.750579e+03	2.345449e+02	2.880000e+01	7.200000e+00	1.181512e-01	2.000000e-01	2.000000e-01	1
1.420000e+01	142	1.834095e+03	3.786827e+02	2.880000e+01	7.200000e+00	1.711346e-01	2.000000e-01	2.000000e-01	1
1.430000e+01	143	2.424881e+03	2.018811e+02	2.880000e+01	7.200000e+00	7.685551e-02	2.000000e-01	2.000000e-01	1
1.440000e+01	144	1.659992e+03	2.945863e+02	2.880000e+01	7.200000e+00	1.507160e-01	2.000000e-01	2.000000e-01	1
1.450000e+01	145	1.662018e+03	2.936803e+02	2.880000e+01	7.200000e+00	1.501665e-01	2.000000e-01	2.000000e-01	1
1.460000e+01	146	1.402137e+03	3.051022e+02	2.880000e+01	7.200000e+00	1.787108e-01	2.000000e-01	2.000000e-01	1
1.470000e+01	147	1.578581e+03	3.702835e+02	2.880000e+01	7.200000e+00	1.899996e-01	2.000000e-01	2.000000e-01	1
1.480000e+01	148	1.817820e+03	2.373567e+02	2.880000e+01	7.200000e+00	1.154921e-01	2.000000e-01	2.000000e-01	1
1.490000e+01	149	1.770221e+03	4.820270e+02	2.880000e+01	7.200000e+00	2.140204e-01	2.000000e-01	2.000000e-01	1
15	150	1.292761e+03	5.326798e+02	2.880000e+01	7.200000e+00	2.918088e-01	2.000000e-01	2.000000e-01	1
1.510000e+01	151	7.224330e+02	4.008797e+02	2.880000e+01	7.200000e+00	3.568727e-01	2.000000e-01	2.000000e-01	1
1.520000e+01	152	1.430233e+03	3.381470e+02	2.880000e+01	7.200000e+00	1.912185e-01	2.000000e-01	2.000000e-01	1
1.530000e+01	153	2.207023e+03	3.171935e+02	2.880000e+01	7.200000e+00	1.256602e-01	2.000000e-01	2.000000e-01	1
1.540000e+01	154	1.718764e+03	1.309274e+02	2.880000e+01	7.200000e+00	7.078336e-02	2.000000e-01	2.000000e-01	1
1.550000e+01	155	1.935603e+03	4.089729e+02	2.880000e+01	7.200000e+00	1.744337e-01	2.000000e-01	2.000000e-01	1
1.560000e+01	156	1.620684e+03	3.534173e+02	2.880000e+01	7.200000e+00	1.790270e-01	2.000000e-01	2.000000e-01	1
1.570000e+01	157	1.852354e+03	5.802403e+02	2.880000e+01	7.200000e+00	2.385274e-01	2.000000e-01	2.000000e-01	1
1.580000e+01	158	1.361561e+03	4.799742e+02	2.880000e+01	7.200000e+00	2.606380e-01	2.000000e-01	2.000000e-01	1
1.590000e+01	159	1.525849e+03	2.791069e+02	2.880000e+01	7.200000e+00	1.546336e-01	2.000000e-01	2.000000e-01	1
16	160	2.235533e+03	5.207347e+02	2.880000e+01	7.200000e+00	1.889275e-01	2.000000e-01	2.000000e-01	1
1.610000e+01	161	2.238023e+03	4.161977e+02	2.880000e+01	7.200000e+00	1.568060e-01	2.000000e-01	2.000000e-01	1
1.620000e+01	162	1.701692e+03	2.040943e+02	2.880000e+01	7.200000e+00	1.070919e-01	2.000000e-01	2.000000e-01	1
1.630000e+01	163	1.465636e+03	4.647492e+02	2.880000e+01	7.200000e+00	2.407546e-01	2.000000e-01	2.000000e-01	1
1.640000e+01	164	2.065591e+03	2.930113e+02	2.880000e+01	7.200000e+00	1.242309e-01	2.000000e-01	2.000000e-01	1
1.650000e+01	165	1.526318e+03	3.965834e+02	2.880000e+01	7.200000e+00	2.062422e-01	2.000000e-01	2.000000e-01	1
1.660000e+01	166	1.730418e+03	5.380499e+02	2.880000e+01	7.200000e+00	2.371864e-01	2.000000e-01	2.000000e-01	1
1.670000e+01	167	1.728761e+03	5.136282e+02	2.880000e+01	7.200000e+00	2.290539e-01	2.000000e-01	2.000000e-01	1
1.680000e+01	168	1.721884e+03	3.744649e+02	2.880000e+01	7.200000e+00	1.786272e-01	2.000000e-01	2.000000e-01	1
1.690000e+01	169	1.310498e+03	4.473140e+02	2.880000e+01	7.200000e+00	2.544721e-01	2.000000e-01	2.000000e-01	1
17	170	8.242316e+02	6.447481e+02	2.880000e+01	7.200000e+00	4.389088e-01	2.000000e-01	2.000000e-01	1
1.710000e+01	171	1.594727e+03	2.450233e+02	2.880000e+01	7.200000e+00	1.331829e-01	2.000000e-01	2.000000e-01	1
1.720000e+01	172	2.186315e+03	2.137533e+02	2.880000e+01	7.200000e+00	8.906133e-02	2.000000e-01	2.000000e-01	1
1.730000e+01	173	1.719925e+03	6.260252e+02	2.880000e+01	7.200000e+00	2.668536e-01	2.000000e-01	2.000000e-01	1
1.740000e+01	174	1.639660e+03	4.321770e+02	2.880000e+01	7.200000e+00	2.085961e-01	2.000000e-01	2.000000e-01	1
1.750000e+01	175	9.629770e+02	3.091312e+02	2.880000e+01	7.200000e+00	2.430070e-01	2.000000e-01	2.000000e-01	1
1.760000e+01	176	1.002217e+03	4.242472e+02	2.880000e+01	7.200000e+00	2.974117e-01	2.000000e-01	2.000000e-01	1
1.770000e+01	177	1.837436e+03	1.876401e+02	2.880000e+01	7.200000e+00	9.265831e-02	2.000000e-01	2.000000e-01	1
1.780000e+01	178	1.692140e+03	2.350884e+02	2.880000e+01	7.200000e+00	1.219826e-01	2.000000e-01	2.000000e-01	1
1.790000e+01	179	1.597569e+03	5.292412e+02	2.880000e+01	7.200000e+00	2.488427e-01	2.000000e-01	2.000000e-01	1
18	180	1.039094e+03	3.448520e+02	2.880000e+01	7.200000e+00	2.491802e-01	2.000000e-01	2.000000e-01	1
1.810000e+01	181	1.427739e+03	3.844767e+02	2.880000e+01	7.200000e+00	2.121584e-01	2.000000e-01	2.000000e-01	1
1.820000e+01	182	1.921612e+03	3.431832e+02	2.880000e+01	7.200000e+00	1.515294e-01	2.000000e-01	2.000000e-01	1
1.830000e+01	183	1.452522e+03	2.184656e+02	2.880000e+01	7.200000e+00	1.307404e-01	2.000000e-01	2.000000e-01	1
1.840000e+01	184	1.265241e+03	4.410230e+02	2.880000e+01	7.200000e+00	2.584728e-01	2.000000e-01	2.000000e-01	1
1.850000e+01	185	1.396874e+03	2.309185e+02	2.880000e+01	7.200000e+00	1.418600e-01	2.000000e-01	2.000000e-01	1
1.860000e+01	186	1.382464e+03	4.888673e+02	2.880000e+01	7.200000e+00	2.612404e-01	2.000000e-01	2.000000e-01	1
1.870000e+01	187	1.444265e+03	6.131578e+02	2.880000e+01	7.200000e+00	2.980222e-01	2.000000e-01	2.000000e-01	1
1.880000e+01	188	1.570102e+03	3.635433e+02	2.880000e+01	7.200000e+00	1.880093e-01	2.000000e-01	2.000000e-01	1
1.890000e+01	189	1.657546e+03	3.411385e+02	2.880000e+01	7.200000e+00	1.706815e-01	2.000000e-01	2.000000e-01	1
19	190	1.742601e+03	5.360409e+02	2.880000e+01	7.200000e+00	2.352458e-01	2.000000e-01	2.000000e-01	1
1.910000e+01	191	1.931231e+03	4.661120e+02	2.880000e+01	7.200000e+00	1.944286e-01	2.000000e-01	2.000000e-01	1
1.920000e+01	192	1.535558e+03	3.367968e+02	2.880000e+01	7.200000e+00	1.798787e-01	2.000000e-01	2.000000e-01	1
1.930000e+01	193	1.358229e+03	1.614382e+02	2.880000e+01	7.200000e+00	1.062326e-01	2.000000e-01	2.000000e-01	1
1.940000e+01	194	1.841538e+03	5.494472e+02	2.880000e+01	7.200000e+00	2.297995e-01	2.000000e-01	2.000000e-01	1
1.950000e+01	195	1.189438e+03	1.995822e+02	2.880000e+01	7.200000e+00	1.436856e-01	2.000000e-01	2.000000e-01	1
1.960000e+01	196	2.005307e+03	5.074092e+02	2.880000e+01	7.200000e+00	2.019365e-01	2.000000e-01	2.000000e-01	1
1.970000e+01	197	1.272452e+03	4.526330e+02	2.880000e+01	7.200000e+00	2.623830e-01	2.000000e-01	2.000000e-01	1
1.980000e+01	198	1.915386e+03	3.470545e+02	2.880000e+01	7.200000e+00	1.533983e-01	2.000000e-01	2.000000e-01	1
1.990000e+01	199	2.037817e+03	2.918269e+02	2.880000e+01	7.200000e+00	1.252667e-01	2.000000e-01	2.000000e-01	1
20	200	1.690551e+03	4.767842e+02	2.880000e+01	7.200000e+00	2.199863e-01	2.000000e-01	2.000000e-01	1
2.010000e+01	201	1.748764e+03	3.838886e+02	2.880000e+01	7.200000e+00	1.800052e-01	2.000000e-01	2.000000e-01	1
2.020000e+01	202	1.447822e+03	3.551189e+02	2.880000e+01	7.200000e+00	1.969665e-01	2.000000e-01	2.000000e-01	1
2.030000e+01	203	1.721689e+03	1.011606e+02	2.880000e+01	7.200000e+00	5.549584e-02	2.000000e-01	2.000000e-01	1
2.040000e+01	204	9.152638e+02	1.419564e+02	2.880000e+01	7.200000e+00	1.342732e-01	2.000000e-01	2.000000e-01	1
2.050000e+01	205	1.031634e+03	3.837949e+02	2.880000e+01	7.200000e+00	2.711510e-01	2.000000e-01	2.000000e-01	1
2.060000e+01	206	1.460255e+03	5.723953e+02	2.880000e+01	7.200000e+00	2.816006e-01	2.000000e-01	2.000000e-01	1
2.070000e+01	207	1.576457e+03	3.348023e+02	2.880000e+01	7.200000e+00	1.751736e-01	2.000000e-01	2.000000e-01	1
2.080000e+01	208	2.136577e+03	1.499061e+02	2.880000e+01	7.200000e+00	6.556189e-02	2.000000e-01	2.000000e-01	1
2.090000e+01	209	2.258153e+03	1.272723e+02	2.880000e+01	7.200000e+00	5.335412e-02	2.000000e-01	2.000000e-01	1
21	210	1.340723e+03	3.463243e+02	2.880000e+01	7.200000e+00	2.052842e-01	2.000000e-01	2.000000e-01	1
2.110000e+01	211	1.325241e+03	3.537152e+02	2.880000e+01	7.200000e+00	2.106757e-01	2.000000e-01	2.000000e-01	1
2.120000e+01	212	1.541456e+03	5.139378e+02	2.880000e+01	7.200000e+00	2.500434e-01	2.000000e-01	2.000000e-01	1
2.130000e+01	213	1.480238e+03	5.364256e+02	2.880000e+01	7.200000e+00	2.659966e-01	2.000000e-01	2.000000e-01	1
2.140000e+01	214	8.443251e+02	7.005851e+02	1.619408e+01	1.980592e+01	4.534795e-01	5.501643e-01	7.000000e-01	3
2.150000e+01	215	4.671439e+02	1.957682e+03	1.080000e+01	2.520000e+01	8.073495e-01	7.000000e-01	7.000000e-01	3
2.160000e+01	216	8.565929e+02	1.584896e+03	1.080000e+01	2.520000e+01	6.491515e-01	7.000000e-01	7.000000e-01	3
2.170000e+01	217	6.613632e+02	9.851651e+02	1.080000e+01	2.520000e+01	5.983287e-01	7.000000e-01	7.000000e-01	3
2.180000e+01	218	2.324659e+02	1.779518e+03	1.080000e+01	2.520000e+01	8.844594e-01	7.000000e-01	7.000000e-01	3
2.190000e+01	219	6.855933e+02	1.139736e+03	1.080000e+01	2.520000e+01	6.244003e-01	7.000000e-01	7.000000e-01	3
22	220	3.743929e+02	9.268853e+02	1.080000e+01	2.520000e+01	7.122884e-01	7.000000e-01	7.000000e-01	3
2.210000e+01	221	6.365241e+02	1.099450e+03	1.080000e+01	2.520000e+01	6.333331e-01	7.000000e-01	7.000000e-01	3
2.220000e+01	222	9.900548e+02	1.669712e+03	1.080000e+01	2.520000e+01	6.277664e-01	7.000000e-01	7.000000e-01	3
2.230000e+01	223	4.445754e+02	1.588055e+03	1.080000e+01	2.520000e+01	7.812807e-01	7.000000e-01	7.000000e-01	3
2.240000e+01	224	6.369113e+02	1.712848e+03	1.080000e+01	2.520000e+01	7.289461e-01	7.000000e-01	7.000000e-01	3
2.250000e+01	225	1.143144e+03	6.906334e+02	2.103678e+01	1.496322e+01	3.766179e-01	4.156450e-01	2.000000e-01	1
2.260000e+01	226	1.830936e+03	3.021889e+02	2.880000e+01	7.200000e+00	1.416649e-01	2.000000e-01	2.000000e-01	1
2.270000e+01	227	1.274617e+03	5.944479e+02	2.880000e+01	7.200000e+00	3.180455e-01	2.000000e-01	2.000000e-01	1
2.280000e+01	228	1.406506e+03	4.388365e+02	2.880000e+01	7.200000e+00	2.378076e-01	2.000000e-01	2.000000e-01	1
2.290000e+01	229	1.750053e+03	6.523689e+02	2.880000e+01	7.200000e+00	2.715464e-01	2.000000e-01	2.000000e-01	1
23	230	1.498222e+03	4.017371e+02	2.880000e+01	7.200000e+00	2.114452e-01	2.000000e-01	2.000000e-01	1
2.310000e+01	231	1.615345e+03	3.412147e+02	2.880000e+01	7.200000e+00	1.743952e-01	2.000000e-01	2.000000e-01	1
2.320000e+01	232	1.204421e+03	3.072693e+02	2.880000e+01	7.200000e+00	2.032621e-01	2.000000e-01	2.000000e-01	1
2.330000e+01	233	1.454089e+03	4.646795e+02	2.880000e+01	7.200000e+00	2.421759e-01	2.000000e-01	2.000000e-01	1
2.340000e+01	234	1.257017e+03	1.829905e+02	2.880000e+01	7.200000e+00	1.270761e-01	2.000000e-01	2.000000e-01	1
2.350000e+01	235	1.294588e+03	2.299918e+02	2.880000e+01	7.200000e+00	1.508559e-01	2.000000e-01	2.000000e-01	1
2.360000e+01	236	1.487402e+03	5.390327e+02	2.880000e+01	7.200000e+00	2.660005e-01	2.000000e-01	2.000000e-01	1
2.370000e+01	237	1.977349e+03	6.145886e+02	2.880000e+01	7.200000e+00	2.371155e-01	2.000000e-01	2.000000e-01	1
2.380000e+01	238	1.893571e+03	1.884691e+02	2.880000e+01	7.200000e+00	9.052135e-02	2.000000e-01	2.000000e-01	1
2.390000e+01	239	1.603513e+03	2.740013e+02	2.880000e+01	7.200000e+00	1.459384e-01	2.000000e-01	2.000000e-01	1
24	240	1.832747e+03	4.035152e+02	2.880000e+01	7.200000e+00	1.804419e-01	2.000000e-01	2.000000e-01	1
2.410000e+01	241	1.670560e+03	6.066061e+02	2.880000e+01	7.200000e+00	2.663864e-01	2.000000e-01	2.000000e-01	1
2.420000e+01	242	1.957495e+03	2.678327e+02	2.880000e+01	7.200000e+00	1.203565e-01	2.000000e-01	2.000000e-01	1
2.430000e+01	243	1.214002e+03	3.087642e+02	2.880000e+01	7.200000e+00	2.027654e-01	2.000000e-01	2.000000e-01	1
2.440000e+01	244	1.144310e+03	5.148539e+02	2.880000e+01	7.200000e+00	3.103093e-01	2.000000e-01	2.000000e-01	1
2.450000e+01	245	1.398021e+03	3.529631e+02	2.880000e+01	7.200000e+00	2.015799e-01	2.000000e-01	2.000000e-01	1
2.460000e+01	246	1.361835e+03	3.526262e+02	2.880000e+01	7.200000e+00	2.056775e-01	2.000000e-01	2.000000e-01	1
2.470000e+01	247	2.373230e+03	4.516998e+02	2.880000e+01	7.200000e+00	1.598977e-01	2.000000e-01	2.000000e-01	1
2.480000e+01	248	1.550030e+03	5.236737e+02	2.880000e+01	7.200000e+00	2.525306e-01	2.000000e-01	2.000000e-01	1
2.490000e+01	249	1.670286e+03	3.130140e+02	2.880000e+01	7.200000e+00	1.578248e-01	2.000000e-01	2.000000e-01	1
25	250	1.812969e+03	3.693568e+02	2.880000e+01	7.200000e+00	1.692492e-01	2.000000e-01	2.000000e-01	1
2.510000e+01	251	1.790582e+03	5.281009e+02	2.880000e+01	7.200000e+00	2.277590e-01	2.000000e-01	2.000000e-01	1
2.520000e+01	252	1.365018e+03	4.832608e+02	2.880000e+01	7.200000e+00	2.614653e-01	2.000000e-01	2.000000e-01	1
2.530000e+01	253	1.754198e+03	5.087438e+02	2.880000e+01	7.200000e+00	2.248152e-01	2.000000e-01	2.000000e-01	1
2.540000e+01	254	1.322846e+03	6.452779e+02	2.740988e+01	8.590122e+00	3.278644e-01	2.386145e-01	2.000000e-01	1
2.550000e+01	255	4.932845e+02	1.555244e+03	1.080000e+01	2.520000e+01	7.592006e-01	7.000000e-01	7.000000e-01	2
2.560000e+01	256	5.485861e+02	1.701846e+03	1.080000e+01	2.520000e+01	7.562308e-01	7.000000e-01	7.000000e-01	2
2.570000e+01	257	7.284852e+02	1.311193e+03	1.080000e+01	2.520000e+01	6.428430e-01	7.000000e-01	7.000000e-01	2
2.580000e+01	258	7.171355e+02	1.365324e+03	1.080000e+01	2.520000e+01	6.556306e-01	7.000000e-01	7.000000e-01	2
2.590000e+01	259	6.931966e+02	1.329378e+03	1.080000e+01	2.520000e+01	6.572702e-01	7.000000e-01	7.000000e-01	2
26	260	6.266806e+02	1.368359e+03	1.080000e+01	2.520000e+01	6.858806e-01	7.000000e-01	7.000000e-01	2
2.610000e+01	261	7.434333e+02	1.378830e+03	1.080000e+01	2.520000e+01	6.496979e-01	7.000000e-01	7.000000e-01	2
2.620000e+01	262	5.701325e+02	1.361972e+03	1.080000e+01	2.520000e+01	7.049163e-01	7.000000e-01	7.000000e-01	2
2.630000e+01	263	6.949304e+02	1.716704e+03	1.080000e+01	2.520000e+01	7.118426e-01	7.000000e-01	7.000000e-01	2
2.640000e+01	264	1.259408e+03	1.116946e+03	1.965007e+01	1.634993e+01	4.700249e-01	4.541647e-01	7.000000e-01	2
2.650000e+01	265	1.173299e+03	4.771177e+02	2.880000e+01	7.200000e+00	2.890893e-01	2.000000e-01	2.000000e-01	1
2.660000e+01	266	8.442567e+02	3.065872e+02	2.880000e+01	7.200000e+00	2.664021e-01	2.000000e-01	2.000000e-01	1
2.670000e+01	267	1.673878e+03	5.116421e+02	2.880000e+01	7.200000e+00	2.341055e-01	2.000000e-01	2.000000e-01	1
2.680000e+01	268	1.919552e+03	4.434538e+02	2.880000e+01	7.200000e+00	1.876651e-01	2.000000e-01	2.000000e-01	1
2.690000e+01	269	2.175789e+03	3.033066e+02	2.880000e+01	7.200000e+00	1.223457e-01	2.000000e-01	2.000000e-01	1
27	270	1.712304e+03	6.590693e+02	2.880000e+01	7.200000e+00	2.779273e-01	2.000000e-01	2.000000e-01	1
2.710000e+01	271	7.884172e+02	5.336424e+02	2.880000e+01	7.200000e+00	4.036447e-01	2.000000e-01	2.000000e-01	1
2.720000e+01	272	8.381158e+02	3.793335e+02	2.880000e+01	7.200000e+00	3.115805e-01	2.000000e-01	2.000000e-01	1
2.730000e+01	273	1.362875e+03	5.185802e+02	2.880000e+01	7.200000e+00	2.756271e-01	2.000000e-01	2.000000e-01	1
2.740000e+01	274	1.899715e+03	3.309118e+02	2.880000e+01	7.200000e+00	1.483493e-01	2.000000e-01	2.000000e-01	1
2.750000e+01	275	1.655877e+03	4.324679e+02	2.880000e+01	7.200000e+00	2.070865e-01	2.000000e-01	2.000000e-01	1
2.760000e+01	276	1.440217e+03	1.722220e+02	2.880000e+01	7.200000e+00	1.068084e-01	2.000000e-01	2.000000e-01	1
2.770000e+01	277	1.345490e+03	1.982918e+02	2.880000e+01	7.200000e+00	1.284455e-01	2.000000e-01	2.000000e-01	1
2.780000e+01	278	1.665034e+03	4.626040e+02	2.880000e+01	7.200000e+00	2.174261e-01	2.000000e-01	2.000000e-01	1
2.790000e+01	279	1.777672e+03	5.520932e+02	2.880000e+01	7.200000e+00	2.369738e-01	2.000000e-01	2.000000e-01	1
28	280	1.653829e+03	4.368591e+02	2.880000e+01	7.200000e+00	2.089547e-01	2.000000e-01	2.000000e-01	1
2.810000e+01	281	1.489045e+03	2.316197e+02	2.880000e+01	7.200000e+00	1.346106e-01	2.000000e-01	2.000000e-01	1
2.820000e+01	282	1.656752e+03	4.091493e+02	2.880000e+01	7.200000e+00	1.980488e-01	2.000000e-01	2.000000e-01	1
2.830000e+01	283	1.202585e+03	6.193464e+02	2.880000e+01	7.200000e+00	3.399395e-01	2.000000e-01	2.000000e-01	1
2.840000e+01	284	2.132048e+03	6.422503e+02	2.880000e+01	7.200000e+00	2.315001e-01	2.000000e-01	2.000000e-01	1
2.850000e+01	285	1.591102e+03	1.288190e+02	2.880000e+01	7.200000e+00	7.489819e-02	2.000000e-01	2.000000e-01	1
2.860000e+01	286	1.884438e+03	4.133996e+02	2.880000e+01	7.200000e+00	1.799081e-01	2.000000e-01	2.000000e-01	1
2.870000e+01	287	1.503760e+03	6.145209e+02	2.880000e+01	7.200000e+00	2.901035e-01	2.000000e-01	2.000000e-01	1
2.880000e+01	288	1.180557e+03	0	2.880000e+01	7.200000e+00	0	2.000000e-01	2.000000e-01	1
2.890000e+01	289	2.410220e+03	6.491982e+02	2.880000e+01	7.200000e+00	2.121966e-01	2.000000e-01	2.000000e-01	1
29	290	9.401393e+02	2.557326e+02	2.880000e+01	7.200000e+00	2.138461e-01	2.000000e-01	2.000000e-01	1
2.910000e+01	291	1.576705e+03	2.855876e+02	2.880000e+01	7.200000e+00	1.533527e-01	2.000000e-01	2.000000e-01	1
2.920000e+01	292	1.401002e+03	3.522996e+02	2.880000e+01	7.200000e+00	2.009349e-01	2.000000e-01	2.000000e-01	1
2.930000e+01	293	1.899043e+03	3.352493e+02	2.880000e+01	7.200000e+00	1.500472e-01	2.000000e-01	2.000000e-01	1
2.940000e+01	294	1.180578e+03	3.131150e+02	2.880000e+01	7.200000e+00	2.096247e-01	2.000000e-01	2.000000e-01	1
2.950000e+01	295	1.553621e+03	0	2.880000e+01	7.200000e+00	0	2.000000e-01	2.000000e-01	1
2.960000e+01	296	1.673147e+03	3.411965e+02	2.880000e+01	7.200000e+00	1.693835e-01	2.000000e-01	2.000000e-01	1
2.970000e+01	297	1.724488e+03	9.642561e+01	2.880000e+01	7.200000e+00	5.295453e-02	2.000000e-01	2.000000e-01	1
2.980000e+01	298	1.502522e+03	3.493250e+02	2.880000e+01	7.200000e+00	1.886360e-01	2.000000e-01	2.000000e-01	1
2.990000e+01	299	1.419134e+03	3.491486e+02	2.880000e+01	7.200000e+00	1.974507e-01	2.000000e-01	2.000000e-01	1
30	300	9.590742e+02	1.625036e+02	2.880000e+01	7.200000e+00	1.448884e-01	2.000000e-01	2.000000e-01	1
3.010000e+01	301	1.721482e+03	6.014031e+02	2.880000e+01	7.200000e+00	2.589035e-01	2.000000e-01	2.000000e-01	1
3.020000e+01	302	1.475443e+03	4.410453e+02	2.880000e+01	7.200000e+00	2.301320e-01	2.000000e-01	2.000000e-01	1
3.030000e+01	303	1.529132e+03	0	2.880000e+01	7.200000e+00	0	2.000000e-01	2.000000e-01	1
3.040000e+01	304	1.482067e+03	2.842187e+02	2.880000e+01	7.200000e+00	1.609132e-01	2.000000e-01	2.000000e-01	1
3.050000e+01	305	1.997293e+03	0	2.880000e+01	7.200000e+00	0	2.000000e-01	2.000000e-01	1
3.060000e+01	306	1.306354e+03	5.856328e+02	2.880000e+01	7.200000e+00	3.095333e-01	2.000000e-01	2.000000e-01	1
3.070000e+01	307	1.756054e+03	5.925677e+02	2.880000e+01	7.200000e+00	2.523044e-01	2.000000e-01	2.000000e-01	1
3.080000e+01	308	1.488646e+03	2.966541e+02	2.880000e+01	7.200000e+00	1.661649e-01	2.000000e-01	2.000000e-01	1
3.090000e+01	309	1.235072e+03	2.146417e+02	2.880000e+01	7.200000e+00	1.480580e-01	2.000000e-01	2.000000e-01	1
31	310	2.077623e+03	2.621914e+02	2.880000e+01	7.200000e+00	1.120565e-01	2.000000e-01	2.000000e-01	1
3.110000e+01	311	1.562149e+03	4.030766e+02	2.880000e+01	7.200000e+00	2.051045e-01	2.000000e-01	2.000000e-01	1
3.120000e+01	312	1.389644e+03	5.219057e+02	2.880000e+01	7.200000e+00	2.730275e-01	2.000000e-01	2.000000e-01	1
3.130000e+01	313	2.194002e+03	3.079210e+02	2.880000e+01	7.200000e+00	1.230738e-01	2.000000e-01	2.000000e-01	1
3.140000e+01	314	1.379043e+03	4.446660e+02	2.880000e+01	7.200000e+00	2.438251e-01	2.000000e-01	2.000000e-01	1
3.150000e+01	315	1.863505e+03	4.256847e+02	2.880000e+01	7.200000e+00	1.859543e-01	2.000000e-01	2.000000e-01	1
3.160000e+01	316	1.808992e+03	7.306546e+02	2.880000e+01	7.200000e+00	2.876993e-01	2.000000e-01	2.000000e-01	1
3.170000e+01	317	1.593052e+03	4.430050e+02	2.880000e+01	7.200000e+00	2.175798e-01	2.000000e-01	2.000000e-01	1
3.180000e+01	318	1.829244e+03	8.428873e+00	2.880000e+01	7.200000e+00	4.586710e-03	2.000000e-01	2.000000e-01	1
3.190000e+01	319	1.624828e+03	4.171714e+02	2.880000e+01	7.200000e+00	2.042955e-01	2.000000e-01	2.000000e-01	1
32	320	1.374951e+03	5.231176e+02	2.880000e+01	7.200000e+00	2.756052e-01	2.000000e-01	2.000000e-01	1
3.210000e+01	321	1.608559e+03	2.664459e+02	2.880000e+01	7.200000e+00	1.421041e-01	2.000000e-01	2.000000e-01	1
3.220000e+01	322	1.995250e+03	2.774374e+02	2.880000e+01	7.200000e+00	1.220746e-01	2.000000e-01	2.000000e-01	1
3.230000e+01	323	1.575045e+03	4.375934e+02	2.880000e+01	7.200000e+00	2.174228e-01	2.000000e-01	2.000000e-01	1
3.240000e+01	324	1.677930e+03	2.419891e+02	2.880000e+01	7.200000e+00	1.260413e-01	2.000000e-01	2.000000e-01	1
3.250000e+01	325	1.549669e+03	3.489250e+02	2.880000e+01	7.200000e+00	1.837807e-01	2.000000e-01	2.000000e-01	1
3.260000e+01	326	1.656020e+03	2.633376e+02	2.880000e+01	7.200000e+00	1.372009e-01	2.000000e-01	2.000000e-01	1
3.270000e+01	327	1.465380e+03	5.458857e+02	2.880000e+01	7.200000e+00	2.714141e-01	2.000000e-01	2.000000e-01	1
3.280000e+01	328	1.089093e+03	2.108231e+02	2.880000e+01	7.200000e+00	1.621821e-01	2.000000e-01	2.000000e-01	1
3.290000e+01	329	1.708998e+03	3.151932e+02	2.880000e+01	7.200000e+00	1.557132e-01	2.000000e-01	2.000000e-01	1
33	330	1.234047e+03	7.525089e+02	2.880000e+01	7.200000e+00	3.788007e-01	2.000000e-01	2.000000e-01	1
3.310000e+01	331	1.396932e+03	2.574461e+02	2.880000e+01	7.200000e+00	1.556150e-01	2.000000e-01	2.000000e-01	1
3.320000e+01	332	1.893223e+03	5.833528e+01	2.880000e+01	7.200000e+00	2.989164e-02	2.000000e-01	2.000000e-01	1
3.330000e+01	333	1.761076e+03	4.011239e+02	2.880000e+01	7.200000e+00	1.855166e-01	2.000000e-01	2.000000e-01	1
3.340000e+01	334	2.168025e+03	8.724717e+02	2.880000e+01	7.200000e+00	2.869504e-01	2.000000e-01	2.000000e-01	1
3.350000e+01	335	1.070810e+03	3.021997e+02	2.880000e+01	7.200000e+00	2.201003e-01	2.000000e-01	2.000000e-01	1
3.360000e+01	336	2.054309e+03	2.509795e+02	2.880000e+01	7.200000e+00	1.088712e-01	2.000000e-01	2.000000e-01	1
3.370000e+01	337	1.464601e+03	3.969686e+02	2.880000e+01	7.200000e+00	2.132441e-01	2.000000e-01	2.000000e-01	1
3.380000e+01	338	1.372669e+03	6.461806e+02	2.880000e+01	7.200000e+00	3.200737e-01	2.000000e-01	2.000000e-01	1
3.390000e+01	339	9.266105e+02	4.617103e+02	2.880000e+01	7.200000e+00	3.325675e-01	2.000000e-01	2.000000e-01	1
34	340	1.699955e+03	4.075998e+02	2.880000e+01	7.200000e+00	1.933994e-01	2.000000e-01	2.000000e-01	1
3.410000e+01	341	1.911688e+03	4.472719e+02	2.880000e+01	7.200000e+00	1.896055e-01	2.000000e-01	2.000000e-01	1
3.420000e+01	342	1.671125e+03	0	2.880000e+01	7.200000e+00	0	2.000000e-01	2.000000e-01	1
3.430000e+01	343	1.319782e+03	5.843445e+02	2.880000e+01	7.200000e+00	3.068832e-01	2.000000e-01	2.000000e-01	1
3.440000e+01	344	1.431100e+03	2.677756e+02	2.880000e+01	7.200000e+00	1.576193e-01	2.000000e-01	2.000000e-01	1
3.450000e+01	345	1.452647e+03	3.562515e+02	2.880000e+01	7.200000e+00	1.969439e-01	2.000000e-01	2.000000e-01	1
3.460000e+01	346	1.400245e+03	2.313124e+02	2.880000e+01	7.200000e+00	1.417740e-01	2.000000e-01	2.000000e-01	1
3.470000e+01	347	1.478794e+03	4.186308e+02	2.880000e+01	7.200000e+00	2.206311e-01	2.000000e-01	2.000000e-01	1
3.480000e+01	348	1.375281e+03	5.971468e+02	2.880000e+01	7.200000e+00	3.027471e-01	2.000000e-01	2.000000e-01	1
3.490000e+01	349	1.715720e+03	5.044071e+02	2.880000e+01	7.200000e+00	2.271974e-01	2.000000e-01	2.000000e-01	1
35	350	1.748001e+03	1.499031e+02	2.880000e+01	7.200000e+00	7.898349e-02	2.000000e-01	2.000000e-01	1
3.510000e+01	351	1.067709e+03	4.243118e+02	2.880000e+01	7.200000e+00	2.843873e-01	2.000000e-01	2.000000e-01	1
3.520000e+01	352	1.397093e+03	2.560332e+02	2.880000e+01	7.200000e+00	1.548782e-01	2.000000e-01	2.000000e-01	1
3.530000e+01	353	1.448133e+03	4.182757e+02	2.880000e+01	7.200000e+00	2.241072e-01	2.000000e-01	2.000000e-01	1
3.540000e+01	354	1.682251e+03	7.209664e+02	2.880000e+01	7.200000e+00	3.000005e-01	2.000000e-01	2.000000e-01	1
3.550000e+01	355	1.298232e+03	3.037128e+02	2.880000e+01	7.200000e+00	1.895901e-01	2.000000e-01	2.000000e-01	1
3.560000e+01	356	1.582535e+03	3.789222e+02	2.880000e+01	7.200000e+00	1.931840e-01	2.000000e-01	2.000000e-01	1
3.570000e+01	357	2.163807e+03	3.986469e+02	2.880000e+01	7.200000e+00	1.555723e-01	2.000000e-01	2.000000e-01	1
3.580000e+01	358	1.654295e+03	3.969843e+02	2.880000e+01	7.200000e+00	1.935301e-01	2.000000e-01	2.000000e-01	1
3.590000e+01	359	1.428994e+03	2.952539e+02	2.880000e+01	7.200000e+00	1.712363e-01	2.000000e-01	2.000000e-01	1
36	360	1.171733e+03	7.822501e+02	2.236776e+01	1.363224e+01	4.003363e-01	3.786733e-01	2.000000e-01	1
3.610000e+01	361	7.146282e+02	1.371443e+03	1.080000e+01	2.520000e+01	6.574286e-01	7.000000e-01	7.000000e-01	2
3.620000e+01	362	4.615650e+02	1.653750e+03	1.080000e+01	2.520000e+01	7.817985e-01	7.000000e-01	7.000000e-01	2
3.630000e+01	363	6.427902e+02	1.071530e+03	1.080000e+01	2.520000e+01	6.250465e-01	7.000000e-01	7.000000e-01	2
3.640000e+01	364	7.214452e+02	1.476276e+03	1.080000e+01	2.520000e+01	6.717304e-01	7.000000e-01	7.000000e-01	2
3.650000e+01	365	5.702470e+02	1.402936e+03	1.080000e+01	2.520000e+01	7.110014e-01	7.000000e-01	7.000000e-01	2
3.660000e+01	366	6.728727e+02	1.146522e+03	1.080000e+01	2.520000e+01	6.301667e-01	7.000000e-01	7.000000e-01	2
3.670000e+01	367	8.977343e+02	1.504574e+03	1.080000e+01	2.520000e+01	6.263035e-01	7.000000e-01	7.000000e-01	2
3.680000e+01	368	5.043997e+02	1.403846e+03	1.080000e+01	2.520000e+01	7.356736e-01	7.000000e-01	7.000000e-01	2
3.690000e+01	369	4.726695e+02	1.019261e+03	1.080000e+01	2.520000e+01	6.831826e-01	7.000000e-01	7.000000e-01	2
37	370	4.732908e+02	1.323794e+03	1.080000e+01	2.520000e+01	7.366341e-01	7.000000e-01	7.000000e-01	2
3.710000e+01	371	6.462948e+02	1.236692e+03	1.080000e+01	2.520000e+01	6.567714e-01	7.000000e-01	7.000000e-01	2
3.720000e+01	372	5.649579e+02	1.175752e+03	1.080000e+01	2.520000e+01	6.754440e-01	7.000000e-01	7.000000e-01	2
3.730000e+01	373	1.506935e+03	0	2.767705e+01	8.322949e+00	0	2.311930e-01	2.000000e-01	1
3.740000e+01	374	1.762483e+03	1.976578e+02	2.880000e+01	7.200000e+00	1.008386e-01	2.000000e-01	2.000000e-01	1
3.750000e+01	375	1.720096e+03	4.550968e+02	2.880000e+01	7.200000e+00	2.092213e-01	2.000000e-01	2.000000e-01	1
3.760000e+01	376	2.004264e+03	2.810544e+02	2.880000e+01	7.200000e+00	1.229826e-01	2.000000e-01	2.000000e-01	1
3.770000e+01	377	1.625683e+03	3.692854e+02	2.880000e+01	7.200000e+00	1.851084e-01	2.000000e-01	2.000000e-01	1
3.780000e+01	378	1.303776e+03	5.838441e+02	2.880000e+01	7.200000e+00	3.093018e-01	2.000000e-01	2.000000e-01	1
3.790000e+01	379	1.910273e+03	1.796423e+02	2.880000e+01	7.200000e+00	8.595676e-02	2.000000e-01	2.000000e-01	1
38	380	1.400530e+03	2.937055e+02	2.880000e+01	7.200000e+00	1.733558e-01	2.000000e-01	2.000000e-01	1
3.810000e+01	381	1.449665e+03	3.902177e+02	2.880000e+01	7.200000e+00	2.120883e-01	2.000000e-01	2.000000e-01	1
3.820000e+01	382	1.560790e+03	3.034102e+02	2.880000e+01	7.200000e+00	1.627562e-01	2.000000e-01	2.000000e-01	1
3.830000e+01	383	1.221752e+03	5.467215e+02	2.880000e+01	7.200000e+00	3.091488e-01	2.000000e-01	2.000000e-01	1
3.840000e+01	384	1.796496e+03	2.094665e+02	2.880000e+01	7.200000e+00	1.044219e-01	2.000000e-01	2.000000e-01	1
3.850000e+01	385	1.796173e+03	2.285913e+02	2.880000e+01	7.200000e+00	1.128977e-01	2.000000e-01	2.000000e-01	1
3.860000e+01	386	1.917898e+03	2.808164e+02	2.880000e+01	7.200000e+00	1.277185e-01	2.000000e-01	2.000000e-01	1
3.870000e+01	387	1.140688e+03	3.817254e+02	2.880000e+01	7.200000e+00	2.507370e-01	2.000000e-01	2.000000e-01	1
3.880000e+01	388	1.738609e+03	2.376618e+02	2.880000e+01	7.200000e+00	1.202577e-01	2.000000e-01	2.000000e-01	1
3.890000e+01	389	1.753052e+03	3.951260e+02	2.880000e+01	7.200000e+00	1.839355e-01	2.000000e-01	2.000000e-01	1
39	390	1.530385e+03	5.243211e+02	2.880000e+01	7.200000e+00	2.551805e-01	2.000000e-01	2.000000e-01	1
3.910000e+01	391	1.598047e+03	5.338740e+02	2.880000e+01	7.200000e+00	2.504192e-01	2.000000e-01	2.000000e-01	1
3.920000e+01	392	1.254450e+03	6.215232e+02	2.880000e+01	7.200000e+00	3.313071e-01	2.000000e-01	2.000000e-01	1
3.930000e+01	393	1.443010e+03	1.607633e+02	2.880000e+01	7.200000e+00	1.002407e-01	2.000000e-01	2.000000e-01	1
3.940000e+01	394	1.488381e+03	5.484051e+02	2.880000e+01	7.200000e+00	2.692502e-01	2.000000e-01	2.000000e-01	1
3.950000e+01	395	2.190541e+03	4.825788e+02	2.880000e+01	7.200000e+00	1.805302e-01	2.000000e-01	2.000000e-01	1
3.960000e+01	396	1.895780e+03	2.845275e+02	2.880000e+01	7.200000e+00	1.304988e-01	2.000000e-01	2.000000e-01	1
3.970000e+01	397	1.313798e+03	3.199472e+02	2.880000e+01	7.200000e+00	1.958366e-01	2.000000e-01	2.000000e-01	1
3.980000e+01	398	1.473637e+03	4.927835e+02	2.880000e+01	7.200000e+00	2.505993e-01	2.000000e-01	2.000000e-01	1
3.990000e+01	399	1.501327e+03	3.310923e+02	2.880000e+01	7.200000e+00	1.806859e-01	2.000000e-01	2.000000e-01	1
40	400	2.002404e+03	4.129461e+02	2.880000e+01	7.200000e+00	1.709674e-01	2.000000e-01	2.000000e-01	1
4.010000e+01	401	1.440887e+03	4.412653e+02	2.880000e+01	7.200000e+00	2.344473e-01	2.000000e-01	2.000000e-01	1
4.020000e+01	402	1.753139e+03	2.794835e+02	2.880000e+01	7.200000e+00	1.374990e-01	2.000000e-01	2.000000e-01	1
4.030000e+01	403	1.661626e+03	2.474222e+02	2.880000e+01	7.200000e+00	1.296050e-01	2.000000e-01	2.000000e-01	1
4.040000e+01	404	9.915967e+02	6.012350e+02	2.880000e+01	7.200000e+00	3.774630e-01	2.000000e-01	2.000000e-01	1
4.050000e+01	405	1.451367e+03	3.886860e+02	2.880000e+01	7.200000e+00	2.112363e-01	2.000000e-01	2.000000e-01	1
4.060000e+01	406	1.677116e+03	2.247216e+02	2.880000e+01	7.200000e+00	1.181602e-01	2.000000e-01	2.000000e-01	1
4.070000e+01	407	1.716744e+03	4.231411e+02	2.880000e+01	7.200000e+00	1.977401e-01	2.000000e-01	2.000000e-01	1
4.080000e+01	408	1.577420e+03	3.558247e+02	2.880000e+01	7.200000e+00	1.840557e-01	2.000000e-01	2.000000e-01	1
4.090000e+01	409	2.056026e+03	2.633299e+02	2.880000e+01	7.200000e+00	1.135358e-01	2.000000e-01	2.000000e-01	1
41	410	1.518254e+03	3.558216e+02	2.880000e+01	7.200000e+00	1.898651e-01	2.000000e-01	2.000000e-01	1
4.110000e+01	411	2.038051e+03	4.973005e+02	2.880000e+01	7.200000e+00	1.961465e-01	2.000000e-01	2.000000e-01	1
4.120000e+01	412	1.599825e+03	5.598806e+02	2.880000e+01	7.200000e+00	2.592393e-01	2.000000e-01	2.000000e-01	1
4.130000e+01	413	8.847102e+02	3.086190e+02	2.880000e+01	7.200000e+00	2.586202e-01	2.000000e-01	2.000000e-01	1
4.140000e+01	414	1.799959e+03	2.082779e+02	2.880000e+01	7.200000e+00	1.037119e-01	2.000000e-01	2.000000e-01	1
4.150000e+01	415	1.327114e+03	2.011990e+02	2.880000e+01	7.200000e+00	1.316478e-01	2.000000e-01	2.000000e-01	1
4.160000e+01	416	6.850163e+02	1.578972e+03	1.276010e+01	2.323990e+01	6.974294e-01	6.455528e-01	7.000000e-01	3
4.170000e+01	417	5.637448e+02	1.260842e+03	1.080000e+01	2.520000e+01	6.910289e-01	7.000000e-01	7.000000e-01	3
4.180000e+01	418	9.032507e+02	1.119757e+03	1.080000e+01	2.520000e+01	5.535110e-01	7.000000e-01	7.000000e-01	3
4.190000e+01	419	2.798134e+02	1.004340e+03	1.080000e+01	2.520000e+01	7.821029e-01	7.000000e-01	7.000000e-01	3
42	420	5.402275e+02	2.079145e+03	1.080000e+01	2.520000e+01	7.937569e-01	7.000000e-01	7.000000e-01	3
4.210000e+01	421	4.759609e+02	1.556386e+03	1.080000e+01	2.520000e+01	7.658073e-01	7.000000e-01	7.000000e-01	3
4.220000e+01	422	4.726332e+02	1.434866e+03	1.080000e+01	2.520000e+01	7.522236e-01	7.000000e-01	7.000000e-01	3
4.230000e+01	423	7.695953e+02	1.429798e+03	1.080000e+01	2.520000e+01	6.500875e-01	7.000000e-01	7.000000e-01	3
4.240000e+01	424	6.406582e+02	9.837551e+02	1.080000e+01	2.520000e+01	6.056064e-01	7.000000e-01	7.000000e-01	3
4.250000e+01	425	4.622834e+02	1.406328e+03	1.080000e+01	2.520000e+01	7.526059e-01	7.000000e-01	7.000000e-01	3
4.260000e+01	426	5.960799e+02	1.139305e+03	1.080000e+01	2.520000e+01	6.565143e-01	7.000000e-01	7.000000e-01	3
4.270000e+01	427	5.195455e+02	1.608878e+03	1.080000e+01	2.520000e+01	7.559013e-01	7.000000e-01	7.000000e-01	3
4.280000e+01	428	5.018261e+02	1.585996e+03	1.080000e+01	2.520000e+01	7.596414e-01	7.000000e-01	7.000000e-01	3
4.290000e+01	429	5.233091e+02	1.431343e+03	1.080000e+01	2.520000e+01	7.322750e-01	7.000000e-01	7.000000e-01	3
43	430	6.730217e+02	1.066799e+03	1.080000e+01	2.520000e+01	6.131661e-01	7.000000e-01	7.000000e-01	3
4.310000e+01	431	5.573885e+02	1.583943e+03	1.080000e+01	2.520000e+01	7.397000e-01	7.000000e-01	7.000000e-01	3
4.320000e+01	432	4.724838e+02	1.412073e+03	1.080000e+01	2.520000e+01	7.492865e-01	7.000000e-01	7.000000e-01	3
4.330000e+01	433	6.540451e+02	1.846264e+03	1.080000e+01	2.520000e+01	7.384143e-01	7.000000e-01	7.000000e-01	3
4.340000e+01	434	4.112561e+02	9.114737e+02	1.080000e+01	2.520000e+01	6.890853e-01	7.000000e-01	7.000000e-01	3
4.350000e+01	435	7.884565e+02	1.327116e+03	1.080000e+01	2.520000e+01	6.273082e-01	7.000000e-01	7.000000e-01	3
4.360000e+01	436	3.409589e+02	8.075026e+02	1.080000e+01	2.520000e+01	7.031168e-01	7.000000e-01	7.000000e-01	3
4.370000e+01	437	4.955959e+02	1.251174e+03	1.080000e+01	2.520000e+01	7.162786e-01	7.000000e-01	7.000000e-01	3
4.380000e+01	438	7.190355e+02	1.101623e+03	1.080000e+01	2.520000e+01	6.050685e-01	7.000000e-01	7.000000e-01	3
4.390000e+01	439	5.514818e+02	1.520407e+03	1.080000e+01	2.520000e+01	7.338265e-01	7.000000e-01	7.000000e-01	3
44	440	4.976553e+02	1.196050e+03	1.080000e+01	2.520000e+01	7.061737e-01	7.000000e-01	7.000000e-01	3
4.410000e+01	441	5.332261e+02	1.952571e+03	1.080000e+01	2.520000e+01	7.854909e-01	7.000000e-01	7.000000e-01	3
4.420000e+01	442	4.171395e+02	1.767238e+03	1.080000e+01	2.520000e+01	8.090351e-01	7.000000e-01	7.000000e-01	3
4.430000e+01	443	5.378113e+02	1.348572e+03	1.080000e+01	2.520000e+01	7.148982e-01	7.000000e-01	7.000000e-01	3
4.440000e+01	444	7.451589e+02	1.697952e+03	1.080000e+01	2.520000e+01	6.949958e-01	7.000000e-01	7.000000e-01	3
4.450000e+01	445	6.347613e+02	1.550867e+03	1.080000e+01	2.520000e+01	7.095749e-01	7.000000e-01	7.000000e-01	3
4.460000e+01	446	6.968741e+02	1.158275e+03	1.080000e+01	2.520000e+01	6.243568e-01	7.000000e-01	7.000000e-01	3
4.470000e+01	447	6.555184e+02	1.034065e+03	1.080000e+01	2.520000e+01	6.120236e-01	7.000000e-01	7.000000e-01	3
4.480000e+01	448	4.040824e+02	9.885589e+02	1.080000e+01	2.520000e+01	7.098446e-01	7.000000e-01	7.000000e-01	3
4.490000e+01	449	6.722575e+02	1.462776e+03	1.080000e+01	2.520000e+01	6.851302e-01	7.000000e-01	7.000000e-01	3
45	450	3.643921e+02	1.517284e+03	1.080000e+01	2.520000e+01	8.063471e-01	7.000000e-01	7.000000e-01	3
4.510000e+01	451	7.223416e+02	1.255459e+03	1.080000e+01	2.520000e+01	6.347754e-01	7.000000e-01	7.000000e-01	3
4.520000e+01	452	8.729396e+02	1.627469e+03	1.080000e+01	2.520000e+01	6.508812e-01	7.000000e-01	7.000000e-01	3
4.530000e+01	453	4.749491e+02	1.226318e+03	1.080000e+01	2.520000e+01	7.208263e-01	7.000000e-01	7.000000e-01	3
4.540000e+01	454	6.811190e+02	1.458062e+03	1.080000e+01	2.520000e+01	6.815983e-01	7.000000e-01	7.000000e-01	3
4.550000e+01	455	2.530137e+02	1.706034e+03	1.080000e+01	2.520000e+01	8.708487e-01	7.000000e-01	7.000000e-01	3
4.560000e+01	456	6.800370e+02	1.453829e+03	1.080000e+01	2.520000e+01	6.813122e-01	7.000000e-01	7.000000e-01	3
4.570000e+01	457	5.290802e+02	1.720635e+03	1.080000e+01	2.520000e+01	7.648235e-01	7.000000e-01	7.000000e-01	3
4.580000e+01	458	7.559264e+02	1.009662e+03	1.080000e+01	2.520000e+01	5.718557e-01	7.000000e-01	7.000000e-01	3
4.590000e+01	459	6.930610e+02	1.657279e+03	1.080000e+01	2.520000e+01	7.051230e-01	7.000000e-01	7.000000e-01	3
46	460	4.716631e+02	1.519035e+03	1.080000e+01	2.520000e+01	7.630664e-01	7.000000e-01	7.000000e-01	3
4.610000e+01	461	6.010450e+02	1.286734e+03	1.080000e+01	2.520000e+01	6.816127e-01	7.000000e-01	7.000000e-01	3
4.620000e+01	462	5.040376e+02	1.500825e+03	1.080000e+01	2.520000e+01	7.485924e-01	7.000000e-01	7.000000e-01	3
4.630000e+01	463	4.541032e+02	1.440419e+03	1.080000e+01	2.520000e+01	7.603073e-01	7.000000e-01	7.000000e-01	3
4.640000e+01	464	4.652510e+02	1.288152e+03	1.080000e+01	2.520000e+01	7.346583e-01	7.000000e-01	7.000000e-01	3
4.650000e+01	465	5.787315e+02	1.451624e+03	1.080000e+01	2.520000e+01	7.149605e-01	7.000000e-01	7.000000e-01	3
4.660000e+01	466	7.544182e+02	1.399390e+03	1.080000e+01	2.520000e+01	6.497282e-01	7.000000e-01	7.000000e-01	3
4.670000e+01	467	5.605490e+02	1.076197e+03	1.080000e+01	2.520000e+01	6.575223e-01	7.000000e-01	7.000000e-01	3
4.680000e+01	468	6.932480e+02	1.795963e+03	1.080000e+01	2.520000e+01	7.214989e-01	7.000000e-01	7.000000e-01	3
4.690000e+01	469	6.398050e+02	1.325216e+03	1.080000e+01	2.520000e+01	6.744031e-01	7.000000e-01	7.000000e-01	3
47	470	8.420102e+02	1.221648e+03	1.080000e+01	2.520000e+01	5.919818e-01	7.000000e-01	7.000000e-01	3
4.710000e+01	471	7.454882e+02	9.008822e+02	1.080000e+01	2.520000e+01	5.471929e-01	7.000000e-01	7.000000e-01	3
4.720000e+01	472	5.931048e+02	1.479591e+03	1.080000e+01	2.520000e+01	7.138486e-01	7.000000e-01	7.000000e-01	3
4.730000e+01	473	4.361878e+02	1.594308e+03	1.080000e+01	2.520000e+01	7.851816e-01	7.000000e-01	7.000000e-01	3
4.740000e+01	474	6.274290e+02	1.608387e+03	1.080000e+01	2.520000e+01	7.193737e-01	7.000000e-01	7.000000e-01	3
4.750000e+01	475	5.044587e+02	1.567232e+03	1.080000e+01	2.520000e+01	7.564990e-01	7.000000e-01	7.000000e-01	3
4.760000e+01	476	3.880491e+02	1.368510e+03	1.080000e+01	2.520000e+01	7.790856e-01	7.000000e-01	7.000000e-01	3
4.770000e+01	477	5.052419e+02	1.932816e+03	1.080000e+01	2.520000e+01	7.927687e-01	7.000000e-01	7.000000e-01	3
4.780000e+01	478	8.127742e+02	1.143873e+03	1.080000e+01	2.520000e+01	5.846088e-01	7.000000e-01	7.000000e-01	3
4.790000e+01	479	7.211989e+02	8.943871e+02	1.080000e+01	2.520000e+01	5.535992e-01	7.000000e-01	7.000000e-01	3
48	480	2.941196e+02	7.371902e+02	1.080000e+01	2.520000e+01	7.148096e-01	7.000000e-01	7.000000e-01	3
4.810000e+01	481	7.783051e+02	9.327092e+02	1.080000e+01	2.520000e+01	5.451206e-01	7.000000e-01	7.000000e-01	3
4.820000e+01	482	7.891406e+02	1.644640e+03	1.080000e+01	2.520000e+01	6.757553e-01	7.000000e-01	7.000000e-01	3
4.830000e+01	483	6.583571e+02	1.150353e+03	1.080000e+01	2.520000e+01	6.360074e-01	7.000000e-01	7.000000e-01	3
4.840000e+01	484	7.408853e+02	1.530670e+03	1.080000e+01	2.520000e+01	6.738423e-01	7.000000e-01	7.000000e-01	3
4.850000e+01	485	5.077520e+02	1.558781e+03	1.080000e+01	2.520000e+01	7.542976e-01	7.000000e-01	7.000000e-01	3
4.860000e+01	486	4.511108e+02	8.812155e+02	1.080000e+01	2.520000e+01	6.614112e-01	7.000000e-01	7.000000e-01	3
4.870000e+01	487	6.985234e+02	1.467618e+03	1.080000e+01	2.520000e+01	6.775265e-01	7.000000e-01	7.000000e-01	3
4.880000e+01	488	5.770687e+02	1.290156e+03	1.080000e+01	2.520000e+01	6.909484e-01	7.000000e-01	7.000000e-01	3
4.890000e+01	489	7.047638e+02	1.710014e+03	1.080000e+01	2.520000e+01	7.081455e-01	7.000000e-01	7.000000e-01	3
49	490	3.688330e+02	1.523921e+03	1.080000e+01	2.520000e+01	8.051342e-01	7.000000e-01	7.000000e-01	3
4.910000e+01	491	7.146929e+02	1.320501e+03	1.080000e+01	2.520000e+01	6.488331e-01	7.000000e-01	7.000000e-01	3
4.920000e+01	492	6.896027e+02	1.974405e+03	1.080000e+01	2.520000e+01	7.411409e-01	7.000000e-01	7.000000e-01	3
4.930000e+01	493	3.218992e+02	1.377007e+03	1.080000e+01	2.520000e+01	8.105256e-01	7.000000e-01	7.000000e-01	3
4.940000e+01	494	5.750606e+02	1.557713e+03	1.080000e+01	2.520000e+01	7.303696e-01	7.000000e-01	7.000000e-01	3
4.950000e+01	495	6.788759e+02	1.633856e+03	1.080000e+01	2.520000e+01	7.064615e-01	7.000000e-01	7.000000e-01	3
4.960000e+01	496	6.736841e+02	1.629150e+03	1.080000e+01	2.520000e+01	7.074543e-01	7.000000e-01	7.000000e-01	3
4.970000e+01	497	3.771248e+02	1.882255e+03	1.080000e+01	2.520000e+01	8.330848e-01	7.000000e-01	7.000000e-01	3
4.980000e+01	498	7.702241e+02	1.081520e+03	1.080000e+01	2.520000e+01	5.840548e-01	7.000000e-01	7.000000e-01	3
4.990000e+01	499	2.166213e+02	1.232145e+03	1.080000e+01	2.520000e+01	8.504788e-01	7.000000e-01	7.000000e-01	3
50	500	4.699026e+02	1.727349e+03	1.080000e+01	2.520000e+01	7.861408e-01	7.000000e-01	7.000000e-01	3
5.010000e+01	501	8.935859e+02	1.526423e+03	1.080000e+01	2.520000e+01	6.307510e-01	7.000000e-01	7.000000e-01	3
5.020000e+01	502	7.317855e+02	1.324644e+03	1.080000e+01	2.520000e+01	6.441475e-01	7.000000e-01	7.000000e-01	3
5.030000e+01	503	2.530936e+02	1.145151e+03	1.080000e+01	2.520000e+01	8.189919e-01	7.000000e-01	7.000000e-01	3
5.040000e+01	504	8.163046e+02	1.303983e+03	1.080000e+01	2.520000e+01	6.150029e-01	7.000000e-01	7.000000e-01	3
5.050000e+01	505	7.417567e+02	1.614002e+03	1.080000e+01	2.520000e+01	6.851304e-01	7.000000e-01	7.000000e-01	3
5.060000e+01	506	4.562699e+02	1.325180e+03	1.080000e+01	2.520000e+01	7.438772e-01	7.000000e-01	7.000000e-01	3
5.070000e+01	507	2.858241e+02	1.667378e+03	1.080000e+01	2.520000e+01	8.536638e-01	7.000000e-01	7.000000e-01	3
5.080000e+01	508	6.567398e+02	1.253646e+03	1.080000e+01	2.520000e+01	6.562266e-01	7.000000e-01	7.000000e-01	3
5.090000e+01	509	8.004550e+02	1.875752e+03	1.080000e+01	2.520000e+01	7.008995e-01	7.000000e-01	7.000000e-01	3
51	510	4.761717e+02	1.688404e+03	1.080000e+01	2.520000e+01	7.800162e-01	7.000000e-01	7.000000e-01	3
5.110000e+01	511	3.121850e+02	1.229778e+03	1.080000e+01	2.520000e+01	7.975405e-01	7.000000e-01	7.000000e-01	3
5.120000e+01	512	8.116193e+02	1.606600e+03	1.080000e+01	2.520000e+01	6.643732e-01	7.000000e-01	7.000000e-01	3
5.130000e+01	513	5.824529e+02	1.161419e+03	1.080000e+01	2.520000e+01	6.660002e-01	7.000000e-01	7.000000e-01	3
5.140000e+01	514	5.005739e+02	6.587792e+02	1.080000e+01	2.520000e+01	5.682300e-01	7.000000e-01	7.000000e-01	3
5.150000e+01	515	3.968069e+02	1.439911e+03	1.080000e+01	2.520000e+01	7.839588e-01	7.000000e-01	7.000000e-01	3
5.160000e+01	516	6.369361e+02	1.105362e+03	1.080000e+01	2.520000e+01	6.344277e-01	7.000000e-01	7.000000e-01	3
5.170000e+01	517	2.760235e+02	1.303278e+03	1.080000e+01	2.520000e+01	8.252243e-01	7.000000e-01	7.000000e-01	3
5.180000e+01	518	5.890635e+02	1.679589e+03	1.080000e+01	2.520000e+01	7.403465e-01	7.000000e-01	7.000000e-01	3
5.190000e+01	519	6.354844e+02	1.357082e+03	1.080000e+01	2.520000e+01	6.810724e-01	7.000000e-01	7.000000e-01	3
52	520	3.446844e+02	1.310895e+03	1.080000e+01	2.520000e+01	7.918043e-01	7.000000e-01	7.000000e-01	3
5.210000e+01	521	4.813283e+02	1.678653e+03	1.080000e+01	2.520000e+01	7.771609e-01	7.000000e-01	7.000000e-01	3
5.220000e+01	522	7.809055e+02	1.233564e+03	1.080000e+01	2.520000e+01	6.123517e-01	7.000000e-01	7.000000e-01	3
5.230000e+01	523	7.232987e+02	1.434061e+03	1.080000e+01	2.520000e+01	6.647296e-01	7.000000e-01	7.000000e-01	3
5.240000e+01	524	7.544344e+02	1.282824e+03	1.080000e+01	2.520000e+01	6.296816e-01	7.000000e-01	7.000000e-01	3
5.250000e+01	525	3.845147e+02	1.718023e+03	1.080000e+01	2.520000e+01	8.171187e-01	7.000000e-01	7.000000e-01	3
5.260000e+01	526	7.652671e+02	1.216278e+03	1.080000e+01	2.520000e+01	6.138029e-01	7.000000e-01	7.000000e-01	3
5.270000e+01	527	7.716740e+02	1.036363e+03	1.080000e+01	2.520000e+01	5.731980e-01	7.000000e-01	7.000000e-01	3
5.280000e+01	528	5.236440e+02	1.815574e+03	1.080000e+01	2.520000e+01	7.761457e-01	7.000000e-01	7.000000e-01	3
5.290000e+01	529	6.360513e+02	1.419446e+03	1.080000e+01	2.520000e+01	6.905609e-01	7.000000e-01	7.000000e-01	3
53	530	6.750597e+02	1.305634e+03	1.080000e+01	2.520000e+01	6.591801e-01	7.000000e-01	7.000000e-01	3
5.310000e+01	531	3.176244e+02	1.333802e+03	1.080000e+01	2.520000e+01	8.076666e-01	7.000000e-01	7.000000e-01	3
5.320000e+01	532	7.753153e+02	1.359794e+03	1.080000e+01	2.520000e+01	6.368732e-01	7.000000e-01	7.000000e-01	3
5.330000e+01	533	5.953318e+02	1.501752e+03	1.080000e+01	2.520000e+01	7.161145e-01	7.000000e-01	7.000000e-01	3
5.340000e+01	534	4.252974e+02	1.802124e+03	1.080000e+01	2.520000e+01	8.090629e-01	7.000000e-01	7.000000e-01	3
5.350000e+01	535	7.871844e+02	1.416385e+03	1.080000e+01	2.520000e+01	6.427684e-01	7.000000e-01	7.000000e-01	3
5.360000e+01	536	6.767810e+02	6.013279e+02	1.080000e+01	2.520000e+01	4.704825e-01	7.000000e-01	7.000000e-01	3
5.370000e+01	537	6.738390e+02	1.243718e+03	1.080000e+01	2.520000e+01	6.485950e-01	7.000000e-01	7.000000e-01	3
5.380000e+01	538	2.301285e+02	1.439793e+03	1.080000e+01	2.520000e+01	8.621920e-01	7.000000e-01	7.000000e-01	3
5.390000e+01	539	7.042784e+02	1.057570e+03	1.080000e+01	2.520000e+01	6.002617e-01	7.000000e-01	7.000000e-01	3
54	540	7.303219e+02	1.553363e+03	1.080000e+01	2.520000e+01	6.802002e-01	7.000000e-01	7.000000e-01	3
5.410000e+01	541	6.796619e+02	1.295403e+03	1.080000e+01	2.520000e+01	6.558787e-01	7.000000e-01	7.000000e-01	3
5.420000e+01	542	1.027973e+03	1.023365e+03	1.080000e+01	2.520000e+01	4.988767e-01	7.000000e-01	7.000000e-01	3
5.430000e+01	543	5.753626e+02	1.471811e+03	1.080000e+01	2.520000e+01	7.189479e-01	7.000000e-01	7.000000e-01	3
5.440000e+01	544	5.255882e+02	1.261818e+03	1.080000e+01	2.520000e+01	7.059492e-01	7.000000e-01	7.000000e-01	3
5.450000e+01	545	7.096554e+02	1.850429e+03	1.080000e+01	2.520000e+01	7.228000e-01	7.000000e-01	7.000000e-01	3
5.460000e+01	546	6.643720e+02	1.379543e+03	1.080000e+01	2.520000e+01	6.749512e-01	7.000000e-01	7.000000e-01	3
5.470000e+01	547	6.024085e+02	3.669418e+02	1.080000e+01	2.520000e+01	3.785441e-01	7.000000e-01	7.000000e-01	3
5.480000e+01	548	3.420455e+02	1.381959e+03	1.080000e+01	2.520000e+01	8.015982e-01	7.000000e-01	7.000000e-01	3
5.490000e+01	549	5.244200e+02	1.552010e+03	1.080000e+01	2.520000e+01	7.474415e-01	7.000000e-01	7.000000e-01	3
55	550	6.950326e+02	1.423995e+03	1.080000e+01	2.520000e+01	6.720039e-01	7.000000e-01	7.000000e-01	3
5.510000e+01	551	7.573263e+02	1.913471e+03	1.080000e+01	2.520000e+01	7.164419e-01	7.000000e-01	7.000000e-01	3
5.520000e+01	552	4.766934e+02	1.439001e+03	1.080000e+01	2.520000e+01	7.511641e-01	7.000000e-01	7.000000e-01	3
5.530000e+01	553	7.804538e+02	1.587366e+03	1.080000e+01	2.520000e+01	6.703915e-01	7.000000e-01	7.000000e-01	3
5.540000e+01	554	4.358063e+02	1.344043e+03	1.080000e+01	2.520000e+01	7.551443e-01	7.000000e-01	7.000000e-01	3
5.550000e+01	555	2.185170e+02	1.017093e+03	1.080000e+01	2.520000e+01	8.231505e-01	7.000000e-01	7.000000e-01	3
5.560000e+01	556	5.728685e+02	1.345911e+03	1.080000e+01	2.520000e+01	7.014412e-01	7.000000e-01	7.000000e-01	3
5.570000e+01	557	7.674753e+02	1.436947e+03	1.080000e+01	2.520000e+01	6.518474e-01	7.000000e-01	7.000000e-01	3
5.580000e+01	558	4.093468e+02	1.581207e+03	1.080000e+01	2.520000e+01	7.943553e-01	7.000000e-01	7.000000e-01	3
5.590000e+01	559	1.147045e+02	1.703319e+03	1.080000e+01	2.520000e+01	9.369070e-01	7.000000e-01	7.000000e-01	3
56	560	8.463304e+02	1.554801e+03	1.080000e+01	2.520000e+01	6.475286e-01	7.000000e-01	7.000000e-01	3
5.610000e+01	561	4.393656e+02	1.386895e+03	1.080000e+01	2.520000e+01	7.594179e-01	7.000000e-01	7.000000e-01	3
5.620000e+01	562	4.380066e+02	1.715246e+03	1.080000e+01	2.520000e+01	7.965838e-01	7.000000e-01	7.000000e-01	3
5.630000e+01	563	4.367107e+02	1.229476e+03	1.080000e+01	2.520000e+01	7.378982e-01	7.000000e-01	7.000000e-01	3
5.640000e+01	564	3.469718e+02	1.086949e+03	1.080000e+01	2.520000e+01	7.580259e-01	7.000000e-01	7.000000e-01	3
5.650000e+01	565	5.953885e+02	1.668717e+03	1.080000e+01	2.520000e+01	7.370314e-01	7.000000e-01	7.000000e-01	3
5.660000e+01	566	4.537880e+02	1.411047e+03	1.080000e+01	2.520000e+01	7.566606e-01	7.000000e-01	7.000000e-01	3
5.670000e+01	567	4.303944e+02	1.499575e+03	1.080000e+01	2.520000e+01	7.769942e-01	7.000000e-01	7.000000e-01	3
5.680000e+01	568	6.322039e+02	1.430880e+03	1.080000e+01	2.520000e+01	6.935636e-01	7.000000e-01	7.000000e-01	3
5.690000e+01	569	8.083767e+02	1.276013e+03	1.080000e+01	2.520000e+01	6.121758e-01	7.000000e-01	7.000000e-01	3
57	570	7.201894e+02	1.402139e+03	1.080000e+01	2.520000e+01	6.606607e-01	7.000000e-01	7.000000e-01	3
5.710000e+01	571	5.225282e+02	1.151353e+03	1.080000e+01	2.520000e+01	6.878343e-01	7.000000e-01	7.000000e-01	3
5.720000e+01	572	7.892481e+02	1.603461e+03	1.080000e+01	2.520000e+01	6.701445e-01	7.000000e-01	7.000000e-01	3
5.730000e+01	573	2.890715e+02	1.479702e+03	1.080000e+01	2.520000e+01	8.365696e-01	7.000000e-01	7.000000e-01	3
5.740000e+01	574	5.643614e+02	1.354922e+03	1.080000e+01	2.520000e+01	7.059521e-01	7.000000e-01	7.000000e-01	3
5.750000e+01	575	2.246120e+02	1.413883e+03	1.080000e+01	2.520000e+01	8.629157e-01	7.000000e-01	7.000000e-01	3
5.760000e+01	576	6.118751e+02	1.427541e+03	1.080000e+01	2.520000e+01	6.999753e-01	7.000000e-01	7.000000e-01	3
5.770000e+01	577	2.806699e+02	1.615879e+03	1.080000e+01	2.520000e+01	8.520102e-01	7.000000e-01	7.000000e-01	3
5.780000e+01	578	1.341695e+03	9.194064e+02	2.466588e+01	1.133412e+01	4.066189e-01	3.148367e-01	2.000000e-01	1
5.790000e+01	579	1.555398e+03	4.954288e+02	2.880000e+01	7.200000e+00	2.415751e-01	2.000000e-01	2.000000e-01	1
58	580	1.534680e+03	2.801321e+02	2.880000e+01	7.200000e+00	1.543587e-01	2.000000e-01	2.000000e-01	1
5.810000e+01	581	1.507847e+03	3.908532e+02	2.880000e+01	7.200000e+00	2.058531e-01	2.000000e-01	2.000000e-01	1
5.820000e+01	582	1.761070e+03	3.251070e+02	2.880000e+01	7.200000e+00	1.558387e-01	2.000000e-01	2.000000e-01	1
5.830000e+01	583	8.557622e+02	5.196207e+02	2.880000e+01	7.200000e+00	3.778008e-01	2.000000e-01	2.000000e-01	1
5.840000e+01	584	1.494298e+03	5.032108e+02	2.880000e+01	7.200000e+00	2.519192e-01	2.000000e-01	2.000000e-01	1
5.850000e+01	585	1.448451e+03	6.555897e+02	2.880000e+01	7.200000e+00	3.115860e-01	2.000000e-01	2.000000e-01	1
5.860000e+01	586	1.904037e+03	4.672909e+02	2.880000e+01	7.200000e+00	1.970588e-01	2.000000e-01	2.000000e-01	1
5.870000e+01	587	1.852604e+03	2.457600e+02	2.880000e+01	7.200000e+00	1.171198e-01	2.000000e-01	2.000000e-01	1
5.880000e+01	588	1.260642e+03	6.447724e+02	2.880000e+01	7.200000e+00	3.383896e-01	2.000000e-01	2.000000e-01	1
5.890000e+01	589	1.810655e+03	7.685344e+02	2.880000e+01	7.200000e+00	2.979752e-01	2.000000e-01	2.000000e-01	1
59	590	1.244483e+03	5.925797e+02	2.880000e+01	7.200000e+00	3.225692e-01	2.000000e-01	2.000000e-01	1
5.910000e+01	591	1.400388e+03	2.883859e+02	2.880000e+01	7.200000e+00	1.707665e-01	2.000000e-01	2.000000e-01	1
5.920000e+01	592	1.612989e+03	3.008186e+02	2.880000e+01	7.200000e+00	1.571833e-01	2.000000e-01	2.000000e-01	1
5.930000e+01	593	1.480463e+03	1.333852e+02	2.880000e+01	7.200000e+00	8.265038e-02	2.000000e-01	2.000000e-01	1
5.940000e+01	594	1.453086e+03	1.798573e+02	2.880000e+01	7.200000e+00	1.101430e-01	2.000000e-01	2.000000e-01	1
5.950000e+01	595	1.665622e+03	2.459162e+02	2.880000e+01	7.200000e+00	1.286483e-01	2.000000e-01	2.000000e-01	1
5.960000e+01	596	1.801411e+03	1.781926e+02	2.880000e+01	7.200000e+00	9.001430e-02	2.000000e-01	2.000000e-01	1
5.970000e+01	597	1.535504e+03	3.182508e+02	2.880000e+01	7.200000e+00	1.716790e-01	2.000000e-01	2.000000e-01	1
5.980000e+01	598	1.658793e+03	3.905527e+02	2.880000e+01	7.200000e+00	1.905743e-01	2.000000e-01	2.000000e-01	1
5.990000e+01	599	1.715629e+03	3.636623e+02	2.880000e+01	7.200000e+00	1.748972e-01	2.000000e-01	2.000000e-01	1
60	600	1.464852e+03	1.052933e+02	2.880000e+01	7.200000e+00	6.705962e-02	2.000000e-01	2.000000e-01	1
6.010000e+01	601	1.543538e+03	4.278069e+02	2.880000e+01	7.200000e+00	2.170127e-01	2.000000e-01	2.000000e-01	1
6.020000e+01	602	1.292365e+03	5.742588e+02	2.880000e+01	7.200000e+00	3.076458e-01	2.000000e-01	2.000000e-01	1
6.030000e+01	603	1.142454e+03	5.614059e+02	2.880000e+01	7.200000e+00	3.294906e-01	2.000000e-01	2.000000e-01	1
6.040000e+01	604	1.331429e+03	2.299827e+02	2.880000e+01	7.200000e+00	1.472915e-01	2.000000e-01	2.000000e-01	1
6.050000e+01	605	1.484786e+03	3.349263e+02	2.880000e+01	7.200000e+00	1.840545e-01	2.000000e-01	2.000000e-01	1
6.060000e+01	606	2.278378e+03	5.381354e+02	2.880000e+01	7.200000e+00	1.910644e-01	2.000000e-01	2.000000e-01	1
6.070000e+01	607	1.087917e+03	2.269202e+02	2.880000e+01	7.200000e+00	1.725842e-01	2.000000e-01	2.000000e-01	1
6.080000e+01	608	1.596441e+03	3.113281e+02	2.880000e+01	7.200000e+00	1.631896e-01	2.000000e-01	2.000000e-01	1
6.090000e+01	609	1.652832e+03	3.718993e+02	2.880000e+01	7.200000e+00	1.836784e-01	2.000000e-01	2.000000e-01	1
61	610	1.798287e+03	1.374917e+02	2.880000e+01	7.200000e+00	7.102656e-02	2.000000e-01	2.000000e-01	1
6.110000e+01	611	1.903229e+03	2.989570e+02	2.880000e+01	7.200000e+00	1.357546e-01	2.000000e-01	2.000000e-01	1
6.120000e+01	612	1.900874e+03	6.222367e+02	2.880000e+01	7.200000e+00	2.466149e-01	2.000000e-01	2.000000e-01	1
6.130000e+01	613	2.050795e+03	1.905380e+02	2.880000e+01	7.200000e+00	8.501100e-02	2.000000e-01	2.000000e-01	1
6.140000e+01	614	1.203342e+03	6.954851e+02	2.880000e+01	7.200000e+00	3.662709e-01	2.000000e-01	2.000000e-01	1
6.150000e+01	615	1.182880e+03	5.605954e+02	2.880000e+01	7.200000e+00	3.215391e-01	2.000000e-01	2.000000e-01	1
6.160000e+01	616	1.278213e+03	4.382372e+02	2.880000e+01	7.200000e+00	2.553160e-01	2.000000e-01	2.000000e-01	1
6.170000e+01	617	2.221873e+03	3.404550e+02	2.880000e+01	7.200000e+00	1.328694e-01	2.000000e-01	2.000000e-01	1
6.180000e+01	618	6.950260e+02	3.920216e+02	2.880000e+01	7.200000e+00	3.606296e-01	2.000000e-01	2.000000e-01	1
6.190000e+01	619	1.633693e+03	5.731503e+02	2.880000e+01	7.200000e+00	2.597150e-01	2.000000e-01	2.000000e-01	1
62	620	1.061789e+03	3.443786e+02	2.880000e+01	7.200000e+00	2.449057e-01	2.000000e-01	2.000000e-01	1
