coordinates 	1.27	122.74	129.27	122.74
time(s)	frame	Idon(a.u.)	Iacc(a.u.)	Idon ideal(a.u.)	Iacc ideal(a.u.)	FRET	FRET ideal (blurr)	FRET ideal	state sequence
1.000000e-01	1	1.164131e+03	4.475675e+02	2.880000e+01	7.200000e+00	2.776993e-01	2.000000e-01	2.000000e-01	1
2.000000e-01	2	1.077020e+03	1.219649e+03	1.691682e+01	1.908318e+01	5.310514e-01	5.300884e-01	7.000000e-01	3
3.000000e-01	3	7.194989e+02	1.284031e+03	1.080000e+01	2.520000e+01	6.408845e-01	7.000000e-01	7.000000e-01	3
4.000000e-01	4	6.733366e+02	8.895272e+02	1.080000e+01	2.520000e+01	5.691649e-01	7.000000e-01	7.000000e-01	3
5.000000e-01	5	4.754672e+02	1.118561e+03	1.080000e+01	2.520000e+01	7.017198e-01	7.000000e-01	7.000000e-01	3
6.000000e-01	6	3.905483e+02	1.478507e+03	1.080000e+01	2.520000e+01	7.910451e-01	7.000000e-01	7.000000e-01	3
7.000000e-01	7	3.343120e+02	1.637524e+03	1.080000e+01	2.520000e+01	8.304565e-01	7.000000e-01	7.000000e-01	3
8.000000e-01	8	5.747987e+02	1.102097e+03	1.080000e+01	2.520000e+01	6.572245e-01	7.000000e-01	7.000000e-01	3
9.000000e-01	9	1.018035e+03	1.278225e+03	1.080000e+01	2.520000e+01	5.566551e-01	7.000000e-01	7.000000e-01	3
1	10	8.049295e+02	1.384746e+03	1.080000e+01	2.520000e+01	6.323977e-01	7.000000e-01	7.000000e-01	3
1.100000e+00	11	5.292918e+02	1.102802e+03	1.080000e+01	2.520000e+01	6.756976e-01	7.000000e-01	7.000000e-01	3
1.200000e+00	12	6.724108e+02	1.413120e+03	1.080000e+01	2.520000e+01	6.775829e-01	7.000000e-01	7.000000e-01	3
1.300000e+00	13	5.782054e+02	1.305326e+03	1.080000e+01	2.520000e+01	6.930206e-01	7.000000e-01	7.000000e-01	3
1.400000e+00	14	5.184694e+02	1.294541e+03	1.080000e+01	2.520000e+01	7.140284e-01	7.000000e-01	7.000000e-01	3
1.500000e+00	15	7.284328e+02	1.879767e+03	1.080000e+01	2.520000e+01	7.207144e-01	7.000000e-01	7.000000e-01	3
1.600000e+00	16	6.527186e+02	1.573065e+03	1.080000e+01	2.520000e+01	7.067466e-01	7.000000e-01	7.000000e-01	3
1.700000e+00	17	5.346289e+02	1.393147e+03	1.080000e+01	2.520000e+01	7.226706e-01	7.000000e-01	7.000000e-01	3
1.800000e+00	18	8.073943e+02	8.918212e+02	1.080000e+01	2.520000e+01	5.248429e-01	7.000000e-01	7.000000e-01	3
1.900000e+00	19	6.218994e+02	1.514275e+03	1.080000e+01	2.520000e+01	7.088724e-01	7.000000e-01	7.000000e-01	3
2	20	5.271842e+02	1.197196e+03	1.080000e+01	2.520000e+01	6.942762e-01	7.000000e-01	7.000000e-01	3
2.100000e+00	21	3.886084e+02	9.819182e+02	1.080000e+01	2.520000e+01	7.164532e-01	7.000000e-01	7.000000e-01	3
2.200000e+00	22	9.117119e+02	8.698070e+02	1.080000e+01	2.520000e+01	4.882390e-01	7.000000e-01	7.000000e-01	3
2.300000e+00	23	6.467727e+02	1.345420e+03	1.080000e+01	2.520000e+01	6.753463e-01	7.000000e-01	7.000000e-01	3
2.400000e+00	24	6.055260e+02	1.619087e+03	1.080000e+01	2.520000e+01	7.278061e-01	7.000000e-01	7.000000e-01	3
2.500000e+00	25	5.266295e+02	1.314477e+03	1.080000e+01	2.520000e+01	7.139604e-01	7.000000e-01	7.000000e-01	3
2.600000e+00	26	4.953779e+02	1.204193e+03	1.080000e+01	2.520000e+01	7.085276e-01	7.000000e-01	7.000000e-01	3
2.700000e+00	27	8.011282e+02	1.706852e+03	1.080000e+01	2.520000e+01	6.805684e-01	7.000000e-01	7.000000e-01	3
2.800000e+00	28	8.559734e+02	1.137866e+03	1.080000e+01	2.520000e+01	5.706908e-01	7.000000e-01	7.000000e-01	3
2.900000e+00	29	3.792367e+02	1.603480e+03	1.080000e+01	2.520000e+01	8.087287e-01	7.000000e-01	7.000000e-01	3
3	30	5.722303e+02	1.610749e+03	1.080000e+01	2.520000e+01	7.378673e-01	7.000000e-01	7.000000e-01	3
3.100000e+00	31	9.126191e+02	7.420998e+02	1.080000e+01	2.520000e+01	4.484748e-01	7.000000e-01	7.000000e-01	3
3.200000e+00	32	4.484906e+02	1.331388e+03	1.080000e+01	2.520000e+01	7.480218e-01	7.000000e-01	7.000000e-01	3
3.300000e+00	33	4.939028e+02	1.751120e+03	1.080000e+01	2.520000e+01	7.800010e-01	7.000000e-01	7.000000e-01	3
3.400000e+00	34	5.069484e+02	1.030750e+03	1.080000e+01	2.520000e+01	6.703201e-01	7.000000e-01	7.000000e-01	3
3.500000e+00	35	6.784809e+02	1.491303e+03	1.080000e+01	2.520000e+01	6.873049e-01	7.000000e-01	7.000000e-01	3
3.600000e+00	36	9.206436e+02	1.165122e+03	1.080000e+01	2.520000e+01	5.586065e-01	7.000000e-01	7.000000e-01	3
3.700000e+00	37	5.864688e+02	1.478046e+03	1.080000e+01	2.520000e+01	7.159290e-01	7.000000e-01	7.000000e-01	3
3.800000e+00	38	5.348842e+02	1.408463e+03	1.080000e+01	2.520000e+01	7.247614e-01	7.000000e-01	7.000000e-01	3
3.900000e+00	39	6.088102e+02	1.614834e+03	1.080000e+01	2.520000e+01	7.262106e-01	7.000000e-01	7.000000e-01	3
4	40	2.472967e+02	9.519483e+02	1.080000e+01	2.520000e+01	7.937897e-01	7.000000e-01	7.000000e-01	3
4.100000e+00	41	6.591731e+02	1.088160e+03	1.080000e+01	2.520000e+01	6.227547e-01	7.000000e-01	7.000000e-01	3
4.200000e+00	42	6.799042e+02	1.465131e+03	1.080000e+01	2.520000e+01	6.830335e-01	7.000000e-01	7.000000e-01	3
4.300000e+00	43	6.428151e+02	1.261172e+03	1.080000e+01	2.520000e+01	6.623847e-01	7.000000e-01	7.000000e-01	3
4.400000e+00	44	5.415535e+02	1.396835e+03	1.080000e+01	2.520000e+01	7.206166e-01	7.000000e-01	7.000000e-01	3
4.500000e+00	45	9.327070e+02	1.514849e+03	1.080000e+01	2.520000e+01	6.189232e-01	7.000000e-01	7.000000e-01	3
4.600000e+00	46	5.371919e+02	1.137514e+03	1.080000e+01	2.520000e+01	6.792321e-01	7.000000e-01	7.000000e-01	3
4.700000e+00	47	5.629014e+02	1.259486e+03	1.080000e+01	2.520000e+01	6.911187e-01	7.000000e-01	7.000000e-01	3
4.800000e+00	48	7.680629e+02	1.675835e+03	1.080000e+01	2.520000e+01	6.857222e-01	7.000000e-01	7.000000e-01	3
4.900000e+00	49	7.507330e+02	1.400943e+03	1.080000e+01	2.520000e+01	6.510939e-01	7.000000e-01	7.000000e-01	3
5	50	6.540104e+02	1.044100e+03	1.080000e+01	2.520000e+01	6.148599e-01	7.000000e-01	7.000000e-01	3
5.100000e+00	51	8.334885e+02	1.197410e+03	1.080000e+01	2.520000e+01	5.895962e-01	7.000000e-01	7.000000e-01	3
5.200000e+00	52	5.260228e+02	1.723056e+03	1.080000e+01	2.520000e+01	7.661163e-01	7.000000e-01	7.000000e-01	3
5.300000e+00	53	3.185679e+02	1.090410e+03	1.080000e+01	2.520000e+01	7.739014e-01	7.000000e-01	7.000000e-01	3
5.400000e+00	54	5.146452e+02	1.278954e+03	1.080000e+01	2.520000e+01	7.130656e-01	7.000000e-01	7.000000e-01	3
5.500000e+00	55	7.153986e+02	1.235969e+03	1.080000e+01	2.520000e+01	6.333860e-01	7.000000e-01	7.000000e-01	3
5.600000e+00	56	8.084834e+02	1.540040e+03	1.080000e+01	2.520000e+01	6.557482e-01	7.000000e-01	7.000000e-01	3
5.700000e+00	57	6.109222e+02	2.090691e+03	1.080000e+01	2.520000e+01	7.738676e-01	7.000000e-01	7.000000e-01	3
5.800000e+00	58	4.694916e+02	1.609350e+03	1.080000e+01	2.520000e+01	7.741571e-01	7.000000e-01	7.000000e-01	3
5.900000e+00	59	5.522263e+02	1.741548e+03	1.080000e+01	2.520000e+01	7.592500e-01	7.000000e-01	7.000000e-01	3
6	60	5.534030e+02	1.005335e+03	1.080000e+01	2.520000e+01	6.449673e-01	7.000000e-01	7.000000e-01	3
6.100000e+00	61	6.857004e+02	1.558375e+03	1.080000e+01	2.520000e+01	6.944397e-01	7.000000e-01	7.000000e-01	3
6.200000e+00	62	8.001352e+02	1.611525e+03	1.080000e+01	2.520000e+01	6.682223e-01	7.000000e-01	7.000000e-01	3
6.300000e+00	63	4.602022e+02	1.395092e+03	1.080000e+01	2.520000e+01	7.519519e-01	7.000000e-01	7.000000e-01	3
6.400000e+00	64	6.660656e+02	1.349163e+03	1.080000e+01	2.520000e+01	6.694838e-01	7.000000e-01	7.000000e-01	3
6.500000e+00	65	5.320530e+02	8.643570e+02	1.080000e+01	2.520000e+01	6.189851e-01	7.000000e-01	7.000000e-01	3
6.600000e+00	66	4.700818e+02	1.291833e+03	1.080000e+01	2.520000e+01	7.331984e-01	7.000000e-01	7.000000e-01	3
6.700000e+00	67	6.701970e+02	1.084668e+03	1.080000e+01	2.520000e+01	6.180920e-01	7.000000e-01	7.000000e-01	3
6.800000e+00	68	8.952781e+02	1.830030e+03	1.080000e+01	2.520000e+01	6.714947e-01	7.000000e-01	7.000000e-01	3
6.900000e+00	69	5.558962e+02	1.370435e+03	1.080000e+01	2.520000e+01	7.114224e-01	7.000000e-01	7.000000e-01	3
7	70	3.738022e+02	9.208805e+02	1.080000e+01	2.520000e+01	7.112789e-01	7.000000e-01	7.000000e-01	3
7.100000e+00	71	1.135365e+03	1.611761e+03	1.080000e+01	2.520000e+01	5.867081e-01	7.000000e-01	7.000000e-01	3
7.200000e+00	72	4.923073e+02	2.004434e+03	1.080000e+01	2.520000e+01	8.028201e-01	7.000000e-01	7.000000e-01	3
7.300000e+00	73	4.624660e+02	1.154468e+03	1.080000e+01	2.520000e+01	7.139859e-01	7.000000e-01	7.000000e-01	3
7.400000e+00	74	9.215842e+02	1.496020e+03	1.080000e+01	2.520000e+01	6.188028e-01	7.000000e-01	7.000000e-01	3
7.500000e+00	75	3.671039e+02	1.230222e+03	1.080000e+01	2.520000e+01	7.701760e-01	7.000000e-01	7.000000e-01	3
7.600000e+00	76	7.554622e+02	1.233276e+03	1.080000e+01	2.520000e+01	6.201299e-01	7.000000e-01	7.000000e-01	3
7.700000e+00	77	5.438253e+02	1.358988e+03	1.080000e+01	2.520000e+01	7.141993e-01	7.000000e-01	7.000000e-01	3
7.800000e+00	78	4.573261e+02	1.343529e+03	1.080000e+01	2.520000e+01	7.460506e-01	7.000000e-01	7.000000e-01	3
7.900000e+00	79	6.401063e+02	1.902941e+03	1.080000e+01	2.520000e+01	7.482917e-01	7.000000e-01	7.000000e-01	3
8	80	5.383366e+02	1.472320e+03	1.080000e+01	2.520000e+01	7.322583e-01	7.000000e-01	7.000000e-01	3
8.100000e+00	81	6.258398e+02	1.238745e+03	1.080000e+01	2.520000e+01	6.643543e-01	7.000000e-01	7.000000e-01	3
8.200000e+00	82	8.704240e+02	1.030372e+03	1.080000e+01	2.520000e+01	5.420738e-01	7.000000e-01	7.000000e-01	3
8.300000e+00	83	7.302866e+02	1.024080e+03	1.080000e+01	2.520000e+01	5.837320e-01	7.000000e-01	7.000000e-01	3
8.400000e+00	84	6.687714e+02	1.333161e+03	1.080000e+01	2.520000e+01	6.659372e-01	7.000000e-01	7.000000e-01	3
8.500000e+00	85	3.513813e+02	1.899954e+03	1.080000e+01	2.520000e+01	8.439232e-01	7.000000e-01	7.000000e-01	3
8.600000e+00	86	7.405383e+02	1.543060e+03	1.080000e+01	2.520000e+01	6.757144e-01	7.000000e-01	7.000000e-01	3
8.700000e+00	87	5.595486e+02	1.491363e+03	1.080000e+01	2.520000e+01	7.271708e-01	7.000000e-01	7.000000e-01	3
8.800000e+00	88	4.647983e+02	1.469541e+03	1.080000e+01	2.520000e+01	7.597121e-01	7.000000e-01	7.000000e-01	3
8.900000e+00	89	3.320806e+02	6.512659e+02	1.080000e+01	2.520000e+01	6.622955e-01	7.000000e-01	7.000000e-01	3
9	90	6.842996e+02	1.120798e+03	1.080000e+01	2.520000e+01	6.209071e-01	7.000000e-01	7.000000e-01	3
9.100000e+00	91	4.887377e+02	1.839730e+03	1.080000e+01	2.520000e+01	7.901033e-01	7.000000e-01	7.000000e-01	3
9.200000e+00	92	8.655109e+02	1.370134e+03	1.080000e+01	2.520000e+01	6.128585e-01	7.000000e-01	7.000000e-01	3
9.300000e+00	93	5.100791e+02	1.556329e+03	1.080000e+01	2.520000e+01	7.531566e-01	7.000000e-01	7.000000e-01	3
9.400000e+00	94	8.890046e+02	1.423277e+03	1.080000e+01	2.520000e+01	6.155293e-01	7.000000e-01	7.000000e-01	3
9.500000e+00	95	6.361554e+02	1.209730e+03	1.080000e+01	2.520000e+01	6.553656e-01	7.000000e-01	7.000000e-01	3
9.600000e+00	96	1.652388e+02	1.504744e+03	1.080000e+01	2.520000e+01	9.010536e-01	7.000000e-01	7.000000e-01	3
9.700000e+00	97	6.694318e+02	1.533710e+03	1.080000e+01	2.520000e+01	6.961468e-01	7.000000e-01	7.000000e-01	3
9.800000e+00	98	5.918503e+02	1.368531e+03	1.080000e+01	2.520000e+01	6.980942e-01	7.000000e-01	7.000000e-01	3
9.900000e+00	99	4.719530e+02	1.191374e+03	1.080000e+01	2.520000e+01	7.162597e-01	7.000000e-01	7.000000e-01	3
10	100	6.251098e+02	1.728605e+03	1.080000e+01	2.520000e+01	7.344157e-01	7.000000e-01	7.000000e-01	3
1.010000e+01	101	5.440722e+02	1.348643e+03	1.080000e+01	2.520000e+01	7.125440e-01	7.000000e-01	7.000000e-01	3
1.020000e+01	102	7.481623e+02	1.088209e+03	1.080000e+01	2.520000e+01	5.925865e-01	7.000000e-01	7.000000e-01	3
1.030000e+01	103	4.176268e+02	1.710374e+03	1.080000e+01	2.520000e+01	8.037469e-01	7.000000e-01	7.000000e-01	3
1.040000e+01	104	7.237728e+02	1.489462e+03	1.080000e+01	2.520000e+01	6.729796e-01	7.000000e-01	7.000000e-01	3
1.050000e+01	105	3.487749e+02	1.902573e+03	1.080000e+01	2.520000e+01	8.450817e-01	7.000000e-01	7.000000e-01	3
1.060000e+01	106	4.562560e+02	1.711625e+03	1.080000e+01	2.520000e+01	7.895383e-01	7.000000e-01	7.000000e-01	3
1.070000e+01	107	6.120121e+02	1.811749e+03	1.080000e+01	2.520000e+01	7.474949e-01	7.000000e-01	7.000000e-01	3
1.080000e+01	108	2.820817e+02	1.243507e+03	1.080000e+01	2.520000e+01	8.150998e-01	7.000000e-01	7.000000e-01	3
1.090000e+01	109	3.822695e+02	8.334723e+02	1.080000e+01	2.520000e+01	6.855669e-01	7.000000e-01	7.000000e-01	3
11	110	6.738550e+02	1.326643e+03	1.080000e+01	2.520000e+01	6.631564e-01	7.000000e-01	7.000000e-01	3
1.110000e+01	111	2.836910e+02	1.517338e+03	1.080000e+01	2.520000e+01	8.424839e-01	7.000000e-01	7.000000e-01	3
1.120000e+01	112	7.522140e+02	1.093432e+03	1.080000e+01	2.520000e+01	5.924387e-01	7.000000e-01	7.000000e-01	3
1.130000e+01	113	6.306324e+02	1.533886e+03	1.080000e+01	2.520000e+01	7.086501e-01	7.000000e-01	7.000000e-01	3
1.140000e+01	114	7.563738e+02	9.225611e+02	1.080000e+01	2.520000e+01	5.494919e-01	7.000000e-01	7.000000e-01	3
1.150000e+01	115	3.198361e+02	1.186813e+03	1.080000e+01	2.520000e+01	7.877169e-01	7.000000e-01	7.000000e-01	3
1.160000e+01	116	9.557644e+02	1.603640e+03	1.080000e+01	2.520000e+01	6.265676e-01	7.000000e-01	7.000000e-01	3
1.170000e+01	117	6.416875e+02	1.240777e+03	1.080000e+01	2.520000e+01	6.591237e-01	7.000000e-01	7.000000e-01	3
1.180000e+01	118	8.626904e+02	1.681546e+03	1.080000e+01	2.520000e+01	6.609236e-01	7.000000e-01	7.000000e-01	3
1.190000e+01	119	8.496360e+02	1.353654e+03	1.080000e+01	2.520000e+01	6.143785e-01	7.000000e-01	7.000000e-01	3
12	120	5.094522e+02	1.510732e+03	1.080000e+01	2.520000e+01	7.478189e-01	7.000000e-01	7.000000e-01	3
1.210000e+01	121	7.072028e+02	1.553749e+03	1.080000e+01	2.520000e+01	6.872102e-01	7.000000e-01	7.000000e-01	3
1.220000e+01	122	7.119851e+02	1.285787e+03	1.080000e+01	2.520000e+01	6.436104e-01	7.000000e-01	7.000000e-01	3
1.230000e+01	123	4.145033e+02	1.595578e+03	1.080000e+01	2.520000e+01	7.937877e-01	7.000000e-01	7.000000e-01	3
1.240000e+01	124	7.813853e+02	1.755679e+03	1.080000e+01	2.520000e+01	6.920120e-01	7.000000e-01	7.000000e-01	3
1.250000e+01	125	6.478623e+02	1.818172e+03	1.080000e+01	2.520000e+01	7.372857e-01	7.000000e-01	7.000000e-01	3
1.260000e+01	126	2.648438e+02	1.425609e+03	1.080000e+01	2.520000e+01	8.433296e-01	7.000000e-01	7.000000e-01	3
1.270000e+01	127	7.595260e+02	1.348151e+03	1.080000e+01	2.520000e+01	6.396383e-01	7.000000e-01	7.000000e-01	3
1.280000e+01	128	2.631460e+02	9.478076e+02	1.080000e+01	2.520000e+01	7.826952e-01	7.000000e-01	7.000000e-01	3
1.290000e+01	129	2.284344e+02	1.258570e+03	1.080000e+01	2.520000e+01	8.463795e-01	7.000000e-01	7.000000e-01	3
13	130	6.367009e+02	1.503449e+03	1.080000e+01	2.520000e+01	7.024971e-01	7.000000e-01	7.000000e-01	3
1.310000e+01	131	6.609081e+02	1.567239e+03	1.080000e+01	2.520000e+01	7.033823e-01	7.000000e-01	7.000000e-01	3
1.320000e+01	132	7.982343e+02	1.332253e+03	1.080000e+01	2.520000e+01	6.253278e-01	7.000000e-01	7.000000e-01	3
1.330000e+01	133	4.700860e+02	1.020058e+03	1.080000e+01	2.520000e+01	6.845365e-01	7.000000e-01	7.000000e-01	3
1.340000e+01	134	4.797307e+02	1.749792e+03	1.080000e+01	2.520000e+01	7.848281e-01	7.000000e-01	7.000000e-01	3
1.350000e+01	135	3.132358e+02	1.718508e+03	1.080000e+01	2.520000e+01	8.458291e-01	7.000000e-01	7.000000e-01	3
1.360000e+01	136	7.667695e+02	1.477391e+03	1.080000e+01	2.520000e+01	6.583268e-01	7.000000e-01	7.000000e-01	3
1.370000e+01	137	7.687926e+02	1.559186e+03	1.080000e+01	2.520000e+01	6.697596e-01	7.000000e-01	7.000000e-01	3
1.380000e+01	138	5.467584e+02	2.003805e+03	1.080000e+01	2.520000e+01	7.856323e-01	7.000000e-01	7.000000e-01	3
1.390000e+01	139	5.642346e+02	1.897543e+03	1.080000e+01	2.520000e+01	7.708020e-01	7.000000e-01	7.000000e-01	3
14	140	3.861402e+02	1.373959e+03	1.080000e+01	2.520000e+01	7.806146e-01	7.000000e-01	7.000000e-01	3
1.410000e+01	141	4.821715e+02	1.405764e+03	1.080000e+01	2.520000e+01	7.446039e-01	7.000000e-01	7.000000e-01	3
1.420000e+01	142	5.410261e+02	1.224585e+03	1.080000e+01	2.520000e+01	6.935757e-01	7.000000e-01	7.000000e-01	3
1.430000e+01	143	3.482423e+02	1.496420e+03	1.080000e+01	2.520000e+01	8.112163e-01	7.000000e-01	7.000000e-01	3
1.440000e+01	144	4.934065e+02	7.722748e+02	1.080000e+01	2.520000e+01	6.101653e-01	7.000000e-01	7.000000e-01	3
1.450000e+01	145	5.824431e+02	1.124777e+03	1.080000e+01	2.520000e+01	6.588354e-01	7.000000e-01	7.000000e-01	3
1.460000e+01	146	7.853308e+02	1.592277e+03	1.080000e+01	2.520000e+01	6.696971e-01	7.000000e-01	7.000000e-01	3
1.470000e+01	147	6.498791e+02	1.613236e+03	1.080000e+01	2.520000e+01	7.128388e-01	7.000000e-01	7.000000e-01	3
1.480000e+01	148	5.942618e+02	1.284885e+03	1.080000e+01	2.520000e+01	6.837598e-01	7.000000e-01	7.000000e-01	3
1.490000e+01	149	7.470315e+02	1.694324e+03	1.080000e+01	2.520000e+01	6.940096e-01	7.000000e-01	7.000000e-01	3
15	150	5.249665e+02	1.319131e+03	1.080000e+01	2.520000e+01	7.153261e-01	7.000000e-01	7.000000e-01	3
1.510000e+01	151	4.786053e+02	1.709819e+03	1.080000e+01	2.520000e+01	7.813014e-01	7.000000e-01	7.000000e-01	3
1.520000e+01	152	4.266295e+02	1.460719e+03	1.080000e+01	2.520000e+01	7.739530e-01	7.000000e-01	7.000000e-01	3
1.530000e+01	153	7.032728e+02	1.585161e+03	1.080000e+01	2.520000e+01	6.926838e-01	7.000000e-01	7.000000e-01	3
1.540000e+01	154	5.154672e+02	1.826608e+03	1.080000e+01	2.520000e+01	7.799100e-01	7.000000e-01	7.000000e-01	3
1.550000e+01	155	3.864508e+02	1.245898e+03	1.080000e+01	2.520000e+01	7.632548e-01	7.000000e-01	7.000000e-01	3
1.560000e+01	156	4.360283e+02	1.491529e+03	1.080000e+01	2.520000e+01	7.737923e-01	7.000000e-01	7.000000e-01	3
1.570000e+01	157	6.313948e+02	1.280639e+03	1.080000e+01	2.520000e+01	6.697784e-01	7.000000e-01	7.000000e-01	3
1.580000e+01	158	8.056452e+02	1.780369e+03	1.080000e+01	2.520000e+01	6.884607e-01	7.000000e-01	7.000000e-01	3
1.590000e+01	159	1.524834e+02	1.085228e+03	1.080000e+01	2.520000e+01	8.768022e-01	7.000000e-01	7.000000e-01	3
16	160	5.000826e+02	1.558195e+03	1.080000e+01	2.520000e+01	7.570384e-01	7.000000e-01	7.000000e-01	3
1.610000e+01	161	6.208936e+02	1.510276e+03	1.080000e+01	2.520000e+01	7.086607e-01	7.000000e-01	7.000000e-01	3
1.620000e+01	162	6.001573e+02	1.459791e+03	1.080000e+01	2.520000e+01	7.086543e-01	7.000000e-01	7.000000e-01	3
1.630000e+01	163	4.422227e+02	1.400719e+03	1.080000e+01	2.520000e+01	7.600453e-01	7.000000e-01	7.000000e-01	3
1.640000e+01	164	4.094874e+02	1.492296e+03	1.080000e+01	2.520000e+01	7.846825e-01	7.000000e-01	7.000000e-01	3
1.650000e+01	165	4.236656e+02	1.003845e+03	1.080000e+01	2.520000e+01	7.032138e-01	7.000000e-01	7.000000e-01	3
1.660000e+01	166	6.799522e+02	2.015935e+03	1.080000e+01	2.520000e+01	7.477817e-01	7.000000e-01	7.000000e-01	3
1.670000e+01	167	5.740550e+02	1.504663e+03	1.080000e+01	2.520000e+01	7.238418e-01	7.000000e-01	7.000000e-01	3
1.680000e+01	168	1.237033e+03	8.822311e+02	2.480983e+01	1.119017e+01	4.162913e-01	3.108380e-01	2.000000e-01	1
1.690000e+01	169	1.800304e+03	6.437638e+02	2.880000e+01	7.200000e+00	2.633985e-01	2.000000e-01	2.000000e-01	1
17	170	1.756265e+03	2.521454e+02	2.880000e+01	7.200000e+00	1.255447e-01	2.000000e-01	2.000000e-01	1
1.710000e+01	171	1.582148e+03	1.788105e+02	2.880000e+01	7.200000e+00	1.015415e-01	2.000000e-01	2.000000e-01	1
1.720000e+01	172	1.897379e+03	2.976072e+02	2.880000e+01	7.200000e+00	1.355850e-01	2.000000e-01	2.000000e-01	1
1.730000e+01	173	1.925777e+03	2.235132e+02	2.880000e+01	7.200000e+00	1.039940e-01	2.000000e-01	2.000000e-01	1
1.740000e+01	174	1.390370e+03	6.619757e+02	2.880000e+01	7.200000e+00	3.225460e-01	2.000000e-01	2.000000e-01	1
1.750000e+01	175	1.195247e+03	2.193758e+02	2.880000e+01	7.200000e+00	1.550772e-01	2.000000e-01	2.000000e-01	1
1.760000e+01	176	1.820604e+03	3.459258e+02	2.880000e+01	7.200000e+00	1.596681e-01	2.000000e-01	2.000000e-01	1
1.770000e+01	177	1.582428e+03	3.039047e+02	2.880000e+01	7.200000e+00	1.611087e-01	2.000000e-01	2.000000e-01	1
1.780000e+01	178	1.385489e+03	1.696263e+02	2.880000e+01	7.200000e+00	1.090763e-01	2.000000e-01	2.000000e-01	1
1.790000e+01	179	1.866553e+03	3.037584e+02	2.880000e+01	7.200000e+00	1.399607e-01	2.000000e-01	2.000000e-01	1
18	180	1.209236e+03	2.175859e+02	2.880000e+01	7.200000e+00	1.524969e-01	2.000000e-01	2.000000e-01	1
1.810000e+01	181	1.600254e+03	4.542483e+02	2.880000e+01	7.200000e+00	2.210990e-01	2.000000e-01	2.000000e-01	1
1.820000e+01	182	1.334290e+03	3.407586e+02	2.880000e+01	7.200000e+00	2.034321e-01	2.000000e-01	2.000000e-01	1
1.830000e+01	183	1.600297e+03	2.977789e+02	2.880000e+01	7.200000e+00	1.568846e-01	2.000000e-01	2.000000e-01	1
1.840000e+01	184	1.096821e+03	2.081933e+02	2.880000e+01	7.200000e+00	1.595334e-01	2.000000e-01	2.000000e-01	1
1.850000e+01	185	8.313701e+02	3.033687e+02	2.880000e+01	7.200000e+00	2.673467e-01	2.000000e-01	2.000000e-01	1
1.860000e+01	186	1.643638e+03	4.601132e+02	2.880000e+01	7.200000e+00	2.187108e-01	2.000000e-01	2.000000e-01	1
1.870000e+01	187	1.678213e+03	5.624108e+02	2.880000e+01	7.200000e+00	2.510063e-01	2.000000e-01	2.000000e-01	1
1.880000e+01	188	1.721460e+03	6.150087e+02	2.880000e+01	7.200000e+00	2.632214e-01	2.000000e-01	2.000000e-01	1
1.890000e+01	189	1.366003e+03	4.217071e+02	2.880000e+01	7.200000e+00	2.358924e-01	2.000000e-01	2.000000e-01	1
19	190	1.098222e+03	2.471929e+02	2.880000e+01	7.200000e+00	1.837299e-01	2.000000e-01	2.000000e-01	1
1.910000e+01	191	1.546168e+03	6.435783e+02	2.880000e+01	7.200000e+00	2.939054e-01	2.000000e-01	2.000000e-01	1
1.920000e+01	192	1.828517e+03	6.600409e+02	2.880000e+01	7.200000e+00	2.652303e-01	2.000000e-01	2.000000e-01	1
1.930000e+01	193	1.520315e+03	1.525328e+02	2.880000e+01	7.200000e+00	9.118147e-02	2.000000e-01	2.000000e-01	1
1.940000e+01	194	1.177099e+03	5.338807e+02	2.880000e+01	7.200000e+00	3.120322e-01	2.000000e-01	2.000000e-01	1
1.950000e+01	195	2.146887e+03	2.847846e+02	2.880000e+01	7.200000e+00	1.171147e-01	2.000000e-01	2.000000e-01	1
1.960000e+01	196	1.861619e+03	6.267833e+02	2.880000e+01	7.200000e+00	2.518818e-01	2.000000e-01	2.000000e-01	1
1.970000e+01	197	1.783448e+03	7.069992e+02	2.880000e+01	7.200000e+00	2.838844e-01	2.000000e-01	2.000000e-01	1
1.980000e+01	198	2.013386e+03	4.898698e+02	2.880000e+01	7.200000e+00	1.956931e-01	2.000000e-01	2.000000e-01	1
1.990000e+01	199	1.404972e+03	6.027963e+02	2.880000e+01	7.200000e+00	3.002319e-01	2.000000e-01	2.000000e-01	1
20	200	1.795097e+03	7.337002e+02	2.880000e+01	7.200000e+00	2.901380e-01	2.000000e-01	2.000000e-01	1
2.010000e+01	201	1.965717e+03	1.679393e+02	2.880000e+01	7.200000e+00	7.870964e-02	2.000000e-01	2.000000e-01	1
2.020000e+01	202	1.174646e+03	3.482725e+02	2.880000e+01	7.200000e+00	2.286876e-01	2.000000e-01	2.000000e-01	1
2.030000e+01	203	1.076172e+03	2.317668e+02	2.880000e+01	7.200000e+00	1.772000e-01	2.000000e-01	2.000000e-01	1
2.040000e+01	204	1.995751e+03	3.637728e+02	2.880000e+01	7.200000e+00	1.541721e-01	2.000000e-01	2.000000e-01	1
2.050000e+01	205	1.332471e+03	9.171188e+02	1.991637e+01	1.608363e+01	4.076826e-01	4.467674e-01	2.000000e-01	1
2.060000e+01	206	8.287627e+02	1.215297e+03	1.080000e+01	2.520000e+01	5.945505e-01	7.000000e-01	7.000000e-01	2
2.070000e+01	207	8.988916e+02	1.777984e+03	1.080000e+01	2.520000e+01	6.642012e-01	7.000000e-01	7.000000e-01	2
2.080000e+01	208	6.487093e+02	1.695049e+03	1.080000e+01	2.520000e+01	7.232184e-01	7.000000e-01	7.000000e-01	2
2.090000e+01	209	6.251720e+02	1.222435e+03	1.080000e+01	2.520000e+01	6.616316e-01	7.000000e-01	7.000000e-01	2
21	210	3.750114e+02	1.790253e+03	1.080000e+01	2.520000e+01	8.268057e-01	7.000000e-01	7.000000e-01	2
2.110000e+01	211	5.172190e+02	9.590737e+02	1.080000e+01	2.520000e+01	6.496501e-01	7.000000e-01	7.000000e-01	2
2.120000e+01	212	6.986490e+02	9.330508e+02	1.080000e+01	2.520000e+01	5.718275e-01	7.000000e-01	7.000000e-01	2
2.130000e+01	213	9.808981e+02	1.495869e+03	1.080000e+01	2.520000e+01	6.039603e-01	7.000000e-01	7.000000e-01	2
2.140000e+01	214	7.027665e+02	1.173515e+03	1.080000e+01	2.520000e+01	6.254471e-01	7.000000e-01	7.000000e-01	2
2.150000e+01	215	4.016741e+02	1.746947e+03	1.080000e+01	2.520000e+01	8.130550e-01	7.000000e-01	7.000000e-01	2
2.160000e+01	216	9.573574e+02	1.367319e+03	1.309379e+01	2.290621e+01	5.881761e-01	6.362835e-01	7.000000e-01	2
2.170000e+01	217	1.583665e+03	3.693631e+02	2.880000e+01	7.200000e+00	1.891233e-01	2.000000e-01	2.000000e-01	1
2.180000e+01	218	1.422389e+03	4.542355e+02	2.880000e+01	7.200000e+00	2.420491e-01	2.000000e-01	2.000000e-01	1
2.190000e+01	219	1.481896e+03	3.040353e+02	2.880000e+01	7.200000e+00	1.702390e-01	2.000000e-01	2.000000e-01	1
22	220	1.531092e+03	1.568230e+02	2.880000e+01	7.200000e+00	9.290930e-02	2.000000e-01	2.000000e-01	1
2.210000e+01	221	1.601312e+03	2.366930e+02	2.880000e+01	7.200000e+00	1.287772e-01	2.000000e-01	2.000000e-01	1
2.220000e+01	222	1.750650e+03	5.178362e+02	2.880000e+01	7.200000e+00	2.282739e-01	2.000000e-01	2.000000e-01	1
2.230000e+01	223	1.538104e+03	5.890594e+02	2.880000e+01	7.200000e+00	2.769224e-01	2.000000e-01	2.000000e-01	1
2.240000e+01	224	1.183487e+03	5.921205e+02	2.880000e+01	7.200000e+00	3.334749e-01	2.000000e-01	2.000000e-01	1
2.250000e+01	225	1.672122e+03	3.648322e+02	2.880000e+01	7.200000e+00	1.791067e-01	2.000000e-01	2.000000e-01	1
2.260000e+01	226	1.866743e+03	4.298953e+02	2.880000e+01	7.200000e+00	1.871846e-01	2.000000e-01	2.000000e-01	1
2.270000e+01	227	1.876258e+03	3.793451e+02	2.880000e+01	7.200000e+00	1.681791e-01	2.000000e-01	2.000000e-01	1
2.280000e+01	228	1.412997e+03	3.156996e+02	2.880000e+01	7.200000e+00	1.826229e-01	2.000000e-01	2.000000e-01	1
2.290000e+01	229	1.459937e+03	3.545002e+02	2.880000e+01	7.200000e+00	1.953776e-01	2.000000e-01	2.000000e-01	1
23	230	1.369059e+03	5.057663e+02	2.880000e+01	7.200000e+00	2.697671e-01	2.000000e-01	2.000000e-01	1
2.310000e+01	231	1.554101e+03	3.721925e+02	2.880000e+01	7.200000e+00	1.932169e-01	2.000000e-01	2.000000e-01	1
2.320000e+01	232	2.024618e+03	4.496735e+02	2.880000e+01	7.200000e+00	1.817383e-01	2.000000e-01	2.000000e-01	1
2.330000e+01	233	1.161565e+03	4.821615e+02	2.880000e+01	7.200000e+00	2.933343e-01	2.000000e-01	2.000000e-01	1
2.340000e+01	234	1.723390e+03	1.925306e+02	2.880000e+01	7.200000e+00	1.004898e-01	2.000000e-01	2.000000e-01	1
2.350000e+01	235	9.829028e+02	5.870671e+02	2.880000e+01	7.200000e+00	3.739352e-01	2.000000e-01	2.000000e-01	1
2.360000e+01	236	1.760212e+03	6.591570e+02	2.880000e+01	7.200000e+00	2.724499e-01	2.000000e-01	2.000000e-01	1
2.370000e+01	237	1.603152e+03	7.189602e+02	2.880000e+01	7.200000e+00	3.096148e-01	2.000000e-01	2.000000e-01	1
2.380000e+01	238	1.580259e+03	2.780060e+02	2.880000e+01	7.200000e+00	1.496051e-01	2.000000e-01	2.000000e-01	1
2.390000e+01	239	1.752981e+03	3.860022e+02	2.880000e+01	7.200000e+00	1.804606e-01	2.000000e-01	2.000000e-01	1
24	240	1.415019e+03	4.093624e+02	2.880000e+01	7.200000e+00	2.243842e-01	2.000000e-01	2.000000e-01	1
2.410000e+01	241	2.024333e+03	5.408829e+02	2.880000e+01	7.200000e+00	2.108528e-01	2.000000e-01	2.000000e-01	1
2.420000e+01	242	1.758034e+03	2.691488e+02	2.880000e+01	7.200000e+00	1.327699e-01	2.000000e-01	2.000000e-01	1
2.430000e+01	243	2.070994e+03	5.709829e+02	2.880000e+01	7.200000e+00	2.161196e-01	2.000000e-01	2.000000e-01	1
2.440000e+01	244	1.740345e+03	5.545038e+02	2.880000e+01	7.200000e+00	2.416298e-01	2.000000e-01	2.000000e-01	1
2.450000e+01	245	1.654057e+03	4.391854e+02	2.880000e+01	7.200000e+00	2.098110e-01	2.000000e-01	2.000000e-01	1
2.460000e+01	246	1.809423e+03	5.524655e+02	2.880000e+01	7.200000e+00	2.339084e-01	2.000000e-01	2.000000e-01	1
2.470000e+01	247	1.562859e+03	5.875030e+02	2.880000e+01	7.200000e+00	2.732113e-01	2.000000e-01	2.000000e-01	1
2.480000e+01	248	1.868175e+03	3.764937e+02	2.880000e+01	7.200000e+00	1.677280e-01	2.000000e-01	2.000000e-01	1
2.490000e+01	249	1.390912e+03	4.657207e+02	2.880000e+01	7.200000e+00	2.508415e-01	2.000000e-01	2.000000e-01	1
25	250	1.413052e+03	3.530771e+02	2.880000e+01	7.200000e+00	1.999158e-01	2.000000e-01	2.000000e-01	1
2.510000e+01	251	1.795923e+03	1.594538e+02	2.880000e+01	7.200000e+00	8.154631e-02	2.000000e-01	2.000000e-01	1
2.520000e+01	252	1.973290e+03	1.486747e+02	2.880000e+01	7.200000e+00	7.006464e-02	2.000000e-01	2.000000e-01	1
2.530000e+01	253	1.924171e+03	5.064205e+02	2.880000e+01	7.200000e+00	2.083528e-01	2.000000e-01	2.000000e-01	1
2.540000e+01	254	1.510582e+03	6.020636e+02	2.880000e+01	7.200000e+00	2.849809e-01	2.000000e-01	2.000000e-01	1
2.550000e+01	255	9.179304e+02	3.260245e+02	2.880000e+01	7.200000e+00	2.620871e-01	2.000000e-01	2.000000e-01	1
2.560000e+01	256	1.869651e+03	3.406472e+02	2.880000e+01	7.200000e+00	1.541182e-01	2.000000e-01	2.000000e-01	1
2.570000e+01	257	1.191818e+03	6.588434e+02	2.880000e+01	7.200000e+00	3.560043e-01	2.000000e-01	2.000000e-01	1
2.580000e+01	258	1.720799e+03	2.713932e+02	2.880000e+01	7.200000e+00	1.362284e-01	2.000000e-01	2.000000e-01	1
2.590000e+01	259	1.631262e+03	4.967497e+02	2.880000e+01	7.200000e+00	2.334338e-01	2.000000e-01	2.000000e-01	1
26	260	1.672569e+03	5.013324e+02	2.880000e+01	7.200000e+00	2.306141e-01	2.000000e-01	2.000000e-01	1
2.610000e+01	261	1.024070e+03	3.634185e+02	2.880000e+01	7.200000e+00	2.619255e-01	2.000000e-01	2.000000e-01	1
2.620000e+01	262	1.824162e+03	1.526231e+02	2.880000e+01	7.200000e+00	7.720775e-02	2.000000e-01	2.000000e-01	1
2.630000e+01	263	1.558272e+03	5.012557e+02	2.880000e+01	7.200000e+00	2.433838e-01	2.000000e-01	2.000000e-01	1
2.640000e+01	264	1.745950e+03	6.914441e+02	2.880000e+01	7.200000e+00	2.836817e-01	2.000000e-01	2.000000e-01	1
2.650000e+01	265	1.170753e+03	4.145790e+02	2.880000e+01	7.200000e+00	2.615093e-01	2.000000e-01	2.000000e-01	1
2.660000e+01	266	2.156379e+03	1.226544e+02	2.880000e+01	7.200000e+00	5.381861e-02	2.000000e-01	2.000000e-01	1
2.670000e+01	267	1.495037e+03	1.090787e+02	2.880000e+01	7.200000e+00	6.799931e-02	2.000000e-01	2.000000e-01	1
2.680000e+01	268	1.354534e+03	3.764605e+02	2.880000e+01	7.200000e+00	2.174822e-01	2.000000e-01	2.000000e-01	1
2.690000e+01	269	1.788169e+03	4.071549e+02	2.880000e+01	7.200000e+00	1.854646e-01	2.000000e-01	2.000000e-01	1
27	270	2.015149e+03	3.245172e+02	2.880000e+01	7.200000e+00	1.387024e-01	2.000000e-01	2.000000e-01	1
2.710000e+01	271	1.212942e+03	4.064449e+02	2.880000e+01	7.200000e+00	2.509869e-01	2.000000e-01	2.000000e-01	1
2.720000e+01	272	9.467637e+02	4.496280e+02	2.880000e+01	7.200000e+00	3.219927e-01	2.000000e-01	2.000000e-01	1
2.730000e+01	273	1.167644e+03	2.964395e+02	2.880000e+01	7.200000e+00	2.024744e-01	2.000000e-01	2.000000e-01	1
2.740000e+01	274	1.640638e+03	2.001600e+02	2.880000e+01	7.200000e+00	1.087354e-01	2.000000e-01	2.000000e-01	1
2.750000e+01	275	1.470232e+03	5.363927e+02	2.880000e+01	7.200000e+00	2.673110e-01	2.000000e-01	2.000000e-01	1
2.760000e+01	276	1.494789e+03	2.566751e+02	2.880000e+01	7.200000e+00	1.465488e-01	2.000000e-01	2.000000e-01	1
2.770000e+01	277	1.834068e+03	5.116531e+02	2.880000e+01	7.200000e+00	2.181219e-01	2.000000e-01	2.000000e-01	1
2.780000e+01	278	1.399455e+03	2.019852e+02	2.880000e+01	7.200000e+00	1.261272e-01	2.000000e-01	2.000000e-01	1
2.790000e+01	279	2.068866e+03	6.820358e+02	2.880000e+01	7.200000e+00	2.479318e-01	2.000000e-01	2.000000e-01	1
28	280	1.310178e+03	4.040563e+02	2.880000e+01	7.200000e+00	2.357066e-01	2.000000e-01	2.000000e-01	1
2.810000e+01	281	1.649125e+03	6.299178e+02	2.880000e+01	7.200000e+00	2.763958e-01	2.000000e-01	2.000000e-01	1
2.820000e+01	282	1.275354e+03	3.431977e+02	2.880000e+01	7.200000e+00	2.120400e-01	2.000000e-01	2.000000e-01	1
2.830000e+01	283	1.281525e+03	3.519180e+02	2.880000e+01	7.200000e+00	2.154456e-01	2.000000e-01	2.000000e-01	1
2.840000e+01	284	1.478029e+03	0	2.880000e+01	7.200000e+00	0	2.000000e-01	2.000000e-01	1
2.850000e+01	285	1.883121e+03	5.861882e+02	2.880000e+01	7.200000e+00	2.373896e-01	2.000000e-01	2.000000e-01	1
2.860000e+01	286	1.449450e+03	3.316800e+02	2.880000e+01	7.200000e+00	1.862188e-01	2.000000e-01	2.000000e-01	1
2.870000e+01	287	1.406092e+03	1.555029e+02	2.880000e+01	7.200000e+00	9.957954e-02	2.000000e-01	2.000000e-01	1
2.880000e+01	288	1.361788e+03	6.653916e+02	2.880000e+01	7.200000e+00	3.282351e-01	2.000000e-01	2.000000e-01	1
2.890000e+01	289	1.316839e+03	4.200628e+02	2.880000e+01	7.200000e+00	2.418460e-01	2.000000e-01	2.000000e-01	1
29	290	1.463632e+03	4.324488e+02	2.880000e+01	7.200000e+00	2.280751e-01	2.000000e-01	2.000000e-01	1
2.910000e+01	291	1.523227e+03	4.071390e+02	2.880000e+01	7.200000e+00	2.109128e-01	2.000000e-01	2.000000e-01	1
2.920000e+01	292	1.767308e+03	4.190707e+02	2.880000e+01	7.200000e+00	1.916734e-01	2.000000e-01	2.000000e-01	1
2.930000e+01	293	1.587713e+03	4.687641e+02	2.880000e+01	7.200000e+00	2.279453e-01	2.000000e-01	2.000000e-01	1
2.940000e+01	294	1.940491e+03	5.840433e+02	2.880000e+01	7.200000e+00	2.313470e-01	2.000000e-01	2.000000e-01	1
2.950000e+01	295	1.783404e+03	3.096619e+02	2.880000e+01	7.200000e+00	1.479466e-01	2.000000e-01	2.000000e-01	1
2.960000e+01	296	1.564789e+03	5.104459e+02	2.880000e+01	7.200000e+00	2.459702e-01	2.000000e-01	2.000000e-01	1
2.970000e+01	297	1.633554e+03	3.240278e+02	2.880000e+01	7.200000e+00	1.655245e-01	2.000000e-01	2.000000e-01	1
2.980000e+01	298	1.606624e+03	4.328459e+02	2.880000e+01	7.200000e+00	2.122345e-01	2.000000e-01	2.000000e-01	1
2.990000e+01	299	1.790925e+03	4.139846e+02	2.880000e+01	7.200000e+00	1.877558e-01	2.000000e-01	2.000000e-01	1
30	300	1.688679e+03	4.000343e+02	2.880000e+01	7.200000e+00	1.915218e-01	2.000000e-01	2.000000e-01	1
3.010000e+01	301	1.523685e+03	1.953594e+02	2.880000e+01	7.200000e+00	1.136442e-01	2.000000e-01	2.000000e-01	1
3.020000e+01	302	1.769790e+03	5.320650e+02	2.880000e+01	7.200000e+00	2.311462e-01	2.000000e-01	2.000000e-01	1
3.030000e+01	303	1.641288e+03	3.316208e+02	2.880000e+01	7.200000e+00	1.680872e-01	2.000000e-01	2.000000e-01	1
3.040000e+01	304	1.957615e+03	3.059479e+02	2.880000e+01	7.200000e+00	1.351621e-01	2.000000e-01	2.000000e-01	1
3.050000e+01	305	1.665545e+03	5.453064e+02	2.880000e+01	7.200000e+00	2.466499e-01	2.000000e-01	2.000000e-01	1
3.060000e+01	306	1.662052e+03	1.118611e+02	2.880000e+01	7.200000e+00	6.305898e-02	2.000000e-01	2.000000e-01	1
3.070000e+01	307	1.577482e+03	4.657740e+02	2.880000e+01	7.200000e+00	2.279568e-01	2.000000e-01	2.000000e-01	1
3.080000e+01	308	1.441422e+03	4.024610e+02	2.880000e+01	7.200000e+00	2.182682e-01	2.000000e-01	2.000000e-01	1
3.090000e+01	309	1.649662e+03	5.101214e+02	2.880000e+01	7.200000e+00	2.361910e-01	2.000000e-01	2.000000e-01	1
31	310	1.639177e+03	1.525005e+02	2.880000e+01	7.200000e+00	8.511603e-02	2.000000e-01	2.000000e-01	1
3.110000e+01	311	1.739312e+03	3.988077e+02	2.880000e+01	7.200000e+00	1.865226e-01	2.000000e-01	2.000000e-01	1
3.120000e+01	312	1.389616e+03	2.960426e+02	2.880000e+01	7.200000e+00	1.756243e-01	2.000000e-01	2.000000e-01	1
3.130000e+01	313	1.369687e+03	6.370904e+01	2.880000e+01	7.200000e+00	4.444622e-02	2.000000e-01	2.000000e-01	1
3.140000e+01	314	1.944222e+03	4.042595e+01	2.880000e+01	7.200000e+00	2.036932e-02	2.000000e-01	2.000000e-01	1
3.150000e+01	315	1.571360e+03	5.305468e+02	2.880000e+01	7.200000e+00	2.524121e-01	2.000000e-01	2.000000e-01	1
3.160000e+01	316	1.594031e+03	5.860206e+02	2.880000e+01	7.200000e+00	2.688104e-01	2.000000e-01	2.000000e-01	1
3.170000e+01	317	1.622079e+03	3.135862e+02	2.880000e+01	7.200000e+00	1.620044e-01	2.000000e-01	2.000000e-01	1
3.180000e+01	318	1.617465e+03	3.424567e+02	2.880000e+01	7.200000e+00	1.747298e-01	2.000000e-01	2.000000e-01	1
3.190000e+01	319	1.663374e+03	3.645424e+02	2.880000e+01	7.200000e+00	1.797621e-01	2.000000e-01	2.000000e-01	1
32	320	1.939172e+03	2.039282e+02	2.880000e+01	7.200000e+00	9.515571e-02	2.000000e-01	2.000000e-01	1
3.210000e+01	321	1.790176e+03	3.886975e+02	2.880000e+01	7.200000e+00	1.783938e-01	2.000000e-01	2.000000e-01	1
3.220000e+01	322	1.883296e+03	1.568644e+02	2.880000e+01	7.200000e+00	7.688828e-02	2.000000e-01	2.000000e-01	1
3.230000e+01	323	1.682071e+03	2.996095e+02	2.880000e+01	7.200000e+00	1.511896e-01	2.000000e-01	2.000000e-01	1
3.240000e+01	324	1.645304e+03	2.448495e+02	2.880000e+01	7.200000e+00	1.295395e-01	2.000000e-01	2.000000e-01	1
3.250000e+01	325	1.750978e+03	5.335819e+02	2.880000e+01	7.200000e+00	2.335601e-01	2.000000e-01	2.000000e-01	1
3.260000e+01	326	1.380769e+03	4.068610e+02	2.880000e+01	7.200000e+00	2.275980e-01	2.000000e-01	2.000000e-01	1
3.270000e+01	327	1.800288e+03	1.957985e+02	2.880000e+01	7.200000e+00	9.809120e-02	2.000000e-01	2.000000e-01	1
3.280000e+01	328	1.721607e+03	5.620673e+02	2.880000e+01	7.200000e+00	2.461241e-01	2.000000e-01	2.000000e-01	1
3.290000e+01	329	1.725366e+03	2.246478e+02	2.880000e+01	7.200000e+00	1.152032e-01	2.000000e-01	2.000000e-01	1
33	330	1.490767e+03	2.099566e+02	2.880000e+01	7.200000e+00	1.234513e-01	2.000000e-01	2.000000e-01	1
3.310000e+01	331	2.095512e+03	2.572215e+02	2.880000e+01	7.200000e+00	1.093288e-01	2.000000e-01	2.000000e-01	1
3.320000e+01	332	1.376691e+03	2.949469e+02	2.880000e+01	7.200000e+00	1.764418e-01	2.000000e-01	2.000000e-01	1
3.330000e+01	333	1.695972e+03	5.562401e+02	2.880000e+01	7.200000e+00	2.469750e-01	2.000000e-01	2.000000e-01	1
3.340000e+01	334	1.543984e+03	6.761269e+02	2.880000e+01	7.200000e+00	3.045464e-01	2.000000e-01	2.000000e-01	1
3.350000e+01	335	1.650637e+03	5.467397e+01	2.880000e+01	7.200000e+00	3.206100e-02	2.000000e-01	2.000000e-01	1
3.360000e+01	336	1.862277e+03	2.557436e+02	2.880000e+01	7.200000e+00	1.207465e-01	2.000000e-01	2.000000e-01	1
3.370000e+01	337	1.838755e+03	4.165645e+02	2.880000e+01	7.200000e+00	1.847031e-01	2.000000e-01	2.000000e-01	1
3.380000e+01	338	1.537700e+03	4.415285e+02	2.880000e+01	7.200000e+00	2.230811e-01	2.000000e-01	2.000000e-01	1
3.390000e+01	339	1.637583e+03	3.826106e+02	2.880000e+01	7.200000e+00	1.893930e-01	2.000000e-01	2.000000e-01	1
34	340	1.360661e+03	2.842018e+02	2.880000e+01	7.200000e+00	1.727815e-01	2.000000e-01	2.000000e-01	1
3.410000e+01	341	1.813676e+03	4.631818e+02	2.880000e+01	7.200000e+00	2.034303e-01	2.000000e-01	2.000000e-01	1
3.420000e+01	342	1.759469e+03	3.851533e+02	2.880000e+01	7.200000e+00	1.795902e-01	2.000000e-01	2.000000e-01	1
3.430000e+01	343	1.400784e+03	3.775898e+02	2.880000e+01	7.200000e+00	2.123231e-01	2.000000e-01	2.000000e-01	1
3.440000e+01	344	1.401177e+03	1.659881e+02	2.880000e+01	7.200000e+00	1.059161e-01	2.000000e-01	2.000000e-01	1
3.450000e+01	345	1.636450e+03	5.867368e+02	2.880000e+01	7.200000e+00	2.639170e-01	2.000000e-01	2.000000e-01	1
3.460000e+01	346	1.134636e+03	8.909675e+02	2.338273e+01	1.261727e+01	4.398529e-01	3.504796e-01	2.000000e-01	1
3.470000e+01	347	1.529694e+03	4.830322e+02	2.397390e+01	1.202610e+01	2.399890e-01	3.340583e-01	2.000000e-01	1
3.480000e+01	348	1.455290e+03	4.884162e+02	2.880000e+01	7.200000e+00	2.512809e-01	2.000000e-01	2.000000e-01	1
3.490000e+01	349	1.770081e+03	3.286261e+02	2.880000e+01	7.200000e+00	1.565850e-01	2.000000e-01	2.000000e-01	1
35	350	1.309607e+03	1.520147e+02	2.880000e+01	7.200000e+00	1.040041e-01	2.000000e-01	2.000000e-01	1
3.510000e+01	351	1.107721e+03	5.528783e+02	2.880000e+01	7.200000e+00	3.329391e-01	2.000000e-01	2.000000e-01	1
3.520000e+01	352	1.590665e+03	4.065357e+02	2.880000e+01	7.200000e+00	2.035528e-01	2.000000e-01	2.000000e-01	1
3.530000e+01	353	1.116955e+03	3.652916e+02	2.880000e+01	7.200000e+00	2.464445e-01	2.000000e-01	2.000000e-01	1
3.540000e+01	354	1.183001e+03	4.682411e+02	2.880000e+01	7.200000e+00	2.835690e-01	2.000000e-01	2.000000e-01	1
3.550000e+01	355	1.571234e+03	3.744631e+02	2.880000e+01	7.200000e+00	1.924570e-01	2.000000e-01	2.000000e-01	1
3.560000e+01	356	1.201972e+03	2.347163e+02	2.880000e+01	7.200000e+00	1.633731e-01	2.000000e-01	2.000000e-01	1
3.570000e+01	357	1.973828e+03	5.803829e+02	2.880000e+01	7.200000e+00	2.272259e-01	2.000000e-01	2.000000e-01	1
3.580000e+01	358	1.377804e+03	4.536235e+02	2.880000e+01	7.200000e+00	2.476884e-01	2.000000e-01	2.000000e-01	1
3.590000e+01	359	1.210198e+03	4.122522e+02	2.880000e+01	7.200000e+00	2.540923e-01	2.000000e-01	2.000000e-01	1
36	360	1.488696e+03	5.645925e+02	2.880000e+01	7.200000e+00	2.749699e-01	2.000000e-01	2.000000e-01	1
3.610000e+01	361	1.608868e+03	4.095737e+02	2.880000e+01	7.200000e+00	2.029158e-01	2.000000e-01	2.000000e-01	1
3.620000e+01	362	1.635551e+03	3.475036e+02	2.880000e+01	7.200000e+00	1.752366e-01	2.000000e-01	2.000000e-01	1
3.630000e+01	363	1.030029e+03	3.531252e+02	2.880000e+01	7.200000e+00	2.553043e-01	2.000000e-01	2.000000e-01	1
3.640000e+01	364	1.635544e+03	2.951953e+02	2.880000e+01	7.200000e+00	1.528924e-01	2.000000e-01	2.000000e-01	1
3.650000e+01	365	1.373108e+03	4.906472e+02	2.880000e+01	7.200000e+00	2.632573e-01	2.000000e-01	2.000000e-01	1
3.660000e+01	366	1.987959e+03	3.786159e+02	2.880000e+01	7.200000e+00	1.599847e-01	2.000000e-01	2.000000e-01	1
3.670000e+01	367	1.379644e+03	6.541978e+02	2.880000e+01	7.200000e+00	3.216562e-01	2.000000e-01	2.000000e-01	1
3.680000e+01	368	1.447169e+03	5.885554e+02	2.880000e+01	7.200000e+00	2.891134e-01	2.000000e-01	2.000000e-01	1
3.690000e+01	369	1.371146e+03	3.644938e+02	2.880000e+01	7.200000e+00	2.100055e-01	2.000000e-01	2.000000e-01	1
37	370	1.931710e+03	6.111166e+02	2.880000e+01	7.200000e+00	2.403297e-01	2.000000e-01	2.000000e-01	1
3.710000e+01	371	1.112321e+03	3.742330e+02	2.880000e+01	7.200000e+00	2.517453e-01	2.000000e-01	2.000000e-01	1
3.720000e+01	372	1.237760e+03	5.716167e+02	2.880000e+01	7.200000e+00	3.159191e-01	2.000000e-01	2.000000e-01	1
3.730000e+01	373	1.553783e+03	3.391079e+02	2.880000e+01	7.200000e+00	1.791482e-01	2.000000e-01	2.000000e-01	1
3.740000e+01	374	9.833473e+02	4.393092e+02	2.880000e+01	7.200000e+00	3.087950e-01	2.000000e-01	2.000000e-01	1
3.750000e+01	375	1.467733e+03	3.873385e+02	2.880000e+01	7.200000e+00	2.087998e-01	2.000000e-01	2.000000e-01	1
3.760000e+01	376	1.989321e+03	5.487161e+02	2.880000e+01	7.200000e+00	2.161971e-01	2.000000e-01	2.000000e-01	1
3.770000e+01	377	1.888046e+03	2.330500e+02	2.880000e+01	7.200000e+00	1.098724e-01	2.000000e-01	2.000000e-01	1
3.780000e+01	378	1.455380e+03	5.467575e+02	2.880000e+01	7.200000e+00	2.730869e-01	2.000000e-01	2.000000e-01	1
3.790000e+01	379	1.765017e+03	3.708253e+02	2.880000e+01	7.200000e+00	1.736202e-01	2.000000e-01	2.000000e-01	1
38	380	1.527980e+03	3.062853e+02	2.880000e+01	7.200000e+00	1.669799e-01	2.000000e-01	2.000000e-01	1
3.810000e+01	381	1.273223e+03	1.788723e+02	2.880000e+01	7.200000e+00	1.231822e-01	2.000000e-01	2.000000e-01	1
3.820000e+01	382	1.698183e+03	3.387380e+02	2.880000e+01	7.200000e+00	1.662991e-01	2.000000e-01	2.000000e-01	1
3.830000e+01	383	1.522579e+03	4.623720e+02	2.880000e+01	7.200000e+00	2.329387e-01	2.000000e-01	2.000000e-01	1
3.840000e+01	384	1.510096e+03	3.277661e+02	2.880000e+01	7.200000e+00	1.783409e-01	2.000000e-01	2.000000e-01	1
3.850000e+01	385	1.114263e+03	5.151957e+02	2.880000e+01	7.200000e+00	3.161759e-01	2.000000e-01	2.000000e-01	1
3.860000e+01	386	1.758027e+03	2.222719e+02	2.880000e+01	7.200000e+00	1.122416e-01	2.000000e-01	2.000000e-01	1
3.870000e+01	387	1.318624e+03	4.696042e+02	2.880000e+01	7.200000e+00	2.626086e-01	2.000000e-01	2.000000e-01	1
3.880000e+01	388	1.349919e+03	1.581423e+02	2.880000e+01	7.200000e+00	1.048647e-01	2.000000e-01	2.000000e-01	1
3.890000e+01	389	1.469488e+03	1.758562e+02	2.880000e+01	7.200000e+00	1.068811e-01	2.000000e-01	2.000000e-01	1
39	390	1.850831e+03	5.934077e+02	2.880000e+01	7.200000e+00	2.427782e-01	2.000000e-01	2.000000e-01	1
3.910000e+01	391	1.846427e+03	6.332379e+02	2.880000e+01	7.200000e+00	2.553723e-01	2.000000e-01	2.000000e-01	1
3.920000e+01	392	1.942595e+03	3.799191e+02	2.880000e+01	7.200000e+00	1.635810e-01	2.000000e-01	2.000000e-01	1
3.930000e+01	393	2.258885e+03	3.233336e+02	2.880000e+01	7.200000e+00	1.252154e-01	2.000000e-01	2.000000e-01	1
3.940000e+01	394	1.608335e+03	5.847146e+02	2.880000e+01	7.200000e+00	2.666217e-01	2.000000e-01	2.000000e-01	1
3.950000e+01	395	1.507988e+03	6.642299e+02	2.880000e+01	7.200000e+00	3.057841e-01	2.000000e-01	2.000000e-01	1
3.960000e+01	396	1.645699e+03	4.997255e+02	2.880000e+01	7.200000e+00	2.329262e-01	2.000000e-01	2.000000e-01	1
3.970000e+01	397	1.764728e+03	1.919081e+02	2.880000e+01	7.200000e+00	9.808063e-02	2.000000e-01	2.000000e-01	1
3.980000e+01	398	1.403015e+03	5.440270e+02	2.880000e+01	7.200000e+00	2.794120e-01	2.000000e-01	2.000000e-01	1
3.990000e+01	399	1.672769e+03	7.205719e+02	2.880000e+01	7.200000e+00	3.010736e-01	2.000000e-01	2.000000e-01	1
40	400	1.350501e+03	2.795756e+02	2.880000e+01	7.200000e+00	1.715107e-01	2.000000e-01	2.000000e-01	1
4.010000e+01	401	1.707247e+03	4.334628e+02	2.880000e+01	7.200000e+00	2.024855e-01	2.000000e-01	2.000000e-01	1
4.020000e+01	402	1.657728e+03	3.440654e+02	2.880000e+01	7.200000e+00	1.718786e-01	2.000000e-01	2.000000e-01	1
4.030000e+01	403	1.783974e+03	5.417775e+02	2.880000e+01	7.200000e+00	2.329473e-01	2.000000e-01	2.000000e-01	1
4.040000e+01	404	1.876302e+03	2.783221e+02	2.880000e+01	7.200000e+00	1.291743e-01	2.000000e-01	2.000000e-01	1
4.050000e+01	405	1.492970e+03	4.329359e+02	2.880000e+01	7.200000e+00	2.247960e-01	2.000000e-01	2.000000e-01	1
4.060000e+01	406	1.282672e+03	2.037682e+02	2.880000e+01	7.200000e+00	1.370847e-01	2.000000e-01	2.000000e-01	1
4.070000e+01	407	1.213477e+03	4.393141e+02	2.880000e+01	7.200000e+00	2.658014e-01	2.000000e-01	2.000000e-01	1
4.080000e+01	408	1.339518e+03	4.294790e+02	2.880000e+01	7.200000e+00	2.427811e-01	2.000000e-01	2.000000e-01	1
4.090000e+01	409	1.758082e+03	3.765913e+02	2.880000e+01	7.200000e+00	1.764163e-01	2.000000e-01	2.000000e-01	1
41	410	1.396202e+03	3.412448e+02	2.880000e+01	7.200000e+00	1.964060e-01	2.000000e-01	2.000000e-01	1
4.110000e+01	411	1.588410e+03	3.454300e+02	2.880000e+01	7.200000e+00	1.786239e-01	2.000000e-01	2.000000e-01	1
4.120000e+01	412	1.501764e+03	4.576482e+02	2.880000e+01	7.200000e+00	2.335640e-01	2.000000e-01	2.000000e-01	1
4.130000e+01	413	1.625212e+03	6.302709e+02	2.880000e+01	7.200000e+00	2.794394e-01	2.000000e-01	2.000000e-01	1
4.140000e+01	414	1.335382e+03	3.593505e+02	2.880000e+01	7.200000e+00	2.120396e-01	2.000000e-01	2.000000e-01	1
4.150000e+01	415	1.955334e+03	4.109584e+02	2.880000e+01	7.200000e+00	1.736718e-01	2.000000e-01	2.000000e-01	1
4.160000e+01	416	1.285806e+03	4.166491e+02	2.880000e+01	7.200000e+00	2.447343e-01	2.000000e-01	2.000000e-01	1
4.170000e+01	417	2.043552e+03	5.715476e+02	2.880000e+01	7.200000e+00	2.185568e-01	2.000000e-01	2.000000e-01	1
4.180000e+01	418	1.552113e+03	5.832501e+02	2.880000e+01	7.200000e+00	2.731386e-01	2.000000e-01	2.000000e-01	1
4.190000e+01	419	1.434442e+03	3.759794e+02	2.880000e+01	7.200000e+00	2.076751e-01	2.000000e-01	2.000000e-01	1
42	420	1.187431e+03	3.164779e+02	2.880000e+01	7.200000e+00	2.104368e-01	2.000000e-01	2.000000e-01	1
4.210000e+01	421	2.051114e+03	7.193835e+02	2.880000e+01	7.200000e+00	2.596586e-01	2.000000e-01	2.000000e-01	1
4.220000e+01	422	1.005549e+03	2.950828e+02	2.880000e+01	7.200000e+00	2.268765e-01	2.000000e-01	2.000000e-01	1
4.230000e+01	423	1.382701e+03	1.171634e+03	2.241365e+01	1.358635e+01	4.586845e-01	3.773985e-01	2.000000e-01	1
4.240000e+01	424	5.016913e+02	1.642554e+03	1.080000e+01	2.520000e+01	7.660290e-01	7.000000e-01	7.000000e-01	3
4.250000e+01	425	1.016784e+02	1.420215e+03	1.080000e+01	2.520000e+01	9.331895e-01	7.000000e-01	7.000000e-01	3
4.260000e+01	426	7.438764e+02	1.855617e+03	1.080000e+01	2.520000e+01	7.138379e-01	7.000000e-01	7.000000e-01	3
4.270000e+01	427	5.318662e+02	9.551485e+02	1.080000e+01	2.520000e+01	6.423262e-01	7.000000e-01	7.000000e-01	3
4.280000e+01	428	4.307488e+02	1.388268e+03	1.080000e+01	2.520000e+01	7.631969e-01	7.000000e-01	7.000000e-01	3
4.290000e+01	429	4.804543e+02	1.605059e+03	1.080000e+01	2.520000e+01	7.696230e-01	7.000000e-01	7.000000e-01	3
43	430	6.656527e+02	1.221536e+03	1.080000e+01	2.520000e+01	6.472781e-01	7.000000e-01	7.000000e-01	3
4.310000e+01	431	7.631337e+02	1.253599e+03	1.080000e+01	2.520000e+01	6.215991e-01	7.000000e-01	7.000000e-01	3
4.320000e+01	432	6.719029e+02	1.188858e+03	1.080000e+01	2.520000e+01	6.389095e-01	7.000000e-01	7.000000e-01	3
4.330000e+01	433	8.847509e+02	1.473802e+03	1.080000e+01	2.520000e+01	6.248755e-01	7.000000e-01	7.000000e-01	3
4.340000e+01	434	4.961423e+02	1.394549e+03	1.080000e+01	2.520000e+01	7.375869e-01	7.000000e-01	7.000000e-01	3
4.350000e+01	435	7.915574e+02	1.512485e+03	1.080000e+01	2.520000e+01	6.564484e-01	7.000000e-01	7.000000e-01	3
4.360000e+01	436	6.932676e+02	1.600021e+03	1.080000e+01	2.520000e+01	6.976972e-01	7.000000e-01	7.000000e-01	3
4.370000e+01	437	9.193208e+02	1.048826e+03	1.080000e+01	2.520000e+01	5.329002e-01	7.000000e-01	7.000000e-01	3
4.380000e+01	438	5.775739e+02	1.234673e+03	1.080000e+01	2.520000e+01	6.812940e-01	7.000000e-01	7.000000e-01	3
4.390000e+01	439	3.785704e+02	1.362087e+03	1.080000e+01	2.520000e+01	7.825130e-01	7.000000e-01	7.000000e-01	3
44	440	7.580251e+02	1.353247e+03	1.080000e+01	2.520000e+01	6.409628e-01	7.000000e-01	7.000000e-01	3
4.410000e+01	441	7.299472e+02	1.259758e+03	1.080000e+01	2.520000e+01	6.331380e-01	7.000000e-01	7.000000e-01	3
4.420000e+01	442	9.129926e+02	1.889099e+03	1.080000e+01	2.520000e+01	6.741746e-01	7.000000e-01	7.000000e-01	3
4.430000e+01	443	9.131413e+02	1.025155e+03	1.080000e+01	2.520000e+01	5.288949e-01	7.000000e-01	7.000000e-01	3
4.440000e+01	444	8.447297e+02	1.319963e+03	1.080000e+01	2.520000e+01	6.097693e-01	7.000000e-01	7.000000e-01	3
4.450000e+01	445	8.392156e+02	1.792314e+03	1.080000e+01	2.520000e+01	6.810921e-01	7.000000e-01	7.000000e-01	3
4.460000e+01	446	6.879297e+02	1.797365e+03	1.080000e+01	2.520000e+01	7.231999e-01	7.000000e-01	7.000000e-01	3
4.470000e+01	447	2.331498e+02	8.911732e+02	1.080000e+01	2.520000e+01	7.926310e-01	7.000000e-01	7.000000e-01	3
4.480000e+01	448	6.061533e+02	1.642481e+03	1.080000e+01	2.520000e+01	7.304349e-01	7.000000e-01	7.000000e-01	3
4.490000e+01	449	5.942961e+02	1.206548e+03	1.080000e+01	2.520000e+01	6.699903e-01	7.000000e-01	7.000000e-01	3
45	450	7.607685e+02	1.423529e+03	1.080000e+01	2.520000e+01	6.517102e-01	7.000000e-01	7.000000e-01	3
4.510000e+01	451	9.317075e+02	1.488263e+03	1.080000e+01	2.520000e+01	6.149923e-01	7.000000e-01	7.000000e-01	3
4.520000e+01	452	3.741144e+02	1.260511e+03	1.080000e+01	2.520000e+01	7.711314e-01	7.000000e-01	7.000000e-01	3
4.530000e+01	453	5.216175e+02	1.334606e+03	1.080000e+01	2.520000e+01	7.189900e-01	7.000000e-01	7.000000e-01	3
4.540000e+01	454	6.615201e+02	1.213788e+03	1.080000e+01	2.520000e+01	6.472472e-01	7.000000e-01	7.000000e-01	3
4.550000e+01	455	5.895431e+02	1.865959e+03	1.080000e+01	2.520000e+01	7.599094e-01	7.000000e-01	7.000000e-01	3
4.560000e+01	456	6.602206e+02	1.492842e+03	1.080000e+01	2.520000e+01	6.933574e-01	7.000000e-01	7.000000e-01	3
4.570000e+01	457	3.837880e+02	1.335666e+03	1.080000e+01	2.520000e+01	7.767966e-01	7.000000e-01	7.000000e-01	3
4.580000e+01	458	1.860090e+02	1.651447e+03	1.080000e+01	2.520000e+01	8.987682e-01	7.000000e-01	7.000000e-01	3
4.590000e+01	459	7.233265e+02	8.363542e+02	1.080000e+01	2.520000e+01	5.362343e-01	7.000000e-01	7.000000e-01	3
46	460	7.321966e+02	1.725093e+03	1.080000e+01	2.520000e+01	7.020309e-01	7.000000e-01	7.000000e-01	3
4.610000e+01	461	3.678412e+02	2.095794e+03	1.080000e+01	2.520000e+01	8.506917e-01	7.000000e-01	7.000000e-01	3
4.620000e+01	462	6.459482e+02	1.212477e+03	1.080000e+01	2.520000e+01	6.524217e-01	7.000000e-01	7.000000e-01	3
4.630000e+01	463	6.043668e+02	9.911429e+02	1.080000e+01	2.520000e+01	6.212077e-01	7.000000e-01	7.000000e-01	3
4.640000e+01	464	5.276390e+02	7.833885e+02	1.080000e+01	2.520000e+01	5.975378e-01	7.000000e-01	7.000000e-01	3
4.650000e+01	465	3.414105e+02	1.435359e+03	1.080000e+01	2.520000e+01	8.078476e-01	7.000000e-01	7.000000e-01	3
4.660000e+01	466	5.341607e+02	1.298646e+03	1.080000e+01	2.520000e+01	7.085558e-01	7.000000e-01	7.000000e-01	3
4.670000e+01	467	5.077742e+02	1.510135e+03	1.080000e+01	2.520000e+01	7.483662e-01	7.000000e-01	7.000000e-01	3
4.680000e+01	468	5.820127e+02	1.420964e+03	1.080000e+01	2.520000e+01	7.094261e-01	7.000000e-01	7.000000e-01	3
4.690000e+01	469	8.387455e+02	1.620290e+03	1.080000e+01	2.520000e+01	6.589129e-01	7.000000e-01	7.000000e-01	3
47	470	6.286773e+02	8.079371e+02	1.080000e+01	2.520000e+01	5.623897e-01	7.000000e-01	7.000000e-01	3
4.710000e+01	471	6.774229e+02	1.545749e+03	1.080000e+01	2.520000e+01	6.952899e-01	7.000000e-01	7.000000e-01	3
4.720000e+01	472	7.790875e+02	1.400785e+03	1.080000e+01	2.520000e+01	6.425995e-01	7.000000e-01	7.000000e-01	3
4.730000e+01	473	5.665933e+02	1.737606e+03	1.080000e+01	2.520000e+01	7.541040e-01	7.000000e-01	7.000000e-01	3
4.740000e+01	474	6.670780e+02	1.945164e+03	1.080000e+01	2.520000e+01	7.446339e-01	7.000000e-01	7.000000e-01	3
4.750000e+01	475	5.866961e+02	1.512307e+03	1.080000e+01	2.520000e+01	7.204883e-01	7.000000e-01	7.000000e-01	3
4.760000e+01	476	3.581737e+02	1.709385e+03	1.080000e+01	2.520000e+01	8.267649e-01	7.000000e-01	7.000000e-01	3
4.770000e+01	477	3.522970e+02	1.828056e+03	1.080000e+01	2.520000e+01	8.384220e-01	7.000000e-01	7.000000e-01	3
4.780000e+01	478	5.717740e+02	1.555610e+03	1.080000e+01	2.520000e+01	7.312314e-01	7.000000e-01	7.000000e-01	3
4.790000e+01	479	1.038516e+03	1.174830e+03	1.080000e+01	2.520000e+01	5.307938e-01	7.000000e-01	7.000000e-01	3
48	480	4.239019e+02	1.479298e+03	1.080000e+01	2.520000e+01	7.772688e-01	7.000000e-01	7.000000e-01	3
4.810000e+01	481	6.024441e+02	1.587377e+03	1.080000e+01	2.520000e+01	7.248888e-01	7.000000e-01	7.000000e-01	3
4.820000e+01	482	7.633088e+02	1.457658e+03	1.080000e+01	2.520000e+01	6.563169e-01	7.000000e-01	7.000000e-01	3
4.830000e+01	483	5.747095e+02	1.198529e+03	1.080000e+01	2.520000e+01	6.758984e-01	7.000000e-01	7.000000e-01	3
4.840000e+01	484	8.452056e+02	1.840378e+03	1.080000e+01	2.520000e+01	6.852805e-01	7.000000e-01	7.000000e-01	3
4.850000e+01	485	7.627884e+02	1.060784e+03	1.080000e+01	2.520000e+01	5.817065e-01	7.000000e-01	7.000000e-01	3
4.860000e+01	486	6.659156e+02	1.449686e+03	1.080000e+01	2.520000e+01	6.852359e-01	7.000000e-01	7.000000e-01	3
4.870000e+01	487	5.999888e+02	1.575853e+03	1.080000e+01	2.520000e+01	7.242499e-01	7.000000e-01	7.000000e-01	3
4.880000e+01	488	3.382523e+02	1.136660e+03	1.080000e+01	2.520000e+01	7.706627e-01	7.000000e-01	7.000000e-01	3
4.890000e+01	489	5.728954e+02	1.337122e+03	1.080000e+01	2.520000e+01	7.000575e-01	7.000000e-01	7.000000e-01	3
49	490	4.417451e+02	9.651830e+02	1.080000e+01	2.520000e+01	6.860216e-01	7.000000e-01	7.000000e-01	3
4.910000e+01	491	4.244956e+02	1.417456e+03	1.080000e+01	2.520000e+01	7.695404e-01	7.000000e-01	7.000000e-01	3
4.920000e+01	492	3.264528e+02	1.252060e+03	1.080000e+01	2.520000e+01	7.931896e-01	7.000000e-01	7.000000e-01	3
4.930000e+01	493	6.312091e+02	1.792624e+03	1.080000e+01	2.520000e+01	7.395822e-01	7.000000e-01	7.000000e-01	3
4.940000e+01	494	9.805374e+02	1.140510e+03	1.080000e+01	2.520000e+01	5.377107e-01	7.000000e-01	7.000000e-01	3
4.950000e+01	495	4.501495e+02	1.382799e+03	1.080000e+01	2.520000e+01	7.544123e-01	7.000000e-01	7.000000e-01	3
4.960000e+01	496	4.308462e+02	1.400552e+03	1.080000e+01	2.520000e+01	7.647447e-01	7.000000e-01	7.000000e-01	3
4.970000e+01	497	7.322928e+02	1.493863e+03	1.080000e+01	2.520000e+01	6.710505e-01	7.000000e-01	7.000000e-01	3
4.980000e+01	498	6.341501e+02	1.122777e+03	1.080000e+01	2.520000e+01	6.390573e-01	7.000000e-01	7.000000e-01	3
4.990000e+01	499	8.949938e+02	1.546893e+03	1.080000e+01	2.520000e+01	6.334827e-01	7.000000e-01	7.000000e-01	3
50	500	6.215558e+02	1.268170e+03	1.080000e+01	2.520000e+01	6.710869e-01	7.000000e-01	7.000000e-01	3
5.010000e+01	501	4.968805e+02	1.831326e+03	1.080000e+01	2.520000e+01	7.865823e-01	7.000000e-01	7.000000e-01	3
5.020000e+01	502	6.400392e+02	1.647622e+03	1.080000e+01	2.520000e+01	7.202211e-01	7.000000e-01	7.000000e-01	3
5.030000e+01	503	8.116605e+02	1.876388e+03	1.080000e+01	2.520000e+01	6.980485e-01	7.000000e-01	7.000000e-01	3
5.040000e+01	504	9.077665e+02	1.870849e+03	1.080000e+01	2.520000e+01	6.733026e-01	7.000000e-01	7.000000e-01	3
5.050000e+01	505	5.832655e+02	1.483520e+03	1.080000e+01	2.520000e+01	7.177909e-01	7.000000e-01	7.000000e-01	3
5.060000e+01	506	5.846827e+02	1.293124e+03	1.080000e+01	2.520000e+01	6.886353e-01	7.000000e-01	7.000000e-01	3
5.070000e+01	507	5.297204e+02	1.772527e+03	1.080000e+01	2.520000e+01	7.699116e-01	7.000000e-01	7.000000e-01	3
5.080000e+01	508	3.983986e+02	1.400009e+03	1.080000e+01	2.520000e+01	7.784715e-01	7.000000e-01	7.000000e-01	3
5.090000e+01	509	5.945662e+02	1.193522e+03	1.080000e+01	2.520000e+01	6.674850e-01	7.000000e-01	7.000000e-01	3
51	510	6.979297e+02	8.784517e+02	1.080000e+01	2.520000e+01	5.572584e-01	7.000000e-01	7.000000e-01	3
5.110000e+01	511	3.803961e+02	1.043880e+03	1.080000e+01	2.520000e+01	7.329197e-01	7.000000e-01	7.000000e-01	3
5.120000e+01	512	6.862847e+02	1.280142e+03	1.080000e+01	2.520000e+01	6.509992e-01	7.000000e-01	7.000000e-01	3
5.130000e+01	513	5.483769e+02	1.306330e+03	1.080000e+01	2.520000e+01	7.043323e-01	7.000000e-01	7.000000e-01	3
5.140000e+01	514	3.834364e+02	1.550159e+03	1.080000e+01	2.520000e+01	8.016977e-01	7.000000e-01	7.000000e-01	3
5.150000e+01	515	6.700904e+02	1.154913e+03	1.080000e+01	2.520000e+01	6.328279e-01	7.000000e-01	7.000000e-01	3
5.160000e+01	516	6.689214e+02	1.545908e+03	1.080000e+01	2.520000e+01	6.979807e-01	7.000000e-01	7.000000e-01	3
5.170000e+01	517	5.201268e+02	1.467563e+03	1.080000e+01	2.520000e+01	7.383259e-01	7.000000e-01	7.000000e-01	3
5.180000e+01	518	2.342284e+02	1.484486e+03	1.080000e+01	2.520000e+01	8.637189e-01	7.000000e-01	7.000000e-01	3
5.190000e+01	519	4.762612e+02	1.510058e+03	1.080000e+01	2.520000e+01	7.602293e-01	7.000000e-01	7.000000e-01	3
52	520	7.959982e+02	1.352561e+03	1.080000e+01	2.520000e+01	6.295200e-01	7.000000e-01	7.000000e-01	3
5.210000e+01	521	7.963603e+02	1.083147e+03	1.080000e+01	2.520000e+01	5.762931e-01	7.000000e-01	7.000000e-01	3
5.220000e+01	522	4.320406e+02	1.160261e+03	1.080000e+01	2.520000e+01	7.286692e-01	7.000000e-01	7.000000e-01	3
5.230000e+01	523	9.706865e+02	1.471112e+03	1.080000e+01	2.520000e+01	6.024707e-01	7.000000e-01	7.000000e-01	3
5.240000e+01	524	7.353769e+02	9.618152e+02	1.080000e+01	2.520000e+01	5.667097e-01	7.000000e-01	7.000000e-01	3
5.250000e+01	525	6.724646e+02	1.593201e+03	1.080000e+01	2.520000e+01	7.031933e-01	7.000000e-01	7.000000e-01	3
5.260000e+01	526	5.105820e+02	1.427641e+03	1.080000e+01	2.520000e+01	7.365721e-01	7.000000e-01	7.000000e-01	3
5.270000e+01	527	7.570796e+02	1.107606e+03	1.080000e+01	2.520000e+01	5.939907e-01	7.000000e-01	7.000000e-01	3
5.280000e+01	528	4.383218e+02	1.563372e+03	1.080000e+01	2.520000e+01	7.810245e-01	7.000000e-01	7.000000e-01	3
5.290000e+01	529	8.843467e+02	1.121460e+03	1.080000e+01	2.520000e+01	5.591066e-01	7.000000e-01	7.000000e-01	3
53	530	8.511303e+02	1.586372e+03	1.080000e+01	2.520000e+01	6.508187e-01	7.000000e-01	7.000000e-01	3
5.310000e+01	531	6.812526e+02	1.091778e+03	1.080000e+01	2.520000e+01	6.157694e-01	7.000000e-01	7.000000e-01	3
5.320000e+01	532	4.968483e+02	1.412851e+03	1.080000e+01	2.520000e+01	7.398291e-01	7.000000e-01	7.000000e-01	3
5.330000e+01	533	2.691019e+02	1.055877e+03	1.080000e+01	2.520000e+01	7.969010e-01	7.000000e-01	7.000000e-01	3
5.340000e+01	534	7.555669e+02	1.286785e+03	1.080000e+01	2.520000e+01	6.300507e-01	7.000000e-01	7.000000e-01	3
5.350000e+01	535	5.188493e+02	1.601497e+03	1.080000e+01	2.520000e+01	7.552997e-01	7.000000e-01	7.000000e-01	3
5.360000e+01	536	7.449866e+02	1.201560e+03	1.080000e+01	2.520000e+01	6.172778e-01	7.000000e-01	7.000000e-01	3
5.370000e+01	537	5.680295e+02	1.491581e+03	1.080000e+01	2.520000e+01	7.242053e-01	7.000000e-01	7.000000e-01	3
5.380000e+01	538	9.183356e+02	1.629320e+03	1.080000e+01	2.520000e+01	6.395370e-01	7.000000e-01	7.000000e-01	3
5.390000e+01	539	7.423970e+02	1.277330e+03	1.080000e+01	2.520000e+01	6.324271e-01	7.000000e-01	7.000000e-01	3
54	540	6.404159e+02	1.148841e+03	1.080000e+01	2.520000e+01	6.420772e-01	7.000000e-01	7.000000e-01	3
5.410000e+01	541	5.713755e+02	1.696347e+03	1.080000e+01	2.520000e+01	7.480400e-01	7.000000e-01	7.000000e-01	3
5.420000e+01	542	6.448031e+02	1.213123e+03	1.080000e+01	2.520000e+01	6.529447e-01	7.000000e-01	7.000000e-01	3
5.430000e+01	543	4.877229e+02	1.399305e+03	1.080000e+01	2.520000e+01	7.415391e-01	7.000000e-01	7.000000e-01	3
5.440000e+01	544	4.818244e+02	1.151698e+03	1.080000e+01	2.520000e+01	7.050396e-01	7.000000e-01	7.000000e-01	3
5.450000e+01	545	7.069616e+02	1.136591e+03	1.080000e+01	2.520000e+01	6.165221e-01	7.000000e-01	7.000000e-01	3
5.460000e+01	546	4.205492e+02	1.948602e+03	1.080000e+01	2.520000e+01	8.224895e-01	7.000000e-01	7.000000e-01	3
5.470000e+01	547	4.238563e+02	1.436563e+03	1.080000e+01	2.520000e+01	7.721716e-01	7.000000e-01	7.000000e-01	3
5.480000e+01	548	3.843332e+02	1.294740e+03	1.080000e+01	2.520000e+01	7.711040e-01	7.000000e-01	7.000000e-01	3
5.490000e+01	549	1.139667e+03	1.317362e+03	1.080000e+01	2.520000e+01	5.361605e-01	7.000000e-01	7.000000e-01	3
55	550	5.738106e+02	1.280453e+03	1.080000e+01	2.520000e+01	6.905453e-01	7.000000e-01	7.000000e-01	3
5.510000e+01	551	4.891609e+02	1.099695e+03	1.080000e+01	2.520000e+01	6.921302e-01	7.000000e-01	7.000000e-01	3
5.520000e+01	552	6.814815e+02	1.178008e+03	1.080000e+01	2.520000e+01	6.335115e-01	7.000000e-01	7.000000e-01	3
5.530000e+01	553	4.356012e+02	1.059826e+03	1.080000e+01	2.520000e+01	7.087112e-01	7.000000e-01	7.000000e-01	3
5.540000e+01	554	1.075439e+03	1.755326e+03	1.080000e+01	2.520000e+01	6.200888e-01	7.000000e-01	7.000000e-01	3
5.550000e+01	555	1.234444e+02	9.413687e+02	1.080000e+01	2.520000e+01	8.840694e-01	7.000000e-01	7.000000e-01	3
5.560000e+01	556	8.538150e+02	1.584419e+03	1.080000e+01	2.520000e+01	6.498223e-01	7.000000e-01	7.000000e-01	3
5.570000e+01	557	6.302400e+02	1.708788e+03	1.080000e+01	2.520000e+01	7.305547e-01	7.000000e-01	7.000000e-01	3
5.580000e+01	558	5.935577e+02	1.321223e+03	1.080000e+01	2.520000e+01	6.900127e-01	7.000000e-01	7.000000e-01	3
5.590000e+01	559	6.596479e+02	1.641215e+03	1.080000e+01	2.520000e+01	7.133042e-01	7.000000e-01	7.000000e-01	3
56	560	7.324014e+02	6.078293e+02	1.080000e+01	2.520000e+01	4.535259e-01	7.000000e-01	7.000000e-01	3
5.610000e+01	561	6.430525e+02	1.154351e+03	1.080000e+01	2.520000e+01	6.422325e-01	7.000000e-01	7.000000e-01	3
5.620000e+01	562	7.673401e+02	1.011382e+03	1.080000e+01	2.520000e+01	5.686002e-01	7.000000e-01	7.000000e-01	3
5.630000e+01	563	4.407957e+02	1.636696e+03	1.080000e+01	2.520000e+01	7.878232e-01	7.000000e-01	7.000000e-01	3
5.640000e+01	564	4.876192e+02	1.650144e+03	1.080000e+01	2.520000e+01	7.719022e-01	7.000000e-01	7.000000e-01	3
5.650000e+01	565	8.858930e+02	1.963081e+03	1.080000e+01	2.520000e+01	6.890484e-01	7.000000e-01	7.000000e-01	3
5.660000e+01	566	1.676560e+02	1.032488e+03	1.080000e+01	2.520000e+01	8.603035e-01	7.000000e-01	7.000000e-01	3
5.670000e+01	567	3.217357e+02	1.267302e+03	1.080000e+01	2.520000e+01	7.975279e-01	7.000000e-01	7.000000e-01	3
5.680000e+01	568	9.082597e+02	1.306674e+03	1.080000e+01	2.520000e+01	5.899381e-01	7.000000e-01	7.000000e-01	3
5.690000e+01	569	7.431544e+02	1.270218e+03	1.080000e+01	2.520000e+01	6.308908e-01	7.000000e-01	7.000000e-01	3
57	570	6.301930e+02	1.534667e+03	1.080000e+01	2.520000e+01	7.088989e-01	7.000000e-01	7.000000e-01	3
5.710000e+01	571	6.058923e+02	1.637118e+03	1.080000e+01	2.520000e+01	7.298755e-01	7.000000e-01	7.000000e-01	3
5.720000e+01	572	7.135612e+02	1.538592e+03	1.080000e+01	2.520000e+01	6.831649e-01	7.000000e-01	7.000000e-01	3
5.730000e+01	573	5.622531e+02	1.125856e+03	1.080000e+01	2.520000e+01	6.669332e-01	7.000000e-01	7.000000e-01	3
5.740000e+01	574	6.662702e+02	1.421270e+03	1.080000e+01	2.520000e+01	6.808348e-01	7.000000e-01	7.000000e-01	3
5.750000e+01	575	4.117904e+02	1.374417e+03	1.080000e+01	2.520000e+01	7.694611e-01	7.000000e-01	7.000000e-01	3
5.760000e+01	576	4.428891e+02	1.689692e+03	1.080000e+01	2.520000e+01	7.923225e-01	7.000000e-01	7.000000e-01	3
5.770000e+01	577	3.287052e+02	1.642278e+03	1.080000e+01	2.520000e+01	8.332278e-01	7.000000e-01	7.000000e-01	3
5.780000e+01	578	4.955927e+02	1.275651e+03	1.080000e+01	2.520000e+01	7.202008e-01	7.000000e-01	7.000000e-01	3
5.790000e+01	579	6.750390e+02	1.290418e+03	1.080000e+01	2.520000e+01	6.565486e-01	7.000000e-01	7.000000e-01	3
58	580	6.177455e+02	1.557212e+03	1.080000e+01	2.520000e+01	7.159736e-01	7.000000e-01	7.000000e-01	3
5.810000e+01	581	5.723483e+02	1.555028e+03	1.080000e+01	2.520000e+01	7.309605e-01	7.000000e-01	7.000000e-01	3
5.820000e+01	582	4.954979e+02	1.527885e+03	1.080000e+01	2.520000e+01	7.551142e-01	7.000000e-01	7.000000e-01	3
5.830000e+01	583	6.024831e+02	1.354934e+03	1.080000e+01	2.520000e+01	6.922050e-01	7.000000e-01	7.000000e-01	3
5.840000e+01	584	6.590100e+02	1.647416e+03	1.080000e+01	2.520000e+01	7.142722e-01	7.000000e-01	7.000000e-01	3
5.850000e+01	585	2.667010e+02	1.115079e+03	1.080000e+01	2.520000e+01	8.069873e-01	7.000000e-01	7.000000e-01	3
5.860000e+01	586	6.202219e+02	8.888583e+02	1.080000e+01	2.520000e+01	5.890067e-01	7.000000e-01	7.000000e-01	3
5.870000e+01	587	6.728442e+02	7.445220e+02	1.080000e+01	2.520000e+01	5.252856e-01	7.000000e-01	7.000000e-01	3
5.880000e+01	588	6.304071e+02	1.509829e+03	1.080000e+01	2.520000e+01	7.054498e-01	7.000000e-01	7.000000e-01	3
5.890000e+01	589	7.360362e+02	1.425984e+03	1.080000e+01	2.520000e+01	6.595609e-01	7.000000e-01	7.000000e-01	3
59	590	3.854793e+02	1.405015e+03	1.080000e+01	2.520000e+01	7.847079e-01	7.000000e-01	7.000000e-01	3
5.910000e+01	591	5.950340e+02	1.298523e+03	1.080000e+01	2.520000e+01	6.857586e-01	7.000000e-01	7.000000e-01	3
5.920000e+01	592	4.727813e+02	1.569040e+03	1.080000e+01	2.520000e+01	7.684512e-01	7.000000e-01	7.000000e-01	3
5.930000e+01	593	3.319693e+02	1.618987e+03	1.080000e+01	2.520000e+01	8.298427e-01	7.000000e-01	7.000000e-01	3
5.940000e+01	594	3.865430e+02	1.895685e+03	1.080000e+01	2.520000e+01	8.306291e-01	7.000000e-01	7.000000e-01	3
5.950000e+01	595	4.422399e+02	1.967708e+03	1.080000e+01	2.520000e+01	8.164940e-01	7.000000e-01	7.000000e-01	3
5.960000e+01	596	6.304485e+02	1.465559e+03	1.080000e+01	2.520000e+01	6.992146e-01	7.000000e-01	7.000000e-01	3
5.970000e+01	597	6.039304e+02	1.377998e+03	1.080000e+01	2.520000e+01	6.952814e-01	7.000000e-01	7.000000e-01	3
5.980000e+01	598	4.706017e+02	1.183474e+03	1.080000e+01	2.520000e+01	7.154896e-01	7.000000e-01	7.000000e-01	3
5.990000e+01	599	8.502544e+02	1.630619e+03	1.080000e+01	2.520000e+01	6.572762e-01	7.000000e-01	7.000000e-01	3
60	600	8.691090e+02	1.287543e+03	1.080000e+01	2.520000e+01	5.970101e-01	7.000000e-01	7.000000e-01	3
6.010000e+01	601	4.736633e+02	1.199082e+03	1.080000e+01	2.520000e+01	7.168347e-01	7.000000e-01	7.000000e-01	3
6.020000e+01	602	9.254807e+02	1.308764e+03	1.080000e+01	2.520000e+01	5.857746e-01	7.000000e-01	7.000000e-01	3
6.030000e+01	603	4.370248e+02	1.595366e+03	1.080000e+01	2.520000e+01	7.849701e-01	7.000000e-01	7.000000e-01	3
6.040000e+01	604	6.249804e+02	1.753818e+03	1.080000e+01	2.520000e+01	7.372705e-01	7.000000e-01	7.000000e-01	3
6.050000e+01	605	5.543739e+02	1.796120e+03	1.080000e+01	2.520000e+01	7.641458e-01	7.000000e-01	7.000000e-01	3
6.060000e+01	606	5.305826e+02	1.159050e+03	1.080000e+01	2.520000e+01	6.859774e-01	7.000000e-01	7.000000e-01	3
6.070000e+01	607	4.648412e+02	1.188817e+03	1.080000e+01	2.520000e+01	7.189013e-01	7.000000e-01	7.000000e-01	3
6.080000e+01	608	6.825663e+02	1.131745e+03	1.080000e+01	2.520000e+01	6.237876e-01	7.000000e-01	7.000000e-01	3
6.090000e+01	609	4.132000e+02	1.373347e+03	1.080000e+01	2.520000e+01	7.687159e-01	7.000000e-01	7.000000e-01	3
61	610	5.283528e+02	1.595436e+03	1.080000e+01	2.520000e+01	7.512216e-01	7.000000e-01	7.000000e-01	3
6.110000e+01	611	4.640926e+02	1.787110e+03	1.080000e+01	2.520000e+01	7.938468e-01	7.000000e-01	7.000000e-01	3
6.120000e+01	612	5.315728e+02	1.369843e+03	1.080000e+01	2.520000e+01	7.204332e-01	7.000000e-01	7.000000e-01	3
6.130000e+01	613	5.101603e+02	1.752122e+03	1.080000e+01	2.520000e+01	7.744931e-01	7.000000e-01	7.000000e-01	3
6.140000e+01	614	4.481968e+02	1.097291e+03	1.080000e+01	2.520000e+01	7.099966e-01	7.000000e-01	7.000000e-01	3
6.150000e+01	615	4.767079e+02	9.649787e+02	1.080000e+01	2.520000e+01	6.693401e-01	7.000000e-01	7.000000e-01	3
6.160000e+01	616	7.424124e+02	1.417249e+03	1.080000e+01	2.520000e+01	6.562366e-01	7.000000e-01	7.000000e-01	3
6.170000e+01	617	5.269623e+02	2.239347e+03	1.080000e+01	2.520000e+01	8.095071e-01	7.000000e-01	7.000000e-01	3
6.180000e+01	618	4.769894e+02	1.826839e+03	1.080000e+01	2.520000e+01	7.929579e-01	7.000000e-01	7.000000e-01	3
6.190000e+01	619	3.188927e+02	1.211763e+03	1.080000e+01	2.520000e+01	7.916627e-01	7.000000e-01	7.000000e-01	3
62	620	5.506900e+02	1.125215e+03	1.080000e+01	2.520000e+01	6.714075e-01	7.000000e-01	7.000000e-01	3
