coordinates 	90.78	111.89	218.78	111.89
time(s)	frame	Idon(a.u.)	Iacc(a.u.)	Idon ideal(a.u.)	Iacc ideal(a.u.)	FRET	FRET ideal (blurr)	FRET ideal	state sequence
1.000000e-01	1	3.444986e+02	1.068728e+03	1.080000e+01	2.520000e+01	7.562326e-01	7.000000e-01	7.000000e-01	3
2.000000e-01	2	5.731176e+02	1.080956e+03	1.080000e+01	2.520000e+01	6.535115e-01	7.000000e-01	7.000000e-01	3
3.000000e-01	3	7.776299e+02	1.361831e+03	1.080000e+01	2.520000e+01	6.365300e-01	7.000000e-01	7.000000e-01	3
4.000000e-01	4	5.945630e+02	1.582938e+03	1.080000e+01	2.520000e+01	7.269517e-01	7.000000e-01	7.000000e-01	3
5.000000e-01	5	4.331145e+02	1.710612e+03	1.080000e+01	2.520000e+01	7.979619e-01	7.000000e-01	7.000000e-01	3
6.000000e-01	6	6.303409e+02	1.620895e+03	1.080000e+01	2.520000e+01	7.200022e-01	7.000000e-01	7.000000e-01	3
7.000000e-01	7	7.227006e+02	1.883040e+03	1.080000e+01	2.520000e+01	7.226506e-01	7.000000e-01	7.000000e-01	3
8.000000e-01	8	7.313630e+02	1.509456e+03	1.080000e+01	2.520000e+01	6.736180e-01	7.000000e-01	7.000000e-01	3
9.000000e-01	9	5.678283e+02	1.151295e+03	1.080000e+01	2.520000e+01	6.696989e-01	7.000000e-01	7.000000e-01	3
1	10	6.881358e+02	1.438238e+03	1.080000e+01	2.520000e+01	6.763806e-01	7.000000e-01	7.000000e-01	3
1.100000e+00	11	3.666014e+02	1.322234e+03	1.080000e+01	2.520000e+01	7.829265e-01	7.000000e-01	7.000000e-01	3
1.200000e+00	12	4.815363e+02	1.680241e+03	1.080000e+01	2.520000e+01	7.772498e-01	7.000000e-01	7.000000e-01	3
1.300000e+00	13	7.216852e+02	1.537472e+03	1.080000e+01	2.520000e+01	6.805512e-01	7.000000e-01	7.000000e-01	3
1.400000e+00	14	7.281218e+02	1.536145e+03	1.080000e+01	2.520000e+01	6.784293e-01	7.000000e-01	7.000000e-01	3
1.500000e+00	15	6.201341e+02	1.625365e+03	1.080000e+01	2.520000e+01	7.238324e-01	7.000000e-01	7.000000e-01	3
1.600000e+00	16	8.309583e+02	1.409601e+03	1.080000e+01	2.520000e+01	6.291291e-01	7.000000e-01	7.000000e-01	3
1.700000e+00	17	6.480586e+02	1.742214e+03	1.080000e+01	2.520000e+01	7.288767e-01	7.000000e-01	7.000000e-01	3
1.800000e+00	18	7.877823e+02	1.282865e+03	1.080000e+01	2.520000e+01	6.195478e-01	7.000000e-01	7.000000e-01	3
1.900000e+00	19	6.113992e+02	7.978394e+02	1.080000e+01	2.520000e+01	5.661493e-01	7.000000e-01	7.000000e-01	3
2	20	8.683892e+02	1.796243e+03	1.080000e+01	2.520000e+01	6.741054e-01	7.000000e-01	7.000000e-01	3
2.100000e+00	21	6.358823e+02	1.067998e+03	1.080000e+01	2.520000e+01	6.268035e-01	7.000000e-01	7.000000e-01	3
2.200000e+00	22	4.044700e+02	1.489828e+03	1.080000e+01	2.520000e+01	7.864803e-01	7.000000e-01	7.000000e-01	3
2.300000e+00	23	9.657057e+02	1.023568e+03	1.080000e+01	2.520000e+01	5.145437e-01	7.000000e-01	7.000000e-01	3
2.400000e+00	24	5.255174e+02	1.885970e+03	1.080000e+01	2.520000e+01	7.820775e-01	7.000000e-01	7.000000e-01	3
2.500000e+00	25	2.865904e+02	1.265206e+03	1.080000e+01	2.520000e+01	8.153170e-01	7.000000e-01	7.000000e-01	3
2.600000e+00	26	5.624026e+02	7.309799e+02	1.080000e+01	2.520000e+01	5.651692e-01	7.000000e-01	7.000000e-01	3
2.700000e+00	27	7.806745e+02	1.215764e+03	1.080000e+01	2.520000e+01	6.089665e-01	7.000000e-01	7.000000e-01	3
2.800000e+00	28	8.249887e+02	1.595699e+03	1.080000e+01	2.520000e+01	6.591925e-01	7.000000e-01	7.000000e-01	3
2.900000e+00	29	6.013728e+02	1.214433e+03	1.080000e+01	2.520000e+01	6.688121e-01	7.000000e-01	7.000000e-01	3
3	30	3.598529e+02	1.598122e+03	1.080000e+01	2.520000e+01	8.162117e-01	7.000000e-01	7.000000e-01	3
3.100000e+00	31	8.472907e+02	1.592577e+03	1.080000e+01	2.520000e+01	6.527308e-01	7.000000e-01	7.000000e-01	3
3.200000e+00	32	9.077936e+02	1.457251e+03	1.080000e+01	2.520000e+01	6.161622e-01	7.000000e-01	7.000000e-01	3
3.300000e+00	33	3.443537e+02	1.398859e+03	1.080000e+01	2.520000e+01	8.024603e-01	7.000000e-01	7.000000e-01	3
3.400000e+00	34	6.538868e+02	1.407833e+03	1.080000e+01	2.520000e+01	6.828439e-01	7.000000e-01	7.000000e-01	3
3.500000e+00	35	6.503274e+02	1.195653e+03	1.080000e+01	2.520000e+01	6.477063e-01	7.000000e-01	7.000000e-01	3
3.600000e+00	36	6.654461e+02	1.514329e+03	1.080000e+01	2.520000e+01	6.947180e-01	7.000000e-01	7.000000e-01	3
3.700000e+00	37	6.545274e+02	1.302265e+03	1.080000e+01	2.520000e+01	6.655100e-01	7.000000e-01	7.000000e-01	3
3.800000e+00	38	5.758877e+02	1.109914e+03	1.080000e+01	2.520000e+01	6.583895e-01	7.000000e-01	7.000000e-01	3
3.900000e+00	39	3.694018e+02	1.086194e+03	1.080000e+01	2.520000e+01	7.462196e-01	7.000000e-01	7.000000e-01	3
4	40	7.043670e+02	1.674476e+03	1.080000e+01	2.520000e+01	7.039036e-01	7.000000e-01	7.000000e-01	3
4.100000e+00	41	1.138220e+03	1.525214e+03	1.080000e+01	2.520000e+01	5.726495e-01	7.000000e-01	7.000000e-01	3
4.200000e+00	42	3.908951e+02	1.408080e+03	1.080000e+01	2.520000e+01	7.827124e-01	7.000000e-01	7.000000e-01	3
4.300000e+00	43	1.982359e+01	1.821598e+03	1.080000e+01	2.520000e+01	9.892346e-01	7.000000e-01	7.000000e-01	3
4.400000e+00	44	2.758579e+02	1.108254e+03	1.080000e+01	2.520000e+01	8.006968e-01	7.000000e-01	7.000000e-01	3
4.500000e+00	45	6.359221e+02	1.324475e+03	1.080000e+01	2.520000e+01	6.756157e-01	7.000000e-01	7.000000e-01	3
4.600000e+00	46	7.299218e+02	1.301936e+03	1.080000e+01	2.520000e+01	6.407613e-01	7.000000e-01	7.000000e-01	3
4.700000e+00	47	7.008050e+02	1.515989e+03	1.080000e+01	2.520000e+01	6.838656e-01	7.000000e-01	7.000000e-01	3
4.800000e+00	48	6.641891e+02	1.548046e+03	1.080000e+01	2.520000e+01	6.997656e-01	7.000000e-01	7.000000e-01	3
4.900000e+00	49	4.259838e+02	1.511817e+03	1.080000e+01	2.520000e+01	7.801715e-01	7.000000e-01	7.000000e-01	3
5	50	6.633694e+02	1.605142e+03	1.080000e+01	2.520000e+01	7.075751e-01	7.000000e-01	7.000000e-01	3
5.100000e+00	51	6.713130e+02	1.691174e+03	1.080000e+01	2.520000e+01	7.158448e-01	7.000000e-01	7.000000e-01	3
5.200000e+00	52	7.445513e+02	1.322973e+03	1.080000e+01	2.520000e+01	6.398827e-01	7.000000e-01	7.000000e-01	3
5.300000e+00	53	7.753644e+02	8.993535e+02	1.080000e+01	2.520000e+01	5.370179e-01	7.000000e-01	7.000000e-01	3
5.400000e+00	54	4.381912e+02	1.752224e+03	1.080000e+01	2.520000e+01	7.999506e-01	7.000000e-01	7.000000e-01	3
5.500000e+00	55	8.872975e+02	1.611014e+03	1.080000e+01	2.520000e+01	6.448412e-01	7.000000e-01	7.000000e-01	3
5.600000e+00	56	8.166899e+02	9.281213e+02	1.080000e+01	2.520000e+01	5.319322e-01	7.000000e-01	7.000000e-01	3
5.700000e+00	57	5.538021e+02	1.490912e+03	1.080000e+01	2.520000e+01	7.291543e-01	7.000000e-01	7.000000e-01	3
5.800000e+00	58	7.878491e+02	1.198590e+03	1.080000e+01	2.520000e+01	6.033862e-01	7.000000e-01	7.000000e-01	3
5.900000e+00	59	5.142034e+02	1.462007e+03	1.080000e+01	2.520000e+01	7.398033e-01	7.000000e-01	7.000000e-01	3
6	60	4.896894e+02	1.940738e+03	1.080000e+01	2.520000e+01	7.985171e-01	7.000000e-01	7.000000e-01	3
6.100000e+00	61	3.023196e+02	1.249251e+03	1.080000e+01	2.520000e+01	8.051526e-01	7.000000e-01	7.000000e-01	3
6.200000e+00	62	8.078910e+02	1.419585e+03	1.080000e+01	2.520000e+01	6.373065e-01	7.000000e-01	7.000000e-01	3
6.300000e+00	63	3.743000e+02	1.420811e+03	1.080000e+01	2.520000e+01	7.914893e-01	7.000000e-01	7.000000e-01	3
6.400000e+00	64	4.603622e+02	1.524064e+03	1.080000e+01	2.520000e+01	7.680124e-01	7.000000e-01	7.000000e-01	3
6.500000e+00	65	7.166597e+02	1.386784e+03	1.080000e+01	2.520000e+01	6.592922e-01	7.000000e-01	7.000000e-01	3
6.600000e+00	66	7.049635e+02	1.624940e+03	1.080000e+01	2.520000e+01	6.974280e-01	7.000000e-01	7.000000e-01	3
6.700000e+00	67	6.639193e+02	1.671790e+03	1.080000e+01	2.520000e+01	7.157526e-01	7.000000e-01	7.000000e-01	3
6.800000e+00	68	4.672755e+02	1.451922e+03	1.080000e+01	2.520000e+01	7.565256e-01	7.000000e-01	7.000000e-01	3
6.900000e+00	69	5.265291e+02	1.086622e+03	1.080000e+01	2.520000e+01	6.736022e-01	7.000000e-01	7.000000e-01	3
7	70	7.852433e+02	1.505825e+03	1.080000e+01	2.520000e+01	6.572589e-01	7.000000e-01	7.000000e-01	3
7.100000e+00	71	6.194594e+02	1.369017e+03	1.080000e+01	2.520000e+01	6.884753e-01	7.000000e-01	7.000000e-01	3
7.200000e+00	72	8.184788e+02	1.038845e+03	1.080000e+01	2.520000e+01	5.593236e-01	7.000000e-01	7.000000e-01	3
7.300000e+00	73	6.909581e+02	8.564426e+02	1.080000e+01	2.520000e+01	5.534718e-01	7.000000e-01	7.000000e-01	3
7.400000e+00	74	7.353716e+02	1.568531e+03	1.080000e+01	2.520000e+01	6.808148e-01	7.000000e-01	7.000000e-01	3
7.500000e+00	75	4.122589e+02	1.405523e+03	1.080000e+01	2.520000e+01	7.732077e-01	7.000000e-01	7.000000e-01	3
7.600000e+00	76	4.200043e+02	1.193714e+03	1.080000e+01	2.520000e+01	7.397288e-01	7.000000e-01	7.000000e-01	3
7.700000e+00	77	5.730916e+02	1.457264e+03	1.080000e+01	2.520000e+01	7.177383e-01	7.000000e-01	7.000000e-01	3
7.800000e+00	78	5.747447e+02	1.408434e+03	1.080000e+01	2.520000e+01	7.101902e-01	7.000000e-01	7.000000e-01	3
7.900000e+00	79	6.569219e+02	1.608857e+03	1.080000e+01	2.520000e+01	7.100680e-01	7.000000e-01	7.000000e-01	3
8	80	8.457222e+02	1.417533e+03	1.080000e+01	2.520000e+01	6.263248e-01	7.000000e-01	7.000000e-01	3
8.100000e+00	81	4.037048e+02	1.287122e+03	1.080000e+01	2.520000e+01	7.612382e-01	7.000000e-01	7.000000e-01	3
8.200000e+00	82	4.028606e+02	1.433908e+03	1.080000e+01	2.520000e+01	7.806689e-01	7.000000e-01	7.000000e-01	3
8.300000e+00	83	5.121125e+02	8.353063e+02	1.080000e+01	2.520000e+01	6.199307e-01	7.000000e-01	7.000000e-01	3
8.400000e+00	84	6.911905e+02	1.900928e+03	1.080000e+01	2.520000e+01	7.333493e-01	7.000000e-01	7.000000e-01	3
8.500000e+00	85	4.623889e+02	7.783286e+02	1.080000e+01	2.520000e+01	6.273214e-01	7.000000e-01	7.000000e-01	3
8.600000e+00	86	1.560455e+02	1.097268e+03	1.080000e+01	2.520000e+01	8.754937e-01	7.000000e-01	7.000000e-01	3
8.700000e+00	87	4.467083e+02	1.090431e+03	1.080000e+01	2.520000e+01	7.093898e-01	7.000000e-01	7.000000e-01	3
8.800000e+00	88	5.130135e+02	1.932977e+03	1.080000e+01	2.520000e+01	7.902635e-01	7.000000e-01	7.000000e-01	3
8.900000e+00	89	4.788034e+02	1.511180e+03	1.080000e+01	2.520000e+01	7.593932e-01	7.000000e-01	7.000000e-01	3
9	90	4.044912e+02	1.495197e+03	1.080000e+01	2.520000e+01	7.870750e-01	7.000000e-01	7.000000e-01	3
9.100000e+00	91	5.184312e+02	1.564439e+03	1.080000e+01	2.520000e+01	7.510976e-01	7.000000e-01	7.000000e-01	3
9.200000e+00	92	4.246657e+02	1.890986e+03	1.080000e+01	2.520000e+01	8.166107e-01	7.000000e-01	7.000000e-01	3
9.300000e+00	93	5.135777e+02	1.641834e+03	1.080000e+01	2.520000e+01	7.617265e-01	7.000000e-01	7.000000e-01	3
9.400000e+00	94	6.365304e+02	1.663606e+03	1.080000e+01	2.520000e+01	7.232640e-01	7.000000e-01	7.000000e-01	3
9.500000e+00	95	5.884530e+02	1.201041e+03	1.080000e+01	2.520000e+01	6.711623e-01	7.000000e-01	7.000000e-01	3
9.600000e+00	96	7.202916e+02	1.205924e+03	1.080000e+01	2.520000e+01	6.260587e-01	7.000000e-01	7.000000e-01	3
9.700000e+00	97	5.038686e+02	1.587183e+03	1.080000e+01	2.520000e+01	7.590357e-01	7.000000e-01	7.000000e-01	3
9.800000e+00	98	7.527032e+02	1.502795e+03	1.080000e+01	2.520000e+01	6.662807e-01	7.000000e-01	7.000000e-01	3
9.900000e+00	99	5.597979e+02	1.531451e+03	1.080000e+01	2.520000e+01	7.323141e-01	7.000000e-01	7.000000e-01	3
10	100	4.803133e+02	1.726392e+03	1.080000e+01	2.520000e+01	7.823391e-01	7.000000e-01	7.000000e-01	3
1.010000e+01	101	1.369940e+02	1.700560e+03	1.080000e+01	2.520000e+01	9.254476e-01	7.000000e-01	7.000000e-01	3
1.020000e+01	102	7.913053e+02	1.394471e+03	1.080000e+01	2.520000e+01	6.379752e-01	7.000000e-01	7.000000e-01	3
1.030000e+01	103	3.880268e+02	1.278868e+03	1.080000e+01	2.520000e+01	7.672158e-01	7.000000e-01	7.000000e-01	3
1.040000e+01	104	6.702507e+02	1.458943e+03	1.080000e+01	2.520000e+01	6.852092e-01	7.000000e-01	7.000000e-01	3
1.050000e+01	105	5.910242e+02	1.065140e+03	1.080000e+01	2.520000e+01	6.431367e-01	7.000000e-01	7.000000e-01	3
1.060000e+01	106	7.320309e+02	1.489184e+03	1.080000e+01	2.520000e+01	6.704367e-01	7.000000e-01	7.000000e-01	3
1.070000e+01	107	4.369368e+02	1.187699e+03	1.080000e+01	2.520000e+01	7.310555e-01	7.000000e-01	7.000000e-01	3
1.080000e+01	108	8.880441e+02	1.246520e+03	1.080000e+01	2.520000e+01	5.839694e-01	7.000000e-01	7.000000e-01	3
1.090000e+01	109	6.057207e+02	9.520015e+02	1.080000e+01	2.520000e+01	6.111498e-01	7.000000e-01	7.000000e-01	3
11	110	6.789359e+02	1.518612e+03	1.080000e+01	2.520000e+01	6.910484e-01	7.000000e-01	7.000000e-01	3
1.110000e+01	111	3.044217e+02	1.267688e+03	1.080000e+01	2.520000e+01	8.063610e-01	7.000000e-01	7.000000e-01	3
1.120000e+01	112	8.738022e+02	1.365485e+03	1.080000e+01	2.520000e+01	6.097856e-01	7.000000e-01	7.000000e-01	3
1.130000e+01	113	6.778002e+02	1.595515e+03	1.080000e+01	2.520000e+01	7.018451e-01	7.000000e-01	7.000000e-01	3
1.140000e+01	114	6.466606e+02	1.527055e+03	1.080000e+01	2.520000e+01	7.025091e-01	7.000000e-01	7.000000e-01	3
1.150000e+01	115	4.072722e+02	1.110074e+03	1.080000e+01	2.520000e+01	7.315892e-01	7.000000e-01	7.000000e-01	3
1.160000e+01	116	3.203882e+02	1.623269e+03	1.080000e+01	2.520000e+01	8.351622e-01	7.000000e-01	7.000000e-01	3
1.170000e+01	117	4.193945e+02	8.413365e+02	1.080000e+01	2.520000e+01	6.673402e-01	7.000000e-01	7.000000e-01	3
1.180000e+01	118	2.229074e+02	1.485667e+03	1.080000e+01	2.520000e+01	8.695360e-01	7.000000e-01	7.000000e-01	3
1.190000e+01	119	4.941310e+02	1.076830e+03	1.080000e+01	2.520000e+01	6.854594e-01	7.000000e-01	7.000000e-01	3
12	120	5.012923e+02	1.361281e+03	1.080000e+01	2.520000e+01	7.308603e-01	7.000000e-01	7.000000e-01	3
1.210000e+01	121	7.119093e+02	1.795115e+03	1.080000e+01	2.520000e+01	7.160342e-01	7.000000e-01	7.000000e-01	3
1.220000e+01	122	5.187911e+02	1.361649e+03	1.080000e+01	2.520000e+01	7.241119e-01	7.000000e-01	7.000000e-01	3
1.230000e+01	123	9.185274e+02	8.094053e+02	1.080000e+01	2.520000e+01	4.684241e-01	7.000000e-01	7.000000e-01	3
1.240000e+01	124	8.402696e+02	1.735507e+03	1.080000e+01	2.520000e+01	6.737801e-01	7.000000e-01	7.000000e-01	3
1.250000e+01	125	5.312225e+02	1.203022e+03	1.080000e+01	2.520000e+01	6.936864e-01	7.000000e-01	7.000000e-01	3
1.260000e+01	126	5.635361e+02	1.461210e+03	1.080000e+01	2.520000e+01	7.216757e-01	7.000000e-01	7.000000e-01	3
1.270000e+01	127	6.551376e+02	1.773127e+03	1.080000e+01	2.520000e+01	7.302033e-01	7.000000e-01	7.000000e-01	3
1.280000e+01	128	8.386834e+02	1.076605e+03	1.080000e+01	2.520000e+01	5.621112e-01	7.000000e-01	7.000000e-01	3
1.290000e+01	129	4.570700e+02	1.577138e+03	1.080000e+01	2.520000e+01	7.753081e-01	7.000000e-01	7.000000e-01	3
13	130	8.235039e+02	9.082979e+02	1.080000e+01	2.520000e+01	5.244814e-01	7.000000e-01	7.000000e-01	3
1.310000e+01	131	5.609228e+02	1.238771e+03	1.080000e+01	2.520000e+01	6.883232e-01	7.000000e-01	7.000000e-01	3
1.320000e+01	132	4.530701e+02	1.237322e+03	1.080000e+01	2.520000e+01	7.319734e-01	7.000000e-01	7.000000e-01	3
1.330000e+01	133	4.027632e+02	1.227079e+03	1.080000e+01	2.520000e+01	7.528821e-01	7.000000e-01	7.000000e-01	3
1.340000e+01	134	7.119968e+02	9.951123e+02	1.080000e+01	2.520000e+01	5.829225e-01	7.000000e-01	7.000000e-01	3
1.350000e+01	135	6.040560e+02	1.272481e+03	1.080000e+01	2.520000e+01	6.781006e-01	7.000000e-01	7.000000e-01	3
1.360000e+01	136	7.115901e+02	1.338957e+03	1.080000e+01	2.520000e+01	6.529754e-01	7.000000e-01	7.000000e-01	3
1.370000e+01	137	7.915873e+02	1.409960e+03	1.080000e+01	2.520000e+01	6.404405e-01	7.000000e-01	7.000000e-01	3
1.380000e+01	138	8.318911e+02	1.133426e+03	1.080000e+01	2.520000e+01	5.767141e-01	7.000000e-01	7.000000e-01	3
1.390000e+01	139	6.489686e+02	1.140204e+03	1.080000e+01	2.520000e+01	6.372801e-01	7.000000e-01	7.000000e-01	3
14	140	5.516202e+02	1.470890e+03	1.080000e+01	2.520000e+01	7.272595e-01	7.000000e-01	7.000000e-01	3
1.410000e+01	141	4.106885e+02	1.292654e+03	1.080000e+01	2.520000e+01	7.588926e-01	7.000000e-01	7.000000e-01	3
1.420000e+01	142	5.173175e+02	1.474535e+03	1.080000e+01	2.520000e+01	7.402832e-01	7.000000e-01	7.000000e-01	3
1.430000e+01	143	1.273239e+03	1.066488e+03	1.916466e+01	1.683534e+01	4.558172e-01	4.676484e-01	7.000000e-01	3
1.440000e+01	144	1.721186e+03	3.571246e+02	2.880000e+01	7.200000e+00	1.718341e-01	2.000000e-01	2.000000e-01	1
1.450000e+01	145	1.498684e+03	3.783542e+02	2.880000e+01	7.200000e+00	2.015698e-01	2.000000e-01	2.000000e-01	1
1.460000e+01	146	1.376705e+03	3.509622e+02	2.880000e+01	7.200000e+00	2.031423e-01	2.000000e-01	2.000000e-01	1
1.470000e+01	147	1.902391e+03	3.839106e+02	2.880000e+01	7.200000e+00	1.679178e-01	2.000000e-01	2.000000e-01	1
1.480000e+01	148	1.522602e+03	3.005678e+02	2.880000e+01	7.200000e+00	1.648600e-01	2.000000e-01	2.000000e-01	1
1.490000e+01	149	1.507670e+03	3.288239e+02	2.880000e+01	7.200000e+00	1.790498e-01	2.000000e-01	2.000000e-01	1
15	150	2.057965e+03	5.064364e+02	2.880000e+01	7.200000e+00	1.974872e-01	2.000000e-01	2.000000e-01	1
1.510000e+01	151	2.038228e+03	4.413856e+02	2.880000e+01	7.200000e+00	1.780058e-01	2.000000e-01	2.000000e-01	1
1.520000e+01	152	1.802921e+03	5.337061e+02	2.880000e+01	7.200000e+00	2.284088e-01	2.000000e-01	2.000000e-01	1
1.530000e+01	153	1.925182e+03	2.364191e+02	2.880000e+01	7.200000e+00	1.093722e-01	2.000000e-01	2.000000e-01	1
1.540000e+01	154	1.696348e+03	4.529939e+02	2.880000e+01	7.200000e+00	2.107593e-01	2.000000e-01	2.000000e-01	1
1.550000e+01	155	1.392345e+03	3.111346e+02	2.880000e+01	7.200000e+00	1.826465e-01	2.000000e-01	2.000000e-01	1
1.560000e+01	156	1.481240e+03	3.785691e+02	2.880000e+01	7.200000e+00	2.035527e-01	2.000000e-01	2.000000e-01	1
1.570000e+01	157	1.357415e+03	2.121701e+02	2.880000e+01	7.200000e+00	1.351760e-01	2.000000e-01	2.000000e-01	1
1.580000e+01	158	8.951457e+02	3.080875e+02	2.880000e+01	7.200000e+00	2.560497e-01	2.000000e-01	2.000000e-01	1
1.590000e+01	159	1.512214e+03	2.634596e+02	2.880000e+01	7.200000e+00	1.483717e-01	2.000000e-01	2.000000e-01	1
16	160	2.284003e+03	2.148712e+02	2.880000e+01	7.200000e+00	8.598720e-02	2.000000e-01	2.000000e-01	1
1.610000e+01	161	1.524444e+03	3.737458e+02	2.880000e+01	7.200000e+00	1.968959e-01	2.000000e-01	2.000000e-01	1
1.620000e+01	162	1.320818e+03	4.095074e+02	2.880000e+01	7.200000e+00	2.366650e-01	2.000000e-01	2.000000e-01	1
1.630000e+01	163	1.669669e+03	4.280410e+02	2.880000e+01	7.200000e+00	2.040516e-01	2.000000e-01	2.000000e-01	1
1.640000e+01	164	1.433109e+03	1.271535e+02	2.880000e+01	7.200000e+00	8.149491e-02	2.000000e-01	2.000000e-01	1
1.650000e+01	165	9.677327e+02	6.961153e+02	2.880000e+01	7.200000e+00	4.183768e-01	2.000000e-01	2.000000e-01	1
1.660000e+01	166	1.974489e+03	4.761127e+02	2.880000e+01	7.200000e+00	1.942840e-01	2.000000e-01	2.000000e-01	1
1.670000e+01	167	1.817646e+03	5.693771e+02	2.880000e+01	7.200000e+00	2.385302e-01	2.000000e-01	2.000000e-01	1
1.680000e+01	168	1.280480e+03	4.040936e+02	2.880000e+01	7.200000e+00	2.398789e-01	2.000000e-01	2.000000e-01	1
1.690000e+01	169	1.815612e+03	4.648009e+02	2.880000e+01	7.200000e+00	2.038232e-01	2.000000e-01	2.000000e-01	1
17	170	1.311412e+03	2.425037e+02	2.880000e+01	7.200000e+00	1.560597e-01	2.000000e-01	2.000000e-01	1
1.710000e+01	171	1.570545e+03	5.710788e+02	2.880000e+01	7.200000e+00	2.666569e-01	2.000000e-01	2.000000e-01	1
1.720000e+01	172	1.669756e+03	2.199736e+02	2.880000e+01	7.200000e+00	1.164048e-01	2.000000e-01	2.000000e-01	1
1.730000e+01	173	1.832052e+03	4.333819e+02	2.880000e+01	7.200000e+00	1.913019e-01	2.000000e-01	2.000000e-01	1
1.740000e+01	174	1.650478e+03	5.195018e+02	2.880000e+01	7.200000e+00	2.394040e-01	2.000000e-01	2.000000e-01	1
1.750000e+01	175	1.391557e+03	2.684288e+02	2.880000e+01	7.200000e+00	1.617055e-01	2.000000e-01	2.000000e-01	1
1.760000e+01	176	1.470511e+03	6.525774e+02	2.880000e+01	7.200000e+00	3.073717e-01	2.000000e-01	2.000000e-01	1
1.770000e+01	177	1.155873e+03	5.370583e+02	2.880000e+01	7.200000e+00	3.172357e-01	2.000000e-01	2.000000e-01	1
1.780000e+01	178	1.207010e+03	3.830008e+02	2.880000e+01	7.200000e+00	2.408794e-01	2.000000e-01	2.000000e-01	1
1.790000e+01	179	1.338703e+03	1.680132e+02	2.880000e+01	7.200000e+00	1.115095e-01	2.000000e-01	2.000000e-01	1
18	180	1.548770e+03	5.216260e+02	2.880000e+01	7.200000e+00	2.519450e-01	2.000000e-01	2.000000e-01	1
1.810000e+01	181	1.430799e+03	5.306289e+02	2.880000e+01	7.200000e+00	2.705319e-01	2.000000e-01	2.000000e-01	1
1.820000e+01	182	1.590666e+03	4.052956e+02	2.880000e+01	7.200000e+00	2.030578e-01	2.000000e-01	2.000000e-01	1
1.830000e+01	183	1.673639e+03	1.453917e+02	2.880000e+01	7.200000e+00	7.992813e-02	2.000000e-01	2.000000e-01	1
1.840000e+01	184	1.166717e+03	3.830269e+02	2.880000e+01	7.200000e+00	2.471549e-01	2.000000e-01	2.000000e-01	1
1.850000e+01	185	1.947111e+03	5.603618e+02	2.880000e+01	7.200000e+00	2.234767e-01	2.000000e-01	2.000000e-01	1
1.860000e+01	186	1.304229e+03	3.255452e+02	2.880000e+01	7.200000e+00	1.997486e-01	2.000000e-01	2.000000e-01	1
1.870000e+01	187	1.504784e+03	1.708582e+02	2.880000e+01	7.200000e+00	1.019658e-01	2.000000e-01	2.000000e-01	1
1.880000e+01	188	1.525810e+03	1.860419e+02	2.880000e+01	7.200000e+00	1.086787e-01	2.000000e-01	2.000000e-01	1
1.890000e+01	189	1.249421e+03	2.303627e+02	2.880000e+01	7.200000e+00	1.556732e-01	2.000000e-01	2.000000e-01	1
19	190	1.741922e+03	3.917215e+02	2.880000e+01	7.200000e+00	1.835927e-01	2.000000e-01	2.000000e-01	1
1.910000e+01	191	1.597726e+03	6.399929e+02	2.880000e+01	7.200000e+00	2.860024e-01	2.000000e-01	2.000000e-01	1
1.920000e+01	192	1.371366e+03	2.860920e+02	2.880000e+01	7.200000e+00	1.726089e-01	2.000000e-01	2.000000e-01	1
1.930000e+01	193	8.840944e+02	4.351506e+02	2.880000e+01	7.200000e+00	3.298482e-01	2.000000e-01	2.000000e-01	1
1.940000e+01	194	1.403191e+03	4.742513e+02	2.880000e+01	7.200000e+00	2.526050e-01	2.000000e-01	2.000000e-01	1
1.950000e+01	195	1.486476e+03	2.630193e+02	2.880000e+01	7.200000e+00	1.503401e-01	2.000000e-01	2.000000e-01	1
1.960000e+01	196	1.772389e+03	4.315026e+02	2.880000e+01	7.200000e+00	1.957912e-01	2.000000e-01	2.000000e-01	1
1.970000e+01	197	1.814042e+03	1.724895e+02	2.880000e+01	7.200000e+00	8.682950e-02	2.000000e-01	2.000000e-01	1
1.980000e+01	198	1.826382e+03	2.240889e+02	2.880000e+01	7.200000e+00	1.092866e-01	2.000000e-01	2.000000e-01	1
1.990000e+01	199	1.528438e+03	6.171284e+02	2.880000e+01	7.200000e+00	2.876296e-01	2.000000e-01	2.000000e-01	1
20	200	1.874879e+03	6.495887e+02	2.880000e+01	7.200000e+00	2.573171e-01	2.000000e-01	2.000000e-01	1
2.010000e+01	201	1.559301e+03	5.077501e+02	2.880000e+01	7.200000e+00	2.456398e-01	2.000000e-01	2.000000e-01	1
2.020000e+01	202	1.265585e+03	4.257997e+02	2.880000e+01	7.200000e+00	2.517462e-01	2.000000e-01	2.000000e-01	1
2.030000e+01	203	1.313598e+03	3.964000e+02	2.880000e+01	7.200000e+00	2.318132e-01	2.000000e-01	2.000000e-01	1
2.040000e+01	204	1.155784e+03	5.379168e+02	2.880000e+01	7.200000e+00	3.175986e-01	2.000000e-01	2.000000e-01	1
2.050000e+01	205	1.594126e+03	5.582603e+02	2.880000e+01	7.200000e+00	2.593680e-01	2.000000e-01	2.000000e-01	1
2.060000e+01	206	1.015061e+03	5.998787e+02	2.880000e+01	7.200000e+00	3.714557e-01	2.000000e-01	2.000000e-01	1
2.070000e+01	207	1.485718e+03	4.220446e+02	2.880000e+01	7.200000e+00	2.212249e-01	2.000000e-01	2.000000e-01	1
2.080000e+01	208	1.314186e+03	5.090392e+02	2.880000e+01	7.200000e+00	2.791971e-01	2.000000e-01	2.000000e-01	1
2.090000e+01	209	1.328562e+03	3.214863e+02	2.880000e+01	7.200000e+00	1.948344e-01	2.000000e-01	2.000000e-01	1
21	210	1.522617e+03	3.202140e+02	2.880000e+01	7.200000e+00	1.737620e-01	2.000000e-01	2.000000e-01	1
2.110000e+01	211	1.227868e+03	3.943219e+02	2.880000e+01	7.200000e+00	2.430799e-01	2.000000e-01	2.000000e-01	1
2.120000e+01	212	9.872850e+02	3.625384e+02	2.880000e+01	7.200000e+00	2.685821e-01	2.000000e-01	2.000000e-01	1
2.130000e+01	213	1.582029e+03	5.396159e+02	2.880000e+01	7.200000e+00	2.543385e-01	2.000000e-01	2.000000e-01	1
2.140000e+01	214	1.484677e+03	2.630020e+02	2.880000e+01	7.200000e+00	1.504865e-01	2.000000e-01	2.000000e-01	1
2.150000e+01	215	2.055294e+03	6.073870e+02	2.880000e+01	7.200000e+00	2.281111e-01	2.000000e-01	2.000000e-01	1
2.160000e+01	216	1.375020e+03	2.621961e+02	2.880000e+01	7.200000e+00	1.601476e-01	2.000000e-01	2.000000e-01	1
2.170000e+01	217	1.757051e+03	2.141308e+02	2.880000e+01	7.200000e+00	1.086306e-01	2.000000e-01	2.000000e-01	1
2.180000e+01	218	1.407202e+03	0	2.880000e+01	7.200000e+00	0	2.000000e-01	2.000000e-01	1
2.190000e+01	219	1.521102e+03	3.217497e+02	2.880000e+01	7.200000e+00	1.745934e-01	2.000000e-01	2.000000e-01	1
22	220	2.088149e+03	2.307247e+02	2.880000e+01	7.200000e+00	9.949857e-02	2.000000e-01	2.000000e-01	1
2.210000e+01	221	1.635173e+03	4.895351e+02	2.880000e+01	7.200000e+00	2.304011e-01	2.000000e-01	2.000000e-01	1
2.220000e+01	222	1.569082e+03	6.119678e+02	2.880000e+01	7.200000e+00	2.805840e-01	2.000000e-01	2.000000e-01	1
2.230000e+01	223	1.349954e+03	1.834713e+02	2.880000e+01	7.200000e+00	1.196480e-01	2.000000e-01	2.000000e-01	1
2.240000e+01	224	1.607321e+03	3.202733e+02	2.880000e+01	7.200000e+00	1.661519e-01	2.000000e-01	2.000000e-01	1
2.250000e+01	225	1.751874e+03	3.586066e+02	2.880000e+01	7.200000e+00	1.699170e-01	2.000000e-01	2.000000e-01	1
2.260000e+01	226	1.845192e+03	3.597185e+02	2.880000e+01	7.200000e+00	1.631443e-01	2.000000e-01	2.000000e-01	1
2.270000e+01	227	1.620548e+03	2.978074e+02	2.880000e+01	7.200000e+00	1.552410e-01	2.000000e-01	2.000000e-01	1
2.280000e+01	228	1.585677e+03	5.445970e+02	2.880000e+01	7.200000e+00	2.556464e-01	2.000000e-01	2.000000e-01	1
2.290000e+01	229	1.754868e+03	2.712594e+02	2.880000e+01	7.200000e+00	1.338807e-01	2.000000e-01	2.000000e-01	1
23	230	1.240853e+03	0	2.880000e+01	7.200000e+00	0	2.000000e-01	2.000000e-01	1
2.310000e+01	231	1.297686e+03	3.745285e+02	2.880000e+01	7.200000e+00	2.239716e-01	2.000000e-01	2.000000e-01	1
2.320000e+01	232	1.327040e+03	4.765882e+02	2.880000e+01	7.200000e+00	2.642387e-01	2.000000e-01	2.000000e-01	1
2.330000e+01	233	1.659338e+03	3.683736e+02	2.880000e+01	7.200000e+00	1.816697e-01	2.000000e-01	2.000000e-01	1
2.340000e+01	234	1.632152e+03	5.274003e+02	2.880000e+01	7.200000e+00	2.442174e-01	2.000000e-01	2.000000e-01	1
2.350000e+01	235	1.335206e+03	3.815701e+02	2.880000e+01	7.200000e+00	2.222597e-01	2.000000e-01	2.000000e-01	1
2.360000e+01	236	1.727850e+03	2.884999e+02	2.880000e+01	7.200000e+00	1.430803e-01	2.000000e-01	2.000000e-01	1
2.370000e+01	237	1.683905e+03	5.340789e+02	2.880000e+01	7.200000e+00	2.407948e-01	2.000000e-01	2.000000e-01	1
2.380000e+01	238	1.239714e+03	3.146457e+02	2.880000e+01	7.200000e+00	2.024279e-01	2.000000e-01	2.000000e-01	1
2.390000e+01	239	1.659062e+03	4.187898e+02	2.880000e+01	7.200000e+00	2.015494e-01	2.000000e-01	2.000000e-01	1
24	240	1.495772e+03	4.200657e+02	2.880000e+01	7.200000e+00	2.192595e-01	2.000000e-01	2.000000e-01	1
2.410000e+01	241	1.664108e+03	8.727184e+01	2.880000e+01	7.200000e+00	4.983033e-02	2.000000e-01	2.000000e-01	1
2.420000e+01	242	2.075275e+03	5.086388e+02	2.880000e+01	7.200000e+00	1.968482e-01	2.000000e-01	2.000000e-01	1
2.430000e+01	243	1.220715e+03	4.773882e+02	2.880000e+01	7.200000e+00	2.811303e-01	2.000000e-01	2.000000e-01	1
2.440000e+01	244	1.949360e+03	3.686007e+02	2.880000e+01	7.200000e+00	1.590194e-01	2.000000e-01	2.000000e-01	1
2.450000e+01	245	1.547924e+03	4.492287e+02	2.880000e+01	7.200000e+00	2.249345e-01	2.000000e-01	2.000000e-01	1
2.460000e+01	246	1.464290e+03	5.006867e+02	2.880000e+01	7.200000e+00	2.548055e-01	2.000000e-01	2.000000e-01	1
2.470000e+01	247	1.654472e+03	6.320714e+02	2.880000e+01	7.200000e+00	2.764310e-01	2.000000e-01	2.000000e-01	1
2.480000e+01	248	1.217849e+03	1.713510e+02	2.880000e+01	7.200000e+00	1.233450e-01	2.000000e-01	2.000000e-01	1
2.490000e+01	249	1.246542e+03	2.936613e+02	2.880000e+01	7.200000e+00	1.906640e-01	2.000000e-01	2.000000e-01	1
25	250	1.225849e+03	2.101635e+02	2.880000e+01	7.200000e+00	1.463521e-01	2.000000e-01	2.000000e-01	1
2.510000e+01	251	1.461918e+03	2.112083e+02	2.880000e+01	7.200000e+00	1.262357e-01	2.000000e-01	2.000000e-01	1
2.520000e+01	252	2.044130e+03	5.577894e+02	2.880000e+01	7.200000e+00	2.143761e-01	2.000000e-01	2.000000e-01	1
2.530000e+01	253	1.067897e+03	3.053778e+02	2.880000e+01	7.200000e+00	2.223720e-01	2.000000e-01	2.000000e-01	1
2.540000e+01	254	1.692745e+03	5.786207e+02	2.880000e+01	7.200000e+00	2.547457e-01	2.000000e-01	2.000000e-01	1
2.550000e+01	255	1.640201e+03	5.000337e+02	2.880000e+01	7.200000e+00	2.336350e-01	2.000000e-01	2.000000e-01	1
2.560000e+01	256	1.539419e+03	3.433640e+02	2.880000e+01	7.200000e+00	1.823705e-01	2.000000e-01	2.000000e-01	1
2.570000e+01	257	1.119678e+03	4.300326e+02	2.880000e+01	7.200000e+00	2.774922e-01	2.000000e-01	2.000000e-01	1
2.580000e+01	258	1.805034e+03	3.296455e+02	2.880000e+01	7.200000e+00	1.544239e-01	2.000000e-01	2.000000e-01	1
2.590000e+01	259	1.606291e+03	2.917755e+02	2.880000e+01	7.200000e+00	1.537224e-01	2.000000e-01	2.000000e-01	1
26	260	1.355043e+03	1.999678e+02	2.880000e+01	7.200000e+00	1.285958e-01	2.000000e-01	2.000000e-01	1
2.610000e+01	261	1.244201e+03	3.858259e+02	2.880000e+01	7.200000e+00	2.366991e-01	2.000000e-01	2.000000e-01	1
2.620000e+01	262	1.773219e+03	4.457207e+02	2.880000e+01	7.200000e+00	2.008710e-01	2.000000e-01	2.000000e-01	1
2.630000e+01	263	1.749599e+03	7.385680e+02	2.880000e+01	7.200000e+00	2.968321e-01	2.000000e-01	2.000000e-01	1
2.640000e+01	264	1.169029e+03	6.620697e+02	2.880000e+01	7.200000e+00	3.615696e-01	2.000000e-01	2.000000e-01	1
2.650000e+01	265	1.998783e+03	4.971016e+02	2.880000e+01	7.200000e+00	1.991685e-01	2.000000e-01	2.000000e-01	1
2.660000e+01	266	1.604084e+03	2.448981e+02	2.880000e+01	7.200000e+00	1.324502e-01	2.000000e-01	2.000000e-01	1
2.670000e+01	267	1.459297e+03	5.059356e+02	2.880000e+01	7.200000e+00	2.574431e-01	2.000000e-01	2.000000e-01	1
2.680000e+01	268	1.393439e+03	2.397630e+02	2.880000e+01	7.200000e+00	1.468055e-01	2.000000e-01	2.000000e-01	1
2.690000e+01	269	1.315731e+03	4.011186e+02	2.880000e+01	7.200000e+00	2.336364e-01	2.000000e-01	2.000000e-01	1
27	270	1.991165e+03	1.720437e+02	2.880000e+01	7.200000e+00	7.953175e-02	2.000000e-01	2.000000e-01	1
2.710000e+01	271	2.057841e+03	4.127033e+02	2.880000e+01	7.200000e+00	1.670495e-01	2.000000e-01	2.000000e-01	1
2.720000e+01	272	1.482710e+03	4.302565e+02	2.880000e+01	7.200000e+00	2.249159e-01	2.000000e-01	2.000000e-01	1
2.730000e+01	273	2.083809e+03	2.430811e+02	2.880000e+01	7.200000e+00	1.044661e-01	2.000000e-01	2.000000e-01	1
2.740000e+01	274	1.956293e+03	1.351471e+02	2.880000e+01	7.200000e+00	6.461919e-02	2.000000e-01	2.000000e-01	1
2.750000e+01	275	1.751993e+03	2.881131e+02	2.880000e+01	7.200000e+00	1.412245e-01	2.000000e-01	2.000000e-01	1
2.760000e+01	276	1.254618e+03	4.633634e+02	2.880000e+01	7.200000e+00	2.697138e-01	2.000000e-01	2.000000e-01	1
2.770000e+01	277	1.366403e+03	3.917835e+02	2.880000e+01	7.200000e+00	2.228338e-01	2.000000e-01	2.000000e-01	1
2.780000e+01	278	1.117126e+03	1.755975e+02	2.880000e+01	7.200000e+00	1.358353e-01	2.000000e-01	2.000000e-01	1
2.790000e+01	279	1.924396e+03	7.253185e+02	2.880000e+01	7.200000e+00	2.737346e-01	2.000000e-01	2.000000e-01	1
28	280	1.576798e+03	3.805204e+02	2.880000e+01	7.200000e+00	1.944090e-01	2.000000e-01	2.000000e-01	1
2.810000e+01	281	1.430629e+03	5.033574e+02	2.880000e+01	7.200000e+00	2.602693e-01	2.000000e-01	2.000000e-01	1
2.820000e+01	282	1.555231e+03	4.888023e+02	2.880000e+01	7.200000e+00	2.391362e-01	2.000000e-01	2.000000e-01	1
2.830000e+01	283	1.300322e+03	3.400433e+02	2.880000e+01	7.200000e+00	2.072973e-01	2.000000e-01	2.000000e-01	1
2.840000e+01	284	1.442268e+03	3.577849e+02	2.880000e+01	7.200000e+00	1.987636e-01	2.000000e-01	2.000000e-01	1
2.850000e+01	285	1.947496e+03	5.447124e+02	2.880000e+01	7.200000e+00	2.185662e-01	2.000000e-01	2.000000e-01	1
2.860000e+01	286	1.405269e+03	4.895583e+02	2.880000e+01	7.200000e+00	2.583657e-01	2.000000e-01	2.000000e-01	1
2.870000e+01	287	1.080165e+03	6.724199e+02	1.829472e+01	1.770528e+01	3.836731e-01	4.918132e-01	7.000000e-01	2
2.880000e+01	288	1.035411e+03	1.773674e+03	1.080000e+01	2.520000e+01	6.314063e-01	7.000000e-01	7.000000e-01	2
2.890000e+01	289	5.074848e+02	1.664915e+03	1.080000e+01	2.520000e+01	7.663943e-01	7.000000e-01	7.000000e-01	2
29	290	5.346468e+02	1.455724e+03	1.080000e+01	2.520000e+01	7.313833e-01	7.000000e-01	7.000000e-01	2
2.910000e+01	291	7.433896e+02	1.328608e+03	1.080000e+01	2.520000e+01	6.412208e-01	7.000000e-01	7.000000e-01	2
2.920000e+01	292	5.227241e+02	1.217928e+03	1.080000e+01	2.520000e+01	6.996964e-01	7.000000e-01	7.000000e-01	2
2.930000e+01	293	7.927275e+02	8.461822e+02	1.080000e+01	2.520000e+01	5.163080e-01	7.000000e-01	7.000000e-01	2
2.940000e+01	294	9.476868e+02	1.256795e+03	1.080000e+01	2.520000e+01	5.701090e-01	7.000000e-01	7.000000e-01	2
2.950000e+01	295	6.283265e+02	1.250714e+03	1.080000e+01	2.520000e+01	6.656132e-01	7.000000e-01	7.000000e-01	2
2.960000e+01	296	7.886144e+02	1.663648e+03	1.080000e+01	2.520000e+01	6.784135e-01	7.000000e-01	7.000000e-01	2
2.970000e+01	297	4.637298e+02	1.171358e+03	1.080000e+01	2.520000e+01	7.163884e-01	7.000000e-01	7.000000e-01	2
2.980000e+01	298	4.149945e+02	1.648218e+03	1.080000e+01	2.520000e+01	7.988601e-01	7.000000e-01	7.000000e-01	2
2.990000e+01	299	9.019459e+02	1.437714e+03	1.080000e+01	2.520000e+01	6.144969e-01	7.000000e-01	7.000000e-01	2
30	300	5.431867e+02	9.215769e+02	1.080000e+01	2.520000e+01	6.291642e-01	7.000000e-01	7.000000e-01	2
3.010000e+01	301	5.531351e+02	1.042639e+03	1.080000e+01	2.520000e+01	6.533751e-01	7.000000e-01	7.000000e-01	2
3.020000e+01	302	6.647099e+02	8.568716e+02	1.080000e+01	2.520000e+01	5.631454e-01	7.000000e-01	7.000000e-01	2
3.030000e+01	303	4.810455e+02	1.414039e+03	1.080000e+01	2.520000e+01	7.461615e-01	7.000000e-01	7.000000e-01	2
3.040000e+01	304	7.157519e+02	1.028971e+03	1.080000e+01	2.520000e+01	5.897617e-01	7.000000e-01	7.000000e-01	2
3.050000e+01	305	5.803256e+02	1.602780e+03	1.080000e+01	2.520000e+01	7.341743e-01	7.000000e-01	7.000000e-01	2
3.060000e+01	306	3.865810e+02	1.332772e+03	1.080000e+01	2.520000e+01	7.751590e-01	7.000000e-01	7.000000e-01	2
3.070000e+01	307	4.859175e+02	9.152265e+02	1.080000e+01	2.520000e+01	6.531994e-01	7.000000e-01	7.000000e-01	2
3.080000e+01	308	8.503564e+02	7.943640e+02	1.080000e+01	2.520000e+01	4.829781e-01	7.000000e-01	7.000000e-01	2
3.090000e+01	309	5.461330e+02	1.540707e+03	1.080000e+01	2.520000e+01	7.382967e-01	7.000000e-01	7.000000e-01	2
31	310	4.149229e+02	8.585459e+02	1.080000e+01	2.520000e+01	6.741790e-01	7.000000e-01	7.000000e-01	2
3.110000e+01	311	5.224621e+02	1.190121e+03	1.080000e+01	2.520000e+01	6.949274e-01	7.000000e-01	7.000000e-01	2
3.120000e+01	312	8.426714e+02	1.524167e+03	1.080000e+01	2.520000e+01	6.439675e-01	7.000000e-01	7.000000e-01	2
3.130000e+01	313	8.597465e+02	1.193478e+03	1.080000e+01	2.520000e+01	5.812701e-01	7.000000e-01	7.000000e-01	2
3.140000e+01	314	1.083570e+03	1.307323e+03	1.585122e+01	2.014878e+01	5.467928e-01	5.596885e-01	7.000000e-01	2
3.150000e+01	315	1.928319e+03	5.736393e+02	2.880000e+01	7.200000e+00	2.292761e-01	2.000000e-01	2.000000e-01	1
3.160000e+01	316	1.550885e+03	2.904484e+02	2.880000e+01	7.200000e+00	1.577381e-01	2.000000e-01	2.000000e-01	1
3.170000e+01	317	1.514763e+03	3.219916e+02	2.880000e+01	7.200000e+00	1.753046e-01	2.000000e-01	2.000000e-01	1
3.180000e+01	318	1.846991e+03	4.825316e+02	2.880000e+01	7.200000e+00	2.071375e-01	2.000000e-01	2.000000e-01	1
3.190000e+01	319	1.351236e+03	2.108827e+02	2.880000e+01	7.200000e+00	1.349978e-01	2.000000e-01	2.000000e-01	1
32	320	2.031173e+03	5.005943e+02	2.880000e+01	7.200000e+00	1.977252e-01	2.000000e-01	2.000000e-01	1
3.210000e+01	321	2.036860e+03	4.890488e+02	2.880000e+01	7.200000e+00	1.936130e-01	2.000000e-01	2.000000e-01	1
3.220000e+01	322	1.647573e+03	4.992468e+02	2.880000e+01	7.200000e+00	2.325518e-01	2.000000e-01	2.000000e-01	1
3.230000e+01	323	2.027389e+03	5.509373e+02	2.880000e+01	7.200000e+00	2.136802e-01	2.000000e-01	2.000000e-01	1
3.240000e+01	324	1.946281e+03	2.894881e+02	2.880000e+01	7.200000e+00	1.294803e-01	2.000000e-01	2.000000e-01	1
3.250000e+01	325	2.069505e+03	6.696193e+02	2.880000e+01	7.200000e+00	2.444648e-01	2.000000e-01	2.000000e-01	1
3.260000e+01	326	2.551488e+03	4.138960e+02	2.880000e+01	7.200000e+00	1.395758e-01	2.000000e-01	2.000000e-01	1
3.270000e+01	327	1.652200e+03	3.991338e+02	2.880000e+01	7.200000e+00	1.945729e-01	2.000000e-01	2.000000e-01	1
3.280000e+01	328	1.300510e+03	5.488017e+02	2.880000e+01	7.200000e+00	2.967599e-01	2.000000e-01	2.000000e-01	1
3.290000e+01	329	1.468344e+03	1.609371e+02	2.880000e+01	7.200000e+00	9.877800e-02	2.000000e-01	2.000000e-01	1
33	330	2.182696e+03	6.801486e+02	2.880000e+01	7.200000e+00	2.375779e-01	2.000000e-01	2.000000e-01	1
3.310000e+01	331	1.340360e+03	6.333584e+02	2.880000e+01	7.200000e+00	3.208960e-01	2.000000e-01	2.000000e-01	1
3.320000e+01	332	1.487917e+03	5.852489e+02	2.880000e+01	7.200000e+00	2.822972e-01	2.000000e-01	2.000000e-01	1
3.330000e+01	333	1.376542e+03	2.252244e+02	2.880000e+01	7.200000e+00	1.406100e-01	2.000000e-01	2.000000e-01	1
3.340000e+01	334	6.788513e+02	5.996863e+02	2.880000e+01	7.200000e+00	4.690408e-01	2.000000e-01	2.000000e-01	1
3.350000e+01	335	1.614027e+03	4.472092e+02	2.880000e+01	7.200000e+00	2.169616e-01	2.000000e-01	2.000000e-01	1
3.360000e+01	336	1.229691e+03	7.510407e+02	2.880000e+01	7.200000e+00	3.791734e-01	2.000000e-01	2.000000e-01	1
3.370000e+01	337	1.507121e+03	2.086220e+02	2.880000e+01	7.200000e+00	1.215928e-01	2.000000e-01	2.000000e-01	1
3.380000e+01	338	1.493066e+03	2.581925e+02	2.880000e+01	7.200000e+00	1.474326e-01	2.000000e-01	2.000000e-01	1
3.390000e+01	339	1.229843e+03	4.618808e+02	2.880000e+01	7.200000e+00	2.730238e-01	2.000000e-01	2.000000e-01	1
34	340	1.055296e+03	4.441910e+02	2.880000e+01	7.200000e+00	2.962286e-01	2.000000e-01	2.000000e-01	1
3.410000e+01	341	1.349447e+03	2.766434e+02	2.880000e+01	7.200000e+00	1.701279e-01	2.000000e-01	2.000000e-01	1
3.420000e+01	342	6.218074e+02	1.140278e+03	1.531629e+01	2.068371e+01	6.471184e-01	5.745475e-01	7.000000e-01	2
3.430000e+01	343	4.081498e+02	1.460953e+03	1.080000e+01	2.520000e+01	7.816333e-01	7.000000e-01	7.000000e-01	2
3.440000e+01	344	7.738510e+02	1.750178e+03	1.080000e+01	2.520000e+01	6.934065e-01	7.000000e-01	7.000000e-01	2
3.450000e+01	345	4.635958e+02	1.049846e+03	1.080000e+01	2.520000e+01	6.936811e-01	7.000000e-01	7.000000e-01	2
3.460000e+01	346	8.503553e+02	1.413433e+03	1.080000e+01	2.520000e+01	6.243662e-01	7.000000e-01	7.000000e-01	2
3.470000e+01	347	9.482977e+02	7.129845e+02	1.080000e+01	2.520000e+01	4.291772e-01	7.000000e-01	7.000000e-01	2
3.480000e+01	348	1.188801e+03	1.443927e+03	1.080000e+01	2.520000e+01	5.484527e-01	7.000000e-01	7.000000e-01	2
3.490000e+01	349	7.297157e+02	7.978815e+02	1.080000e+01	2.520000e+01	5.223114e-01	7.000000e-01	7.000000e-01	2
35	350	7.272410e+02	1.298380e+03	1.080000e+01	2.520000e+01	6.409787e-01	7.000000e-01	7.000000e-01	2
3.510000e+01	351	7.359503e+02	1.775334e+03	1.080000e+01	2.520000e+01	7.069426e-01	7.000000e-01	7.000000e-01	2
3.520000e+01	352	5.392708e+02	1.685697e+03	1.080000e+01	2.520000e+01	7.576275e-01	7.000000e-01	7.000000e-01	2
3.530000e+01	353	5.473247e+02	1.769555e+03	1.080000e+01	2.520000e+01	7.637665e-01	7.000000e-01	7.000000e-01	2
3.540000e+01	354	4.189552e+02	1.367005e+03	1.080000e+01	2.520000e+01	7.654175e-01	7.000000e-01	7.000000e-01	2
3.550000e+01	355	8.689935e+02	1.649051e+03	1.080000e+01	2.520000e+01	6.548935e-01	7.000000e-01	7.000000e-01	2
3.560000e+01	356	3.991497e+02	1.194352e+03	1.080000e+01	2.520000e+01	7.495141e-01	7.000000e-01	7.000000e-01	2
3.570000e+01	357	3.264204e+02	1.545517e+03	1.080000e+01	2.520000e+01	8.256243e-01	7.000000e-01	7.000000e-01	2
3.580000e+01	358	1.457175e+03	6.705128e+02	2.622333e+01	9.776668e+00	3.151369e-01	2.715741e-01	2.000000e-01	1
3.590000e+01	359	1.591912e+03	2.080062e+02	2.880000e+01	7.200000e+00	1.155643e-01	2.000000e-01	2.000000e-01	1
36	360	1.613500e+03	4.040365e+02	2.880000e+01	7.200000e+00	2.002623e-01	2.000000e-01	2.000000e-01	1
3.610000e+01	361	1.944336e+03	3.111478e+02	2.880000e+01	7.200000e+00	1.379517e-01	2.000000e-01	2.000000e-01	1
3.620000e+01	362	1.305641e+03	6.326827e+02	2.880000e+01	7.200000e+00	3.264072e-01	2.000000e-01	2.000000e-01	1
3.630000e+01	363	1.340984e+03	3.653936e+02	2.880000e+01	7.200000e+00	2.141341e-01	2.000000e-01	2.000000e-01	1
3.640000e+01	364	2.105389e+03	5.810681e+02	2.880000e+01	7.200000e+00	2.162953e-01	2.000000e-01	2.000000e-01	1
3.650000e+01	365	1.597262e+03	6.254875e+02	2.880000e+01	7.200000e+00	2.814027e-01	2.000000e-01	2.000000e-01	1
3.660000e+01	366	1.728067e+03	4.568743e+02	2.880000e+01	7.200000e+00	2.091014e-01	2.000000e-01	2.000000e-01	1
3.670000e+01	367	1.100975e+03	1.470011e+02	2.880000e+01	7.200000e+00	1.177916e-01	2.000000e-01	2.000000e-01	1
3.680000e+01	368	2.046436e+03	3.984612e+02	2.880000e+01	7.200000e+00	1.629766e-01	2.000000e-01	2.000000e-01	1
3.690000e+01	369	1.308860e+03	1.685494e+02	2.880000e+01	7.200000e+00	1.140844e-01	2.000000e-01	2.000000e-01	1
37	370	1.573516e+03	4.998491e+02	2.880000e+01	7.200000e+00	2.410811e-01	2.000000e-01	2.000000e-01	1
3.710000e+01	371	1.989467e+03	3.488953e+02	2.880000e+01	7.200000e+00	1.492050e-01	2.000000e-01	2.000000e-01	1
3.720000e+01	372	1.814806e+03	3.665507e+02	2.880000e+01	7.200000e+00	1.680380e-01	2.000000e-01	2.000000e-01	1
3.730000e+01	373	1.215075e+03	6.506232e+01	2.880000e+01	7.200000e+00	5.082449e-02	2.000000e-01	2.000000e-01	1
3.740000e+01	374	1.688007e+03	3.031135e+02	2.880000e+01	7.200000e+00	1.522326e-01	2.000000e-01	2.000000e-01	1
3.750000e+01	375	1.024339e+03	2.547439e+02	2.880000e+01	7.200000e+00	1.991614e-01	2.000000e-01	2.000000e-01	1
3.760000e+01	376	1.638833e+03	1.999888e+02	2.880000e+01	7.200000e+00	1.087592e-01	2.000000e-01	2.000000e-01	1
3.770000e+01	377	1.129804e+03	6.865345e+02	1.868554e+01	1.731446e+01	3.779772e-01	4.809573e-01	7.000000e-01	3
3.780000e+01	378	4.256588e+02	1.451037e+03	1.080000e+01	2.520000e+01	7.731871e-01	7.000000e-01	7.000000e-01	3
3.790000e+01	379	6.728331e+02	1.210487e+03	1.080000e+01	2.520000e+01	6.427410e-01	7.000000e-01	7.000000e-01	3
38	380	6.482397e+02	1.236477e+03	1.080000e+01	2.520000e+01	6.560546e-01	7.000000e-01	7.000000e-01	3
3.810000e+01	381	6.666466e+02	1.558822e+03	1.080000e+01	2.520000e+01	7.004467e-01	7.000000e-01	7.000000e-01	3
3.820000e+01	382	4.193262e+02	1.388305e+03	1.080000e+01	2.520000e+01	7.680245e-01	7.000000e-01	7.000000e-01	3
3.830000e+01	383	7.484067e+02	1.372587e+03	1.080000e+01	2.520000e+01	6.471434e-01	7.000000e-01	7.000000e-01	3
3.840000e+01	384	5.910379e+02	1.572391e+03	1.080000e+01	2.520000e+01	7.268051e-01	7.000000e-01	7.000000e-01	3
3.850000e+01	385	8.914964e+02	1.431391e+03	1.080000e+01	2.520000e+01	6.162119e-01	7.000000e-01	7.000000e-01	3
3.860000e+01	386	6.926657e+02	1.074832e+03	1.080000e+01	2.520000e+01	6.081094e-01	7.000000e-01	7.000000e-01	3
3.870000e+01	387	4.904189e+02	1.659582e+03	1.080000e+01	2.520000e+01	7.718983e-01	7.000000e-01	7.000000e-01	3
3.880000e+01	388	7.689266e+02	1.024623e+03	1.080000e+01	2.520000e+01	5.712821e-01	7.000000e-01	7.000000e-01	3
3.890000e+01	389	3.195738e+02	7.727990e+02	1.080000e+01	2.520000e+01	7.074499e-01	7.000000e-01	7.000000e-01	3
39	390	1.258960e+03	4.251363e+02	2.242837e+01	1.357163e+01	2.524418e-01	3.769898e-01	2.000000e-01	1
3.910000e+01	391	2.172807e+03	5.422563e+02	2.880000e+01	7.200000e+00	1.997214e-01	2.000000e-01	2.000000e-01	1
3.920000e+01	392	1.938512e+03	3.960909e+02	2.880000e+01	7.200000e+00	1.696610e-01	2.000000e-01	2.000000e-01	1
3.930000e+01	393	1.839143e+03	5.304477e+02	2.880000e+01	7.200000e+00	2.238563e-01	2.000000e-01	2.000000e-01	1
3.940000e+01	394	1.729082e+03	8.036433e+02	2.880000e+01	7.200000e+00	3.173038e-01	2.000000e-01	2.000000e-01	1
3.950000e+01	395	1.332321e+03	4.991901e+02	2.880000e+01	7.200000e+00	2.725564e-01	2.000000e-01	2.000000e-01	1
3.960000e+01	396	1.506818e+03	1.446342e+02	2.880000e+01	7.200000e+00	8.757997e-02	2.000000e-01	2.000000e-01	1
3.970000e+01	397	1.873496e+03	3.486746e+02	2.880000e+01	7.200000e+00	1.569072e-01	2.000000e-01	2.000000e-01	1
3.980000e+01	398	1.416132e+03	2.989963e+02	2.880000e+01	7.200000e+00	1.743288e-01	2.000000e-01	2.000000e-01	1
3.990000e+01	399	1.773059e+03	2.756476e+02	2.880000e+01	7.200000e+00	1.345471e-01	2.000000e-01	2.000000e-01	1
40	400	1.283920e+03	4.823777e+02	2.880000e+01	7.200000e+00	2.731011e-01	2.000000e-01	2.000000e-01	1
4.010000e+01	401	1.268024e+03	5.904592e+02	2.880000e+01	7.200000e+00	3.177103e-01	2.000000e-01	2.000000e-01	1
4.020000e+01	402	1.255341e+03	2.105803e+02	2.880000e+01	7.200000e+00	1.436505e-01	2.000000e-01	2.000000e-01	1
4.030000e+01	403	1.831293e+03	2.592492e+02	2.880000e+01	7.200000e+00	1.240105e-01	2.000000e-01	2.000000e-01	1
4.040000e+01	404	1.776542e+03	1.636683e+02	2.880000e+01	7.200000e+00	8.435597e-02	2.000000e-01	2.000000e-01	1
4.050000e+01	405	1.590855e+03	3.963979e+02	2.880000e+01	7.200000e+00	1.994703e-01	2.000000e-01	2.000000e-01	1
4.060000e+01	406	2.022090e+03	3.024342e+02	2.880000e+01	7.200000e+00	1.301059e-01	2.000000e-01	2.000000e-01	1
4.070000e+01	407	1.593441e+03	3.875515e+02	2.880000e+01	7.200000e+00	1.956350e-01	2.000000e-01	2.000000e-01	1
4.080000e+01	408	1.451427e+03	5.006044e+02	2.880000e+01	7.200000e+00	2.564530e-01	2.000000e-01	2.000000e-01	1
4.090000e+01	409	1.427267e+03	1.613044e+02	2.880000e+01	7.200000e+00	1.015405e-01	2.000000e-01	2.000000e-01	1
41	410	1.435146e+03	4.076805e+02	2.880000e+01	7.200000e+00	2.212256e-01	2.000000e-01	2.000000e-01	1
4.110000e+01	411	1.195373e+03	2.318218e+02	2.880000e+01	7.200000e+00	1.624318e-01	2.000000e-01	2.000000e-01	1
4.120000e+01	412	1.680646e+03	4.179818e+02	2.880000e+01	7.200000e+00	1.991692e-01	2.000000e-01	2.000000e-01	1
4.130000e+01	413	2.008512e+03	3.187935e+02	2.880000e+01	7.200000e+00	1.369797e-01	2.000000e-01	2.000000e-01	1
4.140000e+01	414	1.635557e+03	4.909599e+02	2.880000e+01	7.200000e+00	2.308751e-01	2.000000e-01	2.000000e-01	1
4.150000e+01	415	1.954850e+03	7.610463e+02	2.880000e+01	7.200000e+00	2.802192e-01	2.000000e-01	2.000000e-01	1
4.160000e+01	416	1.927282e+03	4.175918e+02	2.880000e+01	7.200000e+00	1.780872e-01	2.000000e-01	2.000000e-01	1
4.170000e+01	417	1.178019e+03	6.009112e+02	2.880000e+01	7.200000e+00	3.377935e-01	2.000000e-01	2.000000e-01	1
4.180000e+01	418	1.623719e+03	2.878097e+02	2.880000e+01	7.200000e+00	1.505652e-01	2.000000e-01	2.000000e-01	1
4.190000e+01	419	1.836468e+03	3.350601e+02	2.880000e+01	7.200000e+00	1.542969e-01	2.000000e-01	2.000000e-01	1
42	420	1.237215e+03	4.609186e+02	2.880000e+01	7.200000e+00	2.714265e-01	2.000000e-01	2.000000e-01	1
4.210000e+01	421	2.166114e+03	2.653363e+02	2.880000e+01	7.200000e+00	1.091267e-01	2.000000e-01	2.000000e-01	1
4.220000e+01	422	1.378891e+03	4.491442e+02	2.880000e+01	7.200000e+00	2.456978e-01	2.000000e-01	2.000000e-01	1
4.230000e+01	423	1.923304e+03	7.279217e+02	2.880000e+01	7.200000e+00	2.745605e-01	2.000000e-01	2.000000e-01	1
4.240000e+01	424	1.377564e+03	2.307813e+02	2.880000e+01	7.200000e+00	1.434899e-01	2.000000e-01	2.000000e-01	1
4.250000e+01	425	1.477776e+03	3.663567e+02	2.880000e+01	7.200000e+00	1.986607e-01	2.000000e-01	2.000000e-01	1
4.260000e+01	426	1.740098e+03	4.222399e+02	2.880000e+01	7.200000e+00	1.952701e-01	2.000000e-01	2.000000e-01	1
4.270000e+01	427	1.735960e+03	5.639375e+02	2.880000e+01	7.200000e+00	2.452011e-01	2.000000e-01	2.000000e-01	1
4.280000e+01	428	1.125153e+03	6.467057e+02	2.880000e+01	7.200000e+00	3.649872e-01	2.000000e-01	2.000000e-01	1
4.290000e+01	429	1.297406e+03	4.041383e+02	2.880000e+01	7.200000e+00	2.375127e-01	2.000000e-01	2.000000e-01	1
43	430	1.881165e+03	4.219267e+02	2.880000e+01	7.200000e+00	1.832001e-01	2.000000e-01	2.000000e-01	1
4.310000e+01	431	1.616727e+03	2.159816e+02	2.880000e+01	7.200000e+00	1.178483e-01	2.000000e-01	2.000000e-01	1
4.320000e+01	432	1.568318e+03	3.822658e+02	2.880000e+01	7.200000e+00	1.959751e-01	2.000000e-01	2.000000e-01	1
4.330000e+01	433	1.810636e+03	6.749719e+02	2.880000e+01	7.200000e+00	2.715520e-01	2.000000e-01	2.000000e-01	1
4.340000e+01	434	1.506736e+03	3.946546e+02	2.880000e+01	7.200000e+00	2.075610e-01	2.000000e-01	2.000000e-01	1
4.350000e+01	435	1.473544e+03	5.902997e+02	2.880000e+01	7.200000e+00	2.860196e-01	2.000000e-01	2.000000e-01	1
4.360000e+01	436	1.597072e+03	4.739886e+02	2.880000e+01	7.200000e+00	2.288628e-01	2.000000e-01	2.000000e-01	1
4.370000e+01	437	1.327324e+03	4.017433e+02	2.880000e+01	7.200000e+00	2.323468e-01	2.000000e-01	2.000000e-01	1
4.380000e+01	438	1.492600e+03	4.208452e+02	2.880000e+01	7.200000e+00	2.199411e-01	2.000000e-01	2.000000e-01	1
4.390000e+01	439	1.682114e+03	2.328271e+02	2.880000e+01	7.200000e+00	1.215844e-01	2.000000e-01	2.000000e-01	1
44	440	1.727408e+03	5.771049e+02	2.880000e+01	7.200000e+00	2.504238e-01	2.000000e-01	2.000000e-01	1
4.410000e+01	441	1.361096e+03	1.654362e+02	2.880000e+01	7.200000e+00	1.083739e-01	2.000000e-01	2.000000e-01	1
4.420000e+01	442	1.775796e+03	2.998045e+02	2.880000e+01	7.200000e+00	1.444423e-01	2.000000e-01	2.000000e-01	1
4.430000e+01	443	1.034303e+03	5.046940e+02	2.880000e+01	7.200000e+00	3.279370e-01	2.000000e-01	2.000000e-01	1
4.440000e+01	444	1.794177e+03	3.813798e+02	2.880000e+01	7.200000e+00	1.753022e-01	2.000000e-01	2.000000e-01	1
4.450000e+01	445	1.990017e+03	4.284394e+02	2.880000e+01	7.200000e+00	1.771541e-01	2.000000e-01	2.000000e-01	1
4.460000e+01	446	1.675775e+03	3.788097e+02	2.880000e+01	7.200000e+00	1.843729e-01	2.000000e-01	2.000000e-01	1
4.470000e+01	447	1.067730e+03	2.724153e+02	2.880000e+01	7.200000e+00	2.032729e-01	2.000000e-01	2.000000e-01	1
4.480000e+01	448	1.916912e+03	2.269711e+02	2.880000e+01	7.200000e+00	1.058691e-01	2.000000e-01	2.000000e-01	1
4.490000e+01	449	1.245502e+03	3.127258e+02	2.880000e+01	7.200000e+00	2.006933e-01	2.000000e-01	2.000000e-01	1
45	450	1.335781e+03	5.522203e+02	2.880000e+01	7.200000e+00	2.924894e-01	2.000000e-01	2.000000e-01	1
4.510000e+01	451	1.457909e+03	4.225955e+02	2.880000e+01	7.200000e+00	2.247245e-01	2.000000e-01	2.000000e-01	1
4.520000e+01	452	1.129986e+03	5.910928e+02	2.880000e+01	7.200000e+00	3.434431e-01	2.000000e-01	2.000000e-01	1
4.530000e+01	453	1.359806e+03	2.997410e+02	2.880000e+01	7.200000e+00	1.806161e-01	2.000000e-01	2.000000e-01	1
4.540000e+01	454	2.271668e+03	2.933216e+02	2.880000e+01	7.200000e+00	1.143559e-01	2.000000e-01	2.000000e-01	1
4.550000e+01	455	2.139099e+03	5.013091e+02	2.880000e+01	7.200000e+00	1.898605e-01	2.000000e-01	2.000000e-01	1
4.560000e+01	456	1.706665e+03	3.630999e+02	2.880000e+01	7.200000e+00	1.754305e-01	2.000000e-01	2.000000e-01	1
4.570000e+01	457	1.891769e+03	4.101173e+02	2.880000e+01	7.200000e+00	1.781658e-01	2.000000e-01	2.000000e-01	1
4.580000e+01	458	1.423025e+03	4.376947e+02	2.880000e+01	7.200000e+00	2.352287e-01	2.000000e-01	2.000000e-01	1
4.590000e+01	459	1.969116e+03	3.591059e+02	2.880000e+01	7.200000e+00	1.542404e-01	2.000000e-01	2.000000e-01	1
46	460	1.695082e+03	6.763970e+02	2.880000e+01	7.200000e+00	2.852216e-01	2.000000e-01	2.000000e-01	1
4.610000e+01	461	2.124078e+03	3.946154e+02	2.880000e+01	7.200000e+00	1.566747e-01	2.000000e-01	2.000000e-01	1
4.620000e+01	462	1.752078e+03	3.751689e+02	2.880000e+01	7.200000e+00	1.763636e-01	2.000000e-01	2.000000e-01	1
4.630000e+01	463	1.639098e+03	2.618969e+02	2.880000e+01	7.200000e+00	1.377683e-01	2.000000e-01	2.000000e-01	1
4.640000e+01	464	2.181454e+03	3.187584e+02	2.880000e+01	7.200000e+00	1.274925e-01	2.000000e-01	2.000000e-01	1
4.650000e+01	465	1.381900e+03	3.401588e+02	2.880000e+01	7.200000e+00	1.975303e-01	2.000000e-01	2.000000e-01	1
4.660000e+01	466	1.093809e+03	4.642047e+02	2.880000e+01	7.200000e+00	2.979466e-01	2.000000e-01	2.000000e-01	1
4.670000e+01	467	1.501162e+03	6.113106e+02	2.880000e+01	7.200000e+00	2.893816e-01	2.000000e-01	2.000000e-01	1
4.680000e+01	468	1.349448e+03	4.088933e+02	2.880000e+01	7.200000e+00	2.325449e-01	2.000000e-01	2.000000e-01	1
4.690000e+01	469	1.511603e+03	3.604282e+02	2.880000e+01	7.200000e+00	1.925332e-01	2.000000e-01	2.000000e-01	1
47	470	1.532835e+03	1.724002e+02	2.880000e+01	7.200000e+00	1.011005e-01	2.000000e-01	2.000000e-01	1
4.710000e+01	471	2.277159e+03	6.138877e+02	2.880000e+01	7.200000e+00	2.123410e-01	2.000000e-01	2.000000e-01	1
4.720000e+01	472	1.824015e+03	1.428982e+02	2.880000e+01	7.200000e+00	7.265098e-02	2.000000e-01	2.000000e-01	1
4.730000e+01	473	1.942079e+03	2.226013e+02	2.880000e+01	7.200000e+00	1.028333e-01	2.000000e-01	2.000000e-01	1
4.740000e+01	474	1.194505e+03	4.470423e+02	2.880000e+01	7.200000e+00	2.723299e-01	2.000000e-01	2.000000e-01	1
4.750000e+01	475	1.439975e+03	4.310179e+02	2.880000e+01	7.200000e+00	2.303686e-01	2.000000e-01	2.000000e-01	1
4.760000e+01	476	1.360188e+03	4.358755e+02	2.880000e+01	7.200000e+00	2.426837e-01	2.000000e-01	2.000000e-01	1
4.770000e+01	477	1.402035e+03	4.723561e+02	2.880000e+01	7.200000e+00	2.520051e-01	2.000000e-01	2.000000e-01	1
4.780000e+01	478	1.837159e+03	3.199519e+02	2.880000e+01	7.200000e+00	1.483242e-01	2.000000e-01	2.000000e-01	1
4.790000e+01	479	1.678122e+03	2.248045e+02	2.880000e+01	7.200000e+00	1.181362e-01	2.000000e-01	2.000000e-01	1
48	480	1.703048e+03	3.030646e+02	2.880000e+01	7.200000e+00	1.510706e-01	2.000000e-01	2.000000e-01	1
4.810000e+01	481	1.725752e+03	5.379282e+02	2.880000e+01	7.200000e+00	2.376344e-01	2.000000e-01	2.000000e-01	1
4.820000e+01	482	2.062697e+03	4.815462e+02	2.880000e+01	7.200000e+00	1.892689e-01	2.000000e-01	2.000000e-01	1
4.830000e+01	483	1.843658e+03	4.967657e+02	2.880000e+01	7.200000e+00	2.122546e-01	2.000000e-01	2.000000e-01	1
4.840000e+01	484	1.876622e+03	3.028526e+02	2.880000e+01	7.200000e+00	1.389567e-01	2.000000e-01	2.000000e-01	1
4.850000e+01	485	1.179583e+03	6.037437e+02	2.880000e+01	7.200000e+00	3.385491e-01	2.000000e-01	2.000000e-01	1
4.860000e+01	486	1.892825e+03	1.663246e+02	2.880000e+01	7.200000e+00	8.077348e-02	2.000000e-01	2.000000e-01	1
4.870000e+01	487	1.178447e+03	2.400786e+02	2.880000e+01	7.200000e+00	1.692451e-01	2.000000e-01	2.000000e-01	1
4.880000e+01	488	1.554947e+03	3.585665e+02	2.880000e+01	7.200000e+00	1.873864e-01	2.000000e-01	2.000000e-01	1
4.890000e+01	489	1.190401e+03	3.294651e+02	2.880000e+01	7.200000e+00	2.167725e-01	2.000000e-01	2.000000e-01	1
49	490	1.721082e+03	6.765652e+02	2.880000e+01	7.200000e+00	2.821788e-01	2.000000e-01	2.000000e-01	1
4.910000e+01	491	1.456923e+03	3.855229e+02	2.880000e+01	7.200000e+00	2.092452e-01	2.000000e-01	2.000000e-01	1
4.920000e+01	492	2.074533e+03	5.271120e+02	2.880000e+01	7.200000e+00	2.026072e-01	2.000000e-01	2.000000e-01	1
4.930000e+01	493	1.688857e+03	3.053742e+02	2.880000e+01	7.200000e+00	1.531288e-01	2.000000e-01	2.000000e-01	1
4.940000e+01	494	2.197080e+03	5.576072e+02	2.880000e+01	7.200000e+00	2.024212e-01	2.000000e-01	2.000000e-01	1
4.950000e+01	495	1.442451e+03	8.884301e+01	2.880000e+01	7.200000e+00	5.801826e-02	2.000000e-01	2.000000e-01	1
4.960000e+01	496	1.321773e+03	3.303400e+02	2.880000e+01	7.200000e+00	1.999500e-01	2.000000e-01	2.000000e-01	1
4.970000e+01	497	1.780231e+03	3.229010e+02	2.880000e+01	7.200000e+00	1.535334e-01	2.000000e-01	2.000000e-01	1
4.980000e+01	498	1.714976e+03	6.771296e+02	2.880000e+01	7.200000e+00	2.830684e-01	2.000000e-01	2.000000e-01	1
4.990000e+01	499	1.712783e+03	4.761580e+02	2.880000e+01	7.200000e+00	2.175289e-01	2.000000e-01	2.000000e-01	1
50	500	1.086234e+03	3.639153e+02	2.880000e+01	7.200000e+00	2.509502e-01	2.000000e-01	2.000000e-01	1
5.010000e+01	501	1.698425e+03	2.746721e+02	2.880000e+01	7.200000e+00	1.392086e-01	2.000000e-01	2.000000e-01	1
5.020000e+01	502	1.979841e+03	6.598831e+02	2.880000e+01	7.200000e+00	2.499818e-01	2.000000e-01	2.000000e-01	1
5.030000e+01	503	1.943586e+03	5.821313e+02	2.880000e+01	7.200000e+00	2.304816e-01	2.000000e-01	2.000000e-01	1
5.040000e+01	504	1.532927e+03	4.274781e+02	2.880000e+01	7.200000e+00	2.180560e-01	2.000000e-01	2.000000e-01	1
5.050000e+01	505	1.923462e+03	3.575957e+02	2.880000e+01	7.200000e+00	1.567675e-01	2.000000e-01	2.000000e-01	1
5.060000e+01	506	1.470197e+03	5.364444e+02	2.880000e+01	7.200000e+00	2.673345e-01	2.000000e-01	2.000000e-01	1
5.070000e+01	507	1.857296e+03	4.806246e+02	2.880000e+01	7.200000e+00	2.055778e-01	2.000000e-01	2.000000e-01	1
5.080000e+01	508	1.163642e+03	2.984193e+02	2.880000e+01	7.200000e+00	2.041086e-01	2.000000e-01	2.000000e-01	1
5.090000e+01	509	1.318636e+03	3.930442e+02	2.880000e+01	7.200000e+00	2.296248e-01	2.000000e-01	2.000000e-01	1
51	510	1.652325e+03	2.709714e+02	2.880000e+01	7.200000e+00	1.408891e-01	2.000000e-01	2.000000e-01	1
5.110000e+01	511	1.368722e+03	2.590358e+02	2.880000e+01	7.200000e+00	1.591366e-01	2.000000e-01	2.000000e-01	1
5.120000e+01	512	1.777399e+03	4.522714e+02	2.880000e+01	7.200000e+00	2.028423e-01	2.000000e-01	2.000000e-01	1
5.130000e+01	513	1.954002e+03	2.918847e+02	2.880000e+01	7.200000e+00	1.299641e-01	2.000000e-01	2.000000e-01	1
5.140000e+01	514	2.008124e+03	2.911431e+02	2.880000e+01	7.200000e+00	1.266243e-01	2.000000e-01	2.000000e-01	1
5.150000e+01	515	1.341934e+03	4.422102e+02	2.880000e+01	7.200000e+00	2.478556e-01	2.000000e-01	2.000000e-01	1
5.160000e+01	516	1.439460e+03	4.427821e+02	2.880000e+01	7.200000e+00	2.352419e-01	2.000000e-01	2.000000e-01	1
5.170000e+01	517	1.927808e+03	4.477115e+02	2.880000e+01	7.200000e+00	1.884689e-01	2.000000e-01	2.000000e-01	1
5.180000e+01	518	1.508012e+03	4.137939e+02	2.880000e+01	7.200000e+00	2.153151e-01	2.000000e-01	2.000000e-01	1
5.190000e+01	519	1.505982e+03	3.132778e+02	2.880000e+01	7.200000e+00	1.722007e-01	2.000000e-01	2.000000e-01	1
52	520	1.737394e+03	1.488261e+02	2.880000e+01	7.200000e+00	7.890176e-02	2.000000e-01	2.000000e-01	1
5.210000e+01	521	1.200411e+03	5.330533e+02	2.880000e+01	7.200000e+00	3.075075e-01	2.000000e-01	2.000000e-01	1
5.220000e+01	522	1.083749e+03	3.873463e+02	2.880000e+01	7.200000e+00	2.633046e-01	2.000000e-01	2.000000e-01	1
5.230000e+01	523	1.708269e+03	4.960656e+02	2.880000e+01	7.200000e+00	2.250410e-01	2.000000e-01	2.000000e-01	1
5.240000e+01	524	1.392426e+03	3.161462e+02	2.880000e+01	7.200000e+00	1.850353e-01	2.000000e-01	2.000000e-01	1
5.250000e+01	525	1.577990e+03	2.090355e+02	2.880000e+01	7.200000e+00	1.169740e-01	2.000000e-01	2.000000e-01	1
5.260000e+01	526	1.733276e+03	3.629445e+02	2.880000e+01	7.200000e+00	1.731423e-01	2.000000e-01	2.000000e-01	1
5.270000e+01	527	1.840131e+03	3.623246e+02	2.880000e+01	7.200000e+00	1.645094e-01	2.000000e-01	2.000000e-01	1
5.280000e+01	528	1.367056e+03	4.490798e+02	2.880000e+01	7.200000e+00	2.472721e-01	2.000000e-01	2.000000e-01	1
5.290000e+01	529	1.634491e+03	3.953199e+02	2.880000e+01	7.200000e+00	1.947570e-01	2.000000e-01	2.000000e-01	1
53	530	1.427838e+03	3.893398e+02	2.880000e+01	7.200000e+00	2.142553e-01	2.000000e-01	2.000000e-01	1
5.310000e+01	531	1.634356e+03	3.758218e+02	2.880000e+01	7.200000e+00	1.869595e-01	2.000000e-01	2.000000e-01	1
5.320000e+01	532	1.736117e+03	5.482192e+02	2.880000e+01	7.200000e+00	2.399906e-01	2.000000e-01	2.000000e-01	1
5.330000e+01	533	1.456854e+03	2.837185e+02	2.880000e+01	7.200000e+00	1.630030e-01	2.000000e-01	2.000000e-01	1
5.340000e+01	534	1.850769e+03	4.617490e+02	2.880000e+01	7.200000e+00	1.996736e-01	2.000000e-01	2.000000e-01	1
5.350000e+01	535	1.552650e+03	4.859601e+02	2.880000e+01	7.200000e+00	2.383781e-01	2.000000e-01	2.000000e-01	1
5.360000e+01	536	1.484874e+03	4.008721e+02	2.880000e+01	7.200000e+00	2.125801e-01	2.000000e-01	2.000000e-01	1
5.370000e+01	537	1.037366e+03	3.528036e+02	2.880000e+01	7.200000e+00	2.537845e-01	2.000000e-01	2.000000e-01	1
5.380000e+01	538	1.697421e+03	3.967924e+02	2.880000e+01	7.200000e+00	1.894709e-01	2.000000e-01	2.000000e-01	1
5.390000e+01	539	1.006676e+03	9.630969e+02	1.766674e+01	1.833326e+01	4.889380e-01	5.092571e-01	7.000000e-01	3
54	540	5.986253e+02	1.426072e+03	1.080000e+01	2.520000e+01	7.043383e-01	7.000000e-01	7.000000e-01	3
5.410000e+01	541	7.900402e+02	1.474796e+03	1.080000e+01	2.520000e+01	6.511711e-01	7.000000e-01	7.000000e-01	3
5.420000e+01	542	4.764219e+02	1.665734e+03	1.080000e+01	2.520000e+01	7.775970e-01	7.000000e-01	7.000000e-01	3
5.430000e+01	543	1.573271e+02	1.564153e+03	1.080000e+01	2.520000e+01	9.086094e-01	7.000000e-01	7.000000e-01	3
5.440000e+01	544	6.933430e+02	1.963497e+03	1.080000e+01	2.520000e+01	7.390347e-01	7.000000e-01	7.000000e-01	3
5.450000e+01	545	8.191310e+02	1.472142e+03	1.080000e+01	2.520000e+01	6.424995e-01	7.000000e-01	7.000000e-01	3
5.460000e+01	546	4.587120e+02	1.109185e+03	1.080000e+01	2.520000e+01	7.074349e-01	7.000000e-01	7.000000e-01	3
5.470000e+01	547	7.213793e+02	1.298083e+03	1.080000e+01	2.520000e+01	6.427864e-01	7.000000e-01	7.000000e-01	3
5.480000e+01	548	8.268109e+02	1.063025e+03	1.080000e+01	2.520000e+01	5.624959e-01	7.000000e-01	7.000000e-01	3
5.490000e+01	549	4.643355e+02	1.240388e+03	1.080000e+01	2.520000e+01	7.276184e-01	7.000000e-01	7.000000e-01	3
55	550	8.563293e+02	1.488226e+03	1.080000e+01	2.520000e+01	6.347583e-01	7.000000e-01	7.000000e-01	3
5.510000e+01	551	4.232603e+02	1.229081e+03	1.080000e+01	2.520000e+01	7.438420e-01	7.000000e-01	7.000000e-01	3
5.520000e+01	552	8.148243e+02	1.647375e+03	1.080000e+01	2.520000e+01	6.690665e-01	7.000000e-01	7.000000e-01	3
5.530000e+01	553	4.842263e+02	1.741242e+03	1.080000e+01	2.520000e+01	7.824160e-01	7.000000e-01	7.000000e-01	3
5.540000e+01	554	4.866420e+02	1.627017e+03	1.080000e+01	2.520000e+01	7.697632e-01	7.000000e-01	7.000000e-01	3
5.550000e+01	555	6.500768e+02	1.269223e+03	1.080000e+01	2.520000e+01	6.612949e-01	7.000000e-01	7.000000e-01	3
5.560000e+01	556	6.508319e+02	1.622183e+03	1.080000e+01	2.520000e+01	7.136702e-01	7.000000e-01	7.000000e-01	3
5.570000e+01	557	2.664104e+02	1.648179e+03	1.080000e+01	2.520000e+01	8.608525e-01	7.000000e-01	7.000000e-01	3
5.580000e+01	558	8.360796e+02	1.000635e+03	1.080000e+01	2.520000e+01	5.447962e-01	7.000000e-01	7.000000e-01	3
5.590000e+01	559	5.431478e+02	1.592646e+03	1.080000e+01	2.520000e+01	7.456928e-01	7.000000e-01	7.000000e-01	3
56	560	7.421735e+02	1.760389e+03	1.080000e+01	2.520000e+01	7.034345e-01	7.000000e-01	7.000000e-01	3
5.610000e+01	561	4.646836e+02	1.505384e+03	1.080000e+01	2.520000e+01	7.641281e-01	7.000000e-01	7.000000e-01	3
5.620000e+01	562	4.506863e+02	1.274084e+03	1.080000e+01	2.520000e+01	7.386978e-01	7.000000e-01	7.000000e-01	3
5.630000e+01	563	5.561751e+02	1.343892e+03	1.080000e+01	2.520000e+01	7.072866e-01	7.000000e-01	7.000000e-01	3
5.640000e+01	564	8.222811e+02	1.589268e+03	1.080000e+01	2.520000e+01	6.590237e-01	7.000000e-01	7.000000e-01	3
5.650000e+01	565	5.018954e+02	6.642971e+02	1.080000e+01	2.520000e+01	5.696290e-01	7.000000e-01	7.000000e-01	3
5.660000e+01	566	5.521093e+02	1.825277e+03	1.080000e+01	2.520000e+01	7.677663e-01	7.000000e-01	7.000000e-01	3
5.670000e+01	567	7.931275e+02	1.529540e+03	1.080000e+01	2.520000e+01	6.585273e-01	7.000000e-01	7.000000e-01	3
5.680000e+01	568	8.768743e+02	1.528094e+03	1.080000e+01	2.520000e+01	6.353905e-01	7.000000e-01	7.000000e-01	3
5.690000e+01	569	9.608603e+02	7.180247e+02	1.080000e+01	2.520000e+01	4.276795e-01	7.000000e-01	7.000000e-01	3
57	570	4.777189e+02	1.735606e+03	1.080000e+01	2.520000e+01	7.841623e-01	7.000000e-01	7.000000e-01	3
5.710000e+01	571	8.428924e+02	1.269493e+03	1.080000e+01	2.520000e+01	6.009760e-01	7.000000e-01	7.000000e-01	3
5.720000e+01	572	7.738570e+02	1.300368e+03	1.080000e+01	2.520000e+01	6.269176e-01	7.000000e-01	7.000000e-01	3
5.730000e+01	573	4.259809e+02	1.295276e+03	1.080000e+01	2.520000e+01	7.525175e-01	7.000000e-01	7.000000e-01	3
5.740000e+01	574	5.443360e+02	1.488478e+03	1.080000e+01	2.520000e+01	7.322254e-01	7.000000e-01	7.000000e-01	3
5.750000e+01	575	6.657455e+02	1.807102e+03	1.080000e+01	2.520000e+01	7.307777e-01	7.000000e-01	7.000000e-01	3
5.760000e+01	576	7.632548e+02	1.324660e+03	1.080000e+01	2.520000e+01	6.344415e-01	7.000000e-01	7.000000e-01	3
5.770000e+01	577	1.007478e+03	5.156553e+02	1.080000e+01	2.520000e+01	3.385489e-01	7.000000e-01	7.000000e-01	3
5.780000e+01	578	5.105125e+02	1.206885e+03	1.080000e+01	2.520000e+01	7.027407e-01	7.000000e-01	7.000000e-01	3
5.790000e+01	579	4.692925e+02	1.079852e+03	1.080000e+01	2.520000e+01	6.970635e-01	7.000000e-01	7.000000e-01	3
58	580	5.344129e+02	1.214350e+03	1.080000e+01	2.520000e+01	6.944052e-01	7.000000e-01	7.000000e-01	3
5.810000e+01	581	6.054852e+02	1.541841e+03	1.080000e+01	2.520000e+01	7.180283e-01	7.000000e-01	7.000000e-01	3
5.820000e+01	582	7.243310e+02	1.128609e+03	1.080000e+01	2.520000e+01	6.090909e-01	7.000000e-01	7.000000e-01	3
5.830000e+01	583	8.639255e+02	1.561344e+03	1.080000e+01	2.520000e+01	6.437816e-01	7.000000e-01	7.000000e-01	3
5.840000e+01	584	4.509459e+02	1.247529e+03	1.080000e+01	2.520000e+01	7.344995e-01	7.000000e-01	7.000000e-01	3
5.850000e+01	585	4.148478e+02	1.077349e+03	1.080000e+01	2.520000e+01	7.219886e-01	7.000000e-01	7.000000e-01	3
5.860000e+01	586	3.413984e+02	1.388363e+03	1.080000e+01	2.520000e+01	8.026327e-01	7.000000e-01	7.000000e-01	3
5.870000e+01	587	2.581238e+02	1.614787e+03	1.080000e+01	2.520000e+01	8.621804e-01	7.000000e-01	7.000000e-01	3
5.880000e+01	588	4.991940e+02	1.317628e+03	1.080000e+01	2.520000e+01	7.252378e-01	7.000000e-01	7.000000e-01	3
5.890000e+01	589	5.239273e+02	1.493999e+03	1.080000e+01	2.520000e+01	7.403636e-01	7.000000e-01	7.000000e-01	3
59	590	5.823383e+02	1.429374e+03	1.080000e+01	2.520000e+01	7.105261e-01	7.000000e-01	7.000000e-01	3
5.910000e+01	591	4.726996e+02	2.004838e+03	1.080000e+01	2.520000e+01	8.092059e-01	7.000000e-01	7.000000e-01	3
5.920000e+01	592	1.102084e+03	1.144010e+03	1.504138e+01	2.095862e+01	5.093331e-01	5.821838e-01	7.000000e-01	3
5.930000e+01	593	1.198668e+03	2.766091e+01	2.880000e+01	7.200000e+00	2.255588e-02	2.000000e-01	2.000000e-01	1
5.940000e+01	594	1.097071e+03	4.313065e+02	2.880000e+01	7.200000e+00	2.821989e-01	2.000000e-01	2.000000e-01	1
5.950000e+01	595	1.509499e+03	6.211718e+02	2.880000e+01	7.200000e+00	2.915381e-01	2.000000e-01	2.000000e-01	1
5.960000e+01	596	1.565942e+03	6.686588e+02	2.880000e+01	7.200000e+00	2.992297e-01	2.000000e-01	2.000000e-01	1
5.970000e+01	597	1.664446e+03	4.461907e+02	2.880000e+01	7.200000e+00	2.114010e-01	2.000000e-01	2.000000e-01	1
5.980000e+01	598	1.303217e+03	4.857329e+02	2.880000e+01	7.200000e+00	2.715184e-01	2.000000e-01	2.000000e-01	1
5.990000e+01	599	6.679917e+02	4.133048e+02	2.880000e+01	7.200000e+00	3.822308e-01	2.000000e-01	2.000000e-01	1
60	600	1.122846e+03	4.101381e+02	2.880000e+01	7.200000e+00	2.675422e-01	2.000000e-01	2.000000e-01	1
6.010000e+01	601	2.225534e+03	3.723580e+02	2.880000e+01	7.200000e+00	1.433308e-01	2.000000e-01	2.000000e-01	1
6.020000e+01	602	1.744723e+03	6.452923e+02	2.880000e+01	7.200000e+00	2.699951e-01	2.000000e-01	2.000000e-01	1
6.030000e+01	603	1.566379e+03	3.021395e+02	2.880000e+01	7.200000e+00	1.617001e-01	2.000000e-01	2.000000e-01	1
6.040000e+01	604	1.058650e+03	3.229211e+02	2.880000e+01	7.200000e+00	2.337347e-01	2.000000e-01	2.000000e-01	1
6.050000e+01	605	1.629431e+03	3.182050e+02	2.880000e+01	7.200000e+00	1.633801e-01	2.000000e-01	2.000000e-01	1
6.060000e+01	606	1.314440e+03	2.793934e+02	2.880000e+01	7.200000e+00	1.752965e-01	2.000000e-01	2.000000e-01	1
6.070000e+01	607	1.322831e+03	3.035989e+02	2.880000e+01	7.200000e+00	1.866658e-01	2.000000e-01	2.000000e-01	1
6.080000e+01	608	1.467576e+03	1.839414e+02	2.880000e+01	7.200000e+00	1.113772e-01	2.000000e-01	2.000000e-01	1
6.090000e+01	609	2.395983e+03	9.709393e+01	2.880000e+01	7.200000e+00	3.894541e-02	2.000000e-01	2.000000e-01	1
61	610	1.550381e+03	2.356923e+02	2.880000e+01	7.200000e+00	1.319611e-01	2.000000e-01	2.000000e-01	1
6.110000e+01	611	1.540650e+03	5.195129e+02	2.880000e+01	7.200000e+00	2.521707e-01	2.000000e-01	2.000000e-01	1
6.120000e+01	612	1.293005e+03	1.572392e+02	2.880000e+01	7.200000e+00	1.084225e-01	2.000000e-01	2.000000e-01	1
6.130000e+01	613	1.691208e+03	2.956032e+02	2.880000e+01	7.200000e+00	1.487828e-01	2.000000e-01	2.000000e-01	1
6.140000e+01	614	2.049446e+03	3.903580e+02	2.880000e+01	7.200000e+00	1.599957e-01	2.000000e-01	2.000000e-01	1
6.150000e+01	615	1.925426e+03	4.590721e+02	2.880000e+01	7.200000e+00	1.925236e-01	2.000000e-01	2.000000e-01	1
6.160000e+01	616	1.086425e+03	7.043430e+02	2.880000e+01	7.200000e+00	3.933189e-01	2.000000e-01	2.000000e-01	1
6.170000e+01	617	1.116550e+03	4.030783e+02	2.880000e+01	7.200000e+00	2.652480e-01	2.000000e-01	2.000000e-01	1
6.180000e+01	618	1.536225e+03	1.088614e+02	2.880000e+01	7.200000e+00	6.617364e-02	2.000000e-01	2.000000e-01	1
6.190000e+01	619	1.173749e+03	5.724334e+02	2.880000e+01	7.200000e+00	3.278200e-01	2.000000e-01	2.000000e-01	1
62	620	1.602348e+03	6.367970e+02	2.880000e+01	7.200000e+00	2.843929e-01	2.000000e-01	2.000000e-01	1
