coordinates 	99.38	227.32	227.38	227.32
time(s)	frame	Idon(a.u.)	Iacc(a.u.)	Idon ideal(a.u.)	Iacc ideal(a.u.)	FRET	FRET ideal (blurr)	FRET ideal	state sequence
1.000000e-01	1	5.857119e+02	1.392834e+03	1.080000e+01	2.520000e+01	7.039685e-01	7.000000e-01	7.000000e-01	2
2.000000e-01	2	6.084770e+02	1.479856e+03	1.080000e+01	2.520000e+01	7.086303e-01	7.000000e-01	7.000000e-01	2
3.000000e-01	3	1.024863e+03	1.628169e+03	1.080000e+01	2.520000e+01	6.137013e-01	7.000000e-01	7.000000e-01	2
4.000000e-01	4	5.855010e+02	1.252716e+03	1.080000e+01	2.520000e+01	6.814842e-01	7.000000e-01	7.000000e-01	2
5.000000e-01	5	6.258619e+02	1.109989e+03	1.080000e+01	2.520000e+01	6.394494e-01	7.000000e-01	7.000000e-01	2
6.000000e-01	6	4.225751e+02	1.027963e+03	1.080000e+01	2.520000e+01	7.086770e-01	7.000000e-01	7.000000e-01	2
7.000000e-01	7	5.249191e+02	1.579952e+03	1.080000e+01	2.520000e+01	7.506170e-01	7.000000e-01	7.000000e-01	2
8.000000e-01	8	3.881910e+02	9.329989e+02	1.080000e+01	2.520000e+01	7.061808e-01	7.000000e-01	7.000000e-01	2
9.000000e-01	9	6.404723e+02	1.536363e+03	1.080000e+01	2.520000e+01	7.057782e-01	7.000000e-01	7.000000e-01	2
1	10	6.565445e+02	1.237664e+03	1.080000e+01	2.520000e+01	6.533938e-01	7.000000e-01	7.000000e-01	2
1.100000e+00	11	4.753346e+02	7.056995e+02	1.080000e+01	2.520000e+01	5.975268e-01	7.000000e-01	7.000000e-01	2
1.200000e+00	12	3.049403e+02	1.462660e+03	1.080000e+01	2.520000e+01	8.274835e-01	7.000000e-01	7.000000e-01	2
1.300000e+00	13	6.562895e+02	1.279317e+03	1.080000e+01	2.520000e+01	6.609385e-01	7.000000e-01	7.000000e-01	2
1.400000e+00	14	6.223867e+02	1.678220e+03	1.080000e+01	2.520000e+01	7.294685e-01	7.000000e-01	7.000000e-01	2
1.500000e+00	15	5.785817e+02	1.266689e+03	1.080000e+01	2.520000e+01	6.864516e-01	7.000000e-01	7.000000e-01	2
1.600000e+00	16	4.521655e+02	1.672034e+03	1.080000e+01	2.520000e+01	7.871361e-01	7.000000e-01	7.000000e-01	2
1.700000e+00	17	5.177136e+02	9.716125e+02	1.080000e+01	2.520000e+01	6.523840e-01	7.000000e-01	7.000000e-01	2
1.800000e+00	18	3.518555e+02	1.882718e+03	1.080000e+01	2.520000e+01	8.425402e-01	7.000000e-01	7.000000e-01	2
1.900000e+00	19	4.484634e+02	1.588812e+03	1.080000e+01	2.520000e+01	7.798710e-01	7.000000e-01	7.000000e-01	2
2	20	6.110761e+02	1.287044e+03	1.080000e+01	2.520000e+01	6.780625e-01	7.000000e-01	7.000000e-01	2
2.100000e+00	21	6.026871e+02	4.712506e+02	1.080000e+01	2.520000e+01	4.388063e-01	7.000000e-01	7.000000e-01	2
2.200000e+00	22	7.558870e+02	1.114016e+03	1.080000e+01	2.520000e+01	5.957613e-01	7.000000e-01	7.000000e-01	2
2.300000e+00	23	7.659726e+02	1.468975e+03	1.080000e+01	2.520000e+01	6.572749e-01	7.000000e-01	7.000000e-01	2
2.400000e+00	24	5.069530e+02	1.070674e+03	1.080000e+01	2.520000e+01	6.786610e-01	7.000000e-01	7.000000e-01	2
2.500000e+00	25	8.633012e+02	1.936564e+03	1.080000e+01	2.520000e+01	6.916632e-01	7.000000e-01	7.000000e-01	2
2.600000e+00	26	5.712391e+02	1.377930e+03	1.080000e+01	2.520000e+01	7.069320e-01	7.000000e-01	7.000000e-01	2
2.700000e+00	27	6.040315e+02	1.606418e+03	1.080000e+01	2.520000e+01	7.267382e-01	7.000000e-01	7.000000e-01	2
2.800000e+00	28	7.630932e+02	1.314342e+03	1.080000e+01	2.520000e+01	6.326754e-01	7.000000e-01	7.000000e-01	2
2.900000e+00	29	1.313878e+03	1.257892e+03	1.886861e+01	1.713139e+01	4.891151e-01	4.758720e-01	7.000000e-01	2
3	30	1.302337e+03	2.227693e+02	2.880000e+01	7.200000e+00	1.460680e-01	2.000000e-01	2.000000e-01	1
3.100000e+00	31	1.757876e+03	3.725333e+02	2.880000e+01	7.200000e+00	1.748646e-01	2.000000e-01	2.000000e-01	1
3.200000e+00	32	1.678653e+03	3.602960e+02	2.880000e+01	7.200000e+00	1.767067e-01	2.000000e-01	2.000000e-01	1
3.300000e+00	33	1.637748e+03	2.898941e+02	2.880000e+01	7.200000e+00	1.503879e-01	2.000000e-01	2.000000e-01	1
3.400000e+00	34	1.503273e+03	4.625924e+02	2.880000e+01	7.200000e+00	2.353123e-01	2.000000e-01	2.000000e-01	1
3.500000e+00	35	1.284097e+03	2.317044e+02	2.880000e+01	7.200000e+00	1.528594e-01	2.000000e-01	2.000000e-01	1
3.600000e+00	36	1.635895e+03	1.817830e+02	2.880000e+01	7.200000e+00	1.000084e-01	2.000000e-01	2.000000e-01	1
3.700000e+00	37	1.820347e+03	3.519026e+02	2.880000e+01	7.200000e+00	1.619992e-01	2.000000e-01	2.000000e-01	1
3.800000e+00	38	1.610927e+03	2.770442e+02	2.880000e+01	7.200000e+00	1.467417e-01	2.000000e-01	2.000000e-01	1
3.900000e+00	39	1.448991e+03	4.170765e+02	2.880000e+01	7.200000e+00	2.235056e-01	2.000000e-01	2.000000e-01	1
4	40	1.400999e+03	4.871887e+02	2.880000e+01	7.200000e+00	2.580192e-01	2.000000e-01	2.000000e-01	1
4.100000e+00	41	1.700103e+03	2.181801e+02	2.880000e+01	7.200000e+00	1.137372e-01	2.000000e-01	2.000000e-01	1
4.200000e+00	42	1.376747e+03	2.896423e+02	2.880000e+01	7.200000e+00	1.738143e-01	2.000000e-01	2.000000e-01	1
4.300000e+00	43	1.295945e+03	2.318335e+02	2.880000e+01	7.200000e+00	1.517456e-01	2.000000e-01	2.000000e-01	1
4.400000e+00	44	1.578060e+03	4.403466e+02	2.880000e+01	7.200000e+00	2.181655e-01	2.000000e-01	2.000000e-01	1
4.500000e+00	45	1.673193e+03	2.059722e+02	2.880000e+01	7.200000e+00	1.096083e-01	2.000000e-01	2.000000e-01	1
4.600000e+00	46	1.634407e+03	3.419774e+02	2.880000e+01	7.200000e+00	1.730318e-01	2.000000e-01	2.000000e-01	1
4.700000e+00	47	9.257535e+02	3.324405e+02	2.880000e+01	7.200000e+00	2.642204e-01	2.000000e-01	2.000000e-01	1
4.800000e+00	48	1.401330e+03	3.677692e+02	2.880000e+01	7.200000e+00	2.078850e-01	2.000000e-01	2.000000e-01	1
4.900000e+00	49	1.742797e+03	5.276421e+02	2.880000e+01	7.200000e+00	2.323965e-01	2.000000e-01	2.000000e-01	1
5	50	1.239358e+03	3.477463e+02	2.880000e+01	7.200000e+00	2.191074e-01	2.000000e-01	2.000000e-01	1
5.100000e+00	51	1.367965e+03	5.908229e+02	2.880000e+01	7.200000e+00	3.016268e-01	2.000000e-01	2.000000e-01	1
5.200000e+00	52	1.288486e+03	2.697750e+02	2.880000e+01	7.200000e+00	1.731257e-01	2.000000e-01	2.000000e-01	1
5.300000e+00	53	1.950747e+03	1.005575e+02	2.880000e+01	7.200000e+00	4.902125e-02	2.000000e-01	2.000000e-01	1
5.400000e+00	54	1.307982e+03	6.332984e+02	2.880000e+01	7.200000e+00	3.262272e-01	2.000000e-01	2.000000e-01	1
5.500000e+00	55	1.897231e+03	2.174381e+02	2.880000e+01	7.200000e+00	1.028237e-01	2.000000e-01	2.000000e-01	1
5.600000e+00	56	1.083594e+03	2.558727e+02	2.880000e+01	7.200000e+00	1.910257e-01	2.000000e-01	2.000000e-01	1
5.700000e+00	57	1.480099e+03	3.119280e+02	2.880000e+01	7.200000e+00	1.740643e-01	2.000000e-01	2.000000e-01	1
5.800000e+00	58	2.085059e+03	1.598969e+02	2.880000e+01	7.200000e+00	7.122498e-02	2.000000e-01	2.000000e-01	1
5.900000e+00	59	1.310752e+03	2.940654e+02	2.880000e+01	7.200000e+00	1.832392e-01	2.000000e-01	2.000000e-01	1
6	60	1.485702e+03	3.225460e+02	2.880000e+01	7.200000e+00	1.783749e-01	2.000000e-01	2.000000e-01	1
6.100000e+00	61	1.794995e+03	5.335077e+02	2.880000e+01	7.200000e+00	2.291205e-01	2.000000e-01	2.000000e-01	1
6.200000e+00	62	1.418781e+03	1.238421e+02	2.880000e+01	7.200000e+00	8.028019e-02	2.000000e-01	2.000000e-01	1
6.300000e+00	63	1.491000e+03	5.995470e+02	2.880000e+01	7.200000e+00	2.867896e-01	2.000000e-01	2.000000e-01	1
6.400000e+00	64	1.128021e+03	2.868614e+02	2.880000e+01	7.200000e+00	2.027457e-01	2.000000e-01	2.000000e-01	1
6.500000e+00	65	1.243432e+03	4.075343e+02	2.880000e+01	7.200000e+00	2.468459e-01	2.000000e-01	2.000000e-01	1
6.600000e+00	66	1.400586e+03	3.530689e+02	2.880000e+01	7.200000e+00	2.013331e-01	2.000000e-01	2.000000e-01	1
6.700000e+00	67	1.683908e+03	3.408619e+02	2.880000e+01	7.200000e+00	1.683460e-01	2.000000e-01	2.000000e-01	1
6.800000e+00	68	1.908273e+03	4.921175e+02	2.880000e+01	7.200000e+00	2.050156e-01	2.000000e-01	2.000000e-01	1
6.900000e+00	69	1.363136e+03	4.023396e+02	2.880000e+01	7.200000e+00	2.278930e-01	2.000000e-01	2.000000e-01	1
7	70	1.705646e+03	3.109908e+02	2.880000e+01	7.200000e+00	1.542126e-01	2.000000e-01	2.000000e-01	1
7.100000e+00	71	1.525411e+03	3.575072e+02	2.880000e+01	7.200000e+00	1.898686e-01	2.000000e-01	2.000000e-01	1
7.200000e+00	72	1.466454e+03	4.892239e+02	2.880000e+01	7.200000e+00	2.501557e-01	2.000000e-01	2.000000e-01	1
7.300000e+00	73	1.467539e+03	2.901017e+02	2.880000e+01	7.200000e+00	1.650517e-01	2.000000e-01	2.000000e-01	1
7.400000e+00	74	1.821694e+03	5.512590e+02	2.880000e+01	7.200000e+00	2.323093e-01	2.000000e-01	2.000000e-01	1
7.500000e+00	75	1.851555e+03	4.539784e+02	2.880000e+01	7.200000e+00	1.969082e-01	2.000000e-01	2.000000e-01	1
7.600000e+00	76	1.563464e+03	3.826302e+02	2.880000e+01	7.200000e+00	1.966144e-01	2.000000e-01	2.000000e-01	1
7.700000e+00	77	1.571381e+03	3.001607e+02	2.880000e+01	7.200000e+00	1.603815e-01	2.000000e-01	2.000000e-01	1
7.800000e+00	78	1.421688e+03	2.915600e+02	2.880000e+01	7.200000e+00	1.701797e-01	2.000000e-01	2.000000e-01	1
7.900000e+00	79	1.591400e+03	4.750850e+02	2.880000e+01	7.200000e+00	2.299000e-01	2.000000e-01	2.000000e-01	1
8	80	1.384996e+03	1.795467e+02	2.880000e+01	7.200000e+00	1.147599e-01	2.000000e-01	2.000000e-01	1
8.100000e+00	81	1.502926e+03	3.369197e+02	2.880000e+01	7.200000e+00	1.831239e-01	2.000000e-01	2.000000e-01	1
8.200000e+00	82	1.085657e+03	5.890081e+02	2.880000e+01	7.200000e+00	3.517169e-01	2.000000e-01	2.000000e-01	1
8.300000e+00	83	1.528918e+03	2.216245e+02	2.880000e+01	7.200000e+00	1.266033e-01	2.000000e-01	2.000000e-01	1
8.400000e+00	84	1.278832e+03	1.457412e+02	2.880000e+01	7.200000e+00	1.023052e-01	2.000000e-01	2.000000e-01	1
8.500000e+00	85	1.690226e+03	2.204629e+02	2.880000e+01	7.200000e+00	1.153840e-01	2.000000e-01	2.000000e-01	1
8.600000e+00	86	8.309078e+02	6.529716e+02	2.880000e+01	7.200000e+00	4.400436e-01	2.000000e-01	2.000000e-01	1
8.700000e+00	87	1.413966e+03	5.887675e+02	2.880000e+01	7.200000e+00	2.939819e-01	2.000000e-01	2.000000e-01	1
8.800000e+00	88	1.200278e+03	4.629705e+02	2.880000e+01	7.200000e+00	2.783531e-01	2.000000e-01	2.000000e-01	1
8.900000e+00	89	1.548620e+03	6.118161e+02	2.880000e+01	7.200000e+00	2.831910e-01	2.000000e-01	2.000000e-01	1
9	90	1.795391e+03	7.028722e+02	2.880000e+01	7.200000e+00	2.813443e-01	2.000000e-01	2.000000e-01	1
9.100000e+00	91	1.333736e+03	4.016588e+02	2.880000e+01	7.200000e+00	2.314510e-01	2.000000e-01	2.000000e-01	1
9.200000e+00	92	1.770495e+03	3.887099e+02	2.880000e+01	7.200000e+00	1.800246e-01	2.000000e-01	2.000000e-01	1
9.300000e+00	93	1.199643e+03	1.711495e+02	2.880000e+01	7.200000e+00	1.248544e-01	2.000000e-01	2.000000e-01	1
9.400000e+00	94	1.634717e+03	3.911668e+02	2.880000e+01	7.200000e+00	1.930846e-01	2.000000e-01	2.000000e-01	1
9.500000e+00	95	1.334756e+03	3.797189e+02	2.880000e+01	7.200000e+00	2.214782e-01	2.000000e-01	2.000000e-01	1
9.600000e+00	96	1.012865e+03	8.894111e+01	2.880000e+01	7.200000e+00	8.072300e-02	2.000000e-01	2.000000e-01	1
9.700000e+00	97	1.660731e+03	4.383115e+02	2.880000e+01	7.200000e+00	2.088150e-01	2.000000e-01	2.000000e-01	1
9.800000e+00	98	1.332317e+03	3.584421e+02	2.880000e+01	7.200000e+00	2.120007e-01	2.000000e-01	2.000000e-01	1
9.900000e+00	99	1.780592e+03	2.633824e+02	2.880000e+01	7.200000e+00	1.288580e-01	2.000000e-01	2.000000e-01	1
10	100	1.066122e+03	2.039489e+02	2.880000e+01	7.200000e+00	1.605807e-01	2.000000e-01	2.000000e-01	1
1.010000e+01	101	1.530350e+03	3.169006e+02	2.880000e+01	7.200000e+00	1.715526e-01	2.000000e-01	2.000000e-01	1
1.020000e+01	102	1.919510e+03	5.864580e+02	2.880000e+01	7.200000e+00	2.340245e-01	2.000000e-01	2.000000e-01	1
1.030000e+01	103	1.793352e+03	3.870993e+02	2.880000e+01	7.200000e+00	1.775317e-01	2.000000e-01	2.000000e-01	1
1.040000e+01	104	1.619540e+03	2.740802e+02	2.880000e+01	7.200000e+00	1.447387e-01	2.000000e-01	2.000000e-01	1
1.050000e+01	105	2.005331e+03	4.347304e+02	2.880000e+01	7.200000e+00	1.781637e-01	2.000000e-01	2.000000e-01	1
1.060000e+01	106	1.781678e+03	4.375187e+02	2.880000e+01	7.200000e+00	1.971519e-01	2.000000e-01	2.000000e-01	1
1.070000e+01	107	1.591950e+03	3.229643e+02	2.880000e+01	7.200000e+00	1.686574e-01	2.000000e-01	2.000000e-01	1
1.080000e+01	108	1.420268e+03	6.704151e+02	2.880000e+01	7.200000e+00	3.206679e-01	2.000000e-01	2.000000e-01	1
1.090000e+01	109	1.080015e+03	4.531620e+02	2.880000e+01	7.200000e+00	2.955705e-01	2.000000e-01	2.000000e-01	1
11	110	2.010640e+03	3.967302e+02	2.880000e+01	7.200000e+00	1.647981e-01	2.000000e-01	2.000000e-01	1
1.110000e+01	111	2.088960e+03	7.009775e+02	2.880000e+01	7.200000e+00	2.512521e-01	2.000000e-01	2.000000e-01	1
1.120000e+01	112	8.995757e+02	7.198808e+02	2.880000e+01	7.200000e+00	4.445200e-01	2.000000e-01	2.000000e-01	1
1.130000e+01	113	4.651479e+02	1.429874e+03	1.366274e+01	2.233726e+01	7.545422e-01	6.204795e-01	7.000000e-01	3
1.140000e+01	114	5.550516e+02	1.787166e+03	1.080000e+01	2.520000e+01	7.630231e-01	7.000000e-01	7.000000e-01	3
1.150000e+01	115	4.816386e+02	1.560173e+03	1.080000e+01	2.520000e+01	7.641122e-01	7.000000e-01	7.000000e-01	3
1.160000e+01	116	5.385873e+02	1.202249e+03	1.080000e+01	2.520000e+01	6.906157e-01	7.000000e-01	7.000000e-01	3
1.170000e+01	117	5.448993e+02	1.643005e+03	1.080000e+01	2.520000e+01	7.509493e-01	7.000000e-01	7.000000e-01	3
1.180000e+01	118	7.879420e+02	1.258937e+03	1.080000e+01	2.520000e+01	6.150519e-01	7.000000e-01	7.000000e-01	3
1.190000e+01	119	5.293326e+02	9.903035e+02	1.080000e+01	2.520000e+01	6.516715e-01	7.000000e-01	7.000000e-01	3
12	120	5.249984e+02	1.065549e+03	1.080000e+01	2.520000e+01	6.699260e-01	7.000000e-01	7.000000e-01	3
1.210000e+01	121	8.007253e+02	1.276349e+03	1.080000e+01	2.520000e+01	6.144936e-01	7.000000e-01	7.000000e-01	3
1.220000e+01	122	6.690636e+02	9.276454e+02	1.080000e+01	2.520000e+01	5.809734e-01	7.000000e-01	7.000000e-01	3
1.230000e+01	123	4.133018e+02	1.534023e+03	1.080000e+01	2.520000e+01	7.877592e-01	7.000000e-01	7.000000e-01	3
1.240000e+01	124	4.643441e+02	1.806095e+03	1.080000e+01	2.520000e+01	7.954827e-01	7.000000e-01	7.000000e-01	3
1.250000e+01	125	8.838685e+02	2.082017e+03	1.080000e+01	2.520000e+01	7.019883e-01	7.000000e-01	7.000000e-01	3
1.260000e+01	126	5.373506e+02	1.248689e+03	1.080000e+01	2.520000e+01	6.991385e-01	7.000000e-01	7.000000e-01	3
1.270000e+01	127	4.468873e+02	1.847687e+03	1.080000e+01	2.520000e+01	8.052417e-01	7.000000e-01	7.000000e-01	3
1.280000e+01	128	7.045353e+02	1.596858e+03	1.080000e+01	2.520000e+01	6.938657e-01	7.000000e-01	7.000000e-01	3
1.290000e+01	129	6.621898e+02	1.164559e+03	1.080000e+01	2.520000e+01	6.375037e-01	7.000000e-01	7.000000e-01	3
13	130	5.451402e+02	1.067071e+03	1.080000e+01	2.520000e+01	6.618680e-01	7.000000e-01	7.000000e-01	3
1.310000e+01	131	9.291075e+02	1.671794e+03	1.080000e+01	2.520000e+01	6.427748e-01	7.000000e-01	7.000000e-01	3
1.320000e+01	132	3.920679e+02	1.443559e+03	1.080000e+01	2.520000e+01	7.864120e-01	7.000000e-01	7.000000e-01	3
1.330000e+01	133	5.682701e+02	1.445945e+03	1.080000e+01	2.520000e+01	7.178703e-01	7.000000e-01	7.000000e-01	3
1.340000e+01	134	6.043788e+02	1.845259e+03	1.080000e+01	2.520000e+01	7.532783e-01	7.000000e-01	7.000000e-01	3
1.350000e+01	135	7.424163e+01	1.161148e+03	1.080000e+01	2.520000e+01	9.399043e-01	7.000000e-01	7.000000e-01	3
1.360000e+01	136	5.515045e+02	1.866182e+03	1.080000e+01	2.520000e+01	7.718875e-01	7.000000e-01	7.000000e-01	3
1.370000e+01	137	6.640294e+02	1.532715e+03	1.080000e+01	2.520000e+01	6.977211e-01	7.000000e-01	7.000000e-01	3
1.380000e+01	138	6.218700e+02	1.418858e+03	1.080000e+01	2.520000e+01	6.952705e-01	7.000000e-01	7.000000e-01	3
1.390000e+01	139	6.864054e+02	1.242442e+03	1.080000e+01	2.520000e+01	6.441369e-01	7.000000e-01	7.000000e-01	3
14	140	3.290512e+02	1.503678e+03	1.080000e+01	2.520000e+01	8.204583e-01	7.000000e-01	7.000000e-01	3
1.410000e+01	141	4.239502e+02	1.860186e+03	1.080000e+01	2.520000e+01	8.143937e-01	7.000000e-01	7.000000e-01	3
1.420000e+01	142	4.470232e+02	1.320277e+03	1.080000e+01	2.520000e+01	7.470588e-01	7.000000e-01	7.000000e-01	3
1.430000e+01	143	6.557230e+02	1.365949e+03	1.080000e+01	2.520000e+01	6.756531e-01	7.000000e-01	7.000000e-01	3
1.440000e+01	144	6.420389e+02	1.412305e+03	1.080000e+01	2.520000e+01	6.874725e-01	7.000000e-01	7.000000e-01	3
1.450000e+01	145	5.924938e+02	2.110446e+03	1.080000e+01	2.520000e+01	7.807965e-01	7.000000e-01	7.000000e-01	3
1.460000e+01	146	7.464249e+02	8.678898e+02	1.080000e+01	2.520000e+01	5.376212e-01	7.000000e-01	7.000000e-01	3
1.470000e+01	147	6.421572e+02	1.111920e+03	1.080000e+01	2.520000e+01	6.339060e-01	7.000000e-01	7.000000e-01	3
1.480000e+01	148	3.520019e+02	1.698065e+03	1.080000e+01	2.520000e+01	8.282974e-01	7.000000e-01	7.000000e-01	3
1.490000e+01	149	7.974684e+02	9.575290e+02	1.080000e+01	2.520000e+01	5.456014e-01	7.000000e-01	7.000000e-01	3
15	150	7.079115e+02	1.414417e+03	1.080000e+01	2.520000e+01	6.664459e-01	7.000000e-01	7.000000e-01	3
1.510000e+01	151	5.684475e+02	1.564679e+03	1.080000e+01	2.520000e+01	7.335144e-01	7.000000e-01	7.000000e-01	3
1.520000e+01	152	1.020232e+03	1.834550e+03	1.080000e+01	2.520000e+01	6.426236e-01	7.000000e-01	7.000000e-01	3
1.530000e+01	153	6.339640e+02	1.498574e+03	1.080000e+01	2.520000e+01	7.027185e-01	7.000000e-01	7.000000e-01	3
1.540000e+01	154	9.114732e+02	1.457530e+03	1.080000e+01	2.520000e+01	6.152503e-01	7.000000e-01	7.000000e-01	3
1.550000e+01	155	1.109437e+03	1.017704e+03	1.080000e+01	2.520000e+01	4.784375e-01	7.000000e-01	7.000000e-01	3
1.560000e+01	156	5.614277e+02	2.051412e+03	1.080000e+01	2.520000e+01	7.851274e-01	7.000000e-01	7.000000e-01	3
1.570000e+01	157	2.509421e+02	1.665703e+03	1.080000e+01	2.520000e+01	8.690722e-01	7.000000e-01	7.000000e-01	3
1.580000e+01	158	6.244355e+02	1.222121e+03	1.080000e+01	2.520000e+01	6.618378e-01	7.000000e-01	7.000000e-01	3
1.590000e+01	159	5.875594e+02	1.449852e+03	1.080000e+01	2.520000e+01	7.116148e-01	7.000000e-01	7.000000e-01	3
16	160	7.314887e+02	1.673726e+03	1.080000e+01	2.520000e+01	6.958739e-01	7.000000e-01	7.000000e-01	3
1.610000e+01	161	1.057533e+03	1.716103e+03	1.080000e+01	2.520000e+01	6.187196e-01	7.000000e-01	7.000000e-01	3
1.620000e+01	162	8.461033e+02	1.627657e+03	1.080000e+01	2.520000e+01	6.579688e-01	7.000000e-01	7.000000e-01	3
1.630000e+01	163	8.503702e+02	1.410737e+03	1.080000e+01	2.520000e+01	6.239142e-01	7.000000e-01	7.000000e-01	3
1.640000e+01	164	5.650081e+02	1.464793e+03	1.080000e+01	2.520000e+01	7.216437e-01	7.000000e-01	7.000000e-01	3
1.650000e+01	165	6.549898e+02	1.524348e+03	1.080000e+01	2.520000e+01	6.994546e-01	7.000000e-01	7.000000e-01	3
1.660000e+01	166	6.684330e+02	1.666310e+03	1.080000e+01	2.520000e+01	7.137016e-01	7.000000e-01	7.000000e-01	3
1.670000e+01	167	8.556868e+02	1.387853e+03	1.080000e+01	2.520000e+01	6.185997e-01	7.000000e-01	7.000000e-01	3
1.680000e+01	168	4.873260e+02	2.073442e+03	1.080000e+01	2.520000e+01	8.096954e-01	7.000000e-01	7.000000e-01	3
1.690000e+01	169	5.628880e+02	1.292044e+03	1.080000e+01	2.520000e+01	6.965453e-01	7.000000e-01	7.000000e-01	3
17	170	5.458623e+02	9.871282e+02	1.080000e+01	2.520000e+01	6.439232e-01	7.000000e-01	7.000000e-01	3
1.710000e+01	171	5.905488e+02	1.191489e+03	1.080000e+01	2.520000e+01	6.686103e-01	7.000000e-01	7.000000e-01	3
1.720000e+01	172	7.529507e+02	1.343170e+03	1.080000e+01	2.520000e+01	6.407884e-01	7.000000e-01	7.000000e-01	3
1.730000e+01	173	5.135395e+02	1.015477e+03	1.080000e+01	2.520000e+01	6.641373e-01	7.000000e-01	7.000000e-01	3
1.740000e+01	174	3.840365e+02	1.148005e+03	1.080000e+01	2.520000e+01	7.493301e-01	7.000000e-01	7.000000e-01	3
1.750000e+01	175	5.836180e+02	1.673270e+03	1.080000e+01	2.520000e+01	7.414059e-01	7.000000e-01	7.000000e-01	3
1.760000e+01	176	8.022553e+02	1.541858e+03	1.080000e+01	2.520000e+01	6.577575e-01	7.000000e-01	7.000000e-01	3
1.770000e+01	177	3.106184e+02	1.801306e+03	1.080000e+01	2.520000e+01	8.529217e-01	7.000000e-01	7.000000e-01	3
1.780000e+01	178	7.156566e+02	1.657656e+03	1.080000e+01	2.520000e+01	6.984566e-01	7.000000e-01	7.000000e-01	3
1.790000e+01	179	4.092234e+02	1.613372e+03	1.080000e+01	2.520000e+01	7.976741e-01	7.000000e-01	7.000000e-01	3
18	180	5.778385e+02	1.401946e+03	1.080000e+01	2.520000e+01	7.081307e-01	7.000000e-01	7.000000e-01	3
1.810000e+01	181	5.240074e+02	1.306588e+03	1.080000e+01	2.520000e+01	7.137503e-01	7.000000e-01	7.000000e-01	3
1.820000e+01	182	3.649183e+02	1.629684e+03	1.080000e+01	2.520000e+01	8.170471e-01	7.000000e-01	7.000000e-01	3
1.830000e+01	183	3.501978e+02	1.212323e+03	1.080000e+01	2.520000e+01	7.758764e-01	7.000000e-01	7.000000e-01	3
1.840000e+01	184	1.118328e+03	1.513160e+03	1.080000e+01	2.520000e+01	5.750207e-01	7.000000e-01	7.000000e-01	3
1.850000e+01	185	8.521995e+02	1.178438e+03	1.080000e+01	2.520000e+01	5.803292e-01	7.000000e-01	7.000000e-01	3
1.860000e+01	186	6.297510e+02	1.332610e+03	1.080000e+01	2.520000e+01	6.790850e-01	7.000000e-01	7.000000e-01	3
1.870000e+01	187	7.547343e+02	9.100700e+02	1.080000e+01	2.520000e+01	5.466528e-01	7.000000e-01	7.000000e-01	3
1.880000e+01	188	6.715193e+02	1.136519e+03	1.080000e+01	2.520000e+01	6.285923e-01	7.000000e-01	7.000000e-01	3
1.890000e+01	189	7.453177e+02	1.684804e+03	1.080000e+01	2.520000e+01	6.933002e-01	7.000000e-01	7.000000e-01	3
19	190	5.781092e+02	1.399208e+03	1.080000e+01	2.520000e+01	7.076295e-01	7.000000e-01	7.000000e-01	3
1.910000e+01	191	9.617970e+02	1.504756e+03	1.080000e+01	2.520000e+01	6.100644e-01	7.000000e-01	7.000000e-01	3
1.920000e+01	192	6.091009e+02	1.321749e+03	1.080000e+01	2.520000e+01	6.845426e-01	7.000000e-01	7.000000e-01	3
1.930000e+01	193	4.870318e+02	1.628597e+03	1.080000e+01	2.520000e+01	7.697934e-01	7.000000e-01	7.000000e-01	3
1.940000e+01	194	3.702828e+02	1.387891e+03	1.080000e+01	2.520000e+01	7.893935e-01	7.000000e-01	7.000000e-01	3
1.950000e+01	195	5.780524e+02	1.274433e+03	1.080000e+01	2.520000e+01	6.879585e-01	7.000000e-01	7.000000e-01	3
1.960000e+01	196	5.512577e+02	1.242915e+03	1.080000e+01	2.520000e+01	6.927510e-01	7.000000e-01	7.000000e-01	3
1.970000e+01	197	6.140414e+02	1.358261e+03	1.080000e+01	2.520000e+01	6.886678e-01	7.000000e-01	7.000000e-01	3
1.980000e+01	198	3.964511e+02	1.697957e+03	1.080000e+01	2.520000e+01	8.107097e-01	7.000000e-01	7.000000e-01	3
1.990000e+01	199	6.021895e+02	1.482554e+03	1.080000e+01	2.520000e+01	7.111446e-01	7.000000e-01	7.000000e-01	3
20	200	7.239944e+02	1.759350e+03	1.080000e+01	2.520000e+01	7.084600e-01	7.000000e-01	7.000000e-01	3
2.010000e+01	201	8.279234e+02	1.408311e+03	1.080000e+01	2.520000e+01	6.297690e-01	7.000000e-01	7.000000e-01	3
2.020000e+01	202	6.113701e+02	1.668716e+03	1.080000e+01	2.520000e+01	7.318654e-01	7.000000e-01	7.000000e-01	3
2.030000e+01	203	5.300287e+02	2.168976e+03	1.080000e+01	2.520000e+01	8.036207e-01	7.000000e-01	7.000000e-01	3
2.040000e+01	204	9.193944e+02	1.058155e+03	1.080000e+01	2.520000e+01	5.350840e-01	7.000000e-01	7.000000e-01	3
2.050000e+01	205	6.226949e+02	1.289418e+03	1.080000e+01	2.520000e+01	6.743419e-01	7.000000e-01	7.000000e-01	3
2.060000e+01	206	3.477942e+02	1.096220e+03	1.080000e+01	2.520000e+01	7.591476e-01	7.000000e-01	7.000000e-01	3
2.070000e+01	207	5.216670e+02	1.259361e+03	1.080000e+01	2.520000e+01	7.070979e-01	7.000000e-01	7.000000e-01	3
2.080000e+01	208	6.192649e+02	9.353395e+02	1.080000e+01	2.520000e+01	6.016576e-01	7.000000e-01	7.000000e-01	3
2.090000e+01	209	6.109408e+02	1.360640e+03	1.080000e+01	2.520000e+01	6.901265e-01	7.000000e-01	7.000000e-01	3
21	210	1.243901e+02	1.228841e+03	1.080000e+01	2.520000e+01	9.080792e-01	7.000000e-01	7.000000e-01	3
2.110000e+01	211	3.413825e+02	1.118451e+03	1.080000e+01	2.520000e+01	7.661497e-01	7.000000e-01	7.000000e-01	3
2.120000e+01	212	4.405450e+02	1.546371e+03	1.080000e+01	2.520000e+01	7.782770e-01	7.000000e-01	7.000000e-01	3
2.130000e+01	213	4.490585e+02	9.764857e+02	1.080000e+01	2.520000e+01	6.849915e-01	7.000000e-01	7.000000e-01	3
2.140000e+01	214	4.990613e+02	1.531041e+03	1.080000e+01	2.520000e+01	7.541694e-01	7.000000e-01	7.000000e-01	3
2.150000e+01	215	5.603858e+02	1.181176e+03	1.080000e+01	2.520000e+01	6.782279e-01	7.000000e-01	7.000000e-01	3
2.160000e+01	216	9.318226e+02	1.386264e+03	1.080000e+01	2.520000e+01	5.980208e-01	7.000000e-01	7.000000e-01	3
2.170000e+01	217	7.338790e+02	1.112080e+03	1.080000e+01	2.520000e+01	6.024402e-01	7.000000e-01	7.000000e-01	3
2.180000e+01	218	5.020383e+02	1.169059e+03	1.080000e+01	2.520000e+01	6.995757e-01	7.000000e-01	7.000000e-01	3
2.190000e+01	219	4.136874e+02	1.687171e+03	1.080000e+01	2.520000e+01	8.030865e-01	7.000000e-01	7.000000e-01	3
22	220	5.131660e+02	1.537951e+03	1.080000e+01	2.520000e+01	7.498115e-01	7.000000e-01	7.000000e-01	3
2.210000e+01	221	5.731895e+02	1.379514e+03	1.080000e+01	2.520000e+01	7.064636e-01	7.000000e-01	7.000000e-01	3
2.220000e+01	222	9.564098e+02	1.121939e+03	1.080000e+01	2.520000e+01	5.398223e-01	7.000000e-01	7.000000e-01	3
2.230000e+01	223	1.674252e+02	1.304656e+03	1.080000e+01	2.520000e+01	8.862663e-01	7.000000e-01	7.000000e-01	3
2.240000e+01	224	7.359770e+02	1.264705e+03	1.080000e+01	2.520000e+01	6.321370e-01	7.000000e-01	7.000000e-01	3
2.250000e+01	225	8.434600e+02	9.499326e+02	1.080000e+01	2.520000e+01	5.296847e-01	7.000000e-01	7.000000e-01	3
2.260000e+01	226	6.641398e+02	1.203524e+03	1.080000e+01	2.520000e+01	6.444008e-01	7.000000e-01	7.000000e-01	3
2.270000e+01	227	8.269112e+02	1.314437e+03	1.080000e+01	2.520000e+01	6.138362e-01	7.000000e-01	7.000000e-01	3
2.280000e+01	228	6.695731e+02	1.575320e+03	1.080000e+01	2.520000e+01	7.017349e-01	7.000000e-01	7.000000e-01	3
2.290000e+01	229	6.045428e+02	1.218838e+03	1.080000e+01	2.520000e+01	6.684495e-01	7.000000e-01	7.000000e-01	3
23	230	5.290889e+02	1.557365e+03	1.080000e+01	2.520000e+01	7.464171e-01	7.000000e-01	7.000000e-01	3
2.310000e+01	231	7.231331e+02	1.427828e+03	1.080000e+01	2.520000e+01	6.638093e-01	7.000000e-01	7.000000e-01	3
2.320000e+01	232	4.366716e+02	1.416956e+03	1.080000e+01	2.520000e+01	7.644232e-01	7.000000e-01	7.000000e-01	3
2.330000e+01	233	2.415280e+02	1.178699e+03	1.080000e+01	2.520000e+01	8.299370e-01	7.000000e-01	7.000000e-01	3
2.340000e+01	234	9.199592e+02	1.558296e+03	1.080000e+01	2.520000e+01	6.287876e-01	7.000000e-01	7.000000e-01	3
2.350000e+01	235	5.325641e+02	9.663654e+02	1.080000e+01	2.520000e+01	6.447037e-01	7.000000e-01	7.000000e-01	3
2.360000e+01	236	5.956272e+02	1.700776e+03	1.080000e+01	2.520000e+01	7.406260e-01	7.000000e-01	7.000000e-01	3
2.370000e+01	237	7.312459e+02	1.319322e+03	1.080000e+01	2.520000e+01	6.433935e-01	7.000000e-01	7.000000e-01	3
2.380000e+01	238	9.046954e+02	1.724323e+03	1.080000e+01	2.520000e+01	6.558810e-01	7.000000e-01	7.000000e-01	3
2.390000e+01	239	5.204526e+02	1.867559e+03	1.080000e+01	2.520000e+01	7.820561e-01	7.000000e-01	7.000000e-01	3
24	240	5.379777e+02	1.473971e+03	1.080000e+01	2.520000e+01	7.326086e-01	7.000000e-01	7.000000e-01	3
2.410000e+01	241	3.019181e+02	1.285364e+03	1.080000e+01	2.520000e+01	8.097892e-01	7.000000e-01	7.000000e-01	3
2.420000e+01	242	6.461710e+02	1.453404e+03	1.080000e+01	2.520000e+01	6.922373e-01	7.000000e-01	7.000000e-01	3
2.430000e+01	243	5.736743e+02	1.527588e+03	1.080000e+01	2.520000e+01	7.269858e-01	7.000000e-01	7.000000e-01	3
2.440000e+01	244	5.577720e+02	1.095242e+03	1.080000e+01	2.520000e+01	6.625726e-01	7.000000e-01	7.000000e-01	3
2.450000e+01	245	8.660898e+02	1.443699e+03	1.080000e+01	2.520000e+01	6.250350e-01	7.000000e-01	7.000000e-01	3
2.460000e+01	246	5.205781e+02	1.375223e+03	1.080000e+01	2.520000e+01	7.254047e-01	7.000000e-01	7.000000e-01	3
2.470000e+01	247	6.260627e+02	1.369797e+03	1.080000e+01	2.520000e+01	6.863192e-01	7.000000e-01	7.000000e-01	3
2.480000e+01	248	6.452544e+02	1.749468e+03	1.080000e+01	2.520000e+01	7.305514e-01	7.000000e-01	7.000000e-01	3
2.490000e+01	249	8.158570e+02	1.035932e+03	1.080000e+01	2.520000e+01	5.594223e-01	7.000000e-01	7.000000e-01	3
25	250	4.334572e+02	7.177677e+02	1.080000e+01	2.520000e+01	6.234817e-01	7.000000e-01	7.000000e-01	3
2.510000e+01	251	7.558052e+02	1.376241e+03	1.080000e+01	2.520000e+01	6.455024e-01	7.000000e-01	7.000000e-01	3
2.520000e+01	252	8.101784e+02	1.282106e+03	1.080000e+01	2.520000e+01	6.127781e-01	7.000000e-01	7.000000e-01	3
2.530000e+01	253	6.399961e+02	1.629420e+03	1.080000e+01	2.520000e+01	7.179908e-01	7.000000e-01	7.000000e-01	3
2.540000e+01	254	6.725266e+02	1.647536e+03	1.080000e+01	2.520000e+01	7.101256e-01	7.000000e-01	7.000000e-01	3
2.550000e+01	255	2.775837e+02	1.194542e+03	1.080000e+01	2.520000e+01	8.114402e-01	7.000000e-01	7.000000e-01	3
2.560000e+01	256	9.643098e+02	1.452037e+03	1.080000e+01	2.520000e+01	6.009224e-01	7.000000e-01	7.000000e-01	3
2.570000e+01	257	6.635969e+02	1.164460e+03	1.080000e+01	2.520000e+01	6.369933e-01	7.000000e-01	7.000000e-01	3
2.580000e+01	258	6.780802e+02	1.702317e+03	1.080000e+01	2.520000e+01	7.151399e-01	7.000000e-01	7.000000e-01	3
2.590000e+01	259	4.825023e+02	1.614989e+03	1.080000e+01	2.520000e+01	7.699622e-01	7.000000e-01	7.000000e-01	3
26	260	5.696305e+02	1.751406e+03	1.080000e+01	2.520000e+01	7.545792e-01	7.000000e-01	7.000000e-01	3
2.610000e+01	261	3.123412e+02	9.514062e+02	1.080000e+01	2.520000e+01	7.528452e-01	7.000000e-01	7.000000e-01	3
2.620000e+01	262	8.650335e+02	1.570772e+03	1.080000e+01	2.520000e+01	6.448675e-01	7.000000e-01	7.000000e-01	3
2.630000e+01	263	5.011428e+02	1.154075e+03	1.080000e+01	2.520000e+01	6.972345e-01	7.000000e-01	7.000000e-01	3
2.640000e+01	264	6.287253e+02	1.003810e+03	1.080000e+01	2.520000e+01	6.148780e-01	7.000000e-01	7.000000e-01	3
2.650000e+01	265	7.577866e+02	1.728727e+03	1.080000e+01	2.520000e+01	6.952413e-01	7.000000e-01	7.000000e-01	3
2.660000e+01	266	7.860261e+02	1.533038e+03	1.080000e+01	2.520000e+01	6.610589e-01	7.000000e-01	7.000000e-01	3
2.670000e+01	267	7.486397e+02	1.701055e+03	1.080000e+01	2.520000e+01	6.943947e-01	7.000000e-01	7.000000e-01	3
2.680000e+01	268	4.701898e+02	6.037430e+02	1.080000e+01	2.520000e+01	5.621795e-01	7.000000e-01	7.000000e-01	3
2.690000e+01	269	3.603777e+02	1.543840e+03	1.080000e+01	2.520000e+01	8.107476e-01	7.000000e-01	7.000000e-01	3
27	270	3.960108e+02	1.709028e+03	1.080000e+01	2.520000e+01	8.118748e-01	7.000000e-01	7.000000e-01	3
2.710000e+01	271	5.653060e+02	1.286853e+03	1.080000e+01	2.520000e+01	6.947853e-01	7.000000e-01	7.000000e-01	3
2.720000e+01	272	5.594992e+02	1.715225e+03	1.080000e+01	2.520000e+01	7.540365e-01	7.000000e-01	7.000000e-01	3
2.730000e+01	273	3.339858e+02	1.253195e+03	1.080000e+01	2.520000e+01	7.895729e-01	7.000000e-01	7.000000e-01	3
2.740000e+01	274	7.005151e+02	1.351229e+03	1.080000e+01	2.520000e+01	6.585759e-01	7.000000e-01	7.000000e-01	3
2.750000e+01	275	6.846191e+02	1.262733e+03	1.080000e+01	2.520000e+01	6.484360e-01	7.000000e-01	7.000000e-01	3
2.760000e+01	276	6.798014e+02	1.399371e+03	1.080000e+01	2.520000e+01	6.730424e-01	7.000000e-01	7.000000e-01	3
2.770000e+01	277	7.669847e+02	1.320618e+03	1.080000e+01	2.520000e+01	6.326002e-01	7.000000e-01	7.000000e-01	3
2.780000e+01	278	6.086967e+02	1.202871e+03	1.080000e+01	2.520000e+01	6.639944e-01	7.000000e-01	7.000000e-01	3
2.790000e+01	279	6.497465e+02	1.706534e+03	1.080000e+01	2.520000e+01	7.242491e-01	7.000000e-01	7.000000e-01	3
28	280	5.605080e+02	1.603466e+03	1.080000e+01	2.520000e+01	7.409821e-01	7.000000e-01	7.000000e-01	3
2.810000e+01	281	5.347219e+02	1.562932e+03	1.080000e+01	2.520000e+01	7.450857e-01	7.000000e-01	7.000000e-01	3
2.820000e+01	282	4.579122e+02	9.834886e+02	1.080000e+01	2.520000e+01	6.823145e-01	7.000000e-01	7.000000e-01	3
2.830000e+01	283	8.412125e+02	1.336317e+03	1.080000e+01	2.520000e+01	6.136848e-01	7.000000e-01	7.000000e-01	3
2.840000e+01	284	5.823086e+02	1.511295e+03	1.080000e+01	2.520000e+01	7.218631e-01	7.000000e-01	7.000000e-01	3
2.850000e+01	285	6.690315e+02	1.552671e+03	1.080000e+01	2.520000e+01	6.988654e-01	7.000000e-01	7.000000e-01	3
2.860000e+01	286	6.376978e+02	1.850736e+03	1.080000e+01	2.520000e+01	7.437353e-01	7.000000e-01	7.000000e-01	3
2.870000e+01	287	2.144525e+02	1.176586e+03	1.080000e+01	2.520000e+01	8.458328e-01	7.000000e-01	7.000000e-01	3
2.880000e+01	288	6.894165e+02	1.503809e+03	1.080000e+01	2.520000e+01	6.856610e-01	7.000000e-01	7.000000e-01	3
2.890000e+01	289	4.645132e+02	1.323156e+03	1.080000e+01	2.520000e+01	7.401571e-01	7.000000e-01	7.000000e-01	3
29	290	3.804719e+02	1.922822e+03	1.080000e+01	2.520000e+01	8.348140e-01	7.000000e-01	7.000000e-01	3
2.910000e+01	291	2.492857e+02	1.318333e+03	1.080000e+01	2.520000e+01	8.409781e-01	7.000000e-01	7.000000e-01	3
2.920000e+01	292	7.749575e+02	1.123577e+03	1.080000e+01	2.520000e+01	5.918128e-01	7.000000e-01	7.000000e-01	3
2.930000e+01	293	8.876698e+02	1.088742e+03	1.080000e+01	2.520000e+01	5.508679e-01	7.000000e-01	7.000000e-01	3
2.940000e+01	294	1.144183e+03	1.099860e+03	1.080000e+01	2.520000e+01	4.901242e-01	7.000000e-01	7.000000e-01	3
2.950000e+01	295	2.374501e+02	1.151950e+03	1.080000e+01	2.520000e+01	8.290989e-01	7.000000e-01	7.000000e-01	3
2.960000e+01	296	9.362796e+02	1.659028e+03	1.080000e+01	2.520000e+01	6.392414e-01	7.000000e-01	7.000000e-01	3
2.970000e+01	297	7.028623e+02	1.329797e+03	1.080000e+01	2.520000e+01	6.542154e-01	7.000000e-01	7.000000e-01	3
2.980000e+01	298	5.328623e+02	1.112229e+03	1.080000e+01	2.520000e+01	6.760895e-01	7.000000e-01	7.000000e-01	3
2.990000e+01	299	6.711328e+02	1.467544e+03	1.080000e+01	2.520000e+01	6.861926e-01	7.000000e-01	7.000000e-01	3
30	300	7.509281e+02	1.685551e+03	1.080000e+01	2.520000e+01	6.917978e-01	7.000000e-01	7.000000e-01	3
3.010000e+01	301	6.317475e+02	1.515776e+03	1.080000e+01	2.520000e+01	7.058251e-01	7.000000e-01	7.000000e-01	3
3.020000e+01	302	3.415390e+02	1.698599e+03	1.080000e+01	2.520000e+01	8.325903e-01	7.000000e-01	7.000000e-01	3
3.030000e+01	303	5.217501e+02	8.948812e+02	1.080000e+01	2.520000e+01	6.316966e-01	7.000000e-01	7.000000e-01	3
3.040000e+01	304	7.490207e+02	1.472139e+03	1.080000e+01	2.520000e+01	6.627795e-01	7.000000e-01	7.000000e-01	3
3.050000e+01	305	5.381540e+02	1.494385e+03	1.080000e+01	2.520000e+01	7.352307e-01	7.000000e-01	7.000000e-01	3
3.060000e+01	306	6.456704e+02	1.315902e+03	1.080000e+01	2.520000e+01	6.708404e-01	7.000000e-01	7.000000e-01	3
3.070000e+01	307	6.840449e+02	1.620798e+03	1.080000e+01	2.520000e+01	7.032141e-01	7.000000e-01	7.000000e-01	3
3.080000e+01	308	7.021407e+02	1.014516e+03	1.080000e+01	2.520000e+01	5.909837e-01	7.000000e-01	7.000000e-01	3
3.090000e+01	309	8.797366e+02	1.405468e+03	1.080000e+01	2.520000e+01	6.150294e-01	7.000000e-01	7.000000e-01	3
31	310	9.904056e+02	8.329499e+02	1.080000e+01	2.520000e+01	4.568225e-01	7.000000e-01	7.000000e-01	3
3.110000e+01	311	5.292121e+02	1.345506e+03	1.080000e+01	2.520000e+01	7.177111e-01	7.000000e-01	7.000000e-01	3
3.120000e+01	312	6.077455e+02	1.253229e+03	1.080000e+01	2.520000e+01	6.734263e-01	7.000000e-01	7.000000e-01	3
3.130000e+01	313	5.737102e+02	1.410850e+03	1.080000e+01	2.520000e+01	7.109132e-01	7.000000e-01	7.000000e-01	3
3.140000e+01	314	9.009730e+02	1.218043e+03	1.080000e+01	2.520000e+01	5.748154e-01	7.000000e-01	7.000000e-01	3
3.150000e+01	315	7.090712e+02	1.326422e+03	1.080000e+01	2.520000e+01	6.516465e-01	7.000000e-01	7.000000e-01	3
3.160000e+01	316	5.640390e+02	1.348154e+03	1.080000e+01	2.520000e+01	7.050304e-01	7.000000e-01	7.000000e-01	3
3.170000e+01	317	6.985984e+02	1.394746e+03	1.080000e+01	2.520000e+01	6.662764e-01	7.000000e-01	7.000000e-01	3
3.180000e+01	318	9.556406e+02	1.557319e+03	1.080000e+01	2.520000e+01	6.197152e-01	7.000000e-01	7.000000e-01	3
3.190000e+01	319	4.051252e+02	1.541844e+03	1.080000e+01	2.520000e+01	7.919201e-01	7.000000e-01	7.000000e-01	3
32	320	6.506926e+02	1.115414e+03	1.080000e+01	2.520000e+01	6.315666e-01	7.000000e-01	7.000000e-01	3
3.210000e+01	321	6.974195e+02	1.822781e+03	1.080000e+01	2.520000e+01	7.232682e-01	7.000000e-01	7.000000e-01	3
3.220000e+01	322	7.668814e+02	1.067270e+03	1.080000e+01	2.520000e+01	5.818877e-01	7.000000e-01	7.000000e-01	3
3.230000e+01	323	8.452632e+02	1.368790e+03	1.080000e+01	2.520000e+01	6.182282e-01	7.000000e-01	7.000000e-01	3
3.240000e+01	324	1.468533e+02	1.298505e+03	1.080000e+01	2.520000e+01	8.983966e-01	7.000000e-01	7.000000e-01	3
3.250000e+01	325	7.321205e+02	1.856646e+03	1.080000e+01	2.520000e+01	7.171933e-01	7.000000e-01	7.000000e-01	3
3.260000e+01	326	5.189894e+02	1.642155e+03	1.080000e+01	2.520000e+01	7.598544e-01	7.000000e-01	7.000000e-01	3
3.270000e+01	327	8.388381e+02	9.941479e+02	1.080000e+01	2.520000e+01	5.423653e-01	7.000000e-01	7.000000e-01	3
3.280000e+01	328	2.971914e+02	1.430970e+03	1.080000e+01	2.520000e+01	8.280303e-01	7.000000e-01	7.000000e-01	3
3.290000e+01	329	4.408045e+02	1.334892e+03	1.080000e+01	2.520000e+01	7.517568e-01	7.000000e-01	7.000000e-01	3
33	330	5.624900e+02	1.552167e+03	1.080000e+01	2.520000e+01	7.340042e-01	7.000000e-01	7.000000e-01	3
3.310000e+01	331	8.118434e+02	1.722218e+03	1.080000e+01	2.520000e+01	6.796276e-01	7.000000e-01	7.000000e-01	3
3.320000e+01	332	6.691665e+02	1.365585e+03	1.080000e+01	2.520000e+01	6.711310e-01	7.000000e-01	7.000000e-01	3
3.330000e+01	333	7.796537e+02	1.531176e+03	1.080000e+01	2.520000e+01	6.626088e-01	7.000000e-01	7.000000e-01	3
3.340000e+01	334	4.735534e+02	2.332236e+03	1.080000e+01	2.520000e+01	8.312228e-01	7.000000e-01	7.000000e-01	3
3.350000e+01	335	9.680908e+02	1.126891e+03	1.080000e+01	2.520000e+01	5.379002e-01	7.000000e-01	7.000000e-01	3
3.360000e+01	336	9.195693e+02	1.537572e+03	1.080000e+01	2.520000e+01	6.257565e-01	7.000000e-01	7.000000e-01	3
3.370000e+01	337	3.258710e+02	9.763804e+02	1.080000e+01	2.520000e+01	7.497634e-01	7.000000e-01	7.000000e-01	3
3.380000e+01	338	5.638626e+02	1.236100e+03	1.080000e+01	2.520000e+01	6.867365e-01	7.000000e-01	7.000000e-01	3
3.390000e+01	339	5.619769e+02	1.463251e+03	1.080000e+01	2.520000e+01	7.225117e-01	7.000000e-01	7.000000e-01	3
34	340	4.948111e+02	1.469064e+03	1.080000e+01	2.520000e+01	7.480434e-01	7.000000e-01	7.000000e-01	3
3.410000e+01	341	4.724443e+02	1.210514e+03	1.080000e+01	2.520000e+01	7.192775e-01	7.000000e-01	7.000000e-01	3
3.420000e+01	342	6.817865e+02	1.643174e+03	1.080000e+01	2.520000e+01	7.067535e-01	7.000000e-01	7.000000e-01	3
3.430000e+01	343	9.641067e+02	1.320398e+03	1.080000e+01	2.520000e+01	5.779800e-01	7.000000e-01	7.000000e-01	3
3.440000e+01	344	6.031988e+02	1.143479e+03	1.080000e+01	2.520000e+01	6.546593e-01	7.000000e-01	7.000000e-01	3
3.450000e+01	345	7.652365e+02	1.192554e+03	1.080000e+01	2.520000e+01	6.091326e-01	7.000000e-01	7.000000e-01	3
3.460000e+01	346	1.006042e+03	1.740517e+03	1.080000e+01	2.520000e+01	6.337084e-01	7.000000e-01	7.000000e-01	3
3.470000e+01	347	5.045670e+02	8.887132e+02	1.080000e+01	2.520000e+01	6.378568e-01	7.000000e-01	7.000000e-01	3
3.480000e+01	348	4.752126e+02	1.353301e+03	1.080000e+01	2.520000e+01	7.401099e-01	7.000000e-01	7.000000e-01	3
3.490000e+01	349	5.806534e+02	1.581197e+03	1.080000e+01	2.520000e+01	7.314091e-01	7.000000e-01	7.000000e-01	3
35	350	8.512526e+02	1.588131e+03	1.080000e+01	2.520000e+01	6.510378e-01	7.000000e-01	7.000000e-01	3
3.510000e+01	351	5.393348e+02	1.422356e+03	1.080000e+01	2.520000e+01	7.250664e-01	7.000000e-01	7.000000e-01	3
3.520000e+01	352	4.845215e+02	1.998800e+03	1.080000e+01	2.520000e+01	8.048897e-01	7.000000e-01	7.000000e-01	3
3.530000e+01	353	5.528483e+02	1.697841e+03	1.080000e+01	2.520000e+01	7.543649e-01	7.000000e-01	7.000000e-01	3
3.540000e+01	354	5.525198e+02	9.011615e+02	1.080000e+01	2.520000e+01	6.199168e-01	7.000000e-01	7.000000e-01	3
3.550000e+01	355	6.258614e+02	1.251983e+03	1.080000e+01	2.520000e+01	6.667129e-01	7.000000e-01	7.000000e-01	3
3.560000e+01	356	5.633335e+02	1.078253e+03	1.080000e+01	2.520000e+01	6.568360e-01	7.000000e-01	7.000000e-01	3
3.570000e+01	357	7.514568e+02	1.693235e+03	1.080000e+01	2.520000e+01	6.926169e-01	7.000000e-01	7.000000e-01	3
3.580000e+01	358	5.689992e+02	1.420975e+03	1.080000e+01	2.520000e+01	7.140671e-01	7.000000e-01	7.000000e-01	3
3.590000e+01	359	5.033975e+02	1.635057e+03	1.080000e+01	2.520000e+01	7.645976e-01	7.000000e-01	7.000000e-01	3
36	360	7.065510e+02	5.507237e+02	1.080000e+01	2.520000e+01	4.380297e-01	7.000000e-01	7.000000e-01	3
3.610000e+01	361	6.829256e+02	1.124364e+03	1.080000e+01	2.520000e+01	6.221271e-01	7.000000e-01	7.000000e-01	3
3.620000e+01	362	5.996354e+02	1.520297e+03	1.080000e+01	2.520000e+01	7.171441e-01	7.000000e-01	7.000000e-01	3
3.630000e+01	363	4.755897e+02	1.797850e+03	1.080000e+01	2.520000e+01	7.908061e-01	7.000000e-01	7.000000e-01	3
3.640000e+01	364	3.792061e+02	1.329684e+03	1.080000e+01	2.520000e+01	7.780980e-01	7.000000e-01	7.000000e-01	3
3.650000e+01	365	3.350923e+02	1.000156e+03	1.080000e+01	2.520000e+01	7.490413e-01	7.000000e-01	7.000000e-01	3
3.660000e+01	366	7.385695e+02	1.717735e+03	1.080000e+01	2.520000e+01	6.993168e-01	7.000000e-01	7.000000e-01	3
3.670000e+01	367	6.382714e+02	1.199774e+03	1.080000e+01	2.520000e+01	6.527445e-01	7.000000e-01	7.000000e-01	3
3.680000e+01	368	9.599662e+02	1.252303e+03	1.080000e+01	2.520000e+01	5.660718e-01	7.000000e-01	7.000000e-01	3
3.690000e+01	369	4.566236e+02	1.269146e+03	1.080000e+01	2.520000e+01	7.354087e-01	7.000000e-01	7.000000e-01	3
37	370	6.774476e+02	1.598241e+03	1.080000e+01	2.520000e+01	7.023110e-01	7.000000e-01	7.000000e-01	3
3.710000e+01	371	5.826230e+02	1.567787e+03	1.080000e+01	2.520000e+01	7.290643e-01	7.000000e-01	7.000000e-01	3
3.720000e+01	372	5.655793e+02	1.328713e+03	1.080000e+01	2.520000e+01	7.014298e-01	7.000000e-01	7.000000e-01	3
3.730000e+01	373	4.743817e+02	1.041847e+03	1.080000e+01	2.520000e+01	6.871305e-01	7.000000e-01	7.000000e-01	3
3.740000e+01	374	7.410656e+02	1.163376e+03	1.080000e+01	2.520000e+01	6.108751e-01	7.000000e-01	7.000000e-01	3
3.750000e+01	375	5.745750e+02	1.304302e+03	1.080000e+01	2.520000e+01	6.941923e-01	7.000000e-01	7.000000e-01	3
3.760000e+01	376	4.079667e+02	1.684319e+03	1.080000e+01	2.520000e+01	8.050139e-01	7.000000e-01	7.000000e-01	3
3.770000e+01	377	3.828701e+02	1.466451e+03	1.080000e+01	2.520000e+01	7.929672e-01	7.000000e-01	7.000000e-01	3
3.780000e+01	378	4.622466e+02	1.109981e+03	1.080000e+01	2.520000e+01	7.059925e-01	7.000000e-01	7.000000e-01	3
3.790000e+01	379	9.152593e+02	1.247536e+03	1.080000e+01	2.520000e+01	5.768165e-01	7.000000e-01	7.000000e-01	3
38	380	6.782322e+02	1.493526e+03	1.080000e+01	2.520000e+01	6.877036e-01	7.000000e-01	7.000000e-01	3
3.810000e+01	381	4.002050e+02	1.334273e+03	1.080000e+01	2.520000e+01	7.692648e-01	7.000000e-01	7.000000e-01	3
3.820000e+01	382	5.037817e+02	1.523747e+03	1.080000e+01	2.520000e+01	7.515291e-01	7.000000e-01	7.000000e-01	3
3.830000e+01	383	5.729848e+02	1.125219e+03	1.080000e+01	2.520000e+01	6.625937e-01	7.000000e-01	7.000000e-01	3
3.840000e+01	384	6.058315e+02	1.606094e+03	1.080000e+01	2.520000e+01	7.261067e-01	7.000000e-01	7.000000e-01	3
3.850000e+01	385	7.853772e+02	1.445984e+03	1.080000e+01	2.520000e+01	6.480277e-01	7.000000e-01	7.000000e-01	3
3.860000e+01	386	5.842476e+02	1.062477e+03	1.080000e+01	2.520000e+01	6.452063e-01	7.000000e-01	7.000000e-01	3
3.870000e+01	387	6.863795e+02	1.015151e+03	1.080000e+01	2.520000e+01	5.966104e-01	7.000000e-01	7.000000e-01	3
3.880000e+01	388	6.152787e+02	1.525035e+03	1.080000e+01	2.520000e+01	7.125288e-01	7.000000e-01	7.000000e-01	3
3.890000e+01	389	6.944170e+02	1.543946e+03	1.080000e+01	2.520000e+01	6.897657e-01	7.000000e-01	7.000000e-01	3
39	390	6.026282e+02	1.724899e+03	1.080000e+01	2.520000e+01	7.410866e-01	7.000000e-01	7.000000e-01	3
3.910000e+01	391	7.942315e+02	1.431323e+03	1.080000e+01	2.520000e+01	6.431310e-01	7.000000e-01	7.000000e-01	3
3.920000e+01	392	2.343267e+02	1.195746e+03	1.080000e+01	2.520000e+01	8.361435e-01	7.000000e-01	7.000000e-01	3
3.930000e+01	393	7.691990e+02	1.408261e+03	1.080000e+01	2.520000e+01	6.467448e-01	7.000000e-01	7.000000e-01	3
3.940000e+01	394	6.388062e+02	2.375299e+03	1.080000e+01	2.520000e+01	7.880611e-01	7.000000e-01	7.000000e-01	3
3.950000e+01	395	6.118311e+02	1.203679e+03	1.080000e+01	2.520000e+01	6.629976e-01	7.000000e-01	7.000000e-01	3
3.960000e+01	396	7.048119e+02	1.494234e+03	1.080000e+01	2.520000e+01	6.794920e-01	7.000000e-01	7.000000e-01	3
3.970000e+01	397	7.125614e+02	1.602035e+03	1.080000e+01	2.520000e+01	6.921444e-01	7.000000e-01	7.000000e-01	3
3.980000e+01	398	8.648910e+02	1.353389e+03	1.080000e+01	2.520000e+01	6.101074e-01	7.000000e-01	7.000000e-01	3
3.990000e+01	399	4.985361e+02	1.648970e+03	1.080000e+01	2.520000e+01	7.678534e-01	7.000000e-01	7.000000e-01	3
40	400	5.180521e+02	1.007364e+03	1.080000e+01	2.520000e+01	6.603865e-01	7.000000e-01	7.000000e-01	3
4.010000e+01	401	6.107362e+02	1.761040e+03	1.080000e+01	2.520000e+01	7.424983e-01	7.000000e-01	7.000000e-01	3
4.020000e+01	402	2.876176e+02	1.984774e+03	1.080000e+01	2.520000e+01	8.734296e-01	7.000000e-01	7.000000e-01	3
4.030000e+01	403	6.958055e+02	1.682773e+03	1.080000e+01	2.520000e+01	7.074700e-01	7.000000e-01	7.000000e-01	3
4.040000e+01	404	7.199949e+02	1.449966e+03	1.080000e+01	2.520000e+01	6.681991e-01	7.000000e-01	7.000000e-01	3
4.050000e+01	405	5.885885e+02	1.246752e+03	1.080000e+01	2.520000e+01	6.793029e-01	7.000000e-01	7.000000e-01	3
4.060000e+01	406	4.487624e+02	1.418125e+03	1.080000e+01	2.520000e+01	7.596200e-01	7.000000e-01	7.000000e-01	3
4.070000e+01	407	8.958041e+02	1.812292e+03	1.080000e+01	2.520000e+01	6.692126e-01	7.000000e-01	7.000000e-01	3
4.080000e+01	408	8.454333e+02	1.837665e+03	1.080000e+01	2.520000e+01	6.849041e-01	7.000000e-01	7.000000e-01	3
4.090000e+01	409	6.547991e+02	1.854255e+03	1.080000e+01	2.520000e+01	7.390255e-01	7.000000e-01	7.000000e-01	3
41	410	6.407456e+02	1.250000e+03	1.080000e+01	2.520000e+01	6.611149e-01	7.000000e-01	7.000000e-01	3
4.110000e+01	411	3.492499e+02	1.441068e+03	1.080000e+01	2.520000e+01	8.049230e-01	7.000000e-01	7.000000e-01	3
4.120000e+01	412	5.463047e+02	1.106263e+03	1.080000e+01	2.520000e+01	6.694207e-01	7.000000e-01	7.000000e-01	3
4.130000e+01	413	8.558881e+02	1.421070e+03	1.080000e+01	2.520000e+01	6.241090e-01	7.000000e-01	7.000000e-01	3
4.140000e+01	414	6.163320e+02	9.671005e+02	1.080000e+01	2.520000e+01	6.107621e-01	7.000000e-01	7.000000e-01	3
4.150000e+01	415	6.430369e+02	8.112425e+02	1.080000e+01	2.520000e+01	5.578313e-01	7.000000e-01	7.000000e-01	3
4.160000e+01	416	6.274920e+02	1.460910e+03	1.080000e+01	2.520000e+01	6.995348e-01	7.000000e-01	7.000000e-01	3
4.170000e+01	417	6.365765e+02	1.147062e+03	1.080000e+01	2.520000e+01	6.431023e-01	7.000000e-01	7.000000e-01	3
4.180000e+01	418	2.991944e+02	1.020718e+03	1.080000e+01	2.520000e+01	7.733225e-01	7.000000e-01	7.000000e-01	3
4.190000e+01	419	3.199258e+02	1.322669e+03	1.080000e+01	2.520000e+01	8.052315e-01	7.000000e-01	7.000000e-01	3
42	420	3.745871e+02	1.383001e+03	1.080000e+01	2.520000e+01	7.868743e-01	7.000000e-01	7.000000e-01	3
4.210000e+01	421	2.357681e+02	1.107212e+03	1.080000e+01	2.520000e+01	8.244441e-01	7.000000e-01	7.000000e-01	3
4.220000e+01	422	5.447598e+02	1.367271e+03	1.080000e+01	2.520000e+01	7.150883e-01	7.000000e-01	7.000000e-01	3
4.230000e+01	423	2.141151e+02	1.460320e+03	1.080000e+01	2.520000e+01	8.721270e-01	7.000000e-01	7.000000e-01	3
4.240000e+01	424	4.451826e+02	1.668444e+03	1.080000e+01	2.520000e+01	7.893750e-01	7.000000e-01	7.000000e-01	3
4.250000e+01	425	4.045734e+02	1.202144e+03	1.080000e+01	2.520000e+01	7.481987e-01	7.000000e-01	7.000000e-01	3
4.260000e+01	426	7.876903e+02	1.422456e+03	1.080000e+01	2.520000e+01	6.436026e-01	7.000000e-01	7.000000e-01	3
4.270000e+01	427	6.849698e+02	1.551738e+03	1.080000e+01	2.520000e+01	6.937599e-01	7.000000e-01	7.000000e-01	3
4.280000e+01	428	7.329156e+02	1.429528e+03	1.080000e+01	2.520000e+01	6.610706e-01	7.000000e-01	7.000000e-01	3
4.290000e+01	429	4.527895e+02	1.167870e+03	1.080000e+01	2.520000e+01	7.206141e-01	7.000000e-01	7.000000e-01	3
43	430	5.136728e+02	1.730708e+03	1.080000e+01	2.520000e+01	7.711294e-01	7.000000e-01	7.000000e-01	3
4.310000e+01	431	5.186238e+02	1.939390e+03	1.080000e+01	2.520000e+01	7.890070e-01	7.000000e-01	7.000000e-01	3
4.320000e+01	432	5.267917e+02	1.374625e+03	1.080000e+01	2.520000e+01	7.229478e-01	7.000000e-01	7.000000e-01	3
4.330000e+01	433	6.254022e+02	1.316047e+03	1.080000e+01	2.520000e+01	6.778683e-01	7.000000e-01	7.000000e-01	3
4.340000e+01	434	8.123724e+02	1.688170e+03	1.080000e+01	2.520000e+01	6.751215e-01	7.000000e-01	7.000000e-01	3
4.350000e+01	435	2.847679e+02	1.678744e+03	1.080000e+01	2.520000e+01	8.549701e-01	7.000000e-01	7.000000e-01	3
4.360000e+01	436	5.301407e+02	1.714534e+03	1.080000e+01	2.520000e+01	7.638229e-01	7.000000e-01	7.000000e-01	3
4.370000e+01	437	5.714796e+02	1.493213e+03	1.080000e+01	2.520000e+01	7.232132e-01	7.000000e-01	7.000000e-01	3
4.380000e+01	438	5.299905e+02	1.716476e+03	1.080000e+01	2.520000e+01	7.640781e-01	7.000000e-01	7.000000e-01	3
4.390000e+01	439	7.334771e+02	1.506718e+03	1.080000e+01	2.520000e+01	6.725835e-01	7.000000e-01	7.000000e-01	3
44	440	3.941877e+02	2.179596e+03	1.080000e+01	2.520000e+01	8.468451e-01	7.000000e-01	7.000000e-01	3
4.410000e+01	441	5.731537e+02	1.790524e+03	1.080000e+01	2.520000e+01	7.575161e-01	7.000000e-01	7.000000e-01	3
4.420000e+01	442	6.079828e+02	1.495470e+03	1.080000e+01	2.520000e+01	7.109596e-01	7.000000e-01	7.000000e-01	3
4.430000e+01	443	4.170937e+02	1.372121e+03	1.080000e+01	2.520000e+01	7.668846e-01	7.000000e-01	7.000000e-01	3
4.440000e+01	444	8.993873e+02	1.063777e+03	1.080000e+01	2.520000e+01	5.418685e-01	7.000000e-01	7.000000e-01	3
4.450000e+01	445	7.757834e+02	1.347842e+03	1.080000e+01	2.520000e+01	6.346892e-01	7.000000e-01	7.000000e-01	3
4.460000e+01	446	6.600064e+02	1.418948e+03	1.080000e+01	2.520000e+01	6.825297e-01	7.000000e-01	7.000000e-01	3
4.470000e+01	447	7.195936e+02	1.313235e+03	1.080000e+01	2.520000e+01	6.460136e-01	7.000000e-01	7.000000e-01	3
4.480000e+01	448	3.681376e+02	1.508790e+03	1.080000e+01	2.520000e+01	8.038616e-01	7.000000e-01	7.000000e-01	3
4.490000e+01	449	6.333044e+02	1.502222e+03	1.080000e+01	2.520000e+01	7.034434e-01	7.000000e-01	7.000000e-01	3
45	450	5.682645e+02	1.354678e+03	1.080000e+01	2.520000e+01	7.044817e-01	7.000000e-01	7.000000e-01	3
4.510000e+01	451	6.933434e+02	8.889429e+02	1.080000e+01	2.520000e+01	5.618091e-01	7.000000e-01	7.000000e-01	3
4.520000e+01	452	3.826054e+02	9.122198e+02	1.080000e+01	2.520000e+01	7.045119e-01	7.000000e-01	7.000000e-01	3
4.530000e+01	453	4.989509e+02	1.455807e+03	1.080000e+01	2.520000e+01	7.447506e-01	7.000000e-01	7.000000e-01	3
4.540000e+01	454	6.567579e+02	1.211771e+03	1.080000e+01	2.520000e+01	6.485160e-01	7.000000e-01	7.000000e-01	3
4.550000e+01	455	7.662818e+02	1.422630e+03	1.080000e+01	2.520000e+01	6.499257e-01	7.000000e-01	7.000000e-01	3
4.560000e+01	456	6.523528e+02	1.352101e+03	1.080000e+01	2.520000e+01	6.745484e-01	7.000000e-01	7.000000e-01	3
4.570000e+01	457	4.395650e+02	1.503963e+03	1.080000e+01	2.520000e+01	7.738314e-01	7.000000e-01	7.000000e-01	3
4.580000e+01	458	4.754520e+02	1.215811e+03	1.080000e+01	2.520000e+01	7.188776e-01	7.000000e-01	7.000000e-01	3
4.590000e+01	459	5.820154e+02	1.288976e+03	1.080000e+01	2.520000e+01	6.889268e-01	7.000000e-01	7.000000e-01	3
46	460	4.209137e+02	1.491266e+03	1.080000e+01	2.520000e+01	7.798775e-01	7.000000e-01	7.000000e-01	3
4.610000e+01	461	1.008837e+03	1.499772e+03	1.080000e+01	2.520000e+01	5.978501e-01	7.000000e-01	7.000000e-01	3
4.620000e+01	462	7.021928e+02	1.276554e+03	1.080000e+01	2.520000e+01	6.451326e-01	7.000000e-01	7.000000e-01	3
4.630000e+01	463	6.544124e+02	1.135156e+03	1.080000e+01	2.520000e+01	6.343182e-01	7.000000e-01	7.000000e-01	3
4.640000e+01	464	4.314691e+02	1.735412e+03	1.080000e+01	2.520000e+01	8.008801e-01	7.000000e-01	7.000000e-01	3
4.650000e+01	465	2.594341e+02	1.995810e+03	1.080000e+01	2.520000e+01	8.849641e-01	7.000000e-01	7.000000e-01	3
4.660000e+01	466	5.329646e+02	1.025814e+03	1.080000e+01	2.520000e+01	6.580883e-01	7.000000e-01	7.000000e-01	3
4.670000e+01	467	8.375243e+02	1.067982e+03	1.080000e+01	2.520000e+01	5.604714e-01	7.000000e-01	7.000000e-01	3
4.680000e+01	468	5.642642e+02	1.230077e+03	1.080000e+01	2.520000e+01	6.855313e-01	7.000000e-01	7.000000e-01	3
4.690000e+01	469	6.719039e+02	8.139232e+02	1.080000e+01	2.520000e+01	5.477913e-01	7.000000e-01	7.000000e-01	3
47	470	7.076446e+02	1.327985e+03	1.080000e+01	2.520000e+01	6.523707e-01	7.000000e-01	7.000000e-01	3
4.710000e+01	471	5.349709e+02	1.667094e+03	1.080000e+01	2.520000e+01	7.570594e-01	7.000000e-01	7.000000e-01	3
4.720000e+01	472	5.998402e+02	1.545282e+03	1.080000e+01	2.520000e+01	7.203701e-01	7.000000e-01	7.000000e-01	3
4.730000e+01	473	4.612973e+02	1.270924e+03	1.080000e+01	2.520000e+01	7.336961e-01	7.000000e-01	7.000000e-01	3
4.740000e+01	474	7.678254e+02	1.750073e+03	1.080000e+01	2.520000e+01	6.950530e-01	7.000000e-01	7.000000e-01	3
4.750000e+01	475	5.046141e+02	1.331647e+03	1.080000e+01	2.520000e+01	7.251949e-01	7.000000e-01	7.000000e-01	3
4.760000e+01	476	9.378599e+02	9.372607e+02	1.080000e+01	2.520000e+01	4.998402e-01	7.000000e-01	7.000000e-01	3
4.770000e+01	477	6.613804e+02	8.916389e+02	1.080000e+01	2.520000e+01	5.741325e-01	7.000000e-01	7.000000e-01	3
4.780000e+01	478	5.501006e+02	1.019709e+03	1.080000e+01	2.520000e+01	6.495750e-01	7.000000e-01	7.000000e-01	3
4.790000e+01	479	6.339476e+02	1.400353e+03	1.080000e+01	2.520000e+01	6.883707e-01	7.000000e-01	7.000000e-01	3
48	480	4.782019e+02	8.966957e+02	1.080000e+01	2.520000e+01	6.521909e-01	7.000000e-01	7.000000e-01	3
4.810000e+01	481	4.017247e+02	1.140200e+03	1.080000e+01	2.520000e+01	7.394654e-01	7.000000e-01	7.000000e-01	3
4.820000e+01	482	6.171975e+02	2.078630e+03	1.080000e+01	2.520000e+01	7.710545e-01	7.000000e-01	7.000000e-01	3
4.830000e+01	483	3.478856e+02	1.269994e+03	1.080000e+01	2.520000e+01	7.849743e-01	7.000000e-01	7.000000e-01	3
4.840000e+01	484	5.001134e+02	7.638360e+02	1.080000e+01	2.520000e+01	6.043248e-01	7.000000e-01	7.000000e-01	3
4.850000e+01	485	5.567712e+02	1.677250e+03	1.080000e+01	2.520000e+01	7.507762e-01	7.000000e-01	7.000000e-01	3
4.860000e+01	486	7.291174e+02	1.148186e+03	1.080000e+01	2.520000e+01	6.116146e-01	7.000000e-01	7.000000e-01	3
4.870000e+01	487	4.625193e+02	1.531967e+03	1.080000e+01	2.520000e+01	7.681010e-01	7.000000e-01	7.000000e-01	3
4.880000e+01	488	5.050523e+02	1.133799e+03	1.080000e+01	2.520000e+01	6.918254e-01	7.000000e-01	7.000000e-01	3
4.890000e+01	489	5.727220e+02	1.318562e+03	1.080000e+01	2.520000e+01	6.971782e-01	7.000000e-01	7.000000e-01	3
49	490	6.925748e+02	1.364565e+03	1.080000e+01	2.520000e+01	6.633311e-01	7.000000e-01	7.000000e-01	3
4.910000e+01	491	4.226973e+02	1.161408e+03	1.080000e+01	2.520000e+01	7.331634e-01	7.000000e-01	7.000000e-01	3
4.920000e+01	492	3.026889e+02	1.748958e+03	1.080000e+01	2.520000e+01	8.524654e-01	7.000000e-01	7.000000e-01	3
4.930000e+01	493	6.066671e+02	1.331867e+03	1.080000e+01	2.520000e+01	6.870486e-01	7.000000e-01	7.000000e-01	3
4.940000e+01	494	6.447340e+02	1.505750e+03	1.080000e+01	2.520000e+01	7.001913e-01	7.000000e-01	7.000000e-01	3
4.950000e+01	495	6.337989e+02	1.552931e+03	1.080000e+01	2.520000e+01	7.101614e-01	7.000000e-01	7.000000e-01	3
4.960000e+01	496	7.059556e+02	1.486955e+03	1.080000e+01	2.520000e+01	6.780738e-01	7.000000e-01	7.000000e-01	3
4.970000e+01	497	4.845180e+02	8.002552e+02	1.080000e+01	2.520000e+01	6.228766e-01	7.000000e-01	7.000000e-01	3
4.980000e+01	498	4.782252e+02	1.607314e+03	1.080000e+01	2.520000e+01	7.706947e-01	7.000000e-01	7.000000e-01	3
4.990000e+01	499	8.678672e+02	1.457403e+03	1.080000e+01	2.520000e+01	6.267671e-01	7.000000e-01	7.000000e-01	3
50	500	4.936980e+02	9.642804e+02	1.080000e+01	2.520000e+01	6.613818e-01	7.000000e-01	7.000000e-01	3
5.010000e+01	501	7.053984e+02	1.326935e+03	1.080000e+01	2.520000e+01	6.529121e-01	7.000000e-01	7.000000e-01	3
5.020000e+01	502	6.305854e+02	1.677170e+03	1.080000e+01	2.520000e+01	7.267538e-01	7.000000e-01	7.000000e-01	3
5.030000e+01	503	6.538400e+02	1.563524e+03	1.080000e+01	2.520000e+01	7.051274e-01	7.000000e-01	7.000000e-01	3
5.040000e+01	504	5.087912e+02	1.568340e+03	1.080000e+01	2.520000e+01	7.550509e-01	7.000000e-01	7.000000e-01	3
5.050000e+01	505	8.443331e+02	1.846524e+03	1.080000e+01	2.520000e+01	6.862216e-01	7.000000e-01	7.000000e-01	3
5.060000e+01	506	6.974615e+02	1.623002e+03	1.080000e+01	2.520000e+01	6.994301e-01	7.000000e-01	7.000000e-01	3
5.070000e+01	507	4.313273e+02	2.084620e+03	1.080000e+01	2.520000e+01	8.285627e-01	7.000000e-01	7.000000e-01	3
5.080000e+01	508	5.528572e+02	1.462616e+03	1.080000e+01	2.520000e+01	7.256936e-01	7.000000e-01	7.000000e-01	3
5.090000e+01	509	8.874292e+02	1.504862e+03	1.080000e+01	2.520000e+01	6.290464e-01	7.000000e-01	7.000000e-01	3
51	510	5.825426e+02	1.161225e+03	1.080000e+01	2.520000e+01	6.659288e-01	7.000000e-01	7.000000e-01	3
5.110000e+01	511	4.735141e+02	1.352403e+03	1.080000e+01	2.520000e+01	7.406705e-01	7.000000e-01	7.000000e-01	3
5.120000e+01	512	6.357465e+02	1.765226e+03	1.080000e+01	2.520000e+01	7.352129e-01	7.000000e-01	7.000000e-01	3
5.130000e+01	513	6.790986e+02	1.764942e+03	1.080000e+01	2.520000e+01	7.221410e-01	7.000000e-01	7.000000e-01	3
5.140000e+01	514	4.394317e+02	9.521558e+02	1.080000e+01	2.520000e+01	6.842227e-01	7.000000e-01	7.000000e-01	3
5.150000e+01	515	7.540906e+02	1.067751e+03	1.080000e+01	2.520000e+01	5.860834e-01	7.000000e-01	7.000000e-01	3
5.160000e+01	516	5.037320e+02	1.435706e+03	1.080000e+01	2.520000e+01	7.402691e-01	7.000000e-01	7.000000e-01	3
5.170000e+01	517	4.669615e+02	1.287564e+03	1.080000e+01	2.520000e+01	7.338531e-01	7.000000e-01	7.000000e-01	3
5.180000e+01	518	7.481205e+02	1.295333e+03	1.080000e+01	2.520000e+01	6.338940e-01	7.000000e-01	7.000000e-01	3
5.190000e+01	519	7.130667e+02	1.357425e+03	1.080000e+01	2.520000e+01	6.556052e-01	7.000000e-01	7.000000e-01	3
52	520	6.852687e+02	1.507279e+03	1.080000e+01	2.520000e+01	6.874555e-01	7.000000e-01	7.000000e-01	3
5.210000e+01	521	5.547086e+02	1.878751e+03	1.080000e+01	2.520000e+01	7.720494e-01	7.000000e-01	7.000000e-01	3
5.220000e+01	522	3.683770e+02	1.050117e+03	1.080000e+01	2.520000e+01	7.403041e-01	7.000000e-01	7.000000e-01	3
5.230000e+01	523	4.456231e+02	1.587395e+03	1.080000e+01	2.520000e+01	7.808071e-01	7.000000e-01	7.000000e-01	3
5.240000e+01	524	6.291601e+02	1.332807e+03	1.080000e+01	2.520000e+01	6.793217e-01	7.000000e-01	7.000000e-01	3
5.250000e+01	525	5.321613e+02	1.223122e+03	1.080000e+01	2.520000e+01	6.968232e-01	7.000000e-01	7.000000e-01	3
5.260000e+01	526	7.363621e+02	1.088481e+03	1.080000e+01	2.520000e+01	5.964792e-01	7.000000e-01	7.000000e-01	3
5.270000e+01	527	5.950395e+02	1.461936e+03	1.080000e+01	2.520000e+01	7.107211e-01	7.000000e-01	7.000000e-01	3
5.280000e+01	528	4.379873e+02	1.044688e+03	1.080000e+01	2.520000e+01	7.045967e-01	7.000000e-01	7.000000e-01	3
5.290000e+01	529	6.251155e+02	1.033515e+03	1.080000e+01	2.520000e+01	6.231134e-01	7.000000e-01	7.000000e-01	3
53	530	9.980789e+02	1.473444e+03	1.080000e+01	2.520000e+01	5.961684e-01	7.000000e-01	7.000000e-01	3
5.310000e+01	531	6.080749e+02	1.102670e+03	1.080000e+01	2.520000e+01	6.445555e-01	7.000000e-01	7.000000e-01	3
5.320000e+01	532	8.953036e+02	1.238258e+03	1.080000e+01	2.520000e+01	5.803714e-01	7.000000e-01	7.000000e-01	3
5.330000e+01	533	7.151351e+02	1.328394e+03	1.080000e+01	2.520000e+01	6.500491e-01	7.000000e-01	7.000000e-01	3
5.340000e+01	534	5.796471e+02	1.624713e+03	1.080000e+01	2.520000e+01	7.370452e-01	7.000000e-01	7.000000e-01	3
5.350000e+01	535	5.797558e+02	1.259001e+03	1.080000e+01	2.520000e+01	6.847024e-01	7.000000e-01	7.000000e-01	3
5.360000e+01	536	9.965708e+02	1.793634e+03	1.080000e+01	2.520000e+01	6.428324e-01	7.000000e-01	7.000000e-01	3
5.370000e+01	537	5.748215e+02	1.741071e+03	1.080000e+01	2.520000e+01	7.517927e-01	7.000000e-01	7.000000e-01	3
5.380000e+01	538	8.879354e+02	1.320280e+03	1.080000e+01	2.520000e+01	5.978945e-01	7.000000e-01	7.000000e-01	3
5.390000e+01	539	4.842404e+02	1.585135e+03	1.080000e+01	2.520000e+01	7.659968e-01	7.000000e-01	7.000000e-01	3
54	540	8.755026e+02	1.462174e+03	1.080000e+01	2.520000e+01	6.254818e-01	7.000000e-01	7.000000e-01	3
5.410000e+01	541	5.061344e+02	1.127910e+03	1.080000e+01	2.520000e+01	6.902565e-01	7.000000e-01	7.000000e-01	3
5.420000e+01	542	5.785666e+02	1.301611e+03	1.080000e+01	2.520000e+01	6.922809e-01	7.000000e-01	7.000000e-01	3
5.430000e+01	543	8.576933e+02	1.457200e+03	1.080000e+01	2.520000e+01	6.294890e-01	7.000000e-01	7.000000e-01	3
5.440000e+01	544	3.403768e+02	1.514431e+03	1.080000e+01	2.520000e+01	8.164894e-01	7.000000e-01	7.000000e-01	3
5.450000e+01	545	1.326378e+03	8.932695e+02	2.120771e+01	1.479229e+01	4.024375e-01	4.108968e-01	2.000000e-01	1
5.460000e+01	546	2.105881e+03	4.561745e+02	2.880000e+01	7.200000e+00	1.780502e-01	2.000000e-01	2.000000e-01	1
5.470000e+01	547	1.450251e+03	3.843793e+02	2.880000e+01	7.200000e+00	2.095133e-01	2.000000e-01	2.000000e-01	1
5.480000e+01	548	1.766657e+03	4.013418e+02	2.880000e+01	7.200000e+00	1.851209e-01	2.000000e-01	2.000000e-01	1
5.490000e+01	549	1.391928e+03	3.982150e+02	2.880000e+01	7.200000e+00	2.224487e-01	2.000000e-01	2.000000e-01	1
55	550	1.195669e+03	4.097087e+02	2.880000e+01	7.200000e+00	2.552102e-01	2.000000e-01	2.000000e-01	1
5.510000e+01	551	1.309556e+03	3.937081e+02	2.880000e+01	7.200000e+00	2.311492e-01	2.000000e-01	2.000000e-01	1
5.520000e+01	552	2.259618e+03	3.068218e+02	2.880000e+01	7.200000e+00	1.195515e-01	2.000000e-01	2.000000e-01	1
5.530000e+01	553	1.499206e+03	6.581337e+02	2.880000e+01	7.200000e+00	3.050672e-01	2.000000e-01	2.000000e-01	1
5.540000e+01	554	1.608826e+03	3.687390e+02	2.880000e+01	7.200000e+00	1.864611e-01	2.000000e-01	2.000000e-01	1
5.550000e+01	555	1.637862e+03	2.920492e+02	2.880000e+01	7.200000e+00	1.513277e-01	2.000000e-01	2.000000e-01	1
5.560000e+01	556	1.739419e+03	2.894858e+02	2.880000e+01	7.200000e+00	1.426808e-01	2.000000e-01	2.000000e-01	1
5.570000e+01	557	1.174880e+03	4.782966e+02	2.880000e+01	7.200000e+00	2.893197e-01	2.000000e-01	2.000000e-01	1
5.580000e+01	558	1.335280e+03	4.112757e+02	2.880000e+01	7.200000e+00	2.354781e-01	2.000000e-01	2.000000e-01	1
5.590000e+01	559	1.702477e+03	2.319497e+02	2.880000e+01	7.200000e+00	1.199062e-01	2.000000e-01	2.000000e-01	1
56	560	1.448086e+03	4.262389e+02	2.880000e+01	7.200000e+00	2.274092e-01	2.000000e-01	2.000000e-01	1
5.610000e+01	561	1.569381e+03	4.365710e+02	2.880000e+01	7.200000e+00	2.176378e-01	2.000000e-01	2.000000e-01	1
5.620000e+01	562	1.563269e+03	5.100275e+02	2.880000e+01	7.200000e+00	2.459983e-01	2.000000e-01	2.000000e-01	1
5.630000e+01	563	1.362922e+03	4.299014e+02	2.880000e+01	7.200000e+00	2.397901e-01	2.000000e-01	2.000000e-01	1
5.640000e+01	564	2.046221e+03	4.696175e+02	2.880000e+01	7.200000e+00	1.866644e-01	2.000000e-01	2.000000e-01	1
5.650000e+01	565	1.599876e+03	7.003126e+01	2.880000e+01	7.200000e+00	4.193722e-02	2.000000e-01	2.000000e-01	1
5.660000e+01	566	1.376259e+03	4.977524e+02	2.880000e+01	7.200000e+00	2.656079e-01	2.000000e-01	2.000000e-01	1
5.670000e+01	567	1.456360e+03	4.662440e+02	2.880000e+01	7.200000e+00	2.425065e-01	2.000000e-01	2.000000e-01	1
5.680000e+01	568	1.627493e+03	4.949647e+02	2.880000e+01	7.200000e+00	2.332035e-01	2.000000e-01	2.000000e-01	1
5.690000e+01	569	1.990082e+03	5.532929e+02	2.880000e+01	7.200000e+00	2.175428e-01	2.000000e-01	2.000000e-01	1
57	570	9.501028e+02	1.732283e+02	2.880000e+01	7.200000e+00	1.542094e-01	2.000000e-01	2.000000e-01	1
5.710000e+01	571	1.958829e+03	3.333748e+02	2.880000e+01	7.200000e+00	1.454386e-01	2.000000e-01	2.000000e-01	1
5.720000e+01	572	1.771918e+03	2.898566e+02	2.880000e+01	7.200000e+00	1.405860e-01	2.000000e-01	2.000000e-01	1
5.730000e+01	573	1.300222e+03	4.045021e+02	2.880000e+01	7.200000e+00	2.372830e-01	2.000000e-01	2.000000e-01	1
5.740000e+01	574	1.364302e+03	1.742901e+02	2.880000e+01	7.200000e+00	1.132789e-01	2.000000e-01	2.000000e-01	1
5.750000e+01	575	1.083879e+03	3.398762e+02	2.880000e+01	7.200000e+00	2.387182e-01	2.000000e-01	2.000000e-01	1
5.760000e+01	576	1.600393e+03	8.057262e+00	2.880000e+01	7.200000e+00	5.009334e-03	2.000000e-01	2.000000e-01	1
5.770000e+01	577	1.706688e+03	5.564077e+02	2.880000e+01	7.200000e+00	2.458613e-01	2.000000e-01	2.000000e-01	1
5.780000e+01	578	1.463494e+03	6.973756e+02	2.880000e+01	7.200000e+00	3.227291e-01	2.000000e-01	2.000000e-01	1
5.790000e+01	579	1.813225e+03	5.411215e+02	2.880000e+01	7.200000e+00	2.298394e-01	2.000000e-01	2.000000e-01	1
58	580	1.946903e+03	3.224550e+02	2.880000e+01	7.200000e+00	1.420908e-01	2.000000e-01	2.000000e-01	1
5.810000e+01	581	2.149036e+03	3.818371e+02	2.880000e+01	7.200000e+00	1.508717e-01	2.000000e-01	2.000000e-01	1
5.820000e+01	582	1.507286e+03	3.875480e+02	2.880000e+01	7.200000e+00	2.045287e-01	2.000000e-01	2.000000e-01	1
5.830000e+01	583	1.844669e+03	4.252427e+02	2.880000e+01	7.200000e+00	1.873388e-01	2.000000e-01	2.000000e-01	1
5.840000e+01	584	1.778590e+03	2.058883e+02	2.880000e+01	7.200000e+00	1.037493e-01	2.000000e-01	2.000000e-01	1
5.850000e+01	585	1.841817e+03	4.511326e+02	2.880000e+01	7.200000e+00	1.967477e-01	2.000000e-01	2.000000e-01	1
5.860000e+01	586	1.608959e+03	2.906311e+02	2.880000e+01	7.200000e+00	1.529967e-01	2.000000e-01	2.000000e-01	1
5.870000e+01	587	1.258407e+03	5.754197e+02	2.880000e+01	7.200000e+00	3.137808e-01	2.000000e-01	2.000000e-01	1
5.880000e+01	588	1.615802e+03	4.064927e+02	2.880000e+01	7.200000e+00	2.010056e-01	2.000000e-01	2.000000e-01	1
5.890000e+01	589	1.297834e+03	2.711244e+02	2.880000e+01	7.200000e+00	1.728053e-01	2.000000e-01	2.000000e-01	1
59	590	1.799615e+03	1.873678e+02	2.880000e+01	7.200000e+00	9.429768e-02	2.000000e-01	2.000000e-01	1
5.910000e+01	591	1.452595e+03	5.297487e+02	2.880000e+01	7.200000e+00	2.672335e-01	2.000000e-01	2.000000e-01	1
5.920000e+01	592	1.722814e+03	2.201013e+02	2.880000e+01	7.200000e+00	1.132840e-01	2.000000e-01	2.000000e-01	1
5.930000e+01	593	1.156388e+03	5.001704e+02	2.880000e+01	7.200000e+00	3.019336e-01	2.000000e-01	2.000000e-01	1
5.940000e+01	594	1.831211e+03	3.959319e+02	2.880000e+01	7.200000e+00	1.777757e-01	2.000000e-01	2.000000e-01	1
5.950000e+01	595	1.628841e+03	1.683876e+02	2.880000e+01	7.200000e+00	9.369294e-02	2.000000e-01	2.000000e-01	1
5.960000e+01	596	1.412674e+03	5.111510e+02	2.880000e+01	7.200000e+00	2.656951e-01	2.000000e-01	2.000000e-01	1
5.970000e+01	597	1.516226e+03	3.054705e+02	2.880000e+01	7.200000e+00	1.676846e-01	2.000000e-01	2.000000e-01	1
5.980000e+01	598	7.450390e+02	1.058251e+03	1.564527e+01	2.035473e+01	5.868446e-01	5.654092e-01	7.000000e-01	3
5.990000e+01	599	9.064629e+02	1.605767e+03	1.080000e+01	2.520000e+01	6.391800e-01	7.000000e-01	7.000000e-01	3
60	600	7.991320e+02	1.690193e+03	1.080000e+01	2.520000e+01	6.789765e-01	7.000000e-01	7.000000e-01	3
6.010000e+01	601	4.004662e+02	1.386038e+03	1.080000e+01	2.520000e+01	7.758380e-01	7.000000e-01	7.000000e-01	3
6.020000e+01	602	6.086635e+02	1.911273e+03	1.080000e+01	2.520000e+01	7.584608e-01	7.000000e-01	7.000000e-01	3
6.030000e+01	603	8.324020e+02	1.482610e+03	1.080000e+01	2.520000e+01	6.404330e-01	7.000000e-01	7.000000e-01	3
6.040000e+01	604	6.846330e+02	1.736669e+03	1.080000e+01	2.520000e+01	7.172460e-01	7.000000e-01	7.000000e-01	3
6.050000e+01	605	5.299946e+02	1.553182e+03	1.080000e+01	2.520000e+01	7.455834e-01	7.000000e-01	7.000000e-01	3
6.060000e+01	606	4.268483e+02	1.354336e+03	1.080000e+01	2.520000e+01	7.603571e-01	7.000000e-01	7.000000e-01	3
6.070000e+01	607	7.159554e+02	1.181473e+03	1.080000e+01	2.520000e+01	6.226706e-01	7.000000e-01	7.000000e-01	3
6.080000e+01	608	7.023692e+02	1.136582e+03	1.080000e+01	2.520000e+01	6.180599e-01	7.000000e-01	7.000000e-01	3
6.090000e+01	609	6.277195e+02	1.791011e+03	1.080000e+01	2.520000e+01	7.404756e-01	7.000000e-01	7.000000e-01	3
61	610	3.910785e+02	1.466229e+03	1.080000e+01	2.520000e+01	7.894379e-01	7.000000e-01	7.000000e-01	3
6.110000e+01	611	5.546637e+02	1.096755e+03	1.080000e+01	2.520000e+01	6.641290e-01	7.000000e-01	7.000000e-01	3
6.120000e+01	612	1.000073e+02	1.152041e+03	1.080000e+01	2.520000e+01	9.201251e-01	7.000000e-01	7.000000e-01	3
6.130000e+01	613	5.762372e+02	1.158997e+03	1.080000e+01	2.520000e+01	6.679196e-01	7.000000e-01	7.000000e-01	3
6.140000e+01	614	1.037147e+03	1.403251e+03	1.080000e+01	2.520000e+01	5.750092e-01	7.000000e-01	7.000000e-01	3
6.150000e+01	615	7.500948e+02	1.252883e+03	1.080000e+01	2.520000e+01	6.255102e-01	7.000000e-01	7.000000e-01	3
6.160000e+01	616	6.927168e+02	9.965184e+02	1.080000e+01	2.520000e+01	5.899228e-01	7.000000e-01	7.000000e-01	3
6.170000e+01	617	3.839937e+02	1.057035e+03	1.080000e+01	2.520000e+01	7.335280e-01	7.000000e-01	7.000000e-01	3
6.180000e+01	618	7.297857e+02	1.243971e+03	1.080000e+01	2.520000e+01	6.302556e-01	7.000000e-01	7.000000e-01	3
6.190000e+01	619	4.399792e+02	2.275590e+03	1.080000e+01	2.520000e+01	8.379790e-01	7.000000e-01	7.000000e-01	3
62	620	4.371833e+02	1.494631e+03	1.080000e+01	2.520000e+01	7.736928e-01	7.000000e-01	7.000000e-01	3
