coordinates 	8.34	89.66	136.34	89.66
time(s)	frame	Idon(a.u.)	Iacc(a.u.)	Idon ideal(a.u.)	Iacc ideal(a.u.)	FRET	FRET ideal (blurr)	FRET ideal	state sequence
1.000000e-01	1	6.124245e+02	1.344459e+03	1.080000e+01	2.520000e+01	6.870409e-01	7.000000e-01	7.000000e-01	2
2.000000e-01	2	5.264789e+02	1.149107e+03	1.080000e+01	2.520000e+01	6.857942e-01	7.000000e-01	7.000000e-01	2
3.000000e-01	3	5.941937e+02	1.170195e+03	1.080000e+01	2.520000e+01	6.632297e-01	7.000000e-01	7.000000e-01	2
4.000000e-01	4	5.980769e+02	1.673010e+03	1.080000e+01	2.520000e+01	7.366560e-01	7.000000e-01	7.000000e-01	2
5.000000e-01	5	5.949917e+02	2.096929e+03	1.080000e+01	2.520000e+01	7.789713e-01	7.000000e-01	7.000000e-01	2
6.000000e-01	6	5.358563e+02	1.462461e+03	1.080000e+01	2.520000e+01	7.318462e-01	7.000000e-01	7.000000e-01	2
7.000000e-01	7	5.557632e+02	9.996354e+02	1.080000e+01	2.520000e+01	6.426876e-01	7.000000e-01	7.000000e-01	2
8.000000e-01	8	7.955641e+02	1.545415e+03	1.080000e+01	2.520000e+01	6.601575e-01	7.000000e-01	7.000000e-01	2
9.000000e-01	9	5.643526e+02	1.405601e+03	1.080000e+01	2.520000e+01	7.135199e-01	7.000000e-01	7.000000e-01	2
1	10	1.064293e+03	8.433013e+02	2.628875e+01	9.711249e+00	4.420759e-01	2.697569e-01	2.000000e-01	1
1.100000e+00	11	1.651745e+03	5.223266e+02	2.880000e+01	7.200000e+00	2.402527e-01	2.000000e-01	2.000000e-01	1
1.200000e+00	12	1.778323e+03	3.185426e+02	2.880000e+01	7.200000e+00	1.519137e-01	2.000000e-01	2.000000e-01	1
1.300000e+00	13	1.761678e+03	2.929059e+02	2.880000e+01	7.200000e+00	1.425622e-01	2.000000e-01	2.000000e-01	1
1.400000e+00	14	1.592657e+03	4.779253e+02	2.880000e+01	7.200000e+00	2.308169e-01	2.000000e-01	2.000000e-01	1
1.500000e+00	15	1.772355e+03	4.704866e+02	2.880000e+01	7.200000e+00	2.097726e-01	2.000000e-01	2.000000e-01	1
1.600000e+00	16	1.572704e+03	2.351833e+02	2.880000e+01	7.200000e+00	1.300874e-01	2.000000e-01	2.000000e-01	1
1.700000e+00	17	2.294126e+03	2.469974e+02	2.880000e+01	7.200000e+00	9.720007e-02	2.000000e-01	2.000000e-01	1
1.800000e+00	18	1.808101e+03	3.077996e+02	2.880000e+01	7.200000e+00	1.454698e-01	2.000000e-01	2.000000e-01	1
1.900000e+00	19	1.167429e+03	6.864190e+02	2.272764e+01	1.327236e+01	3.702671e-01	3.686767e-01	2.000000e-01	1
2	20	5.874280e+02	1.579341e+03	1.080000e+01	2.520000e+01	7.288921e-01	7.000000e-01	7.000000e-01	2
2.100000e+00	21	6.471107e+02	1.113012e+03	1.080000e+01	2.520000e+01	6.323491e-01	7.000000e-01	7.000000e-01	2
2.200000e+00	22	5.521132e+02	1.422748e+03	1.080000e+01	2.520000e+01	7.204293e-01	7.000000e-01	7.000000e-01	2
2.300000e+00	23	8.415501e+02	1.227363e+03	1.080000e+01	2.520000e+01	5.932406e-01	7.000000e-01	7.000000e-01	2
2.400000e+00	24	5.864279e+02	1.529759e+03	1.080000e+01	2.520000e+01	7.228846e-01	7.000000e-01	7.000000e-01	2
2.500000e+00	25	4.811750e+02	1.930306e+03	1.080000e+01	2.520000e+01	8.004650e-01	7.000000e-01	7.000000e-01	2
2.600000e+00	26	8.607744e+02	1.698813e+03	1.080000e+01	2.520000e+01	6.637058e-01	7.000000e-01	7.000000e-01	2
2.700000e+00	27	5.297025e+02	1.551757e+03	1.080000e+01	2.520000e+01	7.455138e-01	7.000000e-01	7.000000e-01	2
2.800000e+00	28	3.939589e+02	1.325940e+03	1.080000e+01	2.520000e+01	7.709407e-01	7.000000e-01	7.000000e-01	2
2.900000e+00	29	3.774022e+02	1.152245e+03	1.080000e+01	2.520000e+01	7.532751e-01	7.000000e-01	7.000000e-01	2
3	30	3.833891e+02	1.392757e+03	1.080000e+01	2.520000e+01	7.841455e-01	7.000000e-01	7.000000e-01	2
3.100000e+00	31	5.095738e+02	1.113501e+03	1.080000e+01	2.520000e+01	6.860442e-01	7.000000e-01	7.000000e-01	2
3.200000e+00	32	2.944631e+02	1.456959e+03	1.080000e+01	2.520000e+01	8.318720e-01	7.000000e-01	7.000000e-01	2
3.300000e+00	33	1.473272e+03	8.766802e+01	2.733168e+01	8.668315e+00	5.616359e-02	2.407865e-01	2.000000e-01	1
3.400000e+00	34	9.444349e+02	6.982219e+02	2.880000e+01	7.200000e+00	4.250565e-01	2.000000e-01	2.000000e-01	1
3.500000e+00	35	1.506253e+03	2.222961e+02	2.880000e+01	7.200000e+00	1.286027e-01	2.000000e-01	2.000000e-01	1
3.600000e+00	36	1.395437e+03	5.374756e+02	2.880000e+01	7.200000e+00	2.780651e-01	2.000000e-01	2.000000e-01	1
3.700000e+00	37	1.357471e+03	4.383783e+02	2.880000e+01	7.200000e+00	2.441064e-01	2.000000e-01	2.000000e-01	1
3.800000e+00	38	1.558115e+03	5.566230e+02	2.880000e+01	7.200000e+00	2.632114e-01	2.000000e-01	2.000000e-01	1
3.900000e+00	39	1.602591e+03	5.209297e+02	2.880000e+01	7.200000e+00	2.453141e-01	2.000000e-01	2.000000e-01	1
4	40	1.270190e+03	4.100191e+02	2.880000e+01	7.200000e+00	2.440285e-01	2.000000e-01	2.000000e-01	1
4.100000e+00	41	1.178760e+03	5.718031e+02	2.880000e+01	7.200000e+00	3.266395e-01	2.000000e-01	2.000000e-01	1
4.200000e+00	42	1.186325e+03	6.060911e+02	2.880000e+01	7.200000e+00	3.381419e-01	2.000000e-01	2.000000e-01	1
4.300000e+00	43	1.712199e+03	4.329813e+02	2.880000e+01	7.200000e+00	2.018391e-01	2.000000e-01	2.000000e-01	1
4.400000e+00	44	8.925735e+02	3.097420e+02	2.880000e+01	7.200000e+00	2.576212e-01	2.000000e-01	2.000000e-01	1
4.500000e+00	45	1.944391e+03	5.221101e+02	2.880000e+01	7.200000e+00	2.116805e-01	2.000000e-01	2.000000e-01	1
4.600000e+00	46	1.685714e+03	2.498489e+02	2.880000e+01	7.200000e+00	1.290834e-01	2.000000e-01	2.000000e-01	1
4.700000e+00	47	1.298750e+03	3.843940e+02	2.880000e+01	7.200000e+00	2.283786e-01	2.000000e-01	2.000000e-01	1
4.800000e+00	48	1.186600e+03	5.370195e+02	2.880000e+01	7.200000e+00	3.115651e-01	2.000000e-01	2.000000e-01	1
4.900000e+00	49	1.724923e+03	2.859211e+02	2.880000e+01	7.200000e+00	1.421896e-01	2.000000e-01	2.000000e-01	1
5	50	1.479800e+03	2.295266e+02	2.880000e+01	7.200000e+00	1.342789e-01	2.000000e-01	2.000000e-01	1
5.100000e+00	51	1.316862e+03	3.621407e+02	2.880000e+01	7.200000e+00	2.156880e-01	2.000000e-01	2.000000e-01	1
5.200000e+00	52	1.993260e+03	2.554028e+02	2.880000e+01	7.200000e+00	1.135799e-01	2.000000e-01	2.000000e-01	1
5.300000e+00	53	1.400391e+03	3.086666e+02	2.880000e+01	7.200000e+00	1.806064e-01	2.000000e-01	2.000000e-01	1
5.400000e+00	54	1.646411e+03	2.820261e+02	2.880000e+01	7.200000e+00	1.462459e-01	2.000000e-01	2.000000e-01	1
5.500000e+00	55	1.096179e+03	2.949170e+02	2.880000e+01	7.200000e+00	2.120034e-01	2.000000e-01	2.000000e-01	1
5.600000e+00	56	1.304366e+03	3.265168e+02	2.880000e+01	7.200000e+00	2.002086e-01	2.000000e-01	2.000000e-01	1
5.700000e+00	57	1.883706e+03	5.198366e+02	2.880000e+01	7.200000e+00	2.162793e-01	2.000000e-01	2.000000e-01	1
5.800000e+00	58	1.517459e+03	4.939422e+02	2.880000e+01	7.200000e+00	2.455712e-01	2.000000e-01	2.000000e-01	1
5.900000e+00	59	1.620030e+03	6.890537e+02	2.880000e+01	7.200000e+00	2.984100e-01	2.000000e-01	2.000000e-01	1
6	60	1.768035e+03	1.833058e+02	2.880000e+01	7.200000e+00	9.393839e-02	2.000000e-01	2.000000e-01	1
6.100000e+00	61	1.579935e+03	5.289220e+02	2.880000e+01	7.200000e+00	2.508098e-01	2.000000e-01	2.000000e-01	1
6.200000e+00	62	1.317351e+03	2.664109e+02	2.880000e+01	7.200000e+00	1.682140e-01	2.000000e-01	2.000000e-01	1
6.300000e+00	63	1.251397e+03	4.965970e+02	2.880000e+01	7.200000e+00	2.840954e-01	2.000000e-01	2.000000e-01	1
6.400000e+00	64	5.613387e+02	1.659627e+02	2.880000e+01	7.200000e+00	2.281897e-01	2.000000e-01	2.000000e-01	1
6.500000e+00	65	7.426501e+02	1.097204e+03	1.555908e+01	2.044092e+01	5.963537e-01	5.678034e-01	7.000000e-01	2
6.600000e+00	66	3.113088e+02	1.189197e+03	1.080000e+01	2.520000e+01	7.925307e-01	7.000000e-01	7.000000e-01	2
6.700000e+00	67	6.267863e+02	1.176011e+03	1.080000e+01	2.520000e+01	6.523257e-01	7.000000e-01	7.000000e-01	2
6.800000e+00	68	8.141507e+02	1.955191e+03	1.080000e+01	2.520000e+01	7.060130e-01	7.000000e-01	7.000000e-01	2
6.900000e+00	69	5.276593e+02	1.309511e+03	1.080000e+01	2.520000e+01	7.127869e-01	7.000000e-01	7.000000e-01	2
7	70	7.807322e+02	1.278561e+03	1.080000e+01	2.520000e+01	6.208737e-01	7.000000e-01	7.000000e-01	2
7.100000e+00	71	6.804121e+02	9.827658e+02	1.080000e+01	2.520000e+01	5.908964e-01	7.000000e-01	7.000000e-01	2
7.200000e+00	72	5.429173e+02	1.337486e+03	1.080000e+01	2.520000e+01	7.112762e-01	7.000000e-01	7.000000e-01	2
7.300000e+00	73	6.896167e+02	1.558688e+03	1.080000e+01	2.520000e+01	6.932725e-01	7.000000e-01	7.000000e-01	2
7.400000e+00	74	8.264568e+02	1.450217e+03	1.080000e+01	2.520000e+01	6.369894e-01	7.000000e-01	7.000000e-01	2
7.500000e+00	75	4.986296e+02	1.219796e+03	1.080000e+01	2.520000e+01	7.098336e-01	7.000000e-01	7.000000e-01	2
7.600000e+00	76	5.496533e+02	1.898501e+03	1.080000e+01	2.520000e+01	7.754826e-01	7.000000e-01	7.000000e-01	2
7.700000e+00	77	1.742275e+02	1.528792e+03	1.080000e+01	2.520000e+01	8.976950e-01	7.000000e-01	7.000000e-01	2
7.800000e+00	78	7.224234e+02	1.709870e+03	1.080000e+01	2.520000e+01	7.029868e-01	7.000000e-01	7.000000e-01	2
7.900000e+00	79	6.367598e+02	1.351287e+03	1.080000e+01	2.520000e+01	6.797058e-01	7.000000e-01	7.000000e-01	2
8	80	3.635842e+02	1.104628e+03	1.080000e+01	2.520000e+01	7.523626e-01	7.000000e-01	7.000000e-01	2
8.100000e+00	81	4.197827e+02	1.218914e+03	1.080000e+01	2.520000e+01	7.438314e-01	7.000000e-01	7.000000e-01	2
8.200000e+00	82	7.702847e+02	1.503437e+03	1.080000e+01	2.520000e+01	6.612229e-01	7.000000e-01	7.000000e-01	2
8.300000e+00	83	4.863168e+02	1.218587e+03	1.080000e+01	2.520000e+01	7.147541e-01	7.000000e-01	7.000000e-01	2
8.400000e+00	84	5.314060e+02	1.328380e+03	1.080000e+01	2.520000e+01	7.142650e-01	7.000000e-01	7.000000e-01	2
8.500000e+00	85	6.349861e+02	1.113494e+03	1.080000e+01	2.520000e+01	6.368354e-01	7.000000e-01	7.000000e-01	2
8.600000e+00	86	7.250092e+02	9.834605e+02	1.735711e+01	1.864289e+01	5.756382e-01	5.178580e-01	7.000000e-01	2
8.700000e+00	87	1.355205e+03	3.900409e+02	2.880000e+01	7.200000e+00	2.234877e-01	2.000000e-01	2.000000e-01	1
8.800000e+00	88	1.589675e+03	3.100565e+02	2.880000e+01	7.200000e+00	1.632107e-01	2.000000e-01	2.000000e-01	1
8.900000e+00	89	1.635888e+03	4.981255e+02	2.880000e+01	7.200000e+00	2.334219e-01	2.000000e-01	2.000000e-01	1
9	90	1.536495e+03	5.124126e+02	2.880000e+01	7.200000e+00	2.500906e-01	2.000000e-01	2.000000e-01	1
9.100000e+00	91	1.486579e+03	3.486995e+02	2.880000e+01	7.200000e+00	1.899982e-01	2.000000e-01	2.000000e-01	1
9.200000e+00	92	1.344005e+03	1.010809e+02	2.880000e+01	7.200000e+00	6.994803e-02	2.000000e-01	2.000000e-01	1
9.300000e+00	93	1.304450e+03	4.084892e+02	2.880000e+01	7.200000e+00	2.384727e-01	2.000000e-01	2.000000e-01	1
9.400000e+00	94	1.263862e+03	8.578511e+01	2.880000e+01	7.200000e+00	6.356113e-02	2.000000e-01	2.000000e-01	1
9.500000e+00	95	1.366703e+03	2.981342e+02	2.880000e+01	7.200000e+00	1.790771e-01	2.000000e-01	2.000000e-01	1
9.600000e+00	96	1.649017e+03	3.679954e+02	2.880000e+01	7.200000e+00	1.824457e-01	2.000000e-01	2.000000e-01	1
9.700000e+00	97	1.376602e+03	4.341409e+02	2.880000e+01	7.200000e+00	2.397585e-01	2.000000e-01	2.000000e-01	1
9.800000e+00	98	1.582434e+03	2.594190e+02	2.880000e+01	7.200000e+00	1.408467e-01	2.000000e-01	2.000000e-01	1
9.900000e+00	99	1.344071e+03	2.095553e+02	2.880000e+01	7.200000e+00	1.348814e-01	2.000000e-01	2.000000e-01	1
10	100	1.403031e+03	4.566053e+02	2.880000e+01	7.200000e+00	2.455347e-01	2.000000e-01	2.000000e-01	1
1.010000e+01	101	1.579706e+03	2.161924e+02	2.880000e+01	7.200000e+00	1.203812e-01	2.000000e-01	2.000000e-01	1
1.020000e+01	102	1.345036e+03	4.434303e+02	2.880000e+01	7.200000e+00	2.479389e-01	2.000000e-01	2.000000e-01	1
1.030000e+01	103	1.503723e+03	3.501422e+02	2.880000e+01	7.200000e+00	1.888715e-01	2.000000e-01	2.000000e-01	1
1.040000e+01	104	1.059758e+03	4.801529e+02	2.880000e+01	7.200000e+00	3.118057e-01	2.000000e-01	2.000000e-01	1
1.050000e+01	105	1.837685e+03	3.879448e+02	2.880000e+01	7.200000e+00	1.743078e-01	2.000000e-01	2.000000e-01	1
1.060000e+01	106	1.174548e+03	5.737618e+02	2.880000e+01	7.200000e+00	3.281808e-01	2.000000e-01	2.000000e-01	1
1.070000e+01	107	1.839347e+03	5.522106e+02	2.880000e+01	7.200000e+00	2.309000e-01	2.000000e-01	2.000000e-01	1
1.080000e+01	108	1.716821e+03	3.558472e+02	2.880000e+01	7.200000e+00	1.716855e-01	2.000000e-01	2.000000e-01	1
1.090000e+01	109	1.534928e+03	1.768859e+02	2.880000e+01	7.200000e+00	1.033324e-01	2.000000e-01	2.000000e-01	1
11	110	1.954948e+03	5.669599e+02	2.880000e+01	7.200000e+00	2.248139e-01	2.000000e-01	2.000000e-01	1
1.110000e+01	111	1.326324e+03	4.892715e+02	2.880000e+01	7.200000e+00	2.694826e-01	2.000000e-01	2.000000e-01	1
1.120000e+01	112	1.926351e+03	6.197372e+02	2.880000e+01	7.200000e+00	2.434076e-01	2.000000e-01	2.000000e-01	1
1.130000e+01	113	2.149920e+03	4.680040e+02	2.880000e+01	7.200000e+00	1.787692e-01	2.000000e-01	2.000000e-01	1
1.140000e+01	114	1.779173e+03	4.031396e+02	2.880000e+01	7.200000e+00	1.847304e-01	2.000000e-01	2.000000e-01	1
1.150000e+01	115	1.940222e+03	4.114614e+02	2.560727e+01	1.039273e+01	1.749647e-01	2.886869e-01	2.000000e-01	1
1.160000e+01	116	6.934230e+02	1.906922e+03	1.080000e+01	2.520000e+01	7.333342e-01	7.000000e-01	7.000000e-01	3
1.170000e+01	117	4.964950e+02	1.252438e+03	1.080000e+01	2.520000e+01	7.161155e-01	7.000000e-01	7.000000e-01	3
1.180000e+01	118	6.191386e+02	1.472307e+03	1.080000e+01	2.520000e+01	7.039662e-01	7.000000e-01	7.000000e-01	3
1.190000e+01	119	5.160035e+02	1.777792e+03	1.080000e+01	2.520000e+01	7.750438e-01	7.000000e-01	7.000000e-01	3
12	120	3.794122e+02	1.367571e+03	1.080000e+01	2.520000e+01	7.828186e-01	7.000000e-01	7.000000e-01	3
1.210000e+01	121	7.766831e+02	1.907623e+03	1.080000e+01	2.520000e+01	7.106578e-01	7.000000e-01	7.000000e-01	3
1.220000e+01	122	2.398946e+02	1.432693e+03	1.080000e+01	2.520000e+01	8.565727e-01	7.000000e-01	7.000000e-01	3
1.230000e+01	123	4.813447e+02	1.007223e+03	1.080000e+01	2.520000e+01	6.766391e-01	7.000000e-01	7.000000e-01	3
1.240000e+01	124	2.965162e+02	1.664888e+03	1.080000e+01	2.520000e+01	8.488245e-01	7.000000e-01	7.000000e-01	3
1.250000e+01	125	4.348839e+02	1.651086e+03	1.080000e+01	2.520000e+01	7.915196e-01	7.000000e-01	7.000000e-01	3
1.260000e+01	126	6.231147e+02	1.236517e+03	1.080000e+01	2.520000e+01	6.649257e-01	7.000000e-01	7.000000e-01	3
1.270000e+01	127	9.045877e+02	1.503770e+03	1.080000e+01	2.520000e+01	6.243964e-01	7.000000e-01	7.000000e-01	3
1.280000e+01	128	5.711011e+02	1.148516e+03	1.080000e+01	2.520000e+01	6.678906e-01	7.000000e-01	7.000000e-01	3
1.290000e+01	129	6.815107e+02	1.392575e+03	1.080000e+01	2.520000e+01	6.714162e-01	7.000000e-01	7.000000e-01	3
13	130	6.458120e+02	1.806957e+03	1.080000e+01	2.520000e+01	7.367009e-01	7.000000e-01	7.000000e-01	3
1.310000e+01	131	7.712056e+02	1.407004e+03	1.080000e+01	2.520000e+01	6.459452e-01	7.000000e-01	7.000000e-01	3
1.320000e+01	132	9.960093e+02	1.839908e+03	1.080000e+01	2.520000e+01	6.487876e-01	7.000000e-01	7.000000e-01	3
1.330000e+01	133	5.849590e+02	6.915156e+02	1.080000e+01	2.520000e+01	5.417386e-01	7.000000e-01	7.000000e-01	3
1.340000e+01	134	5.381642e+02	1.304035e+03	1.080000e+01	2.520000e+01	7.078685e-01	7.000000e-01	7.000000e-01	3
1.350000e+01	135	5.869358e+02	1.595443e+03	1.080000e+01	2.520000e+01	7.310569e-01	7.000000e-01	7.000000e-01	3
1.360000e+01	136	7.634491e+02	1.030351e+03	1.080000e+01	2.520000e+01	5.743956e-01	7.000000e-01	7.000000e-01	3
1.370000e+01	137	3.999872e+02	1.540867e+03	1.080000e+01	2.520000e+01	7.939118e-01	7.000000e-01	7.000000e-01	3
1.380000e+01	138	6.168704e+02	1.307029e+03	1.080000e+01	2.520000e+01	6.793646e-01	7.000000e-01	7.000000e-01	3
1.390000e+01	139	5.025939e+02	1.189175e+03	1.080000e+01	2.520000e+01	7.029181e-01	7.000000e-01	7.000000e-01	3
14	140	4.124304e+02	1.461191e+03	1.080000e+01	2.520000e+01	7.798753e-01	7.000000e-01	7.000000e-01	3
1.410000e+01	141	5.592293e+02	1.601567e+03	1.080000e+01	2.520000e+01	7.411930e-01	7.000000e-01	7.000000e-01	3
1.420000e+01	142	2.646521e+02	1.548298e+03	1.080000e+01	2.520000e+01	8.540213e-01	7.000000e-01	7.000000e-01	3
1.430000e+01	143	4.628896e+02	1.302249e+03	1.080000e+01	2.520000e+01	7.377601e-01	7.000000e-01	7.000000e-01	3
1.440000e+01	144	4.887376e+02	1.022701e+03	1.080000e+01	2.520000e+01	6.766407e-01	7.000000e-01	7.000000e-01	3
1.450000e+01	145	4.760271e+02	1.317042e+03	1.080000e+01	2.520000e+01	7.345183e-01	7.000000e-01	7.000000e-01	3
1.460000e+01	146	3.930078e+02	1.789521e+03	1.080000e+01	2.520000e+01	8.199301e-01	7.000000e-01	7.000000e-01	3
1.470000e+01	147	8.201478e+02	1.344234e+03	1.080000e+01	2.520000e+01	6.210707e-01	7.000000e-01	7.000000e-01	3
1.480000e+01	148	7.888457e+02	1.439984e+03	1.080000e+01	2.520000e+01	6.460717e-01	7.000000e-01	7.000000e-01	3
1.490000e+01	149	1.032228e+03	1.128662e+03	1.080000e+01	2.520000e+01	5.223134e-01	7.000000e-01	7.000000e-01	3
15	150	2.765985e+02	1.386816e+03	1.080000e+01	2.520000e+01	8.337164e-01	7.000000e-01	7.000000e-01	3
1.510000e+01	151	4.158079e+02	1.500330e+03	1.080000e+01	2.520000e+01	7.829969e-01	7.000000e-01	7.000000e-01	3
1.520000e+01	152	3.034592e+02	1.923571e+03	1.080000e+01	2.520000e+01	8.637382e-01	7.000000e-01	7.000000e-01	3
1.530000e+01	153	7.412431e+02	8.019241e+02	1.080000e+01	2.520000e+01	5.196612e-01	7.000000e-01	7.000000e-01	3
1.540000e+01	154	4.530869e+02	1.325312e+03	1.080000e+01	2.520000e+01	7.452277e-01	7.000000e-01	7.000000e-01	3
1.550000e+01	155	4.099641e+02	1.132421e+03	1.080000e+01	2.520000e+01	7.342012e-01	7.000000e-01	7.000000e-01	3
1.560000e+01	156	7.312908e+02	1.715075e+03	1.080000e+01	2.520000e+01	7.010705e-01	7.000000e-01	7.000000e-01	3
1.570000e+01	157	6.752821e+02	1.341927e+03	1.080000e+01	2.520000e+01	6.652394e-01	7.000000e-01	7.000000e-01	3
1.580000e+01	158	3.564644e+02	1.299963e+03	1.080000e+01	2.520000e+01	7.847992e-01	7.000000e-01	7.000000e-01	3
1.590000e+01	159	6.581743e+02	1.635849e+03	1.080000e+01	2.520000e+01	7.130917e-01	7.000000e-01	7.000000e-01	3
16	160	2.561096e+02	1.730786e+03	1.080000e+01	2.520000e+01	8.711007e-01	7.000000e-01	7.000000e-01	3
1.610000e+01	161	6.132392e+02	1.055173e+03	1.080000e+01	2.520000e+01	6.324414e-01	7.000000e-01	7.000000e-01	3
1.620000e+01	162	5.107072e+02	1.462724e+03	1.080000e+01	2.520000e+01	7.412085e-01	7.000000e-01	7.000000e-01	3
1.630000e+01	163	4.095169e+02	1.559104e+03	1.080000e+01	2.520000e+01	7.919778e-01	7.000000e-01	7.000000e-01	3
1.640000e+01	164	4.049352e+02	1.949395e+03	1.080000e+01	2.520000e+01	8.280041e-01	7.000000e-01	7.000000e-01	3
1.650000e+01	165	8.121482e+02	1.696210e+03	1.080000e+01	2.520000e+01	6.762232e-01	7.000000e-01	7.000000e-01	3
1.660000e+01	166	6.234294e+02	1.344198e+03	1.080000e+01	2.520000e+01	6.831567e-01	7.000000e-01	7.000000e-01	3
1.670000e+01	167	3.717807e+02	1.420356e+03	1.080000e+01	2.520000e+01	7.925490e-01	7.000000e-01	7.000000e-01	3
1.680000e+01	168	7.450641e+02	1.745320e+03	1.080000e+01	2.520000e+01	7.008237e-01	7.000000e-01	7.000000e-01	3
1.690000e+01	169	3.405618e+02	1.324408e+03	1.080000e+01	2.520000e+01	7.954546e-01	7.000000e-01	7.000000e-01	3
17	170	6.524976e+02	1.598820e+03	1.080000e+01	2.520000e+01	7.101708e-01	7.000000e-01	7.000000e-01	3
1.710000e+01	171	5.669270e+02	1.500959e+03	1.080000e+01	2.520000e+01	7.258423e-01	7.000000e-01	7.000000e-01	3
1.720000e+01	172	5.062895e+02	1.419029e+03	1.080000e+01	2.520000e+01	7.370359e-01	7.000000e-01	7.000000e-01	3
1.730000e+01	173	7.479106e+02	1.351428e+03	1.080000e+01	2.520000e+01	6.437398e-01	7.000000e-01	7.000000e-01	3
1.740000e+01	174	8.376028e+02	1.597836e+03	1.080000e+01	2.520000e+01	6.560773e-01	7.000000e-01	7.000000e-01	3
1.750000e+01	175	3.604108e+02	1.285441e+03	1.080000e+01	2.520000e+01	7.810187e-01	7.000000e-01	7.000000e-01	3
1.760000e+01	176	4.135397e+02	1.277420e+03	1.080000e+01	2.520000e+01	7.554408e-01	7.000000e-01	7.000000e-01	3
1.770000e+01	177	8.680102e+02	1.270914e+03	1.080000e+01	2.520000e+01	5.941838e-01	7.000000e-01	7.000000e-01	3
1.780000e+01	178	3.413878e+02	1.406233e+03	1.080000e+01	2.520000e+01	8.046557e-01	7.000000e-01	7.000000e-01	3
1.790000e+01	179	6.717796e+02	1.528148e+03	1.080000e+01	2.520000e+01	6.946357e-01	7.000000e-01	7.000000e-01	3
18	180	5.095726e+02	1.987879e+03	1.080000e+01	2.520000e+01	7.959630e-01	7.000000e-01	7.000000e-01	3
1.810000e+01	181	5.862714e+02	1.345156e+03	1.080000e+01	2.520000e+01	6.964569e-01	7.000000e-01	7.000000e-01	3
1.820000e+01	182	5.902053e+02	1.580069e+03	1.080000e+01	2.520000e+01	7.280503e-01	7.000000e-01	7.000000e-01	3
1.830000e+01	183	6.701818e+02	1.593019e+03	1.080000e+01	2.520000e+01	7.038788e-01	7.000000e-01	7.000000e-01	3
1.840000e+01	184	5.896360e+02	1.621943e+03	1.080000e+01	2.520000e+01	7.333869e-01	7.000000e-01	7.000000e-01	3
1.850000e+01	185	5.898884e+02	1.616530e+03	1.080000e+01	2.520000e+01	7.326489e-01	7.000000e-01	7.000000e-01	3
1.860000e+01	186	7.100817e+02	1.298972e+03	1.080000e+01	2.520000e+01	6.465591e-01	7.000000e-01	7.000000e-01	3
1.870000e+01	187	5.104051e+02	1.488369e+03	1.080000e+01	2.520000e+01	7.446409e-01	7.000000e-01	7.000000e-01	3
1.880000e+01	188	4.272206e+02	1.577133e+03	1.080000e+01	2.520000e+01	7.868537e-01	7.000000e-01	7.000000e-01	3
1.890000e+01	189	9.032614e+02	9.766071e+02	1.080000e+01	2.520000e+01	5.195082e-01	7.000000e-01	7.000000e-01	3
19	190	1.173074e+02	1.078240e+03	1.080000e+01	2.520000e+01	9.018797e-01	7.000000e-01	7.000000e-01	3
1.910000e+01	191	8.026303e+02	1.567379e+03	1.080000e+01	2.520000e+01	6.613387e-01	7.000000e-01	7.000000e-01	3
1.920000e+01	192	9.491291e+02	1.924589e+03	1.080000e+01	2.520000e+01	6.697209e-01	7.000000e-01	7.000000e-01	3
1.930000e+01	193	7.581680e+02	1.575580e+03	1.080000e+01	2.520000e+01	6.751287e-01	7.000000e-01	7.000000e-01	3
1.940000e+01	194	6.415138e+02	1.423573e+03	1.080000e+01	2.520000e+01	6.893526e-01	7.000000e-01	7.000000e-01	3
1.950000e+01	195	7.203058e+02	1.137575e+03	1.080000e+01	2.520000e+01	6.122970e-01	7.000000e-01	7.000000e-01	3
1.960000e+01	196	1.573671e+02	1.106095e+03	1.080000e+01	2.520000e+01	8.754478e-01	7.000000e-01	7.000000e-01	3
1.970000e+01	197	4.663223e+02	1.469012e+03	1.080000e+01	2.520000e+01	7.590482e-01	7.000000e-01	7.000000e-01	3
1.980000e+01	198	4.562350e+02	8.625033e+02	1.080000e+01	2.520000e+01	6.540368e-01	7.000000e-01	7.000000e-01	3
1.990000e+01	199	4.654006e+02	1.582575e+03	1.080000e+01	2.520000e+01	7.727509e-01	7.000000e-01	7.000000e-01	3
20	200	5.898751e+02	1.490258e+03	1.080000e+01	2.520000e+01	7.164243e-01	7.000000e-01	7.000000e-01	3
2.010000e+01	201	6.954814e+02	1.387495e+03	1.080000e+01	2.520000e+01	6.661118e-01	7.000000e-01	7.000000e-01	3
2.020000e+01	202	6.087629e+02	1.588018e+03	1.080000e+01	2.520000e+01	7.228841e-01	7.000000e-01	7.000000e-01	3
2.030000e+01	203	5.197367e+02	1.261378e+03	1.080000e+01	2.520000e+01	7.081958e-01	7.000000e-01	7.000000e-01	3
2.040000e+01	204	5.936910e+02	1.765201e+03	1.080000e+01	2.520000e+01	7.483179e-01	7.000000e-01	7.000000e-01	3
2.050000e+01	205	5.151596e+02	1.421709e+03	1.080000e+01	2.520000e+01	7.340245e-01	7.000000e-01	7.000000e-01	3
2.060000e+01	206	4.349491e+02	1.699117e+03	1.080000e+01	2.520000e+01	7.961876e-01	7.000000e-01	7.000000e-01	3
2.070000e+01	207	8.428941e+02	1.276273e+03	1.080000e+01	2.520000e+01	6.022523e-01	7.000000e-01	7.000000e-01	3
2.080000e+01	208	4.341107e+02	8.366447e+02	1.080000e+01	2.520000e+01	6.583838e-01	7.000000e-01	7.000000e-01	3
2.090000e+01	209	5.139533e+02	1.761155e+03	1.080000e+01	2.520000e+01	7.740973e-01	7.000000e-01	7.000000e-01	3
21	210	7.764397e+02	1.644046e+03	1.080000e+01	2.520000e+01	6.792215e-01	7.000000e-01	7.000000e-01	3
2.110000e+01	211	5.504824e+02	1.645569e+03	1.080000e+01	2.520000e+01	7.493308e-01	7.000000e-01	7.000000e-01	3
2.120000e+01	212	8.653249e+02	1.607352e+03	1.080000e+01	2.520000e+01	6.500453e-01	7.000000e-01	7.000000e-01	3
2.130000e+01	213	1.632057e+02	1.441328e+03	1.080000e+01	2.520000e+01	8.982846e-01	7.000000e-01	7.000000e-01	3
2.140000e+01	214	1.019229e+03	1.412737e+03	1.080000e+01	2.520000e+01	5.809033e-01	7.000000e-01	7.000000e-01	3
2.150000e+01	215	6.127258e+02	1.428029e+03	1.080000e+01	2.520000e+01	6.997553e-01	7.000000e-01	7.000000e-01	3
2.160000e+01	216	5.677652e+02	1.330053e+03	1.080000e+01	2.520000e+01	7.008327e-01	7.000000e-01	7.000000e-01	3
2.170000e+01	217	5.375408e+02	1.308579e+03	1.080000e+01	2.520000e+01	7.088268e-01	7.000000e-01	7.000000e-01	3
2.180000e+01	218	3.545528e+02	1.313110e+03	1.080000e+01	2.520000e+01	7.873954e-01	7.000000e-01	7.000000e-01	3
2.190000e+01	219	6.133565e+02	1.312766e+03	1.080000e+01	2.520000e+01	6.815589e-01	7.000000e-01	7.000000e-01	3
22	220	2.086381e+02	1.259809e+03	1.080000e+01	2.520000e+01	8.579192e-01	7.000000e-01	7.000000e-01	3
2.210000e+01	221	4.744511e+02	1.180219e+03	1.080000e+01	2.520000e+01	7.132654e-01	7.000000e-01	7.000000e-01	3
2.220000e+01	222	4.981464e+02	1.440598e+03	1.080000e+01	2.520000e+01	7.430572e-01	7.000000e-01	7.000000e-01	3
2.230000e+01	223	7.319620e+02	1.644926e+03	1.080000e+01	2.520000e+01	6.920502e-01	7.000000e-01	7.000000e-01	3
2.240000e+01	224	5.460795e+02	1.097258e+03	1.080000e+01	2.520000e+01	6.677010e-01	7.000000e-01	7.000000e-01	3
2.250000e+01	225	2.654028e+02	1.255071e+03	1.080000e+01	2.520000e+01	8.254472e-01	7.000000e-01	7.000000e-01	3
2.260000e+01	226	5.812141e+02	1.208232e+03	1.080000e+01	2.520000e+01	6.751989e-01	7.000000e-01	7.000000e-01	3
2.270000e+01	227	9.423619e+02	8.645680e+02	1.080000e+01	2.520000e+01	4.784735e-01	7.000000e-01	7.000000e-01	3
2.280000e+01	228	8.991260e+02	1.605295e+03	1.080000e+01	2.520000e+01	6.409845e-01	7.000000e-01	7.000000e-01	3
2.290000e+01	229	5.670598e+02	1.611421e+03	1.080000e+01	2.520000e+01	7.396994e-01	7.000000e-01	7.000000e-01	3
23	230	4.851250e+02	1.784844e+03	1.080000e+01	2.520000e+01	7.862856e-01	7.000000e-01	7.000000e-01	3
2.310000e+01	231	6.610411e+02	1.512600e+03	1.080000e+01	2.520000e+01	6.958830e-01	7.000000e-01	7.000000e-01	3
2.320000e+01	232	4.833199e+02	1.006294e+03	1.080000e+01	2.520000e+01	6.755401e-01	7.000000e-01	7.000000e-01	3
2.330000e+01	233	6.633415e+02	1.755108e+03	1.080000e+01	2.520000e+01	7.257162e-01	7.000000e-01	7.000000e-01	3
2.340000e+01	234	4.053169e+02	1.218678e+03	1.080000e+01	2.520000e+01	7.504199e-01	7.000000e-01	7.000000e-01	3
2.350000e+01	235	5.732091e+02	1.560251e+03	1.080000e+01	2.520000e+01	7.313243e-01	7.000000e-01	7.000000e-01	3
2.360000e+01	236	5.011944e+02	1.558016e+03	1.080000e+01	2.520000e+01	7.566085e-01	7.000000e-01	7.000000e-01	3
2.370000e+01	237	9.051465e+02	1.495281e+03	1.080000e+01	2.520000e+01	6.229228e-01	7.000000e-01	7.000000e-01	3
2.380000e+01	238	3.546873e+02	1.591037e+03	1.080000e+01	2.520000e+01	8.177094e-01	7.000000e-01	7.000000e-01	3
2.390000e+01	239	2.636196e+02	1.608175e+03	1.080000e+01	2.520000e+01	8.591621e-01	7.000000e-01	7.000000e-01	3
24	240	4.663767e+02	1.900477e+03	1.080000e+01	2.520000e+01	8.029550e-01	7.000000e-01	7.000000e-01	3
2.410000e+01	241	7.482557e+02	1.376580e+03	1.080000e+01	2.520000e+01	6.478525e-01	7.000000e-01	7.000000e-01	3
2.420000e+01	242	7.795194e+02	1.557647e+03	1.080000e+01	2.520000e+01	6.664682e-01	7.000000e-01	7.000000e-01	3
2.430000e+01	243	7.331673e+02	1.139582e+03	1.080000e+01	2.520000e+01	6.085076e-01	7.000000e-01	7.000000e-01	3
2.440000e+01	244	5.806710e+02	1.258439e+03	1.080000e+01	2.520000e+01	6.842652e-01	7.000000e-01	7.000000e-01	3
2.450000e+01	245	6.826255e+02	1.426482e+03	1.080000e+01	2.520000e+01	6.763440e-01	7.000000e-01	7.000000e-01	3
2.460000e+01	246	5.185563e+02	1.215399e+03	1.080000e+01	2.520000e+01	7.009402e-01	7.000000e-01	7.000000e-01	3
2.470000e+01	247	7.093779e+02	1.485902e+03	1.080000e+01	2.520000e+01	6.768622e-01	7.000000e-01	7.000000e-01	3
2.480000e+01	248	2.379480e+02	1.437269e+03	1.080000e+01	2.520000e+01	8.579599e-01	7.000000e-01	7.000000e-01	3
2.490000e+01	249	7.089865e+02	9.808983e+02	1.080000e+01	2.520000e+01	5.804527e-01	7.000000e-01	7.000000e-01	3
25	250	6.289336e+02	1.593050e+03	1.080000e+01	2.520000e+01	7.169495e-01	7.000000e-01	7.000000e-01	3
2.510000e+01	251	5.706156e+02	1.389765e+03	1.080000e+01	2.520000e+01	7.089261e-01	7.000000e-01	7.000000e-01	3
2.520000e+01	252	5.649406e+02	1.080913e+03	1.080000e+01	2.520000e+01	6.567492e-01	7.000000e-01	7.000000e-01	3
2.530000e+01	253	9.861212e+02	1.274363e+03	1.080000e+01	2.520000e+01	5.637566e-01	7.000000e-01	7.000000e-01	3
2.540000e+01	254	9.657535e+02	1.202375e+03	1.080000e+01	2.520000e+01	5.545682e-01	7.000000e-01	7.000000e-01	3
2.550000e+01	255	3.297266e+02	1.296159e+03	1.080000e+01	2.520000e+01	7.972018e-01	7.000000e-01	7.000000e-01	3
2.560000e+01	256	4.893545e+02	1.222818e+03	1.080000e+01	2.520000e+01	7.141909e-01	7.000000e-01	7.000000e-01	3
2.570000e+01	257	5.276435e+02	1.236088e+03	1.080000e+01	2.520000e+01	7.008369e-01	7.000000e-01	7.000000e-01	3
2.580000e+01	258	2.863924e+02	8.648167e+02	1.080000e+01	2.520000e+01	7.512247e-01	7.000000e-01	7.000000e-01	3
2.590000e+01	259	7.570704e+02	1.153291e+03	1.080000e+01	2.520000e+01	6.037030e-01	7.000000e-01	7.000000e-01	3
26	260	5.896055e+02	1.416269e+03	1.080000e+01	2.520000e+01	7.060606e-01	7.000000e-01	7.000000e-01	3
2.610000e+01	261	6.880106e+02	9.151520e+02	1.080000e+01	2.520000e+01	5.708417e-01	7.000000e-01	7.000000e-01	3
2.620000e+01	262	5.165735e+02	1.370829e+03	1.080000e+01	2.520000e+01	7.263045e-01	7.000000e-01	7.000000e-01	3
2.630000e+01	263	6.217792e+02	1.432679e+03	1.080000e+01	2.520000e+01	6.973513e-01	7.000000e-01	7.000000e-01	3
2.640000e+01	264	6.284447e+02	1.627518e+03	1.080000e+01	2.520000e+01	7.214295e-01	7.000000e-01	7.000000e-01	3
2.650000e+01	265	6.108252e+02	1.453462e+03	1.080000e+01	2.520000e+01	7.040988e-01	7.000000e-01	7.000000e-01	3
2.660000e+01	266	4.314273e+02	1.398040e+03	1.080000e+01	2.520000e+01	7.641788e-01	7.000000e-01	7.000000e-01	3
2.670000e+01	267	4.267556e+02	9.456998e+02	1.080000e+01	2.520000e+01	6.890569e-01	7.000000e-01	7.000000e-01	3
2.680000e+01	268	6.294940e+02	9.447845e+02	1.080000e+01	2.520000e+01	6.001381e-01	7.000000e-01	7.000000e-01	3
2.690000e+01	269	4.940298e+02	1.064794e+03	1.080000e+01	2.520000e+01	6.830753e-01	7.000000e-01	7.000000e-01	3
27	270	5.791618e+02	7.745616e+02	1.080000e+01	2.520000e+01	5.721712e-01	7.000000e-01	7.000000e-01	3
2.710000e+01	271	4.951742e+02	1.299621e+03	1.080000e+01	2.520000e+01	7.241055e-01	7.000000e-01	7.000000e-01	3
2.720000e+01	272	6.505381e+02	1.697949e+03	1.080000e+01	2.520000e+01	7.229969e-01	7.000000e-01	7.000000e-01	3
2.730000e+01	273	7.234933e+02	1.169337e+03	1.080000e+01	2.520000e+01	6.177718e-01	7.000000e-01	7.000000e-01	3
2.740000e+01	274	6.255759e+02	1.256250e+03	1.080000e+01	2.520000e+01	6.675697e-01	7.000000e-01	7.000000e-01	3
2.750000e+01	275	6.740861e+02	1.495562e+03	1.080000e+01	2.520000e+01	6.893109e-01	7.000000e-01	7.000000e-01	3
2.760000e+01	276	4.803908e+02	1.895298e+03	1.080000e+01	2.520000e+01	7.977888e-01	7.000000e-01	7.000000e-01	3
2.770000e+01	277	5.798917e+02	1.257852e+03	1.080000e+01	2.520000e+01	6.844544e-01	7.000000e-01	7.000000e-01	3
2.780000e+01	278	6.330881e+02	1.642256e+03	1.080000e+01	2.520000e+01	7.217616e-01	7.000000e-01	7.000000e-01	3
2.790000e+01	279	6.438935e+02	1.323769e+03	1.080000e+01	2.520000e+01	6.727622e-01	7.000000e-01	7.000000e-01	3
28	280	8.519597e+02	1.672170e+03	1.080000e+01	2.520000e+01	6.624739e-01	7.000000e-01	7.000000e-01	3
2.810000e+01	281	7.479218e+02	1.075372e+03	1.080000e+01	2.520000e+01	5.897964e-01	7.000000e-01	7.000000e-01	3
2.820000e+01	282	5.705569e+02	1.443102e+03	1.080000e+01	2.520000e+01	7.166567e-01	7.000000e-01	7.000000e-01	3
2.830000e+01	283	5.855014e+02	1.188371e+03	1.080000e+01	2.520000e+01	6.699304e-01	7.000000e-01	7.000000e-01	3
2.840000e+01	284	3.336612e+02	1.282325e+03	1.080000e+01	2.520000e+01	7.935247e-01	7.000000e-01	7.000000e-01	3
2.850000e+01	285	4.556731e+02	1.384124e+03	1.080000e+01	2.520000e+01	7.523242e-01	7.000000e-01	7.000000e-01	3
2.860000e+01	286	4.770038e+02	1.166391e+03	1.080000e+01	2.520000e+01	7.097449e-01	7.000000e-01	7.000000e-01	3
2.870000e+01	287	5.724931e+02	9.994505e+02	1.080000e+01	2.520000e+01	6.358056e-01	7.000000e-01	7.000000e-01	3
2.880000e+01	288	7.396765e+02	1.916546e+03	1.080000e+01	2.520000e+01	7.215307e-01	7.000000e-01	7.000000e-01	3
2.890000e+01	289	5.615698e+02	1.893505e+03	1.080000e+01	2.520000e+01	7.712616e-01	7.000000e-01	7.000000e-01	3
29	290	4.956649e+02	1.143559e+03	1.080000e+01	2.520000e+01	6.976223e-01	7.000000e-01	7.000000e-01	3
2.910000e+01	291	6.141366e+02	1.221031e+03	1.080000e+01	2.520000e+01	6.653512e-01	7.000000e-01	7.000000e-01	3
2.920000e+01	292	5.179214e+02	1.630393e+03	1.080000e+01	2.520000e+01	7.589174e-01	7.000000e-01	7.000000e-01	3
2.930000e+01	293	6.040969e+02	1.016048e+03	1.080000e+01	2.520000e+01	6.271339e-01	7.000000e-01	7.000000e-01	3
2.940000e+01	294	5.195280e+02	1.588599e+03	1.080000e+01	2.520000e+01	7.535594e-01	7.000000e-01	7.000000e-01	3
2.950000e+01	295	6.144587e+02	1.378399e+03	1.080000e+01	2.520000e+01	6.916695e-01	7.000000e-01	7.000000e-01	3
2.960000e+01	296	7.273278e+02	1.457259e+03	1.080000e+01	2.520000e+01	6.670640e-01	7.000000e-01	7.000000e-01	3
2.970000e+01	297	7.586933e+02	1.286484e+03	1.080000e+01	2.520000e+01	6.290330e-01	7.000000e-01	7.000000e-01	3
2.980000e+01	298	7.448904e+02	1.028334e+03	1.080000e+01	2.520000e+01	5.799232e-01	7.000000e-01	7.000000e-01	3
2.990000e+01	299	6.738591e+02	1.190505e+03	1.080000e+01	2.520000e+01	6.385582e-01	7.000000e-01	7.000000e-01	3
30	300	5.177544e+02	1.314348e+03	1.080000e+01	2.520000e+01	7.173988e-01	7.000000e-01	7.000000e-01	3
3.010000e+01	301	6.578336e+02	1.441411e+03	1.080000e+01	2.520000e+01	6.866331e-01	7.000000e-01	7.000000e-01	3
3.020000e+01	302	8.296552e+02	1.318736e+03	1.080000e+01	2.520000e+01	6.138249e-01	7.000000e-01	7.000000e-01	3
3.030000e+01	303	3.662569e+02	1.192186e+03	1.080000e+01	2.520000e+01	7.649854e-01	7.000000e-01	7.000000e-01	3
3.040000e+01	304	5.241973e+02	1.328416e+03	1.080000e+01	2.520000e+01	7.170498e-01	7.000000e-01	7.000000e-01	3
3.050000e+01	305	6.360507e+02	1.337116e+03	1.080000e+01	2.520000e+01	6.776498e-01	7.000000e-01	7.000000e-01	3
3.060000e+01	306	4.981823e+02	1.122795e+03	1.080000e+01	2.520000e+01	6.926655e-01	7.000000e-01	7.000000e-01	3
3.070000e+01	307	5.034351e+02	1.451146e+03	1.080000e+01	2.520000e+01	7.424332e-01	7.000000e-01	7.000000e-01	3
3.080000e+01	308	1.029889e+03	1.300733e+03	1.080000e+01	2.520000e+01	5.581054e-01	7.000000e-01	7.000000e-01	3
3.090000e+01	309	8.676340e+02	1.278518e+03	1.080000e+01	2.520000e+01	5.957258e-01	7.000000e-01	7.000000e-01	3
31	310	5.275328e+02	1.680843e+03	1.080000e+01	2.520000e+01	7.611218e-01	7.000000e-01	7.000000e-01	3
3.110000e+01	311	6.737325e+02	1.204111e+03	1.080000e+01	2.520000e+01	6.412202e-01	7.000000e-01	7.000000e-01	3
3.120000e+01	312	8.390071e+02	1.166352e+03	1.080000e+01	2.520000e+01	5.816176e-01	7.000000e-01	7.000000e-01	3
3.130000e+01	313	7.232519e+02	1.379851e+03	1.080000e+01	2.520000e+01	6.561025e-01	7.000000e-01	7.000000e-01	3
3.140000e+01	314	4.183397e+02	9.663373e+02	1.080000e+01	2.520000e+01	6.978792e-01	7.000000e-01	7.000000e-01	3
3.150000e+01	315	4.438289e+02	1.383887e+03	1.080000e+01	2.520000e+01	7.571675e-01	7.000000e-01	7.000000e-01	3
3.160000e+01	316	6.764982e+02	1.452316e+03	1.080000e+01	2.520000e+01	6.822182e-01	7.000000e-01	7.000000e-01	3
3.170000e+01	317	3.793714e+02	1.214084e+03	1.080000e+01	2.520000e+01	7.619190e-01	7.000000e-01	7.000000e-01	3
3.180000e+01	318	7.777462e+02	9.330401e+02	1.080000e+01	2.520000e+01	5.453867e-01	7.000000e-01	7.000000e-01	3
3.190000e+01	319	5.177849e+02	1.800970e+03	1.080000e+01	2.520000e+01	7.766970e-01	7.000000e-01	7.000000e-01	3
32	320	4.294657e+02	1.917620e+03	1.080000e+01	2.520000e+01	8.170217e-01	7.000000e-01	7.000000e-01	3
3.210000e+01	321	5.505769e+02	1.388799e+03	1.080000e+01	2.520000e+01	7.161061e-01	7.000000e-01	7.000000e-01	3
3.220000e+01	322	6.506832e+02	1.039911e+03	1.080000e+01	2.520000e+01	6.151157e-01	7.000000e-01	7.000000e-01	3
3.230000e+01	323	4.798993e+02	9.322508e+02	1.080000e+01	2.520000e+01	6.601641e-01	7.000000e-01	7.000000e-01	3
3.240000e+01	324	6.908493e+02	2.036707e+03	1.080000e+01	2.520000e+01	7.467149e-01	7.000000e-01	7.000000e-01	3
3.250000e+01	325	7.758364e+02	1.329204e+03	1.080000e+01	2.520000e+01	6.314387e-01	7.000000e-01	7.000000e-01	3
3.260000e+01	326	4.981575e+02	6.217003e+02	1.080000e+01	2.520000e+01	5.551600e-01	7.000000e-01	7.000000e-01	3
3.270000e+01	327	4.034249e+02	1.836049e+03	1.080000e+01	2.520000e+01	8.198573e-01	7.000000e-01	7.000000e-01	3
3.280000e+01	328	7.177390e+02	1.374272e+03	1.080000e+01	2.520000e+01	6.569143e-01	7.000000e-01	7.000000e-01	3
3.290000e+01	329	4.278545e+02	1.415071e+03	1.080000e+01	2.520000e+01	7.678395e-01	7.000000e-01	7.000000e-01	3
33	330	6.152217e+02	1.437315e+03	1.080000e+01	2.520000e+01	7.002628e-01	7.000000e-01	7.000000e-01	3
3.310000e+01	331	4.740001e+02	1.828499e+03	1.080000e+01	2.520000e+01	7.941367e-01	7.000000e-01	7.000000e-01	3
3.320000e+01	332	6.863234e+02	1.368224e+03	1.080000e+01	2.520000e+01	6.659492e-01	7.000000e-01	7.000000e-01	3
3.330000e+01	333	4.042003e+02	7.470661e+02	1.080000e+01	2.520000e+01	6.489081e-01	7.000000e-01	7.000000e-01	3
3.340000e+01	334	3.737154e+02	1.401812e+03	1.080000e+01	2.520000e+01	7.895187e-01	7.000000e-01	7.000000e-01	3
3.350000e+01	335	6.105371e+02	1.048892e+03	1.080000e+01	2.520000e+01	6.320800e-01	7.000000e-01	7.000000e-01	3
3.360000e+01	336	5.091401e+02	1.275299e+03	1.080000e+01	2.520000e+01	7.146778e-01	7.000000e-01	7.000000e-01	3
3.370000e+01	337	6.633882e+02	1.506682e+03	1.080000e+01	2.520000e+01	6.943010e-01	7.000000e-01	7.000000e-01	3
3.380000e+01	338	6.288468e+02	1.201988e+03	1.080000e+01	2.520000e+01	6.565245e-01	7.000000e-01	7.000000e-01	3
3.390000e+01	339	3.491053e+02	1.658237e+03	1.080000e+01	2.520000e+01	8.260858e-01	7.000000e-01	7.000000e-01	3
34	340	2.224569e+02	1.500929e+03	1.080000e+01	2.520000e+01	8.709187e-01	7.000000e-01	7.000000e-01	3
3.410000e+01	341	4.788361e+02	1.329257e+03	1.080000e+01	2.520000e+01	7.351707e-01	7.000000e-01	7.000000e-01	3
3.420000e+01	342	9.196660e+02	1.942220e+03	1.080000e+01	2.520000e+01	6.786504e-01	7.000000e-01	7.000000e-01	3
3.430000e+01	343	7.253798e+02	1.772985e+03	1.080000e+01	2.520000e+01	7.096581e-01	7.000000e-01	7.000000e-01	3
3.440000e+01	344	4.374260e+02	1.306596e+03	1.080000e+01	2.520000e+01	7.491855e-01	7.000000e-01	7.000000e-01	3
3.450000e+01	345	6.869690e+02	1.253403e+03	1.080000e+01	2.520000e+01	6.459601e-01	7.000000e-01	7.000000e-01	3
3.460000e+01	346	3.960215e+02	1.243549e+03	1.080000e+01	2.520000e+01	7.584602e-01	7.000000e-01	7.000000e-01	3
3.470000e+01	347	6.105129e+02	1.465667e+03	1.080000e+01	2.520000e+01	7.059442e-01	7.000000e-01	7.000000e-01	3
3.480000e+01	348	8.271261e+02	1.520656e+03	1.080000e+01	2.520000e+01	6.476989e-01	7.000000e-01	7.000000e-01	3
3.490000e+01	349	1.199629e+02	1.439924e+03	1.080000e+01	2.520000e+01	9.230952e-01	7.000000e-01	7.000000e-01	3
35	350	4.202397e+02	1.108217e+03	1.080000e+01	2.520000e+01	7.250562e-01	7.000000e-01	7.000000e-01	3
3.510000e+01	351	7.528921e+02	8.606269e+02	1.080000e+01	2.520000e+01	5.333850e-01	7.000000e-01	7.000000e-01	3
3.520000e+01	352	4.740434e+02	1.474730e+03	1.080000e+01	2.520000e+01	7.567478e-01	7.000000e-01	7.000000e-01	3
3.530000e+01	353	5.571486e+02	1.499952e+03	1.080000e+01	2.520000e+01	7.291583e-01	7.000000e-01	7.000000e-01	3
3.540000e+01	354	5.043374e+02	1.299413e+03	1.080000e+01	2.520000e+01	7.203952e-01	7.000000e-01	7.000000e-01	3
3.550000e+01	355	5.257971e+02	1.501789e+03	1.080000e+01	2.520000e+01	7.406783e-01	7.000000e-01	7.000000e-01	3
3.560000e+01	356	8.076884e+02	1.008236e+03	1.080000e+01	2.520000e+01	5.552191e-01	7.000000e-01	7.000000e-01	3
3.570000e+01	357	4.526999e+02	8.801706e+02	1.080000e+01	2.520000e+01	6.603571e-01	7.000000e-01	7.000000e-01	3
3.580000e+01	358	4.455033e+02	1.004807e+03	1.080000e+01	2.520000e+01	6.928220e-01	7.000000e-01	7.000000e-01	3
3.590000e+01	359	3.064779e+02	1.533542e+03	1.080000e+01	2.520000e+01	8.334377e-01	7.000000e-01	7.000000e-01	3
36	360	5.187281e+02	1.541617e+03	1.080000e+01	2.520000e+01	7.482324e-01	7.000000e-01	7.000000e-01	3
3.610000e+01	361	1.049272e+03	1.438304e+03	1.080000e+01	2.520000e+01	5.781949e-01	7.000000e-01	7.000000e-01	3
3.620000e+01	362	5.105645e+02	1.220235e+03	1.080000e+01	2.520000e+01	7.050123e-01	7.000000e-01	7.000000e-01	3
3.630000e+01	363	7.172059e+02	1.721820e+03	1.080000e+01	2.520000e+01	7.059458e-01	7.000000e-01	7.000000e-01	3
3.640000e+01	364	1.075830e+03	1.482217e+03	1.080000e+01	2.520000e+01	5.794330e-01	7.000000e-01	7.000000e-01	3
3.650000e+01	365	6.252018e+02	1.668447e+03	1.080000e+01	2.520000e+01	7.274204e-01	7.000000e-01	7.000000e-01	3
3.660000e+01	366	3.466462e+02	1.248460e+03	1.080000e+01	2.520000e+01	7.826814e-01	7.000000e-01	7.000000e-01	3
3.670000e+01	367	3.270466e+02	1.786365e+03	1.080000e+01	2.520000e+01	8.452518e-01	7.000000e-01	7.000000e-01	3
3.680000e+01	368	9.154039e+02	1.295183e+03	1.080000e+01	2.520000e+01	5.859001e-01	7.000000e-01	7.000000e-01	3
3.690000e+01	369	4.510099e+02	1.428614e+03	1.080000e+01	2.520000e+01	7.600532e-01	7.000000e-01	7.000000e-01	3
37	370	6.178528e+02	1.388737e+03	1.080000e+01	2.520000e+01	6.920881e-01	7.000000e-01	7.000000e-01	3
3.710000e+01	371	5.237317e+02	9.610618e+02	1.080000e+01	2.520000e+01	6.472697e-01	7.000000e-01	7.000000e-01	3
3.720000e+01	372	2.829671e+02	1.148309e+03	1.080000e+01	2.520000e+01	8.022973e-01	7.000000e-01	7.000000e-01	3
3.730000e+01	373	7.468330e+02	1.305953e+03	1.080000e+01	2.520000e+01	6.361857e-01	7.000000e-01	7.000000e-01	3
3.740000e+01	374	4.406463e+02	1.485838e+03	1.080000e+01	2.520000e+01	7.712692e-01	7.000000e-01	7.000000e-01	3
3.750000e+01	375	4.614648e+02	1.833476e+03	1.080000e+01	2.520000e+01	7.989208e-01	7.000000e-01	7.000000e-01	3
3.760000e+01	376	3.593054e+02	1.718752e+03	1.080000e+01	2.520000e+01	8.270955e-01	7.000000e-01	7.000000e-01	3
3.770000e+01	377	3.911030e+02	1.234736e+03	1.080000e+01	2.520000e+01	7.594454e-01	7.000000e-01	7.000000e-01	3
3.780000e+01	378	3.824495e+02	1.942530e+03	1.080000e+01	2.520000e+01	8.355041e-01	7.000000e-01	7.000000e-01	3
3.790000e+01	379	7.267474e+02	1.487326e+03	1.080000e+01	2.520000e+01	6.717600e-01	7.000000e-01	7.000000e-01	3
38	380	8.378633e+02	1.169244e+03	1.080000e+01	2.520000e+01	5.825517e-01	7.000000e-01	7.000000e-01	3
3.810000e+01	381	5.498739e+02	1.686176e+03	1.080000e+01	2.520000e+01	7.540870e-01	7.000000e-01	7.000000e-01	3
3.820000e+01	382	3.213722e+02	1.251040e+03	1.080000e+01	2.520000e+01	7.956183e-01	7.000000e-01	7.000000e-01	3
3.830000e+01	383	8.250747e+02	1.443822e+03	1.080000e+01	2.520000e+01	6.363543e-01	7.000000e-01	7.000000e-01	3
3.840000e+01	384	5.562687e+02	1.309166e+03	1.080000e+01	2.520000e+01	7.018021e-01	7.000000e-01	7.000000e-01	3
3.850000e+01	385	7.959363e+02	1.609026e+03	1.080000e+01	2.520000e+01	6.690441e-01	7.000000e-01	7.000000e-01	3
3.860000e+01	386	1.379012e+02	1.633391e+03	1.080000e+01	2.520000e+01	9.221466e-01	7.000000e-01	7.000000e-01	3
3.870000e+01	387	9.893924e+02	9.421488e+02	1.080000e+01	2.520000e+01	4.877705e-01	7.000000e-01	7.000000e-01	3
3.880000e+01	388	4.721901e+02	1.474507e+03	1.080000e+01	2.520000e+01	7.574405e-01	7.000000e-01	7.000000e-01	3
3.890000e+01	389	7.666512e+02	1.376172e+03	1.080000e+01	2.520000e+01	6.422237e-01	7.000000e-01	7.000000e-01	3
39	390	9.355504e+02	1.492816e+03	1.080000e+01	2.520000e+01	6.147409e-01	7.000000e-01	7.000000e-01	3
3.910000e+01	391	3.459943e+02	1.336220e+03	1.080000e+01	2.520000e+01	7.943221e-01	7.000000e-01	7.000000e-01	3
3.920000e+01	392	5.416282e+02	1.275878e+03	1.080000e+01	2.520000e+01	7.019937e-01	7.000000e-01	7.000000e-01	3
3.930000e+01	393	3.430459e+02	1.230729e+03	1.080000e+01	2.520000e+01	7.820236e-01	7.000000e-01	7.000000e-01	3
3.940000e+01	394	4.267927e+02	1.329422e+03	1.080000e+01	2.520000e+01	7.569815e-01	7.000000e-01	7.000000e-01	3
3.950000e+01	395	7.081533e+02	1.253484e+03	1.080000e+01	2.520000e+01	6.389989e-01	7.000000e-01	7.000000e-01	3
3.960000e+01	396	5.981275e+02	7.700662e+02	1.080000e+01	2.520000e+01	5.628342e-01	7.000000e-01	7.000000e-01	3
3.970000e+01	397	5.661827e+02	1.527872e+03	1.080000e+01	2.520000e+01	7.296237e-01	7.000000e-01	7.000000e-01	3
3.980000e+01	398	6.056404e+02	1.617777e+03	1.080000e+01	2.520000e+01	7.276083e-01	7.000000e-01	7.000000e-01	3
3.990000e+01	399	5.714547e+02	1.127425e+03	1.080000e+01	2.520000e+01	6.636286e-01	7.000000e-01	7.000000e-01	3
40	400	3.619137e+02	1.887981e+03	1.080000e+01	2.520000e+01	8.391419e-01	7.000000e-01	7.000000e-01	3
4.010000e+01	401	6.710091e+02	1.230912e+03	1.080000e+01	2.520000e+01	6.471940e-01	7.000000e-01	7.000000e-01	3
4.020000e+01	402	5.542717e+02	8.537151e+02	1.080000e+01	2.520000e+01	6.063374e-01	7.000000e-01	7.000000e-01	3
4.030000e+01	403	6.180746e+02	1.545955e+03	1.080000e+01	2.520000e+01	7.143872e-01	7.000000e-01	7.000000e-01	3
4.040000e+01	404	3.304912e+02	1.657851e+03	1.080000e+01	2.520000e+01	8.337856e-01	7.000000e-01	7.000000e-01	3
4.050000e+01	405	7.477928e+02	1.282246e+03	1.080000e+01	2.520000e+01	6.316363e-01	7.000000e-01	7.000000e-01	3
4.060000e+01	406	7.287484e+02	1.587303e+03	1.080000e+01	2.520000e+01	6.853487e-01	7.000000e-01	7.000000e-01	3
4.070000e+01	407	6.138704e+02	1.291972e+03	1.080000e+01	2.520000e+01	6.779007e-01	7.000000e-01	7.000000e-01	3
4.080000e+01	408	5.013442e+02	1.116593e+03	1.080000e+01	2.520000e+01	6.901337e-01	7.000000e-01	7.000000e-01	3
4.090000e+01	409	6.834953e+02	9.854030e+02	1.080000e+01	2.520000e+01	5.904512e-01	7.000000e-01	7.000000e-01	3
41	410	7.663188e+02	1.095243e+03	1.080000e+01	2.520000e+01	5.883463e-01	7.000000e-01	7.000000e-01	3
4.110000e+01	411	7.509692e+02	1.801478e+03	1.080000e+01	2.520000e+01	7.057846e-01	7.000000e-01	7.000000e-01	3
4.120000e+01	412	3.136184e+02	1.524763e+03	1.080000e+01	2.520000e+01	8.294051e-01	7.000000e-01	7.000000e-01	3
4.130000e+01	413	5.781395e+02	1.219700e+03	1.080000e+01	2.520000e+01	6.784254e-01	7.000000e-01	7.000000e-01	3
4.140000e+01	414	7.261236e+02	1.367951e+03	1.080000e+01	2.520000e+01	6.532484e-01	7.000000e-01	7.000000e-01	3
4.150000e+01	415	7.335746e+02	1.265121e+03	1.080000e+01	2.520000e+01	6.329732e-01	7.000000e-01	7.000000e-01	3
4.160000e+01	416	2.875471e+02	1.366390e+03	1.080000e+01	2.520000e+01	8.261439e-01	7.000000e-01	7.000000e-01	3
4.170000e+01	417	7.855701e+02	1.840119e+03	1.080000e+01	2.520000e+01	7.008138e-01	7.000000e-01	7.000000e-01	3
4.180000e+01	418	9.529604e+02	1.434764e+03	1.080000e+01	2.520000e+01	6.008919e-01	7.000000e-01	7.000000e-01	3
4.190000e+01	419	3.538946e+02	1.580241e+03	1.080000e+01	2.520000e+01	8.170270e-01	7.000000e-01	7.000000e-01	3
42	420	3.573104e+02	1.297298e+03	1.080000e+01	2.520000e+01	7.840514e-01	7.000000e-01	7.000000e-01	3
4.210000e+01	421	1.921012e+02	1.340320e+03	1.080000e+01	2.520000e+01	8.746420e-01	7.000000e-01	7.000000e-01	3
4.220000e+01	422	5.517719e+02	1.705431e+03	1.080000e+01	2.520000e+01	7.555506e-01	7.000000e-01	7.000000e-01	3
4.230000e+01	423	7.920407e+02	1.207053e+03	1.080000e+01	2.520000e+01	6.038002e-01	7.000000e-01	7.000000e-01	3
4.240000e+01	424	7.185161e+02	1.629525e+03	1.080000e+01	2.520000e+01	6.939933e-01	7.000000e-01	7.000000e-01	3
4.250000e+01	425	8.416641e+02	7.779545e+02	1.080000e+01	2.520000e+01	4.803319e-01	7.000000e-01	7.000000e-01	3
4.260000e+01	426	6.602272e+02	1.397846e+03	1.080000e+01	2.520000e+01	6.792014e-01	7.000000e-01	7.000000e-01	3
4.270000e+01	427	8.370099e+02	1.239029e+03	1.080000e+01	2.520000e+01	5.968236e-01	7.000000e-01	7.000000e-01	3
4.280000e+01	428	6.394317e+02	1.327419e+03	1.080000e+01	2.520000e+01	6.748956e-01	7.000000e-01	7.000000e-01	3
4.290000e+01	429	5.195396e+02	1.551394e+03	1.080000e+01	2.520000e+01	7.491278e-01	7.000000e-01	7.000000e-01	3
43	430	4.752260e+02	1.352744e+03	1.080000e+01	2.520000e+01	7.400253e-01	7.000000e-01	7.000000e-01	3
4.310000e+01	431	7.535555e+02	1.104388e+03	1.080000e+01	2.520000e+01	5.944143e-01	7.000000e-01	7.000000e-01	3
4.320000e+01	432	2.780241e+02	1.385572e+03	1.080000e+01	2.520000e+01	8.328777e-01	7.000000e-01	7.000000e-01	3
4.330000e+01	433	5.862587e+02	1.282356e+03	1.080000e+01	2.520000e+01	6.862602e-01	7.000000e-01	7.000000e-01	3
4.340000e+01	434	5.095872e+02	1.221080e+03	1.080000e+01	2.520000e+01	7.055545e-01	7.000000e-01	7.000000e-01	3
4.350000e+01	435	6.881903e+02	1.265724e+03	1.080000e+01	2.520000e+01	6.477889e-01	7.000000e-01	7.000000e-01	3
4.360000e+01	436	4.309438e+02	1.800226e+03	1.080000e+01	2.520000e+01	8.068530e-01	7.000000e-01	7.000000e-01	3
4.370000e+01	437	7.796626e+02	1.292571e+03	1.080000e+01	2.520000e+01	6.237574e-01	7.000000e-01	7.000000e-01	3
4.380000e+01	438	9.304609e+02	7.975159e+02	1.080000e+01	2.520000e+01	4.615316e-01	7.000000e-01	7.000000e-01	3
4.390000e+01	439	8.367853e+02	1.914606e+03	1.080000e+01	2.520000e+01	6.958683e-01	7.000000e-01	7.000000e-01	3
44	440	7.751450e+02	1.766650e+03	1.080000e+01	2.520000e+01	6.950403e-01	7.000000e-01	7.000000e-01	3
4.410000e+01	441	8.412170e+02	6.813841e+02	1.080000e+01	2.520000e+01	4.475132e-01	7.000000e-01	7.000000e-01	3
4.420000e+01	442	7.147040e+02	2.086572e+03	1.080000e+01	2.520000e+01	7.448648e-01	7.000000e-01	7.000000e-01	3
4.430000e+01	443	7.253411e+02	1.528315e+03	1.080000e+01	2.520000e+01	6.781492e-01	7.000000e-01	7.000000e-01	3
4.440000e+01	444	6.797379e+02	1.372445e+03	1.080000e+01	2.520000e+01	6.687733e-01	7.000000e-01	7.000000e-01	3
4.450000e+01	445	5.540725e+02	1.131865e+03	1.080000e+01	2.520000e+01	6.713564e-01	7.000000e-01	7.000000e-01	3
4.460000e+01	446	5.210396e+02	1.559305e+03	1.080000e+01	2.520000e+01	7.495417e-01	7.000000e-01	7.000000e-01	3
4.470000e+01	447	6.620679e+02	1.102881e+03	1.080000e+01	2.520000e+01	6.248799e-01	7.000000e-01	7.000000e-01	3
4.480000e+01	448	6.800163e+02	1.284624e+03	1.080000e+01	2.520000e+01	6.538724e-01	7.000000e-01	7.000000e-01	3
4.490000e+01	449	6.677516e+02	1.795156e+03	1.080000e+01	2.520000e+01	7.288768e-01	7.000000e-01	7.000000e-01	3
45	450	5.639370e+02	1.705085e+03	1.080000e+01	2.520000e+01	7.514625e-01	7.000000e-01	7.000000e-01	3
4.510000e+01	451	4.527155e+02	1.522258e+03	1.080000e+01	2.520000e+01	7.707739e-01	7.000000e-01	7.000000e-01	3
4.520000e+01	452	4.353625e+02	1.665798e+03	1.080000e+01	2.520000e+01	7.927990e-01	7.000000e-01	7.000000e-01	3
4.530000e+01	453	7.599039e+02	1.172253e+03	1.080000e+01	2.520000e+01	6.067069e-01	7.000000e-01	7.000000e-01	3
4.540000e+01	454	4.215732e+02	1.058939e+03	1.080000e+01	2.520000e+01	7.152519e-01	7.000000e-01	7.000000e-01	3
4.550000e+01	455	7.513040e+02	1.406198e+03	1.080000e+01	2.520000e+01	6.517713e-01	7.000000e-01	7.000000e-01	3
4.560000e+01	456	5.513174e+02	1.029770e+03	1.080000e+01	2.520000e+01	6.513049e-01	7.000000e-01	7.000000e-01	3
4.570000e+01	457	7.738163e+02	1.634745e+03	1.080000e+01	2.520000e+01	6.787226e-01	7.000000e-01	7.000000e-01	3
4.580000e+01	458	6.263456e+02	7.915721e+02	1.080000e+01	2.520000e+01	5.582638e-01	7.000000e-01	7.000000e-01	3
4.590000e+01	459	2.870505e+02	1.235031e+03	1.080000e+01	2.520000e+01	8.114093e-01	7.000000e-01	7.000000e-01	3
46	460	5.490796e+02	1.313004e+03	1.080000e+01	2.520000e+01	7.051263e-01	7.000000e-01	7.000000e-01	3
4.610000e+01	461	6.989196e+02	1.660736e+03	1.080000e+01	2.520000e+01	7.038044e-01	7.000000e-01	7.000000e-01	3
4.620000e+01	462	9.356621e+02	1.090135e+03	1.080000e+01	2.520000e+01	5.381264e-01	7.000000e-01	7.000000e-01	3
4.630000e+01	463	7.538636e+02	1.195402e+03	1.080000e+01	2.520000e+01	6.132575e-01	7.000000e-01	7.000000e-01	3
4.640000e+01	464	7.350467e+02	1.696105e+03	1.080000e+01	2.520000e+01	6.976549e-01	7.000000e-01	7.000000e-01	3
4.650000e+01	465	8.996568e+02	1.635282e+03	1.080000e+01	2.520000e+01	6.450973e-01	7.000000e-01	7.000000e-01	3
4.660000e+01	466	5.138982e+02	1.311000e+03	1.080000e+01	2.520000e+01	7.183963e-01	7.000000e-01	7.000000e-01	3
4.670000e+01	467	6.679642e+02	2.170220e+03	1.080000e+01	2.520000e+01	7.646508e-01	7.000000e-01	7.000000e-01	3
4.680000e+01	468	4.466241e+02	1.674352e+03	1.080000e+01	2.520000e+01	7.894252e-01	7.000000e-01	7.000000e-01	3
4.690000e+01	469	5.611197e+02	1.160059e+03	1.080000e+01	2.520000e+01	6.739911e-01	7.000000e-01	7.000000e-01	3
47	470	9.185183e+02	1.285747e+03	1.080000e+01	2.520000e+01	5.832995e-01	7.000000e-01	7.000000e-01	3
4.710000e+01	471	3.696159e+02	1.765539e+03	1.080000e+01	2.520000e+01	8.268904e-01	7.000000e-01	7.000000e-01	3
4.720000e+01	472	5.619419e+02	1.326097e+03	1.080000e+01	2.520000e+01	7.023674e-01	7.000000e-01	7.000000e-01	3
4.730000e+01	473	3.904138e+02	1.171356e+03	1.080000e+01	2.520000e+01	7.500183e-01	7.000000e-01	7.000000e-01	3
4.740000e+01	474	5.170970e+02	1.710176e+03	1.080000e+01	2.520000e+01	7.678340e-01	7.000000e-01	7.000000e-01	3
4.750000e+01	475	3.242375e+02	1.401379e+03	1.080000e+01	2.520000e+01	8.121034e-01	7.000000e-01	7.000000e-01	3
4.760000e+01	476	5.485730e+02	1.773149e+03	1.080000e+01	2.520000e+01	7.637215e-01	7.000000e-01	7.000000e-01	3
4.770000e+01	477	8.839162e+02	1.656566e+03	1.080000e+01	2.520000e+01	6.520675e-01	7.000000e-01	7.000000e-01	3
4.780000e+01	478	5.694477e+02	1.666635e+03	1.080000e+01	2.520000e+01	7.453369e-01	7.000000e-01	7.000000e-01	3
4.790000e+01	479	6.854197e+02	1.052934e+03	1.080000e+01	2.520000e+01	6.057076e-01	7.000000e-01	7.000000e-01	3
48	480	4.535666e+02	1.664212e+03	1.080000e+01	2.520000e+01	7.858291e-01	7.000000e-01	7.000000e-01	3
4.810000e+01	481	4.666233e+02	1.202458e+03	1.080000e+01	2.520000e+01	7.204311e-01	7.000000e-01	7.000000e-01	3
4.820000e+01	482	4.886234e+02	1.615311e+03	1.080000e+01	2.520000e+01	7.677573e-01	7.000000e-01	7.000000e-01	3
4.830000e+01	483	6.131268e+02	1.389733e+03	1.080000e+01	2.520000e+01	6.938743e-01	7.000000e-01	7.000000e-01	3
4.840000e+01	484	4.357424e+02	1.285376e+03	1.080000e+01	2.520000e+01	7.468261e-01	7.000000e-01	7.000000e-01	3
4.850000e+01	485	5.558945e+02	1.146733e+03	1.080000e+01	2.520000e+01	6.735079e-01	7.000000e-01	7.000000e-01	3
4.860000e+01	486	2.676179e+02	1.025548e+03	1.080000e+01	2.520000e+01	7.930521e-01	7.000000e-01	7.000000e-01	3
4.870000e+01	487	4.791192e+02	2.153969e+03	1.080000e+01	2.520000e+01	8.180391e-01	7.000000e-01	7.000000e-01	3
4.880000e+01	488	7.352914e+02	1.237794e+03	1.080000e+01	2.520000e+01	6.273392e-01	7.000000e-01	7.000000e-01	3
4.890000e+01	489	7.257257e+02	1.930699e+03	1.080000e+01	2.520000e+01	7.268036e-01	7.000000e-01	7.000000e-01	3
49	490	9.597646e+02	1.568193e+03	1.080000e+01	2.520000e+01	6.203399e-01	7.000000e-01	7.000000e-01	3
4.910000e+01	491	9.458946e+02	1.267973e+03	1.080000e+01	2.520000e+01	5.727411e-01	7.000000e-01	7.000000e-01	3
4.920000e+01	492	5.439888e+02	1.894387e+03	1.080000e+01	2.520000e+01	7.769052e-01	7.000000e-01	7.000000e-01	3
4.930000e+01	493	2.443149e+02	1.539162e+03	1.080000e+01	2.520000e+01	8.630120e-01	7.000000e-01	7.000000e-01	3
4.940000e+01	494	4.122473e+02	8.885260e+02	1.080000e+01	2.520000e+01	6.830752e-01	7.000000e-01	7.000000e-01	3
4.950000e+01	495	9.051990e+02	1.686757e+03	1.080000e+01	2.520000e+01	6.507661e-01	7.000000e-01	7.000000e-01	3
4.960000e+01	496	5.436443e+02	1.179596e+03	1.080000e+01	2.520000e+01	6.845221e-01	7.000000e-01	7.000000e-01	3
4.970000e+01	497	6.390273e+02	1.442799e+03	1.080000e+01	2.520000e+01	6.930448e-01	7.000000e-01	7.000000e-01	3
4.980000e+01	498	4.659175e+02	1.347169e+03	1.080000e+01	2.520000e+01	7.430252e-01	7.000000e-01	7.000000e-01	3
4.990000e+01	499	4.994769e+02	1.270315e+03	1.080000e+01	2.520000e+01	7.177765e-01	7.000000e-01	7.000000e-01	3
50	500	2.997780e+02	1.383942e+03	1.080000e+01	2.520000e+01	8.219550e-01	7.000000e-01	7.000000e-01	3
5.010000e+01	501	4.929411e+02	1.370186e+03	1.080000e+01	2.520000e+01	7.354226e-01	7.000000e-01	7.000000e-01	3
5.020000e+01	502	3.879969e+02	1.527486e+03	1.080000e+01	2.520000e+01	7.974417e-01	7.000000e-01	7.000000e-01	3
5.030000e+01	503	4.164989e+02	1.099647e+03	1.080000e+01	2.520000e+01	7.252911e-01	7.000000e-01	7.000000e-01	3
5.040000e+01	504	4.140351e+02	1.062089e+03	1.080000e+01	2.520000e+01	7.195120e-01	7.000000e-01	7.000000e-01	3
5.050000e+01	505	8.656725e+02	1.228317e+03	1.080000e+01	2.520000e+01	5.865919e-01	7.000000e-01	7.000000e-01	3
5.060000e+01	506	7.422994e+02	1.248062e+03	1.080000e+01	2.520000e+01	6.270529e-01	7.000000e-01	7.000000e-01	3
5.070000e+01	507	6.485600e+02	1.408538e+03	1.080000e+01	2.520000e+01	6.847208e-01	7.000000e-01	7.000000e-01	3
5.080000e+01	508	5.536751e+02	1.288676e+03	1.080000e+01	2.520000e+01	6.994736e-01	7.000000e-01	7.000000e-01	3
5.090000e+01	509	7.036410e+02	1.041668e+03	1.080000e+01	2.520000e+01	5.968388e-01	7.000000e-01	7.000000e-01	3
51	510	6.657840e+02	1.998844e+03	1.080000e+01	2.520000e+01	7.501400e-01	7.000000e-01	7.000000e-01	3
5.110000e+01	511	3.986406e+02	1.096872e+03	1.080000e+01	2.520000e+01	7.334423e-01	7.000000e-01	7.000000e-01	3
5.120000e+01	512	6.922786e+02	7.414387e+02	1.080000e+01	2.520000e+01	5.171443e-01	7.000000e-01	7.000000e-01	3
5.130000e+01	513	4.778800e+02	1.512872e+03	1.080000e+01	2.520000e+01	7.599500e-01	7.000000e-01	7.000000e-01	3
5.140000e+01	514	7.145391e+02	1.241191e+03	1.080000e+01	2.520000e+01	6.346432e-01	7.000000e-01	7.000000e-01	3
5.150000e+01	515	5.249019e+02	1.557520e+03	1.080000e+01	2.520000e+01	7.479368e-01	7.000000e-01	7.000000e-01	3
5.160000e+01	516	8.002614e+02	1.381550e+03	1.080000e+01	2.520000e+01	6.332124e-01	7.000000e-01	7.000000e-01	3
5.170000e+01	517	6.089866e+02	1.058974e+03	1.080000e+01	2.520000e+01	6.348914e-01	7.000000e-01	7.000000e-01	3
5.180000e+01	518	7.025609e+02	1.630467e+03	1.080000e+01	2.520000e+01	6.988630e-01	7.000000e-01	7.000000e-01	3
5.190000e+01	519	6.619633e+02	8.494274e+02	1.080000e+01	2.520000e+01	5.620171e-01	7.000000e-01	7.000000e-01	3
52	520	6.294450e+02	1.592243e+03	1.080000e+01	2.520000e+01	7.166817e-01	7.000000e-01	7.000000e-01	3
5.210000e+01	521	3.973289e+02	1.390295e+03	1.080000e+01	2.520000e+01	7.777335e-01	7.000000e-01	7.000000e-01	3
5.220000e+01	522	7.947156e+02	1.586119e+03	1.080000e+01	2.520000e+01	6.662030e-01	7.000000e-01	7.000000e-01	3
5.230000e+01	523	7.240789e+02	1.722606e+03	1.080000e+01	2.520000e+01	7.040571e-01	7.000000e-01	7.000000e-01	3
5.240000e+01	524	7.066322e+02	1.641628e+03	1.080000e+01	2.520000e+01	6.990827e-01	7.000000e-01	7.000000e-01	3
5.250000e+01	525	7.032165e+02	1.033610e+03	1.080000e+01	2.520000e+01	5.951142e-01	7.000000e-01	7.000000e-01	3
5.260000e+01	526	5.891875e+02	8.610731e+02	1.080000e+01	2.520000e+01	5.937368e-01	7.000000e-01	7.000000e-01	3
5.270000e+01	527	4.005287e+02	1.274504e+03	1.080000e+01	2.520000e+01	7.608831e-01	7.000000e-01	7.000000e-01	3
5.280000e+01	528	6.032793e+02	1.502764e+03	1.080000e+01	2.520000e+01	7.135485e-01	7.000000e-01	7.000000e-01	3
5.290000e+01	529	3.814917e+02	1.059015e+03	1.080000e+01	2.520000e+01	7.351684e-01	7.000000e-01	7.000000e-01	3
53	530	5.798873e+02	1.116658e+03	1.080000e+01	2.520000e+01	6.581952e-01	7.000000e-01	7.000000e-01	3
5.310000e+01	531	8.841076e+02	1.264180e+03	1.080000e+01	2.520000e+01	5.884594e-01	7.000000e-01	7.000000e-01	3
5.320000e+01	532	6.678928e+02	1.579265e+03	1.080000e+01	2.520000e+01	7.027833e-01	7.000000e-01	7.000000e-01	3
5.330000e+01	533	7.158661e+02	1.655382e+03	1.080000e+01	2.520000e+01	6.981058e-01	7.000000e-01	7.000000e-01	3
5.340000e+01	534	4.138436e+02	1.184354e+03	1.080000e+01	2.520000e+01	7.410560e-01	7.000000e-01	7.000000e-01	3
5.350000e+01	535	4.437787e+02	1.263577e+03	1.080000e+01	2.520000e+01	7.400783e-01	7.000000e-01	7.000000e-01	3
5.360000e+01	536	5.916110e+02	1.312558e+03	1.080000e+01	2.520000e+01	6.893075e-01	7.000000e-01	7.000000e-01	3
5.370000e+01	537	4.879992e+02	1.399826e+03	1.080000e+01	2.520000e+01	7.415019e-01	7.000000e-01	7.000000e-01	3
5.380000e+01	538	5.973557e+02	1.203511e+03	1.080000e+01	2.520000e+01	6.682954e-01	7.000000e-01	7.000000e-01	3
5.390000e+01	539	2.317507e+02	2.102416e+03	1.080000e+01	2.520000e+01	9.007137e-01	7.000000e-01	7.000000e-01	3
54	540	3.282742e+02	1.622470e+03	1.080000e+01	2.520000e+01	8.317185e-01	7.000000e-01	7.000000e-01	3
5.410000e+01	541	4.603401e+02	1.453860e+03	1.080000e+01	2.520000e+01	7.595130e-01	7.000000e-01	7.000000e-01	3
5.420000e+01	542	5.775266e+02	1.115296e+03	1.080000e+01	2.520000e+01	6.588382e-01	7.000000e-01	7.000000e-01	3
5.430000e+01	543	2.053850e+02	1.598493e+03	1.080000e+01	2.520000e+01	8.861425e-01	7.000000e-01	7.000000e-01	3
5.440000e+01	544	3.903989e+02	1.138058e+03	1.080000e+01	2.520000e+01	7.445797e-01	7.000000e-01	7.000000e-01	3
5.450000e+01	545	6.942371e+02	1.491837e+03	1.080000e+01	2.520000e+01	6.824275e-01	7.000000e-01	7.000000e-01	3
5.460000e+01	546	7.796937e+02	1.523682e+03	1.080000e+01	2.520000e+01	6.614996e-01	7.000000e-01	7.000000e-01	3
5.470000e+01	547	7.089004e+02	1.336380e+03	1.080000e+01	2.520000e+01	6.533969e-01	7.000000e-01	7.000000e-01	3
5.480000e+01	548	6.272142e+02	1.399931e+03	1.080000e+01	2.520000e+01	6.905924e-01	7.000000e-01	7.000000e-01	3
5.490000e+01	549	5.113403e+02	1.190907e+03	1.080000e+01	2.520000e+01	6.996088e-01	7.000000e-01	7.000000e-01	3
55	550	3.404648e+02	1.812124e+03	1.080000e+01	2.520000e+01	8.418347e-01	7.000000e-01	7.000000e-01	3
5.510000e+01	551	8.492879e+02	1.431602e+03	1.080000e+01	2.520000e+01	6.276507e-01	7.000000e-01	7.000000e-01	3
5.520000e+01	552	3.274969e+02	9.351962e+02	1.080000e+01	2.520000e+01	7.406362e-01	7.000000e-01	7.000000e-01	3
5.530000e+01	553	6.265757e+02	1.264263e+03	1.080000e+01	2.520000e+01	6.686255e-01	7.000000e-01	7.000000e-01	3
5.540000e+01	554	5.146983e+02	1.515127e+03	1.080000e+01	2.520000e+01	7.464322e-01	7.000000e-01	7.000000e-01	3
5.550000e+01	555	3.944421e+02	1.745182e+03	1.080000e+01	2.520000e+01	8.156488e-01	7.000000e-01	7.000000e-01	3
5.560000e+01	556	7.917258e+02	1.407715e+03	1.080000e+01	2.520000e+01	6.400331e-01	7.000000e-01	7.000000e-01	3
5.570000e+01	557	8.300435e+02	1.133248e+03	1.080000e+01	2.520000e+01	5.772185e-01	7.000000e-01	7.000000e-01	3
5.580000e+01	558	5.953648e+02	8.881758e+02	1.080000e+01	2.520000e+01	5.986866e-01	7.000000e-01	7.000000e-01	3
5.590000e+01	559	7.220000e+02	1.250531e+03	1.080000e+01	2.520000e+01	6.339728e-01	7.000000e-01	7.000000e-01	3
56	560	6.794151e+02	1.638587e+03	1.080000e+01	2.520000e+01	7.068962e-01	7.000000e-01	7.000000e-01	3
5.610000e+01	561	7.718444e+02	1.534158e+03	1.080000e+01	2.520000e+01	6.652890e-01	7.000000e-01	7.000000e-01	3
5.620000e+01	562	4.876722e+02	1.325796e+03	1.080000e+01	2.520000e+01	7.310831e-01	7.000000e-01	7.000000e-01	3
5.630000e+01	563	1.018069e+03	1.401257e+03	1.080000e+01	2.520000e+01	5.791932e-01	7.000000e-01	7.000000e-01	3
5.640000e+01	564	5.423282e+02	1.401147e+03	1.080000e+01	2.520000e+01	7.209492e-01	7.000000e-01	7.000000e-01	3
5.650000e+01	565	6.042967e+02	1.128217e+03	1.080000e+01	2.520000e+01	6.512023e-01	7.000000e-01	7.000000e-01	3
5.660000e+01	566	6.120833e+02	1.227568e+03	1.080000e+01	2.520000e+01	6.672829e-01	7.000000e-01	7.000000e-01	3
5.670000e+01	567	3.035300e+02	1.166295e+03	1.080000e+01	2.520000e+01	7.934924e-01	7.000000e-01	7.000000e-01	3
5.680000e+01	568	6.865382e+02	2.030919e+03	1.080000e+01	2.520000e+01	7.473601e-01	7.000000e-01	7.000000e-01	3
5.690000e+01	569	4.152708e+02	1.639345e+03	1.080000e+01	2.520000e+01	7.978839e-01	7.000000e-01	7.000000e-01	3
57	570	6.315143e+02	1.399748e+03	1.080000e+01	2.520000e+01	6.891025e-01	7.000000e-01	7.000000e-01	3
5.710000e+01	571	6.129399e+02	1.487138e+03	1.080000e+01	2.520000e+01	7.081347e-01	7.000000e-01	7.000000e-01	3
5.720000e+01	572	8.285040e+02	1.676347e+03	1.080000e+01	2.520000e+01	6.692402e-01	7.000000e-01	7.000000e-01	3
5.730000e+01	573	5.572992e+02	1.559283e+03	1.080000e+01	2.520000e+01	7.366986e-01	7.000000e-01	7.000000e-01	3
5.740000e+01	574	5.232697e+02	1.633157e+03	1.080000e+01	2.520000e+01	7.573440e-01	7.000000e-01	7.000000e-01	3
5.750000e+01	575	6.523866e+02	1.632819e+03	1.080000e+01	2.520000e+01	7.145173e-01	7.000000e-01	7.000000e-01	3
5.760000e+01	576	5.665242e+02	1.484738e+03	1.080000e+01	2.520000e+01	7.238168e-01	7.000000e-01	7.000000e-01	3
5.770000e+01	577	6.828716e+02	1.411725e+03	1.080000e+01	2.520000e+01	6.739842e-01	7.000000e-01	7.000000e-01	3
5.780000e+01	578	7.829265e+02	1.413723e+03	1.080000e+01	2.520000e+01	6.435816e-01	7.000000e-01	7.000000e-01	3
5.790000e+01	579	6.573729e+02	1.465308e+03	1.080000e+01	2.520000e+01	6.903100e-01	7.000000e-01	7.000000e-01	3
58	580	6.772489e+02	1.309839e+03	1.080000e+01	2.520000e+01	6.591752e-01	7.000000e-01	7.000000e-01	3
5.810000e+01	581	8.870926e+02	1.710473e+03	1.080000e+01	2.520000e+01	6.584908e-01	7.000000e-01	7.000000e-01	3
5.820000e+01	582	4.845645e+02	1.391869e+03	1.080000e+01	2.520000e+01	7.417630e-01	7.000000e-01	7.000000e-01	3
5.830000e+01	583	6.275018e+02	1.788959e+03	1.080000e+01	2.520000e+01	7.403219e-01	7.000000e-01	7.000000e-01	3
5.840000e+01	584	4.421043e+02	1.867013e+03	1.080000e+01	2.520000e+01	8.085397e-01	7.000000e-01	7.000000e-01	3
5.850000e+01	585	5.626725e+02	1.366767e+03	1.080000e+01	2.520000e+01	7.083752e-01	7.000000e-01	7.000000e-01	3
5.860000e+01	586	5.214102e+02	1.779382e+03	1.080000e+01	2.520000e+01	7.733780e-01	7.000000e-01	7.000000e-01	3
5.870000e+01	587	7.567766e+02	1.739139e+03	1.080000e+01	2.520000e+01	6.967940e-01	7.000000e-01	7.000000e-01	3
5.880000e+01	588	6.162911e+02	1.263984e+03	1.080000e+01	2.520000e+01	6.722336e-01	7.000000e-01	7.000000e-01	3
5.890000e+01	589	5.674672e+02	1.028316e+03	1.080000e+01	2.520000e+01	6.443958e-01	7.000000e-01	7.000000e-01	3
59	590	8.454282e+02	4.596223e+02	1.080000e+01	2.520000e+01	3.521874e-01	7.000000e-01	7.000000e-01	3
5.910000e+01	591	3.670386e+02	1.063944e+03	1.080000e+01	2.520000e+01	7.435059e-01	7.000000e-01	7.000000e-01	3
5.920000e+01	592	3.925178e+02	1.570710e+03	1.080000e+01	2.520000e+01	8.000651e-01	7.000000e-01	7.000000e-01	3
5.930000e+01	593	6.404804e+02	1.045574e+03	1.080000e+01	2.520000e+01	6.201306e-01	7.000000e-01	7.000000e-01	3
5.940000e+01	594	3.431978e+02	1.075671e+03	1.080000e+01	2.520000e+01	7.581187e-01	7.000000e-01	7.000000e-01	3
5.950000e+01	595	5.409428e+02	9.161187e+02	1.080000e+01	2.520000e+01	6.287440e-01	7.000000e-01	7.000000e-01	3
5.960000e+01	596	8.485669e+02	1.271578e+03	1.080000e+01	2.520000e+01	5.997600e-01	7.000000e-01	7.000000e-01	3
5.970000e+01	597	5.590627e+02	1.070734e+03	1.080000e+01	2.520000e+01	6.569740e-01	7.000000e-01	7.000000e-01	3
5.980000e+01	598	7.086740e+02	1.503862e+03	1.080000e+01	2.520000e+01	6.797005e-01	7.000000e-01	7.000000e-01	3
5.990000e+01	599	3.414604e+02	1.262206e+03	1.080000e+01	2.520000e+01	7.870752e-01	7.000000e-01	7.000000e-01	3
60	600	7.958288e+02	1.505889e+03	1.080000e+01	2.520000e+01	6.542457e-01	7.000000e-01	7.000000e-01	3
6.010000e+01	601	4.757432e+02	1.040964e+03	1.080000e+01	2.520000e+01	6.863315e-01	7.000000e-01	7.000000e-01	3
6.020000e+01	602	6.585181e+02	1.610751e+03	1.080000e+01	2.520000e+01	7.098105e-01	7.000000e-01	7.000000e-01	3
6.030000e+01	603	7.052116e+02	1.192262e+03	1.080000e+01	2.520000e+01	6.283418e-01	7.000000e-01	7.000000e-01	3
6.040000e+01	604	5.205397e+02	1.246393e+03	1.080000e+01	2.520000e+01	7.053993e-01	7.000000e-01	7.000000e-01	3
6.050000e+01	605	4.991963e+02	6.414847e+02	1.080000e+01	2.520000e+01	5.623699e-01	7.000000e-01	7.000000e-01	3
6.060000e+01	606	5.620771e+02	1.363301e+03	1.080000e+01	2.520000e+01	7.080693e-01	7.000000e-01	7.000000e-01	3
6.070000e+01	607	3.618192e+02	1.730833e+03	1.080000e+01	2.520000e+01	8.271002e-01	7.000000e-01	7.000000e-01	3
6.080000e+01	608	3.869364e+02	1.680863e+03	1.080000e+01	2.520000e+01	8.128753e-01	7.000000e-01	7.000000e-01	3
6.090000e+01	609	8.082778e+02	1.298504e+03	1.080000e+01	2.520000e+01	6.163448e-01	7.000000e-01	7.000000e-01	3
61	610	6.905358e+02	1.831042e+03	1.080000e+01	2.520000e+01	7.261494e-01	7.000000e-01	7.000000e-01	3
6.110000e+01	611	7.844453e+02	1.364486e+03	1.080000e+01	2.520000e+01	6.349603e-01	7.000000e-01	7.000000e-01	3
6.120000e+01	612	6.014890e+02	1.338094e+03	1.080000e+01	2.520000e+01	6.898874e-01	7.000000e-01	7.000000e-01	3
6.130000e+01	613	6.179009e+02	1.605849e+03	1.080000e+01	2.520000e+01	7.221356e-01	7.000000e-01	7.000000e-01	3
6.140000e+01	614	5.080627e+02	1.710193e+03	1.080000e+01	2.520000e+01	7.709629e-01	7.000000e-01	7.000000e-01	3
6.150000e+01	615	3.852580e+02	1.477649e+03	1.080000e+01	2.520000e+01	7.931953e-01	7.000000e-01	7.000000e-01	3
6.160000e+01	616	5.944037e+02	1.380223e+03	1.080000e+01	2.520000e+01	6.989792e-01	7.000000e-01	7.000000e-01	3
6.170000e+01	617	3.795900e+02	1.377485e+03	1.080000e+01	2.520000e+01	7.839649e-01	7.000000e-01	7.000000e-01	3
6.180000e+01	618	6.482553e+02	1.023468e+03	1.080000e+01	2.520000e+01	6.122234e-01	7.000000e-01	7.000000e-01	3
6.190000e+01	619	8.156566e+02	1.575882e+03	1.080000e+01	2.520000e+01	6.589406e-01	7.000000e-01	7.000000e-01	3
62	620	5.429006e+02	1.019992e+03	1.080000e+01	2.520000e+01	6.526308e-01	7.000000e-01	7.000000e-01	3
