coordinates 	26.44	14.33	154.44	14.33
time(s)	frame	Idon(a.u.)	Iacc(a.u.)	Idon ideal(a.u.)	Iacc ideal(a.u.)	FRET	FRET ideal (blurr)	FRET ideal	state sequence
1.000000e-01	1	4.965766e+02	1.221221e+03	1.080000e+01	2.520000e+01	7.109225e-01	7.000000e-01	7.000000e-01	3
2.000000e-01	2	6.829518e+02	1.713491e+03	1.080000e+01	2.520000e+01	7.150144e-01	7.000000e-01	7.000000e-01	3
3.000000e-01	3	6.703002e+02	1.076143e+03	1.080000e+01	2.520000e+01	6.161913e-01	7.000000e-01	7.000000e-01	3
4.000000e-01	4	4.498270e+02	1.654029e+03	1.080000e+01	2.520000e+01	7.861892e-01	7.000000e-01	7.000000e-01	3
5.000000e-01	5	1.934556e+02	1.039673e+03	1.080000e+01	2.520000e+01	8.431181e-01	7.000000e-01	7.000000e-01	3
6.000000e-01	6	4.237711e+02	1.414959e+03	1.080000e+01	2.520000e+01	7.695305e-01	7.000000e-01	7.000000e-01	3
7.000000e-01	7	4.298899e+02	1.296218e+03	1.080000e+01	2.520000e+01	7.509484e-01	7.000000e-01	7.000000e-01	3
8.000000e-01	8	6.161638e+02	7.460824e+02	1.080000e+01	2.520000e+01	5.476854e-01	7.000000e-01	7.000000e-01	3
9.000000e-01	9	2.775495e+02	1.521865e+03	1.080000e+01	2.520000e+01	8.457557e-01	7.000000e-01	7.000000e-01	3
1	10	1.022389e+03	1.536397e+03	1.080000e+01	2.520000e+01	6.004397e-01	7.000000e-01	7.000000e-01	3
1.100000e+00	11	2.767469e+02	1.767914e+03	1.080000e+01	2.520000e+01	8.646490e-01	7.000000e-01	7.000000e-01	3
1.200000e+00	12	1.898721e+02	1.860866e+03	1.080000e+01	2.520000e+01	9.074128e-01	7.000000e-01	7.000000e-01	3
1.300000e+00	13	5.460243e+02	1.713378e+03	1.080000e+01	2.520000e+01	7.583324e-01	7.000000e-01	7.000000e-01	3
1.400000e+00	14	7.400217e+02	1.432602e+03	1.080000e+01	2.520000e+01	6.593880e-01	7.000000e-01	7.000000e-01	3
1.500000e+00	15	4.169081e+02	1.510619e+03	1.080000e+01	2.520000e+01	7.837083e-01	7.000000e-01	7.000000e-01	3
1.600000e+00	16	5.815655e+02	1.331248e+03	1.080000e+01	2.520000e+01	6.959633e-01	7.000000e-01	7.000000e-01	3
1.700000e+00	17	5.693665e+02	1.478457e+03	1.080000e+01	2.520000e+01	7.219650e-01	7.000000e-01	7.000000e-01	3
1.800000e+00	18	7.037199e+02	1.019270e+03	1.080000e+01	2.520000e+01	5.915706e-01	7.000000e-01	7.000000e-01	3
1.900000e+00	19	6.319601e+02	1.711307e+03	1.080000e+01	2.520000e+01	7.303081e-01	7.000000e-01	7.000000e-01	3
2	20	7.202955e+02	8.971118e+02	1.080000e+01	2.520000e+01	5.546604e-01	7.000000e-01	7.000000e-01	3
2.100000e+00	21	3.525385e+02	1.905263e+03	1.080000e+01	2.520000e+01	8.438576e-01	7.000000e-01	7.000000e-01	3
2.200000e+00	22	7.617370e+02	1.553230e+03	1.080000e+01	2.520000e+01	6.709512e-01	7.000000e-01	7.000000e-01	3
2.300000e+00	23	7.240186e+02	1.235846e+03	1.080000e+01	2.520000e+01	6.305772e-01	7.000000e-01	7.000000e-01	3
2.400000e+00	24	6.026968e+02	1.703426e+03	1.080000e+01	2.520000e+01	7.386537e-01	7.000000e-01	7.000000e-01	3
2.500000e+00	25	5.571371e+02	1.877232e+03	1.080000e+01	2.520000e+01	7.711369e-01	7.000000e-01	7.000000e-01	3
2.600000e+00	26	4.237102e+02	8.828860e+02	1.080000e+01	2.520000e+01	6.757145e-01	7.000000e-01	7.000000e-01	3
2.700000e+00	27	2.544620e+02	1.528652e+03	1.080000e+01	2.520000e+01	8.572935e-01	7.000000e-01	7.000000e-01	3
2.800000e+00	28	5.033741e+02	9.952929e+02	1.080000e+01	2.520000e+01	6.641188e-01	7.000000e-01	7.000000e-01	3
2.900000e+00	29	5.135048e+02	1.248962e+03	1.080000e+01	2.520000e+01	7.086442e-01	7.000000e-01	7.000000e-01	3
3	30	5.449498e+02	1.716779e+03	1.080000e+01	2.520000e+01	7.590561e-01	7.000000e-01	7.000000e-01	3
3.100000e+00	31	4.155515e+02	1.180926e+03	1.080000e+01	2.520000e+01	7.397073e-01	7.000000e-01	7.000000e-01	3
3.200000e+00	32	7.344567e+02	1.192010e+03	1.080000e+01	2.520000e+01	6.187544e-01	7.000000e-01	7.000000e-01	3
3.300000e+00	33	7.029289e+02	1.080497e+03	1.080000e+01	2.520000e+01	6.058548e-01	7.000000e-01	7.000000e-01	3
3.400000e+00	34	5.368652e+02	1.176415e+03	1.080000e+01	2.520000e+01	6.866449e-01	7.000000e-01	7.000000e-01	3
3.500000e+00	35	6.687435e+02	1.336042e+03	1.080000e+01	2.520000e+01	6.664264e-01	7.000000e-01	7.000000e-01	3
3.600000e+00	36	4.379658e+02	1.721806e+03	1.080000e+01	2.520000e+01	7.972167e-01	7.000000e-01	7.000000e-01	3
3.700000e+00	37	5.793778e+02	1.086568e+03	1.080000e+01	2.520000e+01	6.522230e-01	7.000000e-01	7.000000e-01	3
3.800000e+00	38	5.313686e+02	1.238032e+03	1.080000e+01	2.520000e+01	6.996900e-01	7.000000e-01	7.000000e-01	3
3.900000e+00	39	6.734985e+02	1.812143e+03	1.080000e+01	2.520000e+01	7.290444e-01	7.000000e-01	7.000000e-01	3
4	40	5.580857e+02	1.150576e+03	1.080000e+01	2.520000e+01	6.733785e-01	7.000000e-01	7.000000e-01	3
4.100000e+00	41	6.120799e+02	1.610907e+03	1.080000e+01	2.520000e+01	7.246588e-01	7.000000e-01	7.000000e-01	3
4.200000e+00	42	6.895384e+02	1.701274e+03	1.080000e+01	2.520000e+01	7.115883e-01	7.000000e-01	7.000000e-01	3
4.300000e+00	43	4.479840e+02	1.806552e+03	1.080000e+01	2.520000e+01	8.012966e-01	7.000000e-01	7.000000e-01	3
4.400000e+00	44	5.154365e+02	1.106456e+03	1.080000e+01	2.520000e+01	6.822005e-01	7.000000e-01	7.000000e-01	3
4.500000e+00	45	3.114682e+02	1.443950e+03	1.080000e+01	2.520000e+01	8.225675e-01	7.000000e-01	7.000000e-01	3
4.600000e+00	46	3.552332e+02	1.995861e+03	1.080000e+01	2.520000e+01	8.489073e-01	7.000000e-01	7.000000e-01	3
4.700000e+00	47	9.405010e+02	1.772913e+03	1.080000e+01	2.520000e+01	6.533883e-01	7.000000e-01	7.000000e-01	3
4.800000e+00	48	7.044133e+02	1.663587e+03	1.080000e+01	2.520000e+01	7.025282e-01	7.000000e-01	7.000000e-01	3
4.900000e+00	49	5.153258e+02	1.114328e+03	1.080000e+01	2.520000e+01	6.837821e-01	7.000000e-01	7.000000e-01	3
5	50	8.150150e+02	9.779519e+02	1.080000e+01	2.520000e+01	5.454378e-01	7.000000e-01	7.000000e-01	3
5.100000e+00	51	2.493311e+02	1.193458e+03	1.080000e+01	2.520000e+01	8.271882e-01	7.000000e-01	7.000000e-01	3
5.200000e+00	52	6.611032e+02	1.367991e+03	1.080000e+01	2.520000e+01	6.741880e-01	7.000000e-01	7.000000e-01	3
5.300000e+00	53	7.295081e+02	1.575434e+03	1.080000e+01	2.520000e+01	6.835027e-01	7.000000e-01	7.000000e-01	3
5.400000e+00	54	8.299029e+02	1.714826e+03	1.080000e+01	2.520000e+01	6.738737e-01	7.000000e-01	7.000000e-01	3
5.500000e+00	55	7.117161e+02	1.075797e+03	1.080000e+01	2.520000e+01	6.018401e-01	7.000000e-01	7.000000e-01	3
5.600000e+00	56	9.337232e+02	1.300758e+03	1.080000e+01	2.520000e+01	5.821298e-01	7.000000e-01	7.000000e-01	3
5.700000e+00	57	8.421091e+02	1.398487e+03	1.080000e+01	2.520000e+01	6.241584e-01	7.000000e-01	7.000000e-01	3
5.800000e+00	58	7.106833e+02	1.370474e+03	1.080000e+01	2.520000e+01	6.585153e-01	7.000000e-01	7.000000e-01	3
5.900000e+00	59	8.284078e+02	1.165052e+03	1.080000e+01	2.520000e+01	5.844373e-01	7.000000e-01	7.000000e-01	3
6	60	7.430175e+02	9.659496e+02	1.080000e+01	2.520000e+01	5.652242e-01	7.000000e-01	7.000000e-01	3
6.100000e+00	61	6.699278e+02	1.098014e+03	1.080000e+01	2.520000e+01	6.210690e-01	7.000000e-01	7.000000e-01	3
6.200000e+00	62	7.919262e+02	1.218883e+03	1.080000e+01	2.520000e+01	6.061654e-01	7.000000e-01	7.000000e-01	3
6.300000e+00	63	7.018625e+02	1.133545e+03	1.080000e+01	2.520000e+01	6.175987e-01	7.000000e-01	7.000000e-01	3
6.400000e+00	64	3.242338e+02	1.527553e+03	1.080000e+01	2.520000e+01	8.249076e-01	7.000000e-01	7.000000e-01	3
6.500000e+00	65	6.026093e+02	1.138582e+03	1.080000e+01	2.520000e+01	6.539099e-01	7.000000e-01	7.000000e-01	3
6.600000e+00	66	5.563313e+02	1.548996e+03	1.080000e+01	2.520000e+01	7.357507e-01	7.000000e-01	7.000000e-01	3
6.700000e+00	67	6.932464e+02	1.216185e+03	1.080000e+01	2.520000e+01	6.369357e-01	7.000000e-01	7.000000e-01	3
6.800000e+00	68	2.698232e+02	1.257192e+03	1.080000e+01	2.520000e+01	8.233003e-01	7.000000e-01	7.000000e-01	3
6.900000e+00	69	1.093587e+03	1.383659e+03	1.080000e+01	2.520000e+01	5.585472e-01	7.000000e-01	7.000000e-01	3
7	70	5.640090e+02	1.713888e+03	1.080000e+01	2.520000e+01	7.523993e-01	7.000000e-01	7.000000e-01	3
7.100000e+00	71	4.998414e+02	1.596387e+03	1.080000e+01	2.520000e+01	7.615520e-01	7.000000e-01	7.000000e-01	3
7.200000e+00	72	2.905671e+02	1.579299e+03	1.080000e+01	2.520000e+01	8.446054e-01	7.000000e-01	7.000000e-01	3
7.300000e+00	73	5.956138e+02	1.246298e+03	1.080000e+01	2.520000e+01	6.766328e-01	7.000000e-01	7.000000e-01	3
7.400000e+00	74	1.443202e+02	1.585295e+03	1.080000e+01	2.520000e+01	9.165594e-01	7.000000e-01	7.000000e-01	3
7.500000e+00	75	6.049447e+02	1.470823e+03	1.080000e+01	2.520000e+01	7.085683e-01	7.000000e-01	7.000000e-01	3
7.600000e+00	76	6.206155e+02	1.397558e+03	1.080000e+01	2.520000e+01	6.924865e-01	7.000000e-01	7.000000e-01	3
7.700000e+00	77	2.582181e+02	1.246440e+03	1.080000e+01	2.520000e+01	8.283876e-01	7.000000e-01	7.000000e-01	3
7.800000e+00	78	2.813898e+02	1.270264e+03	1.080000e+01	2.520000e+01	8.186517e-01	7.000000e-01	7.000000e-01	3
7.900000e+00	79	5.284990e+02	1.030598e+03	1.080000e+01	2.520000e+01	6.610224e-01	7.000000e-01	7.000000e-01	3
8	80	6.146243e+02	1.692588e+03	1.080000e+01	2.520000e+01	7.336074e-01	7.000000e-01	7.000000e-01	3
8.100000e+00	81	4.434026e+02	1.703538e+03	1.080000e+01	2.520000e+01	7.934723e-01	7.000000e-01	7.000000e-01	3
8.200000e+00	82	8.280136e+02	1.540289e+03	1.080000e+01	2.520000e+01	6.503768e-01	7.000000e-01	7.000000e-01	3
8.300000e+00	83	8.393305e+02	1.405744e+03	1.080000e+01	2.520000e+01	6.261458e-01	7.000000e-01	7.000000e-01	3
8.400000e+00	84	5.956768e+02	1.002352e+03	1.080000e+01	2.520000e+01	6.272428e-01	7.000000e-01	7.000000e-01	3
8.500000e+00	85	6.889565e+02	1.667295e+03	1.080000e+01	2.520000e+01	7.076049e-01	7.000000e-01	7.000000e-01	3
8.600000e+00	86	7.209621e+02	1.496265e+03	1.080000e+01	2.520000e+01	6.748362e-01	7.000000e-01	7.000000e-01	3
8.700000e+00	87	7.717753e+02	1.723570e+03	1.080000e+01	2.520000e+01	6.907141e-01	7.000000e-01	7.000000e-01	3
8.800000e+00	88	6.468538e+02	2.007483e+03	1.080000e+01	2.520000e+01	7.563030e-01	7.000000e-01	7.000000e-01	3
8.900000e+00	89	5.292807e+02	1.749383e+03	1.080000e+01	2.520000e+01	7.677232e-01	7.000000e-01	7.000000e-01	3
9	90	6.386534e+02	1.318921e+03	1.080000e+01	2.520000e+01	6.737527e-01	7.000000e-01	7.000000e-01	3
9.100000e+00	91	7.177009e+02	1.097550e+03	1.080000e+01	2.520000e+01	6.046272e-01	7.000000e-01	7.000000e-01	3
9.200000e+00	92	6.918264e+02	1.805763e+03	1.080000e+01	2.520000e+01	7.230023e-01	7.000000e-01	7.000000e-01	3
9.300000e+00	93	6.397409e+02	9.811759e+02	1.080000e+01	2.520000e+01	6.053216e-01	7.000000e-01	7.000000e-01	3
9.400000e+00	94	5.440285e+02	1.669738e+03	1.080000e+01	2.520000e+01	7.542521e-01	7.000000e-01	7.000000e-01	3
9.500000e+00	95	6.006982e+02	1.376696e+03	1.080000e+01	2.520000e+01	6.962172e-01	7.000000e-01	7.000000e-01	3
9.600000e+00	96	5.712919e+02	1.299468e+03	1.080000e+01	2.520000e+01	6.946204e-01	7.000000e-01	7.000000e-01	3
9.700000e+00	97	4.872390e+02	1.391713e+03	1.080000e+01	2.520000e+01	7.406857e-01	7.000000e-01	7.000000e-01	3
9.800000e+00	98	7.687095e+02	1.670796e+03	1.080000e+01	2.520000e+01	6.848913e-01	7.000000e-01	7.000000e-01	3
9.900000e+00	99	7.560215e+02	1.360863e+03	1.080000e+01	2.520000e+01	6.428612e-01	7.000000e-01	7.000000e-01	3
10	100	7.628391e+02	1.389160e+03	1.080000e+01	2.520000e+01	6.455207e-01	7.000000e-01	7.000000e-01	3
1.010000e+01	101	5.486556e+02	1.344271e+03	1.080000e+01	2.520000e+01	7.101548e-01	7.000000e-01	7.000000e-01	3
1.020000e+01	102	5.626557e+02	1.499973e+03	1.080000e+01	2.520000e+01	7.272143e-01	7.000000e-01	7.000000e-01	3
1.030000e+01	103	6.261612e+02	1.102107e+03	1.080000e+01	2.520000e+01	6.376944e-01	7.000000e-01	7.000000e-01	3
1.040000e+01	104	6.851518e+02	1.716363e+03	1.080000e+01	2.520000e+01	7.147002e-01	7.000000e-01	7.000000e-01	3
1.050000e+01	105	4.911090e+02	1.293312e+03	1.080000e+01	2.520000e+01	7.247796e-01	7.000000e-01	7.000000e-01	3
1.060000e+01	106	5.081766e+02	1.837140e+03	1.080000e+01	2.520000e+01	7.833228e-01	7.000000e-01	7.000000e-01	3
1.070000e+01	107	5.482250e+02	9.671483e+02	1.080000e+01	2.520000e+01	6.382245e-01	7.000000e-01	7.000000e-01	3
1.080000e+01	108	4.350845e+02	1.672805e+03	1.080000e+01	2.520000e+01	7.935924e-01	7.000000e-01	7.000000e-01	3
1.090000e+01	109	3.345006e+02	1.551978e+03	1.080000e+01	2.520000e+01	8.226852e-01	7.000000e-01	7.000000e-01	3
11	110	6.488956e+02	1.680587e+03	1.080000e+01	2.520000e+01	7.214422e-01	7.000000e-01	7.000000e-01	3
1.110000e+01	111	8.368548e+02	1.286124e+03	1.080000e+01	2.520000e+01	6.058110e-01	7.000000e-01	7.000000e-01	3
1.120000e+01	112	4.599055e+02	1.191075e+03	1.080000e+01	2.520000e+01	7.214350e-01	7.000000e-01	7.000000e-01	3
1.130000e+01	113	5.616013e+02	1.105450e+03	1.080000e+01	2.520000e+01	6.631170e-01	7.000000e-01	7.000000e-01	3
1.140000e+01	114	8.135898e+02	1.571518e+03	1.080000e+01	2.520000e+01	6.588876e-01	7.000000e-01	7.000000e-01	3
1.150000e+01	115	5.273033e+02	1.218568e+03	1.080000e+01	2.520000e+01	6.979713e-01	7.000000e-01	7.000000e-01	3
1.160000e+01	116	4.519059e+02	1.520169e+03	1.080000e+01	2.520000e+01	7.708475e-01	7.000000e-01	7.000000e-01	3
1.170000e+01	117	5.887619e+02	1.454685e+03	1.080000e+01	2.520000e+01	7.118780e-01	7.000000e-01	7.000000e-01	3
1.180000e+01	118	4.860880e+02	1.254210e+03	1.080000e+01	2.520000e+01	7.206869e-01	7.000000e-01	7.000000e-01	3
1.190000e+01	119	8.250017e+02	1.548025e+03	1.080000e+01	2.520000e+01	6.523419e-01	7.000000e-01	7.000000e-01	3
12	120	4.628981e+02	1.481976e+03	1.080000e+01	2.520000e+01	7.619907e-01	7.000000e-01	7.000000e-01	3
1.210000e+01	121	6.010767e+02	8.973932e+02	1.080000e+01	2.520000e+01	5.988730e-01	7.000000e-01	7.000000e-01	3
1.220000e+01	122	6.544089e+02	1.645953e+03	1.080000e+01	2.520000e+01	7.155191e-01	7.000000e-01	7.000000e-01	3
1.230000e+01	123	6.140805e+02	1.490851e+03	1.080000e+01	2.520000e+01	7.082659e-01	7.000000e-01	7.000000e-01	3
1.240000e+01	124	3.892556e+02	2.098006e+03	1.080000e+01	2.520000e+01	8.435003e-01	7.000000e-01	7.000000e-01	3
1.250000e+01	125	6.435607e+02	8.297344e+02	1.080000e+01	2.520000e+01	5.631827e-01	7.000000e-01	7.000000e-01	3
1.260000e+01	126	6.896732e+02	1.312459e+03	1.080000e+01	2.520000e+01	6.555306e-01	7.000000e-01	7.000000e-01	3
1.270000e+01	127	4.044508e+02	1.167844e+03	1.080000e+01	2.520000e+01	7.427640e-01	7.000000e-01	7.000000e-01	3
1.280000e+01	128	6.806409e+02	1.160368e+03	1.080000e+01	2.520000e+01	6.302891e-01	7.000000e-01	7.000000e-01	3
1.290000e+01	129	5.485314e+02	1.169106e+03	1.080000e+01	2.520000e+01	6.806477e-01	7.000000e-01	7.000000e-01	3
13	130	4.594294e+02	1.375882e+03	1.080000e+01	2.520000e+01	7.496723e-01	7.000000e-01	7.000000e-01	3
1.310000e+01	131	5.896087e+02	1.718557e+03	1.080000e+01	2.520000e+01	7.445553e-01	7.000000e-01	7.000000e-01	3
1.320000e+01	132	5.831023e+02	1.438112e+03	1.080000e+01	2.520000e+01	7.115089e-01	7.000000e-01	7.000000e-01	3
1.330000e+01	133	5.183458e+02	1.486959e+03	1.080000e+01	2.520000e+01	7.415127e-01	7.000000e-01	7.000000e-01	3
1.340000e+01	134	6.217078e+02	1.589698e+03	1.080000e+01	2.520000e+01	7.188631e-01	7.000000e-01	7.000000e-01	3
1.350000e+01	135	3.883549e+02	1.412017e+03	1.080000e+01	2.520000e+01	7.842918e-01	7.000000e-01	7.000000e-01	3
1.360000e+01	136	4.838371e+02	1.462420e+03	1.080000e+01	2.520000e+01	7.514013e-01	7.000000e-01	7.000000e-01	3
1.370000e+01	137	9.167308e+02	1.359582e+03	1.080000e+01	2.520000e+01	5.972738e-01	7.000000e-01	7.000000e-01	3
1.380000e+01	138	7.371209e+02	1.469526e+03	1.080000e+01	2.520000e+01	6.659544e-01	7.000000e-01	7.000000e-01	3
1.390000e+01	139	7.428623e+02	1.010103e+03	1.080000e+01	2.520000e+01	5.762253e-01	7.000000e-01	7.000000e-01	3
14	140	7.294325e+02	8.221764e+02	1.080000e+01	2.520000e+01	5.298864e-01	7.000000e-01	7.000000e-01	3
1.410000e+01	141	6.180982e+02	1.151165e+03	1.080000e+01	2.520000e+01	6.506467e-01	7.000000e-01	7.000000e-01	3
1.420000e+01	142	4.546414e+02	1.565412e+03	1.080000e+01	2.520000e+01	7.749359e-01	7.000000e-01	7.000000e-01	3
1.430000e+01	143	9.067522e+02	1.162956e+03	1.080000e+01	2.520000e+01	5.618937e-01	7.000000e-01	7.000000e-01	3
1.440000e+01	144	7.338045e+02	1.455455e+03	1.080000e+01	2.520000e+01	6.648161e-01	7.000000e-01	7.000000e-01	3
1.450000e+01	145	6.288463e+02	1.277854e+03	1.080000e+01	2.520000e+01	6.701913e-01	7.000000e-01	7.000000e-01	3
1.460000e+01	146	5.352950e+02	1.527501e+03	1.080000e+01	2.520000e+01	7.405003e-01	7.000000e-01	7.000000e-01	3
1.470000e+01	147	4.811319e+02	1.749019e+03	1.080000e+01	2.520000e+01	7.842604e-01	7.000000e-01	7.000000e-01	3
1.480000e+01	148	6.442006e+02	1.168279e+03	1.080000e+01	2.520000e+01	6.445751e-01	7.000000e-01	7.000000e-01	3
1.490000e+01	149	4.008609e+02	1.991879e+03	1.080000e+01	2.520000e+01	8.324678e-01	7.000000e-01	7.000000e-01	3
15	150	6.569061e+02	1.257690e+03	1.080000e+01	2.520000e+01	6.568956e-01	7.000000e-01	7.000000e-01	3
1.510000e+01	151	9.325286e+02	1.642604e+03	1.080000e+01	2.520000e+01	6.378716e-01	7.000000e-01	7.000000e-01	3
1.520000e+01	152	8.116968e+02	1.555182e+03	1.080000e+01	2.520000e+01	6.570603e-01	7.000000e-01	7.000000e-01	3
1.530000e+01	153	6.843035e+02	1.102339e+03	1.080000e+01	2.520000e+01	6.169891e-01	7.000000e-01	7.000000e-01	3
1.540000e+01	154	5.919094e+02	1.664207e+03	1.080000e+01	2.520000e+01	7.376424e-01	7.000000e-01	7.000000e-01	3
1.550000e+01	155	9.495821e+02	1.496031e+03	1.080000e+01	2.520000e+01	6.117203e-01	7.000000e-01	7.000000e-01	3
1.560000e+01	156	6.745333e+02	1.382643e+03	1.080000e+01	2.520000e+01	6.721073e-01	7.000000e-01	7.000000e-01	3
1.570000e+01	157	4.216780e+02	1.021597e+03	1.080000e+01	2.520000e+01	7.078326e-01	7.000000e-01	7.000000e-01	3
1.580000e+01	158	9.318371e+02	1.237338e+03	1.080000e+01	2.520000e+01	5.704186e-01	7.000000e-01	7.000000e-01	3
1.590000e+01	159	7.728159e+02	1.205308e+03	1.080000e+01	2.520000e+01	6.093187e-01	7.000000e-01	7.000000e-01	3
16	160	7.728050e+02	1.333483e+03	1.080000e+01	2.520000e+01	6.330962e-01	7.000000e-01	7.000000e-01	3
1.610000e+01	161	5.275850e+02	1.581827e+03	1.080000e+01	2.520000e+01	7.498900e-01	7.000000e-01	7.000000e-01	3
1.620000e+01	162	5.705249e+02	1.453999e+03	1.080000e+01	2.520000e+01	7.181931e-01	7.000000e-01	7.000000e-01	3
1.630000e+01	163	5.294489e+02	1.827945e+03	1.080000e+01	2.520000e+01	7.754092e-01	7.000000e-01	7.000000e-01	3
1.640000e+01	164	7.693335e+02	1.150486e+03	1.080000e+01	2.520000e+01	5.992678e-01	7.000000e-01	7.000000e-01	3
1.650000e+01	165	6.541574e+02	1.299670e+03	1.080000e+01	2.520000e+01	6.651918e-01	7.000000e-01	7.000000e-01	3
1.660000e+01	166	6.871357e+02	1.230808e+03	1.080000e+01	2.520000e+01	6.417331e-01	7.000000e-01	7.000000e-01	3
1.670000e+01	167	7.588467e+02	1.282709e+03	1.080000e+01	2.520000e+01	6.282997e-01	7.000000e-01	7.000000e-01	3
1.680000e+01	168	6.757483e+02	1.736887e+03	1.080000e+01	2.520000e+01	7.199128e-01	7.000000e-01	7.000000e-01	3
1.690000e+01	169	6.439930e+02	1.642021e+03	1.080000e+01	2.520000e+01	7.182900e-01	7.000000e-01	7.000000e-01	3
17	170	4.990403e+02	1.466488e+03	1.080000e+01	2.520000e+01	7.461038e-01	7.000000e-01	7.000000e-01	3
1.710000e+01	171	4.439520e+02	1.857868e+03	1.080000e+01	2.520000e+01	8.071300e-01	7.000000e-01	7.000000e-01	3
1.720000e+01	172	4.477918e+02	9.578247e+02	1.080000e+01	2.520000e+01	6.814268e-01	7.000000e-01	7.000000e-01	3
1.730000e+01	173	5.479568e+02	1.063603e+03	1.080000e+01	2.520000e+01	6.599836e-01	7.000000e-01	7.000000e-01	3
1.740000e+01	174	4.607114e+02	1.536063e+03	1.080000e+01	2.520000e+01	7.692721e-01	7.000000e-01	7.000000e-01	3
1.750000e+01	175	2.166192e+02	1.109209e+03	1.080000e+01	2.520000e+01	8.366159e-01	7.000000e-01	7.000000e-01	3
1.760000e+01	176	5.242966e+02	2.182430e+03	1.080000e+01	2.520000e+01	8.062987e-01	7.000000e-01	7.000000e-01	3
1.770000e+01	177	6.871834e+02	1.228579e+03	1.080000e+01	2.520000e+01	6.413003e-01	7.000000e-01	7.000000e-01	3
1.780000e+01	178	7.969471e+02	1.022769e+03	1.080000e+01	2.520000e+01	5.620488e-01	7.000000e-01	7.000000e-01	3
1.790000e+01	179	8.840242e+02	1.444086e+03	1.080000e+01	2.520000e+01	6.202824e-01	7.000000e-01	7.000000e-01	3
18	180	5.808502e+02	1.669442e+03	1.080000e+01	2.520000e+01	7.418778e-01	7.000000e-01	7.000000e-01	3
1.810000e+01	181	5.995750e+02	1.426083e+03	1.080000e+01	2.520000e+01	7.040098e-01	7.000000e-01	7.000000e-01	3
1.820000e+01	182	7.730176e+02	1.032220e+03	1.080000e+01	2.520000e+01	5.717917e-01	7.000000e-01	7.000000e-01	3
1.830000e+01	183	7.813770e+02	1.455455e+03	1.080000e+01	2.520000e+01	6.506769e-01	7.000000e-01	7.000000e-01	3
1.840000e+01	184	6.194736e+02	1.477707e+03	1.080000e+01	2.520000e+01	7.046160e-01	7.000000e-01	7.000000e-01	3
1.850000e+01	185	6.240759e+02	1.642758e+03	1.080000e+01	2.520000e+01	7.246927e-01	7.000000e-01	7.000000e-01	3
1.860000e+01	186	3.743873e+02	1.217535e+03	1.080000e+01	2.520000e+01	7.648206e-01	7.000000e-01	7.000000e-01	3
1.870000e+01	187	7.863379e+02	1.281375e+03	1.080000e+01	2.520000e+01	6.197065e-01	7.000000e-01	7.000000e-01	3
1.880000e+01	188	4.893812e+02	2.107978e+03	1.080000e+01	2.520000e+01	8.115851e-01	7.000000e-01	7.000000e-01	3
1.890000e+01	189	2.958841e+02	1.882481e+03	1.080000e+01	2.520000e+01	8.641715e-01	7.000000e-01	7.000000e-01	3
19	190	3.313955e+02	1.948498e+03	1.080000e+01	2.520000e+01	8.546443e-01	7.000000e-01	7.000000e-01	3
1.910000e+01	191	7.255253e+02	1.388795e+03	1.080000e+01	2.520000e+01	6.568518e-01	7.000000e-01	7.000000e-01	3
1.920000e+01	192	5.388492e+02	1.555341e+03	1.080000e+01	2.520000e+01	7.426933e-01	7.000000e-01	7.000000e-01	3
1.930000e+01	193	5.595511e+02	1.132574e+03	1.080000e+01	2.520000e+01	6.693205e-01	7.000000e-01	7.000000e-01	3
1.940000e+01	194	6.260983e+02	1.718894e+03	1.080000e+01	2.520000e+01	7.330063e-01	7.000000e-01	7.000000e-01	3
1.950000e+01	195	1.099175e+03	1.824484e+03	1.080000e+01	2.520000e+01	6.240414e-01	7.000000e-01	7.000000e-01	3
1.960000e+01	196	5.409719e+02	1.365383e+03	1.080000e+01	2.520000e+01	7.162270e-01	7.000000e-01	7.000000e-01	3
1.970000e+01	197	4.855578e+02	1.986947e+03	1.080000e+01	2.520000e+01	8.036170e-01	7.000000e-01	7.000000e-01	3
1.980000e+01	198	4.359032e+02	1.027894e+03	1.080000e+01	2.520000e+01	7.022106e-01	7.000000e-01	7.000000e-01	3
1.990000e+01	199	4.743413e+02	1.517599e+03	1.080000e+01	2.520000e+01	7.618698e-01	7.000000e-01	7.000000e-01	3
20	200	6.469071e+02	1.347348e+03	1.080000e+01	2.520000e+01	6.756146e-01	7.000000e-01	7.000000e-01	3
2.010000e+01	201	5.365787e+02	1.333505e+03	1.080000e+01	2.520000e+01	7.130724e-01	7.000000e-01	7.000000e-01	3
2.020000e+01	202	7.439226e+02	1.099189e+03	1.080000e+01	2.520000e+01	5.963768e-01	7.000000e-01	7.000000e-01	3
2.030000e+01	203	9.227566e+02	1.288741e+03	1.080000e+01	2.520000e+01	5.827458e-01	7.000000e-01	7.000000e-01	3
2.040000e+01	204	5.478105e+02	1.601879e+03	1.080000e+01	2.520000e+01	7.451676e-01	7.000000e-01	7.000000e-01	3
2.050000e+01	205	8.854795e+02	7.743498e+02	1.080000e+01	2.520000e+01	4.665238e-01	7.000000e-01	7.000000e-01	3
2.060000e+01	206	4.525034e+02	1.024178e+03	1.080000e+01	2.520000e+01	6.935674e-01	7.000000e-01	7.000000e-01	3
2.070000e+01	207	5.245040e+02	1.615734e+03	1.080000e+01	2.520000e+01	7.549320e-01	7.000000e-01	7.000000e-01	3
2.080000e+01	208	5.301515e+02	1.082215e+03	1.080000e+01	2.520000e+01	6.711967e-01	7.000000e-01	7.000000e-01	3
2.090000e+01	209	5.163411e+02	1.620886e+03	1.080000e+01	2.520000e+01	7.584061e-01	7.000000e-01	7.000000e-01	3
21	210	8.990295e+02	1.684508e+03	1.080000e+01	2.520000e+01	6.520161e-01	7.000000e-01	7.000000e-01	3
2.110000e+01	211	3.895212e+02	1.423013e+03	1.080000e+01	2.520000e+01	7.850958e-01	7.000000e-01	7.000000e-01	3
2.120000e+01	212	5.526719e+02	1.352640e+03	1.080000e+01	2.520000e+01	7.099310e-01	7.000000e-01	7.000000e-01	3
2.130000e+01	213	6.299811e+02	1.124332e+03	1.080000e+01	2.520000e+01	6.408958e-01	7.000000e-01	7.000000e-01	3
2.140000e+01	214	5.803240e+02	1.118244e+03	1.080000e+01	2.520000e+01	6.583452e-01	7.000000e-01	7.000000e-01	3
2.150000e+01	215	2.829574e+02	1.094657e+03	1.080000e+01	2.520000e+01	7.946033e-01	7.000000e-01	7.000000e-01	3
2.160000e+01	216	8.979864e+02	1.359690e+03	1.080000e+01	2.520000e+01	6.022519e-01	7.000000e-01	7.000000e-01	3
2.170000e+01	217	4.585848e+02	1.119131e+03	1.080000e+01	2.520000e+01	7.093362e-01	7.000000e-01	7.000000e-01	3
2.180000e+01	218	6.099148e+00	1.330531e+03	1.080000e+01	2.520000e+01	9.954369e-01	7.000000e-01	7.000000e-01	3
2.190000e+01	219	5.024702e+02	1.683290e+03	1.080000e+01	2.520000e+01	7.701165e-01	7.000000e-01	7.000000e-01	3
22	220	2.081734e+02	1.221862e+03	1.080000e+01	2.520000e+01	8.544278e-01	7.000000e-01	7.000000e-01	3
2.210000e+01	221	5.498179e+02	1.486134e+03	1.080000e+01	2.520000e+01	7.299455e-01	7.000000e-01	7.000000e-01	3
2.220000e+01	222	5.093991e+02	1.591998e+03	1.080000e+01	2.520000e+01	7.575903e-01	7.000000e-01	7.000000e-01	3
2.230000e+01	223	6.309342e+02	1.649390e+03	1.080000e+01	2.520000e+01	7.233138e-01	7.000000e-01	7.000000e-01	3
2.240000e+01	224	2.478638e+02	1.215289e+03	1.080000e+01	2.520000e+01	8.305962e-01	7.000000e-01	7.000000e-01	3
2.250000e+01	225	1.703904e+02	1.136748e+03	1.080000e+01	2.520000e+01	8.696462e-01	7.000000e-01	7.000000e-01	3
2.260000e+01	226	4.730465e+02	1.161824e+03	1.080000e+01	2.520000e+01	7.106520e-01	7.000000e-01	7.000000e-01	3
2.270000e+01	227	7.301235e+02	1.404568e+03	1.080000e+01	2.520000e+01	6.579724e-01	7.000000e-01	7.000000e-01	3
2.280000e+01	228	5.618426e+02	1.149910e+03	1.080000e+01	2.520000e+01	6.717735e-01	7.000000e-01	7.000000e-01	3
2.290000e+01	229	7.461321e+02	1.884520e+03	1.080000e+01	2.520000e+01	7.163699e-01	7.000000e-01	7.000000e-01	3
23	230	2.632990e+02	1.753844e+03	1.080000e+01	2.520000e+01	8.694693e-01	7.000000e-01	7.000000e-01	3
2.310000e+01	231	5.137361e+02	1.070849e+03	1.080000e+01	2.520000e+01	6.757914e-01	7.000000e-01	7.000000e-01	3
2.320000e+01	232	5.960415e+02	1.161517e+03	1.080000e+01	2.520000e+01	6.608695e-01	7.000000e-01	7.000000e-01	3
2.330000e+01	233	5.788269e+02	1.581976e+03	1.080000e+01	2.520000e+01	7.321241e-01	7.000000e-01	7.000000e-01	3
2.340000e+01	234	3.485096e+02	1.189076e+03	1.080000e+01	2.520000e+01	7.733398e-01	7.000000e-01	7.000000e-01	3
2.350000e+01	235	1.876330e+02	1.500043e+03	1.080000e+01	2.520000e+01	8.888217e-01	7.000000e-01	7.000000e-01	3
2.360000e+01	236	8.797470e+02	1.415953e+03	1.080000e+01	2.520000e+01	6.167849e-01	7.000000e-01	7.000000e-01	3
2.370000e+01	237	3.800070e+02	9.996526e+02	1.080000e+01	2.520000e+01	7.245646e-01	7.000000e-01	7.000000e-01	3
2.380000e+01	238	4.813505e+02	1.543389e+03	1.080000e+01	2.520000e+01	7.622655e-01	7.000000e-01	7.000000e-01	3
2.390000e+01	239	6.742322e+02	1.449216e+03	1.080000e+01	2.520000e+01	6.824824e-01	7.000000e-01	7.000000e-01	3
24	240	7.601372e+02	9.686356e+02	1.080000e+01	2.520000e+01	5.603024e-01	7.000000e-01	7.000000e-01	3
2.410000e+01	241	5.028276e+02	1.630444e+03	1.080000e+01	2.520000e+01	7.642927e-01	7.000000e-01	7.000000e-01	3
2.420000e+01	242	3.593402e+02	9.180067e+02	1.080000e+01	2.520000e+01	7.186824e-01	7.000000e-01	7.000000e-01	3
2.430000e+01	243	4.384280e+02	1.397052e+03	1.080000e+01	2.520000e+01	7.611371e-01	7.000000e-01	7.000000e-01	3
2.440000e+01	244	5.215926e+02	1.121911e+03	1.080000e+01	2.520000e+01	6.826337e-01	7.000000e-01	7.000000e-01	3
2.450000e+01	245	7.248885e+02	6.615547e+02	1.080000e+01	2.520000e+01	4.771596e-01	7.000000e-01	7.000000e-01	3
2.460000e+01	246	7.712256e+02	1.050595e+03	1.080000e+01	2.520000e+01	5.766731e-01	7.000000e-01	7.000000e-01	3
2.470000e+01	247	4.423238e+02	1.229796e+03	1.080000e+01	2.520000e+01	7.354712e-01	7.000000e-01	7.000000e-01	3
2.480000e+01	248	6.701100e+02	1.557552e+03	1.080000e+01	2.520000e+01	6.991868e-01	7.000000e-01	7.000000e-01	3
2.490000e+01	249	7.223564e+02	1.237960e+03	1.080000e+01	2.520000e+01	6.315102e-01	7.000000e-01	7.000000e-01	3
25	250	5.532108e+02	1.163287e+03	1.080000e+01	2.520000e+01	6.777096e-01	7.000000e-01	7.000000e-01	3
2.510000e+01	251	8.228131e+02	1.814549e+03	1.080000e+01	2.520000e+01	6.880167e-01	7.000000e-01	7.000000e-01	3
2.520000e+01	252	9.534564e+02	1.441781e+03	1.080000e+01	2.520000e+01	6.019366e-01	7.000000e-01	7.000000e-01	3
2.530000e+01	253	4.401346e+02	8.336510e+02	1.080000e+01	2.520000e+01	6.544673e-01	7.000000e-01	7.000000e-01	3
2.540000e+01	254	1.514098e+02	1.183648e+03	1.080000e+01	2.520000e+01	8.865893e-01	7.000000e-01	7.000000e-01	3
2.550000e+01	255	7.837615e+02	1.189571e+03	1.080000e+01	2.520000e+01	6.028234e-01	7.000000e-01	7.000000e-01	3
2.560000e+01	256	7.826421e+02	1.410775e+03	1.080000e+01	2.520000e+01	6.431859e-01	7.000000e-01	7.000000e-01	3
2.570000e+01	257	3.794920e+02	1.440249e+03	1.080000e+01	2.520000e+01	7.914582e-01	7.000000e-01	7.000000e-01	3
2.580000e+01	258	4.180177e+02	1.511518e+03	1.080000e+01	2.520000e+01	7.833585e-01	7.000000e-01	7.000000e-01	3
2.590000e+01	259	6.768596e+02	1.100397e+03	1.080000e+01	2.520000e+01	6.191549e-01	7.000000e-01	7.000000e-01	3
26	260	3.288482e+02	1.219871e+03	1.080000e+01	2.520000e+01	7.876644e-01	7.000000e-01	7.000000e-01	3
2.610000e+01	261	8.056762e+02	1.313681e+03	1.080000e+01	2.520000e+01	6.198488e-01	7.000000e-01	7.000000e-01	3
2.620000e+01	262	3.899680e+02	1.689627e+03	1.080000e+01	2.520000e+01	8.124789e-01	7.000000e-01	7.000000e-01	3
2.630000e+01	263	2.553850e+02	1.352284e+03	1.080000e+01	2.520000e+01	8.411458e-01	7.000000e-01	7.000000e-01	3
2.640000e+01	264	8.255727e+02	1.116949e+03	1.080000e+01	2.520000e+01	5.749996e-01	7.000000e-01	7.000000e-01	3
2.650000e+01	265	6.427859e+02	1.624721e+03	1.080000e+01	2.520000e+01	7.165231e-01	7.000000e-01	7.000000e-01	3
2.660000e+01	266	9.240950e+02	1.548677e+03	1.080000e+01	2.520000e+01	6.262918e-01	7.000000e-01	7.000000e-01	3
2.670000e+01	267	6.991828e+02	1.027557e+03	1.080000e+01	2.520000e+01	5.950849e-01	7.000000e-01	7.000000e-01	3
2.680000e+01	268	5.503452e+02	1.620121e+03	1.080000e+01	2.520000e+01	7.464392e-01	7.000000e-01	7.000000e-01	3
2.690000e+01	269	5.903456e+02	1.351097e+03	1.080000e+01	2.520000e+01	6.959243e-01	7.000000e-01	7.000000e-01	3
27	270	3.753249e+02	2.024053e+03	1.080000e+01	2.520000e+01	8.435741e-01	7.000000e-01	7.000000e-01	3
2.710000e+01	271	3.548049e+02	1.532871e+03	1.080000e+01	2.520000e+01	8.120414e-01	7.000000e-01	7.000000e-01	3
2.720000e+01	272	6.314233e+02	1.481835e+03	1.080000e+01	2.520000e+01	7.012087e-01	7.000000e-01	7.000000e-01	3
2.730000e+01	273	4.517699e+02	1.547771e+03	1.080000e+01	2.520000e+01	7.740632e-01	7.000000e-01	7.000000e-01	3
2.740000e+01	274	9.926467e+02	1.255274e+03	1.080000e+01	2.520000e+01	5.584155e-01	7.000000e-01	7.000000e-01	3
2.750000e+01	275	5.871222e+02	1.503200e+03	1.080000e+01	2.520000e+01	7.191236e-01	7.000000e-01	7.000000e-01	3
2.760000e+01	276	6.341222e+02	9.761220e+02	1.080000e+01	2.520000e+01	6.061950e-01	7.000000e-01	7.000000e-01	3
2.770000e+01	277	7.426926e+02	1.851725e+03	1.080000e+01	2.520000e+01	7.137343e-01	7.000000e-01	7.000000e-01	3
2.780000e+01	278	3.212610e+02	1.743649e+03	1.080000e+01	2.520000e+01	8.444189e-01	7.000000e-01	7.000000e-01	3
2.790000e+01	279	8.263465e+02	9.194242e+02	1.080000e+01	2.520000e+01	5.266580e-01	7.000000e-01	7.000000e-01	3
28	280	9.600033e+02	1.510917e+03	1.080000e+01	2.520000e+01	6.114794e-01	7.000000e-01	7.000000e-01	3
2.810000e+01	281	7.086388e+02	1.677169e+03	1.080000e+01	2.520000e+01	7.029774e-01	7.000000e-01	7.000000e-01	3
2.820000e+01	282	6.665085e+02	1.359491e+03	1.080000e+01	2.520000e+01	6.710223e-01	7.000000e-01	7.000000e-01	3
2.830000e+01	283	1.038995e+03	1.564671e+03	1.080000e+01	2.520000e+01	6.009491e-01	7.000000e-01	7.000000e-01	3
2.840000e+01	284	6.739243e+02	1.438052e+03	1.080000e+01	2.520000e+01	6.809035e-01	7.000000e-01	7.000000e-01	3
2.850000e+01	285	9.597075e+02	1.788893e+03	1.080000e+01	2.520000e+01	6.508378e-01	7.000000e-01	7.000000e-01	3
2.860000e+01	286	3.007757e+02	1.651974e+03	1.080000e+01	2.520000e+01	8.459732e-01	7.000000e-01	7.000000e-01	3
2.870000e+01	287	4.550559e+02	1.502444e+03	1.080000e+01	2.520000e+01	7.675321e-01	7.000000e-01	7.000000e-01	3
2.880000e+01	288	7.337647e+02	1.102144e+03	1.080000e+01	2.520000e+01	6.003261e-01	7.000000e-01	7.000000e-01	3
2.890000e+01	289	4.437340e+02	1.589858e+03	1.080000e+01	2.520000e+01	7.817980e-01	7.000000e-01	7.000000e-01	3
29	290	6.074988e+02	1.188489e+03	1.080000e+01	2.520000e+01	6.617467e-01	7.000000e-01	7.000000e-01	3
2.910000e+01	291	7.728303e+02	1.169109e+03	1.080000e+01	2.520000e+01	6.020317e-01	7.000000e-01	7.000000e-01	3
2.920000e+01	292	4.858878e+02	1.636106e+03	1.080000e+01	2.520000e+01	7.710230e-01	7.000000e-01	7.000000e-01	3
2.930000e+01	293	5.666981e+02	1.114126e+03	1.080000e+01	2.520000e+01	6.628450e-01	7.000000e-01	7.000000e-01	3
2.940000e+01	294	6.123674e+02	1.297106e+03	1.080000e+01	2.520000e+01	6.793003e-01	7.000000e-01	7.000000e-01	3
2.950000e+01	295	5.154771e+02	1.336827e+03	1.080000e+01	2.520000e+01	7.217104e-01	7.000000e-01	7.000000e-01	3
2.960000e+01	296	2.802943e+02	1.631834e+03	1.080000e+01	2.520000e+01	8.534124e-01	7.000000e-01	7.000000e-01	3
2.970000e+01	297	9.035734e+02	1.332087e+03	1.080000e+01	2.520000e+01	5.958360e-01	7.000000e-01	7.000000e-01	3
2.980000e+01	298	6.193109e+02	1.085230e+03	1.080000e+01	2.520000e+01	6.366699e-01	7.000000e-01	7.000000e-01	3
2.990000e+01	299	5.543581e+02	8.657760e+02	1.080000e+01	2.520000e+01	6.096439e-01	7.000000e-01	7.000000e-01	3
30	300	9.175000e+02	1.821081e+03	1.080000e+01	2.520000e+01	6.649725e-01	7.000000e-01	7.000000e-01	3
3.010000e+01	301	4.426617e+02	1.057656e+03	1.080000e+01	2.520000e+01	7.049548e-01	7.000000e-01	7.000000e-01	3
3.020000e+01	302	6.631643e+02	1.684856e+03	1.080000e+01	2.520000e+01	7.175645e-01	7.000000e-01	7.000000e-01	3
3.030000e+01	303	7.320767e+02	1.588284e+03	1.080000e+01	2.520000e+01	6.844988e-01	7.000000e-01	7.000000e-01	3
3.040000e+01	304	5.873218e+02	1.413149e+03	1.080000e+01	2.520000e+01	7.064082e-01	7.000000e-01	7.000000e-01	3
3.050000e+01	305	6.736586e+02	1.250916e+03	1.080000e+01	2.520000e+01	6.499701e-01	7.000000e-01	7.000000e-01	3
3.060000e+01	306	7.912388e+02	1.881278e+03	1.080000e+01	2.520000e+01	7.039350e-01	7.000000e-01	7.000000e-01	3
3.070000e+01	307	3.906056e+02	1.583022e+03	1.080000e+01	2.520000e+01	8.020875e-01	7.000000e-01	7.000000e-01	3
3.080000e+01	308	5.292230e+02	1.457945e+03	1.080000e+01	2.520000e+01	7.336798e-01	7.000000e-01	7.000000e-01	3
3.090000e+01	309	7.766943e+02	1.599166e+03	1.080000e+01	2.520000e+01	6.730893e-01	7.000000e-01	7.000000e-01	3
31	310	4.201948e+02	1.558122e+03	1.080000e+01	2.520000e+01	7.875999e-01	7.000000e-01	7.000000e-01	3
3.110000e+01	311	6.638747e+02	1.128705e+03	1.080000e+01	2.520000e+01	6.296540e-01	7.000000e-01	7.000000e-01	3
3.120000e+01	312	7.831190e+02	1.540653e+03	1.080000e+01	2.520000e+01	6.629966e-01	7.000000e-01	7.000000e-01	3
3.130000e+01	313	5.984560e+02	9.080541e+02	1.080000e+01	2.520000e+01	6.027534e-01	7.000000e-01	7.000000e-01	3
3.140000e+01	314	6.510848e+02	1.012219e+03	1.080000e+01	2.520000e+01	6.085593e-01	7.000000e-01	7.000000e-01	3
3.150000e+01	315	4.650772e+02	1.290141e+03	1.080000e+01	2.520000e+01	7.350316e-01	7.000000e-01	7.000000e-01	3
3.160000e+01	316	5.905583e+02	1.022554e+03	1.080000e+01	2.520000e+01	6.339013e-01	7.000000e-01	7.000000e-01	3
3.170000e+01	317	7.322853e+02	1.039681e+03	1.080000e+01	2.520000e+01	5.867387e-01	7.000000e-01	7.000000e-01	3
3.180000e+01	318	6.606041e+02	1.992071e+03	1.080000e+01	2.520000e+01	7.509668e-01	7.000000e-01	7.000000e-01	3
3.190000e+01	319	8.986041e+02	1.495522e+03	1.080000e+01	2.520000e+01	6.246630e-01	7.000000e-01	7.000000e-01	3
32	320	6.135014e+02	1.424487e+03	1.080000e+01	2.520000e+01	6.989671e-01	7.000000e-01	7.000000e-01	3
3.210000e+01	321	8.343663e+02	1.101148e+03	1.080000e+01	2.520000e+01	5.689176e-01	7.000000e-01	7.000000e-01	3
3.220000e+01	322	8.010042e+02	1.851697e+03	1.080000e+01	2.520000e+01	6.980421e-01	7.000000e-01	7.000000e-01	3
3.230000e+01	323	3.881734e+02	1.976360e+03	1.080000e+01	2.520000e+01	8.358351e-01	7.000000e-01	7.000000e-01	3
3.240000e+01	324	4.895093e+02	1.373424e+03	1.080000e+01	2.520000e+01	7.372373e-01	7.000000e-01	7.000000e-01	3
3.250000e+01	325	8.762904e+02	1.801420e+03	1.080000e+01	2.520000e+01	6.727464e-01	7.000000e-01	7.000000e-01	3
3.260000e+01	326	6.859894e+02	1.410454e+03	1.080000e+01	2.520000e+01	6.727842e-01	7.000000e-01	7.000000e-01	3
3.270000e+01	327	5.287117e+02	1.806826e+03	1.080000e+01	2.520000e+01	7.736232e-01	7.000000e-01	7.000000e-01	3
3.280000e+01	328	2.787279e+02	1.174860e+03	1.080000e+01	2.520000e+01	8.082483e-01	7.000000e-01	7.000000e-01	3
3.290000e+01	329	7.931898e+02	1.670883e+03	1.080000e+01	2.520000e+01	6.780981e-01	7.000000e-01	7.000000e-01	3
33	330	6.478373e+02	1.655462e+03	1.080000e+01	2.520000e+01	7.187351e-01	7.000000e-01	7.000000e-01	3
3.310000e+01	331	9.171815e+01	1.505630e+03	1.080000e+01	2.520000e+01	9.425810e-01	7.000000e-01	7.000000e-01	3
3.320000e+01	332	6.242157e+02	1.561967e+03	1.080000e+01	2.520000e+01	7.144724e-01	7.000000e-01	7.000000e-01	3
3.330000e+01	333	8.194715e+02	1.184502e+03	1.080000e+01	2.520000e+01	5.910767e-01	7.000000e-01	7.000000e-01	3
3.340000e+01	334	7.130431e+02	1.623073e+03	1.080000e+01	2.520000e+01	6.947742e-01	7.000000e-01	7.000000e-01	3
3.350000e+01	335	3.986285e+02	1.606420e+03	1.080000e+01	2.520000e+01	8.011876e-01	7.000000e-01	7.000000e-01	3
3.360000e+01	336	3.404811e+02	8.589569e+02	1.080000e+01	2.520000e+01	7.161328e-01	7.000000e-01	7.000000e-01	3
3.370000e+01	337	6.199899e+02	1.418318e+03	1.080000e+01	2.520000e+01	6.958311e-01	7.000000e-01	7.000000e-01	3
3.380000e+01	338	7.118724e+02	1.187064e+03	1.080000e+01	2.520000e+01	6.251205e-01	7.000000e-01	7.000000e-01	3
3.390000e+01	339	4.592829e+02	1.420876e+03	1.080000e+01	2.520000e+01	7.557212e-01	7.000000e-01	7.000000e-01	3
34	340	6.140499e+02	1.085479e+03	1.080000e+01	2.520000e+01	6.386940e-01	7.000000e-01	7.000000e-01	3
3.410000e+01	341	4.494097e+02	1.181698e+03	1.080000e+01	2.520000e+01	7.244758e-01	7.000000e-01	7.000000e-01	3
3.420000e+01	342	4.487261e+02	1.801554e+03	1.080000e+01	2.520000e+01	8.005910e-01	7.000000e-01	7.000000e-01	3
3.430000e+01	343	6.259668e+02	1.878997e+03	1.080000e+01	2.520000e+01	7.501095e-01	7.000000e-01	7.000000e-01	3
3.440000e+01	344	4.455243e+02	1.071008e+03	1.080000e+01	2.520000e+01	7.062217e-01	7.000000e-01	7.000000e-01	3
3.450000e+01	345	4.379082e+02	8.900199e+02	1.080000e+01	2.520000e+01	6.702320e-01	7.000000e-01	7.000000e-01	3
3.460000e+01	346	7.368846e+02	2.075599e+03	1.080000e+01	2.520000e+01	7.379950e-01	7.000000e-01	7.000000e-01	3
3.470000e+01	347	6.695823e+02	1.386949e+03	1.080000e+01	2.520000e+01	6.744118e-01	7.000000e-01	7.000000e-01	3
3.480000e+01	348	5.937546e+02	8.394004e+02	1.080000e+01	2.520000e+01	5.857011e-01	7.000000e-01	7.000000e-01	3
3.490000e+01	349	7.825500e+02	1.682526e+03	1.080000e+01	2.520000e+01	6.825453e-01	7.000000e-01	7.000000e-01	3
35	350	7.333348e+02	1.781536e+03	1.080000e+01	2.520000e+01	7.084006e-01	7.000000e-01	7.000000e-01	3
3.510000e+01	351	7.480642e+02	1.548262e+03	1.080000e+01	2.520000e+01	6.742343e-01	7.000000e-01	7.000000e-01	3
3.520000e+01	352	5.630824e+02	9.800564e+02	1.080000e+01	2.520000e+01	6.351058e-01	7.000000e-01	7.000000e-01	3
3.530000e+01	353	8.392417e+02	1.307607e+03	1.080000e+01	2.520000e+01	6.090820e-01	7.000000e-01	7.000000e-01	3
3.540000e+01	354	6.021551e+02	1.289269e+03	1.080000e+01	2.520000e+01	6.816393e-01	7.000000e-01	7.000000e-01	3
3.550000e+01	355	4.848451e+02	1.521432e+03	1.080000e+01	2.520000e+01	7.583359e-01	7.000000e-01	7.000000e-01	3
3.560000e+01	356	3.261245e+02	1.496530e+03	1.080000e+01	2.520000e+01	8.210717e-01	7.000000e-01	7.000000e-01	3
3.570000e+01	357	6.277800e+02	1.186509e+03	1.080000e+01	2.520000e+01	6.539802e-01	7.000000e-01	7.000000e-01	3
3.580000e+01	358	5.071821e+02	1.452516e+03	1.080000e+01	2.520000e+01	7.411938e-01	7.000000e-01	7.000000e-01	3
3.590000e+01	359	7.761025e+02	1.709817e+03	1.080000e+01	2.520000e+01	6.878006e-01	7.000000e-01	7.000000e-01	3
36	360	5.877121e+02	1.352241e+03	1.080000e+01	2.520000e+01	6.970482e-01	7.000000e-01	7.000000e-01	3
3.610000e+01	361	8.493380e+02	1.199348e+03	1.080000e+01	2.520000e+01	5.854231e-01	7.000000e-01	7.000000e-01	3
3.620000e+01	362	5.728349e+02	1.167759e+03	1.080000e+01	2.520000e+01	6.708968e-01	7.000000e-01	7.000000e-01	3
3.630000e+01	363	5.909456e+02	1.779600e+03	1.080000e+01	2.520000e+01	7.507133e-01	7.000000e-01	7.000000e-01	3
3.640000e+01	364	5.109076e+02	1.077384e+03	1.080000e+01	2.520000e+01	6.783288e-01	7.000000e-01	7.000000e-01	3
3.650000e+01	365	2.009779e+02	1.615685e+03	1.080000e+01	2.520000e+01	8.893698e-01	7.000000e-01	7.000000e-01	3
3.660000e+01	366	6.878027e+02	1.017002e+03	1.080000e+01	2.520000e+01	5.965505e-01	7.000000e-01	7.000000e-01	3
3.670000e+01	367	3.006197e+02	1.194133e+03	1.080000e+01	2.520000e+01	7.988833e-01	7.000000e-01	7.000000e-01	3
3.680000e+01	368	6.879904e+02	7.919214e+02	1.080000e+01	2.520000e+01	5.351139e-01	7.000000e-01	7.000000e-01	3
3.690000e+01	369	3.258527e+02	1.259127e+03	1.080000e+01	2.520000e+01	7.944120e-01	7.000000e-01	7.000000e-01	3
37	370	9.851854e+02	1.836530e+03	1.080000e+01	2.520000e+01	6.508559e-01	7.000000e-01	7.000000e-01	3
3.710000e+01	371	6.444468e+02	1.229005e+03	1.080000e+01	2.520000e+01	6.560110e-01	7.000000e-01	7.000000e-01	3
3.720000e+01	372	1.913037e+02	1.244525e+03	1.080000e+01	2.520000e+01	8.667642e-01	7.000000e-01	7.000000e-01	3
3.730000e+01	373	5.271944e+02	1.379885e+03	1.080000e+01	2.520000e+01	7.235592e-01	7.000000e-01	7.000000e-01	3
3.740000e+01	374	5.106670e+02	1.489341e+03	1.080000e+01	2.520000e+01	7.446675e-01	7.000000e-01	7.000000e-01	3
3.750000e+01	375	6.854959e+02	1.381977e+03	1.080000e+01	2.520000e+01	6.684378e-01	7.000000e-01	7.000000e-01	3
3.760000e+01	376	5.045056e+02	8.675326e+02	1.080000e+01	2.520000e+01	6.322948e-01	7.000000e-01	7.000000e-01	3
3.770000e+01	377	6.791688e+02	1.283172e+03	1.080000e+01	2.520000e+01	6.538987e-01	7.000000e-01	7.000000e-01	3
3.780000e+01	378	6.776975e+02	1.308733e+03	1.080000e+01	2.520000e+01	6.588366e-01	7.000000e-01	7.000000e-01	3
3.790000e+01	379	8.605674e+02	1.685048e+03	1.080000e+01	2.520000e+01	6.619413e-01	7.000000e-01	7.000000e-01	3
38	380	7.363128e+02	1.115012e+03	1.080000e+01	2.520000e+01	6.022779e-01	7.000000e-01	7.000000e-01	3
3.810000e+01	381	1.518157e+02	1.283680e+03	1.080000e+01	2.520000e+01	8.942416e-01	7.000000e-01	7.000000e-01	3
3.820000e+01	382	4.408301e+02	1.844717e+03	1.080000e+01	2.520000e+01	8.071227e-01	7.000000e-01	7.000000e-01	3
3.830000e+01	383	8.800794e+02	5.610597e+02	2.251056e+01	1.348944e+01	3.893168e-01	3.747067e-01	2.000000e-01	1
3.840000e+01	384	1.891903e+03	4.773776e+02	2.880000e+01	7.200000e+00	2.014863e-01	2.000000e-01	2.000000e-01	1
3.850000e+01	385	1.548262e+03	4.457664e+02	2.880000e+01	7.200000e+00	2.235507e-01	2.000000e-01	2.000000e-01	1
3.860000e+01	386	1.902067e+03	3.025396e+02	2.880000e+01	7.200000e+00	1.372307e-01	2.000000e-01	2.000000e-01	1
3.870000e+01	387	1.457244e+03	3.784258e+02	2.880000e+01	7.200000e+00	2.061513e-01	2.000000e-01	2.000000e-01	1
3.880000e+01	388	1.635984e+03	2.299130e+02	2.880000e+01	7.200000e+00	1.232185e-01	2.000000e-01	2.000000e-01	1
3.890000e+01	389	1.434035e+03	2.757881e+02	2.880000e+01	7.200000e+00	1.612963e-01	2.000000e-01	2.000000e-01	1
39	390	1.308631e+03	5.676706e+02	2.880000e+01	7.200000e+00	3.025475e-01	2.000000e-01	2.000000e-01	1
3.910000e+01	391	1.877881e+03	4.510955e+02	2.880000e+01	7.200000e+00	1.936883e-01	2.000000e-01	2.000000e-01	1
3.920000e+01	392	2.195666e+03	3.241304e+02	2.880000e+01	7.200000e+00	1.286336e-01	2.000000e-01	2.000000e-01	1
3.930000e+01	393	1.274667e+03	4.693328e+02	2.880000e+01	7.200000e+00	2.691129e-01	2.000000e-01	2.000000e-01	1
3.940000e+01	394	2.228053e+03	5.391780e+02	2.880000e+01	7.200000e+00	1.948439e-01	2.000000e-01	2.000000e-01	1
3.950000e+01	395	1.372228e+03	3.462113e+02	2.880000e+01	7.200000e+00	2.014685e-01	2.000000e-01	2.000000e-01	1
3.960000e+01	396	1.627702e+03	5.863386e+02	2.880000e+01	7.200000e+00	2.648274e-01	2.000000e-01	2.000000e-01	1
3.970000e+01	397	1.823289e+03	2.714307e+02	2.880000e+01	7.200000e+00	1.295785e-01	2.000000e-01	2.000000e-01	1
3.980000e+01	398	1.429372e+03	2.478548e+02	2.880000e+01	7.200000e+00	1.477766e-01	2.000000e-01	2.000000e-01	1
3.990000e+01	399	1.513701e+03	4.043134e+02	2.880000e+01	7.200000e+00	2.107979e-01	2.000000e-01	2.000000e-01	1
40	400	1.095044e+03	9.428999e+01	2.880000e+01	7.200000e+00	7.927965e-02	2.000000e-01	2.000000e-01	1
4.010000e+01	401	1.574496e+03	1.697899e+02	2.880000e+01	7.200000e+00	9.734064e-02	2.000000e-01	2.000000e-01	1
4.020000e+01	402	1.477000e+03	5.376139e+02	2.880000e+01	7.200000e+00	2.668570e-01	2.000000e-01	2.000000e-01	1
4.030000e+01	403	1.678117e+03	3.302851e+02	2.880000e+01	7.200000e+00	1.644517e-01	2.000000e-01	2.000000e-01	1
4.040000e+01	404	1.585970e+03	6.211409e+02	2.880000e+01	7.200000e+00	2.814272e-01	2.000000e-01	2.000000e-01	1
4.050000e+01	405	1.517448e+03	2.313324e+02	2.880000e+01	7.200000e+00	1.322821e-01	2.000000e-01	2.000000e-01	1
4.060000e+01	406	1.255531e+03	1.814007e+02	2.880000e+01	7.200000e+00	1.262417e-01	2.000000e-01	2.000000e-01	1
4.070000e+01	407	1.434183e+03	3.300288e+02	2.880000e+01	7.200000e+00	1.870688e-01	2.000000e-01	2.000000e-01	1
4.080000e+01	408	2.006514e+03	4.144342e+02	2.880000e+01	7.200000e+00	1.711867e-01	2.000000e-01	2.000000e-01	1
4.090000e+01	409	1.333492e+03	3.285534e+02	2.880000e+01	7.200000e+00	1.976801e-01	2.000000e-01	2.000000e-01	1
41	410	1.307354e+03	5.490794e+02	2.880000e+01	7.200000e+00	2.957711e-01	2.000000e-01	2.000000e-01	1
4.110000e+01	411	1.184216e+03	3.512896e+02	2.880000e+01	7.200000e+00	2.287778e-01	2.000000e-01	2.000000e-01	1
4.120000e+01	412	1.126998e+03	8.988300e+02	2.107709e+01	1.492291e+01	4.436853e-01	4.145252e-01	2.000000e-01	1
4.130000e+01	413	5.060458e+02	1.381348e+03	1.080000e+01	2.520000e+01	7.318812e-01	7.000000e-01	7.000000e-01	2
4.140000e+01	414	3.936814e+02	1.617432e+03	1.080000e+01	2.520000e+01	8.042471e-01	7.000000e-01	7.000000e-01	2
4.150000e+01	415	4.975936e+02	1.754289e+03	1.080000e+01	2.520000e+01	7.790322e-01	7.000000e-01	7.000000e-01	2
4.160000e+01	416	6.929442e+02	1.364197e+03	1.080000e+01	2.520000e+01	6.631519e-01	7.000000e-01	7.000000e-01	2
4.170000e+01	417	4.726058e+02	1.450145e+03	1.080000e+01	2.520000e+01	7.542033e-01	7.000000e-01	7.000000e-01	2
4.180000e+01	418	3.361204e+02	1.448367e+03	1.080000e+01	2.520000e+01	8.116432e-01	7.000000e-01	7.000000e-01	2
4.190000e+01	419	7.708727e+02	1.199679e+03	1.080000e+01	2.520000e+01	6.088037e-01	7.000000e-01	7.000000e-01	2
42	420	4.679965e+02	1.310408e+03	1.080000e+01	2.520000e+01	7.368448e-01	7.000000e-01	7.000000e-01	2
4.210000e+01	421	7.480079e+02	1.103758e+03	1.080000e+01	2.520000e+01	5.960570e-01	7.000000e-01	7.000000e-01	2
4.220000e+01	422	6.460654e+02	1.318829e+03	1.080000e+01	2.520000e+01	6.711958e-01	7.000000e-01	7.000000e-01	2
4.230000e+01	423	6.015593e+02	1.274712e+03	1.080000e+01	2.520000e+01	6.793857e-01	7.000000e-01	7.000000e-01	2
4.240000e+01	424	8.425251e+02	1.472636e+03	1.080000e+01	2.520000e+01	6.360836e-01	7.000000e-01	7.000000e-01	2
4.250000e+01	425	3.559078e+02	1.108356e+03	1.080000e+01	2.520000e+01	7.569374e-01	7.000000e-01	7.000000e-01	2
4.260000e+01	426	2.848475e+02	1.336111e+03	1.080000e+01	2.520000e+01	8.242721e-01	7.000000e-01	7.000000e-01	2
4.270000e+01	427	7.383664e+02	1.016031e+03	1.080000e+01	2.520000e+01	5.791339e-01	7.000000e-01	7.000000e-01	2
4.280000e+01	428	6.305097e+02	1.513469e+03	1.080000e+01	2.520000e+01	7.059161e-01	7.000000e-01	7.000000e-01	2
4.290000e+01	429	7.626976e+02	1.699045e+03	1.080000e+01	2.520000e+01	6.901798e-01	7.000000e-01	7.000000e-01	2
43	430	7.907212e+02	1.420803e+03	1.080000e+01	2.520000e+01	6.424542e-01	7.000000e-01	7.000000e-01	2
4.310000e+01	431	7.177395e+02	6.229677e+02	1.261710e+01	2.338290e+01	4.646560e-01	6.495251e-01	7.000000e-01	2
4.320000e+01	432	1.651068e+03	3.480418e+02	2.880000e+01	7.200000e+00	1.740984e-01	2.000000e-01	2.000000e-01	1
4.330000e+01	433	7.664580e+02	2.793271e+02	2.880000e+01	7.200000e+00	2.670980e-01	2.000000e-01	2.000000e-01	1
4.340000e+01	434	1.655270e+03	1.603402e+02	2.880000e+01	7.200000e+00	8.831201e-02	2.000000e-01	2.000000e-01	1
4.350000e+01	435	1.710179e+03	4.006218e+02	2.880000e+01	7.200000e+00	1.897961e-01	2.000000e-01	2.000000e-01	1
4.360000e+01	436	1.419661e+03	5.706298e+02	2.880000e+01	7.200000e+00	2.867067e-01	2.000000e-01	2.000000e-01	1
4.370000e+01	437	1.466945e+03	1.719667e+02	2.880000e+01	7.200000e+00	1.049274e-01	2.000000e-01	2.000000e-01	1
4.380000e+01	438	1.277769e+03	2.018719e+02	2.880000e+01	7.200000e+00	1.364331e-01	2.000000e-01	2.000000e-01	1
4.390000e+01	439	1.604200e+03	4.268440e+02	2.880000e+01	7.200000e+00	2.101599e-01	2.000000e-01	2.000000e-01	1
44	440	1.540833e+03	6.888839e+02	2.880000e+01	7.200000e+00	3.089558e-01	2.000000e-01	2.000000e-01	1
4.410000e+01	441	1.203233e+03	4.763322e+02	2.880000e+01	7.200000e+00	2.836045e-01	2.000000e-01	2.000000e-01	1
4.420000e+01	442	1.651111e+03	4.897259e+02	2.880000e+01	7.200000e+00	2.287545e-01	2.000000e-01	2.000000e-01	1
4.430000e+01	443	1.812305e+03	4.375079e+02	2.880000e+01	7.200000e+00	1.944641e-01	2.000000e-01	2.000000e-01	1
4.440000e+01	444	1.809442e+03	4.178639e+02	2.880000e+01	7.200000e+00	1.876096e-01	2.000000e-01	2.000000e-01	1
4.450000e+01	445	1.284556e+03	1.921428e+02	2.880000e+01	7.200000e+00	1.301165e-01	2.000000e-01	2.000000e-01	1
4.460000e+01	446	1.692124e+03	2.322052e+02	2.880000e+01	7.200000e+00	1.206681e-01	2.000000e-01	2.000000e-01	1
4.470000e+01	447	1.550007e+03	5.008901e+02	2.880000e+01	7.200000e+00	2.442298e-01	2.000000e-01	2.000000e-01	1
4.480000e+01	448	1.501906e+03	6.772526e+02	2.880000e+01	7.200000e+00	3.107862e-01	2.000000e-01	2.000000e-01	1
4.490000e+01	449	2.103935e+03	3.528353e+02	2.880000e+01	7.200000e+00	1.436176e-01	2.000000e-01	2.000000e-01	1
45	450	1.669364e+03	3.131635e+02	2.880000e+01	7.200000e+00	1.579618e-01	2.000000e-01	2.000000e-01	1
4.510000e+01	451	1.682828e+03	3.675674e+02	2.880000e+01	7.200000e+00	1.792666e-01	2.000000e-01	2.000000e-01	1
4.520000e+01	452	1.851206e+03	6.346280e+02	2.880000e+01	7.200000e+00	2.552979e-01	2.000000e-01	2.000000e-01	1
4.530000e+01	453	1.388057e+03	4.762734e+02	2.880000e+01	7.200000e+00	2.554662e-01	2.000000e-01	2.000000e-01	1
4.540000e+01	454	1.531379e+03	3.113193e+02	2.880000e+01	7.200000e+00	1.689475e-01	2.000000e-01	2.000000e-01	1
4.550000e+01	455	7.000324e+02	9.343992e+02	1.503138e+01	2.096862e+01	5.716967e-01	5.824618e-01	7.000000e-01	3
4.560000e+01	456	7.455160e+02	1.973768e+03	1.080000e+01	2.520000e+01	7.258411e-01	7.000000e-01	7.000000e-01	3
4.570000e+01	457	5.240236e+02	1.142897e+03	1.080000e+01	2.520000e+01	6.856336e-01	7.000000e-01	7.000000e-01	3
4.580000e+01	458	4.582602e+02	8.992268e+02	1.080000e+01	2.520000e+01	6.624202e-01	7.000000e-01	7.000000e-01	3
4.590000e+01	459	3.857313e+02	1.528745e+03	1.080000e+01	2.520000e+01	7.985186e-01	7.000000e-01	7.000000e-01	3
46	460	6.509215e+02	1.638429e+03	1.080000e+01	2.520000e+01	7.156742e-01	7.000000e-01	7.000000e-01	3
4.610000e+01	461	3.836320e+02	1.383670e+03	1.080000e+01	2.520000e+01	7.829278e-01	7.000000e-01	7.000000e-01	3
4.620000e+01	462	5.012649e+02	1.177065e+03	1.080000e+01	2.520000e+01	7.013312e-01	7.000000e-01	7.000000e-01	3
4.630000e+01	463	5.808573e+02	1.626659e+03	1.080000e+01	2.520000e+01	7.368729e-01	7.000000e-01	7.000000e-01	3
4.640000e+01	464	6.138580e+02	1.437591e+03	1.080000e+01	2.520000e+01	7.007685e-01	7.000000e-01	7.000000e-01	3
4.650000e+01	465	4.083409e+02	1.911305e+03	1.080000e+01	2.520000e+01	8.239641e-01	7.000000e-01	7.000000e-01	3
4.660000e+01	466	7.114018e+02	8.300488e+02	1.080000e+01	2.520000e+01	5.384855e-01	7.000000e-01	7.000000e-01	3
4.670000e+01	467	4.157342e+02	1.144159e+03	1.080000e+01	2.520000e+01	7.334854e-01	7.000000e-01	7.000000e-01	3
4.680000e+01	468	7.060509e+02	1.032537e+03	1.080000e+01	2.520000e+01	5.938941e-01	7.000000e-01	7.000000e-01	3
4.690000e+01	469	4.283852e+02	1.618815e+03	1.080000e+01	2.520000e+01	7.907458e-01	7.000000e-01	7.000000e-01	3
47	470	6.748137e+02	1.923906e+03	1.080000e+01	2.520000e+01	7.403284e-01	7.000000e-01	7.000000e-01	3
4.710000e+01	471	2.593387e+02	1.369593e+03	1.080000e+01	2.520000e+01	8.407921e-01	7.000000e-01	7.000000e-01	3
4.720000e+01	472	7.342182e+02	1.586888e+03	1.080000e+01	2.520000e+01	6.836774e-01	7.000000e-01	7.000000e-01	3
4.730000e+01	473	6.025197e+02	1.469770e+03	1.080000e+01	2.520000e+01	7.092492e-01	7.000000e-01	7.000000e-01	3
4.740000e+01	474	5.624324e+02	1.608827e+03	1.080000e+01	2.520000e+01	7.409649e-01	7.000000e-01	7.000000e-01	3
4.750000e+01	475	4.582424e+02	1.799936e+03	1.080000e+01	2.520000e+01	7.970743e-01	7.000000e-01	7.000000e-01	3
4.760000e+01	476	7.093158e+02	1.606448e+03	1.080000e+01	2.520000e+01	6.937011e-01	7.000000e-01	7.000000e-01	3
4.770000e+01	477	3.390323e+02	8.267785e+02	1.080000e+01	2.520000e+01	7.091875e-01	7.000000e-01	7.000000e-01	3
4.780000e+01	478	6.799166e+02	1.712157e+03	1.080000e+01	2.520000e+01	7.157627e-01	7.000000e-01	7.000000e-01	3
4.790000e+01	479	3.336313e+02	1.299852e+03	1.080000e+01	2.520000e+01	7.957547e-01	7.000000e-01	7.000000e-01	3
48	480	5.378330e+02	1.501524e+03	1.080000e+01	2.520000e+01	7.362732e-01	7.000000e-01	7.000000e-01	3
4.810000e+01	481	6.913092e+02	1.539321e+03	1.080000e+01	2.520000e+01	6.900834e-01	7.000000e-01	7.000000e-01	3
4.820000e+01	482	6.334157e+02	1.272509e+03	1.080000e+01	2.520000e+01	6.676596e-01	7.000000e-01	7.000000e-01	3
4.830000e+01	483	2.631423e+02	1.301718e+03	1.080000e+01	2.520000e+01	8.318429e-01	7.000000e-01	7.000000e-01	3
4.840000e+01	484	4.778233e+02	1.393023e+03	1.080000e+01	2.520000e+01	7.445951e-01	7.000000e-01	7.000000e-01	3
4.850000e+01	485	4.126709e+02	1.320404e+03	1.080000e+01	2.520000e+01	7.618851e-01	7.000000e-01	7.000000e-01	3
4.860000e+01	486	2.328607e+02	1.546106e+03	1.080000e+01	2.520000e+01	8.691034e-01	7.000000e-01	7.000000e-01	3
4.870000e+01	487	6.851079e+02	1.604106e+03	1.080000e+01	2.520000e+01	7.007236e-01	7.000000e-01	7.000000e-01	3
4.880000e+01	488	3.638840e+02	1.107363e+03	1.080000e+01	2.520000e+01	7.526697e-01	7.000000e-01	7.000000e-01	3
4.890000e+01	489	4.923752e+02	1.467326e+03	1.080000e+01	2.520000e+01	7.487499e-01	7.000000e-01	7.000000e-01	3
49	490	5.054817e+02	7.556458e+02	1.080000e+01	2.520000e+01	5.991827e-01	7.000000e-01	7.000000e-01	3
4.910000e+01	491	4.968778e+02	1.741353e+03	1.080000e+01	2.520000e+01	7.780042e-01	7.000000e-01	7.000000e-01	3
4.920000e+01	492	1.780384e+02	1.419157e+03	1.080000e+01	2.520000e+01	8.885306e-01	7.000000e-01	7.000000e-01	3
4.930000e+01	493	5.935521e+02	1.276243e+03	1.080000e+01	2.520000e+01	6.825576e-01	7.000000e-01	7.000000e-01	3
4.940000e+01	494	3.901419e+02	1.826201e+03	1.080000e+01	2.520000e+01	8.239705e-01	7.000000e-01	7.000000e-01	3
4.950000e+01	495	4.762454e+02	9.616991e+02	1.080000e+01	2.520000e+01	6.688013e-01	7.000000e-01	7.000000e-01	3
4.960000e+01	496	4.247043e+02	1.485537e+03	1.080000e+01	2.520000e+01	7.776699e-01	7.000000e-01	7.000000e-01	3
4.970000e+01	497	7.959447e+02	1.168057e+03	1.080000e+01	2.520000e+01	5.947333e-01	7.000000e-01	7.000000e-01	3
4.980000e+01	498	9.847766e+02	7.396613e+02	1.080000e+01	2.520000e+01	4.289289e-01	7.000000e-01	7.000000e-01	3
4.990000e+01	499	7.688177e+02	1.076040e+03	1.080000e+01	2.520000e+01	5.832646e-01	7.000000e-01	7.000000e-01	3
50	500	4.753868e+02	1.553251e+03	1.080000e+01	2.520000e+01	7.656621e-01	7.000000e-01	7.000000e-01	3
5.010000e+01	501	1.784256e+02	9.773297e+02	1.080000e+01	2.520000e+01	8.456199e-01	7.000000e-01	7.000000e-01	3
5.020000e+01	502	6.018956e+02	1.579081e+03	1.080000e+01	2.520000e+01	7.240247e-01	7.000000e-01	7.000000e-01	3
5.030000e+01	503	4.034895e+02	1.295661e+03	1.080000e+01	2.520000e+01	7.625346e-01	7.000000e-01	7.000000e-01	3
5.040000e+01	504	6.322422e+02	1.570554e+03	1.080000e+01	2.520000e+01	7.129820e-01	7.000000e-01	7.000000e-01	3
5.050000e+01	505	6.597761e+02	1.408081e+03	1.080000e+01	2.520000e+01	6.809373e-01	7.000000e-01	7.000000e-01	3
5.060000e+01	506	7.105016e+02	1.262103e+03	1.080000e+01	2.520000e+01	6.398155e-01	7.000000e-01	7.000000e-01	3
5.070000e+01	507	6.766372e+02	1.802904e+03	1.080000e+01	2.520000e+01	7.271119e-01	7.000000e-01	7.000000e-01	3
5.080000e+01	508	7.520758e+02	1.572246e+03	1.080000e+01	2.520000e+01	6.764322e-01	7.000000e-01	7.000000e-01	3
5.090000e+01	509	2.540948e+02	1.039481e+03	1.080000e+01	2.520000e+01	8.035718e-01	7.000000e-01	7.000000e-01	3
51	510	9.630425e+02	1.348598e+03	1.080000e+01	2.520000e+01	5.833944e-01	7.000000e-01	7.000000e-01	3
5.110000e+01	511	5.768025e+02	1.617399e+03	1.080000e+01	2.520000e+01	7.371241e-01	7.000000e-01	7.000000e-01	3
5.120000e+01	512	5.730315e+02	1.324501e+03	1.080000e+01	2.520000e+01	6.980122e-01	7.000000e-01	7.000000e-01	3
5.130000e+01	513	2.310310e+02	1.716133e+03	1.080000e+01	2.520000e+01	8.813500e-01	7.000000e-01	7.000000e-01	3
5.140000e+01	514	4.660715e+02	2.286229e+03	1.080000e+01	2.520000e+01	8.306611e-01	7.000000e-01	7.000000e-01	3
5.150000e+01	515	5.860610e+02	1.669631e+03	1.080000e+01	2.520000e+01	7.401857e-01	7.000000e-01	7.000000e-01	3
5.160000e+01	516	4.343576e+02	1.560305e+03	1.080000e+01	2.520000e+01	7.822400e-01	7.000000e-01	7.000000e-01	3
5.170000e+01	517	6.969438e+02	1.142484e+03	1.080000e+01	2.520000e+01	6.211084e-01	7.000000e-01	7.000000e-01	3
5.180000e+01	518	4.557503e+02	1.425477e+03	1.080000e+01	2.520000e+01	7.577378e-01	7.000000e-01	7.000000e-01	3
5.190000e+01	519	6.369663e+02	1.357536e+03	1.080000e+01	2.520000e+01	6.806390e-01	7.000000e-01	7.000000e-01	3
52	520	5.891520e+02	1.213803e+03	1.080000e+01	2.520000e+01	6.732298e-01	7.000000e-01	7.000000e-01	3
5.210000e+01	521	6.760091e+02	1.428624e+03	1.080000e+01	2.520000e+01	6.787996e-01	7.000000e-01	7.000000e-01	3
5.220000e+01	522	4.614560e+02	6.831482e+02	1.080000e+01	2.520000e+01	5.968423e-01	7.000000e-01	7.000000e-01	3
5.230000e+01	523	2.705008e+02	1.436354e+03	1.080000e+01	2.520000e+01	8.415209e-01	7.000000e-01	7.000000e-01	3
5.240000e+01	524	4.715311e+02	1.657841e+03	1.080000e+01	2.520000e+01	7.785586e-01	7.000000e-01	7.000000e-01	3
5.250000e+01	525	6.280483e+02	1.508836e+03	1.080000e+01	2.520000e+01	7.060915e-01	7.000000e-01	7.000000e-01	3
5.260000e+01	526	3.438149e+02	1.127592e+03	1.080000e+01	2.520000e+01	7.663359e-01	7.000000e-01	7.000000e-01	3
5.270000e+01	527	7.056149e+02	1.225684e+03	1.080000e+01	2.520000e+01	6.346424e-01	7.000000e-01	7.000000e-01	3
5.280000e+01	528	5.195534e+02	9.317430e+02	1.080000e+01	2.520000e+01	6.420074e-01	7.000000e-01	7.000000e-01	3
5.290000e+01	529	2.395185e+00	1.282001e+03	1.080000e+01	2.520000e+01	9.981352e-01	7.000000e-01	7.000000e-01	3
53	530	4.792170e+02	1.093798e+03	1.080000e+01	2.520000e+01	6.953512e-01	7.000000e-01	7.000000e-01	3
5.310000e+01	531	5.264665e+02	8.941328e+02	1.080000e+01	2.520000e+01	6.294053e-01	7.000000e-01	7.000000e-01	3
5.320000e+01	532	5.080747e+02	1.106427e+03	1.080000e+01	2.520000e+01	6.853055e-01	7.000000e-01	7.000000e-01	3
5.330000e+01	533	4.769765e+02	1.607601e+03	1.080000e+01	2.520000e+01	7.711879e-01	7.000000e-01	7.000000e-01	3
5.340000e+01	534	7.224745e+02	1.579546e+03	1.080000e+01	2.520000e+01	6.861563e-01	7.000000e-01	7.000000e-01	3
5.350000e+01	535	5.948449e+02	1.444151e+03	1.080000e+01	2.520000e+01	7.082657e-01	7.000000e-01	7.000000e-01	3
5.360000e+01	536	4.763736e+02	1.755770e+03	1.080000e+01	2.520000e+01	7.865847e-01	7.000000e-01	7.000000e-01	3
5.370000e+01	537	7.120955e+02	1.441205e+03	1.080000e+01	2.520000e+01	6.693004e-01	7.000000e-01	7.000000e-01	3
5.380000e+01	538	4.840905e+02	1.006685e+03	1.080000e+01	2.520000e+01	6.752760e-01	7.000000e-01	7.000000e-01	3
5.390000e+01	539	2.342504e+02	1.191620e+03	1.080000e+01	2.520000e+01	8.357141e-01	7.000000e-01	7.000000e-01	3
54	540	6.500816e+02	1.567610e+03	1.080000e+01	2.520000e+01	7.068656e-01	7.000000e-01	7.000000e-01	3
5.410000e+01	541	3.054860e+02	8.132830e+02	1.080000e+01	2.520000e+01	7.269445e-01	7.000000e-01	7.000000e-01	3
5.420000e+01	542	6.515024e+02	1.127413e+03	1.080000e+01	2.520000e+01	6.337642e-01	7.000000e-01	7.000000e-01	3
5.430000e+01	543	8.324348e+02	1.633364e+03	1.080000e+01	2.520000e+01	6.624077e-01	7.000000e-01	7.000000e-01	3
5.440000e+01	544	3.998602e+02	1.533833e+03	1.080000e+01	2.520000e+01	7.932143e-01	7.000000e-01	7.000000e-01	3
5.450000e+01	545	5.619688e+02	8.635292e+02	1.080000e+01	2.520000e+01	6.057737e-01	7.000000e-01	7.000000e-01	3
5.460000e+01	546	5.273149e+02	1.312702e+03	1.080000e+01	2.520000e+01	7.134184e-01	7.000000e-01	7.000000e-01	3
5.470000e+01	547	7.111316e+02	1.363169e+03	1.080000e+01	2.520000e+01	6.571704e-01	7.000000e-01	7.000000e-01	3
5.480000e+01	548	5.019237e+02	1.097661e+03	1.080000e+01	2.520000e+01	6.862163e-01	7.000000e-01	7.000000e-01	3
5.490000e+01	549	7.517649e+02	1.244866e+03	1.080000e+01	2.520000e+01	6.234833e-01	7.000000e-01	7.000000e-01	3
55	550	7.671636e+02	1.305870e+03	1.080000e+01	2.520000e+01	6.299320e-01	7.000000e-01	7.000000e-01	3
5.510000e+01	551	5.542663e+02	8.515045e+02	1.080000e+01	2.520000e+01	6.057207e-01	7.000000e-01	7.000000e-01	3
5.520000e+01	552	4.486743e+02	1.479977e+03	1.080000e+01	2.520000e+01	7.673637e-01	7.000000e-01	7.000000e-01	3
5.530000e+01	553	3.364308e+02	1.758672e+03	1.080000e+01	2.520000e+01	8.394204e-01	7.000000e-01	7.000000e-01	3
5.540000e+01	554	9.640490e+02	1.231884e+03	1.080000e+01	2.520000e+01	5.609844e-01	7.000000e-01	7.000000e-01	3
5.550000e+01	555	3.870549e+02	1.446866e+03	1.080000e+01	2.520000e+01	7.889467e-01	7.000000e-01	7.000000e-01	3
5.560000e+01	556	7.280154e+02	1.671663e+03	1.080000e+01	2.520000e+01	6.966196e-01	7.000000e-01	7.000000e-01	3
5.570000e+01	557	6.596676e+02	1.303166e+03	1.080000e+01	2.520000e+01	6.639207e-01	7.000000e-01	7.000000e-01	3
5.580000e+01	558	4.602285e+02	1.916437e+03	1.080000e+01	2.520000e+01	8.063554e-01	7.000000e-01	7.000000e-01	3
5.590000e+01	559	7.336355e+02	1.592789e+03	1.080000e+01	2.520000e+01	6.846510e-01	7.000000e-01	7.000000e-01	3
56	560	4.379499e+02	1.441159e+03	1.080000e+01	2.520000e+01	7.669374e-01	7.000000e-01	7.000000e-01	3
5.610000e+01	561	6.242397e+02	1.702538e+03	1.080000e+01	2.520000e+01	7.317149e-01	7.000000e-01	7.000000e-01	3
5.620000e+01	562	7.537634e+02	1.918791e+03	1.080000e+01	2.520000e+01	7.179615e-01	7.000000e-01	7.000000e-01	3
5.630000e+01	563	6.038382e+02	1.057480e+03	1.080000e+01	2.520000e+01	6.365308e-01	7.000000e-01	7.000000e-01	3
5.640000e+01	564	6.929591e+02	1.562521e+03	1.080000e+01	2.520000e+01	6.927664e-01	7.000000e-01	7.000000e-01	3
5.650000e+01	565	6.809198e+02	1.221641e+03	1.080000e+01	2.520000e+01	6.421036e-01	7.000000e-01	7.000000e-01	3
5.660000e+01	566	5.493414e+02	1.667408e+03	1.080000e+01	2.520000e+01	7.521861e-01	7.000000e-01	7.000000e-01	3
5.670000e+01	567	5.601046e+02	1.376708e+03	1.080000e+01	2.520000e+01	7.108112e-01	7.000000e-01	7.000000e-01	3
5.680000e+01	568	6.707329e+02	1.608209e+03	1.080000e+01	2.520000e+01	7.056823e-01	7.000000e-01	7.000000e-01	3
5.690000e+01	569	1.053093e+03	1.585067e+03	1.080000e+01	2.520000e+01	6.008230e-01	7.000000e-01	7.000000e-01	3
57	570	8.007674e+02	1.015157e+03	1.080000e+01	2.520000e+01	5.590304e-01	7.000000e-01	7.000000e-01	3
5.710000e+01	571	5.314941e+02	1.363825e+03	1.080000e+01	2.520000e+01	7.195754e-01	7.000000e-01	7.000000e-01	3
5.720000e+01	572	6.128727e+02	1.218550e+03	1.080000e+01	2.520000e+01	6.653571e-01	7.000000e-01	7.000000e-01	3
5.730000e+01	573	3.062118e+02	1.824622e+03	1.080000e+01	2.520000e+01	8.562948e-01	7.000000e-01	7.000000e-01	3
5.740000e+01	574	4.543473e+02	1.687494e+03	1.080000e+01	2.520000e+01	7.878707e-01	7.000000e-01	7.000000e-01	3
5.750000e+01	575	6.546261e+02	1.302169e+03	1.080000e+01	2.520000e+01	6.654600e-01	7.000000e-01	7.000000e-01	3
5.760000e+01	576	6.904821e+02	1.338658e+03	1.080000e+01	2.520000e+01	6.597169e-01	7.000000e-01	7.000000e-01	3
5.770000e+01	577	4.046727e+02	9.354053e+02	1.080000e+01	2.520000e+01	6.980230e-01	7.000000e-01	7.000000e-01	3
5.780000e+01	578	5.504603e+02	1.516245e+03	1.080000e+01	2.520000e+01	7.336533e-01	7.000000e-01	7.000000e-01	3
5.790000e+01	579	6.299139e+02	1.442556e+03	1.080000e+01	2.520000e+01	6.960565e-01	7.000000e-01	7.000000e-01	3
58	580	4.302713e+02	1.501167e+03	1.080000e+01	2.520000e+01	7.772275e-01	7.000000e-01	7.000000e-01	3
5.810000e+01	581	5.346491e+02	2.152266e+03	1.080000e+01	2.520000e+01	8.010175e-01	7.000000e-01	7.000000e-01	3
5.820000e+01	582	4.072788e+02	1.443089e+03	1.080000e+01	2.520000e+01	7.798931e-01	7.000000e-01	7.000000e-01	3
5.830000e+01	583	6.769833e+02	1.628965e+03	1.080000e+01	2.520000e+01	7.064187e-01	7.000000e-01	7.000000e-01	3
5.840000e+01	584	7.687640e+02	1.052957e+03	1.080000e+01	2.520000e+01	5.780013e-01	7.000000e-01	7.000000e-01	3
5.850000e+01	585	6.294895e+02	1.544152e+03	1.080000e+01	2.520000e+01	7.103987e-01	7.000000e-01	7.000000e-01	3
5.860000e+01	586	2.977410e+02	1.624699e+03	1.080000e+01	2.520000e+01	8.451234e-01	7.000000e-01	7.000000e-01	3
5.870000e+01	587	6.130224e+02	9.835486e+02	1.080000e+01	2.520000e+01	6.160381e-01	7.000000e-01	7.000000e-01	3
5.880000e+01	588	4.760206e+02	1.551603e+03	1.080000e+01	2.520000e+01	7.652323e-01	7.000000e-01	7.000000e-01	3
5.890000e+01	589	7.212922e+02	1.462444e+03	1.080000e+01	2.520000e+01	6.696981e-01	7.000000e-01	7.000000e-01	3
59	590	2.792406e+02	1.301986e+03	1.080000e+01	2.520000e+01	8.234025e-01	7.000000e-01	7.000000e-01	3
5.910000e+01	591	3.356320e+02	1.231479e+03	1.080000e+01	2.520000e+01	7.858276e-01	7.000000e-01	7.000000e-01	3
5.920000e+01	592	6.748419e+02	1.461125e+03	1.080000e+01	2.520000e+01	6.840578e-01	7.000000e-01	7.000000e-01	3
5.930000e+01	593	1.053278e+03	5.636358e+02	2.419802e+01	1.180198e+01	3.485874e-01	3.278329e-01	2.000000e-01	1
5.940000e+01	594	1.660161e+03	4.517061e+02	2.880000e+01	7.200000e+00	2.138895e-01	2.000000e-01	2.000000e-01	1
5.950000e+01	595	2.052622e+03	1.198547e+02	2.880000e+01	7.200000e+00	5.516961e-02	2.000000e-01	2.000000e-01	1
5.960000e+01	596	1.900194e+03	4.389823e+02	2.880000e+01	7.200000e+00	1.876654e-01	2.000000e-01	2.000000e-01	1
5.970000e+01	597	1.494970e+03	4.332357e+02	2.880000e+01	7.200000e+00	2.246833e-01	2.000000e-01	2.000000e-01	1
5.980000e+01	598	1.772991e+03	6.265393e+02	2.880000e+01	7.200000e+00	2.611091e-01	2.000000e-01	2.000000e-01	1
5.990000e+01	599	1.835012e+03	8.944623e+01	2.880000e+01	7.200000e+00	4.647865e-02	2.000000e-01	2.000000e-01	1
60	600	1.490793e+03	4.148524e+02	2.880000e+01	7.200000e+00	2.176966e-01	2.000000e-01	2.000000e-01	1
6.010000e+01	601	1.064767e+03	3.839395e+02	2.880000e+01	7.200000e+00	2.650224e-01	2.000000e-01	2.000000e-01	1
6.020000e+01	602	2.004047e+03	4.136606e+02	2.880000e+01	7.200000e+00	1.710962e-01	2.000000e-01	2.000000e-01	1
6.030000e+01	603	2.093776e+03	5.135920e+02	2.880000e+01	7.200000e+00	1.969772e-01	2.000000e-01	2.000000e-01	1
6.040000e+01	604	1.668238e+03	5.097578e+02	2.880000e+01	7.200000e+00	2.340490e-01	2.000000e-01	2.000000e-01	1
6.050000e+01	605	2.228263e+03	2.642861e+02	2.880000e+01	7.200000e+00	1.060304e-01	2.000000e-01	2.000000e-01	1
6.060000e+01	606	1.374212e+03	1.712966e+02	2.880000e+01	7.200000e+00	1.108351e-01	2.000000e-01	2.000000e-01	1
6.070000e+01	607	1.501343e+03	4.180046e+02	2.880000e+01	7.200000e+00	2.177847e-01	2.000000e-01	2.000000e-01	1
6.080000e+01	608	1.620775e+03	3.223962e+02	2.880000e+01	7.200000e+00	1.659124e-01	2.000000e-01	2.000000e-01	1
6.090000e+01	609	1.662492e+03	6.380111e+02	2.880000e+01	7.200000e+00	2.773355e-01	2.000000e-01	2.000000e-01	1
61	610	1.571047e+03	3.932160e+02	2.880000e+01	7.200000e+00	2.001850e-01	2.000000e-01	2.000000e-01	1
6.110000e+01	611	1.143401e+03	4.118051e+02	2.880000e+01	7.200000e+00	2.647913e-01	2.000000e-01	2.000000e-01	1
6.120000e+01	612	1.778128e+03	3.527195e+02	2.880000e+01	7.200000e+00	1.655301e-01	2.000000e-01	2.000000e-01	1
6.130000e+01	613	1.834675e+03	5.120782e+02	2.880000e+01	7.200000e+00	2.182071e-01	2.000000e-01	2.000000e-01	1
6.140000e+01	614	1.665729e+03	4.596617e+02	2.880000e+01	7.200000e+00	2.162716e-01	2.000000e-01	2.000000e-01	1
6.150000e+01	615	1.571635e+03	5.194115e+02	2.880000e+01	7.200000e+00	2.483979e-01	2.000000e-01	2.000000e-01	1
6.160000e+01	616	1.903858e+03	2.313511e+02	2.880000e+01	7.200000e+00	1.083506e-01	2.000000e-01	2.000000e-01	1
6.170000e+01	617	1.349609e+03	4.543976e+02	2.880000e+01	7.200000e+00	2.518825e-01	2.000000e-01	2.000000e-01	1
6.180000e+01	618	1.675088e+03	4.550473e+02	2.880000e+01	7.200000e+00	2.136237e-01	2.000000e-01	2.000000e-01	1
6.190000e+01	619	2.175360e+03	4.515079e+02	2.880000e+01	7.200000e+00	1.718807e-01	2.000000e-01	2.000000e-01	1
62	620	1.936223e+03	3.015922e+02	2.880000e+01	7.200000e+00	1.347708e-01	2.000000e-01	2.000000e-01	1
