   1.0000000e+00   1.3000000e+01   1.0310966e-01
   2.0000000e+00   2.2000000e+01   9.2478055e-02
   3.0000000e+00   1.7000000e+01   8.2942675e-02
   4.0000000e+00   1.6000000e+01   7.4390484e-02
   5.0000000e+00   1.2000000e+01   6.6720107e-02
   6.0000000e+00   1.1000000e+01   5.9840619e-02
   7.0000000e+00   9.0000000e+00   5.3670474e-02
   8.0000000e+00   9.0000000e+00   4.8136530e-02
   9.0000000e+00   1.0000000e+01   4.3173189e-02
   1.0000000e+01   7.0000000e+00   3.8721616e-02
   1.1000000e+01   7.0000000e+00   3.4729043e-02
   1.2000000e+01   5.0000000e+00   3.1148144e-02
   1.3000000e+01   5.0000000e+00   2.7936469e-02
   1.4000000e+01   7.0000000e+00   2.5055950e-02
   1.5000000e+01   5.0000000e+00   2.2472439e-02
   1.6000000e+01   3.0000000e+00   2.0155314e-02
   1.7000000e+01   1.0000000e+00   1.8077106e-02
   1.8000000e+01   2.0000000e+00   1.6213182e-02
   1.9000000e+01   5.0000000e+00   1.4541446e-02
   2.0000000e+01   1.0000000e+00   1.3042083e-02
   2.1000000e+01   1.0000000e+00   1.1697318e-02
   2.2000000e+01   1.0000000e+00   1.0491212e-02
   2.3000000e+01   2.0000000e+00   9.4094665e-03
   2.4000000e+01   2.0000000e+00   8.4392596e-03
   2.5000000e+01   2.0000000e+00   7.5690905e-03
   2.6000000e+01   0.0000000e+00   6.7886442e-03
   2.7000000e+01   2.0000000e+00   6.0886694e-03
   2.8000000e+01   3.0000000e+00   5.4608688e-03
   2.9000000e+01   1.0000000e+00   4.8978005e-03
   3.0000000e+01   1.0000000e+00   4.3927900e-03
   3.1000000e+01   1.0000000e+00   3.9398509e-03
   3.2000000e+01   1.0000000e+00   3.5336142e-03
   3.3000000e+01   0.0000000e+00   3.1692645e-03
   3.4000000e+01   0.0000000e+00   2.8424827e-03
   3.5000000e+01   0.0000000e+00   2.5493953e-03
   3.6000000e+01   1.0000000e+00   2.2865280e-03
   3.7000000e+01   1.0000000e+00   2.0507649e-03
   3.8000000e+01   0.0000000e+00   1.8393112e-03
   3.9000000e+01   2.0000000e+00   1.6496605e-03
   4.0000000e+01   0.0000000e+00   1.4795646e-03
   4.1000000e+01   0.0000000e+00   1.3270072e-03
   4.2000000e+01   0.0000000e+00   1.1901799e-03
   4.3000000e+01   0.0000000e+00   1.0674609e-03
   4.4000000e+01   0.0000000e+00   9.5739535e-04
   4.5000000e+01   0.0000000e+00   8.5867864e-04
   4.6000000e+01   0.0000000e+00   7.7014058e-04
   4.7000000e+01   0.0000000e+00   6.9073165e-04
   4.8000000e+01   0.0000000e+00   6.1951055e-04
   4.9000000e+01   0.0000000e+00   5.5563303e-04
   5.0000000e+01   0.0000000e+00   4.9834190e-04
   5.1000000e+01   1.0000000e+00   4.4695804e-04
