   1.0000000e+00   2.0000000e+00   9.6086618e-03
   2.0000000e+00   4.0000000e+00   9.5163354e-03
   3.0000000e+00   3.0000000e+00   9.4248961e-03
   4.0000000e+00   1.0000000e+00   9.3343355e-03
   5.0000000e+00   6.0000000e+00   9.2446450e-03
   6.0000000e+00   3.0000000e+00   9.1558164e-03
   7.0000000e+00   2.0000000e+00   9.0678412e-03
   8.0000000e+00   1.0000000e+00   8.9807114e-03
   9.0000000e+00   5.0000000e+00   8.8944188e-03
   1.0000000e+01   5.0000000e+00   8.8089553e-03
   1.1000000e+01   7.0000000e+00   8.7243131e-03
   1.2000000e+01   7.0000000e+00   8.6404841e-03
   1.3000000e+01   4.0000000e+00   8.5574606e-03
   1.4000000e+01   2.0000000e+00   8.4752348e-03
   1.5000000e+01   2.0000000e+00   8.3937992e-03
   1.6000000e+01   1.0000000e+00   8.3131460e-03
   1.7000000e+01   5.0000000e+00   8.2332678e-03
   1.8000000e+01   2.0000000e+00   8.1541571e-03
   1.9000000e+01   6.0000000e+00   8.0758066e-03
   2.0000000e+01   3.0000000e+00   7.9982089e-03
   2.1000000e+01   4.0000000e+00   7.9213568e-03
   2.2000000e+01   2.0000000e+00   7.8452432e-03
   2.3000000e+01   7.0000000e+00   7.7698609e-03
   2.4000000e+01   5.0000000e+00   7.6952029e-03
   2.5000000e+01   1.0000000e+00   7.6212623e-03
   2.6000000e+01   4.0000000e+00   7.5480322e-03
   2.7000000e+01   4.0000000e+00   7.4755057e-03
   2.8000000e+01   3.0000000e+00   7.4036761e-03
   2.9000000e+01   5.0000000e+00   7.3325367e-03
   3.0000000e+01   3.0000000e+00   7.2620808e-03
   3.1000000e+01   2.0000000e+00   7.1923019e-03
   3.2000000e+01   2.0000000e+00   7.1231935e-03
   3.3000000e+01   4.0000000e+00   7.0547492e-03
   3.4000000e+01   2.0000000e+00   6.9869625e-03
   3.5000000e+01   3.0000000e+00   6.9198271e-03
   3.6000000e+01   5.0000000e+00   6.8533368e-03
   3.7000000e+01   1.0000000e+00   6.7874854e-03
   3.8000000e+01   4.0000000e+00   6.7222668e-03
   3.9000000e+01   6.0000000e+00   6.6576748e-03
   4.0000000e+01   4.0000000e+00   6.5937034e-03
   4.1000000e+01   5.0000000e+00   6.5303468e-03
   4.2000000e+01   3.0000000e+00   6.4675989e-03
   4.3000000e+01   1.0000000e+00   6.4054539e-03
   4.4000000e+01   4.0000000e+00   6.3439061e-03
   4.5000000e+01   3.0000000e+00   6.2829496e-03
   4.6000000e+01   4.0000000e+00   6.2225789e-03
   4.7000000e+01   4.0000000e+00   6.1627882e-03
   4.8000000e+01   0.0000000e+00   6.1035721e-03
   4.9000000e+01   2.0000000e+00   6.0449249e-03
   5.0000000e+01   3.0000000e+00   5.9868413e-03
   5.1000000e+01   4.0000000e+00   5.9293158e-03
   5.2000000e+01   1.0000000e+00   5.8723430e-03
   5.3000000e+01   4.0000000e+00   5.8159176e-03
   5.4000000e+01   4.0000000e+00   5.7600344e-03
   5.5000000e+01   3.0000000e+00   5.7046882e-03
   5.6000000e+01   2.0000000e+00   5.6498738e-03
   5.7000000e+01   2.0000000e+00   5.5955861e-03
   5.8000000e+01   0.0000000e+00   5.5418200e-03
   5.9000000e+01   2.0000000e+00   5.4885705e-03
   6.0000000e+01   6.0000000e+00   5.4358327e-03
   6.1000000e+01   1.0000000e+00   5.3836016e-03
   6.2000000e+01   4.0000000e+00   5.3318724e-03
   6.3000000e+01   5.0000000e+00   5.2806402e-03
   6.4000000e+01   1.0000000e+00   5.2299003e-03
   6.5000000e+01   1.0000000e+00   5.1796480e-03
   6.6000000e+01   3.0000000e+00   5.1298785e-03
   6.7000000e+01   5.0000000e+00   5.0805872e-03
   6.8000000e+01   2.0000000e+00   5.0317696e-03
   6.9000000e+01   1.0000000e+00   4.9834210e-03
   7.0000000e+01   0.0000000e+00   4.9355370e-03
   7.1000000e+01   1.0000000e+00   4.8881131e-03
   7.2000000e+01   1.0000000e+00   4.8411449e-03
   7.3000000e+01   1.0000000e+00   4.7946280e-03
   7.4000000e+01   1.0000000e+00   4.7485580e-03
   7.5000000e+01   1.0000000e+00   4.7029307e-03
   7.6000000e+01   4.0000000e+00   4.6577418e-03
   7.7000000e+01   2.0000000e+00   4.6129872e-03
   7.8000000e+01   2.0000000e+00   4.5686625e-03
   7.9000000e+01   0.0000000e+00   4.5247638e-03
   8.0000000e+01   5.0000000e+00   4.4812869e-03
   8.1000000e+01   3.0000000e+00   4.4382277e-03
   8.2000000e+01   1.0000000e+00   4.3955823e-03
   8.3000000e+01   4.0000000e+00   4.3533466e-03
   8.4000000e+01   2.0000000e+00   4.3115168e-03
   8.5000000e+01   1.0000000e+00   4.2700889e-03
   8.6000000e+01   0.0000000e+00   4.2290590e-03
   8.7000000e+01   2.0000000e+00   4.1884234e-03
   8.8000000e+01   3.0000000e+00   4.1481783e-03
   8.9000000e+01   3.0000000e+00   4.1083199e-03
   9.0000000e+01   2.0000000e+00   4.0688444e-03
   9.1000000e+01   2.0000000e+00   4.0297483e-03
   9.2000000e+01   3.0000000e+00   3.9910278e-03
   9.3000000e+01   4.0000000e+00   3.9526793e-03
   9.4000000e+01   3.0000000e+00   3.9146994e-03
   9.5000000e+01   3.0000000e+00   3.8770843e-03
   9.6000000e+01   0.0000000e+00   3.8398308e-03
   9.7000000e+01   1.0000000e+00   3.8029351e-03
   9.8000000e+01   2.0000000e+00   3.7663940e-03
   9.9000000e+01   0.0000000e+00   3.7302040e-03
   1.0000000e+02   3.0000000e+00   3.6943617e-03
   1.0100000e+02   0.0000000e+00   3.6588639e-03
   1.0200000e+02   2.0000000e+00   3.6237071e-03
   1.0300000e+02   1.0000000e+00   3.5888881e-03
   1.0400000e+02   2.0000000e+00   3.5544037e-03
   1.0500000e+02   1.0000000e+00   3.5202506e-03
   1.0600000e+02   3.0000000e+00   3.4864257e-03
   1.0700000e+02   0.0000000e+00   3.4529258e-03
   1.0800000e+02   1.0000000e+00   3.4197478e-03
   1.0900000e+02   2.0000000e+00   3.3868886e-03
   1.1000000e+02   3.0000000e+00   3.3543452e-03
   1.1100000e+02   4.0000000e+00   3.3221144e-03
   1.1200000e+02   5.0000000e+00   3.2901933e-03
   1.1300000e+02   4.0000000e+00   3.2585790e-03
   1.1400000e+02   3.0000000e+00   3.2272684e-03
   1.1500000e+02   1.0000000e+00   3.1962587e-03
   1.1600000e+02   1.0000000e+00   3.1655469e-03
   1.1700000e+02   2.0000000e+00   3.1351302e-03
   1.1800000e+02   3.0000000e+00   3.1050058e-03
   1.1900000e+02   2.0000000e+00   3.0751709e-03
   1.2000000e+02   2.0000000e+00   3.0456226e-03
   1.2100000e+02   1.0000000e+00   3.0163582e-03
   1.2200000e+02   3.0000000e+00   2.9873751e-03
   1.2300000e+02   3.0000000e+00   2.9586704e-03
   1.2400000e+02   4.0000000e+00   2.9302415e-03
   1.2500000e+02   3.0000000e+00   2.9020858e-03
   1.2600000e+02   1.0000000e+00   2.8742007e-03
   1.2700000e+02   3.0000000e+00   2.8465834e-03
   1.2800000e+02   1.0000000e+00   2.8192316e-03
   1.2900000e+02   1.0000000e+00   2.7921425e-03
   1.3000000e+02   4.0000000e+00   2.7653138e-03
   1.3100000e+02   1.0000000e+00   2.7387428e-03
   1.3200000e+02   1.0000000e+00   2.7124272e-03
   1.3300000e+02   2.0000000e+00   2.6863644e-03
   1.3400000e+02   1.0000000e+00   2.6605520e-03
   1.3500000e+02   2.0000000e+00   2.6349877e-03
   1.3600000e+02   1.0000000e+00   2.6096690e-03
   1.3700000e+02   3.0000000e+00   2.5845935e-03
   1.3800000e+02   2.0000000e+00   2.5597590e-03
   1.3900000e+02   0.0000000e+00   2.5351632e-03
   1.4000000e+02   1.0000000e+00   2.5108037e-03
   1.4100000e+02   0.0000000e+00   2.4866782e-03
   1.4200000e+02   2.0000000e+00   2.4627846e-03
   1.4300000e+02   1.0000000e+00   2.4391205e-03
   1.4400000e+02   0.0000000e+00   2.4156838e-03
   1.4500000e+02   1.0000000e+00   2.3924723e-03
   1.4600000e+02   0.0000000e+00   2.3694839e-03
   1.4700000e+02   2.0000000e+00   2.3467163e-03
   1.4800000e+02   2.0000000e+00   2.3241675e-03
   1.4900000e+02   1.0000000e+00   2.3018353e-03
   1.5000000e+02   1.0000000e+00   2.2797178e-03
   1.5100000e+02   0.0000000e+00   2.2578128e-03
   1.5200000e+02   2.0000000e+00   2.2361182e-03
   1.5300000e+02   1.0000000e+00   2.2146321e-03
   1.5400000e+02   1.0000000e+00   2.1933524e-03
   1.5500000e+02   1.0000000e+00   2.1722773e-03
   1.5600000e+02   1.0000000e+00   2.1514046e-03
   1.5700000e+02   1.0000000e+00   2.1307325e-03
   1.5800000e+02   3.0000000e+00   2.1102590e-03
   1.5900000e+02   0.0000000e+00   2.0899822e-03
   1.6000000e+02   2.0000000e+00   2.0699003e-03
   1.6100000e+02   1.0000000e+00   2.0500113e-03
   1.6200000e+02   0.0000000e+00   2.0303134e-03
   1.6300000e+02   0.0000000e+00   2.0108048e-03
   1.6400000e+02   0.0000000e+00   1.9914837e-03
   1.6500000e+02   1.0000000e+00   1.9723482e-03
   1.6600000e+02   3.0000000e+00   1.9533966e-03
   1.6700000e+02   1.0000000e+00   1.9346271e-03
   1.6800000e+02   0.0000000e+00   1.9160379e-03
   1.6900000e+02   1.0000000e+00   1.8976273e-03
   1.7000000e+02   1.0000000e+00   1.8793937e-03
   1.7100000e+02   1.0000000e+00   1.8613352e-03
   1.7200000e+02   0.0000000e+00   1.8434503e-03
   1.7300000e+02   0.0000000e+00   1.8257372e-03
   1.7400000e+02   0.0000000e+00   1.8081943e-03
   1.7500000e+02   1.0000000e+00   1.7908200e-03
   1.7600000e+02   0.0000000e+00   1.7736126e-03
   1.7700000e+02   0.0000000e+00   1.7565705e-03
   1.7800000e+02   2.0000000e+00   1.7396922e-03
   1.7900000e+02   0.0000000e+00   1.7229761e-03
   1.8000000e+02   0.0000000e+00   1.7064206e-03
   1.8100000e+02   0.0000000e+00   1.6900242e-03
   1.8200000e+02   2.0000000e+00   1.6737853e-03
   1.8300000e+02   4.0000000e+00   1.6577025e-03
   1.8400000e+02   0.0000000e+00   1.6417742e-03
   1.8500000e+02   1.0000000e+00   1.6259989e-03
   1.8600000e+02   1.0000000e+00   1.6103753e-03
   1.8700000e+02   1.0000000e+00   1.5949017e-03
   1.8800000e+02   2.0000000e+00   1.5795768e-03
   1.8900000e+02   1.0000000e+00   1.5643992e-03
   1.9000000e+02   2.0000000e+00   1.5493674e-03
   1.9100000e+02   1.0000000e+00   1.5344801e-03
   1.9200000e+02   1.0000000e+00   1.5197358e-03
   1.9300000e+02   0.0000000e+00   1.5051332e-03
   1.9400000e+02   0.0000000e+00   1.4906709e-03
   1.9500000e+02   2.0000000e+00   1.4763475e-03
   1.9600000e+02   0.0000000e+00   1.4621618e-03
   1.9700000e+02   0.0000000e+00   1.4481124e-03
   1.9800000e+02   1.0000000e+00   1.4341979e-03
   1.9900000e+02   1.0000000e+00   1.4204172e-03
   2.0000000e+02   1.0000000e+00   1.4067689e-03
   2.0100000e+02   2.0000000e+00   1.3932517e-03
   2.0200000e+02   1.0000000e+00   1.3798645e-03
   2.0300000e+02   1.0000000e+00   1.3666058e-03
   2.0400000e+02   0.0000000e+00   1.3534745e-03
   2.0500000e+02   0.0000000e+00   1.3404695e-03
   2.0600000e+02   1.0000000e+00   1.3275894e-03
   2.0700000e+02   0.0000000e+00   1.3148330e-03
   2.0800000e+02   1.0000000e+00   1.3021992e-03
   2.0900000e+02   1.0000000e+00   1.2896868e-03
   2.1000000e+02   0.0000000e+00   1.2772947e-03
   2.1100000e+02   0.0000000e+00   1.2650216e-03
   2.1200000e+02   1.0000000e+00   1.2528664e-03
   2.1300000e+02   0.0000000e+00   1.2408280e-03
   2.1400000e+02   1.0000000e+00   1.2289053e-03
   2.1500000e+02   0.0000000e+00   1.2170972e-03
   2.1600000e+02   0.0000000e+00   1.2054025e-03
   2.1700000e+02   1.0000000e+00   1.1938202e-03
   2.1800000e+02   0.0000000e+00   1.1823492e-03
   2.1900000e+02   0.0000000e+00   1.1709884e-03
   2.2000000e+02   0.0000000e+00   1.1597368e-03
   2.2100000e+02   1.0000000e+00   1.1485933e-03
   2.2200000e+02   0.0000000e+00   1.1375568e-03
   2.2300000e+02   0.0000000e+00   1.1266264e-03
   2.2400000e+02   1.0000000e+00   1.1158010e-03
   2.2500000e+02   0.0000000e+00   1.1050797e-03
   2.2600000e+02   0.0000000e+00   1.0944613e-03
   2.2700000e+02   1.0000000e+00   1.0839450e-03
   2.2800000e+02   1.0000000e+00   1.0735298e-03
   2.2900000e+02   0.0000000e+00   1.0632146e-03
   2.3000000e+02   0.0000000e+00   1.0529985e-03
   2.3100000e+02   2.0000000e+00   1.0428806e-03
   2.3200000e+02   0.0000000e+00   1.0328599e-03
   2.3300000e+02   0.0000000e+00   1.0229355e-03
   2.3400000e+02   0.0000000e+00   1.0131065e-03
   2.3500000e+02   2.0000000e+00   1.0033719e-03
   2.3600000e+02   0.0000000e+00   9.9373083e-04
   2.3700000e+02   1.0000000e+00   9.8418241e-04
   2.3800000e+02   1.0000000e+00   9.7472573e-04
   2.3900000e+02   1.0000000e+00   9.6535992e-04
   2.4000000e+02   1.0000000e+00   9.5608410e-04
   2.4100000e+02   2.0000000e+00   9.4689741e-04
   2.4200000e+02   0.0000000e+00   9.3779900e-04
   2.4300000e+02   0.0000000e+00   9.2878800e-04
   2.4400000e+02   1.0000000e+00   9.1986359e-04
   2.4500000e+02   0.0000000e+00   9.1102494e-04
   2.4600000e+02   0.0000000e+00   9.0227121e-04
   2.4700000e+02   0.0000000e+00   8.9360159e-04
   2.4800000e+02   0.0000000e+00   8.8501527e-04
   2.4900000e+02   0.0000000e+00   8.7651146e-04
   2.5000000e+02   0.0000000e+00   8.6808936e-04
   2.5100000e+02   0.0000000e+00   8.5974818e-04
   2.5200000e+02   0.0000000e+00   8.5148715e-04
   2.5300000e+02   0.0000000e+00   8.4330550e-04
   2.5400000e+02   0.0000000e+00   8.3520246e-04
   2.5500000e+02   0.0000000e+00   8.2717728e-04
   2.5600000e+02   1.0000000e+00   8.1922922e-04
   2.5700000e+02   1.0000000e+00   8.1135752e-04
   2.5800000e+02   0.0000000e+00   8.0356146e-04
   2.5900000e+02   1.0000000e+00   7.9584031e-04
   2.6000000e+02   0.0000000e+00   7.8819335e-04
   2.6100000e+02   1.0000000e+00   7.8061987e-04
   2.6200000e+02   0.0000000e+00   7.7311915e-04
   2.6300000e+02   0.0000000e+00   7.6569051e-04
   2.6400000e+02   0.0000000e+00   7.5833325e-04
   2.6500000e+02   0.0000000e+00   7.5104668e-04
   2.6600000e+02   2.0000000e+00   7.4383013e-04
   2.6700000e+02   2.0000000e+00   7.3668292e-04
   2.6800000e+02   1.0000000e+00   7.2960438e-04
   2.6900000e+02   0.0000000e+00   7.2259386e-04
   2.7000000e+02   0.0000000e+00   7.1565070e-04
   2.7100000e+02   0.0000000e+00   7.0877425e-04
   2.7200000e+02   0.0000000e+00   7.0196388e-04
   2.7300000e+02   1.0000000e+00   6.9521895e-04
   2.7400000e+02   0.0000000e+00   6.8853882e-04
   2.7500000e+02   0.0000000e+00   6.8192289e-04
   2.7600000e+02   0.0000000e+00   6.7537052e-04
   2.7700000e+02   0.0000000e+00   6.6888111e-04
   2.7800000e+02   2.0000000e+00   6.6245406e-04
   2.7900000e+02   0.0000000e+00   6.5608877e-04
   2.8000000e+02   1.0000000e+00   6.4978463e-04
   2.8100000e+02   0.0000000e+00   6.4354107e-04
   2.8200000e+02   0.0000000e+00   6.3735750e-04
   2.8300000e+02   0.0000000e+00   6.3123335e-04
   2.8400000e+02   0.0000000e+00   6.2516804e-04
   2.8500000e+02   0.0000000e+00   6.1916101e-04
   2.8600000e+02   0.0000000e+00   6.1321170e-04
   2.8700000e+02   0.0000000e+00   6.0731956e-04
   2.8800000e+02   1.0000000e+00   6.0148403e-04
   2.8900000e+02   0.0000000e+00   5.9570458e-04
   2.9000000e+02   0.0000000e+00   5.8998065e-04
   2.9100000e+02   0.0000000e+00   5.8431173e-04
   2.9200000e+02   0.0000000e+00   5.7869727e-04
   2.9300000e+02   0.0000000e+00   5.7313677e-04
   2.9400000e+02   0.0000000e+00   5.6762969e-04
   2.9500000e+02   1.0000000e+00   5.6217553e-04
   2.9600000e+02   0.0000000e+00   5.5677377e-04
   2.9700000e+02   0.0000000e+00   5.5142392e-04
   2.9800000e+02   0.0000000e+00   5.4612548e-04
   2.9900000e+02   0.0000000e+00   5.4087794e-04
   3.0000000e+02   0.0000000e+00   5.3568083e-04
   3.0100000e+02   0.0000000e+00   5.3053365e-04
   3.0200000e+02   1.0000000e+00   5.2543593e-04
   3.0300000e+02   1.0000000e+00   5.2038720e-04
   3.0400000e+02   0.0000000e+00   5.1538697e-04
   3.0500000e+02   0.0000000e+00   5.1043479e-04
   3.0600000e+02   0.0000000e+00   5.0553020e-04
   3.0700000e+02   0.0000000e+00   5.0067273e-04
   3.0800000e+02   1.0000000e+00   4.9586193e-04
   3.0900000e+02   0.0000000e+00   4.9109737e-04
   3.1000000e+02   0.0000000e+00   4.8637858e-04
   3.1100000e+02   0.0000000e+00   4.8170513e-04
   3.1200000e+02   0.0000000e+00   4.7707659e-04
   3.1300000e+02   0.0000000e+00   4.7249252e-04
   3.1400000e+02   0.0000000e+00   4.6795250e-04
   3.1500000e+02   0.0000000e+00   4.6345610e-04
   3.1600000e+02   0.0000000e+00   4.5900291e-04
   3.1700000e+02   1.0000000e+00   4.5459251e-04
   3.1800000e+02   0.0000000e+00   4.5022448e-04
   3.1900000e+02   0.0000000e+00   4.4589843e-04
   3.2000000e+02   0.0000000e+00   4.4161394e-04
   3.2100000e+02   0.0000000e+00   4.3737062e-04
   3.2200000e+02   2.0000000e+00   4.3316807e-04
   3.2300000e+02   0.0000000e+00   4.2900591e-04
   3.2400000e+02   1.0000000e+00   4.2488373e-04
   3.2500000e+02   0.0000000e+00   4.2080117e-04
   3.2600000e+02   1.0000000e+00   4.1675783e-04
   3.2700000e+02   0.0000000e+00   4.1275335e-04
   3.2800000e+02   0.0000000e+00   4.0878734e-04
   3.2900000e+02   0.0000000e+00   4.0485944e-04
   3.3000000e+02   0.0000000e+00   4.0096929e-04
   3.3100000e+02   1.0000000e+00   3.9711651e-04
   3.3200000e+02   0.0000000e+00   3.9330075e-04
   3.3300000e+02   0.0000000e+00   3.8952165e-04
   3.3400000e+02   1.0000000e+00   3.8577887e-04
   3.3500000e+02   0.0000000e+00   3.8207205e-04
   3.3600000e+02   0.0000000e+00   3.7840085e-04
   3.3700000e+02   0.0000000e+00   3.7476493e-04
   3.3800000e+02   0.0000000e+00   3.7116394e-04
   3.3900000e+02   0.0000000e+00   3.6759755e-04
   3.4000000e+02   0.0000000e+00   3.6406543e-04
   3.4100000e+02   0.0000000e+00   3.6056725e-04
   3.4200000e+02   0.0000000e+00   3.5710268e-04
   3.4300000e+02   0.0000000e+00   3.5367140e-04
   3.4400000e+02   0.0000000e+00   3.5027309e-04
   3.4500000e+02   0.0000000e+00   3.4690743e-04
   3.4600000e+02   0.0000000e+00   3.4357412e-04
   3.4700000e+02   0.0000000e+00   3.4027283e-04
   3.4800000e+02   0.0000000e+00   3.3700326e-04
   3.4900000e+02   0.0000000e+00   3.3376511e-04
   3.5000000e+02   0.0000000e+00   3.3055808e-04
   3.5100000e+02   0.0000000e+00   3.2738186e-04
   3.5200000e+02   0.0000000e+00   3.2423616e-04
   3.5300000e+02   0.0000000e+00   3.2112068e-04
   3.5400000e+02   1.0000000e+00   3.1803514e-04
   3.5500000e+02   0.0000000e+00   3.1497925e-04
   3.5600000e+02   0.0000000e+00   3.1195272e-04
   3.5700000e+02   1.0000000e+00   3.0895527e-04
   3.5800000e+02   1.0000000e+00   3.0598662e-04
   3.5900000e+02   0.0000000e+00   3.0304650e-04
   3.6000000e+02   1.0000000e+00   3.0013463e-04
   3.6100000e+02   0.0000000e+00   2.9725074e-04
   3.6200000e+02   1.0000000e+00   2.9439456e-04
   3.6300000e+02   0.0000000e+00   2.9156582e-04
   3.6400000e+02   1.0000000e+00   2.8876426e-04
   3.6500000e+02   0.0000000e+00   2.8598962e-04
   3.6600000e+02   0.0000000e+00   2.8324165e-04
   3.6700000e+02   0.0000000e+00   2.8052007e-04
   3.6800000e+02   0.0000000e+00   2.7782465e-04
   3.6900000e+02   0.0000000e+00   2.7515513e-04
   3.7000000e+02   0.0000000e+00   2.7251125e-04
   3.7100000e+02   0.0000000e+00   2.6989279e-04
   3.7200000e+02   0.0000000e+00   2.6729948e-04
   3.7300000e+02   1.0000000e+00   2.6473109e-04
   3.7400000e+02   0.0000000e+00   2.6218738e-04
   3.7500000e+02   0.0000000e+00   2.5966811e-04
   3.7600000e+02   0.0000000e+00   2.5717304e-04
   3.7700000e+02   0.0000000e+00   2.5470195e-04
   3.7800000e+02   0.0000000e+00   2.5225461e-04
   3.7900000e+02   0.0000000e+00   2.4983078e-04
   3.8000000e+02   0.0000000e+00   2.4743024e-04
   3.8100000e+02   0.0000000e+00   2.4505277e-04
   3.8200000e+02   0.0000000e+00   2.4269814e-04
   3.8300000e+02   0.0000000e+00   2.4036613e-04
   3.8400000e+02   0.0000000e+00   2.3805654e-04
   3.8500000e+02   0.0000000e+00   2.3576913e-04
   3.8600000e+02   0.0000000e+00   2.3350371e-04
   3.8700000e+02   0.0000000e+00   2.3126005e-04
   3.8800000e+02   0.0000000e+00   2.2903795e-04
   3.8900000e+02   0.0000000e+00   2.2683720e-04
   3.9000000e+02   0.0000000e+00   2.2465760e-04
   3.9100000e+02   0.0000000e+00   2.2249894e-04
   3.9200000e+02   0.0000000e+00   2.2036102e-04
   3.9300000e+02   0.0000000e+00   2.1824365e-04
   3.9400000e+02   1.0000000e+00   2.1614662e-04
   3.9500000e+02   0.0000000e+00   2.1406974e-04
   3.9600000e+02   0.0000000e+00   2.1201282e-04
   3.9700000e+02   0.0000000e+00   2.0997566e-04
   3.9800000e+02   0.0000000e+00   2.0795807e-04
   3.9900000e+02   0.0000000e+00   2.0595987e-04
   4.0000000e+02   0.0000000e+00   2.0398087e-04
   4.0100000e+02   0.0000000e+00   2.0202089e-04
   4.0200000e+02   0.0000000e+00   2.0007974e-04
   4.0300000e+02   0.0000000e+00   1.9815724e-04
   4.0400000e+02   0.0000000e+00   1.9625322e-04
   4.0500000e+02   0.0000000e+00   1.9436748e-04
   4.0600000e+02   0.0000000e+00   1.9249987e-04
   4.0700000e+02   1.0000000e+00   1.9065021e-04
   4.0800000e+02   0.0000000e+00   1.8881831e-04
   4.0900000e+02   0.0000000e+00   1.8700402e-04
   4.1000000e+02   0.0000000e+00   1.8520716e-04
   4.1100000e+02   0.0000000e+00   1.8342757e-04
   4.1200000e+02   0.0000000e+00   1.8166508e-04
   4.1300000e+02   0.0000000e+00   1.7991952e-04
   4.1400000e+02   0.0000000e+00   1.7819073e-04
   4.1500000e+02   0.0000000e+00   1.7647856e-04
   4.1600000e+02   0.0000000e+00   1.7478284e-04
   4.1700000e+02   0.0000000e+00   1.7310341e-04
   4.1800000e+02   0.0000000e+00   1.7144011e-04
   4.1900000e+02   0.0000000e+00   1.6979280e-04
   4.2000000e+02   0.0000000e+00   1.6816132e-04
   4.2100000e+02   0.0000000e+00   1.6654552e-04
   4.2200000e+02   0.0000000e+00   1.6494524e-04
   4.2300000e+02   0.0000000e+00   1.6336034e-04
   4.2400000e+02   0.0000000e+00   1.6179066e-04
   4.2500000e+02   0.0000000e+00   1.6023607e-04
   4.2600000e+02   0.0000000e+00   1.5869641e-04
   4.2700000e+02   1.0000000e+00   1.5717155e-04
   4.2800000e+02   0.0000000e+00   1.5566135e-04
   4.2900000e+02   0.0000000e+00   1.5416565e-04
   4.3000000e+02   0.0000000e+00   1.5268432e-04
   4.3100000e+02   0.0000000e+00   1.5121723e-04
   4.3200000e+02   0.0000000e+00   1.4976424e-04
   4.3300000e+02   0.0000000e+00   1.4832520e-04
   4.3400000e+02   0.0000000e+00   1.4690000e-04
   4.3500000e+02   0.0000000e+00   1.4548848e-04
   4.3600000e+02   0.0000000e+00   1.4409053e-04
   4.3700000e+02   0.0000000e+00   1.4270602e-04
   4.3800000e+02   0.0000000e+00   1.4133480e-04
   4.3900000e+02   0.0000000e+00   1.3997676e-04
   4.4000000e+02   0.0000000e+00   1.3863178e-04
   4.4100000e+02   0.0000000e+00   1.3729971e-04
   4.4200000e+02   0.0000000e+00   1.3598044e-04
   4.4300000e+02   0.0000000e+00   1.3467385e-04
   4.4400000e+02   0.0000000e+00   1.3337982e-04
   4.4500000e+02   0.0000000e+00   1.3209822e-04
   4.4600000e+02   0.0000000e+00   1.3082893e-04
   4.4700000e+02   0.0000000e+00   1.2957184e-04
   4.4800000e+02   0.0000000e+00   1.2832683e-04
   4.4900000e+02   0.0000000e+00   1.2709378e-04
   4.5000000e+02   0.0000000e+00   1.2587258e-04
   4.5100000e+02   0.0000000e+00   1.2466311e-04
   4.5200000e+02   0.0000000e+00   1.2346526e-04
   4.5300000e+02   0.0000000e+00   1.2227893e-04
   4.5400000e+02   0.0000000e+00   1.2110399e-04
   4.5500000e+02   0.0000000e+00   1.1994034e-04
   4.5600000e+02   0.0000000e+00   1.1878788e-04
   4.5700000e+02   0.0000000e+00   1.1764648e-04
   4.5800000e+02   0.0000000e+00   1.1651606e-04
   4.5900000e+02   0.0000000e+00   1.1539650e-04
   4.6000000e+02   0.0000000e+00   1.1428769e-04
   4.6100000e+02   0.0000000e+00   1.1318954e-04
   4.6200000e+02   0.0000000e+00   1.1210194e-04
   4.6300000e+02   0.0000000e+00   1.1102479e-04
   4.6400000e+02   0.0000000e+00   1.0995799e-04
   4.6500000e+02   0.0000000e+00   1.0890144e-04
   4.6600000e+02   0.0000000e+00   1.0785504e-04
   4.6700000e+02   0.0000000e+00   1.0681870e-04
   4.6800000e+02   0.0000000e+00   1.0579231e-04
   4.6900000e+02   0.0000000e+00   1.0477579e-04
   4.7000000e+02   0.0000000e+00   1.0376904e-04
   4.7100000e+02   0.0000000e+00   1.0277196e-04
   4.7200000e+02   0.0000000e+00   1.0178445e-04
   4.7300000e+02   0.0000000e+00   1.0080644e-04
   4.7400000e+02   0.0000000e+00   9.9837827e-05
   4.7500000e+02   0.0000000e+00   9.8878519e-05
   4.7600000e+02   0.0000000e+00   9.7928429e-05
   4.7700000e+02   0.0000000e+00   9.6987468e-05
   4.7800000e+02   0.0000000e+00   9.6055548e-05
   4.7900000e+02   0.0000000e+00   9.5132583e-05
   4.8000000e+02   0.0000000e+00   9.4218486e-05
   4.8100000e+02   0.0000000e+00   9.3313172e-05
   4.8200000e+02   0.0000000e+00   9.2416558e-05
   4.8300000e+02   0.0000000e+00   9.1528558e-05
   4.8400000e+02   1.0000000e+00   9.0649091e-05
   4.8500000e+02   0.0000000e+00   8.9778075e-05
   4.8600000e+02   0.0000000e+00   8.8915428e-05
   4.8700000e+02   1.0000000e+00   8.8061069e-05
   4.8800000e+02   0.0000000e+00   8.7214920e-05
   4.8900000e+02   0.0000000e+00   8.6376902e-05
   4.9000000e+02   0.0000000e+00   8.5546935e-05
   4.9100000e+02   0.0000000e+00   8.4724944e-05
   4.9200000e+02   0.0000000e+00   8.3910850e-05
   4.9300000e+02   0.0000000e+00   8.3104579e-05
   4.9400000e+02   0.0000000e+00   8.2306056e-05
   4.9500000e+02   0.0000000e+00   8.1515205e-05
   4.9600000e+02   0.0000000e+00   8.0731953e-05
   4.9700000e+02   0.0000000e+00   7.9956227e-05
   4.9800000e+02   0.0000000e+00   7.9187954e-05
   4.9900000e+02   0.0000000e+00   7.8427064e-05
   5.0000000e+02   0.0000000e+00   7.7673485e-05
   5.0100000e+02   0.0000000e+00   7.6927147e-05
   5.0200000e+02   0.0000000e+00   7.6187980e-05
   5.0300000e+02   0.0000000e+00   7.5455915e-05
   5.0400000e+02   0.0000000e+00   7.4730885e-05
   5.0500000e+02   0.0000000e+00   7.4012821e-05
   5.0600000e+02   0.0000000e+00   7.3301657e-05
   5.0700000e+02   0.0000000e+00   7.2597326e-05
   5.0800000e+02   0.0000000e+00   7.1899763e-05
   5.0900000e+02   0.0000000e+00   7.1208902e-05
   5.1000000e+02   0.0000000e+00   7.0524680e-05
   5.1100000e+02   0.0000000e+00   6.9847032e-05
   5.1200000e+02   0.0000000e+00   6.9175896e-05
   5.1300000e+02   0.0000000e+00   6.8511208e-05
   5.1400000e+02   0.0000000e+00   6.7852907e-05
   5.1500000e+02   0.0000000e+00   6.7200931e-05
   5.1600000e+02   0.0000000e+00   6.6555220e-05
   5.1700000e+02   0.0000000e+00   6.5915714e-05
   5.1800000e+02   0.0000000e+00   6.5282352e-05
   5.1900000e+02   0.0000000e+00   6.4655076e-05
   5.2000000e+02   0.0000000e+00   6.4033827e-05
   5.2100000e+02   0.0000000e+00   6.3418548e-05
   5.2200000e+02   0.0000000e+00   6.2809180e-05
   5.2300000e+02   0.0000000e+00   6.2205668e-05
   5.2400000e+02   0.0000000e+00   6.1607955e-05
   5.2500000e+02   0.0000000e+00   6.1015985e-05
   5.2600000e+02   0.0000000e+00   6.0429703e-05
   5.2700000e+02   0.0000000e+00   5.9849054e-05
   5.2800000e+02   0.0000000e+00   5.9273985e-05
   5.2900000e+02   0.0000000e+00   5.8704441e-05
   5.3000000e+02   0.0000000e+00   5.8140370e-05
   5.3100000e+02   0.0000000e+00   5.7581719e-05
   5.3200000e+02   0.0000000e+00   5.7028436e-05
   5.3300000e+02   0.0000000e+00   5.6480469e-05
   5.3400000e+02   0.0000000e+00   5.5937767e-05
   5.3500000e+02   0.0000000e+00   5.5400280e-05
   5.3600000e+02   0.0000000e+00   5.4867958e-05
   5.3700000e+02   0.0000000e+00   5.4340750e-05
   5.3800000e+02   0.0000000e+00   5.3818608e-05
   5.3900000e+02   0.0000000e+00   5.3301483e-05
   5.4000000e+02   0.0000000e+00   5.2789327e-05
   5.4100000e+02   0.0000000e+00   5.2282092e-05
   5.4200000e+02   0.0000000e+00   5.1779732e-05
   5.4300000e+02   0.0000000e+00   5.1282198e-05
   5.4400000e+02   0.0000000e+00   5.0789444e-05
   5.4500000e+02   0.0000000e+00   5.0301426e-05
   5.4600000e+02   0.0000000e+00   4.9818096e-05
   5.4700000e+02   0.0000000e+00   4.9339411e-05
   5.4800000e+02   0.0000000e+00   4.8865325e-05
   5.4900000e+02   0.0000000e+00   4.8395795e-05
   5.5000000e+02   0.0000000e+00   4.7930776e-05
   5.5100000e+02   0.0000000e+00   4.7470226e-05
   5.5200000e+02   0.0000000e+00   4.7014100e-05
   5.5300000e+02   0.0000000e+00   4.6562358e-05
   5.5400000e+02   0.0000000e+00   4.6114956e-05
   5.5500000e+02   0.0000000e+00   4.5671853e-05
   5.5600000e+02   1.0000000e+00   4.5233007e-05
   5.5700000e+02   0.0000000e+00   4.4798379e-05
   5.5800000e+02   0.0000000e+00   4.4367926e-05
   5.5900000e+02   0.0000000e+00   4.3941610e-05
   5.6000000e+02   0.0000000e+00   4.3519390e-05
   5.6100000e+02   0.0000000e+00   4.3101227e-05
   5.6200000e+02   0.0000000e+00   4.2687081e-05
   5.6300000e+02   0.0000000e+00   4.2276916e-05
   5.6400000e+02   0.0000000e+00   4.1870691e-05
   5.6500000e+02   0.0000000e+00   4.1468370e-05
   5.6600000e+02   0.0000000e+00   4.1069914e-05
   5.6700000e+02   0.0000000e+00   4.0675287e-05
   5.6800000e+02   0.0000000e+00   4.0284452e-05
   5.6900000e+02   0.0000000e+00   3.9897373e-05
   5.7000000e+02   1.0000000e+00   3.9514012e-05
