   1.0000000e+00   3.0000000e+00   9.2827408e-03
   2.0000000e+00   4.0000000e+00   9.1965715e-03
   3.0000000e+00   1.0000000e+00   9.1112021e-03
   4.0000000e+00   3.0000000e+00   9.0266252e-03
   5.0000000e+00   0.0000000e+00   8.9428334e-03
   6.0000000e+00   1.0000000e+00   8.8598194e-03
   7.0000000e+00   1.0000000e+00   8.7775760e-03
   8.0000000e+00   1.0000000e+00   8.6960960e-03
   9.0000000e+00   0.0000000e+00   8.6153724e-03
   1.0000000e+01   2.0000000e+00   8.5353981e-03
   1.1000000e+01   2.0000000e+00   8.4561662e-03
   1.2000000e+01   0.0000000e+00   8.3776698e-03
   1.3000000e+01   3.0000000e+00   8.2999021e-03
   1.4000000e+01   3.0000000e+00   8.2228563e-03
   1.5000000e+01   2.0000000e+00   8.1465256e-03
   1.6000000e+01   2.0000000e+00   8.0709035e-03
   1.7000000e+01   2.0000000e+00   7.9959834e-03
   1.8000000e+01   2.0000000e+00   7.9217588e-03
   1.9000000e+01   1.0000000e+00   7.8482232e-03
   2.0000000e+01   2.0000000e+00   7.7753701e-03
   2.1000000e+01   1.0000000e+00   7.7031934e-03
   2.2000000e+01   2.0000000e+00   7.6316866e-03
   2.3000000e+01   0.0000000e+00   7.5608437e-03
   2.4000000e+01   1.0000000e+00   7.4906583e-03
   2.5000000e+01   1.0000000e+00   7.4211245e-03
   2.6000000e+01   0.0000000e+00   7.3522361e-03
   2.7000000e+01   4.0000000e+00   7.2839872e-03
   2.8000000e+01   2.0000000e+00   7.2163718e-03
   2.9000000e+01   0.0000000e+00   7.1493841e-03
   3.0000000e+01   2.0000000e+00   7.0830183e-03
   3.1000000e+01   0.0000000e+00   7.0172684e-03
   3.2000000e+01   1.0000000e+00   6.9521289e-03
   3.3000000e+01   0.0000000e+00   6.8875941e-03
   3.4000000e+01   3.0000000e+00   6.8236584e-03
   3.5000000e+01   1.0000000e+00   6.7603161e-03
   3.6000000e+01   2.0000000e+00   6.6975619e-03
   3.7000000e+01   0.0000000e+00   6.6353901e-03
   3.8000000e+01   1.0000000e+00   6.5737955e-03
   3.9000000e+01   2.0000000e+00   6.5127727e-03
   4.0000000e+01   1.0000000e+00   6.4523163e-03
   4.1000000e+01   0.0000000e+00   6.3924211e-03
   4.2000000e+01   3.0000000e+00   6.3330819e-03
   4.3000000e+01   2.0000000e+00   6.2742936e-03
   4.4000000e+01   1.0000000e+00   6.2160509e-03
   4.5000000e+01   0.0000000e+00   6.1583490e-03
   4.6000000e+01   1.0000000e+00   6.1011826e-03
   4.7000000e+01   1.0000000e+00   6.0445469e-03
   4.8000000e+01   1.0000000e+00   5.9884369e-03
   4.9000000e+01   1.0000000e+00   5.9328478e-03
   5.0000000e+01   0.0000000e+00   5.8777747e-03
   5.1000000e+01   1.0000000e+00   5.8232129e-03
   5.2000000e+01   1.0000000e+00   5.7691575e-03
   5.3000000e+01   0.0000000e+00   5.7156039e-03
   5.4000000e+01   2.0000000e+00   5.6625474e-03
   5.5000000e+01   1.0000000e+00   5.6099835e-03
   5.6000000e+01   1.0000000e+00   5.5579075e-03
   5.7000000e+01   0.0000000e+00   5.5063148e-03
   5.8000000e+01   2.0000000e+00   5.4552012e-03
   5.9000000e+01   2.0000000e+00   5.4045619e-03
   6.0000000e+01   0.0000000e+00   5.3543928e-03
   6.1000000e+01   1.0000000e+00   5.3046893e-03
   6.2000000e+01   1.0000000e+00   5.2554473e-03
   6.3000000e+01   0.0000000e+00   5.2066623e-03
   6.4000000e+01   2.0000000e+00   5.1583302e-03
   6.5000000e+01   0.0000000e+00   5.1104468e-03
   6.6000000e+01   0.0000000e+00   5.0630078e-03
   6.7000000e+01   0.0000000e+00   5.0160093e-03
   6.8000000e+01   1.0000000e+00   4.9694469e-03
   6.9000000e+01   1.0000000e+00   4.9233169e-03
   7.0000000e+01   0.0000000e+00   4.8776150e-03
   7.1000000e+01   1.0000000e+00   4.8323373e-03
   7.2000000e+01   2.0000000e+00   4.7874800e-03
   7.3000000e+01   3.0000000e+00   4.7430391e-03
   7.4000000e+01   0.0000000e+00   4.6990107e-03
   7.5000000e+01   2.0000000e+00   4.6553910e-03
   7.6000000e+01   1.0000000e+00   4.6121762e-03
   7.7000000e+01   1.0000000e+00   4.5693625e-03
   7.8000000e+01   1.0000000e+00   4.5269463e-03
   7.9000000e+01   1.0000000e+00   4.4849239e-03
   8.0000000e+01   1.0000000e+00   4.4432915e-03
   8.1000000e+01   3.0000000e+00   4.4020456e-03
   8.2000000e+01   2.0000000e+00   4.3611825e-03
   8.3000000e+01   1.0000000e+00   4.3206988e-03
   8.4000000e+01   4.0000000e+00   4.2805909e-03
   8.5000000e+01   0.0000000e+00   4.2408552e-03
   8.6000000e+01   0.0000000e+00   4.2014885e-03
   8.7000000e+01   3.0000000e+00   4.1624872e-03
   8.8000000e+01   0.0000000e+00   4.1238479e-03
   8.9000000e+01   3.0000000e+00   4.0855673e-03
   9.0000000e+01   0.0000000e+00   4.0476420e-03
   9.1000000e+01   1.0000000e+00   4.0100688e-03
   9.2000000e+01   0.0000000e+00   3.9728444e-03
   9.3000000e+01   2.0000000e+00   3.9359655e-03
   9.4000000e+01   2.0000000e+00   3.8994289e-03
   9.5000000e+01   1.0000000e+00   3.8632315e-03
   9.6000000e+01   0.0000000e+00   3.8273702e-03
   9.7000000e+01   0.0000000e+00   3.7918417e-03
   9.8000000e+01   0.0000000e+00   3.7566430e-03
   9.9000000e+01   0.0000000e+00   3.7217710e-03
   1.0000000e+02   0.0000000e+00   3.6872228e-03
   1.0100000e+02   1.0000000e+00   3.6529953e-03
   1.0200000e+02   0.0000000e+00   3.6190855e-03
   1.0300000e+02   1.0000000e+00   3.5854904e-03
   1.0400000e+02   0.0000000e+00   3.5522073e-03
   1.0500000e+02   0.0000000e+00   3.5192330e-03
   1.0600000e+02   0.0000000e+00   3.4865649e-03
   1.0700000e+02   0.0000000e+00   3.4542000e-03
   1.0800000e+02   0.0000000e+00   3.4221356e-03
   1.0900000e+02   0.0000000e+00   3.3903688e-03
   1.1000000e+02   1.0000000e+00   3.3588969e-03
   1.1100000e+02   0.0000000e+00   3.3277171e-03
   1.1200000e+02   1.0000000e+00   3.2968268e-03
   1.1300000e+02   0.0000000e+00   3.2662232e-03
   1.1400000e+02   1.0000000e+00   3.2359037e-03
   1.1500000e+02   2.0000000e+00   3.2058656e-03
   1.1600000e+02   0.0000000e+00   3.1761064e-03
   1.1700000e+02   0.0000000e+00   3.1466234e-03
   1.1800000e+02   1.0000000e+00   3.1174141e-03
   1.1900000e+02   2.0000000e+00   3.0884760e-03
   1.2000000e+02   0.0000000e+00   3.0598065e-03
   1.2100000e+02   0.0000000e+00   3.0314031e-03
   1.2200000e+02   1.0000000e+00   3.0032634e-03
   1.2300000e+02   1.0000000e+00   2.9753848e-03
   1.2400000e+02   1.0000000e+00   2.9477651e-03
   1.2500000e+02   0.0000000e+00   2.9204018e-03
   1.2600000e+02   0.0000000e+00   2.8932924e-03
   1.2700000e+02   1.0000000e+00   2.8664348e-03
   1.2800000e+02   0.0000000e+00   2.8398264e-03
   1.2900000e+02   0.0000000e+00   2.8134650e-03
   1.3000000e+02   0.0000000e+00   2.7873483e-03
   1.3100000e+02   0.0000000e+00   2.7614741e-03
   1.3200000e+02   1.0000000e+00   2.7358401e-03
   1.3300000e+02   0.0000000e+00   2.7104440e-03
   1.3400000e+02   0.0000000e+00   2.6852836e-03
   1.3500000e+02   2.0000000e+00   2.6603568e-03
   1.3600000e+02   0.0000000e+00   2.6356614e-03
   1.3700000e+02   0.0000000e+00   2.6111953e-03
   1.3800000e+02   0.0000000e+00   2.5869562e-03
   1.3900000e+02   1.0000000e+00   2.5629422e-03
   1.4000000e+02   0.0000000e+00   2.5391510e-03
   1.4100000e+02   0.0000000e+00   2.5155808e-03
   1.4200000e+02   0.0000000e+00   2.4922293e-03
   1.4300000e+02   0.0000000e+00   2.4690946e-03
   1.4400000e+02   0.0000000e+00   2.4461746e-03
   1.4500000e+02   0.0000000e+00   2.4234674e-03
   1.4600000e+02   0.0000000e+00   2.4009710e-03
   1.4700000e+02   0.0000000e+00   2.3786834e-03
   1.4800000e+02   0.0000000e+00   2.3566027e-03
   1.4900000e+02   1.0000000e+00   2.3347269e-03
   1.5000000e+02   0.0000000e+00   2.3130543e-03
   1.5100000e+02   1.0000000e+00   2.2915828e-03
   1.5200000e+02   1.0000000e+00   2.2703106e-03
   1.5300000e+02   1.0000000e+00   2.2492359e-03
   1.5400000e+02   2.0000000e+00   2.2283569e-03
   1.5500000e+02   1.0000000e+00   2.2076716e-03
   1.5600000e+02   0.0000000e+00   2.1871783e-03
   1.5700000e+02   0.0000000e+00   2.1668753e-03
   1.5800000e+02   0.0000000e+00   2.1467608e-03
   1.5900000e+02   0.0000000e+00   2.1268330e-03
   1.6000000e+02   0.0000000e+00   2.1070901e-03
   1.6100000e+02   1.0000000e+00   2.0875306e-03
   1.6200000e+02   2.0000000e+00   2.0681526e-03
   1.6300000e+02   1.0000000e+00   2.0489544e-03
   1.6400000e+02   1.0000000e+00   2.0299345e-03
   1.6500000e+02   0.0000000e+00   2.0110912e-03
   1.6600000e+02   0.0000000e+00   1.9924227e-03
   1.6700000e+02   0.0000000e+00   1.9739276e-03
   1.6800000e+02   0.0000000e+00   1.9556041e-03
   1.6900000e+02   1.0000000e+00   1.9374508e-03
   1.7000000e+02   0.0000000e+00   1.9194659e-03
   1.7100000e+02   1.0000000e+00   1.9016480e-03
   1.7200000e+02   3.0000000e+00   1.8839955e-03
   1.7300000e+02   1.0000000e+00   1.8665069e-03
   1.7400000e+02   0.0000000e+00   1.8491806e-03
   1.7500000e+02   0.0000000e+00   1.8320151e-03
   1.7600000e+02   0.0000000e+00   1.8150090e-03
   1.7700000e+02   0.0000000e+00   1.7981607e-03
   1.7800000e+02   0.0000000e+00   1.7814689e-03
   1.7900000e+02   0.0000000e+00   1.7649319e-03
   1.8000000e+02   0.0000000e+00   1.7485485e-03
   1.8100000e+02   2.0000000e+00   1.7323172e-03
   1.8200000e+02   0.0000000e+00   1.7162366e-03
   1.8300000e+02   1.0000000e+00   1.7003052e-03
   1.8400000e+02   1.0000000e+00   1.6845217e-03
   1.8500000e+02   1.0000000e+00   1.6688847e-03
   1.8600000e+02   0.0000000e+00   1.6533929e-03
   1.8700000e+02   0.0000000e+00   1.6380449e-03
   1.8800000e+02   0.0000000e+00   1.6228393e-03
   1.8900000e+02   0.0000000e+00   1.6077749e-03
   1.9000000e+02   0.0000000e+00   1.5928504e-03
   1.9100000e+02   0.0000000e+00   1.5780643e-03
   1.9200000e+02   0.0000000e+00   1.5634156e-03
   1.9300000e+02   0.0000000e+00   1.5489028e-03
   1.9400000e+02   1.0000000e+00   1.5345247e-03
   1.9500000e+02   0.0000000e+00   1.5202801e-03
   1.9600000e+02   0.0000000e+00   1.5061678e-03
   1.9700000e+02   0.0000000e+00   1.4921864e-03
   1.9800000e+02   0.0000000e+00   1.4783348e-03
   1.9900000e+02   0.0000000e+00   1.4646118e-03
   2.0000000e+02   0.0000000e+00   1.4510162e-03
   2.0100000e+02   0.0000000e+00   1.4375468e-03
   2.0200000e+02   0.0000000e+00   1.4242024e-03
   2.0300000e+02   0.0000000e+00   1.4109819e-03
   2.0400000e+02   1.0000000e+00   1.3978842e-03
   2.0500000e+02   1.0000000e+00   1.3849080e-03
   2.0600000e+02   0.0000000e+00   1.3720522e-03
   2.0700000e+02   0.0000000e+00   1.3593158e-03
   2.0800000e+02   0.0000000e+00   1.3466976e-03
   2.0900000e+02   0.0000000e+00   1.3341966e-03
   2.1000000e+02   1.0000000e+00   1.3218116e-03
   2.1100000e+02   1.0000000e+00   1.3095416e-03
   2.1200000e+02   2.0000000e+00   1.2973854e-03
   2.1300000e+02   1.0000000e+00   1.2853421e-03
   2.1400000e+02   2.0000000e+00   1.2734106e-03
   2.1500000e+02   1.0000000e+00   1.2615899e-03
   2.1600000e+02   0.0000000e+00   1.2498789e-03
   2.1700000e+02   0.0000000e+00   1.2382766e-03
   2.1800000e+02   0.0000000e+00   1.2267820e-03
   2.1900000e+02   0.0000000e+00   1.2153941e-03
   2.2000000e+02   0.0000000e+00   1.2041119e-03
   2.2100000e+02   0.0000000e+00   1.1929344e-03
   2.2200000e+02   0.0000000e+00   1.1818607e-03
   2.2300000e+02   0.0000000e+00   1.1708898e-03
   2.2400000e+02   0.0000000e+00   1.1600208e-03
   2.2500000e+02   0.0000000e+00   1.1492526e-03
   2.2600000e+02   0.0000000e+00   1.1385844e-03
   2.2700000e+02   1.0000000e+00   1.1280152e-03
   2.2800000e+02   0.0000000e+00   1.1175441e-03
   2.2900000e+02   1.0000000e+00   1.1071702e-03
   2.3000000e+02   0.0000000e+00   1.0968927e-03
   2.3100000e+02   1.0000000e+00   1.0867105e-03
   2.3200000e+02   0.0000000e+00   1.0766228e-03
   2.3300000e+02   0.0000000e+00   1.0666288e-03
   2.3400000e+02   0.0000000e+00   1.0567276e-03
   2.3500000e+02   1.0000000e+00   1.0469183e-03
   2.3600000e+02   0.0000000e+00   1.0372000e-03
   2.3700000e+02   0.0000000e+00   1.0275719e-03
   2.3800000e+02   0.0000000e+00   1.0180333e-03
   2.3900000e+02   0.0000000e+00   1.0085831e-03
   2.4000000e+02   0.0000000e+00   9.9922070e-04
   2.4100000e+02   0.0000000e+00   9.8994519e-04
   2.4200000e+02   0.0000000e+00   9.8075579e-04
   2.4300000e+02   0.0000000e+00   9.7165169e-04
   2.4400000e+02   0.0000000e+00   9.6263210e-04
   2.4500000e+02   1.0000000e+00   9.5369623e-04
   2.4600000e+02   1.0000000e+00   9.4484332e-04
   2.4700000e+02   0.0000000e+00   9.3607258e-04
   2.4800000e+02   0.0000000e+00   9.2738326e-04
   2.4900000e+02   0.0000000e+00   9.1877460e-04
   2.5000000e+02   0.0000000e+00   9.1024586e-04
   2.5100000e+02   0.0000000e+00   9.0179628e-04
   2.5200000e+02   0.0000000e+00   8.9342514e-04
   2.5300000e+02   1.0000000e+00   8.8513171e-04
   2.5400000e+02   0.0000000e+00   8.7691526e-04
   2.5500000e+02   0.0000000e+00   8.6877508e-04
   2.5600000e+02   0.0000000e+00   8.6071047e-04
   2.5700000e+02   0.0000000e+00   8.5272071e-04
   2.5800000e+02   0.0000000e+00   8.4480513e-04
   2.5900000e+02   0.0000000e+00   8.3696302e-04
   2.6000000e+02   0.0000000e+00   8.2919371e-04
   2.6100000e+02   1.0000000e+00   8.2149652e-04
   2.6200000e+02   1.0000000e+00   8.1387078e-04
   2.6300000e+02   0.0000000e+00   8.0631583e-04
   2.6400000e+02   0.0000000e+00   7.9883101e-04
   2.6500000e+02   0.0000000e+00   7.9141567e-04
   2.6600000e+02   0.0000000e+00   7.8406916e-04
   2.6700000e+02   0.0000000e+00   7.7679085e-04
   2.6800000e+02   1.0000000e+00   7.6958010e-04
   2.6900000e+02   0.0000000e+00   7.6243629e-04
   2.7000000e+02   0.0000000e+00   7.5535879e-04
   2.7100000e+02   0.0000000e+00   7.4834699e-04
   2.7200000e+02   0.0000000e+00   7.4140028e-04
   2.7300000e+02   0.0000000e+00   7.3451805e-04
   2.7400000e+02   0.0000000e+00   7.2769971e-04
   2.7500000e+02   0.0000000e+00   7.2094467e-04
   2.7600000e+02   0.0000000e+00   7.1425232e-04
   2.7700000e+02   0.0000000e+00   7.0762210e-04
   2.7800000e+02   0.0000000e+00   7.0105343e-04
   2.7900000e+02   0.0000000e+00   6.9454573e-04
   2.8000000e+02   0.0000000e+00   6.8809845e-04
   2.8100000e+02   0.0000000e+00   6.8171101e-04
   2.8200000e+02   0.0000000e+00   6.7538286e-04
   2.8300000e+02   0.0000000e+00   6.6911346e-04
   2.8400000e+02   0.0000000e+00   6.6290225e-04
   2.8500000e+02   1.0000000e+00   6.5674870e-04
   2.8600000e+02   0.0000000e+00   6.5065227e-04
   2.8700000e+02   0.0000000e+00   6.4461244e-04
   2.8800000e+02   0.0000000e+00   6.3862867e-04
   2.8900000e+02   0.0000000e+00   6.3270044e-04
   2.9000000e+02   0.0000000e+00   6.2682725e-04
   2.9100000e+02   0.0000000e+00   6.2100857e-04
   2.9200000e+02   0.0000000e+00   6.1524391e-04
   2.9300000e+02   0.0000000e+00   6.0953276e-04
   2.9400000e+02   0.0000000e+00   6.0387463e-04
   2.9500000e+02   0.0000000e+00   5.9826901e-04
   2.9600000e+02   0.0000000e+00   5.9271544e-04
   2.9700000e+02   0.0000000e+00   5.8721341e-04
   2.9800000e+02   0.0000000e+00   5.8176246e-04
   2.9900000e+02   0.0000000e+00   5.7636211e-04
   3.0000000e+02   1.0000000e+00   5.7101189e-04
   3.0100000e+02   0.0000000e+00   5.6571134e-04
   3.0200000e+02   0.0000000e+00   5.6045999e-04
   3.0300000e+02   0.0000000e+00   5.5525738e-04
   3.0400000e+02   0.0000000e+00   5.5010307e-04
   3.0500000e+02   0.0000000e+00   5.4499661e-04
   3.0600000e+02   0.0000000e+00   5.3993755e-04
   3.0700000e+02   0.0000000e+00   5.3492544e-04
   3.0800000e+02   0.0000000e+00   5.2995987e-04
   3.0900000e+02   0.0000000e+00   5.2504039e-04
   3.1000000e+02   0.0000000e+00   5.2016658e-04
   3.1100000e+02   0.0000000e+00   5.1533801e-04
   3.1200000e+02   0.0000000e+00   5.1055426e-04
   3.1300000e+02   0.0000000e+00   5.0581491e-04
   3.1400000e+02   0.0000000e+00   5.0111956e-04
   3.1500000e+02   0.0000000e+00   4.9646780e-04
   3.1600000e+02   0.0000000e+00   4.9185922e-04
   3.1700000e+02   0.0000000e+00   4.8729342e-04
   3.1800000e+02   0.0000000e+00   4.8277000e-04
   3.1900000e+02   0.0000000e+00   4.7828857e-04
   3.2000000e+02   0.0000000e+00   4.7384874e-04
   3.2100000e+02   0.0000000e+00   4.6945013e-04
   3.2200000e+02   0.0000000e+00   4.6509234e-04
   3.2300000e+02   0.0000000e+00   4.6077501e-04
   3.2400000e+02   0.0000000e+00   4.5649776e-04
   3.2500000e+02   0.0000000e+00   4.5226021e-04
   3.2600000e+02   0.0000000e+00   4.4806199e-04
   3.2700000e+02   0.0000000e+00   4.4390275e-04
   3.2800000e+02   0.0000000e+00   4.3978211e-04
   3.2900000e+02   0.0000000e+00   4.3569973e-04
   3.3000000e+02   0.0000000e+00   4.3165524e-04
   3.3100000e+02   0.0000000e+00   4.2764830e-04
   3.3200000e+02   0.0000000e+00   4.2367855e-04
   3.3300000e+02   0.0000000e+00   4.1974565e-04
   3.3400000e+02   0.0000000e+00   4.1584926e-04
   3.3500000e+02   0.0000000e+00   4.1198904e-04
   3.3600000e+02   0.0000000e+00   4.0816465e-04
   3.3700000e+02   0.0000000e+00   4.0437577e-04
   3.3800000e+02   0.0000000e+00   4.0062205e-04
   3.3900000e+02   0.0000000e+00   3.9690318e-04
   3.4000000e+02   0.0000000e+00   3.9321883e-04
   3.4100000e+02   0.0000000e+00   3.8956868e-04
   3.4200000e+02   0.0000000e+00   3.8595242e-04
   3.4300000e+02   0.0000000e+00   3.8236972e-04
   3.4400000e+02   0.0000000e+00   3.7882028e-04
   3.4500000e+02   0.0000000e+00   3.7530379e-04
   3.4600000e+02   0.0000000e+00   3.7181995e-04
   3.4700000e+02   0.0000000e+00   3.6836844e-04
   3.4800000e+02   0.0000000e+00   3.6494897e-04
   3.4900000e+02   0.0000000e+00   3.6156124e-04
   3.5000000e+02   0.0000000e+00   3.5820496e-04
   3.5100000e+02   0.0000000e+00   3.5487984e-04
   3.5200000e+02   0.0000000e+00   3.5158558e-04
   3.5300000e+02   0.0000000e+00   3.4832190e-04
   3.5400000e+02   0.0000000e+00   3.4508852e-04
   3.5500000e+02   0.0000000e+00   3.4188515e-04
   3.5600000e+02   0.0000000e+00   3.3871152e-04
   3.5700000e+02   0.0000000e+00   3.3556735e-04
   3.5800000e+02   0.0000000e+00   3.3245237e-04
   3.5900000e+02   0.0000000e+00   3.2936630e-04
   3.6000000e+02   0.0000000e+00   3.2630888e-04
   3.6100000e+02   0.0000000e+00   3.2327983e-04
   3.6200000e+02   0.0000000e+00   3.2027891e-04
   3.6300000e+02   0.0000000e+00   3.1730585e-04
   3.6400000e+02   0.0000000e+00   3.1436038e-04
   3.6500000e+02   0.0000000e+00   3.1144225e-04
   3.6600000e+02   0.0000000e+00   3.0855121e-04
   3.6700000e+02   0.0000000e+00   3.0568701e-04
   3.6800000e+02   0.0000000e+00   3.0284940e-04
   3.6900000e+02   0.0000000e+00   3.0003813e-04
   3.7000000e+02   0.0000000e+00   2.9725295e-04
   3.7100000e+02   1.0000000e+00   2.9449363e-04
   3.7200000e+02   0.0000000e+00   2.9175992e-04
   3.7300000e+02   0.0000000e+00   2.8905159e-04
   3.7400000e+02   0.0000000e+00   2.8636840e-04
   3.7500000e+02   2.0000000e+00   2.8371011e-04
   3.7600000e+02   0.0000000e+00   2.8107651e-04
   3.7700000e+02   1.0000000e+00   2.7846735e-04
   3.7800000e+02   0.0000000e+00   2.7588241e-04
   3.7900000e+02   0.0000000e+00   2.7332146e-04
   3.8000000e+02   0.0000000e+00   2.7078429e-04
   3.8100000e+02   0.0000000e+00   2.6827067e-04
   3.8200000e+02   0.0000000e+00   2.6578038e-04
   3.8300000e+02   0.0000000e+00   2.6331321e-04
   3.8400000e+02   0.0000000e+00   2.6086894e-04
   3.8500000e+02   1.0000000e+00   2.5844736e-04
   3.8600000e+02   0.0000000e+00   2.5604826e-04
   3.8700000e+02   0.0000000e+00   2.5367144e-04
   3.8800000e+02   0.0000000e+00   2.5131667e-04
   3.8900000e+02   0.0000000e+00   2.4898376e-04
   3.9000000e+02   0.0000000e+00   2.4667251e-04
   3.9100000e+02   0.0000000e+00   2.4438271e-04
   3.9200000e+02   0.0000000e+00   2.4211417e-04
   3.9300000e+02   0.0000000e+00   2.3986669e-04
   3.9400000e+02   0.0000000e+00   2.3764007e-04
   3.9500000e+02   0.0000000e+00   2.3543412e-04
   3.9600000e+02   0.0000000e+00   2.3324864e-04
   3.9700000e+02   0.0000000e+00   2.3108346e-04
   3.9800000e+02   0.0000000e+00   2.2893837e-04
   3.9900000e+02   0.0000000e+00   2.2681319e-04
   4.0000000e+02   0.0000000e+00   2.2470774e-04
   4.0100000e+02   0.0000000e+00   2.2262184e-04
   4.0200000e+02   0.0000000e+00   2.2055530e-04
   4.0300000e+02   0.0000000e+00   2.1850794e-04
   4.0400000e+02   1.0000000e+00   2.1647959e-04
   4.0500000e+02   0.0000000e+00   2.1447007e-04
   4.0600000e+02   0.0000000e+00   2.1247920e-04
   4.0700000e+02   0.0000000e+00   2.1050681e-04
   4.0800000e+02   0.0000000e+00   2.0855273e-04
   4.0900000e+02   0.0000000e+00   2.0661679e-04
   4.1000000e+02   0.0000000e+00   2.0469882e-04
   4.1100000e+02   0.0000000e+00   2.0279865e-04
   4.1200000e+02   0.0000000e+00   2.0091612e-04
   4.1300000e+02   0.0000000e+00   1.9905107e-04
   4.1400000e+02   0.0000000e+00   1.9720333e-04
   4.1500000e+02   0.0000000e+00   1.9537274e-04
   4.1600000e+02   0.0000000e+00   1.9355915e-04
   4.1700000e+02   0.0000000e+00   1.9176239e-04
   4.1800000e+02   0.0000000e+00   1.8998231e-04
   4.1900000e+02   0.0000000e+00   1.8821875e-04
   4.2000000e+02   0.0000000e+00   1.8647157e-04
   4.2100000e+02   0.0000000e+00   1.8474060e-04
   4.2200000e+02   0.0000000e+00   1.8302570e-04
   4.2300000e+02   0.0000000e+00   1.8132672e-04
   4.2400000e+02   0.0000000e+00   1.7964351e-04
   4.2500000e+02   0.0000000e+00   1.7797593e-04
   4.2600000e+02   0.0000000e+00   1.7632382e-04
   4.2700000e+02   0.0000000e+00   1.7468705e-04
   4.2800000e+02   0.0000000e+00   1.7306548e-04
   4.2900000e+02   0.0000000e+00   1.7145896e-04
   4.3000000e+02   0.0000000e+00   1.6986735e-04
   4.3100000e+02   0.0000000e+00   1.6829051e-04
   4.3200000e+02   0.0000000e+00   1.6672832e-04
   4.3300000e+02   0.0000000e+00   1.6518062e-04
   4.3400000e+02   0.0000000e+00   1.6364729e-04
   4.3500000e+02   0.0000000e+00   1.6212820e-04
   4.3600000e+02   0.0000000e+00   1.6062320e-04
   4.3700000e+02   0.0000000e+00   1.5913218e-04
   4.3800000e+02   0.0000000e+00   1.5765500e-04
   4.3900000e+02   1.0000000e+00   1.5619153e-04
   4.4000000e+02   0.0000000e+00   1.5474164e-04
   4.4100000e+02   0.0000000e+00   1.5330521e-04
   4.4200000e+02   0.0000000e+00   1.5188212e-04
   4.4300000e+02   0.0000000e+00   1.5047224e-04
   4.4400000e+02   1.0000000e+00   1.4907544e-04
   4.4500000e+02   0.0000000e+00   1.4769162e-04
   4.4600000e+02   0.0000000e+00   1.4632063e-04
   4.4700000e+02   0.0000000e+00   1.4496238e-04
   4.4800000e+02   0.0000000e+00   1.4361673e-04
   4.4900000e+02   0.0000000e+00   1.4228357e-04
   4.5000000e+02   0.0000000e+00   1.4096279e-04
   4.5100000e+02   0.0000000e+00   1.3965427e-04
   4.5200000e+02   0.0000000e+00   1.3835789e-04
   4.5300000e+02   0.0000000e+00   1.3707355e-04
   4.5400000e+02   0.0000000e+00   1.3580113e-04
   4.5500000e+02   0.0000000e+00   1.3454053e-04
   4.5600000e+02   0.0000000e+00   1.3329162e-04
   4.5700000e+02   0.0000000e+00   1.3205431e-04
   4.5800000e+02   0.0000000e+00   1.3082849e-04
   4.5900000e+02   0.0000000e+00   1.2961404e-04
   4.6000000e+02   0.0000000e+00   1.2841087e-04
   4.6100000e+02   0.0000000e+00   1.2721886e-04
   4.6200000e+02   0.0000000e+00   1.2603792e-04
   4.6300000e+02   1.0000000e+00   1.2486794e-04
   4.6400000e+02   0.0000000e+00   1.2370883e-04
   4.6500000e+02   0.0000000e+00   1.2256047e-04
   4.6600000e+02   0.0000000e+00   1.2142277e-04
   4.6700000e+02   0.0000000e+00   1.2029564e-04
   4.6800000e+02   0.0000000e+00   1.1917896e-04
   4.6900000e+02   0.0000000e+00   1.1807266e-04
   4.7000000e+02   0.0000000e+00   1.1697662e-04
   4.7100000e+02   0.0000000e+00   1.1589075e-04
   4.7200000e+02   0.0000000e+00   1.1481497e-04
   4.7300000e+02   0.0000000e+00   1.1374917e-04
   4.7400000e+02   0.0000000e+00   1.1269327e-04
   4.7500000e+02   0.0000000e+00   1.1164717e-04
   4.7600000e+02   0.0000000e+00   1.1061077e-04
   4.7700000e+02   0.0000000e+00   1.0958400e-04
   4.7800000e+02   0.0000000e+00   1.0856676e-04
   4.7900000e+02   0.0000000e+00   1.0755897e-04
   4.8000000e+02   0.0000000e+00   1.0656052e-04
   4.8100000e+02   0.0000000e+00   1.0557135e-04
   4.8200000e+02   0.0000000e+00   1.0459136e-04
   4.8300000e+02   0.0000000e+00   1.0362046e-04
   4.8400000e+02   0.0000000e+00   1.0265858e-04
   4.8500000e+02   0.0000000e+00   1.0170563e-04
   4.8600000e+02   0.0000000e+00   1.0076152e-04
   4.8700000e+02   0.0000000e+00   9.9826180e-05
   4.8800000e+02   0.0000000e+00   9.8899519e-05
   4.8900000e+02   0.0000000e+00   9.7981461e-05
   4.9000000e+02   0.0000000e+00   9.7071924e-05
   4.9100000e+02   0.0000000e+00   9.6170831e-05
   4.9200000e+02   0.0000000e+00   9.5278102e-05
   4.9300000e+02   0.0000000e+00   9.4393660e-05
   4.9400000e+02   0.0000000e+00   9.3517428e-05
   4.9500000e+02   0.0000000e+00   9.2649330e-05
   4.9600000e+02   0.0000000e+00   9.1789290e-05
   4.9700000e+02   0.0000000e+00   9.0937234e-05
   4.9800000e+02   0.0000000e+00   9.0093087e-05
   4.9900000e+02   0.0000000e+00   8.9256777e-05
   5.0000000e+02   0.0000000e+00   8.8428229e-05
   5.0100000e+02   0.0000000e+00   8.7607373e-05
   5.0200000e+02   0.0000000e+00   8.6794136e-05
   5.0300000e+02   0.0000000e+00   8.5988449e-05
   5.0400000e+02   0.0000000e+00   8.5190240e-05
   5.0500000e+02   0.0000000e+00   8.4399441e-05
   5.0600000e+02   0.0000000e+00   8.3615983e-05
   5.0700000e+02   0.0000000e+00   8.2839798e-05
   5.0800000e+02   0.0000000e+00   8.2070817e-05
   5.0900000e+02   0.0000000e+00   8.1308975e-05
   5.1000000e+02   0.0000000e+00   8.0554205e-05
   5.1100000e+02   0.0000000e+00   7.9806441e-05
   5.1200000e+02   0.0000000e+00   7.9065619e-05
   5.1300000e+02   0.0000000e+00   7.8331673e-05
   5.1400000e+02   0.0000000e+00   7.7604540e-05
   5.1500000e+02   0.0000000e+00   7.6884158e-05
   5.1600000e+02   0.0000000e+00   7.6170462e-05
   5.1700000e+02   0.0000000e+00   7.5463391e-05
   5.1800000e+02   0.0000000e+00   7.4762884e-05
   5.1900000e+02   0.0000000e+00   7.4068880e-05
   5.2000000e+02   0.0000000e+00   7.3381317e-05
   5.2100000e+02   0.0000000e+00   7.2700138e-05
   5.2200000e+02   0.0000000e+00   7.2025281e-05
   5.2300000e+02   0.0000000e+00   7.1356689e-05
   5.2400000e+02   0.0000000e+00   7.0694304e-05
   5.2500000e+02   0.0000000e+00   7.0038067e-05
   5.2600000e+02   0.0000000e+00   6.9387921e-05
   5.2700000e+02   0.0000000e+00   6.8743811e-05
   5.2800000e+02   0.0000000e+00   6.8105680e-05
   5.2900000e+02   0.0000000e+00   6.7473473e-05
   5.3000000e+02   0.0000000e+00   6.6847134e-05
   5.3100000e+02   0.0000000e+00   6.6226610e-05
   5.3200000e+02   0.0000000e+00   6.5611845e-05
   5.3300000e+02   0.0000000e+00   6.5002787e-05
   5.3400000e+02   0.0000000e+00   6.4399383e-05
   5.3500000e+02   0.0000000e+00   6.3801581e-05
   5.3600000e+02   0.0000000e+00   6.3209327e-05
   5.3700000e+02   0.0000000e+00   6.2622571e-05
   5.3800000e+02   0.0000000e+00   6.2041262e-05
   5.3900000e+02   0.0000000e+00   6.1465349e-05
   5.4000000e+02   0.0000000e+00   6.0894782e-05
   5.4100000e+02   0.0000000e+00   6.0329512e-05
   5.4200000e+02   0.0000000e+00   5.9769489e-05
   5.4300000e+02   0.0000000e+00   5.9214664e-05
   5.4400000e+02   0.0000000e+00   5.8664990e-05
   5.4500000e+02   0.0000000e+00   5.8120418e-05
   5.4600000e+02   0.0000000e+00   5.7580901e-05
   5.4700000e+02   0.0000000e+00   5.7046392e-05
   5.4800000e+02   0.0000000e+00   5.6516845e-05
   5.4900000e+02   0.0000000e+00   5.5992214e-05
   5.5000000e+02   0.0000000e+00   5.5472453e-05
   5.5100000e+02   0.0000000e+00   5.4957517e-05
   5.5200000e+02   0.0000000e+00   5.4447360e-05
   5.5300000e+02   0.0000000e+00   5.3941939e-05
   5.5400000e+02   0.0000000e+00   5.3441210e-05
   5.5500000e+02   0.0000000e+00   5.2945130e-05
   5.5600000e+02   0.0000000e+00   5.2453654e-05
   5.5700000e+02   0.0000000e+00   5.1966740e-05
   5.5800000e+02   0.0000000e+00   5.1484346e-05
   5.5900000e+02   0.0000000e+00   5.1006430e-05
   5.6000000e+02   1.0000000e+00   5.0532951e-05
