   1.0000000e+00   2.8000000e+01   6.3745448e-02
   2.0000000e+00   2.6000000e+01   5.8937864e-02
   3.0000000e+00   2.1000000e+01   5.4527509e-02
   4.0000000e+00   2.2000000e+01   5.0480198e-02
   5.0000000e+00   2.5000000e+01   4.6764737e-02
   6.0000000e+00   1.9000000e+01   4.3352660e-02
   7.0000000e+00   1.6000000e+01   4.0217986e-02
   8.0000000e+00   2.6000000e+01   3.7337007e-02
   9.0000000e+00   1.9000000e+01   3.4688080e-02
   1.0000000e+01   1.7000000e+01   3.2251450e-02
   1.1000000e+01   1.6000000e+01   3.0009084e-02
   1.2000000e+01   1.9000000e+01   2.7944517e-02
   1.3000000e+01   9.0000000e+00   2.6042717e-02
   1.4000000e+01   1.5000000e+01   2.4289956e-02
   1.5000000e+01   1.1000000e+01   2.2673701e-02
   1.6000000e+01   1.9000000e+01   2.1182502e-02
   1.7000000e+01   5.0000000e+00   1.9805902e-02
   1.8000000e+01   5.0000000e+00   1.8534348e-02
   1.9000000e+01   1.2000000e+01   1.7359113e-02
   2.0000000e+01   7.0000000e+00   1.6272221e-02
   2.1000000e+01   5.0000000e+00   1.5266386e-02
   2.2000000e+01   6.0000000e+00   1.4334944e-02
   2.3000000e+01   5.0000000e+00   1.3471808e-02
   2.4000000e+01   5.0000000e+00   1.2671409e-02
   2.5000000e+01   7.0000000e+00   1.1928658e-02
   2.6000000e+01   5.0000000e+00   1.1238898e-02
   2.7000000e+01   6.0000000e+00   1.0597869e-02
   2.8000000e+01   7.0000000e+00   1.0001674e-02
   2.9000000e+01   5.0000000e+00   9.4467478e-03
   3.0000000e+01   2.0000000e+00   8.9298254e-03
   3.1000000e+01   6.0000000e+00   8.4479183e-03
   3.2000000e+01   3.0000000e+00   7.9982895e-03
   3.3000000e+01   4.0000000e+00   7.5784321e-03
   3.4000000e+01   3.0000000e+00   7.1860490e-03
   3.5000000e+01   1.0000000e+00   6.8190352e-03
   3.6000000e+01   1.0000000e+00   6.4754607e-03
   3.7000000e+01   0.0000000e+00   6.1535558e-03
   3.8000000e+01   2.0000000e+00   5.8516969e-03
   3.9000000e+01   1.0000000e+00   5.5683942e-03
   4.0000000e+01   2.0000000e+00   5.3022802e-03
   4.1000000e+01   3.0000000e+00   5.0520992e-03
   4.2000000e+01   2.0000000e+00   4.8166974e-03
   4.3000000e+01   1.0000000e+00   4.5950146e-03
   4.4000000e+01   6.0000000e+00   4.3860762e-03
   4.5000000e+01   0.0000000e+00   4.1889854e-03
   4.6000000e+01   1.0000000e+00   4.0029174e-03
   4.7000000e+01   1.0000000e+00   3.8271125e-03
   4.8000000e+01   1.0000000e+00   3.6608710e-03
   4.9000000e+01   3.0000000e+00   3.5035483e-03
   5.0000000e+01   0.0000000e+00   3.3545499e-03
   5.1000000e+01   4.0000000e+00   3.2133273e-03
   5.2000000e+01   2.0000000e+00   3.0793743e-03
   5.3000000e+01   1.0000000e+00   2.9522233e-03
   5.4000000e+01   0.0000000e+00   2.8314421e-03
   5.5000000e+01   1.0000000e+00   2.7166312e-03
   5.6000000e+01   1.0000000e+00   2.6074209e-03
   5.7000000e+01   3.0000000e+00   2.5034686e-03
   5.8000000e+01   1.0000000e+00   2.4044573e-03
   5.9000000e+01   2.0000000e+00   2.3100927e-03
   6.0000000e+01   3.0000000e+00   2.2201020e-03
   6.1000000e+01   1.0000000e+00   2.1342316e-03
   6.2000000e+01   1.0000000e+00   2.0522461e-03
   6.3000000e+01   0.0000000e+00   1.9739265e-03
   6.4000000e+01   1.0000000e+00   1.8990690e-03
   6.5000000e+01   2.0000000e+00   1.8274836e-03
   6.6000000e+01   1.0000000e+00   1.7589936e-03
   6.7000000e+01   0.0000000e+00   1.6934337e-03
   6.8000000e+01   1.0000000e+00   1.6306498e-03
   6.9000000e+01   0.0000000e+00   1.5704980e-03
   7.0000000e+01   0.0000000e+00   1.5128435e-03
   7.1000000e+01   0.0000000e+00   1.4575602e-03
   7.2000000e+01   0.0000000e+00   1.4045300e-03
   7.3000000e+01   2.0000000e+00   1.3536422e-03
   7.4000000e+01   1.0000000e+00   1.3047928e-03
   7.5000000e+01   0.0000000e+00   1.2578843e-03
   7.6000000e+01   0.0000000e+00   1.2128248e-03
   7.7000000e+01   0.0000000e+00   1.1695281e-03
   7.8000000e+01   0.0000000e+00   1.1279129e-03
   7.9000000e+01   0.0000000e+00   1.0879026e-03
   8.0000000e+01   0.0000000e+00   1.0494249e-03
   8.1000000e+01   2.0000000e+00   1.0124117e-03
   8.2000000e+01   0.0000000e+00   9.7679844e-04
   8.3000000e+01   0.0000000e+00   9.4252433e-04
   8.4000000e+01   0.0000000e+00   9.0953170e-04
   8.5000000e+01   1.0000000e+00   8.7776594e-04
   8.6000000e+01   1.0000000e+00   8.4717535e-04
   8.7000000e+01   2.0000000e+00   8.1771085e-04
   8.8000000e+01   2.0000000e+00   7.8932589e-04
   8.9000000e+01   0.0000000e+00   7.6197623e-04
   9.0000000e+01   1.0000000e+00   7.3561984e-04
   9.1000000e+01   1.0000000e+00   7.1021674e-04
   9.2000000e+01   0.0000000e+00   6.8572888e-04
   9.3000000e+01   0.0000000e+00   6.6212002e-04
   9.4000000e+01   0.0000000e+00   6.3935561e-04
   9.5000000e+01   0.0000000e+00   6.1740274e-04
   9.6000000e+01   0.0000000e+00   5.9622997e-04
   9.7000000e+01   1.0000000e+00   5.7580730e-04
   9.8000000e+01   0.0000000e+00   5.5610610e-04
   9.9000000e+01   0.0000000e+00   5.3709896e-04
   1.0000000e+02   2.0000000e+00   5.1875970e-04
   1.0100000e+02   1.0000000e+00   5.0106327e-04
   1.0200000e+02   0.0000000e+00   4.8398569e-04
   1.0300000e+02   1.0000000e+00   4.6750400e-04
   1.0400000e+02   0.0000000e+00   4.5159621e-04
   1.0500000e+02   1.0000000e+00   4.3624122e-04
   1.0600000e+02   0.0000000e+00   4.2141883e-04
   1.0700000e+02   1.0000000e+00   4.0710964e-04
   1.0800000e+02   0.0000000e+00   3.9329504e-04
   1.0900000e+02   0.0000000e+00   3.7995719e-04
   1.1000000e+02   0.0000000e+00   3.6707893e-04
   1.1100000e+02   0.0000000e+00   3.5464379e-04
   1.1200000e+02   0.0000000e+00   3.4263594e-04
   1.1300000e+02   0.0000000e+00   3.3104016e-04
   1.1400000e+02   1.0000000e+00   3.1984185e-04
   1.1500000e+02   0.0000000e+00   3.0902692e-04
   1.1600000e+02   0.0000000e+00   2.9858186e-04
   1.1700000e+02   0.0000000e+00   2.8849365e-04
   1.1800000e+02   0.0000000e+00   2.7874976e-04
   1.1900000e+02   1.0000000e+00   2.6933814e-04
   1.2000000e+02   1.0000000e+00   2.6024717e-04
