   1.0000000e+00   5.0000000e+00   1.0434553e-02
   2.0000000e+00   4.0000000e+00   1.0325673e-02
   3.0000000e+00   2.0000000e+00   1.0217929e-02
   4.0000000e+00   2.0000000e+00   1.0111310e-02
   5.0000000e+00   3.0000000e+00   1.0005803e-02
   6.0000000e+00   4.0000000e+00   9.9013966e-03
   7.0000000e+00   1.0000000e+00   9.7980800e-03
   8.0000000e+00   7.0000000e+00   9.6958414e-03
   9.0000000e+00   5.0000000e+00   9.5946696e-03
   1.0000000e+01   5.0000000e+00   9.4945535e-03
   1.1000000e+01   2.0000000e+00   9.3954821e-03
   1.2000000e+01   6.0000000e+00   9.2974445e-03
   1.3000000e+01   8.0000000e+00   9.2004298e-03
   1.4000000e+01   4.0000000e+00   9.1044274e-03
   1.5000000e+01   1.0000000e+00   9.0094268e-03
   1.6000000e+01   2.0000000e+00   8.9154174e-03
   1.7000000e+01   8.0000000e+00   8.8223891e-03
   1.8000000e+01   6.0000000e+00   8.7303314e-03
   1.9000000e+01   5.0000000e+00   8.6392343e-03
   2.0000000e+01   4.0000000e+00   8.5490877e-03
   2.1000000e+01   5.0000000e+00   8.4598818e-03
   2.2000000e+01   5.0000000e+00   8.3716067e-03
   2.3000000e+01   5.0000000e+00   8.2842527e-03
   2.4000000e+01   5.0000000e+00   8.1978103e-03
   2.5000000e+01   3.0000000e+00   8.1122698e-03
   2.6000000e+01   2.0000000e+00   8.0276219e-03
   2.7000000e+01   2.0000000e+00   7.9438572e-03
   2.8000000e+01   3.0000000e+00   7.8609666e-03
   2.9000000e+01   4.0000000e+00   7.7789410e-03
   3.0000000e+01   6.0000000e+00   7.6977712e-03
   3.1000000e+01   1.0000000e+00   7.6174484e-03
   3.2000000e+01   3.0000000e+00   7.5379637e-03
   3.3000000e+01   4.0000000e+00   7.4593084e-03
   3.4000000e+01   0.0000000e+00   7.3814739e-03
   3.5000000e+01   3.0000000e+00   7.3044515e-03
   3.6000000e+01   5.0000000e+00   7.2282328e-03
   3.7000000e+01   2.0000000e+00   7.1528095e-03
   3.8000000e+01   1.0000000e+00   7.0781731e-03
   3.9000000e+01   4.0000000e+00   7.0043155e-03
   4.0000000e+01   2.0000000e+00   6.9312286e-03
   4.1000000e+01   1.0000000e+00   6.8589043e-03
   4.2000000e+01   4.0000000e+00   6.7873347e-03
   4.3000000e+01   2.0000000e+00   6.7165119e-03
   4.4000000e+01   2.0000000e+00   6.6464281e-03
   4.5000000e+01   2.0000000e+00   6.5770756e-03
   4.6000000e+01   2.0000000e+00   6.5084468e-03
   4.7000000e+01   3.0000000e+00   6.4405341e-03
   4.8000000e+01   5.0000000e+00   6.3733300e-03
   4.9000000e+01   4.0000000e+00   6.3068271e-03
   5.0000000e+01   4.0000000e+00   6.2410182e-03
   5.1000000e+01   3.0000000e+00   6.1758960e-03
   5.2000000e+01   2.0000000e+00   6.1114532e-03
   5.3000000e+01   6.0000000e+00   6.0476830e-03
   5.4000000e+01   2.0000000e+00   5.9845781e-03
   5.5000000e+01   5.0000000e+00   5.9221317e-03
   5.6000000e+01   3.0000000e+00   5.8603369e-03
   5.7000000e+01   0.0000000e+00   5.7991869e-03
   5.8000000e+01   1.0000000e+00   5.7386750e-03
   5.9000000e+01   5.0000000e+00   5.6787945e-03
   6.0000000e+01   1.0000000e+00   5.6195388e-03
   6.1000000e+01   2.0000000e+00   5.5609014e-03
   6.2000000e+01   3.0000000e+00   5.5028759e-03
   6.3000000e+01   2.0000000e+00   5.4454559e-03
   6.4000000e+01   3.0000000e+00   5.3886350e-03
   6.5000000e+01   2.0000000e+00   5.3324070e-03
   6.6000000e+01   2.0000000e+00   5.2767657e-03
   6.7000000e+01   2.0000000e+00   5.2217050e-03
   6.8000000e+01   5.0000000e+00   5.1672188e-03
   6.9000000e+01   5.0000000e+00   5.1133012e-03
   7.0000000e+01   6.0000000e+00   5.0599462e-03
   7.1000000e+01   0.0000000e+00   5.0071479e-03
   7.2000000e+01   4.0000000e+00   4.9549006e-03
   7.3000000e+01   3.0000000e+00   4.9031984e-03
   7.4000000e+01   5.0000000e+00   4.8520357e-03
   7.5000000e+01   0.0000000e+00   4.8014069e-03
   7.6000000e+01   2.0000000e+00   4.7513064e-03
   7.7000000e+01   1.0000000e+00   4.7017286e-03
   7.8000000e+01   3.0000000e+00   4.6526682e-03
   7.9000000e+01   4.0000000e+00   4.6041197e-03
   8.0000000e+01   0.0000000e+00   4.5560777e-03
   8.1000000e+01   1.0000000e+00   4.5085371e-03
   8.2000000e+01   3.0000000e+00   4.4614925e-03
   8.3000000e+01   1.0000000e+00   4.4149388e-03
   8.4000000e+01   1.0000000e+00   4.3688709e-03
   8.5000000e+01   2.0000000e+00   4.3232837e-03
   8.6000000e+01   3.0000000e+00   4.2781722e-03
   8.7000000e+01   2.0000000e+00   4.2335314e-03
   8.8000000e+01   1.0000000e+00   4.1893564e-03
   8.9000000e+01   5.0000000e+00   4.1456423e-03
   9.0000000e+01   2.0000000e+00   4.1023844e-03
   9.1000000e+01   1.0000000e+00   4.0595778e-03
   9.2000000e+01   3.0000000e+00   4.0172179e-03
   9.3000000e+01   3.0000000e+00   3.9753001e-03
   9.4000000e+01   2.0000000e+00   3.9338196e-03
   9.5000000e+01   2.0000000e+00   3.8927719e-03
   9.6000000e+01   1.0000000e+00   3.8521526e-03
   9.7000000e+01   0.0000000e+00   3.8119571e-03
   9.8000000e+01   3.0000000e+00   3.7721811e-03
   9.9000000e+01   1.0000000e+00   3.7328200e-03
   1.0000000e+02   2.0000000e+00   3.6938697e-03
   1.0100000e+02   2.0000000e+00   3.6553258e-03
   1.0200000e+02   2.0000000e+00   3.6171842e-03
   1.0300000e+02   2.0000000e+00   3.5794405e-03
   1.0400000e+02   1.0000000e+00   3.5420906e-03
   1.0500000e+02   3.0000000e+00   3.5051305e-03
   1.0600000e+02   2.0000000e+00   3.4685560e-03
   1.0700000e+02   1.0000000e+00   3.4323632e-03
   1.0800000e+02   0.0000000e+00   3.3965480e-03
   1.0900000e+02   4.0000000e+00   3.3611065e-03
   1.1000000e+02   2.0000000e+00   3.3260349e-03
   1.1100000e+02   0.0000000e+00   3.2913292e-03
   1.1200000e+02   4.0000000e+00   3.2569856e-03
   1.1300000e+02   3.0000000e+00   3.2230005e-03
   1.1400000e+02   2.0000000e+00   3.1893699e-03
   1.1500000e+02   0.0000000e+00   3.1560902e-03
   1.1600000e+02   1.0000000e+00   3.1231578e-03
   1.1700000e+02   0.0000000e+00   3.0905691e-03
   1.1800000e+02   1.0000000e+00   3.0583204e-03
   1.1900000e+02   3.0000000e+00   3.0264082e-03
   1.2000000e+02   0.0000000e+00   2.9948290e-03
   1.2100000e+02   1.0000000e+00   2.9635793e-03
   1.2200000e+02   3.0000000e+00   2.9326556e-03
   1.2300000e+02   0.0000000e+00   2.9020547e-03
   1.2400000e+02   0.0000000e+00   2.8717730e-03
   1.2500000e+02   1.0000000e+00   2.8418074e-03
   1.2600000e+02   1.0000000e+00   2.8121544e-03
   1.2700000e+02   0.0000000e+00   2.7828108e-03
   1.2800000e+02   3.0000000e+00   2.7537734e-03
   1.2900000e+02   2.0000000e+00   2.7250390e-03
   1.3000000e+02   2.0000000e+00   2.6966045e-03
   1.3100000e+02   0.0000000e+00   2.6684666e-03
   1.3200000e+02   4.0000000e+00   2.6406224e-03
   1.3300000e+02   2.0000000e+00   2.6130686e-03
   1.3400000e+02   0.0000000e+00   2.5858024e-03
   1.3500000e+02   3.0000000e+00   2.5588207e-03
   1.3600000e+02   1.0000000e+00   2.5321206e-03
   1.3700000e+02   2.0000000e+00   2.5056990e-03
   1.3800000e+02   0.0000000e+00   2.4795532e-03
   1.3900000e+02   0.0000000e+00   2.4536802e-03
   1.4000000e+02   1.0000000e+00   2.4280771e-03
   1.4100000e+02   0.0000000e+00   2.4027412e-03
   1.4200000e+02   3.0000000e+00   2.3776697e-03
   1.4300000e+02   0.0000000e+00   2.3528598e-03
   1.4400000e+02   1.0000000e+00   2.3283087e-03
   1.4500000e+02   3.0000000e+00   2.3040139e-03
   1.4600000e+02   0.0000000e+00   2.2799725e-03
   1.4700000e+02   1.0000000e+00   2.2561820e-03
   1.4800000e+02   0.0000000e+00   2.2326398e-03
   1.4900000e+02   3.0000000e+00   2.2093432e-03
   1.5000000e+02   3.0000000e+00   2.1862897e-03
   1.5100000e+02   0.0000000e+00   2.1634767e-03
   1.5200000e+02   1.0000000e+00   2.1409018e-03
   1.5300000e+02   0.0000000e+00   2.1185624e-03
   1.5400000e+02   1.0000000e+00   2.0964562e-03
   1.5500000e+02   3.0000000e+00   2.0745806e-03
   1.5600000e+02   3.0000000e+00   2.0529333e-03
   1.5700000e+02   0.0000000e+00   2.0315118e-03
   1.5800000e+02   0.0000000e+00   2.0103139e-03
   1.5900000e+02   1.0000000e+00   1.9893372e-03
   1.6000000e+02   1.0000000e+00   1.9685794e-03
   1.6100000e+02   3.0000000e+00   1.9480381e-03
   1.6200000e+02   0.0000000e+00   1.9277112e-03
   1.6300000e+02   2.0000000e+00   1.9075964e-03
   1.6400000e+02   0.0000000e+00   1.8876915e-03
   1.6500000e+02   0.0000000e+00   1.8679943e-03
   1.6600000e+02   0.0000000e+00   1.8485026e-03
   1.6700000e+02   1.0000000e+00   1.8292143e-03
   1.6800000e+02   2.0000000e+00   1.8101272e-03
   1.6900000e+02   2.0000000e+00   1.7912394e-03
   1.7000000e+02   1.0000000e+00   1.7725486e-03
   1.7100000e+02   1.0000000e+00   1.7540528e-03
   1.7200000e+02   1.0000000e+00   1.7357501e-03
   1.7300000e+02   1.0000000e+00   1.7176383e-03
   1.7400000e+02   0.0000000e+00   1.6997155e-03
   1.7500000e+02   0.0000000e+00   1.6819798e-03
   1.7600000e+02   1.0000000e+00   1.6644290e-03
   1.7700000e+02   1.0000000e+00   1.6470615e-03
   1.7800000e+02   3.0000000e+00   1.6298751e-03
   1.7900000e+02   0.0000000e+00   1.6128681e-03
   1.8000000e+02   0.0000000e+00   1.5960385e-03
   1.8100000e+02   0.0000000e+00   1.5793846e-03
   1.8200000e+02   0.0000000e+00   1.5629044e-03
   1.8300000e+02   0.0000000e+00   1.5465962e-03
   1.8400000e+02   1.0000000e+00   1.5304582e-03
   1.8500000e+02   1.0000000e+00   1.5144885e-03
   1.8600000e+02   2.0000000e+00   1.4986855e-03
   1.8700000e+02   1.0000000e+00   1.4830474e-03
   1.8800000e+02   0.0000000e+00   1.4675725e-03
   1.8900000e+02   2.0000000e+00   1.4522590e-03
   1.9000000e+02   0.0000000e+00   1.4371053e-03
   1.9100000e+02   1.0000000e+00   1.4221098e-03
   1.9200000e+02   1.0000000e+00   1.4072707e-03
   1.9300000e+02   2.0000000e+00   1.3925865e-03
   1.9400000e+02   1.0000000e+00   1.3780554e-03
   1.9500000e+02   1.0000000e+00   1.3636761e-03
   1.9600000e+02   0.0000000e+00   1.3494467e-03
   1.9700000e+02   0.0000000e+00   1.3353658e-03
   1.9800000e+02   0.0000000e+00   1.3214319e-03
   1.9900000e+02   3.0000000e+00   1.3076433e-03
   2.0000000e+02   0.0000000e+00   1.2939987e-03
   2.0100000e+02   1.0000000e+00   1.2804964e-03
   2.0200000e+02   2.0000000e+00   1.2671350e-03
   2.0300000e+02   2.0000000e+00   1.2539130e-03
   2.0400000e+02   0.0000000e+00   1.2408289e-03
   2.0500000e+02   2.0000000e+00   1.2278815e-03
   2.0600000e+02   0.0000000e+00   1.2150691e-03
   2.0700000e+02   2.0000000e+00   1.2023904e-03
   2.0800000e+02   0.0000000e+00   1.1898439e-03
   2.0900000e+02   1.0000000e+00   1.1774285e-03
   2.1000000e+02   0.0000000e+00   1.1651425e-03
   2.1100000e+02   0.0000000e+00   1.1529848e-03
   2.1200000e+02   1.0000000e+00   1.1409539e-03
   2.1300000e+02   0.0000000e+00   1.1290486e-03
   2.1400000e+02   1.0000000e+00   1.1172674e-03
   2.1500000e+02   0.0000000e+00   1.1056093e-03
   2.1600000e+02   0.0000000e+00   1.0940727e-03
   2.1700000e+02   1.0000000e+00   1.0826566e-03
   2.1800000e+02   0.0000000e+00   1.0713595e-03
   2.1900000e+02   2.0000000e+00   1.0601804e-03
   2.2000000e+02   1.0000000e+00   1.0491179e-03
   2.2100000e+02   0.0000000e+00   1.0381708e-03
   2.2200000e+02   0.0000000e+00   1.0273379e-03
   2.2300000e+02   2.0000000e+00   1.0166181e-03
   2.2400000e+02   0.0000000e+00   1.0060102e-03
   2.2500000e+02   1.0000000e+00   9.9551289e-04
   2.2600000e+02   0.0000000e+00   9.8512516e-04
   2.2700000e+02   0.0000000e+00   9.7484582e-04
   2.2800000e+02   1.0000000e+00   9.6467374e-04
   2.2900000e+02   0.0000000e+00   9.5460780e-04
   2.3000000e+02   0.0000000e+00   9.4464690e-04
   2.3100000e+02   0.0000000e+00   9.3478993e-04
   2.3200000e+02   0.0000000e+00   9.2503581e-04
   2.3300000e+02   0.0000000e+00   9.1538348e-04
   2.3400000e+02   0.0000000e+00   9.0583186e-04
   2.3500000e+02   0.0000000e+00   8.9637991e-04
   2.3600000e+02   0.0000000e+00   8.8702659e-04
   2.3700000e+02   2.0000000e+00   8.7777086e-04
   2.3800000e+02   0.0000000e+00   8.6861171e-04
   2.3900000e+02   0.0000000e+00   8.5954814e-04
   2.4000000e+02   0.0000000e+00   8.5057914e-04
   2.4100000e+02   1.0000000e+00   8.4170373e-04
   2.4200000e+02   0.0000000e+00   8.3292092e-04
   2.4300000e+02   0.0000000e+00   8.2422977e-04
   2.4400000e+02   0.0000000e+00   8.1562930e-04
   2.4500000e+02   1.0000000e+00   8.0711857e-04
   2.4600000e+02   0.0000000e+00   7.9869665e-04
   2.4700000e+02   0.0000000e+00   7.9036261e-04
   2.4800000e+02   0.0000000e+00   7.8211553e-04
   2.4900000e+02   0.0000000e+00   7.7395450e-04
   2.5000000e+02   1.0000000e+00   7.6587863e-04
   2.5100000e+02   0.0000000e+00   7.5788703e-04
   2.5200000e+02   1.0000000e+00   7.4997882e-04
   2.5300000e+02   3.0000000e+00   7.4215312e-04
   2.5400000e+02   0.0000000e+00   7.3440909e-04
   2.5500000e+02   0.0000000e+00   7.2674586e-04
   2.5600000e+02   0.0000000e+00   7.1916259e-04
   2.5700000e+02   0.0000000e+00   7.1165845e-04
   2.5800000e+02   1.0000000e+00   7.0423261e-04
   2.5900000e+02   2.0000000e+00   6.9688426e-04
   2.6000000e+02   1.0000000e+00   6.8961258e-04
   2.6100000e+02   0.0000000e+00   6.8241678e-04
   2.6200000e+02   1.0000000e+00   6.7529607e-04
   2.6300000e+02   0.0000000e+00   6.6824966e-04
   2.6400000e+02   2.0000000e+00   6.6127677e-04
   2.6500000e+02   1.0000000e+00   6.5437664e-04
   2.6600000e+02   1.0000000e+00   6.4754852e-04
   2.6700000e+02   0.0000000e+00   6.4079164e-04
   2.6800000e+02   0.0000000e+00   6.3410526e-04
   2.6900000e+02   0.0000000e+00   6.2748866e-04
   2.7000000e+02   0.0000000e+00   6.2094109e-04
   2.7100000e+02   0.0000000e+00   6.1446185e-04
   2.7200000e+02   0.0000000e+00   6.0805022e-04
   2.7300000e+02   0.0000000e+00   6.0170548e-04
   2.7400000e+02   0.0000000e+00   5.9542696e-04
   2.7500000e+02   0.0000000e+00   5.8921394e-04
   2.7600000e+02   0.0000000e+00   5.8306576e-04
   2.7700000e+02   0.0000000e+00   5.7698173e-04
   2.7800000e+02   0.0000000e+00   5.7096118e-04
   2.7900000e+02   0.0000000e+00   5.6500346e-04
   2.8000000e+02   1.0000000e+00   5.5910790e-04
   2.8100000e+02   1.0000000e+00   5.5327386e-04
   2.8200000e+02   0.0000000e+00   5.4750069e-04
   2.8300000e+02   0.0000000e+00   5.4178777e-04
   2.8400000e+02   0.0000000e+00   5.3613445e-04
   2.8500000e+02   0.0000000e+00   5.3054013e-04
   2.8600000e+02   0.0000000e+00   5.2500418e-04
   2.8700000e+02   0.0000000e+00   5.1952600e-04
   2.8800000e+02   0.0000000e+00   5.1410498e-04
   2.8900000e+02   0.0000000e+00   5.0874052e-04
   2.9000000e+02   0.0000000e+00   5.0343204e-04
   2.9100000e+02   0.0000000e+00   4.9817895e-04
   2.9200000e+02   0.0000000e+00   4.9298068e-04
   2.9300000e+02   0.0000000e+00   4.8783665e-04
   2.9400000e+02   0.0000000e+00   4.8274629e-04
   2.9500000e+02   0.0000000e+00   4.7770905e-04
   2.9600000e+02   0.0000000e+00   4.7272437e-04
   2.9700000e+02   0.0000000e+00   4.6779170e-04
   2.9800000e+02   0.0000000e+00   4.6291050e-04
   2.9900000e+02   0.0000000e+00   4.5808024e-04
   3.0000000e+02   2.0000000e+00   4.5330037e-04
   3.0100000e+02   0.0000000e+00   4.4857039e-04
   3.0200000e+02   0.0000000e+00   4.4388976e-04
   3.0300000e+02   0.0000000e+00   4.3925797e-04
   3.0400000e+02   0.0000000e+00   4.3467451e-04
   3.0500000e+02   0.0000000e+00   4.3013887e-04
   3.0600000e+02   0.0000000e+00   4.2565056e-04
   3.0700000e+02   0.0000000e+00   4.2120909e-04
   3.0800000e+02   0.0000000e+00   4.1681396e-04
   3.0900000e+02   0.0000000e+00   4.1246469e-04
   3.1000000e+02   0.0000000e+00   4.0816081e-04
   3.1100000e+02   0.0000000e+00   4.0390183e-04
   3.1200000e+02   0.0000000e+00   3.9968730e-04
   3.1300000e+02   0.0000000e+00   3.9551674e-04
   3.1400000e+02   0.0000000e+00   3.9138970e-04
   3.1500000e+02   0.0000000e+00   3.8730572e-04
   3.1600000e+02   1.0000000e+00   3.8326436e-04
   3.1700000e+02   0.0000000e+00   3.7926517e-04
   3.1800000e+02   0.0000000e+00   3.7530771e-04
   3.1900000e+02   0.0000000e+00   3.7139154e-04
   3.2000000e+02   2.0000000e+00   3.6751623e-04
   3.2100000e+02   0.0000000e+00   3.6368137e-04
   3.2200000e+02   0.0000000e+00   3.5988651e-04
   3.2300000e+02   0.0000000e+00   3.5613126e-04
   3.2400000e+02   0.0000000e+00   3.5241519e-04
   3.2500000e+02   0.0000000e+00   3.4873789e-04
   3.2600000e+02   0.0000000e+00   3.4509897e-04
   3.2700000e+02   0.0000000e+00   3.4149802e-04
   3.2800000e+02   0.0000000e+00   3.3793464e-04
   3.2900000e+02   1.0000000e+00   3.3440844e-04
   3.3000000e+02   0.0000000e+00   3.3091904e-04
   3.3100000e+02   0.0000000e+00   3.2746605e-04
   3.3200000e+02   0.0000000e+00   3.2404908e-04
   3.3300000e+02   0.0000000e+00   3.2066778e-04
   3.3400000e+02   0.0000000e+00   3.1732175e-04
   3.3500000e+02   0.0000000e+00   3.1401064e-04
   3.3600000e+02   0.0000000e+00   3.1073408e-04
   3.3700000e+02   0.0000000e+00   3.0749171e-04
   3.3800000e+02   0.0000000e+00   3.0428317e-04
   3.3900000e+02   0.0000000e+00   3.0110811e-04
   3.4000000e+02   0.0000000e+00   2.9796618e-04
   3.4100000e+02   0.0000000e+00   2.9485704e-04
   3.4200000e+02   0.0000000e+00   2.9178034e-04
   3.4300000e+02   0.0000000e+00   2.8873574e-04
   3.4400000e+02   1.0000000e+00   2.8572291e-04
   3.4500000e+02   0.0000000e+00   2.8274152e-04
   3.4600000e+02   0.0000000e+00   2.7979124e-04
   3.4700000e+02   0.0000000e+00   2.7687174e-04
   3.4800000e+02   0.0000000e+00   2.7398271e-04
   3.4900000e+02   0.0000000e+00   2.7112382e-04
   3.5000000e+02   0.0000000e+00   2.6829477e-04
   3.5100000e+02   0.0000000e+00   2.6549523e-04
   3.5200000e+02   0.0000000e+00   2.6272491e-04
   3.5300000e+02   0.0000000e+00   2.5998349e-04
   3.5400000e+02   0.0000000e+00   2.5727068e-04
   3.5500000e+02   0.0000000e+00   2.5458618e-04
   3.5600000e+02   0.0000000e+00   2.5192968e-04
   3.5700000e+02   0.0000000e+00   2.4930091e-04
   3.5800000e+02   0.0000000e+00   2.4669957e-04
   3.5900000e+02   0.0000000e+00   2.4412537e-04
   3.6000000e+02   0.0000000e+00   2.4157803e-04
   3.6100000e+02   0.0000000e+00   2.3905727e-04
   3.6200000e+02   0.0000000e+00   2.3656281e-04
   3.6300000e+02   0.0000000e+00   2.3409439e-04
   3.6400000e+02   0.0000000e+00   2.3165171e-04
   3.6500000e+02   0.0000000e+00   2.2923453e-04
   3.6600000e+02   4.0000000e+00   2.2684257e-04
   3.6700000e+02   0.0000000e+00   2.2447557e-04
   3.6800000e+02   0.0000000e+00   2.2213327e-04
   3.6900000e+02   1.0000000e+00   2.1981541e-04
   3.7000000e+02   0.0000000e+00   2.1752173e-04
   3.7100000e+02   0.0000000e+00   2.1525199e-04
   3.7200000e+02   0.0000000e+00   2.1300593e-04
   3.7300000e+02   0.0000000e+00   2.1078331e-04
   3.7400000e+02   0.0000000e+00   2.0858388e-04
   3.7500000e+02   0.0000000e+00   2.0640740e-04
   3.7600000e+02   0.0000000e+00   2.0425363e-04
   3.7700000e+02   0.0000000e+00   2.0212234e-04
   3.7800000e+02   0.0000000e+00   2.0001328e-04
   3.7900000e+02   0.0000000e+00   1.9792623e-04
   3.8000000e+02   0.0000000e+00   1.9586096e-04
   3.8100000e+02   0.0000000e+00   1.9381724e-04
   3.8200000e+02   1.0000000e+00   1.9179484e-04
   3.8300000e+02   0.0000000e+00   1.8979355e-04
   3.8400000e+02   2.0000000e+00   1.8781314e-04
   3.8500000e+02   0.0000000e+00   1.8585339e-04
   3.8600000e+02   0.0000000e+00   1.8391410e-04
   3.8700000e+02   0.0000000e+00   1.8199503e-04
   3.8800000e+02   0.0000000e+00   1.8009600e-04
   3.8900000e+02   0.0000000e+00   1.7821678e-04
   3.9000000e+02   0.0000000e+00   1.7635716e-04
   3.9100000e+02   0.0000000e+00   1.7451696e-04
   3.9200000e+02   0.0000000e+00   1.7269595e-04
   3.9300000e+02   0.0000000e+00   1.7089394e-04
   3.9400000e+02   0.0000000e+00   1.6911074e-04
   3.9500000e+02   0.0000000e+00   1.6734615e-04
   3.9600000e+02   0.0000000e+00   1.6559996e-04
   3.9700000e+02   0.0000000e+00   1.6387200e-04
   3.9800000e+02   0.0000000e+00   1.6216207e-04
   3.9900000e+02   0.0000000e+00   1.6046998e-04
   4.0000000e+02   0.0000000e+00   1.5879555e-04
   4.0100000e+02   0.0000000e+00   1.5713859e-04
   4.0200000e+02   0.0000000e+00   1.5549892e-04
   4.0300000e+02   0.0000000e+00   1.5387636e-04
   4.0400000e+02   0.0000000e+00   1.5227073e-04
   4.0500000e+02   0.0000000e+00   1.5068185e-04
   4.0600000e+02   0.0000000e+00   1.4910955e-04
   4.0700000e+02   0.0000000e+00   1.4755366e-04
   4.0800000e+02   0.0000000e+00   1.4601400e-04
   4.0900000e+02   0.0000000e+00   1.4449041e-04
   4.1000000e+02   0.0000000e+00   1.4298272e-04
   4.1100000e+02   0.0000000e+00   1.4149076e-04
   4.1200000e+02   0.0000000e+00   1.4001437e-04
   4.1300000e+02   1.0000000e+00   1.3855338e-04
   4.1400000e+02   0.0000000e+00   1.3710764e-04
   4.1500000e+02   0.0000000e+00   1.3567698e-04
   4.1600000e+02   0.0000000e+00   1.3426125e-04
   4.1700000e+02   0.0000000e+00   1.3286030e-04
   4.1800000e+02   0.0000000e+00   1.3147396e-04
   4.1900000e+02   0.0000000e+00   1.3010209e-04
   4.2000000e+02   0.0000000e+00   1.2874453e-04
   4.2100000e+02   0.0000000e+00   1.2740114e-04
   4.2200000e+02   0.0000000e+00   1.2607176e-04
   4.2300000e+02   0.0000000e+00   1.2475626e-04
   4.2400000e+02   0.0000000e+00   1.2345448e-04
   4.2500000e+02   0.0000000e+00   1.2216629e-04
   4.2600000e+02   0.0000000e+00   1.2089154e-04
   4.2700000e+02   0.0000000e+00   1.1963009e-04
   4.2800000e+02   0.0000000e+00   1.1838181e-04
   4.2900000e+02   0.0000000e+00   1.1714654e-04
   4.3000000e+02   0.0000000e+00   1.1592417e-04
   4.3100000e+02   0.0000000e+00   1.1471456e-04
   4.3200000e+02   0.0000000e+00   1.1351756e-04
   4.3300000e+02   0.0000000e+00   1.1233306e-04
   4.3400000e+02   0.0000000e+00   1.1116091e-04
   4.3500000e+02   0.0000000e+00   1.1000100e-04
   4.3600000e+02   0.0000000e+00   1.0885319e-04
   4.3700000e+02   0.0000000e+00   1.0771735e-04
   4.3800000e+02   0.0000000e+00   1.0659337e-04
   4.3900000e+02   0.0000000e+00   1.0548111e-04
   4.4000000e+02   0.0000000e+00   1.0438047e-04
   4.4100000e+02   0.0000000e+00   1.0329130e-04
   4.4200000e+02   0.0000000e+00   1.0221350e-04
   4.4300000e+02   0.0000000e+00   1.0114695e-04
   4.4400000e+02   0.0000000e+00   1.0009153e-04
   4.4500000e+02   0.0000000e+00   9.9047118e-05
   4.4600000e+02   0.0000000e+00   9.8013606e-05
   4.4700000e+02   0.0000000e+00   9.6990878e-05
   4.4800000e+02   0.0000000e+00   9.5978821e-05
   4.4900000e+02   0.0000000e+00   9.4977325e-05
   4.5000000e+02   0.0000000e+00   9.3986279e-05
   4.5100000e+02   0.0000000e+00   9.3005574e-05
   4.5200000e+02   0.0000000e+00   9.2035103e-05
   4.5300000e+02   0.0000000e+00   9.1074758e-05
   4.5400000e+02   0.0000000e+00   9.0124433e-05
   4.5500000e+02   0.0000000e+00   8.9184025e-05
   4.5600000e+02   0.0000000e+00   8.8253430e-05
   4.5700000e+02   0.0000000e+00   8.7332544e-05
   4.5800000e+02   0.0000000e+00   8.6421268e-05
   4.5900000e+02   0.0000000e+00   8.5519501e-05
   4.6000000e+02   0.0000000e+00   8.4627143e-05
   4.6100000e+02   0.0000000e+00   8.3744097e-05
   4.6200000e+02   0.0000000e+00   8.2870265e-05
   4.6300000e+02   0.0000000e+00   8.2005551e-05
   4.6400000e+02   0.0000000e+00   8.1149859e-05
   4.6500000e+02   0.0000000e+00   8.0303097e-05
   4.6600000e+02   0.0000000e+00   7.9465170e-05
   4.6700000e+02   0.0000000e+00   7.8635986e-05
   4.6800000e+02   0.0000000e+00   7.7815455e-05
   4.6900000e+02   0.0000000e+00   7.7003486e-05
   4.7000000e+02   0.0000000e+00   7.6199989e-05
   4.7100000e+02   0.0000000e+00   7.5404876e-05
   4.7200000e+02   0.0000000e+00   7.4618060e-05
   4.7300000e+02   0.0000000e+00   7.3839454e-05
   4.7400000e+02   0.0000000e+00   7.3068972e-05
   4.7500000e+02   0.0000000e+00   7.2306530e-05
   4.7600000e+02   0.0000000e+00   7.1552044e-05
   4.7700000e+02   0.0000000e+00   7.0805430e-05
   4.7800000e+02   0.0000000e+00   7.0066607e-05
   4.7900000e+02   0.0000000e+00   6.9335493e-05
   4.8000000e+02   0.0000000e+00   6.8612008e-05
   4.8100000e+02   0.0000000e+00   6.7896073e-05
   4.8200000e+02   0.0000000e+00   6.7187608e-05
   4.8300000e+02   0.0000000e+00   6.6486535e-05
   4.8400000e+02   0.0000000e+00   6.5792778e-05
   4.8500000e+02   0.0000000e+00   6.5106259e-05
   4.8600000e+02   0.0000000e+00   6.4426905e-05
   4.8700000e+02   0.0000000e+00   6.3754639e-05
   4.8800000e+02   0.0000000e+00   6.3089388e-05
   4.8900000e+02   0.0000000e+00   6.2431078e-05
   4.9000000e+02   0.0000000e+00   6.1779638e-05
   4.9100000e+02   0.0000000e+00   6.1134995e-05
   4.9200000e+02   0.0000000e+00   6.0497078e-05
   4.9300000e+02   0.0000000e+00   5.9865818e-05
   4.9400000e+02   0.0000000e+00   5.9241145e-05
   4.9500000e+02   0.0000000e+00   5.8622991e-05
   4.9600000e+02   0.0000000e+00   5.8011286e-05
   4.9700000e+02   0.0000000e+00   5.7405964e-05
   4.9800000e+02   0.0000000e+00   5.6806958e-05
   4.9900000e+02   0.0000000e+00   5.6214203e-05
   5.0000000e+02   0.0000000e+00   5.5627633e-05
   5.0100000e+02   0.0000000e+00   5.5047184e-05
   5.0200000e+02   0.0000000e+00   5.4472791e-05
   5.0300000e+02   0.0000000e+00   5.3904392e-05
   5.0400000e+02   0.0000000e+00   5.3341923e-05
   5.0500000e+02   0.0000000e+00   5.2785324e-05
   5.0600000e+02   0.0000000e+00   5.2234533e-05
   5.0700000e+02   0.0000000e+00   5.1689489e-05
   5.0800000e+02   0.0000000e+00   5.1150132e-05
   5.0900000e+02   0.0000000e+00   5.0616404e-05
   5.1000000e+02   0.0000000e+00   5.0088244e-05
   5.1100000e+02   0.0000000e+00   4.9565596e-05
   5.1200000e+02   0.0000000e+00   4.9048401e-05
   5.1300000e+02   0.0000000e+00   4.8536603e-05
   5.1400000e+02   0.0000000e+00   4.8030145e-05
   5.1500000e+02   0.0000000e+00   4.7528972e-05
   5.1600000e+02   0.0000000e+00   4.7033028e-05
   5.1700000e+02   0.0000000e+00   4.6542260e-05
   5.1800000e+02   1.0000000e+00   4.6056612e-05
