   1.0000000e+00   7.0000000e+00   9.9827183e-03
   2.0000000e+00   5.0000000e+00   9.8830636e-03
   3.0000000e+00   8.0000000e+00   9.7844038e-03
   4.0000000e+00   5.0000000e+00   9.6867289e-03
   5.0000000e+00   3.0000000e+00   9.5900290e-03
   6.0000000e+00   6.0000000e+00   9.4942944e-03
   7.0000000e+00   7.0000000e+00   9.3995155e-03
   8.0000000e+00   2.0000000e+00   9.3056828e-03
   9.0000000e+00   2.0000000e+00   9.2127868e-03
   1.0000000e+01   5.0000000e+00   9.1208182e-03
   1.1000000e+01   3.0000000e+00   9.0297676e-03
   1.2000000e+01   4.0000000e+00   8.9396260e-03
   1.3000000e+01   6.0000000e+00   8.8503842e-03
   1.4000000e+01   3.0000000e+00   8.7620333e-03
   1.5000000e+01   3.0000000e+00   8.6745644e-03
   1.6000000e+01   7.0000000e+00   8.5879687e-03
   1.7000000e+01   5.0000000e+00   8.5022374e-03
   1.8000000e+01   6.0000000e+00   8.4173620e-03
   1.9000000e+01   7.0000000e+00   8.3333338e-03
   2.0000000e+01   5.0000000e+00   8.2501445e-03
   2.1000000e+01   5.0000000e+00   8.1677856e-03
   2.2000000e+01   4.0000000e+00   8.0862489e-03
   2.3000000e+01   5.0000000e+00   8.0055262e-03
   2.4000000e+01   6.0000000e+00   7.9256093e-03
   2.5000000e+01   7.0000000e+00   7.8464901e-03
   2.6000000e+01   1.0000000e+00   7.7681608e-03
   2.7000000e+01   4.0000000e+00   7.6906135e-03
   2.8000000e+01   1.0000000e+00   7.6138402e-03
   2.9000000e+01   2.0000000e+00   7.5378334e-03
   3.0000000e+01   3.0000000e+00   7.4625854e-03
   3.1000000e+01   4.0000000e+00   7.3880885e-03
   3.2000000e+01   0.0000000e+00   7.3143353e-03
   3.3000000e+01   3.0000000e+00   7.2413183e-03
   3.4000000e+01   2.0000000e+00   7.1690303e-03
   3.5000000e+01   4.0000000e+00   7.0974639e-03
   3.6000000e+01   2.0000000e+00   7.0266119e-03
   3.7000000e+01   4.0000000e+00   6.9564672e-03
   3.8000000e+01   5.0000000e+00   6.8870227e-03
   3.9000000e+01   1.0000000e+00   6.8182715e-03
   4.0000000e+01   1.0000000e+00   6.7502066e-03
   4.1000000e+01   4.0000000e+00   6.6828212e-03
   4.2000000e+01   1.0000000e+00   6.6161085e-03
   4.3000000e+01   3.0000000e+00   6.5500618e-03
   4.4000000e+01   3.0000000e+00   6.4846743e-03
   4.5000000e+01   2.0000000e+00   6.4199397e-03
   4.6000000e+01   2.0000000e+00   6.3558512e-03
   4.7000000e+01   4.0000000e+00   6.2924025e-03
   4.8000000e+01   2.0000000e+00   6.2295873e-03
   4.9000000e+01   4.0000000e+00   6.1673990e-03
   5.0000000e+01   5.0000000e+00   6.1058316e-03
   5.1000000e+01   6.0000000e+00   6.0448788e-03
   5.2000000e+01   2.0000000e+00   5.9845345e-03
   5.3000000e+01   6.0000000e+00   5.9247926e-03
   5.4000000e+01   1.0000000e+00   5.8656471e-03
   5.5000000e+01   4.0000000e+00   5.8070920e-03
   5.6000000e+01   2.0000000e+00   5.7491214e-03
   5.7000000e+01   3.0000000e+00   5.6917295e-03
   5.8000000e+01   4.0000000e+00   5.6349106e-03
   5.9000000e+01   4.0000000e+00   5.5786589e-03
   6.0000000e+01   4.0000000e+00   5.5229687e-03
   6.1000000e+01   3.0000000e+00   5.4678345e-03
   6.2000000e+01   1.0000000e+00   5.4132506e-03
   6.3000000e+01   1.0000000e+00   5.3592117e-03
   6.4000000e+01   1.0000000e+00   5.3057122e-03
   6.5000000e+01   2.0000000e+00   5.2527467e-03
   6.6000000e+01   2.0000000e+00   5.2003100e-03
   6.7000000e+01   1.0000000e+00   5.1483968e-03
   6.8000000e+01   4.0000000e+00   5.0970018e-03
   6.9000000e+01   0.0000000e+00   5.0461199e-03
   7.0000000e+01   4.0000000e+00   4.9957459e-03
   7.1000000e+01   3.0000000e+00   4.9458748e-03
   7.2000000e+01   1.0000000e+00   4.8965015e-03
   7.3000000e+01   2.0000000e+00   4.8476211e-03
   7.4000000e+01   2.0000000e+00   4.7992286e-03
   7.5000000e+01   5.0000000e+00   4.7513193e-03
   7.6000000e+01   2.0000000e+00   4.7038882e-03
   7.7000000e+01   1.0000000e+00   4.6569306e-03
   7.8000000e+01   3.0000000e+00   4.6104418e-03
   7.9000000e+01   1.0000000e+00   4.5644171e-03
   8.0000000e+01   2.0000000e+00   4.5188518e-03
   8.1000000e+01   5.0000000e+00   4.4737413e-03
   8.2000000e+01   2.0000000e+00   4.4290812e-03
   8.3000000e+01   4.0000000e+00   4.3848670e-03
   8.4000000e+01   1.0000000e+00   4.3410941e-03
   8.5000000e+01   3.0000000e+00   4.2977582e-03
   8.6000000e+01   0.0000000e+00   4.2548549e-03
   8.7000000e+01   1.0000000e+00   4.2123798e-03
   8.8000000e+01   2.0000000e+00   4.1703288e-03
   8.9000000e+01   4.0000000e+00   4.1286976e-03
   9.0000000e+01   2.0000000e+00   4.0874820e-03
   9.1000000e+01   1.0000000e+00   4.0466778e-03
   9.2000000e+01   0.0000000e+00   4.0062810e-03
   9.3000000e+01   0.0000000e+00   3.9662874e-03
   9.4000000e+01   2.0000000e+00   3.9266931e-03
   9.5000000e+01   2.0000000e+00   3.8874940e-03
   9.6000000e+01   2.0000000e+00   3.8486862e-03
   9.7000000e+01   1.0000000e+00   3.8102659e-03
   9.8000000e+01   3.0000000e+00   3.7722291e-03
   9.9000000e+01   0.0000000e+00   3.7345720e-03
   1.0000000e+02   0.0000000e+00   3.6972908e-03
   1.0100000e+02   2.0000000e+00   3.6603818e-03
   1.0200000e+02   1.0000000e+00   3.6238412e-03
   1.0300000e+02   1.0000000e+00   3.5876654e-03
   1.0400000e+02   2.0000000e+00   3.5518508e-03
   1.0500000e+02   3.0000000e+00   3.5163937e-03
   1.0600000e+02   4.0000000e+00   3.4812905e-03
   1.0700000e+02   1.0000000e+00   3.4465377e-03
   1.0800000e+02   0.0000000e+00   3.4121319e-03
   1.0900000e+02   2.0000000e+00   3.3780696e-03
   1.1000000e+02   1.0000000e+00   3.3443473e-03
   1.1100000e+02   2.0000000e+00   3.3109616e-03
   1.1200000e+02   4.0000000e+00   3.2779092e-03
   1.1300000e+02   2.0000000e+00   3.2451867e-03
   1.1400000e+02   4.0000000e+00   3.2127910e-03
   1.1500000e+02   2.0000000e+00   3.1807186e-03
   1.1600000e+02   0.0000000e+00   3.1489664e-03
   1.1700000e+02   0.0000000e+00   3.1175311e-03
   1.1800000e+02   2.0000000e+00   3.0864097e-03
   1.1900000e+02   1.0000000e+00   3.0555989e-03
   1.2000000e+02   2.0000000e+00   3.0250957e-03
   1.2100000e+02   4.0000000e+00   2.9948971e-03
   1.2200000e+02   0.0000000e+00   2.9649998e-03
   1.2300000e+02   3.0000000e+00   2.9354011e-03
   1.2400000e+02   2.0000000e+00   2.9060978e-03
   1.2500000e+02   3.0000000e+00   2.8770870e-03
   1.2600000e+02   1.0000000e+00   2.8483659e-03
   1.2700000e+02   1.0000000e+00   2.8199315e-03
   1.2800000e+02   2.0000000e+00   2.7917809e-03
   1.2900000e+02   1.0000000e+00   2.7639113e-03
   1.3000000e+02   1.0000000e+00   2.7363200e-03
   1.3100000e+02   1.0000000e+00   2.7090041e-03
   1.3200000e+02   0.0000000e+00   2.6819608e-03
   1.3300000e+02   1.0000000e+00   2.6551876e-03
   1.3400000e+02   0.0000000e+00   2.6286816e-03
   1.3500000e+02   2.0000000e+00   2.6024402e-03
   1.3600000e+02   5.0000000e+00   2.5764608e-03
   1.3700000e+02   2.0000000e+00   2.5507407e-03
   1.3800000e+02   2.0000000e+00   2.5252774e-03
   1.3900000e+02   0.0000000e+00   2.5000682e-03
   1.4000000e+02   0.0000000e+00   2.4751108e-03
   1.4100000e+02   1.0000000e+00   2.4504024e-03
   1.4200000e+02   0.0000000e+00   2.4259407e-03
   1.4300000e+02   1.0000000e+00   2.4017233e-03
   1.4400000e+02   0.0000000e+00   2.3777475e-03
   1.4500000e+02   3.0000000e+00   2.3540111e-03
   1.4600000e+02   1.0000000e+00   2.3305117e-03
   1.4700000e+02   1.0000000e+00   2.3072469e-03
   1.4800000e+02   1.0000000e+00   2.2842143e-03
   1.4900000e+02   2.0000000e+00   2.2614116e-03
   1.5000000e+02   1.0000000e+00   2.2388366e-03
   1.5100000e+02   1.0000000e+00   2.2164869e-03
   1.5200000e+02   0.0000000e+00   2.1943603e-03
   1.5300000e+02   2.0000000e+00   2.1724547e-03
   1.5400000e+02   3.0000000e+00   2.1507677e-03
   1.5500000e+02   3.0000000e+00   2.1292971e-03
   1.5600000e+02   1.0000000e+00   2.1080410e-03
   1.5700000e+02   0.0000000e+00   2.0869970e-03
   1.5800000e+02   0.0000000e+00   2.0661631e-03
   1.5900000e+02   2.0000000e+00   2.0455372e-03
   1.6000000e+02   0.0000000e+00   2.0251171e-03
   1.6100000e+02   0.0000000e+00   2.0049010e-03
   1.6200000e+02   1.0000000e+00   1.9848866e-03
   1.6300000e+02   5.0000000e+00   1.9650720e-03
   1.6400000e+02   0.0000000e+00   1.9454553e-03
   1.6500000e+02   2.0000000e+00   1.9260344e-03
   1.6600000e+02   0.0000000e+00   1.9068073e-03
   1.6700000e+02   0.0000000e+00   1.8877722e-03
   1.6800000e+02   0.0000000e+00   1.8689271e-03
   1.6900000e+02   1.0000000e+00   1.8502701e-03
   1.7000000e+02   0.0000000e+00   1.8317994e-03
   1.7100000e+02   1.0000000e+00   1.8135130e-03
   1.7200000e+02   1.0000000e+00   1.7954093e-03
   1.7300000e+02   1.0000000e+00   1.7774862e-03
   1.7400000e+02   0.0000000e+00   1.7597420e-03
   1.7500000e+02   2.0000000e+00   1.7421750e-03
   1.7600000e+02   0.0000000e+00   1.7247834e-03
   1.7700000e+02   0.0000000e+00   1.7075654e-03
   1.7800000e+02   1.0000000e+00   1.6905192e-03
   1.7900000e+02   1.0000000e+00   1.6736432e-03
   1.8000000e+02   0.0000000e+00   1.6569357e-03
   1.8100000e+02   0.0000000e+00   1.6403950e-03
   1.8200000e+02   1.0000000e+00   1.6240194e-03
   1.8300000e+02   0.0000000e+00   1.6078073e-03
   1.8400000e+02   2.0000000e+00   1.5917570e-03
   1.8500000e+02   1.0000000e+00   1.5758669e-03
   1.8600000e+02   0.0000000e+00   1.5601355e-03
   1.8700000e+02   0.0000000e+00   1.5445611e-03
   1.8800000e+02   2.0000000e+00   1.5291422e-03
   1.8900000e+02   0.0000000e+00   1.5138772e-03
   1.9000000e+02   0.0000000e+00   1.4987646e-03
   1.9100000e+02   0.0000000e+00   1.4838028e-03
   1.9200000e+02   0.0000000e+00   1.4689905e-03
   1.9300000e+02   2.0000000e+00   1.4543259e-03
   1.9400000e+02   0.0000000e+00   1.4398078e-03
   1.9500000e+02   0.0000000e+00   1.4254346e-03
   1.9600000e+02   1.0000000e+00   1.4112049e-03
   1.9700000e+02   0.0000000e+00   1.3971172e-03
   1.9800000e+02   1.0000000e+00   1.3831702e-03
   1.9900000e+02   0.0000000e+00   1.3693624e-03
   2.0000000e+02   0.0000000e+00   1.3556925e-03
   2.0100000e+02   1.0000000e+00   1.3421590e-03
   2.0200000e+02   0.0000000e+00   1.3287606e-03
   2.0300000e+02   0.0000000e+00   1.3154959e-03
   2.0400000e+02   0.0000000e+00   1.3023637e-03
   2.0500000e+02   0.0000000e+00   1.2893626e-03
   2.0600000e+02   0.0000000e+00   1.2764912e-03
   2.0700000e+02   0.0000000e+00   1.2637484e-03
   2.0800000e+02   0.0000000e+00   1.2511327e-03
   2.0900000e+02   1.0000000e+00   1.2386430e-03
   2.1000000e+02   0.0000000e+00   1.2262780e-03
   2.1100000e+02   1.0000000e+00   1.2140364e-03
   2.1200000e+02   1.0000000e+00   1.2019170e-03
   2.1300000e+02   0.0000000e+00   1.1899186e-03
   2.1400000e+02   0.0000000e+00   1.1780400e-03
   2.1500000e+02   2.0000000e+00   1.1662800e-03
   2.1600000e+02   2.0000000e+00   1.1546373e-03
   2.1700000e+02   0.0000000e+00   1.1431109e-03
   2.1800000e+02   1.0000000e+00   1.1316995e-03
   2.1900000e+02   2.0000000e+00   1.1204021e-03
   2.2000000e+02   0.0000000e+00   1.1092174e-03
   2.2100000e+02   0.0000000e+00   1.0981444e-03
   2.2200000e+02   1.0000000e+00   1.0871820e-03
   2.2300000e+02   3.0000000e+00   1.0763289e-03
   2.2400000e+02   0.0000000e+00   1.0655843e-03
   2.2500000e+02   0.0000000e+00   1.0549468e-03
   2.2600000e+02   2.0000000e+00   1.0444156e-03
   2.2700000e+02   0.0000000e+00   1.0339895e-03
   2.2800000e+02   0.0000000e+00   1.0236675e-03
   2.2900000e+02   0.0000000e+00   1.0134485e-03
   2.3000000e+02   1.0000000e+00   1.0033315e-03
   2.3100000e+02   1.0000000e+00   9.9331553e-04
   2.3200000e+02   2.0000000e+00   9.8339954e-04
   2.3300000e+02   1.0000000e+00   9.7358254e-04
   2.3400000e+02   1.0000000e+00   9.6386354e-04
   2.3500000e+02   1.0000000e+00   9.5424156e-04
   2.3600000e+02   0.0000000e+00   9.4471563e-04
   2.3700000e+02   0.0000000e+00   9.3528480e-04
   2.3800000e+02   0.0000000e+00   9.2594812e-04
   2.3900000e+02   0.0000000e+00   9.1670464e-04
   2.4000000e+02   2.0000000e+00   9.0755344e-04
   2.4100000e+02   0.0000000e+00   8.9849359e-04
   2.4200000e+02   0.0000000e+00   8.8952418e-04
   2.4300000e+02   1.0000000e+00   8.8064431e-04
   2.4400000e+02   0.0000000e+00   8.7185308e-04
   2.4500000e+02   1.0000000e+00   8.6314962e-04
   2.4600000e+02   1.0000000e+00   8.5453304e-04
   2.4700000e+02   0.0000000e+00   8.4600248e-04
   2.4800000e+02   0.0000000e+00   8.3755707e-04
   2.4900000e+02   0.0000000e+00   8.2919598e-04
   2.5000000e+02   0.0000000e+00   8.2091835e-04
   2.5100000e+02   0.0000000e+00   8.1272335e-04
   2.5200000e+02   0.0000000e+00   8.0461016e-04
   2.5300000e+02   0.0000000e+00   7.9657797e-04
   2.5400000e+02   1.0000000e+00   7.8862595e-04
   2.5500000e+02   0.0000000e+00   7.8075332e-04
   2.5600000e+02   0.0000000e+00   7.7295928e-04
   2.5700000e+02   1.0000000e+00   7.6524305e-04
   2.5800000e+02   0.0000000e+00   7.5760384e-04
   2.5900000e+02   0.0000000e+00   7.5004090e-04
   2.6000000e+02   1.0000000e+00   7.4255345e-04
   2.6100000e+02   0.0000000e+00   7.3514075e-04
   2.6200000e+02   0.0000000e+00   7.2780204e-04
   2.6300000e+02   0.0000000e+00   7.2053660e-04
   2.6400000e+02   1.0000000e+00   7.1334369e-04
   2.6500000e+02   2.0000000e+00   7.0622258e-04
   2.6600000e+02   0.0000000e+00   6.9917256e-04
   2.6700000e+02   0.0000000e+00   6.9219291e-04
   2.6800000e+02   0.0000000e+00   6.8528295e-04
   2.6900000e+02   0.0000000e+00   6.7844196e-04
   2.7000000e+02   0.0000000e+00   6.7166927e-04
   2.7100000e+02   1.0000000e+00   6.6496418e-04
   2.7200000e+02   0.0000000e+00   6.5832603e-04
   2.7300000e+02   0.0000000e+00   6.5175415e-04
   2.7400000e+02   1.0000000e+00   6.4524787e-04
   2.7500000e+02   0.0000000e+00   6.3880654e-04
   2.7600000e+02   1.0000000e+00   6.3242952e-04
   2.7700000e+02   1.0000000e+00   6.2611615e-04
   2.7800000e+02   1.0000000e+00   6.1986581e-04
   2.7900000e+02   0.0000000e+00   6.1367786e-04
   2.8000000e+02   0.0000000e+00   6.0755169e-04
   2.8100000e+02   1.0000000e+00   6.0148667e-04
   2.8200000e+02   0.0000000e+00   5.9548220e-04
   2.8300000e+02   1.0000000e+00   5.8953767e-04
   2.8400000e+02   0.0000000e+00   5.8365248e-04
   2.8500000e+02   0.0000000e+00   5.7782604e-04
   2.8600000e+02   0.0000000e+00   5.7205777e-04
   2.8700000e+02   0.0000000e+00   5.6634708e-04
   2.8800000e+02   2.0000000e+00   5.6069339e-04
   2.8900000e+02   1.0000000e+00   5.5509615e-04
   2.9000000e+02   0.0000000e+00   5.4955478e-04
   2.9100000e+02   2.0000000e+00   5.4406873e-04
   2.9200000e+02   1.0000000e+00   5.3863744e-04
   2.9300000e+02   0.0000000e+00   5.3326038e-04
   2.9400000e+02   1.0000000e+00   5.2793699e-04
   2.9500000e+02   0.0000000e+00   5.2266674e-04
   2.9600000e+02   0.0000000e+00   5.1744911e-04
   2.9700000e+02   0.0000000e+00   5.1228356e-04
   2.9800000e+02   0.0000000e+00   5.0716958e-04
   2.9900000e+02   0.0000000e+00   5.0210665e-04
   3.0000000e+02   1.0000000e+00   4.9709426e-04
   3.0100000e+02   0.0000000e+00   4.9213191e-04
   3.0200000e+02   0.0000000e+00   4.8721909e-04
   3.0300000e+02   0.0000000e+00   4.8235532e-04
   3.0400000e+02   1.0000000e+00   4.7754010e-04
   3.0500000e+02   0.0000000e+00   4.7277296e-04
   3.0600000e+02   0.0000000e+00   4.6805340e-04
   3.0700000e+02   0.0000000e+00   4.6338095e-04
   3.0800000e+02   0.0000000e+00   4.5875515e-04
   3.0900000e+02   0.0000000e+00   4.5417553e-04
   3.1000000e+02   1.0000000e+00   4.4964162e-04
   3.1100000e+02   0.0000000e+00   4.4515297e-04
   3.1200000e+02   0.0000000e+00   4.4070914e-04
   3.1300000e+02   0.0000000e+00   4.3630966e-04
   3.1400000e+02   0.0000000e+00   4.3195411e-04
   3.1500000e+02   0.0000000e+00   4.2764203e-04
   3.1600000e+02   0.0000000e+00   4.2337300e-04
   3.1700000e+02   1.0000000e+00   4.1914659e-04
   3.1800000e+02   0.0000000e+00   4.1496236e-04
   3.1900000e+02   1.0000000e+00   4.1081991e-04
   3.2000000e+02   0.0000000e+00   4.0671881e-04
   3.2100000e+02   0.0000000e+00   4.0265865e-04
   3.2200000e+02   0.0000000e+00   3.9863902e-04
   3.2300000e+02   0.0000000e+00   3.9465952e-04
   3.2400000e+02   0.0000000e+00   3.9071975e-04
   3.2500000e+02   0.0000000e+00   3.8681930e-04
   3.2600000e+02   0.0000000e+00   3.8295780e-04
   3.2700000e+02   0.0000000e+00   3.7913484e-04
   3.2800000e+02   1.0000000e+00   3.7535004e-04
   3.2900000e+02   0.0000000e+00   3.7160303e-04
   3.3000000e+02   0.0000000e+00   3.6789342e-04
   3.3100000e+02   0.0000000e+00   3.6422084e-04
   3.3200000e+02   0.0000000e+00   3.6058493e-04
   3.3300000e+02   1.0000000e+00   3.5698531e-04
   3.3400000e+02   0.0000000e+00   3.5342163e-04
   3.3500000e+02   0.0000000e+00   3.4989352e-04
   3.3600000e+02   0.0000000e+00   3.4640063e-04
   3.3700000e+02   0.0000000e+00   3.4294261e-04
   3.3800000e+02   0.0000000e+00   3.3951911e-04
   3.3900000e+02   0.0000000e+00   3.3612979e-04
   3.4000000e+02   0.0000000e+00   3.3277430e-04
   3.4100000e+02   0.0000000e+00   3.2945230e-04
   3.4200000e+02   0.0000000e+00   3.2616347e-04
   3.4300000e+02   0.0000000e+00   3.2290748e-04
   3.4400000e+02   0.0000000e+00   3.1968398e-04
   3.4500000e+02   0.0000000e+00   3.1649267e-04
   3.4600000e+02   0.0000000e+00   3.1333321e-04
   3.4700000e+02   0.0000000e+00   3.1020529e-04
   3.4800000e+02   0.0000000e+00   3.0710860e-04
   3.4900000e+02   0.0000000e+00   3.0404282e-04
   3.5000000e+02   0.0000000e+00   3.0100765e-04
   3.5100000e+02   0.0000000e+00   2.9800277e-04
   3.5200000e+02   0.0000000e+00   2.9502790e-04
   3.5300000e+02   0.0000000e+00   2.9208272e-04
   3.5400000e+02   0.0000000e+00   2.8916694e-04
   3.5500000e+02   2.0000000e+00   2.8628026e-04
   3.5600000e+02   0.0000000e+00   2.8342241e-04
   3.5700000e+02   0.0000000e+00   2.8059308e-04
   3.5800000e+02   1.0000000e+00   2.7779200e-04
   3.5900000e+02   0.0000000e+00   2.7501888e-04
   3.6000000e+02   0.0000000e+00   2.7227345e-04
   3.6100000e+02   0.0000000e+00   2.6955542e-04
   3.6200000e+02   0.0000000e+00   2.6686452e-04
   3.6300000e+02   0.0000000e+00   2.6420049e-04
   3.6400000e+02   0.0000000e+00   2.6156305e-04
   3.6500000e+02   0.0000000e+00   2.5895194e-04
   3.6600000e+02   0.0000000e+00   2.5636689e-04
   3.6700000e+02   0.0000000e+00   2.5380766e-04
   3.6800000e+02   0.0000000e+00   2.5127397e-04
   3.6900000e+02   0.0000000e+00   2.4876557e-04
   3.7000000e+02   0.0000000e+00   2.4628221e-04
   3.7100000e+02   0.0000000e+00   2.4382365e-04
   3.7200000e+02   0.0000000e+00   2.4138962e-04
   3.7300000e+02   0.0000000e+00   2.3897990e-04
   3.7400000e+02   0.0000000e+00   2.3659423e-04
   3.7500000e+02   0.0000000e+00   2.3423238e-04
   3.7600000e+02   0.0000000e+00   2.3189410e-04
   3.7700000e+02   0.0000000e+00   2.2957917e-04
   3.7800000e+02   0.0000000e+00   2.2728734e-04
   3.7900000e+02   0.0000000e+00   2.2501840e-04
   3.8000000e+02   0.0000000e+00   2.2277210e-04
   3.8100000e+02   0.0000000e+00   2.2054823e-04
   3.8200000e+02   0.0000000e+00   2.1834656e-04
   3.8300000e+02   0.0000000e+00   2.1616687e-04
   3.8400000e+02   0.0000000e+00   2.1400893e-04
   3.8500000e+02   0.0000000e+00   2.1187254e-04
   3.8600000e+02   0.0000000e+00   2.0975748e-04
   3.8700000e+02   0.0000000e+00   2.0766353e-04
   3.8800000e+02   0.0000000e+00   2.0559048e-04
   3.8900000e+02   0.0000000e+00   2.0353813e-04
   3.9000000e+02   0.0000000e+00   2.0150627e-04
   3.9100000e+02   0.0000000e+00   1.9949469e-04
   3.9200000e+02   0.0000000e+00   1.9750319e-04
   3.9300000e+02   0.0000000e+00   1.9553157e-04
   3.9400000e+02   0.0000000e+00   1.9357963e-04
   3.9500000e+02   0.0000000e+00   1.9164718e-04
   3.9600000e+02   0.0000000e+00   1.8973402e-04
   3.9700000e+02   0.0000000e+00   1.8783996e-04
   3.9800000e+02   0.0000000e+00   1.8596481e-04
   3.9900000e+02   0.0000000e+00   1.8410837e-04
   4.0000000e+02   0.0000000e+00   1.8227047e-04
   4.0100000e+02   0.0000000e+00   1.8045092e-04
   4.0200000e+02   1.0000000e+00   1.7864953e-04
   4.0300000e+02   0.0000000e+00   1.7686612e-04
   4.0400000e+02   0.0000000e+00   1.7510051e-04
   4.0500000e+02   0.0000000e+00   1.7335253e-04
   4.0600000e+02   0.0000000e+00   1.7162200e-04
   4.0700000e+02   0.0000000e+00   1.6990875e-04
   4.0800000e+02   0.0000000e+00   1.6821260e-04
   4.0900000e+02   0.0000000e+00   1.6653338e-04
   4.1000000e+02   0.0000000e+00   1.6487092e-04
   4.1100000e+02   0.0000000e+00   1.6322506e-04
   4.1200000e+02   0.0000000e+00   1.6159563e-04
   4.1300000e+02   0.0000000e+00   1.5998247e-04
   4.1400000e+02   0.0000000e+00   1.5838541e-04
   4.1500000e+02   0.0000000e+00   1.5680429e-04
   4.1600000e+02   0.0000000e+00   1.5523896e-04
   4.1700000e+02   0.0000000e+00   1.5368925e-04
   4.1800000e+02   0.0000000e+00   1.5215502e-04
   4.1900000e+02   0.0000000e+00   1.5063610e-04
   4.2000000e+02   0.0000000e+00   1.4913234e-04
   4.2100000e+02   0.0000000e+00   1.4764359e-04
   4.2200000e+02   0.0000000e+00   1.4616971e-04
   4.2300000e+02   0.0000000e+00   1.4471054e-04
   4.2400000e+02   1.0000000e+00   1.4326593e-04
   4.2500000e+02   0.0000000e+00   1.4183575e-04
   4.2600000e+02   0.0000000e+00   1.4041984e-04
   4.2700000e+02   0.0000000e+00   1.3901807e-04
   4.2800000e+02   0.0000000e+00   1.3763029e-04
   4.2900000e+02   0.0000000e+00   1.3625637e-04
   4.3000000e+02   0.0000000e+00   1.3489616e-04
   4.3100000e+02   0.0000000e+00   1.3354953e-04
   4.3200000e+02   0.0000000e+00   1.3221634e-04
   4.3300000e+02   0.0000000e+00   1.3089646e-04
   4.3400000e+02   0.0000000e+00   1.2958976e-04
   4.3500000e+02   1.0000000e+00   1.2829610e-04
   4.3600000e+02   0.0000000e+00   1.2701536e-04
   4.3700000e+02   0.0000000e+00   1.2574740e-04
   4.3800000e+02   0.0000000e+00   1.2449210e-04
   4.3900000e+02   0.0000000e+00   1.2324933e-04
   4.4000000e+02   0.0000000e+00   1.2201897e-04
   4.4100000e+02   0.0000000e+00   1.2080089e-04
   4.4200000e+02   1.0000000e+00   1.1959496e-04
   4.4300000e+02   0.0000000e+00   1.1840108e-04
   4.4400000e+02   0.0000000e+00   1.1721912e-04
   4.4500000e+02   0.0000000e+00   1.1604895e-04
   4.4600000e+02   1.0000000e+00   1.1489047e-04
   4.4700000e+02   0.0000000e+00   1.1374355e-04
   4.4800000e+02   0.0000000e+00   1.1260808e-04
   4.4900000e+02   0.0000000e+00   1.1148394e-04
   4.5000000e+02   0.0000000e+00   1.1037103e-04
   4.5100000e+02   0.0000000e+00   1.0926923e-04
   4.5200000e+02   0.0000000e+00   1.0817842e-04
   4.5300000e+02   0.0000000e+00   1.0709851e-04
   4.5400000e+02   0.0000000e+00   1.0602938e-04
   4.5500000e+02   0.0000000e+00   1.0497091e-04
   4.5600000e+02   0.0000000e+00   1.0392302e-04
   4.5700000e+02   1.0000000e+00   1.0288558e-04
   4.5800000e+02   0.0000000e+00   1.0185851e-04
   4.5900000e+02   0.0000000e+00   1.0084168e-04
   4.6000000e+02   0.0000000e+00   9.9835008e-05
   4.6100000e+02   0.0000000e+00   9.8838383e-05
   4.6200000e+02   0.0000000e+00   9.7851707e-05
   4.6300000e+02   0.0000000e+00   9.6874881e-05
   4.6400000e+02   0.0000000e+00   9.5907807e-05
   4.6500000e+02   0.0000000e+00   9.4950386e-05
   4.6600000e+02   0.0000000e+00   9.4002523e-05
   4.6700000e+02   0.0000000e+00   9.3064122e-05
   4.6800000e+02   0.0000000e+00   9.2135089e-05
   4.6900000e+02   0.0000000e+00   9.1215331e-05
   4.7000000e+02   0.0000000e+00   9.0304754e-05
   4.7100000e+02   0.0000000e+00   8.9403267e-05
   4.7200000e+02   0.0000000e+00   8.8510779e-05
   4.7300000e+02   0.0000000e+00   8.7627201e-05
   4.7400000e+02   0.0000000e+00   8.6752443e-05
   4.7500000e+02   0.0000000e+00   8.5886418e-05
   4.7600000e+02   0.0000000e+00   8.5029038e-05
   4.7700000e+02   0.0000000e+00   8.4180217e-05
   4.7800000e+02   0.0000000e+00   8.3339870e-05
   4.7900000e+02   0.0000000e+00   8.2507912e-05
   4.8000000e+02   0.0000000e+00   8.1684258e-05
   4.8100000e+02   0.0000000e+00   8.0868827e-05
   4.8200000e+02   0.0000000e+00   8.0061537e-05
   4.8300000e+02   0.0000000e+00   7.9262305e-05
   4.8400000e+02   0.0000000e+00   7.8471052e-05
   4.8500000e+02   0.0000000e+00   7.7687697e-05
   4.8600000e+02   0.0000000e+00   7.6912163e-05
   4.8700000e+02   0.0000000e+00   7.6144370e-05
   4.8800000e+02   0.0000000e+00   7.5384243e-05
   4.8900000e+02   0.0000000e+00   7.4631703e-05
   4.9000000e+02   0.0000000e+00   7.3886676e-05
   4.9100000e+02   0.0000000e+00   7.3149086e-05
   4.9200000e+02   0.0000000e+00   7.2418859e-05
   4.9300000e+02   0.0000000e+00   7.1695922e-05
   4.9400000e+02   0.0000000e+00   7.0980202e-05
   4.9500000e+02   0.0000000e+00   7.0271626e-05
   4.9600000e+02   0.0000000e+00   6.9570125e-05
   4.9700000e+02   0.0000000e+00   6.8875626e-05
   4.9800000e+02   0.0000000e+00   6.8188060e-05
   4.9900000e+02   0.0000000e+00   6.7507357e-05
   5.0000000e+02   0.0000000e+00   6.6833451e-05
   5.0100000e+02   0.0000000e+00   6.6166271e-05
   5.0200000e+02   1.0000000e+00   6.5505752e-05
   5.0300000e+02   0.0000000e+00   6.4851826e-05
   5.0400000e+02   0.0000000e+00   6.4204429e-05
   5.0500000e+02   0.0000000e+00   6.3563494e-05
   5.0600000e+02   0.0000000e+00   6.2928958e-05
   5.0700000e+02   0.0000000e+00   6.2300756e-05
   5.0800000e+02   0.0000000e+00   6.1678825e-05
   5.0900000e+02   0.0000000e+00   6.1063102e-05
   5.1000000e+02   0.0000000e+00   6.0453527e-05
   5.1100000e+02   0.0000000e+00   5.9850036e-05
   5.1200000e+02   0.0000000e+00   5.9252570e-05
   5.1300000e+02   0.0000000e+00   5.8661068e-05
   5.1400000e+02   0.0000000e+00   5.8075471e-05
   5.1500000e+02   0.0000000e+00   5.7495720e-05
   5.1600000e+02   0.0000000e+00   5.6921757e-05
   5.1700000e+02   0.0000000e+00   5.6353523e-05
   5.1800000e+02   0.0000000e+00   5.5790962e-05
   5.1900000e+02   0.0000000e+00   5.5234016e-05
   5.2000000e+02   0.0000000e+00   5.4682630e-05
   5.2100000e+02   0.0000000e+00   5.4136749e-05
   5.2200000e+02   0.0000000e+00   5.3596317e-05
   5.2300000e+02   0.0000000e+00   5.3061280e-05
   5.2400000e+02   0.0000000e+00   5.2531584e-05
   5.2500000e+02   0.0000000e+00   5.2007176e-05
   5.2600000e+02   0.0000000e+00   5.1488003e-05
   5.2700000e+02   0.0000000e+00   5.0974013e-05
   5.2800000e+02   0.0000000e+00   5.0465154e-05
   5.2900000e+02   0.0000000e+00   4.9961375e-05
   5.3000000e+02   0.0000000e+00   4.9462624e-05
   5.3100000e+02   0.0000000e+00   4.8968853e-05
   5.3200000e+02   0.0000000e+00   4.8480011e-05
   5.3300000e+02   0.0000000e+00   4.7996048e-05
   5.3400000e+02   0.0000000e+00   4.7516917e-05
   5.3500000e+02   0.0000000e+00   4.7042569e-05
   5.3600000e+02   0.0000000e+00   4.6572957e-05
   5.3700000e+02   0.0000000e+00   4.6108032e-05
   5.3800000e+02   0.0000000e+00   4.5647748e-05
   5.3900000e+02   0.0000000e+00   4.5192060e-05
   5.4000000e+02   0.0000000e+00   4.4740920e-05
   5.4100000e+02   0.0000000e+00   4.4294284e-05
   5.4200000e+02   0.0000000e+00   4.3852107e-05
   5.4300000e+02   0.0000000e+00   4.3414344e-05
   5.4400000e+02   0.0000000e+00   4.2980950e-05
   5.4500000e+02   0.0000000e+00   4.2551884e-05
   5.4600000e+02   0.0000000e+00   4.2127100e-05
   5.4700000e+02   0.0000000e+00   4.1706557e-05
   5.4800000e+02   0.0000000e+00   4.1290212e-05
   5.4900000e+02   0.0000000e+00   4.0878024e-05
   5.5000000e+02   0.0000000e+00   4.0469950e-05
   5.5100000e+02   0.0000000e+00   4.0065950e-05
   5.5200000e+02   0.0000000e+00   3.9665983e-05
   5.5300000e+02   0.0000000e+00   3.9270008e-05
   5.5400000e+02   0.0000000e+00   3.8877987e-05
   5.5500000e+02   0.0000000e+00   3.8489879e-05
   5.5600000e+02   0.0000000e+00   3.8105645e-05
   5.5700000e+02   0.0000000e+00   3.7725248e-05
   5.5800000e+02   0.0000000e+00   3.7348647e-05
   5.5900000e+02   1.0000000e+00   3.6975806e-05
   5.6000000e+02   0.0000000e+00   3.6606687e-05
   5.6100000e+02   0.0000000e+00   3.6241253e-05
   5.6200000e+02   0.0000000e+00   3.5879466e-05
   5.6300000e+02   0.0000000e+00   3.5521292e-05
   5.6400000e+02   0.0000000e+00   3.5166693e-05
   5.6500000e+02   0.0000000e+00   3.4815634e-05
   5.6600000e+02   0.0000000e+00   3.4468079e-05
   5.6700000e+02   0.0000000e+00   3.4123994e-05
   5.6800000e+02   0.0000000e+00   3.3783344e-05
   5.6900000e+02   0.0000000e+00   3.3446094e-05
   5.7000000e+02   0.0000000e+00   3.3112211e-05
   5.7100000e+02   0.0000000e+00   3.2781661e-05
   5.7200000e+02   0.0000000e+00   3.2454411e-05
   5.7300000e+02   0.0000000e+00   3.2130428e-05
   5.7400000e+02   1.0000000e+00   3.1809679e-05
   5.7500000e+02   0.0000000e+00   3.1492132e-05
   5.7600000e+02   0.0000000e+00   3.1177755e-05
   5.7700000e+02   0.0000000e+00   3.0866516e-05
   5.7800000e+02   0.0000000e+00   3.0558384e-05
   5.7900000e+02   0.0000000e+00   3.0253328e-05
   5.8000000e+02   0.0000000e+00   2.9951318e-05
   5.8100000e+02   0.0000000e+00   2.9652322e-05
   5.8200000e+02   0.0000000e+00   2.9356312e-05
   5.8300000e+02   0.0000000e+00   2.9063256e-05
   5.8400000e+02   0.0000000e+00   2.8773126e-05
   5.8500000e+02   0.0000000e+00   2.8485892e-05
   5.8600000e+02   0.0000000e+00   2.8201525e-05
   5.8700000e+02   0.0000000e+00   2.7919997e-05
   5.8800000e+02   0.0000000e+00   2.7641280e-05
   5.8900000e+02   0.0000000e+00   2.7365345e-05
   5.9000000e+02   0.0000000e+00   2.7092164e-05
   5.9100000e+02   0.0000000e+00   2.6821711e-05
   5.9200000e+02   0.0000000e+00   2.6553957e-05
   5.9300000e+02   0.0000000e+00   2.6288876e-05
   5.9400000e+02   0.0000000e+00   2.6026442e-05
   5.9500000e+02   0.0000000e+00   2.5766627e-05
   5.9600000e+02   0.0000000e+00   2.5509406e-05
   5.9700000e+02   0.0000000e+00   2.5254753e-05
   5.9800000e+02   0.0000000e+00   2.5002642e-05
   5.9900000e+02   0.0000000e+00   2.4753048e-05
   6.0000000e+02   0.0000000e+00   2.4505945e-05
   6.0100000e+02   0.0000000e+00   2.4261309e-05
   6.0200000e+02   0.0000000e+00   2.4019115e-05
   6.0300000e+02   0.0000000e+00   2.3779339e-05
   6.0400000e+02   0.0000000e+00   2.3541957e-05
   6.0500000e+02   0.0000000e+00   2.3306944e-05
   6.0600000e+02   0.0000000e+00   2.3074277e-05
   6.0700000e+02   0.0000000e+00   2.2843933e-05
   6.0800000e+02   0.0000000e+00   2.2615889e-05
   6.0900000e+02   0.0000000e+00   2.2390121e-05
   6.1000000e+02   0.0000000e+00   2.2166606e-05
   6.1100000e+02   0.0000000e+00   2.1945323e-05
   6.1200000e+02   0.0000000e+00   2.1726249e-05
   6.1300000e+02   0.0000000e+00   2.1509362e-05
   6.1400000e+02   0.0000000e+00   2.1294640e-05
   6.1500000e+02   0.0000000e+00   2.1082062e-05
   6.1600000e+02   0.0000000e+00   2.0871606e-05
   6.1700000e+02   1.0000000e+00   2.0663250e-05
   6.1800000e+02   0.0000000e+00   2.0456975e-05
   6.1900000e+02   0.0000000e+00   2.0252759e-05
   6.2000000e+02   0.0000000e+00   2.0050581e-05
   6.2100000e+02   0.0000000e+00   1.9850422e-05
   6.2200000e+02   0.0000000e+00   1.9652261e-05
   6.2300000e+02   0.0000000e+00   1.9456078e-05
   6.2400000e+02   0.0000000e+00   1.9261853e-05
   6.2500000e+02   0.0000000e+00   1.9069568e-05
   6.2600000e+02   0.0000000e+00   1.8879201e-05
   6.2700000e+02   0.0000000e+00   1.8690736e-05
   6.2800000e+02   0.0000000e+00   1.8504151e-05
   6.2900000e+02   0.0000000e+00   1.8319430e-05
   6.3000000e+02   0.0000000e+00   1.8136552e-05
   6.3100000e+02   0.0000000e+00   1.7955500e-05
   6.3200000e+02   0.0000000e+00   1.7776255e-05
   6.3300000e+02   0.0000000e+00   1.7598800e-05
   6.3400000e+02   0.0000000e+00   1.7423116e-05
   6.3500000e+02   0.0000000e+00   1.7249186e-05
   6.3600000e+02   0.0000000e+00   1.7076992e-05
   6.3700000e+02   0.0000000e+00   1.6906517e-05
   6.3800000e+02   0.0000000e+00   1.6737744e-05
   6.3900000e+02   0.0000000e+00   1.6570656e-05
   6.4000000e+02   0.0000000e+00   1.6405236e-05
   6.4100000e+02   0.0000000e+00   1.6241467e-05
   6.4200000e+02   0.0000000e+00   1.6079333e-05
   6.4300000e+02   0.0000000e+00   1.5918818e-05
   6.4400000e+02   0.0000000e+00   1.5759905e-05
   6.4500000e+02   0.0000000e+00   1.5602578e-05
   6.4600000e+02   0.0000000e+00   1.5446822e-05
   6.4700000e+02   0.0000000e+00   1.5292620e-05
   6.4800000e+02   0.0000000e+00   1.5139959e-05
   6.4900000e+02   0.0000000e+00   1.4988821e-05
   6.5000000e+02   0.0000000e+00   1.4839191e-05
   6.5100000e+02   0.0000000e+00   1.4691056e-05
   6.5200000e+02   0.0000000e+00   1.4544399e-05
   6.5300000e+02   0.0000000e+00   1.4399207e-05
   6.5400000e+02   0.0000000e+00   1.4255463e-05
   6.5500000e+02   0.0000000e+00   1.4113155e-05
   6.5600000e+02   0.0000000e+00   1.3972267e-05
   6.5700000e+02   0.0000000e+00   1.3832786e-05
   6.5800000e+02   0.0000000e+00   1.3694697e-05
   6.5900000e+02   0.0000000e+00   1.3557987e-05
   6.6000000e+02   0.0000000e+00   1.3422642e-05
   6.6100000e+02   0.0000000e+00   1.3288647e-05
   6.6200000e+02   0.0000000e+00   1.3155990e-05
   6.6300000e+02   0.0000000e+00   1.3024658e-05
   6.6400000e+02   0.0000000e+00   1.2894636e-05
   6.6500000e+02   0.0000000e+00   1.2765913e-05
   6.6600000e+02   0.0000000e+00   1.2638474e-05
   6.6700000e+02   0.0000000e+00   1.2512308e-05
   6.6800000e+02   0.0000000e+00   1.2387401e-05
   6.6900000e+02   0.0000000e+00   1.2263741e-05
   6.7000000e+02   0.0000000e+00   1.2141316e-05
   6.7100000e+02   0.0000000e+00   1.2020112e-05
   6.7200000e+02   0.0000000e+00   1.1900119e-05
   6.7300000e+02   0.0000000e+00   1.1781323e-05
   6.7400000e+02   0.0000000e+00   1.1663714e-05
   6.7500000e+02   0.0000000e+00   1.1547278e-05
   6.7600000e+02   0.0000000e+00   1.1432005e-05
   6.7700000e+02   0.0000000e+00   1.1317882e-05
   6.7800000e+02   0.0000000e+00   1.1204899e-05
   6.7900000e+02   0.0000000e+00   1.1093044e-05
   6.8000000e+02   0.0000000e+00   1.0982305e-05
   6.8100000e+02   0.0000000e+00   1.0872672e-05
   6.8200000e+02   0.0000000e+00   1.0764133e-05
   6.8300000e+02   0.0000000e+00   1.0656678e-05
   6.8400000e+02   0.0000000e+00   1.0550295e-05
   6.8500000e+02   0.0000000e+00   1.0444975e-05
   6.8600000e+02   0.0000000e+00   1.0340705e-05
   6.8700000e+02   1.0000000e+00   1.0237477e-05
