   1.0000000e+00   2.9000000e+01   6.4628521e-02
   2.0000000e+00   3.1000000e+01   5.9332969e-02
   3.0000000e+00   2.3000000e+01   5.4534124e-02
   4.0000000e+00   2.7000000e+01   5.0182616e-02
   5.0000000e+00   2.1000000e+01   4.6234090e-02
   6.0000000e+00   2.1000000e+01   4.2648692e-02
   7.0000000e+00   1.5000000e+01   3.9390607e-02
   8.0000000e+00   1.7000000e+01   3.6427651e-02
   9.0000000e+00   2.1000000e+01   3.3730895e-02
   1.0000000e+01   1.4000000e+01   3.1274331e-02
   1.1000000e+01   1.3000000e+01   2.9034581e-02
   1.2000000e+01   1.2000000e+01   2.6990620e-02
   1.3000000e+01   1.7000000e+01   2.5123539e-02
   1.4000000e+01   1.0000000e+01   2.3416333e-02
   1.5000000e+01   1.2000000e+01   2.1853701e-02
   1.6000000e+01   1.4000000e+01   2.0421873e-02
   1.7000000e+01   7.0000000e+00   1.9108459e-02
   1.8000000e+01   1.6000000e+01   1.7902304e-02
   1.9000000e+01   1.1000000e+01   1.6793363e-02
   2.0000000e+01   8.0000000e+00   1.5772588e-02
   2.1000000e+01   6.0000000e+00   1.4831830e-02
   2.2000000e+01   3.0000000e+00   1.3963745e-02
   2.3000000e+01   5.0000000e+00   1.3161709e-02
   2.4000000e+01   5.0000000e+00   1.2419755e-02
   2.5000000e+01   1.0000000e+00   1.1732494e-02
   2.6000000e+01   3.0000000e+00   1.1095068e-02
   2.7000000e+01   4.0000000e+00   1.0503089e-02
   2.8000000e+01   6.0000000e+00   9.9525945e-03
   2.9000000e+01   5.0000000e+00   9.4400042e-03
   3.0000000e+01   0.0000000e+00   8.9620816e-03
   3.1000000e+01   5.0000000e+00   8.5158998e-03
   3.2000000e+01   2.0000000e+00   8.0988100e-03
   3.3000000e+01   1.0000000e+00   7.7084142e-03
   3.4000000e+01   5.0000000e+00   7.3425397e-03
   3.5000000e+01   8.0000000e+00   6.9992172e-03
   3.6000000e+01   2.0000000e+00   6.6766602e-03
   3.7000000e+01   2.0000000e+00   6.3732471e-03
   3.8000000e+01   4.0000000e+00   6.0875049e-03
   3.9000000e+01   0.0000000e+00   5.8180943e-03
   4.0000000e+01   2.0000000e+00   5.5637972e-03
   4.1000000e+01   6.0000000e+00   5.3235041e-03
   4.2000000e+01   3.0000000e+00   5.0962040e-03
   4.3000000e+01   3.0000000e+00   4.8809748e-03
   4.4000000e+01   3.0000000e+00   4.6769743e-03
   4.5000000e+01   6.0000000e+00   4.4834330e-03
   4.6000000e+01   1.0000000e+00   4.2996469e-03
   4.7000000e+01   1.0000000e+00   4.1249712e-03
   4.8000000e+01   4.0000000e+00   3.9588148e-03
   4.9000000e+01   0.0000000e+00   3.8006351e-03
   5.0000000e+01   4.0000000e+00   3.6499334e-03
   5.1000000e+01   1.0000000e+00   3.5062513e-03
   5.2000000e+01   1.0000000e+00   3.3691661e-03
   5.3000000e+01   2.0000000e+00   3.2382883e-03
   5.4000000e+01   1.0000000e+00   3.1132582e-03
   5.5000000e+01   1.0000000e+00   2.9937431e-03
   5.6000000e+01   0.0000000e+00   2.8794352e-03
   5.7000000e+01   1.0000000e+00   2.7700491e-03
   5.8000000e+01   1.0000000e+00   2.6653199e-03
   5.9000000e+01   1.0000000e+00   2.5650015e-03
   6.0000000e+01   3.0000000e+00   2.4688648e-03
   6.1000000e+01   1.0000000e+00   2.3766964e-03
   6.2000000e+01   0.0000000e+00   2.2882971e-03
   6.3000000e+01   0.0000000e+00   2.2034810e-03
   6.4000000e+01   0.0000000e+00   2.1220739e-03
   6.5000000e+01   3.0000000e+00   2.0439129e-03
   6.6000000e+01   2.0000000e+00   1.9688451e-03
   6.7000000e+01   0.0000000e+00   1.8967270e-03
   6.8000000e+01   1.0000000e+00   1.8274237e-03
   6.9000000e+01   3.0000000e+00   1.7608082e-03
   7.0000000e+01   2.0000000e+00   1.6967607e-03
   7.1000000e+01   0.0000000e+00   1.6351684e-03
   7.2000000e+01   0.0000000e+00   1.5759246e-03
   7.3000000e+01   0.0000000e+00   1.5189285e-03
   7.4000000e+01   0.0000000e+00   1.4640847e-03
   7.5000000e+01   2.0000000e+00   1.4113029e-03
   7.6000000e+01   0.0000000e+00   1.3604972e-03
   7.7000000e+01   2.0000000e+00   1.3115863e-03
   7.8000000e+01   0.0000000e+00   1.2644929e-03
   7.9000000e+01   0.0000000e+00   1.2191436e-03
   8.0000000e+01   2.0000000e+00   1.1754683e-03
   8.1000000e+01   0.0000000e+00   1.1334004e-03
   8.2000000e+01   0.0000000e+00   1.0928764e-03
   8.3000000e+01   0.0000000e+00   1.0538359e-03
   8.4000000e+01   0.0000000e+00   1.0162209e-03
   8.5000000e+01   1.0000000e+00   9.7997632e-04
   8.6000000e+01   0.0000000e+00   9.4504938e-04
   8.7000000e+01   0.0000000e+00   9.1138963e-04
   8.8000000e+01   1.0000000e+00   8.7894882e-04
   8.9000000e+01   0.0000000e+00   8.4768077e-04
   9.0000000e+01   1.0000000e+00   8.1754125e-04
   9.1000000e+01   1.0000000e+00   7.8848787e-04
   9.2000000e+01   3.0000000e+00   7.6048000e-04
   9.3000000e+01   0.0000000e+00   7.3347870e-04
   9.4000000e+01   0.0000000e+00   7.0744660e-04
   9.5000000e+01   0.0000000e+00   6.8234783e-04
   9.6000000e+01   0.0000000e+00   6.5814796e-04
   9.7000000e+01   1.0000000e+00   6.3481395e-04
   9.8000000e+01   0.0000000e+00   6.1231402e-04
   9.9000000e+01   0.0000000e+00   5.9061768e-04
   1.0000000e+02   0.0000000e+00   5.6969560e-04
   1.0100000e+02   0.0000000e+00   5.4951958e-04
   1.0200000e+02   0.0000000e+00   5.3006252e-04
   1.0300000e+02   0.0000000e+00   5.1129834e-04
   1.0400000e+02   0.0000000e+00   4.9320197e-04
   1.0500000e+02   0.0000000e+00   4.7574927e-04
   1.0600000e+02   0.0000000e+00   4.5891703e-04
   1.0700000e+02   0.0000000e+00   4.4268288e-04
   1.0800000e+02   1.0000000e+00   4.2702533e-04
   1.0900000e+02   0.0000000e+00   4.1192364e-04
   1.1000000e+02   0.0000000e+00   3.9735787e-04
   1.1100000e+02   0.0000000e+00   3.8330883e-04
   1.1200000e+02   0.0000000e+00   3.6975799e-04
   1.1300000e+02   0.0000000e+00   3.5668755e-04
   1.1400000e+02   0.0000000e+00   3.4408034e-04
   1.1500000e+02   0.0000000e+00   3.3191980e-04
   1.1600000e+02   0.0000000e+00   3.2019002e-04
   1.1700000e+02   0.0000000e+00   3.0887563e-04
   1.1800000e+02   0.0000000e+00   2.9796182e-04
   1.1900000e+02   0.0000000e+00   2.8743435e-04
   1.2000000e+02   0.0000000e+00   2.7727945e-04
   1.2100000e+02   0.0000000e+00   2.6748388e-04
   1.2200000e+02   0.0000000e+00   2.5803488e-04
   1.2300000e+02   0.0000000e+00   2.4892011e-04
   1.2400000e+02   0.0000000e+00   2.4012772e-04
   1.2500000e+02   1.0000000e+00   2.3164626e-04
   1.2600000e+02   0.0000000e+00   2.2346470e-04
   1.2700000e+02   0.0000000e+00   2.1557240e-04
   1.2800000e+02   0.0000000e+00   2.0795910e-04
   1.2900000e+02   0.0000000e+00   2.0061492e-04
   1.3000000e+02   1.0000000e+00   1.9353031e-04
   1.3100000e+02   0.0000000e+00   1.8669608e-04
   1.3200000e+02   0.0000000e+00   1.8010336e-04
   1.3300000e+02   0.0000000e+00   1.7374360e-04
   1.3400000e+02   0.0000000e+00   1.6760856e-04
   1.3500000e+02   0.0000000e+00   1.6169027e-04
   1.3600000e+02   0.0000000e+00   1.5598106e-04
   1.3700000e+02   0.0000000e+00   1.5047355e-04
   1.3800000e+02   1.0000000e+00   1.4516059e-04
   1.3900000e+02   0.0000000e+00   1.4003530e-04
   1.4000000e+02   0.0000000e+00   1.3509104e-04
   1.4100000e+02   0.0000000e+00   1.3032142e-04
   1.4200000e+02   0.0000000e+00   1.2572025e-04
   1.4300000e+02   0.0000000e+00   1.2128159e-04
   1.4400000e+02   1.0000000e+00   1.1699968e-04
   1.4500000e+02   0.0000000e+00   1.1286899e-04
   1.4600000e+02   0.0000000e+00   1.0888417e-04
   1.4700000e+02   0.0000000e+00   1.0504007e-04
   1.4800000e+02   0.0000000e+00   1.0133171e-04
   1.4900000e+02   0.0000000e+00   9.7754305e-05
   1.5000000e+02   0.0000000e+00   9.4303217e-05
   1.5100000e+02   1.0000000e+00   9.0973987e-05
