   1.0000000e+00   3.0000000e+00   4.7435800e-03
   2.0000000e+00   0.0000000e+00   4.7210784e-03
   3.0000000e+00   0.0000000e+00   4.6986836e-03
   4.0000000e+00   3.0000000e+00   4.6763950e-03
   5.0000000e+00   1.0000000e+00   4.6542122e-03
   6.0000000e+00   2.0000000e+00   4.6321345e-03
   7.0000000e+00   0.0000000e+00   4.6101616e-03
   8.0000000e+00   2.0000000e+00   4.5882930e-03
   9.0000000e+00   7.0000000e+00   4.5665280e-03
   1.0000000e+01   1.0000000e+00   4.5448664e-03
   1.1000000e+01   0.0000000e+00   4.5233074e-03
   1.2000000e+01   2.0000000e+00   4.5018507e-03
   1.3000000e+01   2.0000000e+00   4.4804959e-03
   1.4000000e+01   1.0000000e+00   4.4592423e-03
   1.5000000e+01   0.0000000e+00   4.4380895e-03
   1.6000000e+01   1.0000000e+00   4.4170371e-03
   1.7000000e+01   2.0000000e+00   4.3960845e-03
   1.8000000e+01   4.0000000e+00   4.3752313e-03
   1.9000000e+01   1.0000000e+00   4.3544771e-03
   2.0000000e+01   0.0000000e+00   4.3338212e-03
   2.1000000e+01   3.0000000e+00   4.3132634e-03
   2.2000000e+01   3.0000000e+00   4.2928031e-03
   2.3000000e+01   1.0000000e+00   4.2724398e-03
   2.4000000e+01   4.0000000e+00   4.2521732e-03
   2.5000000e+01   1.0000000e+00   4.2320027e-03
   2.6000000e+01   1.0000000e+00   4.2119278e-03
   2.7000000e+01   3.0000000e+00   4.1919482e-03
   2.8000000e+01   5.0000000e+00   4.1720634e-03
   2.9000000e+01   4.0000000e+00   4.1522728e-03
   3.0000000e+01   3.0000000e+00   4.1325762e-03
   3.1000000e+01   2.0000000e+00   4.1129730e-03
   3.2000000e+01   2.0000000e+00   4.0934628e-03
   3.3000000e+01   3.0000000e+00   4.0740451e-03
   3.4000000e+01   5.0000000e+00   4.0547196e-03
   3.5000000e+01   5.0000000e+00   4.0354857e-03
   3.6000000e+01   3.0000000e+00   4.0163430e-03
   3.7000000e+01   3.0000000e+00   3.9972912e-03
   3.8000000e+01   1.0000000e+00   3.9783297e-03
   3.9000000e+01   3.0000000e+00   3.9594582e-03
   4.0000000e+01   2.0000000e+00   3.9406762e-03
   4.1000000e+01   1.0000000e+00   3.9219833e-03
   4.2000000e+01   1.0000000e+00   3.9033790e-03
   4.3000000e+01   3.0000000e+00   3.8848630e-03
   4.4000000e+01   1.0000000e+00   3.8664349e-03
   4.5000000e+01   1.0000000e+00   3.8480941e-03
   4.6000000e+01   0.0000000e+00   3.8298404e-03
   4.7000000e+01   1.0000000e+00   3.8116732e-03
   4.8000000e+01   1.0000000e+00   3.7935923e-03
   4.9000000e+01   3.0000000e+00   3.7755971e-03
   5.0000000e+01   0.0000000e+00   3.7576872e-03
   5.1000000e+01   4.0000000e+00   3.7398623e-03
   5.2000000e+01   2.0000000e+00   3.7221220e-03
   5.3000000e+01   3.0000000e+00   3.7044658e-03
   5.4000000e+01   0.0000000e+00   3.6868934e-03
   5.5000000e+01   1.0000000e+00   3.6694043e-03
   5.6000000e+01   0.0000000e+00   3.6519982e-03
   5.7000000e+01   1.0000000e+00   3.6346746e-03
   5.8000000e+01   1.0000000e+00   3.6174333e-03
   5.9000000e+01   1.0000000e+00   3.6002737e-03
   6.0000000e+01   3.0000000e+00   3.5831955e-03
   6.1000000e+01   0.0000000e+00   3.5661983e-03
   6.2000000e+01   3.0000000e+00   3.5492818e-03
   6.3000000e+01   4.0000000e+00   3.5324455e-03
   6.4000000e+01   2.0000000e+00   3.5156890e-03
   6.5000000e+01   0.0000000e+00   3.4990121e-03
   6.6000000e+01   1.0000000e+00   3.4824142e-03
   6.7000000e+01   0.0000000e+00   3.4658951e-03
   6.8000000e+01   2.0000000e+00   3.4494544e-03
   6.9000000e+01   1.0000000e+00   3.4330916e-03
   7.0000000e+01   1.0000000e+00   3.4168065e-03
   7.1000000e+01   2.0000000e+00   3.4005986e-03
   7.2000000e+01   3.0000000e+00   3.3844676e-03
   7.3000000e+01   3.0000000e+00   3.3684131e-03
   7.4000000e+01   1.0000000e+00   3.3524347e-03
   7.5000000e+01   4.0000000e+00   3.3365322e-03
   7.6000000e+01   3.0000000e+00   3.3207051e-03
   7.7000000e+01   0.0000000e+00   3.3049531e-03
   7.8000000e+01   1.0000000e+00   3.2892757e-03
   7.9000000e+01   1.0000000e+00   3.2736728e-03
   8.0000000e+01   2.0000000e+00   3.2581439e-03
   8.1000000e+01   1.0000000e+00   3.2426886e-03
   8.2000000e+01   0.0000000e+00   3.2273067e-03
   8.3000000e+01   1.0000000e+00   3.2119977e-03
   8.4000000e+01   3.0000000e+00   3.1967613e-03
   8.5000000e+01   0.0000000e+00   3.1815972e-03
   8.6000000e+01   1.0000000e+00   3.1665050e-03
   8.7000000e+01   2.0000000e+00   3.1514845e-03
   8.8000000e+01   5.0000000e+00   3.1365352e-03
   8.9000000e+01   2.0000000e+00   3.1216568e-03
   9.0000000e+01   0.0000000e+00   3.1068489e-03
   9.1000000e+01   3.0000000e+00   3.0921113e-03
   9.2000000e+01   1.0000000e+00   3.0774437e-03
   9.3000000e+01   5.0000000e+00   3.0628456e-03
   9.4000000e+01   2.0000000e+00   3.0483167e-03
   9.5000000e+01   0.0000000e+00   3.0338568e-03
   9.6000000e+01   3.0000000e+00   3.0194654e-03
   9.7000000e+01   3.0000000e+00   3.0051424e-03
   9.8000000e+01   0.0000000e+00   2.9908872e-03
   9.9000000e+01   1.0000000e+00   2.9766997e-03
   1.0000000e+02   1.0000000e+00   2.9625795e-03
   1.0100000e+02   4.0000000e+00   2.9485263e-03
   1.0200000e+02   2.0000000e+00   2.9345397e-03
   1.0300000e+02   1.0000000e+00   2.9206195e-03
   1.0400000e+02   0.0000000e+00   2.9067653e-03
   1.0500000e+02   0.0000000e+00   2.8929768e-03
   1.0600000e+02   1.0000000e+00   2.8792537e-03
   1.0700000e+02   1.0000000e+00   2.8655958e-03
   1.0800000e+02   0.0000000e+00   2.8520026e-03
   1.0900000e+02   0.0000000e+00   2.8384739e-03
   1.1000000e+02   0.0000000e+00   2.8250094e-03
   1.1100000e+02   3.0000000e+00   2.8116087e-03
   1.1200000e+02   2.0000000e+00   2.7982716e-03
   1.1300000e+02   1.0000000e+00   2.7849978e-03
   1.1400000e+02   2.0000000e+00   2.7717869e-03
   1.1500000e+02   3.0000000e+00   2.7586387e-03
   1.1600000e+02   3.0000000e+00   2.7455529e-03
   1.1700000e+02   2.0000000e+00   2.7325292e-03
   1.1800000e+02   0.0000000e+00   2.7195672e-03
   1.1900000e+02   1.0000000e+00   2.7066667e-03
   1.2000000e+02   1.0000000e+00   2.6938274e-03
   1.2100000e+02   1.0000000e+00   2.6810490e-03
   1.2200000e+02   1.0000000e+00   2.6683313e-03
   1.2300000e+02   1.0000000e+00   2.6556738e-03
   1.2400000e+02   2.0000000e+00   2.6430764e-03
   1.2500000e+02   0.0000000e+00   2.6305388e-03
   1.2600000e+02   3.0000000e+00   2.6180606e-03
   1.2700000e+02   1.0000000e+00   2.6056416e-03
   1.2800000e+02   0.0000000e+00   2.5932815e-03
   1.2900000e+02   1.0000000e+00   2.5809801e-03
   1.3000000e+02   3.0000000e+00   2.5687370e-03
   1.3100000e+02   2.0000000e+00   2.5565520e-03
   1.3200000e+02   0.0000000e+00   2.5444248e-03
   1.3300000e+02   3.0000000e+00   2.5323551e-03
   1.3400000e+02   0.0000000e+00   2.5203427e-03
   1.3500000e+02   1.0000000e+00   2.5083872e-03
   1.3600000e+02   2.0000000e+00   2.4964885e-03
   1.3700000e+02   1.0000000e+00   2.4846462e-03
   1.3800000e+02   0.0000000e+00   2.4728601e-03
   1.3900000e+02   1.0000000e+00   2.4611299e-03
   1.4000000e+02   1.0000000e+00   2.4494553e-03
   1.4100000e+02   1.0000000e+00   2.4378361e-03
   1.4200000e+02   0.0000000e+00   2.4262721e-03
   1.4300000e+02   2.0000000e+00   2.4147628e-03
   1.4400000e+02   1.0000000e+00   2.4033082e-03
   1.4500000e+02   0.0000000e+00   2.3919079e-03
   1.4600000e+02   1.0000000e+00   2.3805617e-03
   1.4700000e+02   1.0000000e+00   2.3692694e-03
   1.4800000e+02   4.0000000e+00   2.3580305e-03
   1.4900000e+02   3.0000000e+00   2.3468450e-03
   1.5000000e+02   2.0000000e+00   2.3357126e-03
   1.5100000e+02   0.0000000e+00   2.3246329e-03
   1.5200000e+02   3.0000000e+00   2.3136059e-03
   1.5300000e+02   3.0000000e+00   2.3026311e-03
   1.5400000e+02   1.0000000e+00   2.2917084e-03
   1.5500000e+02   2.0000000e+00   2.2808375e-03
   1.5600000e+02   2.0000000e+00   2.2700181e-03
   1.5700000e+02   1.0000000e+00   2.2592501e-03
   1.5800000e+02   0.0000000e+00   2.2485332e-03
   1.5900000e+02   3.0000000e+00   2.2378671e-03
   1.6000000e+02   0.0000000e+00   2.2272516e-03
   1.6100000e+02   0.0000000e+00   2.2166864e-03
   1.6200000e+02   0.0000000e+00   2.2061714e-03
   1.6300000e+02   1.0000000e+00   2.1957063e-03
   1.6400000e+02   0.0000000e+00   2.1852908e-03
   1.6500000e+02   0.0000000e+00   2.1749247e-03
   1.6600000e+02   0.0000000e+00   2.1646077e-03
   1.6700000e+02   0.0000000e+00   2.1543397e-03
   1.6800000e+02   4.0000000e+00   2.1441204e-03
   1.6900000e+02   2.0000000e+00   2.1339496e-03
   1.7000000e+02   1.0000000e+00   2.1238271e-03
   1.7100000e+02   1.0000000e+00   2.1137525e-03
   1.7200000e+02   1.0000000e+00   2.1037258e-03
   1.7300000e+02   3.0000000e+00   2.0937466e-03
   1.7400000e+02   3.0000000e+00   2.0838147e-03
   1.7500000e+02   1.0000000e+00   2.0739300e-03
   1.7600000e+02   1.0000000e+00   2.0640921e-03
   1.7700000e+02   2.0000000e+00   2.0543010e-03
   1.7800000e+02   1.0000000e+00   2.0445562e-03
   1.7900000e+02   0.0000000e+00   2.0348577e-03
   1.8000000e+02   1.0000000e+00   2.0252052e-03
   1.8100000e+02   1.0000000e+00   2.0155985e-03
   1.8200000e+02   1.0000000e+00   2.0060373e-03
   1.8300000e+02   1.0000000e+00   1.9965215e-03
   1.8400000e+02   2.0000000e+00   1.9870509e-03
   1.8500000e+02   0.0000000e+00   1.9776251e-03
   1.8600000e+02   0.0000000e+00   1.9682441e-03
   1.8700000e+02   2.0000000e+00   1.9589076e-03
   1.8800000e+02   0.0000000e+00   1.9496153e-03
   1.8900000e+02   3.0000000e+00   1.9403672e-03
   1.9000000e+02   0.0000000e+00   1.9311629e-03
   1.9100000e+02   2.0000000e+00   1.9220023e-03
   1.9200000e+02   0.0000000e+00   1.9128851e-03
   1.9300000e+02   0.0000000e+00   1.9038112e-03
   1.9400000e+02   2.0000000e+00   1.8947803e-03
   1.9500000e+02   0.0000000e+00   1.8857923e-03
   1.9600000e+02   0.0000000e+00   1.8768468e-03
   1.9700000e+02   0.0000000e+00   1.8679439e-03
   1.9800000e+02   1.0000000e+00   1.8590831e-03
   1.9900000e+02   2.0000000e+00   1.8502644e-03
   2.0000000e+02   1.0000000e+00   1.8414875e-03
   2.0100000e+02   1.0000000e+00   1.8327523e-03
   2.0200000e+02   0.0000000e+00   1.8240585e-03
   2.0300000e+02   1.0000000e+00   1.8154059e-03
   2.0400000e+02   4.0000000e+00   1.8067944e-03
   2.0500000e+02   1.0000000e+00   1.7982237e-03
   2.0600000e+02   0.0000000e+00   1.7896937e-03
   2.0700000e+02   1.0000000e+00   1.7812042e-03
   2.0800000e+02   2.0000000e+00   1.7727549e-03
   2.0900000e+02   1.0000000e+00   1.7643457e-03
   2.1000000e+02   1.0000000e+00   1.7559764e-03
   2.1100000e+02   1.0000000e+00   1.7476467e-03
   2.1200000e+02   3.0000000e+00   1.7393566e-03
   2.1300000e+02   3.0000000e+00   1.7311059e-03
   2.1400000e+02   0.0000000e+00   1.7228942e-03
   2.1500000e+02   1.0000000e+00   1.7147215e-03
   2.1600000e+02   2.0000000e+00   1.7065876e-03
   2.1700000e+02   2.0000000e+00   1.6984923e-03
   2.1800000e+02   0.0000000e+00   1.6904353e-03
   2.1900000e+02   3.0000000e+00   1.6824166e-03
   2.2000000e+02   0.0000000e+00   1.6744360e-03
   2.2100000e+02   0.0000000e+00   1.6664931e-03
   2.2200000e+02   0.0000000e+00   1.6585880e-03
   2.2300000e+02   0.0000000e+00   1.6507203e-03
   2.2400000e+02   1.0000000e+00   1.6428900e-03
   2.2500000e+02   1.0000000e+00   1.6350968e-03
   2.2600000e+02   1.0000000e+00   1.6273406e-03
   2.2700000e+02   0.0000000e+00   1.6196212e-03
   2.2800000e+02   2.0000000e+00   1.6119384e-03
   2.2900000e+02   2.0000000e+00   1.6042920e-03
   2.3000000e+02   0.0000000e+00   1.5966820e-03
   2.3100000e+02   1.0000000e+00   1.5891080e-03
   2.3200000e+02   0.0000000e+00   1.5815699e-03
   2.3300000e+02   1.0000000e+00   1.5740676e-03
   2.3400000e+02   1.0000000e+00   1.5666009e-03
   2.3500000e+02   1.0000000e+00   1.5591696e-03
   2.3600000e+02   0.0000000e+00   1.5517735e-03
   2.3700000e+02   0.0000000e+00   1.5444126e-03
   2.3800000e+02   2.0000000e+00   1.5370865e-03
   2.3900000e+02   2.0000000e+00   1.5297952e-03
   2.4000000e+02   1.0000000e+00   1.5225385e-03
   2.4100000e+02   0.0000000e+00   1.5153163e-03
   2.4200000e+02   0.0000000e+00   1.5081282e-03
   2.4300000e+02   0.0000000e+00   1.5009743e-03
   2.4400000e+02   1.0000000e+00   1.4938543e-03
   2.4500000e+02   1.0000000e+00   1.4867681e-03
   2.4600000e+02   0.0000000e+00   1.4797155e-03
   2.4700000e+02   1.0000000e+00   1.4726963e-03
   2.4800000e+02   1.0000000e+00   1.4657105e-03
   2.4900000e+02   0.0000000e+00   1.4587578e-03
   2.5000000e+02   0.0000000e+00   1.4518380e-03
   2.5100000e+02   0.0000000e+00   1.4449511e-03
   2.5200000e+02   1.0000000e+00   1.4380969e-03
   2.5300000e+02   0.0000000e+00   1.4312752e-03
   2.5400000e+02   0.0000000e+00   1.4244858e-03
   2.5500000e+02   0.0000000e+00   1.4177286e-03
   2.5600000e+02   0.0000000e+00   1.4110035e-03
   2.5700000e+02   0.0000000e+00   1.4043103e-03
   2.5800000e+02   0.0000000e+00   1.3976489e-03
   2.5900000e+02   0.0000000e+00   1.3910190e-03
   2.6000000e+02   1.0000000e+00   1.3844206e-03
   2.6100000e+02   0.0000000e+00   1.3778535e-03
   2.6200000e+02   1.0000000e+00   1.3713175e-03
   2.6300000e+02   1.0000000e+00   1.3648126e-03
   2.6400000e+02   1.0000000e+00   1.3583385e-03
   2.6500000e+02   0.0000000e+00   1.3518951e-03
   2.6600000e+02   1.0000000e+00   1.3454823e-03
   2.6700000e+02   0.0000000e+00   1.3390999e-03
   2.6800000e+02   1.0000000e+00   1.3327477e-03
   2.6900000e+02   0.0000000e+00   1.3264257e-03
   2.7000000e+02   1.0000000e+00   1.3201337e-03
   2.7100000e+02   0.0000000e+00   1.3138716e-03
   2.7200000e+02   0.0000000e+00   1.3076391e-03
   2.7300000e+02   1.0000000e+00   1.3014362e-03
   2.7400000e+02   0.0000000e+00   1.2952628e-03
   2.7500000e+02   0.0000000e+00   1.2891186e-03
   2.7600000e+02   2.0000000e+00   1.2830035e-03
   2.7700000e+02   1.0000000e+00   1.2769175e-03
   2.7800000e+02   1.0000000e+00   1.2708603e-03
   2.7900000e+02   0.0000000e+00   1.2648319e-03
   2.8000000e+02   0.0000000e+00   1.2588321e-03
   2.8100000e+02   1.0000000e+00   1.2528607e-03
   2.8200000e+02   1.0000000e+00   1.2469177e-03
   2.8300000e+02   3.0000000e+00   1.2410028e-03
   2.8400000e+02   1.0000000e+00   1.2351160e-03
   2.8500000e+02   3.0000000e+00   1.2292572e-03
   2.8600000e+02   0.0000000e+00   1.2234261e-03
   2.8700000e+02   1.0000000e+00   1.2176227e-03
   2.8800000e+02   0.0000000e+00   1.2118468e-03
   2.8900000e+02   0.0000000e+00   1.2060983e-03
   2.9000000e+02   1.0000000e+00   1.2003770e-03
   2.9100000e+02   1.0000000e+00   1.1946830e-03
   2.9200000e+02   0.0000000e+00   1.1890159e-03
   2.9300000e+02   0.0000000e+00   1.1833757e-03
   2.9400000e+02   0.0000000e+00   1.1777623e-03
   2.9500000e+02   1.0000000e+00   1.1721755e-03
   2.9600000e+02   0.0000000e+00   1.1666151e-03
   2.9700000e+02   0.0000000e+00   1.1610812e-03
   2.9800000e+02   0.0000000e+00   1.1555735e-03
   2.9900000e+02   0.0000000e+00   1.1500920e-03
   3.0000000e+02   1.0000000e+00   1.1446364e-03
   3.0100000e+02   1.0000000e+00   1.1392067e-03
   3.0200000e+02   2.0000000e+00   1.1338028e-03
   3.0300000e+02   1.0000000e+00   1.1284245e-03
   3.0400000e+02   1.0000000e+00   1.1230718e-03
   3.0500000e+02   0.0000000e+00   1.1177444e-03
   3.0600000e+02   2.0000000e+00   1.1124423e-03
   3.0700000e+02   0.0000000e+00   1.1071653e-03
   3.0800000e+02   0.0000000e+00   1.1019134e-03
   3.0900000e+02   0.0000000e+00   1.0966864e-03
   3.1000000e+02   1.0000000e+00   1.0914842e-03
   3.1100000e+02   1.0000000e+00   1.0863066e-03
   3.1200000e+02   0.0000000e+00   1.0811536e-03
   3.1300000e+02   1.0000000e+00   1.0760251e-03
   3.1400000e+02   0.0000000e+00   1.0709209e-03
   3.1500000e+02   0.0000000e+00   1.0658409e-03
   3.1600000e+02   0.0000000e+00   1.0607850e-03
   3.1700000e+02   0.0000000e+00   1.0557531e-03
   3.1800000e+02   0.0000000e+00   1.0507450e-03
   3.1900000e+02   0.0000000e+00   1.0457607e-03
   3.2000000e+02   1.0000000e+00   1.0408001e-03
   3.2100000e+02   1.0000000e+00   1.0358630e-03
   3.2200000e+02   2.0000000e+00   1.0309493e-03
   3.2300000e+02   0.0000000e+00   1.0260589e-03
   3.2400000e+02   0.0000000e+00   1.0211917e-03
   3.2500000e+02   1.0000000e+00   1.0163476e-03
   3.2600000e+02   0.0000000e+00   1.0115264e-03
   3.2700000e+02   0.0000000e+00   1.0067282e-03
   3.2800000e+02   0.0000000e+00   1.0019527e-03
   3.2900000e+02   2.0000000e+00   9.9719985e-04
   3.3000000e+02   0.0000000e+00   9.9246955e-04
   3.3100000e+02   1.0000000e+00   9.8776169e-04
   3.3200000e+02   0.0000000e+00   9.8307617e-04
   3.3300000e+02   1.0000000e+00   9.7841287e-04
   3.3400000e+02   1.0000000e+00   9.7377169e-04
   3.3500000e+02   0.0000000e+00   9.6915252e-04
   3.3600000e+02   1.0000000e+00   9.6455527e-04
   3.3700000e+02   0.0000000e+00   9.5997983e-04
   3.3800000e+02   0.0000000e+00   9.5542608e-04
   3.3900000e+02   1.0000000e+00   9.5089394e-04
   3.4000000e+02   0.0000000e+00   9.4638330e-04
   3.4100000e+02   1.0000000e+00   9.4189406e-04
   3.4200000e+02   1.0000000e+00   9.3742611e-04
   3.4300000e+02   2.0000000e+00   9.3297935e-04
   3.4400000e+02   2.0000000e+00   9.2855369e-04
   3.4500000e+02   1.0000000e+00   9.2414902e-04
   3.4600000e+02   2.0000000e+00   9.1976525e-04
   3.4700000e+02   0.0000000e+00   9.1540227e-04
   3.4800000e+02   1.0000000e+00   9.1105998e-04
   3.4900000e+02   0.0000000e+00   9.0673830e-04
   3.5000000e+02   0.0000000e+00   9.0243711e-04
   3.5100000e+02   1.0000000e+00   8.9815633e-04
   3.5200000e+02   0.0000000e+00   8.9389585e-04
   3.5300000e+02   0.0000000e+00   8.8965559e-04
   3.5400000e+02   1.0000000e+00   8.8543543e-04
   3.5500000e+02   1.0000000e+00   8.8123530e-04
   3.5600000e+02   0.0000000e+00   8.7705509e-04
   3.5700000e+02   0.0000000e+00   8.7289471e-04
   3.5800000e+02   0.0000000e+00   8.6875406e-04
   3.5900000e+02   1.0000000e+00   8.6463306e-04
   3.6000000e+02   0.0000000e+00   8.6053160e-04
   3.6100000e+02   0.0000000e+00   8.5644960e-04
   3.6200000e+02   0.0000000e+00   8.5238696e-04
   3.6300000e+02   0.0000000e+00   8.4834360e-04
   3.6400000e+02   1.0000000e+00   8.4431941e-04
   3.6500000e+02   1.0000000e+00   8.4031432e-04
   3.6600000e+02   0.0000000e+00   8.3632822e-04
   3.6700000e+02   1.0000000e+00   8.3236103e-04
   3.6800000e+02   1.0000000e+00   8.2841266e-04
   3.6900000e+02   1.0000000e+00   8.2448302e-04
   3.7000000e+02   1.0000000e+00   8.2057201e-04
   3.7100000e+02   0.0000000e+00   8.1667957e-04
   3.7200000e+02   0.0000000e+00   8.1280558e-04
   3.7300000e+02   0.0000000e+00   8.0894997e-04
   3.7400000e+02   0.0000000e+00   8.0511265e-04
   3.7500000e+02   1.0000000e+00   8.0129354e-04
   3.7600000e+02   0.0000000e+00   7.9749254e-04
   3.7700000e+02   0.0000000e+00   7.9370957e-04
   3.7800000e+02   0.0000000e+00   7.8994454e-04
   3.7900000e+02   0.0000000e+00   7.8619738e-04
   3.8000000e+02   0.0000000e+00   7.8246799e-04
   3.8100000e+02   1.0000000e+00   7.7875629e-04
   3.8200000e+02   0.0000000e+00   7.7506220e-04
   3.8300000e+02   0.0000000e+00   7.7138563e-04
   3.8400000e+02   0.0000000e+00   7.6772650e-04
   3.8500000e+02   0.0000000e+00   7.6408472e-04
   3.8600000e+02   1.0000000e+00   7.6046023e-04
   3.8700000e+02   0.0000000e+00   7.5685292e-04
   3.8800000e+02   0.0000000e+00   7.5326273e-04
   3.8900000e+02   0.0000000e+00   7.4968957e-04
   3.9000000e+02   0.0000000e+00   7.4613336e-04
   3.9100000e+02   0.0000000e+00   7.4259401e-04
   3.9200000e+02   1.0000000e+00   7.3907146e-04
   3.9300000e+02   0.0000000e+00   7.3556562e-04
   3.9400000e+02   0.0000000e+00   7.3207640e-04
   3.9500000e+02   1.0000000e+00   7.2860374e-04
   3.9600000e+02   0.0000000e+00   7.2514755e-04
   3.9700000e+02   1.0000000e+00   7.2170775e-04
   3.9800000e+02   0.0000000e+00   7.1828427e-04
   3.9900000e+02   1.0000000e+00   7.1487704e-04
   4.0000000e+02   0.0000000e+00   7.1148596e-04
   4.0100000e+02   0.0000000e+00   7.0811097e-04
   4.0200000e+02   1.0000000e+00   7.0475199e-04
   4.0300000e+02   1.0000000e+00   7.0140894e-04
   4.0400000e+02   0.0000000e+00   6.9808175e-04
   4.0500000e+02   0.0000000e+00   6.9477034e-04
   4.0600000e+02   0.0000000e+00   6.9147464e-04
   4.0700000e+02   0.0000000e+00   6.8819458e-04
   4.0800000e+02   0.0000000e+00   6.8493007e-04
   4.0900000e+02   1.0000000e+00   6.8168105e-04
   4.1000000e+02   1.0000000e+00   6.7844744e-04
   4.1100000e+02   0.0000000e+00   6.7522917e-04
   4.1200000e+02   0.0000000e+00   6.7202617e-04
   4.1300000e+02   0.0000000e+00   6.6883836e-04
   4.1400000e+02   1.0000000e+00   6.6566567e-04
   4.1500000e+02   1.0000000e+00   6.6250803e-04
   4.1600000e+02   1.0000000e+00   6.5936537e-04
   4.1700000e+02   0.0000000e+00   6.5623762e-04
   4.1800000e+02   0.0000000e+00   6.5312471e-04
   4.1900000e+02   0.0000000e+00   6.5002656e-04
   4.2000000e+02   1.0000000e+00   6.4694310e-04
   4.2100000e+02   0.0000000e+00   6.4387428e-04
   4.2200000e+02   1.0000000e+00   6.4082001e-04
   4.2300000e+02   0.0000000e+00   6.3778023e-04
   4.2400000e+02   0.0000000e+00   6.3475487e-04
   4.2500000e+02   0.0000000e+00   6.3174386e-04
   4.2600000e+02   2.0000000e+00   6.2874713e-04
   4.2700000e+02   1.0000000e+00   6.2576462e-04
   4.2800000e+02   0.0000000e+00   6.2279625e-04
   4.2900000e+02   1.0000000e+00   6.1984197e-04
   4.3000000e+02   0.0000000e+00   6.1690170e-04
   4.3100000e+02   0.0000000e+00   6.1397538e-04
   4.3200000e+02   1.0000000e+00   6.1106293e-04
   4.3300000e+02   1.0000000e+00   6.0816431e-04
   4.3400000e+02   0.0000000e+00   6.0527943e-04
   4.3500000e+02   0.0000000e+00   6.0240824e-04
   4.3600000e+02   0.0000000e+00   5.9955067e-04
   4.3700000e+02   0.0000000e+00   5.9670665e-04
   4.3800000e+02   1.0000000e+00   5.9387613e-04
   4.3900000e+02   1.0000000e+00   5.9105903e-04
   4.4000000e+02   0.0000000e+00   5.8825529e-04
   4.4100000e+02   0.0000000e+00   5.8546486e-04
   4.4200000e+02   0.0000000e+00   5.8268766e-04
   4.4300000e+02   0.0000000e+00   5.7992363e-04
   4.4400000e+02   0.0000000e+00   5.7717272e-04
   4.4500000e+02   0.0000000e+00   5.7443485e-04
   4.4600000e+02   0.0000000e+00   5.7170997e-04
   4.4700000e+02   0.0000000e+00   5.6899802e-04
   4.4800000e+02   0.0000000e+00   5.6629894e-04
   4.4900000e+02   0.0000000e+00   5.6361265e-04
   4.5000000e+02   0.0000000e+00   5.6093911e-04
   4.5100000e+02   0.0000000e+00   5.5827825e-04
   4.5200000e+02   0.0000000e+00   5.5563001e-04
   4.5300000e+02   0.0000000e+00   5.5299434e-04
   4.5400000e+02   0.0000000e+00   5.5037116e-04
   4.5500000e+02   1.0000000e+00   5.4776043e-04
   4.5600000e+02   0.0000000e+00   5.4516209e-04
   4.5700000e+02   0.0000000e+00   5.4257607e-04
   4.5800000e+02   0.0000000e+00   5.4000232e-04
   4.5900000e+02   0.0000000e+00   5.3744077e-04
   4.6000000e+02   0.0000000e+00   5.3489138e-04
   4.6100000e+02   0.0000000e+00   5.3235408e-04
   4.6200000e+02   0.0000000e+00   5.2982881e-04
   4.6300000e+02   0.0000000e+00   5.2731553e-04
   4.6400000e+02   0.0000000e+00   5.2481417e-04
   4.6500000e+02   0.0000000e+00   5.2232467e-04
   4.6600000e+02   0.0000000e+00   5.1984698e-04
   4.6700000e+02   0.0000000e+00   5.1738104e-04
   4.6800000e+02   0.0000000e+00   5.1492680e-04
   4.6900000e+02   0.0000000e+00   5.1248421e-04
   4.7000000e+02   0.0000000e+00   5.1005320e-04
   4.7100000e+02   0.0000000e+00   5.0763372e-04
   4.7200000e+02   0.0000000e+00   5.0522572e-04
   4.7300000e+02   0.0000000e+00   5.0282914e-04
   4.7400000e+02   0.0000000e+00   5.0044393e-04
   4.7500000e+02   0.0000000e+00   4.9807003e-04
   4.7600000e+02   0.0000000e+00   4.9570740e-04
   4.7700000e+02   0.0000000e+00   4.9335597e-04
   4.7800000e+02   0.0000000e+00   4.9101570e-04
   4.7900000e+02   0.0000000e+00   4.8868653e-04
   4.8000000e+02   1.0000000e+00   4.8636840e-04
   4.8100000e+02   0.0000000e+00   4.8406127e-04
   4.8200000e+02   1.0000000e+00   4.8176509e-04
   4.8300000e+02   0.0000000e+00   4.7947980e-04
   4.8400000e+02   1.0000000e+00   4.7720535e-04
   4.8500000e+02   0.0000000e+00   4.7494169e-04
   4.8600000e+02   0.0000000e+00   4.7268876e-04
   4.8700000e+02   0.0000000e+00   4.7044653e-04
   4.8800000e+02   0.0000000e+00   4.6821493e-04
   4.8900000e+02   1.0000000e+00   4.6599391e-04
   4.9000000e+02   0.0000000e+00   4.6378343e-04
   4.9100000e+02   0.0000000e+00   4.6158344e-04
   4.9200000e+02   1.0000000e+00   4.5939388e-04
   4.9300000e+02   0.0000000e+00   4.5721471e-04
   4.9400000e+02   0.0000000e+00   4.5504587e-04
   4.9500000e+02   0.0000000e+00   4.5288733e-04
   4.9600000e+02   1.0000000e+00   4.5073902e-04
   4.9700000e+02   0.0000000e+00   4.4860090e-04
   4.9800000e+02   0.0000000e+00   4.4647293e-04
   4.9900000e+02   1.0000000e+00   4.4435505e-04
   5.0000000e+02   1.0000000e+00   4.4224722e-04
   5.0100000e+02   0.0000000e+00   4.4014938e-04
   5.0200000e+02   0.0000000e+00   4.3806150e-04
   5.0300000e+02   1.0000000e+00   4.3598352e-04
   5.0400000e+02   0.0000000e+00   4.3391539e-04
   5.0500000e+02   0.0000000e+00   4.3185708e-04
   5.0600000e+02   0.0000000e+00   4.2980853e-04
   5.0700000e+02   0.0000000e+00   4.2776970e-04
   5.0800000e+02   0.0000000e+00   4.2574054e-04
   5.0900000e+02   0.0000000e+00   4.2372101e-04
   5.1000000e+02   0.0000000e+00   4.2171105e-04
   5.1100000e+02   0.0000000e+00   4.1971063e-04
   5.1200000e+02   0.0000000e+00   4.1771970e-04
   5.1300000e+02   0.0000000e+00   4.1573822e-04
   5.1400000e+02   0.0000000e+00   4.1376613e-04
   5.1500000e+02   0.0000000e+00   4.1180340e-04
   5.1600000e+02   0.0000000e+00   4.0984997e-04
   5.1700000e+02   0.0000000e+00   4.0790582e-04
   5.1800000e+02   0.0000000e+00   4.0597088e-04
   5.1900000e+02   0.0000000e+00   4.0404513e-04
   5.2000000e+02   0.0000000e+00   4.0212851e-04
   5.2100000e+02   0.0000000e+00   4.0022098e-04
   5.2200000e+02   0.0000000e+00   3.9832250e-04
   5.2300000e+02   0.0000000e+00   3.9643302e-04
   5.2400000e+02   0.0000000e+00   3.9455251e-04
   5.2500000e+02   0.0000000e+00   3.9268092e-04
   5.2600000e+02   0.0000000e+00   3.9081821e-04
   5.2700000e+02   0.0000000e+00   3.8896433e-04
   5.2800000e+02   0.0000000e+00   3.8711925e-04
   5.2900000e+02   0.0000000e+00   3.8528292e-04
   5.3000000e+02   1.0000000e+00   3.8345530e-04
   5.3100000e+02   0.0000000e+00   3.8163634e-04
   5.3200000e+02   0.0000000e+00   3.7982602e-04
   5.3300000e+02   0.0000000e+00   3.7802429e-04
   5.3400000e+02   0.0000000e+00   3.7623110e-04
   5.3500000e+02   0.0000000e+00   3.7444642e-04
   5.3600000e+02   1.0000000e+00   3.7267020e-04
   5.3700000e+02   0.0000000e+00   3.7090241e-04
   5.3800000e+02   0.0000000e+00   3.6914300e-04
   5.3900000e+02   0.0000000e+00   3.6739194e-04
   5.4000000e+02   0.0000000e+00   3.6564919e-04
   5.4100000e+02   0.0000000e+00   3.6391470e-04
   5.4200000e+02   2.0000000e+00   3.6218845e-04
   5.4300000e+02   0.0000000e+00   3.6047038e-04
   5.4400000e+02   0.0000000e+00   3.5876046e-04
   5.4500000e+02   0.0000000e+00   3.5705865e-04
   5.4600000e+02   0.0000000e+00   3.5536491e-04
   5.4700000e+02   0.0000000e+00   3.5367921e-04
   5.4800000e+02   0.0000000e+00   3.5200150e-04
   5.4900000e+02   0.0000000e+00   3.5033176e-04
   5.5000000e+02   0.0000000e+00   3.4866993e-04
   5.5100000e+02   0.0000000e+00   3.4701599e-04
   5.5200000e+02   0.0000000e+00   3.4536989e-04
   5.5300000e+02   0.0000000e+00   3.4373160e-04
   5.5400000e+02   0.0000000e+00   3.4210108e-04
   5.5500000e+02   1.0000000e+00   3.4047830e-04
   5.5600000e+02   0.0000000e+00   3.3886321e-04
   5.5700000e+02   0.0000000e+00   3.3725579e-04
   5.5800000e+02   1.0000000e+00   3.3565599e-04
   5.5900000e+02   0.0000000e+00   3.3406377e-04
   5.6000000e+02   0.0000000e+00   3.3247912e-04
   5.6100000e+02   0.0000000e+00   3.3090197e-04
   5.6200000e+02   0.0000000e+00   3.2933231e-04
   5.6300000e+02   0.0000000e+00   3.2777010e-04
   5.6400000e+02   0.0000000e+00   3.2621530e-04
   5.6500000e+02   0.0000000e+00   3.2466787e-04
   5.6600000e+02   0.0000000e+00   3.2312778e-04
   5.6700000e+02   1.0000000e+00   3.2159500e-04
   5.6800000e+02   0.0000000e+00   3.2006949e-04
   5.6900000e+02   1.0000000e+00   3.1855121e-04
   5.7000000e+02   0.0000000e+00   3.1704014e-04
   5.7100000e+02   0.0000000e+00   3.1553623e-04
   5.7200000e+02   0.0000000e+00   3.1403946e-04
   5.7300000e+02   0.0000000e+00   3.1254979e-04
   5.7400000e+02   0.0000000e+00   3.1106719e-04
   5.7500000e+02   0.0000000e+00   3.0959161e-04
   5.7600000e+02   0.0000000e+00   3.0812304e-04
   5.7700000e+02   0.0000000e+00   3.0666143e-04
   5.7800000e+02   0.0000000e+00   3.0520676e-04
   5.7900000e+02   0.0000000e+00   3.0375899e-04
   5.8000000e+02   0.0000000e+00   3.0231808e-04
   5.8100000e+02   0.0000000e+00   3.0088401e-04
   5.8200000e+02   0.0000000e+00   2.9945675e-04
   5.8300000e+02   1.0000000e+00   2.9803625e-04
   5.8400000e+02   0.0000000e+00   2.9662249e-04
   5.8500000e+02   0.0000000e+00   2.9521544e-04
   5.8600000e+02   0.0000000e+00   2.9381506e-04
   5.8700000e+02   0.0000000e+00   2.9242132e-04
   5.8800000e+02   1.0000000e+00   2.9103420e-04
   5.8900000e+02   1.0000000e+00   2.8965366e-04
   5.9000000e+02   0.0000000e+00   2.8827966e-04
   5.9100000e+02   0.0000000e+00   2.8691218e-04
   5.9200000e+02   0.0000000e+00   2.8555119e-04
   5.9300000e+02   1.0000000e+00   2.8419666e-04
   5.9400000e+02   0.0000000e+00   2.8284855e-04
   5.9500000e+02   0.0000000e+00   2.8150683e-04
   5.9600000e+02   1.0000000e+00   2.8017148e-04
   5.9700000e+02   0.0000000e+00   2.7884247e-04
   5.9800000e+02   1.0000000e+00   2.7751976e-04
   5.9900000e+02   0.0000000e+00   2.7620332e-04
   6.0000000e+02   0.0000000e+00   2.7489313e-04
   6.0100000e+02   0.0000000e+00   2.7358915e-04
   6.0200000e+02   0.0000000e+00   2.7229136e-04
   6.0300000e+02   0.0000000e+00   2.7099972e-04
   6.0400000e+02   0.0000000e+00   2.6971421e-04
   6.0500000e+02   0.0000000e+00   2.6843480e-04
   6.0600000e+02   0.0000000e+00   2.6716146e-04
   6.0700000e+02   0.0000000e+00   2.6589416e-04
   6.0800000e+02   0.0000000e+00   2.6463287e-04
   6.0900000e+02   0.0000000e+00   2.6337756e-04
   6.1000000e+02   1.0000000e+00   2.6212821e-04
   6.1100000e+02   1.0000000e+00   2.6088478e-04
   6.1200000e+02   0.0000000e+00   2.5964725e-04
   6.1300000e+02   0.0000000e+00   2.5841560e-04
   6.1400000e+02   0.0000000e+00   2.5718978e-04
   6.1500000e+02   0.0000000e+00   2.5596978e-04
   6.1600000e+02   0.0000000e+00   2.5475557e-04
   6.1700000e+02   0.0000000e+00   2.5354711e-04
   6.1800000e+02   0.0000000e+00   2.5234439e-04
   6.1900000e+02   1.0000000e+00   2.5114738e-04
   6.2000000e+02   0.0000000e+00   2.4995604e-04
   6.2100000e+02   0.0000000e+00   2.4877035e-04
   6.2200000e+02   0.0000000e+00   2.4759029e-04
   6.2300000e+02   0.0000000e+00   2.4641583e-04
   6.2400000e+02   0.0000000e+00   2.4524693e-04
   6.2500000e+02   0.0000000e+00   2.4408359e-04
   6.2600000e+02   0.0000000e+00   2.4292576e-04
   6.2700000e+02   0.0000000e+00   2.4177342e-04
   6.2800000e+02   0.0000000e+00   2.4062655e-04
   6.2900000e+02   0.0000000e+00   2.3948511e-04
   6.3000000e+02   0.0000000e+00   2.3834910e-04
   6.3100000e+02   0.0000000e+00   2.3721847e-04
   6.3200000e+02   0.0000000e+00   2.3609321e-04
   6.3300000e+02   0.0000000e+00   2.3497328e-04
   6.3400000e+02   0.0000000e+00   2.3385866e-04
   6.3500000e+02   0.0000000e+00   2.3274934e-04
   6.3600000e+02   0.0000000e+00   2.3164527e-04
   6.3700000e+02   0.0000000e+00   2.3054644e-04
   6.3800000e+02   0.0000000e+00   2.2945283e-04
   6.3900000e+02   0.0000000e+00   2.2836440e-04
   6.4000000e+02   0.0000000e+00   2.2728114e-04
   6.4100000e+02   0.0000000e+00   2.2620301e-04
   6.4200000e+02   0.0000000e+00   2.2513000e-04
   6.4300000e+02   0.0000000e+00   2.2406207e-04
   6.4400000e+02   0.0000000e+00   2.2299922e-04
   6.4500000e+02   0.0000000e+00   2.2194140e-04
   6.4600000e+02   0.0000000e+00   2.2088861e-04
   6.4700000e+02   1.0000000e+00   2.1984080e-04
   6.4800000e+02   1.0000000e+00   2.1879797e-04
   6.4900000e+02   0.0000000e+00   2.1776009e-04
   6.5000000e+02   0.0000000e+00   2.1672712e-04
   6.5100000e+02   1.0000000e+00   2.1569906e-04
   6.5200000e+02   0.0000000e+00   2.1467588e-04
   6.5300000e+02   0.0000000e+00   2.1365754e-04
   6.5400000e+02   0.0000000e+00   2.1264404e-04
   6.5500000e+02   0.0000000e+00   2.1163535e-04
   6.5600000e+02   0.0000000e+00   2.1063144e-04
   6.5700000e+02   0.0000000e+00   2.0963229e-04
   6.5800000e+02   0.0000000e+00   2.0863788e-04
   6.5900000e+02   0.0000000e+00   2.0764819e-04
   6.6000000e+02   0.0000000e+00   2.0666320e-04
   6.6100000e+02   0.0000000e+00   2.0568287e-04
   6.6200000e+02   0.0000000e+00   2.0470720e-04
   6.6300000e+02   0.0000000e+00   2.0373616e-04
   6.6400000e+02   0.0000000e+00   2.0276972e-04
   6.6500000e+02   0.0000000e+00   2.0180786e-04
   6.6600000e+02   0.0000000e+00   2.0085057e-04
   6.6700000e+02   0.0000000e+00   1.9989782e-04
   6.6800000e+02   0.0000000e+00   1.9894959e-04
   6.6900000e+02   0.0000000e+00   1.9800586e-04
   6.7000000e+02   1.0000000e+00   1.9706660e-04
   6.7100000e+02   0.0000000e+00   1.9613180e-04
   6.7200000e+02   0.0000000e+00   1.9520143e-04
   6.7300000e+02   0.0000000e+00   1.9427548e-04
   6.7400000e+02   0.0000000e+00   1.9335392e-04
   6.7500000e+02   0.0000000e+00   1.9243673e-04
   6.7600000e+02   0.0000000e+00   1.9152389e-04
   6.7700000e+02   0.0000000e+00   1.9061538e-04
   6.7800000e+02   0.0000000e+00   1.8971118e-04
   6.7900000e+02   0.0000000e+00   1.8881127e-04
   6.8000000e+02   0.0000000e+00   1.8791563e-04
   6.8100000e+02   1.0000000e+00   1.8702424e-04
   6.8200000e+02   0.0000000e+00   1.8613707e-04
   6.8300000e+02   0.0000000e+00   1.8525411e-04
   6.8400000e+02   0.0000000e+00   1.8437535e-04
   6.8500000e+02   0.0000000e+00   1.8350075e-04
   6.8600000e+02   0.0000000e+00   1.8263030e-04
   6.8700000e+02   0.0000000e+00   1.8176398e-04
   6.8800000e+02   0.0000000e+00   1.8090176e-04
   6.8900000e+02   0.0000000e+00   1.8004364e-04
   6.9000000e+02   0.0000000e+00   1.7918959e-04
   6.9100000e+02   0.0000000e+00   1.7833959e-04
   6.9200000e+02   0.0000000e+00   1.7749362e-04
   6.9300000e+02   0.0000000e+00   1.7665167e-04
   6.9400000e+02   0.0000000e+00   1.7581371e-04
   6.9500000e+02   0.0000000e+00   1.7497972e-04
   6.9600000e+02   0.0000000e+00   1.7414969e-04
   6.9700000e+02   0.0000000e+00   1.7332360e-04
   6.9800000e+02   1.0000000e+00   1.7250142e-04
   6.9900000e+02   0.0000000e+00   1.7168315e-04
   7.0000000e+02   0.0000000e+00   1.7086875e-04
   7.0100000e+02   0.0000000e+00   1.7005823e-04
   7.0200000e+02   0.0000000e+00   1.6925154e-04
   7.0300000e+02   0.0000000e+00   1.6844868e-04
   7.0400000e+02   0.0000000e+00   1.6764963e-04
   7.0500000e+02   0.0000000e+00   1.6685437e-04
   7.0600000e+02   0.0000000e+00   1.6606289e-04
   7.0700000e+02   0.0000000e+00   1.6527515e-04
   7.0800000e+02   0.0000000e+00   1.6449116e-04
   7.0900000e+02   0.0000000e+00   1.6371088e-04
   7.1000000e+02   0.0000000e+00   1.6293430e-04
   7.1100000e+02   0.0000000e+00   1.6216141e-04
   7.1200000e+02   0.0000000e+00   1.6139219e-04
   7.1300000e+02   0.0000000e+00   1.6062661e-04
   7.1400000e+02   0.0000000e+00   1.5986467e-04
   7.1500000e+02   0.0000000e+00   1.5910633e-04
   7.1600000e+02   0.0000000e+00   1.5835160e-04
   7.1700000e+02   0.0000000e+00   1.5760045e-04
   7.1800000e+02   0.0000000e+00   1.5685286e-04
   7.1900000e+02   0.0000000e+00   1.5610881e-04
   7.2000000e+02   0.0000000e+00   1.5536830e-04
   7.2100000e+02   0.0000000e+00   1.5463130e-04
   7.2200000e+02   0.0000000e+00   1.5389779e-04
   7.2300000e+02   0.0000000e+00   1.5316776e-04
   7.2400000e+02   0.0000000e+00   1.5244120e-04
   7.2500000e+02   0.0000000e+00   1.5171808e-04
   7.2600000e+02   0.0000000e+00   1.5099840e-04
   7.2700000e+02   0.0000000e+00   1.5028212e-04
   7.2800000e+02   0.0000000e+00   1.4956925e-04
   7.2900000e+02   0.0000000e+00   1.4885975e-04
   7.3000000e+02   0.0000000e+00   1.4815363e-04
   7.3100000e+02   0.0000000e+00   1.4745085e-04
   7.3200000e+02   0.0000000e+00   1.4675140e-04
   7.3300000e+02   0.0000000e+00   1.4605528e-04
   7.3400000e+02   0.0000000e+00   1.4536245e-04
   7.3500000e+02   0.0000000e+00   1.4467291e-04
   7.3600000e+02   0.0000000e+00   1.4398665e-04
   7.3700000e+02   0.0000000e+00   1.4330363e-04
   7.3800000e+02   0.0000000e+00   1.4262386e-04
   7.3900000e+02   0.0000000e+00   1.4194731e-04
   7.4000000e+02   0.0000000e+00   1.4127397e-04
   7.4100000e+02   0.0000000e+00   1.4060383e-04
   7.4200000e+02   1.0000000e+00   1.3993686e-04
   7.4300000e+02   0.0000000e+00   1.3927306e-04
   7.4400000e+02   0.0000000e+00   1.3861241e-04
   7.4500000e+02   0.0000000e+00   1.3795489e-04
   7.4600000e+02   0.0000000e+00   1.3730049e-04
   7.4700000e+02   0.0000000e+00   1.3664920e-04
   7.4800000e+02   0.0000000e+00   1.3600099e-04
   7.4900000e+02   0.0000000e+00   1.3535586e-04
   7.5000000e+02   0.0000000e+00   1.3471379e-04
   7.5100000e+02   0.0000000e+00   1.3407476e-04
   7.5200000e+02   0.0000000e+00   1.3343877e-04
   7.5300000e+02   0.0000000e+00   1.3280579e-04
   7.5400000e+02   0.0000000e+00   1.3217581e-04
   7.5500000e+02   0.0000000e+00   1.3154883e-04
   7.5600000e+02   1.0000000e+00   1.3092481e-04
   7.5700000e+02   0.0000000e+00   1.3030376e-04
   7.5800000e+02   0.0000000e+00   1.2968566e-04
   7.5900000e+02   0.0000000e+00   1.2907048e-04
   7.6000000e+02   0.0000000e+00   1.2845823e-04
   7.6100000e+02   0.0000000e+00   1.2784887e-04
   7.6200000e+02   0.0000000e+00   1.2724241e-04
   7.6300000e+02   0.0000000e+00   1.2663883e-04
   7.6400000e+02   0.0000000e+00   1.2603811e-04
   7.6500000e+02   0.0000000e+00   1.2544023e-04
   7.6600000e+02   0.0000000e+00   1.2484520e-04
   7.6700000e+02   0.0000000e+00   1.2425299e-04
   7.6800000e+02   0.0000000e+00   1.2366358e-04
   7.6900000e+02   0.0000000e+00   1.2307697e-04
   7.7000000e+02   1.0000000e+00   1.2249315e-04
   7.7100000e+02   0.0000000e+00   1.2191209e-04
   7.7200000e+02   0.0000000e+00   1.2133379e-04
   7.7300000e+02   0.0000000e+00   1.2075824e-04
   7.7400000e+02   0.0000000e+00   1.2018541e-04
   7.7500000e+02   0.0000000e+00   1.1961530e-04
   7.7600000e+02   0.0000000e+00   1.1904790e-04
   7.7700000e+02   0.0000000e+00   1.1848318e-04
   7.7800000e+02   0.0000000e+00   1.1792115e-04
   7.7900000e+02   0.0000000e+00   1.1736178e-04
   7.8000000e+02   0.0000000e+00   1.1680506e-04
   7.8100000e+02   0.0000000e+00   1.1625099e-04
   7.8200000e+02   0.0000000e+00   1.1569954e-04
   7.8300000e+02   0.0000000e+00   1.1515071e-04
   7.8400000e+02   0.0000000e+00   1.1460449e-04
   7.8500000e+02   0.0000000e+00   1.1406085e-04
   7.8600000e+02   0.0000000e+00   1.1351980e-04
   7.8700000e+02   0.0000000e+00   1.1298131e-04
   7.8800000e+02   0.0000000e+00   1.1244537e-04
   7.8900000e+02   0.0000000e+00   1.1191198e-04
   7.9000000e+02   0.0000000e+00   1.1138111e-04
   7.9100000e+02   0.0000000e+00   1.1085277e-04
   7.9200000e+02   0.0000000e+00   1.1032693e-04
   7.9300000e+02   0.0000000e+00   1.0980358e-04
   7.9400000e+02   0.0000000e+00   1.0928272e-04
   7.9500000e+02   0.0000000e+00   1.0876433e-04
   7.9600000e+02   1.0000000e+00   1.0824840e-04
   7.9700000e+02   0.0000000e+00   1.0773491e-04
   7.9800000e+02   0.0000000e+00   1.0722386e-04
   7.9900000e+02   1.0000000e+00   1.0671524e-04
   8.0000000e+02   1.0000000e+00   1.0620903e-04
   8.0100000e+02   0.0000000e+00   1.0570522e-04
   8.0200000e+02   0.0000000e+00   1.0520379e-04
   8.0300000e+02   0.0000000e+00   1.0470475e-04
   8.0400000e+02   0.0000000e+00   1.0420808e-04
   8.0500000e+02   0.0000000e+00   1.0371376e-04
   8.0600000e+02   0.0000000e+00   1.0322178e-04
   8.0700000e+02   0.0000000e+00   1.0273214e-04
   8.0800000e+02   0.0000000e+00   1.0224482e-04
   8.0900000e+02   0.0000000e+00   1.0175982e-04
   8.1000000e+02   0.0000000e+00   1.0127711e-04
   8.1100000e+02   0.0000000e+00   1.0079670e-04
   8.1200000e+02   0.0000000e+00   1.0031856e-04
   8.1300000e+02   1.0000000e+00   9.9842689e-05
   8.1400000e+02   0.0000000e+00   9.9369077e-05
   8.1500000e+02   0.0000000e+00   9.8897712e-05
   8.1600000e+02   0.0000000e+00   9.8428583e-05
   8.1700000e+02   0.0000000e+00   9.7961679e-05
   8.1800000e+02   0.0000000e+00   9.7496990e-05
   8.1900000e+02   0.0000000e+00   9.7034505e-05
   8.2000000e+02   0.0000000e+00   9.6574214e-05
   8.2100000e+02   1.0000000e+00   9.6116107e-05
   8.2200000e+02   0.0000000e+00   9.5660172e-05
   8.2300000e+02   0.0000000e+00   9.5206400e-05
   8.2400000e+02   0.0000000e+00   9.4754781e-05
   8.2500000e+02   0.0000000e+00   9.4305304e-05
   8.2600000e+02   0.0000000e+00   9.3857960e-05
   8.2700000e+02   0.0000000e+00   9.3412737e-05
   8.2800000e+02   0.0000000e+00   9.2969626e-05
   8.2900000e+02   0.0000000e+00   9.2528617e-05
   8.3000000e+02   1.0000000e+00   9.2089700e-05
   8.3100000e+02   0.0000000e+00   9.1652866e-05
   8.3200000e+02   0.0000000e+00   9.1218103e-05
   8.3300000e+02   0.0000000e+00   9.0785402e-05
   8.3400000e+02   0.0000000e+00   9.0354755e-05
   8.3500000e+02   0.0000000e+00   8.9926150e-05
   8.3600000e+02   0.0000000e+00   8.9499578e-05
   8.3700000e+02   0.0000000e+00   8.9075029e-05
   8.3800000e+02   0.0000000e+00   8.8652495e-05
   8.3900000e+02   0.0000000e+00   8.8231965e-05
   8.4000000e+02   0.0000000e+00   8.7813429e-05
   8.4100000e+02   1.0000000e+00   8.7396879e-05
   8.4200000e+02   0.0000000e+00   8.6982305e-05
   8.4300000e+02   0.0000000e+00   8.6569698e-05
   8.4400000e+02   0.0000000e+00   8.6159047e-05
   8.4500000e+02   0.0000000e+00   8.5750345e-05
   8.4600000e+02   0.0000000e+00   8.5343581e-05
   8.4700000e+02   0.0000000e+00   8.4938747e-05
   8.4800000e+02   0.0000000e+00   8.4535834e-05
   8.4900000e+02   0.0000000e+00   8.4134831e-05
   8.5000000e+02   0.0000000e+00   8.3735731e-05
   8.5100000e+02   0.0000000e+00   8.3338524e-05
   8.5200000e+02   0.0000000e+00   8.2943201e-05
   8.5300000e+02   0.0000000e+00   8.2549753e-05
   8.5400000e+02   0.0000000e+00   8.2158172e-05
   8.5500000e+02   0.0000000e+00   8.1768448e-05
   8.5600000e+02   0.0000000e+00   8.1380573e-05
   8.5700000e+02   0.0000000e+00   8.0994537e-05
   8.5800000e+02   0.0000000e+00   8.0610333e-05
   8.5900000e+02   0.0000000e+00   8.0227952e-05
   8.6000000e+02   0.0000000e+00   7.9847384e-05
   8.6100000e+02   0.0000000e+00   7.9468622e-05
   8.6200000e+02   0.0000000e+00   7.9091656e-05
   8.6300000e+02   0.0000000e+00   7.8716478e-05
   8.6400000e+02   0.0000000e+00   7.8343080e-05
   8.6500000e+02   0.0000000e+00   7.7971454e-05
   8.6600000e+02   0.0000000e+00   7.7601590e-05
   8.6700000e+02   0.0000000e+00   7.7233480e-05
   8.6800000e+02   0.0000000e+00   7.6867117e-05
   8.6900000e+02   1.0000000e+00   7.6502492e-05
   8.7000000e+02   0.0000000e+00   7.6139596e-05
   8.7100000e+02   0.0000000e+00   7.5778422e-05
   8.7200000e+02   0.0000000e+00   7.5418961e-05
   8.7300000e+02   0.0000000e+00   7.5061205e-05
   8.7400000e+02   0.0000000e+00   7.4705146e-05
   8.7500000e+02   0.0000000e+00   7.4350776e-05
   8.7600000e+02   0.0000000e+00   7.3998088e-05
   8.7700000e+02   0.0000000e+00   7.3647072e-05
   8.7800000e+02   0.0000000e+00   7.3297721e-05
   8.7900000e+02   0.0000000e+00   7.2950027e-05
   8.8000000e+02   1.0000000e+00   7.2603983e-05
   8.8100000e+02   0.0000000e+00   7.2259580e-05
   8.8200000e+02   0.0000000e+00   7.1916811e-05
   8.8300000e+02   0.0000000e+00   7.1575668e-05
   8.8400000e+02   0.0000000e+00   7.1236143e-05
   8.8500000e+02   0.0000000e+00   7.0898229e-05
   8.8600000e+02   0.0000000e+00   7.0561917e-05
   8.8700000e+02   0.0000000e+00   7.0227201e-05
   8.8800000e+02   0.0000000e+00   6.9894073e-05
   8.8900000e+02   0.0000000e+00   6.9562525e-05
   8.9000000e+02   0.0000000e+00   6.9232549e-05
   8.9100000e+02   0.0000000e+00   6.8904139e-05
   8.9200000e+02   0.0000000e+00   6.8577287e-05
   8.9300000e+02   0.0000000e+00   6.8251985e-05
   8.9400000e+02   0.0000000e+00   6.7928226e-05
   8.9500000e+02   0.0000000e+00   6.7606003e-05
   8.9600000e+02   0.0000000e+00   6.7285309e-05
   8.9700000e+02   0.0000000e+00   6.6966136e-05
   8.9800000e+02   0.0000000e+00   6.6648476e-05
   8.9900000e+02   0.0000000e+00   6.6332324e-05
   9.0000000e+02   0.0000000e+00   6.6017671e-05
   9.0100000e+02   0.0000000e+00   6.5704511e-05
   9.0200000e+02   0.0000000e+00   6.5392837e-05
   9.0300000e+02   1.0000000e+00   6.5082641e-05
   9.0400000e+02   0.0000000e+00   6.4773916e-05
   9.0500000e+02   0.0000000e+00   6.4466656e-05
   9.0600000e+02   0.0000000e+00   6.4160853e-05
   9.0700000e+02   0.0000000e+00   6.3856501e-05
   9.0800000e+02   0.0000000e+00   6.3553592e-05
   9.0900000e+02   0.0000000e+00   6.3252121e-05
   9.1000000e+02   0.0000000e+00   6.2952079e-05
   9.1100000e+02   0.0000000e+00   6.2653461e-05
   9.1200000e+02   0.0000000e+00   6.2356259e-05
   9.1300000e+02   0.0000000e+00   6.2060467e-05
   9.1400000e+02   0.0000000e+00   6.1766079e-05
   9.1500000e+02   0.0000000e+00   6.1473086e-05
   9.1600000e+02   0.0000000e+00   6.1181484e-05
   9.1700000e+02   0.0000000e+00   6.0891265e-05
   9.1800000e+02   0.0000000e+00   6.0602422e-05
   9.1900000e+02   0.0000000e+00   6.0314950e-05
   9.2000000e+02   0.0000000e+00   6.0028841e-05
   9.2100000e+02   0.0000000e+00   5.9744089e-05
   9.2200000e+02   0.0000000e+00   5.9460688e-05
   9.2300000e+02   0.0000000e+00   5.9178632e-05
   9.2400000e+02   0.0000000e+00   5.8897913e-05
   9.2500000e+02   0.0000000e+00   5.8618526e-05
   9.2600000e+02   0.0000000e+00   5.8340465e-05
   9.2700000e+02   0.0000000e+00   5.8063722e-05
   9.2800000e+02   0.0000000e+00   5.7788292e-05
   9.2900000e+02   0.0000000e+00   5.7514169e-05
   9.3000000e+02   0.0000000e+00   5.7241346e-05
   9.3100000e+02   0.0000000e+00   5.6969817e-05
   9.3200000e+02   0.0000000e+00   5.6699576e-05
   9.3300000e+02   0.0000000e+00   5.6430617e-05
   9.3400000e+02   0.0000000e+00   5.6162934e-05
   9.3500000e+02   0.0000000e+00   5.5896520e-05
   9.3600000e+02   0.0000000e+00   5.5631371e-05
   9.3700000e+02   0.0000000e+00   5.5367479e-05
   9.3800000e+02   0.0000000e+00   5.5104839e-05
   9.3900000e+02   0.0000000e+00   5.4843445e-05
   9.4000000e+02   0.0000000e+00   5.4583290e-05
   9.4100000e+02   0.0000000e+00   5.4324370e-05
   9.4200000e+02   0.0000000e+00   5.4066678e-05
   9.4300000e+02   0.0000000e+00   5.3810208e-05
   9.4400000e+02   0.0000000e+00   5.3554955e-05
   9.4500000e+02   0.0000000e+00   5.3300913e-05
   9.4600000e+02   0.0000000e+00   5.3048076e-05
   9.4700000e+02   0.0000000e+00   5.2796438e-05
   9.4800000e+02   0.0000000e+00   5.2545994e-05
   9.4900000e+02   0.0000000e+00   5.2296738e-05
   9.5000000e+02   0.0000000e+00   5.2048664e-05
   9.5100000e+02   0.0000000e+00   5.1801767e-05
   9.5200000e+02   0.0000000e+00   5.1556041e-05
   9.5300000e+02   0.0000000e+00   5.1311481e-05
   9.5400000e+02   0.0000000e+00   5.1068081e-05
   9.5500000e+02   0.0000000e+00   5.0825836e-05
   9.5600000e+02   0.0000000e+00   5.0584739e-05
   9.5700000e+02   0.0000000e+00   5.0344786e-05
   9.5800000e+02   0.0000000e+00   5.0105972e-05
   9.5900000e+02   0.0000000e+00   4.9868290e-05
   9.6000000e+02   0.0000000e+00   4.9631736e-05
   9.6100000e+02   0.0000000e+00   4.9396304e-05
   9.6200000e+02   0.0000000e+00   4.9161989e-05
   9.6300000e+02   0.0000000e+00   4.8928785e-05
   9.6400000e+02   0.0000000e+00   4.8696687e-05
   9.6500000e+02   0.0000000e+00   4.8465690e-05
   9.6600000e+02   0.0000000e+00   4.8235790e-05
   9.6700000e+02   0.0000000e+00   4.8006979e-05
   9.6800000e+02   0.0000000e+00   4.7779254e-05
   9.6900000e+02   0.0000000e+00   4.7552610e-05
   9.7000000e+02   0.0000000e+00   4.7327040e-05
   9.7100000e+02   0.0000000e+00   4.7102540e-05
   9.7200000e+02   0.0000000e+00   4.6879106e-05
   9.7300000e+02   0.0000000e+00   4.6656731e-05
   9.7400000e+02   0.0000000e+00   4.6435411e-05
   9.7500000e+02   0.0000000e+00   4.6215141e-05
   9.7600000e+02   0.0000000e+00   4.5995916e-05
   9.7700000e+02   0.0000000e+00   4.5777730e-05
   9.7800000e+02   0.0000000e+00   4.5560580e-05
   9.7900000e+02   0.0000000e+00   4.5344460e-05
   9.8000000e+02   0.0000000e+00   4.5129365e-05
   9.8100000e+02   0.0000000e+00   4.4915290e-05
   9.8200000e+02   0.0000000e+00   4.4702231e-05
   9.8300000e+02   0.0000000e+00   4.4490182e-05
   9.8400000e+02   0.0000000e+00   4.4279139e-05
   9.8500000e+02   1.0000000e+00   4.4069098e-05
   9.8600000e+02   0.0000000e+00   4.3860052e-05
   9.8700000e+02   0.0000000e+00   4.3651999e-05
   9.8800000e+02   0.0000000e+00   4.3444932e-05
   9.8900000e+02   0.0000000e+00   4.3238848e-05
   9.9000000e+02   0.0000000e+00   4.3033741e-05
   9.9100000e+02   0.0000000e+00   4.2829607e-05
   9.9200000e+02   0.0000000e+00   4.2626441e-05
   9.9300000e+02   0.0000000e+00   4.2424239e-05
   9.9400000e+02   0.0000000e+00   4.2222996e-05
   9.9500000e+02   0.0000000e+00   4.2022708e-05
   9.9600000e+02   0.0000000e+00   4.1823370e-05
   9.9700000e+02   0.0000000e+00   4.1624978e-05
   9.9800000e+02   0.0000000e+00   4.1427526e-05
   9.9900000e+02   0.0000000e+00   4.1231011e-05
   1.0000000e+03   0.0000000e+00   4.1035429e-05
   1.0010000e+03   0.0000000e+00   4.0840774e-05
   1.0020000e+03   0.0000000e+00   4.0647042e-05
   1.0030000e+03   0.0000000e+00   4.0454230e-05
   1.0040000e+03   0.0000000e+00   4.0262332e-05
   1.0050000e+03   0.0000000e+00   4.0071344e-05
   1.0060000e+03   0.0000000e+00   3.9881263e-05
   1.0070000e+03   0.0000000e+00   3.9692083e-05
   1.0080000e+03   0.0000000e+00   3.9503800e-05
   1.0090000e+03   0.0000000e+00   3.9316411e-05
   1.0100000e+03   0.0000000e+00   3.9129910e-05
   1.0110000e+03   0.0000000e+00   3.8944294e-05
   1.0120000e+03   0.0000000e+00   3.8759559e-05
   1.0130000e+03   0.0000000e+00   3.8575700e-05
   1.0140000e+03   0.0000000e+00   3.8392713e-05
   1.0150000e+03   0.0000000e+00   3.8210594e-05
   1.0160000e+03   0.0000000e+00   3.8029339e-05
   1.0170000e+03   0.0000000e+00   3.7848944e-05
   1.0180000e+03   0.0000000e+00   3.7669404e-05
   1.0190000e+03   0.0000000e+00   3.7490717e-05
   1.0200000e+03   0.0000000e+00   3.7312876e-05
   1.0210000e+03   0.0000000e+00   3.7135880e-05
   1.0220000e+03   0.0000000e+00   3.6959723e-05
   1.0230000e+03   0.0000000e+00   3.6784401e-05
   1.0240000e+03   0.0000000e+00   3.6609912e-05
   1.0250000e+03   0.0000000e+00   3.6436250e-05
   1.0260000e+03   0.0000000e+00   3.6263411e-05
   1.0270000e+03   0.0000000e+00   3.6091393e-05
   1.0280000e+03   0.0000000e+00   3.5920191e-05
   1.0290000e+03   0.0000000e+00   3.5749800e-05
   1.0300000e+03   0.0000000e+00   3.5580218e-05
   1.0310000e+03   0.0000000e+00   3.5411441e-05
   1.0320000e+03   0.0000000e+00   3.5243464e-05
   1.0330000e+03   0.0000000e+00   3.5076283e-05
   1.0340000e+03   0.0000000e+00   3.4909896e-05
   1.0350000e+03   0.0000000e+00   3.4744298e-05
   1.0360000e+03   0.0000000e+00   3.4579486e-05
   1.0370000e+03   0.0000000e+00   3.4415455e-05
   1.0380000e+03   0.0000000e+00   3.4252203e-05
   1.0390000e+03   0.0000000e+00   3.4089725e-05
   1.0400000e+03   0.0000000e+00   3.3928018e-05
   1.0410000e+03   0.0000000e+00   3.3767077e-05
   1.0420000e+03   0.0000000e+00   3.3606900e-05
   1.0430000e+03   0.0000000e+00   3.3447483e-05
   1.0440000e+03   0.0000000e+00   3.3288823e-05
   1.0450000e+03   0.0000000e+00   3.3130914e-05
   1.0460000e+03   0.0000000e+00   3.2973755e-05
   1.0470000e+03   0.0000000e+00   3.2817342e-05
   1.0480000e+03   0.0000000e+00   3.2661670e-05
   1.0490000e+03   0.0000000e+00   3.2506737e-05
   1.0500000e+03   0.0000000e+00   3.2352538e-05
   1.0510000e+03   0.0000000e+00   3.2199072e-05
   1.0520000e+03   0.0000000e+00   3.2046333e-05
   1.0530000e+03   0.0000000e+00   3.1894318e-05
   1.0540000e+03   0.0000000e+00   3.1743025e-05
   1.0550000e+03   0.0000000e+00   3.1592450e-05
   1.0560000e+03   0.0000000e+00   3.1442588e-05
   1.0570000e+03   0.0000000e+00   3.1293438e-05
   1.0580000e+03   0.0000000e+00   3.1144995e-05
   1.0590000e+03   0.0000000e+00   3.0997256e-05
   1.0600000e+03   0.0000000e+00   3.0850218e-05
   1.0610000e+03   0.0000000e+00   3.0703878e-05
   1.0620000e+03   0.0000000e+00   3.0558231e-05
   1.0630000e+03   0.0000000e+00   3.0413276e-05
   1.0640000e+03   0.0000000e+00   3.0269008e-05
   1.0650000e+03   0.0000000e+00   3.0125425e-05
   1.0660000e+03   0.0000000e+00   2.9982522e-05
   1.0670000e+03   0.0000000e+00   2.9840298e-05
   1.0680000e+03   0.0000000e+00   2.9698748e-05
   1.0690000e+03   1.0000000e+00   2.9557870e-05
   1.0700000e+03   0.0000000e+00   2.9417659e-05
   1.0710000e+03   0.0000000e+00   2.9278114e-05
   1.0720000e+03   0.0000000e+00   2.9139231e-05
   1.0730000e+03   0.0000000e+00   2.9001007e-05
   1.0740000e+03   0.0000000e+00   2.8863439e-05
   1.0750000e+03   0.0000000e+00   2.8726522e-05
   1.0760000e+03   0.0000000e+00   2.8590256e-05
   1.0770000e+03   0.0000000e+00   2.8454636e-05
   1.0780000e+03   0.0000000e+00   2.8319659e-05
   1.0790000e+03   0.0000000e+00   2.8185322e-05
   1.0800000e+03   0.0000000e+00   2.8051623e-05
   1.0810000e+03   0.0000000e+00   2.7918558e-05
   1.0820000e+03   0.0000000e+00   2.7786124e-05
   1.0830000e+03   0.0000000e+00   2.7654318e-05
   1.0840000e+03   0.0000000e+00   2.7523138e-05
   1.0850000e+03   0.0000000e+00   2.7392580e-05
   1.0860000e+03   0.0000000e+00   2.7262641e-05
   1.0870000e+03   0.0000000e+00   2.7133318e-05
   1.0880000e+03   0.0000000e+00   2.7004609e-05
   1.0890000e+03   0.0000000e+00   2.6876511e-05
   1.0900000e+03   0.0000000e+00   2.6749020e-05
   1.0910000e+03   0.0000000e+00   2.6622134e-05
   1.0920000e+03   0.0000000e+00   2.6495849e-05
   1.0930000e+03   0.0000000e+00   2.6370164e-05
   1.0940000e+03   0.0000000e+00   2.6245075e-05
   1.0950000e+03   0.0000000e+00   2.6120580e-05
   1.0960000e+03   0.0000000e+00   2.5996675e-05
   1.0970000e+03   0.0000000e+00   2.5873357e-05
   1.0980000e+03   0.0000000e+00   2.5750625e-05
   1.0990000e+03   0.0000000e+00   2.5628475e-05
   1.1000000e+03   0.0000000e+00   2.5506904e-05
   1.1010000e+03   0.0000000e+00   2.5385910e-05
   1.1020000e+03   0.0000000e+00   2.5265490e-05
   1.1030000e+03   0.0000000e+00   2.5145641e-05
   1.1040000e+03   0.0000000e+00   2.5026361e-05
   1.1050000e+03   0.0000000e+00   2.4907646e-05
   1.1060000e+03   1.0000000e+00   2.4789495e-05
   1.1070000e+03   0.0000000e+00   2.4671904e-05
   1.1080000e+03   0.0000000e+00   2.4554871e-05
   1.1090000e+03   0.0000000e+00   2.4438393e-05
   1.1100000e+03   0.0000000e+00   2.4322467e-05
   1.1110000e+03   0.0000000e+00   2.4207092e-05
   1.1120000e+03   0.0000000e+00   2.4092263e-05
   1.1130000e+03   0.0000000e+00   2.3977980e-05
   1.1140000e+03   0.0000000e+00   2.3864238e-05
   1.1150000e+03   0.0000000e+00   2.3751036e-05
   1.1160000e+03   0.0000000e+00   2.3638371e-05
   1.1170000e+03   0.0000000e+00   2.3526241e-05
   1.1180000e+03   0.0000000e+00   2.3414642e-05
   1.1190000e+03   0.0000000e+00   2.3303573e-05
   1.1200000e+03   0.0000000e+00   2.3193031e-05
   1.1210000e+03   0.0000000e+00   2.3083013e-05
   1.1220000e+03   0.0000000e+00   2.2973517e-05
   1.1230000e+03   0.0000000e+00   2.2864540e-05
   1.1240000e+03   0.0000000e+00   2.2756080e-05
   1.1250000e+03   0.0000000e+00   2.2648135e-05
   1.1260000e+03   0.0000000e+00   2.2540702e-05
   1.1270000e+03   0.0000000e+00   2.2433778e-05
   1.1280000e+03   0.0000000e+00   2.2327362e-05
   1.1290000e+03   0.0000000e+00   2.2221450e-05
   1.1300000e+03   0.0000000e+00   2.2116041e-05
   1.1310000e+03   0.0000000e+00   2.2011132e-05
   1.1320000e+03   0.0000000e+00   2.1906720e-05
   1.1330000e+03   0.0000000e+00   2.1802804e-05
   1.1340000e+03   0.0000000e+00   2.1699380e-05
   1.1350000e+03   0.0000000e+00   2.1596448e-05
   1.1360000e+03   0.0000000e+00   2.1494003e-05
   1.1370000e+03   0.0000000e+00   2.1392045e-05
   1.1380000e+03   0.0000000e+00   2.1290570e-05
   1.1390000e+03   0.0000000e+00   2.1189576e-05
   1.1400000e+03   0.0000000e+00   2.1089062e-05
   1.1410000e+03   0.0000000e+00   2.0989024e-05
   1.1420000e+03   0.0000000e+00   2.0889461e-05
   1.1430000e+03   0.0000000e+00   2.0790370e-05
   1.1440000e+03   0.0000000e+00   2.0691749e-05
   1.1450000e+03   0.0000000e+00   2.0593596e-05
   1.1460000e+03   0.0000000e+00   2.0495909e-05
   1.1470000e+03   0.0000000e+00   2.0398685e-05
   1.1480000e+03   0.0000000e+00   2.0301922e-05
   1.1490000e+03   0.0000000e+00   2.0205618e-05
   1.1500000e+03   0.0000000e+00   2.0109771e-05
   1.1510000e+03   0.0000000e+00   2.0014379e-05
   1.1520000e+03   0.0000000e+00   1.9919439e-05
   1.1530000e+03   0.0000000e+00   1.9824950e-05
   1.1540000e+03   0.0000000e+00   1.9730909e-05
   1.1550000e+03   0.0000000e+00   1.9637314e-05
   1.1560000e+03   0.0000000e+00   1.9544162e-05
   1.1570000e+03   0.0000000e+00   1.9451453e-05
   1.1580000e+03   0.0000000e+00   1.9359184e-05
   1.1590000e+03   0.0000000e+00   1.9267352e-05
   1.1600000e+03   0.0000000e+00   1.9175955e-05
   1.1610000e+03   0.0000000e+00   1.9084993e-05
   1.1620000e+03   0.0000000e+00   1.8994462e-05
   1.1630000e+03   0.0000000e+00   1.8904360e-05
   1.1640000e+03   0.0000000e+00   1.8814686e-05
   1.1650000e+03   0.0000000e+00   1.8725437e-05
   1.1660000e+03   0.0000000e+00   1.8636611e-05
   1.1670000e+03   0.0000000e+00   1.8548207e-05
   1.1680000e+03   0.0000000e+00   1.8460222e-05
   1.1690000e+03   0.0000000e+00   1.8372654e-05
   1.1700000e+03   0.0000000e+00   1.8285502e-05
   1.1710000e+03   0.0000000e+00   1.8198763e-05
   1.1720000e+03   0.0000000e+00   1.8112436e-05
   1.1730000e+03   0.0000000e+00   1.8026518e-05
   1.1740000e+03   1.0000000e+00   1.7941008e-05
   1.1750000e+03   0.0000000e+00   1.7855903e-05
   1.1760000e+03   0.0000000e+00   1.7771203e-05
   1.1770000e+03   0.0000000e+00   1.7686903e-05
   1.1780000e+03   0.0000000e+00   1.7603004e-05
   1.1790000e+03   0.0000000e+00   1.7519503e-05
   1.1800000e+03   0.0000000e+00   1.7436398e-05
   1.1810000e+03   0.0000000e+00   1.7353687e-05
   1.1820000e+03   0.0000000e+00   1.7271368e-05
   1.1830000e+03   0.0000000e+00   1.7189440e-05
   1.1840000e+03   0.0000000e+00   1.7107901e-05
   1.1850000e+03   0.0000000e+00   1.7026748e-05
   1.1860000e+03   0.0000000e+00   1.6945980e-05
   1.1870000e+03   0.0000000e+00   1.6865596e-05
   1.1880000e+03   0.0000000e+00   1.6785592e-05
   1.1890000e+03   0.0000000e+00   1.6705968e-05
   1.1900000e+03   0.0000000e+00   1.6626722e-05
   1.1910000e+03   0.0000000e+00   1.6547852e-05
   1.1920000e+03   0.0000000e+00   1.6469356e-05
   1.1930000e+03   0.0000000e+00   1.6391232e-05
   1.1940000e+03   0.0000000e+00   1.6313479e-05
   1.1950000e+03   0.0000000e+00   1.6236095e-05
   1.1960000e+03   0.0000000e+00   1.6159078e-05
   1.1970000e+03   0.0000000e+00   1.6082426e-05
   1.1980000e+03   0.0000000e+00   1.6006138e-05
   1.1990000e+03   0.0000000e+00   1.5930211e-05
   1.2000000e+03   0.0000000e+00   1.5854645e-05
   1.2010000e+03   0.0000000e+00   1.5779437e-05
   1.2020000e+03   0.0000000e+00   1.5704586e-05
   1.2030000e+03   0.0000000e+00   1.5630090e-05
   1.2040000e+03   0.0000000e+00   1.5555948e-05
   1.2050000e+03   0.0000000e+00   1.5482157e-05
   1.2060000e+03   0.0000000e+00   1.5408716e-05
   1.2070000e+03   0.0000000e+00   1.5335623e-05
   1.2080000e+03   0.0000000e+00   1.5262878e-05
   1.2090000e+03   0.0000000e+00   1.5190477e-05
   1.2100000e+03   0.0000000e+00   1.5118420e-05
   1.2110000e+03   0.0000000e+00   1.5046704e-05
   1.2120000e+03   0.0000000e+00   1.4975329e-05
   1.2130000e+03   0.0000000e+00   1.4904292e-05
   1.2140000e+03   0.0000000e+00   1.4833593e-05
   1.2150000e+03   0.0000000e+00   1.4763228e-05
   1.2160000e+03   0.0000000e+00   1.4693198e-05
   1.2170000e+03   0.0000000e+00   1.4623499e-05
   1.2180000e+03   0.0000000e+00   1.4554132e-05
   1.2190000e+03   0.0000000e+00   1.4485093e-05
   1.2200000e+03   0.0000000e+00   1.4416382e-05
   1.2210000e+03   0.0000000e+00   1.4347997e-05
   1.2220000e+03   0.0000000e+00   1.4279936e-05
   1.2230000e+03   0.0000000e+00   1.4212198e-05
   1.2240000e+03   0.0000000e+00   1.4144781e-05
   1.2250000e+03   0.0000000e+00   1.4077684e-05
   1.2260000e+03   0.0000000e+00   1.4010905e-05
   1.2270000e+03   0.0000000e+00   1.3944444e-05
   1.2280000e+03   0.0000000e+00   1.3878297e-05
   1.2290000e+03   0.0000000e+00   1.3812464e-05
   1.2300000e+03   0.0000000e+00   1.3746944e-05
   1.2310000e+03   0.0000000e+00   1.3681734e-05
   1.2320000e+03   0.0000000e+00   1.3616834e-05
   1.2330000e+03   0.0000000e+00   1.3552241e-05
   1.2340000e+03   0.0000000e+00   1.3487955e-05
   1.2350000e+03   0.0000000e+00   1.3423974e-05
   1.2360000e+03   0.0000000e+00   1.3360296e-05
   1.2370000e+03   0.0000000e+00   1.3296920e-05
   1.2380000e+03   0.0000000e+00   1.3233845e-05
   1.2390000e+03   0.0000000e+00   1.3171070e-05
   1.2400000e+03   0.0000000e+00   1.3108592e-05
   1.2410000e+03   0.0000000e+00   1.3046410e-05
   1.2420000e+03   0.0000000e+00   1.2984523e-05
   1.2430000e+03   0.0000000e+00   1.2922930e-05
   1.2440000e+03   0.0000000e+00   1.2861629e-05
   1.2450000e+03   0.0000000e+00   1.2800619e-05
   1.2460000e+03   0.0000000e+00   1.2739898e-05
   1.2470000e+03   0.0000000e+00   1.2679465e-05
   1.2480000e+03   0.0000000e+00   1.2619319e-05
   1.2490000e+03   0.0000000e+00   1.2559459e-05
   1.2500000e+03   0.0000000e+00   1.2499882e-05
   1.2510000e+03   0.0000000e+00   1.2440588e-05
   1.2520000e+03   0.0000000e+00   1.2381575e-05
   1.2530000e+03   0.0000000e+00   1.2322842e-05
   1.2540000e+03   0.0000000e+00   1.2264387e-05
   1.2550000e+03   0.0000000e+00   1.2206210e-05
   1.2560000e+03   0.0000000e+00   1.2148309e-05
   1.2570000e+03   0.0000000e+00   1.2090683e-05
   1.2580000e+03   0.0000000e+00   1.2033330e-05
   1.2590000e+03   0.0000000e+00   1.1976249e-05
   1.2600000e+03   0.0000000e+00   1.1919438e-05
   1.2610000e+03   0.0000000e+00   1.1862897e-05
   1.2620000e+03   0.0000000e+00   1.1806625e-05
   1.2630000e+03   0.0000000e+00   1.1750619e-05
   1.2640000e+03   0.0000000e+00   1.1694879e-05
   1.2650000e+03   0.0000000e+00   1.1639404e-05
   1.2660000e+03   0.0000000e+00   1.1584191e-05
   1.2670000e+03   0.0000000e+00   1.1529241e-05
   1.2680000e+03   0.0000000e+00   1.1474551e-05
   1.2690000e+03   0.0000000e+00   1.1420120e-05
   1.2700000e+03   0.0000000e+00   1.1365948e-05
   1.2710000e+03   0.0000000e+00   1.1312033e-05
   1.2720000e+03   0.0000000e+00   1.1258373e-05
   1.2730000e+03   0.0000000e+00   1.1204968e-05
   1.2740000e+03   0.0000000e+00   1.1151817e-05
   1.2750000e+03   0.0000000e+00   1.1098917e-05
   1.2760000e+03   0.0000000e+00   1.1046268e-05
   1.2770000e+03   0.0000000e+00   1.0993870e-05
   1.2780000e+03   0.0000000e+00   1.0941719e-05
   1.2790000e+03   0.0000000e+00   1.0889816e-05
   1.2800000e+03   0.0000000e+00   1.0838160e-05
   1.2810000e+03   0.0000000e+00   1.0786748e-05
   1.2820000e+03   0.0000000e+00   1.0735580e-05
   1.2830000e+03   0.0000000e+00   1.0684655e-05
   1.2840000e+03   0.0000000e+00   1.0633972e-05
   1.2850000e+03   0.0000000e+00   1.0583528e-05
   1.2860000e+03   0.0000000e+00   1.0533325e-05
   1.2870000e+03   0.0000000e+00   1.0483359e-05
   1.2880000e+03   0.0000000e+00   1.0433630e-05
   1.2890000e+03   0.0000000e+00   1.0384138e-05
   1.2900000e+03   0.0000000e+00   1.0334880e-05
   1.2910000e+03   0.0000000e+00   1.0285855e-05
   1.2920000e+03   0.0000000e+00   1.0237063e-05
   1.2930000e+03   0.0000000e+00   1.0188503e-05
   1.2940000e+03   0.0000000e+00   1.0140173e-05
   1.2950000e+03   0.0000000e+00   1.0092072e-05
   1.2960000e+03   0.0000000e+00   1.0044200e-05
   1.2970000e+03   0.0000000e+00   9.9965544e-06
   1.2980000e+03   0.0000000e+00   9.9491349e-06
   1.2990000e+03   0.0000000e+00   9.9019404e-06
   1.3000000e+03   0.0000000e+00   9.8549698e-06
   1.3010000e+03   0.0000000e+00   9.8082219e-06
   1.3020000e+03   0.0000000e+00   9.7616958e-06
   1.3030000e+03   0.0000000e+00   9.7153905e-06
   1.3040000e+03   0.0000000e+00   9.6693047e-06
   1.3050000e+03   0.0000000e+00   9.6234376e-06
   1.3060000e+03   0.0000000e+00   9.5777881e-06
   1.3070000e+03   0.0000000e+00   9.5323551e-06
   1.3080000e+03   0.0000000e+00   9.4871376e-06
   1.3090000e+03   0.0000000e+00   9.4421346e-06
   1.3100000e+03   0.0000000e+00   9.3973450e-06
   1.3110000e+03   0.0000000e+00   9.3527680e-06
   1.3120000e+03   0.0000000e+00   9.3084024e-06
   1.3130000e+03   0.0000000e+00   9.2642472e-06
   1.3140000e+03   0.0000000e+00   9.2203015e-06
   1.3150000e+03   0.0000000e+00   9.1765643e-06
   1.3160000e+03   0.0000000e+00   9.1330345e-06
   1.3170000e+03   0.0000000e+00   9.0897113e-06
   1.3180000e+03   0.0000000e+00   9.0465935e-06
   1.3190000e+03   0.0000000e+00   9.0036802e-06
   1.3200000e+03   0.0000000e+00   8.9609706e-06
   1.3210000e+03   0.0000000e+00   8.9184635e-06
   1.3220000e+03   0.0000000e+00   8.8761580e-06
   1.3230000e+03   0.0000000e+00   8.8340533e-06
   1.3240000e+03   0.0000000e+00   8.7921482e-06
   1.3250000e+03   0.0000000e+00   8.7504420e-06
   1.3260000e+03   0.0000000e+00   8.7089336e-06
   1.3270000e+03   0.0000000e+00   8.6676220e-06
   1.3280000e+03   0.0000000e+00   8.6265065e-06
   1.3290000e+03   1.0000000e+00   8.5855860e-06
   1.3300000e+03   0.0000000e+00   8.5448595e-06
   1.3310000e+03   0.0000000e+00   8.5043263e-06
   1.3320000e+03   0.0000000e+00   8.4639854e-06
   1.3330000e+03   0.0000000e+00   8.4238358e-06
   1.3340000e+03   0.0000000e+00   8.3838766e-06
   1.3350000e+03   0.0000000e+00   8.3441070e-06
   1.3360000e+03   0.0000000e+00   8.3045261e-06
   1.3370000e+03   0.0000000e+00   8.2651329e-06
   1.3380000e+03   0.0000000e+00   8.2259266e-06
   1.3390000e+03   0.0000000e+00   8.1869063e-06
   1.3400000e+03   0.0000000e+00   8.1480710e-06
   1.3410000e+03   0.0000000e+00   8.1094200e-06
   1.3420000e+03   0.0000000e+00   8.0709523e-06
   1.3430000e+03   0.0000000e+00   8.0326671e-06
   1.3440000e+03   0.0000000e+00   7.9945635e-06
   1.3450000e+03   0.0000000e+00   7.9566406e-06
   1.3460000e+03   0.0000000e+00   7.9188977e-06
   1.3470000e+03   0.0000000e+00   7.8813338e-06
   1.3480000e+03   0.0000000e+00   7.8439480e-06
   1.3490000e+03   0.0000000e+00   7.8067396e-06
   1.3500000e+03   0.0000000e+00   7.7697077e-06
   1.3510000e+03   0.0000000e+00   7.7328515e-06
   1.3520000e+03   0.0000000e+00   7.6961701e-06
   1.3530000e+03   0.0000000e+00   7.6596627e-06
   1.3540000e+03   0.0000000e+00   7.6233285e-06
   1.3550000e+03   0.0000000e+00   7.5871666e-06
   1.3560000e+03   0.0000000e+00   7.5511763e-06
   1.3570000e+03   0.0000000e+00   7.5153567e-06
   1.3580000e+03   0.0000000e+00   7.4797070e-06
   1.3590000e+03   0.0000000e+00   7.4442264e-06
   1.3600000e+03   0.0000000e+00   7.4089141e-06
   1.3610000e+03   0.0000000e+00   7.3737693e-06
   1.3620000e+03   0.0000000e+00   7.3387913e-06
   1.3630000e+03   0.0000000e+00   7.3039791e-06
   1.3640000e+03   1.0000000e+00   7.2693321e-06
