   1.0000000e+00   5.0000000e+00   1.0467360e-02
   2.0000000e+00   1.0000000e+00   1.0357795e-02
   3.0000000e+00   6.0000000e+00   1.0249376e-02
   4.0000000e+00   1.0000000e+00   1.0142092e-02
   5.0000000e+00   9.0000000e+00   1.0035931e-02
   6.0000000e+00   9.0000000e+00   9.9308813e-03
   7.0000000e+00   7.0000000e+00   9.8269312e-03
   8.0000000e+00   3.0000000e+00   9.7240692e-03
   9.0000000e+00   3.0000000e+00   9.6222839e-03
   1.0000000e+01   5.0000000e+00   9.5215640e-03
   1.1000000e+01   4.0000000e+00   9.4218983e-03
   1.2000000e+01   3.0000000e+00   9.3232759e-03
   1.3000000e+01   2.0000000e+00   9.2256858e-03
   1.4000000e+01   7.0000000e+00   9.1291172e-03
   1.5000000e+01   6.0000000e+00   9.0335595e-03
   1.6000000e+01   4.0000000e+00   8.9390020e-03
   1.7000000e+01   4.0000000e+00   8.8454342e-03
   1.8000000e+01   9.0000000e+00   8.7528459e-03
   1.9000000e+01   5.0000000e+00   8.6612267e-03
   2.0000000e+01   3.0000000e+00   8.5705665e-03
   2.1000000e+01   4.0000000e+00   8.4808553e-03
   2.2000000e+01   3.0000000e+00   8.3920831e-03
   2.3000000e+01   1.0000000e+00   8.3042402e-03
   2.4000000e+01   4.0000000e+00   8.2173167e-03
   2.5000000e+01   3.0000000e+00   8.1313031e-03
   2.6000000e+01   4.0000000e+00   8.0461898e-03
   2.7000000e+01   2.0000000e+00   7.9619674e-03
   2.8000000e+01   9.0000000e+00   7.8786266e-03
   2.9000000e+01   7.0000000e+00   7.7961582e-03
   3.0000000e+01   3.0000000e+00   7.7145530e-03
   3.1000000e+01   1.0000000e+00   7.6338020e-03
   3.2000000e+01   1.0000000e+00   7.5538963e-03
   3.3000000e+01   5.0000000e+00   7.4748269e-03
   3.4000000e+01   4.0000000e+00   7.3965852e-03
   3.5000000e+01   3.0000000e+00   7.3191625e-03
   3.6000000e+01   3.0000000e+00   7.2425502e-03
   3.7000000e+01   0.0000000e+00   7.1667398e-03
   3.8000000e+01   0.0000000e+00   7.0917229e-03
   3.9000000e+01   2.0000000e+00   7.0174913e-03
   4.0000000e+01   1.0000000e+00   6.9440367e-03
   4.1000000e+01   3.0000000e+00   6.8713510e-03
   4.2000000e+01   6.0000000e+00   6.7994261e-03
   4.3000000e+01   4.0000000e+00   6.7282540e-03
   4.4000000e+01   2.0000000e+00   6.6578270e-03
   4.5000000e+01   2.0000000e+00   6.5881371e-03
   4.6000000e+01   5.0000000e+00   6.5191767e-03
   4.7000000e+01   2.0000000e+00   6.4509381e-03
   4.8000000e+01   4.0000000e+00   6.3834138e-03
   4.9000000e+01   3.0000000e+00   6.3165963e-03
   5.0000000e+01   3.0000000e+00   6.2504782e-03
   5.1000000e+01   2.0000000e+00   6.1850522e-03
   5.2000000e+01   3.0000000e+00   6.1203111e-03
   5.3000000e+01   2.0000000e+00   6.0562476e-03
   5.4000000e+01   3.0000000e+00   5.9928546e-03
   5.5000000e+01   4.0000000e+00   5.9301253e-03
   5.6000000e+01   6.0000000e+00   5.8680525e-03
   5.7000000e+01   3.0000000e+00   5.8066295e-03
   5.8000000e+01   1.0000000e+00   5.7458494e-03
   5.9000000e+01   2.0000000e+00   5.6857055e-03
   6.0000000e+01   1.0000000e+00   5.6261912e-03
   6.1000000e+01   3.0000000e+00   5.5672998e-03
   6.2000000e+01   3.0000000e+00   5.5090249e-03
   6.3000000e+01   2.0000000e+00   5.4513600e-03
   6.4000000e+01   3.0000000e+00   5.3942986e-03
   6.5000000e+01   1.0000000e+00   5.3378345e-03
   6.6000000e+01   3.0000000e+00   5.2819615e-03
   6.7000000e+01   3.0000000e+00   5.2266733e-03
   6.8000000e+01   2.0000000e+00   5.1719638e-03
   6.9000000e+01   3.0000000e+00   5.1178270e-03
   7.0000000e+01   5.0000000e+00   5.0642569e-03
   7.1000000e+01   2.0000000e+00   5.0112475e-03
   7.2000000e+01   2.0000000e+00   4.9587929e-03
   7.3000000e+01   1.0000000e+00   4.9068875e-03
   7.4000000e+01   4.0000000e+00   4.8555253e-03
   7.5000000e+01   5.0000000e+00   4.8047008e-03
   7.6000000e+01   2.0000000e+00   4.7544083e-03
   7.7000000e+01   4.0000000e+00   4.7046421e-03
   7.8000000e+01   2.0000000e+00   4.6553970e-03
   7.9000000e+01   2.0000000e+00   4.6066672e-03
   8.0000000e+01   4.0000000e+00   4.5584476e-03
   8.1000000e+01   2.0000000e+00   4.5107327e-03
   8.2000000e+01   1.0000000e+00   4.4635172e-03
   8.3000000e+01   2.0000000e+00   4.4167960e-03
   8.4000000e+01   4.0000000e+00   4.3705638e-03
   8.5000000e+01   0.0000000e+00   4.3248155e-03
   8.6000000e+01   2.0000000e+00   4.2795461e-03
   8.7000000e+01   1.0000000e+00   4.2347506e-03
   8.8000000e+01   1.0000000e+00   4.1904239e-03
   8.9000000e+01   3.0000000e+00   4.1465612e-03
   9.0000000e+01   4.0000000e+00   4.1031577e-03
   9.1000000e+01   2.0000000e+00   4.0602084e-03
   9.2000000e+01   1.0000000e+00   4.0177088e-03
   9.3000000e+01   5.0000000e+00   3.9756540e-03
   9.4000000e+01   2.0000000e+00   3.9340394e-03
   9.5000000e+01   3.0000000e+00   3.8928604e-03
   9.6000000e+01   2.0000000e+00   3.8521124e-03
   9.7000000e+01   1.0000000e+00   3.8117909e-03
   9.8000000e+01   2.0000000e+00   3.7718916e-03
   9.9000000e+01   1.0000000e+00   3.7324098e-03
   1.0000000e+02   2.0000000e+00   3.6933413e-03
   1.0100000e+02   1.0000000e+00   3.6546818e-03
   1.0200000e+02   1.0000000e+00   3.6164269e-03
   1.0300000e+02   0.0000000e+00   3.5785725e-03
   1.0400000e+02   2.0000000e+00   3.5411143e-03
   1.0500000e+02   1.0000000e+00   3.5040482e-03
   1.0600000e+02   1.0000000e+00   3.4673700e-03
   1.0700000e+02   1.0000000e+00   3.4310758e-03
   1.0800000e+02   3.0000000e+00   3.3951615e-03
   1.0900000e+02   1.0000000e+00   3.3596231e-03
   1.1000000e+02   2.0000000e+00   3.3244567e-03
   1.1100000e+02   4.0000000e+00   3.2896585e-03
   1.1200000e+02   1.0000000e+00   3.2552244e-03
   1.1300000e+02   4.0000000e+00   3.2211508e-03
   1.1400000e+02   3.0000000e+00   3.1874339e-03
   1.1500000e+02   5.0000000e+00   3.1540698e-03
   1.1600000e+02   2.0000000e+00   3.1210551e-03
   1.1700000e+02   1.0000000e+00   3.0883858e-03
   1.1800000e+02   1.0000000e+00   3.0560586e-03
   1.1900000e+02   3.0000000e+00   3.0240697e-03
   1.2000000e+02   0.0000000e+00   2.9924157e-03
   1.2100000e+02   0.0000000e+00   2.9610930e-03
   1.2200000e+02   2.0000000e+00   2.9300982e-03
   1.2300000e+02   5.0000000e+00   2.8994278e-03
   1.2400000e+02   2.0000000e+00   2.8690784e-03
   1.2500000e+02   3.0000000e+00   2.8390468e-03
   1.2600000e+02   2.0000000e+00   2.8093294e-03
   1.2700000e+02   1.0000000e+00   2.7799232e-03
   1.2800000e+02   3.0000000e+00   2.7508247e-03
   1.2900000e+02   2.0000000e+00   2.7220308e-03
   1.3000000e+02   2.0000000e+00   2.6935384e-03
   1.3100000e+02   0.0000000e+00   2.6653441e-03
   1.3200000e+02   3.0000000e+00   2.6374450e-03
   1.3300000e+02   2.0000000e+00   2.6098379e-03
   1.3400000e+02   1.0000000e+00   2.5825198e-03
   1.3500000e+02   0.0000000e+00   2.5554876e-03
   1.3600000e+02   0.0000000e+00   2.5287384e-03
   1.3700000e+02   0.0000000e+00   2.5022692e-03
   1.3800000e+02   2.0000000e+00   2.4760771e-03
   1.3900000e+02   2.0000000e+00   2.4501591e-03
   1.4000000e+02   1.0000000e+00   2.4245124e-03
   1.4100000e+02   0.0000000e+00   2.3991341e-03
   1.4200000e+02   2.0000000e+00   2.3740215e-03
   1.4300000e+02   0.0000000e+00   2.3491718e-03
   1.4400000e+02   1.0000000e+00   2.3245822e-03
   1.4500000e+02   1.0000000e+00   2.3002499e-03
   1.4600000e+02   2.0000000e+00   2.2761724e-03
   1.4700000e+02   1.0000000e+00   2.2523469e-03
   1.4800000e+02   1.0000000e+00   2.2287707e-03
   1.4900000e+02   2.0000000e+00   2.2054414e-03
   1.5000000e+02   2.0000000e+00   2.1823562e-03
   1.5100000e+02   0.0000000e+00   2.1595127e-03
   1.5200000e+02   2.0000000e+00   2.1369083e-03
   1.5300000e+02   3.0000000e+00   2.1145405e-03
   1.5400000e+02   1.0000000e+00   2.0924069e-03
   1.5500000e+02   0.0000000e+00   2.0705049e-03
   1.5600000e+02   0.0000000e+00   2.0488322e-03
   1.5700000e+02   1.0000000e+00   2.0273863e-03
   1.5800000e+02   1.0000000e+00   2.0061649e-03
   1.5900000e+02   3.0000000e+00   1.9851657e-03
   1.6000000e+02   0.0000000e+00   1.9643862e-03
   1.6100000e+02   1.0000000e+00   1.9438243e-03
   1.6200000e+02   1.0000000e+00   1.9234776e-03
   1.6300000e+02   0.0000000e+00   1.9033439e-03
   1.6400000e+02   0.0000000e+00   1.8834209e-03
   1.6500000e+02   2.0000000e+00   1.8637064e-03
   1.6600000e+02   0.0000000e+00   1.8441983e-03
   1.6700000e+02   0.0000000e+00   1.8248945e-03
   1.6800000e+02   1.0000000e+00   1.8057926e-03
   1.6900000e+02   0.0000000e+00   1.7868907e-03
   1.7000000e+02   0.0000000e+00   1.7681867e-03
   1.7100000e+02   1.0000000e+00   1.7496785e-03
   1.7200000e+02   1.0000000e+00   1.7313640e-03
   1.7300000e+02   0.0000000e+00   1.7132411e-03
   1.7400000e+02   0.0000000e+00   1.6953080e-03
   1.7500000e+02   1.0000000e+00   1.6775626e-03
   1.7600000e+02   0.0000000e+00   1.6600030e-03
   1.7700000e+02   0.0000000e+00   1.6426271e-03
   1.7800000e+02   1.0000000e+00   1.6254332e-03
   1.7900000e+02   1.0000000e+00   1.6084192e-03
   1.8000000e+02   2.0000000e+00   1.5915833e-03
   1.8100000e+02   1.0000000e+00   1.5749236e-03
   1.8200000e+02   3.0000000e+00   1.5584383e-03
   1.8300000e+02   0.0000000e+00   1.5421256e-03
   1.8400000e+02   3.0000000e+00   1.5259836e-03
   1.8500000e+02   1.0000000e+00   1.5100106e-03
   1.8600000e+02   3.0000000e+00   1.4942047e-03
   1.8700000e+02   0.0000000e+00   1.4785644e-03
   1.8800000e+02   0.0000000e+00   1.4630877e-03
   1.8900000e+02   1.0000000e+00   1.4477730e-03
   1.9000000e+02   0.0000000e+00   1.4326187e-03
   1.9100000e+02   3.0000000e+00   1.4176229e-03
   1.9200000e+02   1.0000000e+00   1.4027842e-03
   1.9300000e+02   1.0000000e+00   1.3881007e-03
   1.9400000e+02   2.0000000e+00   1.3735710e-03
   1.9500000e+02   0.0000000e+00   1.3591933e-03
   1.9600000e+02   0.0000000e+00   1.3449661e-03
   1.9700000e+02   2.0000000e+00   1.3308879e-03
   1.9800000e+02   1.0000000e+00   1.3169570e-03
   1.9900000e+02   2.0000000e+00   1.3031719e-03
   2.0000000e+02   2.0000000e+00   1.2895312e-03
   2.0100000e+02   1.0000000e+00   1.2760332e-03
   2.0200000e+02   1.0000000e+00   1.2626765e-03
   2.0300000e+02   0.0000000e+00   1.2494596e-03
   2.0400000e+02   0.0000000e+00   1.2363810e-03
   2.0500000e+02   0.0000000e+00   1.2234394e-03
   2.0600000e+02   0.0000000e+00   1.2106332e-03
   2.0700000e+02   0.0000000e+00   1.1979611e-03
   2.0800000e+02   2.0000000e+00   1.1854216e-03
   2.0900000e+02   0.0000000e+00   1.1730134e-03
   2.1000000e+02   0.0000000e+00   1.1607350e-03
   2.1100000e+02   0.0000000e+00   1.1485852e-03
   2.1200000e+02   1.0000000e+00   1.1365625e-03
   2.1300000e+02   0.0000000e+00   1.1246657e-03
   2.1400000e+02   1.0000000e+00   1.1128934e-03
   2.1500000e+02   0.0000000e+00   1.1012444e-03
   2.1600000e+02   0.0000000e+00   1.0897173e-03
   2.1700000e+02   0.0000000e+00   1.0783108e-03
   2.1800000e+02   3.0000000e+00   1.0670237e-03
   2.1900000e+02   0.0000000e+00   1.0558548e-03
   2.2000000e+02   0.0000000e+00   1.0448028e-03
   2.2100000e+02   1.0000000e+00   1.0338665e-03
   2.2200000e+02   3.0000000e+00   1.0230446e-03
   2.2300000e+02   0.0000000e+00   1.0123360e-03
   2.2400000e+02   1.0000000e+00   1.0017395e-03
   2.2500000e+02   0.0000000e+00   9.9125398e-04
   2.2600000e+02   1.0000000e+00   9.8087816e-04
   2.2700000e+02   1.0000000e+00   9.7061096e-04
   2.2800000e+02   0.0000000e+00   9.6045122e-04
   2.2900000e+02   1.0000000e+00   9.5039783e-04
   2.3000000e+02   0.0000000e+00   9.4044968e-04
   2.3100000e+02   0.0000000e+00   9.3060565e-04
   2.3200000e+02   1.0000000e+00   9.2086467e-04
   2.3300000e+02   0.0000000e+00   9.1122565e-04
   2.3400000e+02   0.0000000e+00   9.0168752e-04
   2.3500000e+02   0.0000000e+00   8.9224923e-04
   2.3600000e+02   0.0000000e+00   8.8290974e-04
   2.3700000e+02   1.0000000e+00   8.7366800e-04
   2.3800000e+02   0.0000000e+00   8.6452300e-04
   2.3900000e+02   0.0000000e+00   8.5547373e-04
   2.4000000e+02   2.0000000e+00   8.4651918e-04
   2.4100000e+02   0.0000000e+00   8.3765836e-04
   2.4200000e+02   1.0000000e+00   8.2889029e-04
   2.4300000e+02   0.0000000e+00   8.2021399e-04
   2.4400000e+02   3.0000000e+00   8.1162852e-04
   2.4500000e+02   0.0000000e+00   8.0313291e-04
   2.4600000e+02   0.0000000e+00   7.9472623e-04
   2.4700000e+02   1.0000000e+00   7.8640754e-04
   2.4800000e+02   0.0000000e+00   7.7817593e-04
   2.4900000e+02   0.0000000e+00   7.7003048e-04
   2.5000000e+02   1.0000000e+00   7.6197030e-04
   2.5100000e+02   1.0000000e+00   7.5399448e-04
   2.5200000e+02   0.0000000e+00   7.4610215e-04
   2.5300000e+02   0.0000000e+00   7.3829243e-04
   2.5400000e+02   0.0000000e+00   7.3056445e-04
   2.5500000e+02   0.0000000e+00   7.2291737e-04
   2.5600000e+02   0.0000000e+00   7.1535034e-04
   2.5700000e+02   0.0000000e+00   7.0786251e-04
   2.5800000e+02   0.0000000e+00   7.0045305e-04
   2.5900000e+02   0.0000000e+00   6.9312116e-04
   2.6000000e+02   0.0000000e+00   6.8586601e-04
   2.6100000e+02   0.0000000e+00   6.7868680e-04
   2.6200000e+02   0.0000000e+00   6.7158274e-04
   2.6300000e+02   0.0000000e+00   6.6455305e-04
   2.6400000e+02   0.0000000e+00   6.5759693e-04
   2.6500000e+02   0.0000000e+00   6.5071363e-04
   2.6600000e+02   0.0000000e+00   6.4390237e-04
   2.6700000e+02   0.0000000e+00   6.3716241e-04
   2.6800000e+02   0.0000000e+00   6.3049301e-04
   2.6900000e+02   0.0000000e+00   6.2389341e-04
   2.7000000e+02   0.0000000e+00   6.1736289e-04
   2.7100000e+02   1.0000000e+00   6.1090073e-04
   2.7200000e+02   0.0000000e+00   6.0450621e-04
   2.7300000e+02   0.0000000e+00   5.9817863e-04
   2.7400000e+02   1.0000000e+00   5.9191728e-04
   2.7500000e+02   0.0000000e+00   5.8572147e-04
   2.7600000e+02   0.0000000e+00   5.7959051e-04
   2.7700000e+02   2.0000000e+00   5.7352373e-04
   2.7800000e+02   0.0000000e+00   5.6752045e-04
   2.7900000e+02   0.0000000e+00   5.6158001e-04
   2.8000000e+02   1.0000000e+00   5.5570175e-04
   2.8100000e+02   0.0000000e+00   5.4988501e-04
   2.8200000e+02   1.0000000e+00   5.4412917e-04
   2.8300000e+02   0.0000000e+00   5.3843357e-04
   2.8400000e+02   0.0000000e+00   5.3279760e-04
   2.8500000e+02   0.0000000e+00   5.2722061e-04
   2.8600000e+02   0.0000000e+00   5.2170200e-04
   2.8700000e+02   0.0000000e+00   5.1624116e-04
   2.8800000e+02   0.0000000e+00   5.1083748e-04
   2.8900000e+02   0.0000000e+00   5.0549036e-04
   2.9000000e+02   0.0000000e+00   5.0019921e-04
   2.9100000e+02   0.0000000e+00   4.9496344e-04
   2.9200000e+02   1.0000000e+00   4.8978248e-04
   2.9300000e+02   0.0000000e+00   4.8465575e-04
   2.9400000e+02   0.0000000e+00   4.7958269e-04
   2.9500000e+02   1.0000000e+00   4.7456272e-04
   2.9600000e+02   0.0000000e+00   4.6959530e-04
   2.9700000e+02   0.0000000e+00   4.6467988e-04
   2.9800000e+02   0.0000000e+00   4.5981591e-04
   2.9900000e+02   0.0000000e+00   4.5500285e-04
   3.0000000e+02   0.0000000e+00   4.5024017e-04
   3.0100000e+02   1.0000000e+00   4.4552734e-04
   3.0200000e+02   0.0000000e+00   4.4086385e-04
   3.0300000e+02   0.0000000e+00   4.3624917e-04
   3.0400000e+02   0.0000000e+00   4.3168279e-04
   3.0500000e+02   2.0000000e+00   4.2716421e-04
   3.0600000e+02   0.0000000e+00   4.2269293e-04
   3.0700000e+02   0.0000000e+00   4.1826845e-04
   3.0800000e+02   0.0000000e+00   4.1389028e-04
   3.0900000e+02   0.0000000e+00   4.0955795e-04
   3.1000000e+02   0.0000000e+00   4.0527095e-04
   3.1100000e+02   0.0000000e+00   4.0102884e-04
   3.1200000e+02   0.0000000e+00   3.9683112e-04
   3.1300000e+02   0.0000000e+00   3.9267735e-04
   3.1400000e+02   0.0000000e+00   3.8856705e-04
   3.1500000e+02   0.0000000e+00   3.8449978e-04
   3.1600000e+02   0.0000000e+00   3.8047509e-04
   3.1700000e+02   0.0000000e+00   3.7649252e-04
   3.1800000e+02   0.0000000e+00   3.7255163e-04
   3.1900000e+02   1.0000000e+00   3.6865200e-04
   3.2000000e+02   0.0000000e+00   3.6479319e-04
   3.2100000e+02   0.0000000e+00   3.6097477e-04
   3.2200000e+02   0.0000000e+00   3.5719631e-04
   3.2300000e+02   0.0000000e+00   3.5345741e-04
   3.2400000e+02   0.0000000e+00   3.4975764e-04
   3.2500000e+02   0.0000000e+00   3.4609661e-04
   3.2600000e+02   0.0000000e+00   3.4247389e-04
   3.2700000e+02   0.0000000e+00   3.3888909e-04
   3.2800000e+02   0.0000000e+00   3.3534182e-04
   3.2900000e+02   0.0000000e+00   3.3183167e-04
   3.3000000e+02   0.0000000e+00   3.2835827e-04
   3.3100000e+02   0.0000000e+00   3.2492123e-04
   3.3200000e+02   0.0000000e+00   3.2152016e-04
   3.3300000e+02   1.0000000e+00   3.1815469e-04
   3.3400000e+02   0.0000000e+00   3.1482445e-04
   3.3500000e+02   0.0000000e+00   3.1152907e-04
   3.3600000e+02   0.0000000e+00   3.0826818e-04
   3.3700000e+02   2.0000000e+00   3.0504143e-04
   3.3800000e+02   1.0000000e+00   3.0184845e-04
   3.3900000e+02   0.0000000e+00   2.9868889e-04
   3.4000000e+02   0.0000000e+00   2.9556241e-04
   3.4100000e+02   0.0000000e+00   2.9246865e-04
   3.4200000e+02   0.0000000e+00   2.8940728e-04
   3.4300000e+02   0.0000000e+00   2.8637795e-04
   3.4400000e+02   1.0000000e+00   2.8338033e-04
   3.4500000e+02   0.0000000e+00   2.8041408e-04
   3.4600000e+02   0.0000000e+00   2.7747889e-04
   3.4700000e+02   0.0000000e+00   2.7457441e-04
   3.4800000e+02   0.0000000e+00   2.7170035e-04
   3.4900000e+02   0.0000000e+00   2.6885636e-04
   3.5000000e+02   1.0000000e+00   2.6604214e-04
   3.5100000e+02   0.0000000e+00   2.6325738e-04
   3.5200000e+02   0.0000000e+00   2.6050177e-04
   3.5300000e+02   0.0000000e+00   2.5777501e-04
   3.5400000e+02   0.0000000e+00   2.5507678e-04
   3.5500000e+02   0.0000000e+00   2.5240680e-04
   3.5600000e+02   0.0000000e+00   2.4976477e-04
   3.5700000e+02   0.0000000e+00   2.4715039e-04
   3.5800000e+02   1.0000000e+00   2.4456338e-04
   3.5900000e+02   0.0000000e+00   2.4200345e-04
   3.6000000e+02   0.0000000e+00   2.3947031e-04
   3.6100000e+02   0.0000000e+00   2.3696369e-04
   3.6200000e+02   0.0000000e+00   2.3448330e-04
   3.6300000e+02   0.0000000e+00   2.3202888e-04
   3.6400000e+02   0.0000000e+00   2.2960015e-04
   3.6500000e+02   0.0000000e+00   2.2719685e-04
   3.6600000e+02   0.0000000e+00   2.2481869e-04
   3.6700000e+02   0.0000000e+00   2.2246544e-04
   3.6800000e+02   0.0000000e+00   2.2013681e-04
   3.6900000e+02   0.0000000e+00   2.1783256e-04
   3.7000000e+02   0.0000000e+00   2.1555243e-04
   3.7100000e+02   0.0000000e+00   2.1329616e-04
   3.7200000e+02   0.0000000e+00   2.1106351e-04
   3.7300000e+02   0.0000000e+00   2.0885424e-04
   3.7400000e+02   0.0000000e+00   2.0666808e-04
   3.7500000e+02   0.0000000e+00   2.0450481e-04
   3.7600000e+02   0.0000000e+00   2.0236419e-04
   3.7700000e+02   0.0000000e+00   2.0024597e-04
   3.7800000e+02   0.0000000e+00   1.9814992e-04
   3.7900000e+02   0.0000000e+00   1.9607582e-04
   3.8000000e+02   0.0000000e+00   1.9402342e-04
   3.8100000e+02   0.0000000e+00   1.9199251e-04
   3.8200000e+02   1.0000000e+00   1.8998285e-04
   3.8300000e+02   0.0000000e+00   1.8799423e-04
   3.8400000e+02   0.0000000e+00   1.8602643e-04
   3.8500000e+02   0.0000000e+00   1.8407923e-04
   3.8600000e+02   0.0000000e+00   1.8215240e-04
   3.8700000e+02   0.0000000e+00   1.8024575e-04
   3.8800000e+02   0.0000000e+00   1.7835905e-04
   3.8900000e+02   0.0000000e+00   1.7649210e-04
   3.9000000e+02   0.0000000e+00   1.7464469e-04
   3.9100000e+02   0.0000000e+00   1.7281663e-04
   3.9200000e+02   0.0000000e+00   1.7100769e-04
   3.9300000e+02   0.0000000e+00   1.6921769e-04
   3.9400000e+02   0.0000000e+00   1.6744643e-04
   3.9500000e+02   0.0000000e+00   1.6569371e-04
   3.9600000e+02   0.0000000e+00   1.6395933e-04
   3.9700000e+02   0.0000000e+00   1.6224311e-04
   3.9800000e+02   0.0000000e+00   1.6054485e-04
   3.9900000e+02   0.0000000e+00   1.5886437e-04
   4.0000000e+02   0.0000000e+00   1.5720148e-04
   4.0100000e+02   0.0000000e+00   1.5555600e-04
   4.0200000e+02   0.0000000e+00   1.5392774e-04
   4.0300000e+02   0.0000000e+00   1.5231652e-04
   4.0400000e+02   0.0000000e+00   1.5072217e-04
   4.0500000e+02   0.0000000e+00   1.4914450e-04
   4.0600000e+02   0.0000000e+00   1.4758336e-04
   4.0700000e+02   1.0000000e+00   1.4603855e-04
   4.0800000e+02   1.0000000e+00   1.4450991e-04
   4.0900000e+02   0.0000000e+00   1.4299727e-04
   4.1000000e+02   0.0000000e+00   1.4150047e-04
   4.1100000e+02   0.0000000e+00   1.4001933e-04
   4.1200000e+02   0.0000000e+00   1.3855370e-04
   4.1300000e+02   0.0000000e+00   1.3710341e-04
   4.1400000e+02   0.0000000e+00   1.3566830e-04
   4.1500000e+02   0.0000000e+00   1.3424821e-04
   4.1600000e+02   0.0000000e+00   1.3284298e-04
   4.1700000e+02   0.0000000e+00   1.3145247e-04
   4.1800000e+02   0.0000000e+00   1.3007651e-04
   4.1900000e+02   0.0000000e+00   1.2871495e-04
   4.2000000e+02   0.0000000e+00   1.2736764e-04
   4.2100000e+02   0.0000000e+00   1.2603444e-04
   4.2200000e+02   0.0000000e+00   1.2471519e-04
   4.2300000e+02   0.0000000e+00   1.2340975e-04
   4.2400000e+02   0.0000000e+00   1.2211798e-04
   4.2500000e+02   0.0000000e+00   1.2083973e-04
   4.2600000e+02   0.0000000e+00   1.1957485e-04
   4.2700000e+02   0.0000000e+00   1.1832322e-04
   4.2800000e+02   0.0000000e+00   1.1708469e-04
   4.2900000e+02   0.0000000e+00   1.1585912e-04
   4.3000000e+02   0.0000000e+00   1.1464638e-04
   4.3100000e+02   0.0000000e+00   1.1344634e-04
   4.3200000e+02   0.0000000e+00   1.1225885e-04
   4.3300000e+02   0.0000000e+00   1.1108380e-04
   4.3400000e+02   0.0000000e+00   1.0992105e-04
   4.3500000e+02   0.0000000e+00   1.0877046e-04
   4.3600000e+02   0.0000000e+00   1.0763192e-04
   4.3700000e+02   0.0000000e+00   1.0650530e-04
   4.3800000e+02   0.0000000e+00   1.0539047e-04
   4.3900000e+02   0.0000000e+00   1.0428731e-04
   4.4000000e+02   0.0000000e+00   1.0319570e-04
   4.4100000e+02   0.0000000e+00   1.0211551e-04
   4.4200000e+02   0.0000000e+00   1.0104663e-04
   4.4300000e+02   1.0000000e+00   9.9988941e-05
   4.4400000e+02   0.0000000e+00   9.8942320e-05
   4.4500000e+02   0.0000000e+00   9.7906656e-05
   4.4600000e+02   0.0000000e+00   9.6881831e-05
   4.4700000e+02   0.0000000e+00   9.5867734e-05
   4.4800000e+02   0.0000000e+00   9.4864252e-05
   4.4900000e+02   1.0000000e+00   9.3871274e-05
   4.5000000e+02   0.0000000e+00   9.2888689e-05
   4.5100000e+02   0.0000000e+00   9.1916390e-05
   4.5200000e+02   0.0000000e+00   9.0954268e-05
   4.5300000e+02   1.0000000e+00   9.0002217e-05
   4.5400000e+02   0.0000000e+00   8.9060131e-05
   4.5500000e+02   0.0000000e+00   8.8127907e-05
   4.5600000e+02   0.0000000e+00   8.7205440e-05
   4.5700000e+02   0.0000000e+00   8.6292630e-05
   4.5800000e+02   0.0000000e+00   8.5389373e-05
   4.5900000e+02   0.0000000e+00   8.4495572e-05
   4.6000000e+02   0.0000000e+00   8.3611127e-05
   4.6100000e+02   0.0000000e+00   8.2735939e-05
   4.6200000e+02   0.0000000e+00   8.1869912e-05
   4.6300000e+02   0.0000000e+00   8.1012950e-05
   4.6400000e+02   0.0000000e+00   8.0164958e-05
   4.6500000e+02   0.0000000e+00   7.9325843e-05
   4.6600000e+02   0.0000000e+00   7.8495511e-05
   4.6700000e+02   0.0000000e+00   7.7673870e-05
   4.6800000e+02   0.0000000e+00   7.6860829e-05
   4.6900000e+02   0.0000000e+00   7.6056299e-05
   4.7000000e+02   0.0000000e+00   7.5260191e-05
   4.7100000e+02   0.0000000e+00   7.4472415e-05
   4.7200000e+02   0.0000000e+00   7.3692886e-05
   4.7300000e+02   0.0000000e+00   7.2921516e-05
   4.7400000e+02   0.0000000e+00   7.2158220e-05
   4.7500000e+02   0.0000000e+00   7.1402914e-05
   4.7600000e+02   0.0000000e+00   7.0655514e-05
   4.7700000e+02   0.0000000e+00   6.9915937e-05
   4.7800000e+02   0.0000000e+00   6.9184102e-05
   4.7900000e+02   0.0000000e+00   6.8459927e-05
   4.8000000e+02   0.0000000e+00   6.7743332e-05
   4.8100000e+02   0.0000000e+00   6.7034238e-05
   4.8200000e+02   0.0000000e+00   6.6332567e-05
   4.8300000e+02   0.0000000e+00   6.5638240e-05
   4.8400000e+02   0.0000000e+00   6.4951181e-05
   4.8500000e+02   0.0000000e+00   6.4271313e-05
   4.8600000e+02   0.0000000e+00   6.3598562e-05
   4.8700000e+02   0.0000000e+00   6.2932853e-05
   4.8800000e+02   0.0000000e+00   6.2274112e-05
   4.8900000e+02   0.0000000e+00   6.1622267e-05
   4.9000000e+02   0.0000000e+00   6.0977244e-05
   4.9100000e+02   0.0000000e+00   6.0338974e-05
   4.9200000e+02   0.0000000e+00   5.9707384e-05
   4.9300000e+02   0.0000000e+00   5.9082405e-05
   4.9400000e+02   0.0000000e+00   5.8463968e-05
   4.9500000e+02   0.0000000e+00   5.7852005e-05
   4.9600000e+02   0.0000000e+00   5.7246447e-05
   4.9700000e+02   0.0000000e+00   5.6647228e-05
   4.9800000e+02   0.0000000e+00   5.6054281e-05
   4.9900000e+02   0.0000000e+00   5.5467541e-05
   5.0000000e+02   0.0000000e+00   5.4886942e-05
   5.0100000e+02   0.0000000e+00   5.4312420e-05
   5.0200000e+02   0.0000000e+00   5.3743913e-05
   5.0300000e+02   0.0000000e+00   5.3181356e-05
   5.0400000e+02   0.0000000e+00   5.2624687e-05
   5.0500000e+02   0.0000000e+00   5.2073846e-05
   5.0600000e+02   0.0000000e+00   5.1528770e-05
   5.0700000e+02   0.0000000e+00   5.0989400e-05
   5.0800000e+02   0.0000000e+00   5.0455676e-05
   5.0900000e+02   0.0000000e+00   4.9927538e-05
   5.1000000e+02   0.0000000e+00   4.9404928e-05
   5.1100000e+02   0.0000000e+00   4.8887789e-05
   5.1200000e+02   0.0000000e+00   4.8376063e-05
   5.1300000e+02   0.0000000e+00   4.7869693e-05
   5.1400000e+02   0.0000000e+00   4.7368624e-05
   5.1500000e+02   0.0000000e+00   4.6872800e-05
   5.1600000e+02   0.0000000e+00   4.6382165e-05
   5.1700000e+02   0.0000000e+00   4.5896666e-05
   5.1800000e+02   0.0000000e+00   4.5416249e-05
   5.1900000e+02   0.0000000e+00   4.4940861e-05
   5.2000000e+02   0.0000000e+00   4.4470449e-05
   5.2100000e+02   0.0000000e+00   4.4004961e-05
   5.2200000e+02   0.0000000e+00   4.3544345e-05
   5.2300000e+02   0.0000000e+00   4.3088551e-05
   5.2400000e+02   0.0000000e+00   4.2637527e-05
   5.2500000e+02   0.0000000e+00   4.2191225e-05
   5.2600000e+02   0.0000000e+00   4.1749594e-05
   5.2700000e+02   0.0000000e+00   4.1312586e-05
   5.2800000e+02   0.0000000e+00   4.0880152e-05
   5.2900000e+02   0.0000000e+00   4.0452245e-05
   5.3000000e+02   0.0000000e+00   4.0028817e-05
   5.3100000e+02   0.0000000e+00   3.9609821e-05
   5.3200000e+02   0.0000000e+00   3.9195210e-05
   5.3300000e+02   0.0000000e+00   3.8784940e-05
   5.3400000e+02   0.0000000e+00   3.8378964e-05
   5.3500000e+02   0.0000000e+00   3.7977238e-05
   5.3600000e+02   0.0000000e+00   3.7579716e-05
   5.3700000e+02   0.0000000e+00   3.7186356e-05
   5.3800000e+02   0.0000000e+00   3.6797113e-05
   5.3900000e+02   0.0000000e+00   3.6411944e-05
   5.4000000e+02   0.0000000e+00   3.6030807e-05
   5.4100000e+02   0.0000000e+00   3.5653660e-05
   5.4200000e+02   0.0000000e+00   3.5280460e-05
   5.4300000e+02   0.0000000e+00   3.4911167e-05
   5.4400000e+02   0.0000000e+00   3.4545739e-05
   5.4500000e+02   0.0000000e+00   3.4184136e-05
   5.4600000e+02   0.0000000e+00   3.3826319e-05
   5.4700000e+02   0.0000000e+00   3.3472246e-05
   5.4800000e+02   0.0000000e+00   3.3121880e-05
   5.4900000e+02   0.0000000e+00   3.2775182e-05
   5.5000000e+02   0.0000000e+00   3.2432112e-05
   5.5100000e+02   0.0000000e+00   3.2092633e-05
   5.5200000e+02   0.0000000e+00   3.1756708e-05
   5.5300000e+02   0.0000000e+00   3.1424299e-05
   5.5400000e+02   0.0000000e+00   3.1095370e-05
   5.5500000e+02   0.0000000e+00   3.0769884e-05
   5.5600000e+02   0.0000000e+00   3.0447804e-05
   5.5700000e+02   0.0000000e+00   3.0129096e-05
   5.5800000e+02   0.0000000e+00   2.9813724e-05
   5.5900000e+02   0.0000000e+00   2.9501653e-05
   5.6000000e+02   0.0000000e+00   2.9192848e-05
   5.6100000e+02   0.0000000e+00   2.8887276e-05
   5.6200000e+02   0.0000000e+00   2.8584903e-05
   5.6300000e+02   0.0000000e+00   2.8285694e-05
   5.6400000e+02   1.0000000e+00   2.7989618e-05
