   1.0000000e+00   7.0000000e+00   1.0483463e-02
   2.0000000e+00   8.0000000e+00   1.0373560e-02
   3.0000000e+00   6.0000000e+00   1.0264809e-02
   4.0000000e+00   8.0000000e+00   1.0157198e-02
   5.0000000e+00   2.0000000e+00   1.0050716e-02
   6.0000000e+00   3.0000000e+00   9.9453492e-03
   7.0000000e+00   3.0000000e+00   9.8410875e-03
   8.0000000e+00   3.0000000e+00   9.7379189e-03
   9.0000000e+00   7.0000000e+00   9.6358318e-03
   1.0000000e+01   6.0000000e+00   9.5348149e-03
   1.1000000e+01   8.0000000e+00   9.4348570e-03
   1.2000000e+01   6.0000000e+00   9.3359470e-03
   1.3000000e+01   9.0000000e+00   9.2380740e-03
   1.4000000e+01   4.0000000e+00   9.1412270e-03
   1.5000000e+01   1.0000000e+00   9.0453953e-03
   1.6000000e+01   2.0000000e+00   8.9505682e-03
   1.7000000e+01   8.0000000e+00   8.8567352e-03
   1.8000000e+01   1.0000000e+00   8.7638860e-03
   1.9000000e+01   0.0000000e+00   8.6720101e-03
   2.0000000e+01   1.0000000e+00   8.5810974e-03
   2.1000000e+01   6.0000000e+00   8.4911378e-03
   2.2000000e+01   5.0000000e+00   8.4021213e-03
   2.3000000e+01   5.0000000e+00   8.3140380e-03
   2.4000000e+01   2.0000000e+00   8.2268781e-03
   2.5000000e+01   8.0000000e+00   8.1406319e-03
   2.6000000e+01   2.0000000e+00   8.0552899e-03
   2.7000000e+01   3.0000000e+00   7.9708425e-03
   2.8000000e+01   0.0000000e+00   7.8872805e-03
   2.9000000e+01   3.0000000e+00   7.8045945e-03
   3.0000000e+01   2.0000000e+00   7.7227753e-03
   3.1000000e+01   5.0000000e+00   7.6418139e-03
   3.2000000e+01   3.0000000e+00   7.5617012e-03
   3.3000000e+01   3.0000000e+00   7.4824284e-03
   3.4000000e+01   3.0000000e+00   7.4039867e-03
   3.5000000e+01   2.0000000e+00   7.3263672e-03
   3.6000000e+01   4.0000000e+00   7.2495615e-03
   3.7000000e+01   4.0000000e+00   7.1735610e-03
   3.8000000e+01   5.0000000e+00   7.0983573e-03
   3.9000000e+01   1.0000000e+00   7.0239419e-03
   4.0000000e+01   2.0000000e+00   6.9503067e-03
   4.1000000e+01   3.0000000e+00   6.8774434e-03
   4.2000000e+01   1.0000000e+00   6.8053440e-03
   4.3000000e+01   5.0000000e+00   6.7340004e-03
   4.4000000e+01   4.0000000e+00   6.6634048e-03
   4.5000000e+01   6.0000000e+00   6.5935492e-03
   4.6000000e+01   2.0000000e+00   6.5244260e-03
   4.7000000e+01   6.0000000e+00   6.4560274e-03
   4.8000000e+01   5.0000000e+00   6.3883459e-03
   4.9000000e+01   3.0000000e+00   6.3213739e-03
   5.0000000e+01   4.0000000e+00   6.2551040e-03
   5.1000000e+01   2.0000000e+00   6.1895289e-03
   5.2000000e+01   4.0000000e+00   6.1246412e-03
   5.3000000e+01   3.0000000e+00   6.0604337e-03
   5.4000000e+01   2.0000000e+00   5.9968994e-03
   5.5000000e+01   3.0000000e+00   5.9340311e-03
   5.6000000e+01   5.0000000e+00   5.8718219e-03
   5.7000000e+01   5.0000000e+00   5.8102649e-03
   5.8000000e+01   6.0000000e+00   5.7493532e-03
   5.9000000e+01   1.0000000e+00   5.6890801e-03
   6.0000000e+01   2.0000000e+00   5.6294388e-03
   6.1000000e+01   2.0000000e+00   5.5704228e-03
   6.2000000e+01   4.0000000e+00   5.5120255e-03
   6.3000000e+01   4.0000000e+00   5.4542404e-03
   6.4000000e+01   3.0000000e+00   5.3970610e-03
   6.5000000e+01   1.0000000e+00   5.3404812e-03
   6.6000000e+01   3.0000000e+00   5.2844944e-03
   6.7000000e+01   2.0000000e+00   5.2290946e-03
   6.8000000e+01   3.0000000e+00   5.1742756e-03
   6.9000000e+01   3.0000000e+00   5.1200313e-03
   7.0000000e+01   5.0000000e+00   5.0663556e-03
   7.1000000e+01   4.0000000e+00   5.0132427e-03
   7.2000000e+01   1.0000000e+00   4.9606865e-03
   7.3000000e+01   2.0000000e+00   4.9086813e-03
   7.4000000e+01   0.0000000e+00   4.8572214e-03
   7.5000000e+01   4.0000000e+00   4.8063009e-03
   7.6000000e+01   0.0000000e+00   4.7559142e-03
   7.7000000e+01   2.0000000e+00   4.7060557e-03
   7.8000000e+01   2.0000000e+00   4.6567200e-03
   7.9000000e+01   5.0000000e+00   4.6079014e-03
   8.0000000e+01   3.0000000e+00   4.5595947e-03
   8.1000000e+01   0.0000000e+00   4.5117943e-03
   8.2000000e+01   0.0000000e+00   4.4644951e-03
   8.3000000e+01   3.0000000e+00   4.4176917e-03
   8.4000000e+01   1.0000000e+00   4.3713790e-03
   8.5000000e+01   0.0000000e+00   4.3255518e-03
   8.6000000e+01   2.0000000e+00   4.2802051e-03
   8.7000000e+01   0.0000000e+00   4.2353337e-03
   8.8000000e+01   2.0000000e+00   4.1909327e-03
   8.9000000e+01   1.0000000e+00   4.1469973e-03
   9.0000000e+01   2.0000000e+00   4.1035224e-03
   9.1000000e+01   2.0000000e+00   4.0605032e-03
   9.2000000e+01   3.0000000e+00   4.0179351e-03
   9.3000000e+01   4.0000000e+00   3.9758132e-03
   9.4000000e+01   2.0000000e+00   3.9341329e-03
   9.5000000e+01   6.0000000e+00   3.8928896e-03
   9.6000000e+01   1.0000000e+00   3.8520786e-03
   9.7000000e+01   2.0000000e+00   3.8116955e-03
   9.8000000e+01   0.0000000e+00   3.7717358e-03
   9.9000000e+01   1.0000000e+00   3.7321949e-03
   1.0000000e+02   3.0000000e+00   3.6930686e-03
   1.0100000e+02   1.0000000e+00   3.6543524e-03
   1.0200000e+02   2.0000000e+00   3.6160422e-03
   1.0300000e+02   2.0000000e+00   3.5781335e-03
   1.0400000e+02   3.0000000e+00   3.5406223e-03
   1.0500000e+02   0.0000000e+00   3.5035043e-03
   1.0600000e+02   0.0000000e+00   3.4667755e-03
   1.0700000e+02   2.0000000e+00   3.4304316e-03
   1.0800000e+02   2.0000000e+00   3.3944688e-03
   1.0900000e+02   1.0000000e+00   3.3588831e-03
   1.1000000e+02   2.0000000e+00   3.3236703e-03
   1.1100000e+02   2.0000000e+00   3.2888268e-03
   1.1200000e+02   0.0000000e+00   3.2543485e-03
   1.1300000e+02   1.0000000e+00   3.2202316e-03
   1.1400000e+02   1.0000000e+00   3.1864724e-03
   1.1500000e+02   1.0000000e+00   3.1530672e-03
   1.1600000e+02   2.0000000e+00   3.1200121e-03
   1.1700000e+02   2.0000000e+00   3.0873036e-03
   1.1800000e+02   1.0000000e+00   3.0549380e-03
   1.1900000e+02   1.0000000e+00   3.0229116e-03
   1.2000000e+02   0.0000000e+00   2.9912210e-03
   1.2100000e+02   1.0000000e+00   2.9598627e-03
   1.2200000e+02   1.0000000e+00   2.9288331e-03
   1.2300000e+02   3.0000000e+00   2.8981288e-03
   1.2400000e+02   0.0000000e+00   2.8677463e-03
   1.2500000e+02   1.0000000e+00   2.8376824e-03
   1.2600000e+02   3.0000000e+00   2.8079337e-03
   1.2700000e+02   2.0000000e+00   2.7784968e-03
   1.2800000e+02   2.0000000e+00   2.7493686e-03
   1.2900000e+02   1.0000000e+00   2.7205457e-03
   1.3000000e+02   2.0000000e+00   2.6920249e-03
   1.3100000e+02   2.0000000e+00   2.6638032e-03
   1.3200000e+02   2.0000000e+00   2.6358773e-03
   1.3300000e+02   2.0000000e+00   2.6082442e-03
   1.3400000e+02   2.0000000e+00   2.5809007e-03
   1.3500000e+02   2.0000000e+00   2.5538440e-03
   1.3600000e+02   1.0000000e+00   2.5270708e-03
   1.3700000e+02   1.0000000e+00   2.5005784e-03
   1.3800000e+02   2.0000000e+00   2.4743637e-03
   1.3900000e+02   2.0000000e+00   2.4484238e-03
   1.4000000e+02   1.0000000e+00   2.4227558e-03
   1.4100000e+02   0.0000000e+00   2.3973569e-03
   1.4200000e+02   1.0000000e+00   2.3722243e-03
   1.4300000e+02   1.0000000e+00   2.3473552e-03
   1.4400000e+02   1.0000000e+00   2.3227468e-03
   1.4500000e+02   0.0000000e+00   2.2983964e-03
   1.4600000e+02   2.0000000e+00   2.2743012e-03
   1.4700000e+02   1.0000000e+00   2.2504587e-03
   1.4800000e+02   1.0000000e+00   2.2268661e-03
   1.4900000e+02   0.0000000e+00   2.2035208e-03
   1.5000000e+02   1.0000000e+00   2.1804203e-03
   1.5100000e+02   2.0000000e+00   2.1575619e-03
   1.5200000e+02   2.0000000e+00   2.1349432e-03
   1.5300000e+02   0.0000000e+00   2.1125616e-03
   1.5400000e+02   1.0000000e+00   2.0904146e-03
   1.5500000e+02   1.0000000e+00   2.0684999e-03
   1.5600000e+02   4.0000000e+00   2.0468148e-03
   1.5700000e+02   0.0000000e+00   2.0253571e-03
   1.5800000e+02   0.0000000e+00   2.0041243e-03
   1.5900000e+02   0.0000000e+00   1.9831142e-03
   1.6000000e+02   2.0000000e+00   1.9623243e-03
   1.6100000e+02   2.0000000e+00   1.9417523e-03
   1.6200000e+02   0.0000000e+00   1.9213960e-03
   1.6300000e+02   1.0000000e+00   1.9012532e-03
   1.6400000e+02   1.0000000e+00   1.8813214e-03
   1.6500000e+02   1.0000000e+00   1.8615987e-03
   1.6600000e+02   0.0000000e+00   1.8420827e-03
   1.6700000e+02   1.0000000e+00   1.8227713e-03
   1.6800000e+02   0.0000000e+00   1.8036623e-03
   1.6900000e+02   2.0000000e+00   1.7847537e-03
   1.7000000e+02   1.0000000e+00   1.7660433e-03
   1.7100000e+02   1.0000000e+00   1.7475290e-03
   1.7200000e+02   3.0000000e+00   1.7292089e-03
   1.7300000e+02   0.0000000e+00   1.7110808e-03
   1.7400000e+02   0.0000000e+00   1.6931427e-03
   1.7500000e+02   0.0000000e+00   1.6753927e-03
   1.7600000e+02   1.0000000e+00   1.6578288e-03
   1.7700000e+02   1.0000000e+00   1.6404490e-03
   1.7800000e+02   0.0000000e+00   1.6232514e-03
   1.7900000e+02   0.0000000e+00   1.6062342e-03
   1.8000000e+02   0.0000000e+00   1.5893953e-03
   1.8100000e+02   2.0000000e+00   1.5727329e-03
   1.8200000e+02   1.0000000e+00   1.5562452e-03
   1.8300000e+02   1.0000000e+00   1.5399304e-03
   1.8400000e+02   0.0000000e+00   1.5237866e-03
   1.8500000e+02   1.0000000e+00   1.5078120e-03
   1.8600000e+02   0.0000000e+00   1.4920049e-03
   1.8700000e+02   1.0000000e+00   1.4763635e-03
   1.8800000e+02   2.0000000e+00   1.4608861e-03
   1.8900000e+02   1.0000000e+00   1.4455710e-03
   1.9000000e+02   0.0000000e+00   1.4304164e-03
   1.9100000e+02   3.0000000e+00   1.4154207e-03
   1.9200000e+02   1.0000000e+00   1.4005822e-03
   1.9300000e+02   1.0000000e+00   1.3858992e-03
   1.9400000e+02   0.0000000e+00   1.3713702e-03
   1.9500000e+02   2.0000000e+00   1.3569935e-03
   1.9600000e+02   0.0000000e+00   1.3427675e-03
   1.9700000e+02   0.0000000e+00   1.3286906e-03
   1.9800000e+02   0.0000000e+00   1.3147614e-03
   1.9900000e+02   1.0000000e+00   1.3009781e-03
   2.0000000e+02   1.0000000e+00   1.2873394e-03
   2.0100000e+02   0.0000000e+00   1.2738436e-03
   2.0200000e+02   1.0000000e+00   1.2604893e-03
   2.0300000e+02   0.0000000e+00   1.2472750e-03
   2.0400000e+02   1.0000000e+00   1.2341992e-03
   2.0500000e+02   0.0000000e+00   1.2212606e-03
   2.0600000e+02   1.0000000e+00   1.2084575e-03
   2.0700000e+02   1.0000000e+00   1.1957887e-03
   2.0800000e+02   0.0000000e+00   1.1832527e-03
   2.0900000e+02   3.0000000e+00   1.1708481e-03
   2.1000000e+02   0.0000000e+00   1.1585736e-03
   2.1100000e+02   2.0000000e+00   1.1464277e-03
   2.1200000e+02   0.0000000e+00   1.1344092e-03
   2.1300000e+02   0.0000000e+00   1.1225166e-03
   2.1400000e+02   0.0000000e+00   1.1107488e-03
   2.1500000e+02   0.0000000e+00   1.0991043e-03
   2.1600000e+02   1.0000000e+00   1.0875819e-03
   2.1700000e+02   1.0000000e+00   1.0761802e-03
   2.1800000e+02   1.0000000e+00   1.0648981e-03
   2.1900000e+02   0.0000000e+00   1.0537343e-03
   2.2000000e+02   0.0000000e+00   1.0426875e-03
   2.2100000e+02   1.0000000e+00   1.0317566e-03
   2.2200000e+02   0.0000000e+00   1.0209402e-03
   2.2300000e+02   0.0000000e+00   1.0102372e-03
   2.2400000e+02   0.0000000e+00   9.9964641e-04
   2.2500000e+02   0.0000000e+00   9.8916665e-04
   2.2600000e+02   1.0000000e+00   9.7879676e-04
   2.2700000e+02   0.0000000e+00   9.6853558e-04
   2.2800000e+02   0.0000000e+00   9.5838197e-04
   2.2900000e+02   1.0000000e+00   9.4833481e-04
   2.3000000e+02   1.0000000e+00   9.3839298e-04
   2.3100000e+02   1.0000000e+00   9.2855537e-04
   2.3200000e+02   1.0000000e+00   9.1882090e-04
   2.3300000e+02   2.0000000e+00   9.0918847e-04
   2.3400000e+02   0.0000000e+00   8.9965703e-04
   2.3500000e+02   1.0000000e+00   8.9022551e-04
   2.3600000e+02   2.0000000e+00   8.8089286e-04
   2.3700000e+02   1.0000000e+00   8.7165805e-04
   2.3800000e+02   0.0000000e+00   8.6252006e-04
   2.3900000e+02   1.0000000e+00   8.5347786e-04
   2.4000000e+02   0.0000000e+00   8.4453046e-04
   2.4100000e+02   0.0000000e+00   8.3567686e-04
   2.4200000e+02   0.0000000e+00   8.2691607e-04
   2.4300000e+02   0.0000000e+00   8.1824712e-04
   2.4400000e+02   0.0000000e+00   8.0966906e-04
   2.4500000e+02   1.0000000e+00   8.0118093e-04
   2.4600000e+02   1.0000000e+00   7.9278178e-04
   2.4700000e+02   0.0000000e+00   7.8447068e-04
   2.4800000e+02   0.0000000e+00   7.7624671e-04
   2.4900000e+02   0.0000000e+00   7.6810895e-04
   2.5000000e+02   0.0000000e+00   7.6005651e-04
   2.5100000e+02   0.0000000e+00   7.5208849e-04
   2.5200000e+02   0.0000000e+00   7.4420400e-04
   2.5300000e+02   1.0000000e+00   7.3640216e-04
   2.5400000e+02   0.0000000e+00   7.2868212e-04
   2.5500000e+02   1.0000000e+00   7.2104301e-04
   2.5600000e+02   0.0000000e+00   7.1348398e-04
   2.5700000e+02   1.0000000e+00   7.0600420e-04
   2.5800000e+02   0.0000000e+00   6.9860283e-04
   2.5900000e+02   1.0000000e+00   6.9127905e-04
   2.6000000e+02   1.0000000e+00   6.8403205e-04
   2.6100000e+02   1.0000000e+00   6.7686103e-04
   2.6200000e+02   0.0000000e+00   6.6976518e-04
   2.6300000e+02   0.0000000e+00   6.6274372e-04
   2.6400000e+02   2.0000000e+00   6.5579587e-04
   2.6500000e+02   2.0000000e+00   6.4892086e-04
   2.6600000e+02   0.0000000e+00   6.4211792e-04
   2.6700000e+02   0.0000000e+00   6.3538630e-04
   2.6800000e+02   1.0000000e+00   6.2872526e-04
   2.6900000e+02   0.0000000e+00   6.2213404e-04
   2.7000000e+02   1.0000000e+00   6.1561192e-04
   2.7100000e+02   0.0000000e+00   6.0915817e-04
   2.7200000e+02   0.0000000e+00   6.0277209e-04
   2.7300000e+02   0.0000000e+00   5.9645295e-04
   2.7400000e+02   0.0000000e+00   5.9020006e-04
   2.7500000e+02   0.0000000e+00   5.8401272e-04
   2.7600000e+02   0.0000000e+00   5.7789024e-04
   2.7700000e+02   0.0000000e+00   5.7183195e-04
   2.7800000e+02   0.0000000e+00   5.6583717e-04
   2.7900000e+02   0.0000000e+00   5.5990524e-04
   2.8000000e+02   0.0000000e+00   5.5403549e-04
   2.8100000e+02   0.0000000e+00   5.4822728e-04
   2.8200000e+02   0.0000000e+00   5.4247996e-04
   2.8300000e+02   0.0000000e+00   5.3679289e-04
   2.8400000e+02   0.0000000e+00   5.3116545e-04
   2.8500000e+02   0.0000000e+00   5.2559699e-04
   2.8600000e+02   2.0000000e+00   5.2008692e-04
   2.8700000e+02   1.0000000e+00   5.1463460e-04
   2.8800000e+02   0.0000000e+00   5.0923945e-04
   2.8900000e+02   0.0000000e+00   5.0390086e-04
   2.9000000e+02   0.0000000e+00   4.9861823e-04
   2.9100000e+02   1.0000000e+00   4.9339099e-04
   2.9200000e+02   1.0000000e+00   4.8821854e-04
   2.9300000e+02   0.0000000e+00   4.8310032e-04
   2.9400000e+02   0.0000000e+00   4.7803576e-04
   2.9500000e+02   1.0000000e+00   4.7302429e-04
   2.9600000e+02   0.0000000e+00   4.6806535e-04
   2.9700000e+02   0.0000000e+00   4.6315841e-04
   2.9800000e+02   0.0000000e+00   4.5830290e-04
   2.9900000e+02   0.0000000e+00   4.5349830e-04
   3.0000000e+02   2.0000000e+00   4.4874407e-04
   3.0100000e+02   0.0000000e+00   4.4403968e-04
   3.0200000e+02   0.0000000e+00   4.3938460e-04
   3.0300000e+02   0.0000000e+00   4.3477833e-04
   3.0400000e+02   0.0000000e+00   4.3022035e-04
   3.0500000e+02   1.0000000e+00   4.2571015e-04
   3.0600000e+02   0.0000000e+00   4.2124723e-04
   3.0700000e+02   0.0000000e+00   4.1683111e-04
   3.0800000e+02   0.0000000e+00   4.1246127e-04
   3.0900000e+02   1.0000000e+00   4.0813725e-04
   3.1000000e+02   1.0000000e+00   4.0385856e-04
   3.1100000e+02   0.0000000e+00   3.9962472e-04
   3.1200000e+02   0.0000000e+00   3.9543527e-04
   3.1300000e+02   0.0000000e+00   3.9128974e-04
   3.1400000e+02   1.0000000e+00   3.8718767e-04
   3.1500000e+02   0.0000000e+00   3.8312860e-04
   3.1600000e+02   0.0000000e+00   3.7911209e-04
   3.1700000e+02   0.0000000e+00   3.7513768e-04
   3.1800000e+02   0.0000000e+00   3.7120494e-04
   3.1900000e+02   0.0000000e+00   3.6731342e-04
   3.2000000e+02   0.0000000e+00   3.6346271e-04
   3.2100000e+02   0.0000000e+00   3.5965236e-04
   3.2200000e+02   0.0000000e+00   3.5588196e-04
   3.2300000e+02   0.0000000e+00   3.5215108e-04
   3.2400000e+02   0.0000000e+00   3.4845932e-04
   3.2500000e+02   0.0000000e+00   3.4480626e-04
   3.2600000e+02   1.0000000e+00   3.4119150e-04
   3.2700000e+02   0.0000000e+00   3.3761463e-04
   3.2800000e+02   0.0000000e+00   3.3407526e-04
   3.2900000e+02   0.0000000e+00   3.3057299e-04
   3.3000000e+02   0.0000000e+00   3.2710744e-04
   3.3100000e+02   0.0000000e+00   3.2367822e-04
   3.3200000e+02   0.0000000e+00   3.2028495e-04
   3.3300000e+02   0.0000000e+00   3.1692726e-04
   3.3400000e+02   1.0000000e+00   3.1360476e-04
   3.3500000e+02   0.0000000e+00   3.1031710e-04
   3.3600000e+02   0.0000000e+00   3.0706390e-04
   3.3700000e+02   0.0000000e+00   3.0384481e-04
   3.3800000e+02   0.0000000e+00   3.0065946e-04
   3.3900000e+02   0.0000000e+00   2.9750751e-04
   3.4000000e+02   0.0000000e+00   2.9438860e-04
   3.4100000e+02   1.0000000e+00   2.9130239e-04
   3.4200000e+02   0.0000000e+00   2.8824853e-04
   3.4300000e+02   0.0000000e+00   2.8522669e-04
   3.4400000e+02   0.0000000e+00   2.8223653e-04
   3.4500000e+02   0.0000000e+00   2.7927771e-04
   3.4600000e+02   0.0000000e+00   2.7634991e-04
   3.4700000e+02   0.0000000e+00   2.7345281e-04
   3.4800000e+02   0.0000000e+00   2.7058608e-04
   3.4900000e+02   0.0000000e+00   2.6774940e-04
   3.5000000e+02   0.0000000e+00   2.6494246e-04
   3.5100000e+02   0.0000000e+00   2.6216494e-04
   3.5200000e+02   0.0000000e+00   2.5941655e-04
   3.5300000e+02   0.0000000e+00   2.5669696e-04
   3.5400000e+02   0.0000000e+00   2.5400589e-04
   3.5500000e+02   0.0000000e+00   2.5134303e-04
   3.5600000e+02   0.0000000e+00   2.4870808e-04
   3.5700000e+02   0.0000000e+00   2.4610076e-04
   3.5800000e+02   0.0000000e+00   2.4352077e-04
   3.5900000e+02   0.0000000e+00   2.4096783e-04
   3.6000000e+02   0.0000000e+00   2.3844165e-04
   3.6100000e+02   0.0000000e+00   2.3594196e-04
   3.6200000e+02   0.0000000e+00   2.3346847e-04
   3.6300000e+02   0.0000000e+00   2.3102091e-04
   3.6400000e+02   0.0000000e+00   2.2859901e-04
   3.6500000e+02   0.0000000e+00   2.2620251e-04
   3.6600000e+02   1.0000000e+00   2.2383112e-04
   3.6700000e+02   0.0000000e+00   2.2148459e-04
   3.6800000e+02   0.0000000e+00   2.1916267e-04
   3.6900000e+02   0.0000000e+00   2.1686509e-04
   3.7000000e+02   0.0000000e+00   2.1459159e-04
   3.7100000e+02   0.0000000e+00   2.1234193e-04
   3.7200000e+02   0.0000000e+00   2.1011585e-04
   3.7300000e+02   0.0000000e+00   2.0791311e-04
   3.7400000e+02   0.0000000e+00   2.0573346e-04
   3.7500000e+02   1.0000000e+00   2.0357666e-04
   3.7600000e+02   0.0000000e+00   2.0144247e-04
   3.7700000e+02   0.0000000e+00   1.9933065e-04
   3.7800000e+02   0.0000000e+00   1.9724098e-04
   3.7900000e+02   0.0000000e+00   1.9517321e-04
   3.8000000e+02   1.0000000e+00   1.9312712e-04
   3.8100000e+02   0.0000000e+00   1.9110248e-04
   3.8200000e+02   0.0000000e+00   1.8909906e-04
   3.8300000e+02   0.0000000e+00   1.8711665e-04
   3.8400000e+02   1.0000000e+00   1.8515502e-04
   3.8500000e+02   0.0000000e+00   1.8321395e-04
   3.8600000e+02   0.0000000e+00   1.8129324e-04
   3.8700000e+02   0.0000000e+00   1.7939266e-04
   3.8800000e+02   0.0000000e+00   1.7751200e-04
   3.8900000e+02   0.0000000e+00   1.7565106e-04
   3.9000000e+02   0.0000000e+00   1.7380963e-04
   3.9100000e+02   0.0000000e+00   1.7198750e-04
   3.9200000e+02   0.0000000e+00   1.7018448e-04
   3.9300000e+02   0.0000000e+00   1.6840035e-04
   3.9400000e+02   0.0000000e+00   1.6663494e-04
   3.9500000e+02   0.0000000e+00   1.6488802e-04
   3.9600000e+02   0.0000000e+00   1.6315943e-04
   3.9700000e+02   0.0000000e+00   1.6144895e-04
   3.9800000e+02   0.0000000e+00   1.5975641e-04
   3.9900000e+02   0.0000000e+00   1.5808161e-04
   4.0000000e+02   0.0000000e+00   1.5642436e-04
   4.0100000e+02   0.0000000e+00   1.5478449e-04
   4.0200000e+02   0.0000000e+00   1.5316182e-04
   4.0300000e+02   0.0000000e+00   1.5155615e-04
   4.0400000e+02   0.0000000e+00   1.4996732e-04
   4.0500000e+02   0.0000000e+00   1.4839514e-04
   4.0600000e+02   0.0000000e+00   1.4683945e-04
   4.0700000e+02   0.0000000e+00   1.4530006e-04
   4.0800000e+02   0.0000000e+00   1.4377681e-04
   4.0900000e+02   0.0000000e+00   1.4226953e-04
   4.1000000e+02   0.0000000e+00   1.4077806e-04
   4.1100000e+02   0.0000000e+00   1.3930221e-04
   4.1200000e+02   0.0000000e+00   1.3784185e-04
   4.1300000e+02   0.0000000e+00   1.3639679e-04
   4.1400000e+02   0.0000000e+00   1.3496687e-04
   4.1500000e+02   0.0000000e+00   1.3355195e-04
   4.1600000e+02   0.0000000e+00   1.3215187e-04
   4.1700000e+02   0.0000000e+00   1.3076646e-04
   4.1800000e+02   0.0000000e+00   1.2939557e-04
   4.1900000e+02   0.0000000e+00   1.2803906e-04
   4.2000000e+02   0.0000000e+00   1.2669677e-04
   4.2100000e+02   0.0000000e+00   1.2536855e-04
   4.2200000e+02   0.0000000e+00   1.2405425e-04
   4.2300000e+02   1.0000000e+00   1.2275373e-04
   4.2400000e+02   2.0000000e+00   1.2146685e-04
   4.2500000e+02   0.0000000e+00   1.2019345e-04
   4.2600000e+02   0.0000000e+00   1.1893341e-04
   4.2700000e+02   0.0000000e+00   1.1768658e-04
   4.2800000e+02   0.0000000e+00   1.1645281e-04
   4.2900000e+02   0.0000000e+00   1.1523198e-04
   4.3000000e+02   0.0000000e+00   1.1402395e-04
   4.3100000e+02   0.0000000e+00   1.1282859e-04
   4.3200000e+02   0.0000000e+00   1.1164575e-04
   4.3300000e+02   0.0000000e+00   1.1047532e-04
   4.3400000e+02   0.0000000e+00   1.0931716e-04
   4.3500000e+02   0.0000000e+00   1.0817113e-04
   4.3600000e+02   0.0000000e+00   1.0703713e-04
   4.3700000e+02   0.0000000e+00   1.0591501e-04
   4.3800000e+02   0.0000000e+00   1.0480465e-04
   4.3900000e+02   0.0000000e+00   1.0370593e-04
   4.4000000e+02   0.0000000e+00   1.0261874e-04
   4.4100000e+02   0.0000000e+00   1.0154294e-04
   4.4200000e+02   0.0000000e+00   1.0047842e-04
   4.4300000e+02   0.0000000e+00   9.9425054e-05
   4.4400000e+02   0.0000000e+00   9.8382736e-05
   4.4500000e+02   0.0000000e+00   9.7351344e-05
   4.4600000e+02   0.0000000e+00   9.6330765e-05
   4.4700000e+02   0.0000000e+00   9.5320885e-05
   4.4800000e+02   0.0000000e+00   9.4321592e-05
   4.4900000e+02   0.0000000e+00   9.3332775e-05
   4.5000000e+02   0.0000000e+00   9.2354324e-05
   4.5100000e+02   0.0000000e+00   9.1386131e-05
   4.5200000e+02   0.0000000e+00   9.0428088e-05
   4.5300000e+02   0.0000000e+00   8.9480089e-05
   4.5400000e+02   0.0000000e+00   8.8542027e-05
   4.5500000e+02   1.0000000e+00   8.7613800e-05
   4.5600000e+02   0.0000000e+00   8.6695304e-05
   4.5700000e+02   0.0000000e+00   8.5786437e-05
   4.5800000e+02   0.0000000e+00   8.4887098e-05
   4.5900000e+02   0.0000000e+00   8.3997188e-05
   4.6000000e+02   0.0000000e+00   8.3116606e-05
   4.6100000e+02   0.0000000e+00   8.2245256e-05
   4.6200000e+02   0.0000000e+00   8.1383041e-05
   4.6300000e+02   0.0000000e+00   8.0529865e-05
   4.6400000e+02   0.0000000e+00   7.9685633e-05
   4.6500000e+02   0.0000000e+00   7.8850252e-05
   4.6600000e+02   0.0000000e+00   7.8023628e-05
   4.6700000e+02   0.0000000e+00   7.7205671e-05
   4.6800000e+02   0.0000000e+00   7.6396288e-05
   4.6900000e+02   0.0000000e+00   7.5595390e-05
   4.7000000e+02   0.0000000e+00   7.4802889e-05
   4.7100000e+02   0.0000000e+00   7.4018695e-05
   4.7200000e+02   0.0000000e+00   7.3242723e-05
   4.7300000e+02   0.0000000e+00   7.2474886e-05
   4.7400000e+02   0.0000000e+00   7.1715098e-05
   4.7500000e+02   1.0000000e+00   7.0963276e-05
   4.7600000e+02   0.0000000e+00   7.0219335e-05
   4.7700000e+02   0.0000000e+00   6.9483193e-05
   4.7800000e+02   0.0000000e+00   6.8754768e-05
   4.7900000e+02   1.0000000e+00   6.8033980e-05
