   1.0000000e+00   2.0000000e+00   4.5964229e-03
   2.0000000e+00   2.0000000e+00   4.5752958e-03
   3.0000000e+00   2.0000000e+00   4.5542658e-03
   4.0000000e+00   1.0000000e+00   4.5333325e-03
   5.0000000e+00   1.0000000e+00   4.5124954e-03
   6.0000000e+00   2.0000000e+00   4.4917541e-03
   7.0000000e+00   2.0000000e+00   4.4711081e-03
   8.0000000e+00   3.0000000e+00   4.4505570e-03
   9.0000000e+00   0.0000000e+00   4.4301003e-03
   1.0000000e+01   4.0000000e+00   4.4097377e-03
   1.1000000e+01   5.0000000e+00   4.3894687e-03
   1.2000000e+01   0.0000000e+00   4.3692928e-03
   1.3000000e+01   1.0000000e+00   4.3492097e-03
   1.4000000e+01   1.0000000e+00   4.3292189e-03
   1.5000000e+01   1.0000000e+00   4.3093200e-03
   1.6000000e+01   1.0000000e+00   4.2895125e-03
   1.7000000e+01   3.0000000e+00   4.2697961e-03
   1.8000000e+01   1.0000000e+00   4.2501703e-03
   1.9000000e+01   4.0000000e+00   4.2306347e-03
   2.0000000e+01   2.0000000e+00   4.2111890e-03
   2.1000000e+01   1.0000000e+00   4.1918325e-03
   2.2000000e+01   2.0000000e+00   4.1725651e-03
   2.3000000e+01   1.0000000e+00   4.1533862e-03
   2.4000000e+01   3.0000000e+00   4.1342955e-03
   2.5000000e+01   4.0000000e+00   4.1152925e-03
   2.6000000e+01   3.0000000e+00   4.0963769e-03
   2.7000000e+01   3.0000000e+00   4.0775482e-03
   2.8000000e+01   2.0000000e+00   4.0588061e-03
   2.9000000e+01   2.0000000e+00   4.0401501e-03
   3.0000000e+01   4.0000000e+00   4.0215799e-03
   3.1000000e+01   1.0000000e+00   4.0030950e-03
   3.2000000e+01   3.0000000e+00   3.9846951e-03
   3.3000000e+01   2.0000000e+00   3.9663797e-03
   3.4000000e+01   2.0000000e+00   3.9481486e-03
   3.5000000e+01   2.0000000e+00   3.9300012e-03
   3.6000000e+01   4.0000000e+00   3.9119373e-03
   3.7000000e+01   2.0000000e+00   3.8939563e-03
   3.8000000e+01   2.0000000e+00   3.8760581e-03
   3.9000000e+01   2.0000000e+00   3.8582421e-03
   4.0000000e+01   2.0000000e+00   3.8405080e-03
   4.1000000e+01   1.0000000e+00   3.8228554e-03
   4.2000000e+01   3.0000000e+00   3.8052839e-03
   4.3000000e+01   2.0000000e+00   3.7877932e-03
   4.4000000e+01   2.0000000e+00   3.7703829e-03
   4.5000000e+01   4.0000000e+00   3.7530526e-03
   4.6000000e+01   2.0000000e+00   3.7358020e-03
   4.7000000e+01   5.0000000e+00   3.7186307e-03
   4.8000000e+01   3.0000000e+00   3.7015383e-03
   4.9000000e+01   1.0000000e+00   3.6845245e-03
   5.0000000e+01   1.0000000e+00   3.6675888e-03
   5.1000000e+01   3.0000000e+00   3.6507310e-03
   5.2000000e+01   1.0000000e+00   3.6339507e-03
   5.3000000e+01   2.0000000e+00   3.6172476e-03
   5.4000000e+01   0.0000000e+00   3.6006212e-03
   5.5000000e+01   0.0000000e+00   3.5840712e-03
   5.6000000e+01   2.0000000e+00   3.5675973e-03
   5.7000000e+01   0.0000000e+00   3.5511991e-03
   5.8000000e+01   2.0000000e+00   3.5348763e-03
   5.9000000e+01   3.0000000e+00   3.5186285e-03
   6.0000000e+01   0.0000000e+00   3.5024554e-03
   6.1000000e+01   2.0000000e+00   3.4863566e-03
   6.2000000e+01   0.0000000e+00   3.4703318e-03
   6.3000000e+01   0.0000000e+00   3.4543807e-03
   6.4000000e+01   1.0000000e+00   3.4385029e-03
   6.5000000e+01   1.0000000e+00   3.4226981e-03
   6.6000000e+01   1.0000000e+00   3.4069660e-03
   6.7000000e+01   3.0000000e+00   3.3913061e-03
   6.8000000e+01   0.0000000e+00   3.3757182e-03
   6.9000000e+01   2.0000000e+00   3.3602020e-03
   7.0000000e+01   0.0000000e+00   3.3447571e-03
   7.1000000e+01   6.0000000e+00   3.3293832e-03
   7.2000000e+01   0.0000000e+00   3.3140799e-03
   7.3000000e+01   1.0000000e+00   3.2988470e-03
   7.4000000e+01   1.0000000e+00   3.2836841e-03
   7.5000000e+01   1.0000000e+00   3.2685909e-03
   7.6000000e+01   3.0000000e+00   3.2535671e-03
   7.7000000e+01   0.0000000e+00   3.2386123e-03
   7.8000000e+01   1.0000000e+00   3.2237263e-03
   7.9000000e+01   3.0000000e+00   3.2089087e-03
   8.0000000e+01   1.0000000e+00   3.1941592e-03
   8.1000000e+01   1.0000000e+00   3.1794775e-03
   8.2000000e+01   2.0000000e+00   3.1648632e-03
   8.3000000e+01   3.0000000e+00   3.1503162e-03
   8.4000000e+01   1.0000000e+00   3.1358360e-03
   8.5000000e+01   2.0000000e+00   3.1214224e-03
   8.6000000e+01   0.0000000e+00   3.1070750e-03
   8.7000000e+01   3.0000000e+00   3.0927936e-03
   8.8000000e+01   1.0000000e+00   3.0785778e-03
   8.9000000e+01   0.0000000e+00   3.0644273e-03
   9.0000000e+01   0.0000000e+00   3.0503419e-03
   9.1000000e+01   2.0000000e+00   3.0363213e-03
   9.2000000e+01   3.0000000e+00   3.0223650e-03
   9.3000000e+01   2.0000000e+00   3.0084730e-03
   9.4000000e+01   1.0000000e+00   2.9946448e-03
   9.5000000e+01   2.0000000e+00   2.9808801e-03
   9.6000000e+01   0.0000000e+00   2.9671787e-03
   9.7000000e+01   1.0000000e+00   2.9535403e-03
   9.8000000e+01   2.0000000e+00   2.9399646e-03
   9.9000000e+01   0.0000000e+00   2.9264513e-03
   1.0000000e+02   2.0000000e+00   2.9130001e-03
   1.0100000e+02   2.0000000e+00   2.8996107e-03
   1.0200000e+02   2.0000000e+00   2.8862829e-03
   1.0300000e+02   1.0000000e+00   2.8730163e-03
   1.0400000e+02   1.0000000e+00   2.8598107e-03
   1.0500000e+02   1.0000000e+00   2.8466658e-03
   1.0600000e+02   0.0000000e+00   2.8335813e-03
   1.0700000e+02   3.0000000e+00   2.8205570e-03
   1.0800000e+02   1.0000000e+00   2.8075925e-03
   1.0900000e+02   2.0000000e+00   2.7946876e-03
   1.1000000e+02   0.0000000e+00   2.7818420e-03
   1.1100000e+02   3.0000000e+00   2.7690555e-03
   1.1200000e+02   4.0000000e+00   2.7563278e-03
   1.1300000e+02   2.0000000e+00   2.7436585e-03
   1.1400000e+02   2.0000000e+00   2.7310475e-03
   1.1500000e+02   2.0000000e+00   2.7184945e-03
   1.1600000e+02   2.0000000e+00   2.7059991e-03
   1.1700000e+02   1.0000000e+00   2.6935612e-03
   1.1800000e+02   2.0000000e+00   2.6811804e-03
   1.1900000e+02   3.0000000e+00   2.6688566e-03
   1.2000000e+02   0.0000000e+00   2.6565894e-03
   1.2100000e+02   0.0000000e+00   2.6443786e-03
   1.2200000e+02   1.0000000e+00   2.6322239e-03
   1.2300000e+02   2.0000000e+00   2.6201251e-03
   1.2400000e+02   2.0000000e+00   2.6080819e-03
   1.2500000e+02   1.0000000e+00   2.5960940e-03
   1.2600000e+02   1.0000000e+00   2.5841613e-03
   1.2700000e+02   2.0000000e+00   2.5722834e-03
   1.2800000e+02   2.0000000e+00   2.5604601e-03
   1.2900000e+02   1.0000000e+00   2.5486911e-03
   1.3000000e+02   1.0000000e+00   2.5369763e-03
   1.3100000e+02   2.0000000e+00   2.5253153e-03
   1.3200000e+02   1.0000000e+00   2.5137078e-03
   1.3300000e+02   0.0000000e+00   2.5021538e-03
   1.3400000e+02   1.0000000e+00   2.4906528e-03
   1.3500000e+02   0.0000000e+00   2.4792047e-03
   1.3600000e+02   1.0000000e+00   2.4678093e-03
   1.3700000e+02   2.0000000e+00   2.4564662e-03
   1.3800000e+02   0.0000000e+00   2.4451752e-03
   1.3900000e+02   0.0000000e+00   2.4339361e-03
   1.4000000e+02   2.0000000e+00   2.4227487e-03
   1.4100000e+02   0.0000000e+00   2.4116128e-03
   1.4200000e+02   1.0000000e+00   2.4005280e-03
   1.4300000e+02   1.0000000e+00   2.3894941e-03
   1.4400000e+02   0.0000000e+00   2.3785110e-03
   1.4500000e+02   0.0000000e+00   2.3675784e-03
   1.4600000e+02   0.0000000e+00   2.3566960e-03
   1.4700000e+02   0.0000000e+00   2.3458636e-03
   1.4800000e+02   2.0000000e+00   2.3350810e-03
   1.4900000e+02   1.0000000e+00   2.3243480e-03
   1.5000000e+02   0.0000000e+00   2.3136643e-03
   1.5100000e+02   0.0000000e+00   2.3030297e-03
   1.5200000e+02   1.0000000e+00   2.2924440e-03
   1.5300000e+02   1.0000000e+00   2.2819070e-03
   1.5400000e+02   2.0000000e+00   2.2714184e-03
   1.5500000e+02   2.0000000e+00   2.2609780e-03
   1.5600000e+02   2.0000000e+00   2.2505856e-03
   1.5700000e+02   0.0000000e+00   2.2402409e-03
   1.5800000e+02   1.0000000e+00   2.2299438e-03
   1.5900000e+02   2.0000000e+00   2.2196941e-03
   1.6000000e+02   1.0000000e+00   2.2094914e-03
   1.6100000e+02   1.0000000e+00   2.1993357e-03
   1.6200000e+02   0.0000000e+00   2.1892266e-03
   1.6300000e+02   0.0000000e+00   2.1791640e-03
   1.6400000e+02   1.0000000e+00   2.1691476e-03
   1.6500000e+02   0.0000000e+00   2.1591773e-03
   1.6600000e+02   1.0000000e+00   2.1492528e-03
   1.6700000e+02   1.0000000e+00   2.1393739e-03
   1.6800000e+02   1.0000000e+00   2.1295405e-03
   1.6900000e+02   0.0000000e+00   2.1197522e-03
   1.7000000e+02   1.0000000e+00   2.1100089e-03
   1.7100000e+02   2.0000000e+00   2.1003104e-03
   1.7200000e+02   0.0000000e+00   2.0906565e-03
   1.7300000e+02   1.0000000e+00   2.0810470e-03
   1.7400000e+02   1.0000000e+00   2.0714816e-03
   1.7500000e+02   0.0000000e+00   2.0619602e-03
   1.7600000e+02   0.0000000e+00   2.0524825e-03
   1.7700000e+02   2.0000000e+00   2.0430485e-03
   1.7800000e+02   1.0000000e+00   2.0336578e-03
   1.7900000e+02   2.0000000e+00   2.0243102e-03
   1.8000000e+02   1.0000000e+00   2.0150056e-03
   1.8100000e+02   0.0000000e+00   2.0057438e-03
   1.8200000e+02   0.0000000e+00   1.9965246e-03
   1.8300000e+02   1.0000000e+00   1.9873477e-03
   1.8400000e+02   0.0000000e+00   1.9782130e-03
   1.8500000e+02   0.0000000e+00   1.9691203e-03
   1.8600000e+02   0.0000000e+00   1.9600694e-03
   1.8700000e+02   2.0000000e+00   1.9510601e-03
   1.8800000e+02   0.0000000e+00   1.9420922e-03
   1.8900000e+02   5.0000000e+00   1.9331655e-03
   1.9000000e+02   0.0000000e+00   1.9242798e-03
   1.9100000e+02   1.0000000e+00   1.9154350e-03
   1.9200000e+02   1.0000000e+00   1.9066309e-03
   1.9300000e+02   2.0000000e+00   1.8978672e-03
   1.9400000e+02   2.0000000e+00   1.8891438e-03
   1.9500000e+02   2.0000000e+00   1.8804605e-03
   1.9600000e+02   1.0000000e+00   1.8718171e-03
   1.9700000e+02   1.0000000e+00   1.8632135e-03
   1.9800000e+02   1.0000000e+00   1.8546493e-03
   1.9900000e+02   1.0000000e+00   1.8461246e-03
   2.0000000e+02   1.0000000e+00   1.8376390e-03
   2.0100000e+02   0.0000000e+00   1.8291924e-03
   2.0200000e+02   1.0000000e+00   1.8207847e-03
   2.0300000e+02   0.0000000e+00   1.8124156e-03
   2.0400000e+02   1.0000000e+00   1.8040850e-03
   2.0500000e+02   0.0000000e+00   1.7957926e-03
   2.0600000e+02   0.0000000e+00   1.7875384e-03
   2.0700000e+02   1.0000000e+00   1.7793221e-03
   2.0800000e+02   2.0000000e+00   1.7711436e-03
   2.0900000e+02   3.0000000e+00   1.7630027e-03
   2.1000000e+02   0.0000000e+00   1.7548992e-03
   2.1100000e+02   0.0000000e+00   1.7468329e-03
   2.1200000e+02   0.0000000e+00   1.7388037e-03
   2.1300000e+02   2.0000000e+00   1.7308115e-03
   2.1400000e+02   1.0000000e+00   1.7228559e-03
   2.1500000e+02   0.0000000e+00   1.7149370e-03
   2.1600000e+02   1.0000000e+00   1.7070544e-03
   2.1700000e+02   1.0000000e+00   1.6992080e-03
   2.1800000e+02   2.0000000e+00   1.6913978e-03
   2.1900000e+02   0.0000000e+00   1.6836234e-03
   2.2000000e+02   0.0000000e+00   1.6758847e-03
   2.2100000e+02   1.0000000e+00   1.6681817e-03
   2.2200000e+02   2.0000000e+00   1.6605140e-03
   2.2300000e+02   1.0000000e+00   1.6528816e-03
   2.2400000e+02   3.0000000e+00   1.6452842e-03
   2.2500000e+02   2.0000000e+00   1.6377218e-03
   2.2600000e+02   0.0000000e+00   1.6301941e-03
   2.2700000e+02   1.0000000e+00   1.6227011e-03
   2.2800000e+02   0.0000000e+00   1.6152425e-03
   2.2900000e+02   0.0000000e+00   1.6078181e-03
   2.3000000e+02   0.0000000e+00   1.6004279e-03
   2.3100000e+02   1.0000000e+00   1.5930717e-03
   2.3200000e+02   1.0000000e+00   1.5857492e-03
   2.3300000e+02   0.0000000e+00   1.5784605e-03
   2.3400000e+02   1.0000000e+00   1.5712052e-03
   2.3500000e+02   2.0000000e+00   1.5639833e-03
   2.3600000e+02   2.0000000e+00   1.5567945e-03
   2.3700000e+02   1.0000000e+00   1.5496388e-03
   2.3800000e+02   0.0000000e+00   1.5425161e-03
   2.3900000e+02   0.0000000e+00   1.5354260e-03
   2.4000000e+02   0.0000000e+00   1.5283685e-03
   2.4100000e+02   0.0000000e+00   1.5213435e-03
   2.4200000e+02   1.0000000e+00   1.5143508e-03
   2.4300000e+02   1.0000000e+00   1.5073902e-03
   2.4400000e+02   0.0000000e+00   1.5004616e-03
   2.4500000e+02   0.0000000e+00   1.4935648e-03
   2.4600000e+02   1.0000000e+00   1.4866998e-03
   2.4700000e+02   0.0000000e+00   1.4798662e-03
   2.4800000e+02   0.0000000e+00   1.4730642e-03
   2.4900000e+02   0.0000000e+00   1.4662933e-03
   2.5000000e+02   0.0000000e+00   1.4595536e-03
   2.5100000e+02   1.0000000e+00   1.4528449e-03
   2.5200000e+02   1.0000000e+00   1.4461670e-03
   2.5300000e+02   0.0000000e+00   1.4395198e-03
   2.5400000e+02   0.0000000e+00   1.4329032e-03
   2.5500000e+02   1.0000000e+00   1.4263169e-03
   2.5600000e+02   0.0000000e+00   1.4197610e-03
   2.5700000e+02   0.0000000e+00   1.4132352e-03
   2.5800000e+02   0.0000000e+00   1.4067393e-03
   2.5900000e+02   1.0000000e+00   1.4002734e-03
   2.6000000e+02   3.0000000e+00   1.3938371e-03
   2.6100000e+02   1.0000000e+00   1.3874305e-03
   2.6200000e+02   2.0000000e+00   1.3810532e-03
   2.6300000e+02   2.0000000e+00   1.3747053e-03
   2.6400000e+02   0.0000000e+00   1.3683866e-03
   2.6500000e+02   1.0000000e+00   1.3620969e-03
   2.6600000e+02   2.0000000e+00   1.3558362e-03
   2.6700000e+02   1.0000000e+00   1.3496042e-03
   2.6800000e+02   0.0000000e+00   1.3434008e-03
   2.6900000e+02   0.0000000e+00   1.3372260e-03
   2.7000000e+02   0.0000000e+00   1.3310795e-03
   2.7100000e+02   1.0000000e+00   1.3249613e-03
   2.7200000e+02   2.0000000e+00   1.3188712e-03
   2.7300000e+02   0.0000000e+00   1.3128091e-03
   2.7400000e+02   1.0000000e+00   1.3067749e-03
   2.7500000e+02   2.0000000e+00   1.3007684e-03
   2.7600000e+02   3.0000000e+00   1.2947895e-03
   2.7700000e+02   0.0000000e+00   1.2888381e-03
   2.7800000e+02   0.0000000e+00   1.2829141e-03
   2.7900000e+02   1.0000000e+00   1.2770173e-03
   2.8000000e+02   2.0000000e+00   1.2711476e-03
   2.8100000e+02   0.0000000e+00   1.2653048e-03
   2.8200000e+02   2.0000000e+00   1.2594890e-03
   2.8300000e+02   0.0000000e+00   1.2536998e-03
   2.8400000e+02   1.0000000e+00   1.2479373e-03
   2.8500000e+02   3.0000000e+00   1.2422012e-03
   2.8600000e+02   3.0000000e+00   1.2364915e-03
   2.8700000e+02   0.0000000e+00   1.2308081e-03
   2.8800000e+02   0.0000000e+00   1.2251508e-03
   2.8900000e+02   0.0000000e+00   1.2195195e-03
   2.9000000e+02   1.0000000e+00   1.2139141e-03
   2.9100000e+02   2.0000000e+00   1.2083344e-03
   2.9200000e+02   3.0000000e+00   1.2027804e-03
   2.9300000e+02   0.0000000e+00   1.1972519e-03
   2.9400000e+02   0.0000000e+00   1.1917488e-03
   2.9500000e+02   1.0000000e+00   1.1862710e-03
   2.9600000e+02   1.0000000e+00   1.1808184e-03
   2.9700000e+02   1.0000000e+00   1.1753909e-03
   2.9800000e+02   1.0000000e+00   1.1699883e-03
   2.9900000e+02   0.0000000e+00   1.1646105e-03
   3.0000000e+02   0.0000000e+00   1.1592575e-03
   3.0100000e+02   2.0000000e+00   1.1539291e-03
   3.0200000e+02   0.0000000e+00   1.1486251e-03
   3.0300000e+02   2.0000000e+00   1.1433455e-03
   3.0400000e+02   0.0000000e+00   1.1380902e-03
   3.0500000e+02   1.0000000e+00   1.1328591e-03
   3.0600000e+02   0.0000000e+00   1.1276520e-03
   3.0700000e+02   0.0000000e+00   1.1224688e-03
   3.0800000e+02   1.0000000e+00   1.1173095e-03
   3.0900000e+02   1.0000000e+00   1.1121739e-03
   3.1000000e+02   0.0000000e+00   1.1070618e-03
   3.1100000e+02   1.0000000e+00   1.1019733e-03
   3.1200000e+02   1.0000000e+00   1.0969082e-03
   3.1300000e+02   0.0000000e+00   1.0918663e-03
   3.1400000e+02   0.0000000e+00   1.0868476e-03
   3.1500000e+02   0.0000000e+00   1.0818520e-03
   3.1600000e+02   1.0000000e+00   1.0768794e-03
   3.1700000e+02   0.0000000e+00   1.0719296e-03
   3.1800000e+02   1.0000000e+00   1.0670026e-03
   3.1900000e+02   1.0000000e+00   1.0620982e-03
   3.2000000e+02   0.0000000e+00   1.0572163e-03
   3.2100000e+02   2.0000000e+00   1.0523569e-03
   3.2200000e+02   1.0000000e+00   1.0475198e-03
   3.2300000e+02   0.0000000e+00   1.0427050e-03
   3.2400000e+02   0.0000000e+00   1.0379123e-03
   3.2500000e+02   0.0000000e+00   1.0331416e-03
   3.2600000e+02   1.0000000e+00   1.0283928e-03
   3.2700000e+02   0.0000000e+00   1.0236659e-03
   3.2800000e+02   0.0000000e+00   1.0189607e-03
   3.2900000e+02   0.0000000e+00   1.0142771e-03
   3.3000000e+02   1.0000000e+00   1.0096151e-03
   3.3100000e+02   1.0000000e+00   1.0049744e-03
   3.3200000e+02   1.0000000e+00   1.0003552e-03
   3.3300000e+02   1.0000000e+00   9.9575711e-04
   3.3400000e+02   1.0000000e+00   9.9118019e-04
   3.3500000e+02   1.0000000e+00   9.8662430e-04
   3.3600000e+02   0.0000000e+00   9.8208936e-04
   3.3700000e+02   0.0000000e+00   9.7757526e-04
   3.3800000e+02   1.0000000e+00   9.7308191e-04
   3.3900000e+02   0.0000000e+00   9.6860922e-04
   3.4000000e+02   1.0000000e+00   9.6415708e-04
   3.4100000e+02   1.0000000e+00   9.5972540e-04
   3.4200000e+02   0.0000000e+00   9.5531410e-04
   3.4300000e+02   0.0000000e+00   9.5092307e-04
   3.4400000e+02   0.0000000e+00   9.4655223e-04
   3.4500000e+02   0.0000000e+00   9.4220147e-04
   3.4600000e+02   0.0000000e+00   9.3787072e-04
   3.4700000e+02   0.0000000e+00   9.3355987e-04
   3.4800000e+02   0.0000000e+00   9.2926883e-04
   3.4900000e+02   0.0000000e+00   9.2499752e-04
   3.5000000e+02   2.0000000e+00   9.2074584e-04
   3.5100000e+02   0.0000000e+00   9.1651370e-04
   3.5200000e+02   0.0000000e+00   9.1230102e-04
   3.5300000e+02   1.0000000e+00   9.0810770e-04
   3.5400000e+02   1.0000000e+00   9.0393365e-04
   3.5500000e+02   0.0000000e+00   8.9977879e-04
   3.5600000e+02   0.0000000e+00   8.9564302e-04
   3.5700000e+02   1.0000000e+00   8.9152627e-04
   3.5800000e+02   0.0000000e+00   8.8742844e-04
   3.5900000e+02   1.0000000e+00   8.8334944e-04
   3.6000000e+02   0.0000000e+00   8.7928919e-04
   3.6100000e+02   0.0000000e+00   8.7524761e-04
   3.6200000e+02   0.0000000e+00   8.7122460e-04
   3.6300000e+02   0.0000000e+00   8.6722008e-04
   3.6400000e+02   0.0000000e+00   8.6323397e-04
   3.6500000e+02   1.0000000e+00   8.5926618e-04
   3.6600000e+02   1.0000000e+00   8.5531663e-04
   3.6700000e+02   0.0000000e+00   8.5138524e-04
   3.6800000e+02   2.0000000e+00   8.4747191e-04
   3.6900000e+02   0.0000000e+00   8.4357657e-04
   3.7000000e+02   0.0000000e+00   8.3969914e-04
   3.7100000e+02   0.0000000e+00   8.3583952e-04
   3.7200000e+02   0.0000000e+00   8.3199765e-04
   3.7300000e+02   1.0000000e+00   8.2817344e-04
   3.7400000e+02   0.0000000e+00   8.2436680e-04
   3.7500000e+02   0.0000000e+00   8.2057766e-04
   3.7600000e+02   0.0000000e+00   8.1680594e-04
   3.7700000e+02   2.0000000e+00   8.1305156e-04
   3.7800000e+02   0.0000000e+00   8.0931443e-04
   3.7900000e+02   0.0000000e+00   8.0559448e-04
   3.8000000e+02   1.0000000e+00   8.0189162e-04
   3.8100000e+02   1.0000000e+00   7.9820579e-04
   3.8200000e+02   0.0000000e+00   7.9453690e-04
   3.8300000e+02   0.0000000e+00   7.9088487e-04
   3.8400000e+02   0.0000000e+00   7.8724963e-04
   3.8500000e+02   0.0000000e+00   7.8363110e-04
   3.8600000e+02   0.0000000e+00   7.8002920e-04
   3.8700000e+02   1.0000000e+00   7.7644385e-04
   3.8800000e+02   0.0000000e+00   7.7287499e-04
   3.8900000e+02   0.0000000e+00   7.6932253e-04
   3.9000000e+02   1.0000000e+00   7.6578640e-04
   3.9100000e+02   0.0000000e+00   7.6226652e-04
   3.9200000e+02   0.0000000e+00   7.5876282e-04
   3.9300000e+02   0.0000000e+00   7.5527523e-04
   3.9400000e+02   0.0000000e+00   7.5180366e-04
   3.9500000e+02   0.0000000e+00   7.4834805e-04
   3.9600000e+02   1.0000000e+00   7.4490833e-04
   3.9700000e+02   1.0000000e+00   7.4148442e-04
   3.9800000e+02   0.0000000e+00   7.3807624e-04
   3.9900000e+02   0.0000000e+00   7.3468373e-04
   4.0000000e+02   0.0000000e+00   7.3130681e-04
   4.0100000e+02   0.0000000e+00   7.2794542e-04
   4.0200000e+02   0.0000000e+00   7.2459947e-04
   4.0300000e+02   0.0000000e+00   7.2126891e-04
   4.0400000e+02   0.0000000e+00   7.1795365e-04
   4.0500000e+02   0.0000000e+00   7.1465363e-04
   4.0600000e+02   0.0000000e+00   7.1136878e-04
   4.0700000e+02   0.0000000e+00   7.0809903e-04
   4.0800000e+02   1.0000000e+00   7.0484431e-04
   4.0900000e+02   0.0000000e+00   7.0160454e-04
   4.1000000e+02   1.0000000e+00   6.9837967e-04
   4.1100000e+02   0.0000000e+00   6.9516962e-04
   4.1200000e+02   2.0000000e+00   6.9197433e-04
   4.1300000e+02   0.0000000e+00   6.8879372e-04
   4.1400000e+02   1.0000000e+00   6.8562774e-04
   4.1500000e+02   0.0000000e+00   6.8247630e-04
   4.1600000e+02   1.0000000e+00   6.7933935e-04
   4.1700000e+02   0.0000000e+00   6.7621682e-04
   4.1800000e+02   0.0000000e+00   6.7310864e-04
   4.1900000e+02   0.0000000e+00   6.7001475e-04
   4.2000000e+02   0.0000000e+00   6.6693508e-04
   4.2100000e+02   0.0000000e+00   6.6386956e-04
   4.2200000e+02   0.0000000e+00   6.6081814e-04
   4.2300000e+02   1.0000000e+00   6.5778074e-04
   4.2400000e+02   0.0000000e+00   6.5475730e-04
   4.2500000e+02   0.0000000e+00   6.5174776e-04
   4.2600000e+02   1.0000000e+00   6.4875205e-04
   4.2700000e+02   0.0000000e+00   6.4577011e-04
   4.2800000e+02   0.0000000e+00   6.4280188e-04
   4.2900000e+02   0.0000000e+00   6.3984729e-04
   4.3000000e+02   0.0000000e+00   6.3690628e-04
   4.3100000e+02   1.0000000e+00   6.3397879e-04
   4.3200000e+02   0.0000000e+00   6.3106475e-04
   4.3300000e+02   0.0000000e+00   6.2816411e-04
   4.3400000e+02   0.0000000e+00   6.2527681e-04
   4.3500000e+02   0.0000000e+00   6.2240277e-04
   4.3600000e+02   1.0000000e+00   6.1954194e-04
   4.3700000e+02   0.0000000e+00   6.1669427e-04
   4.3800000e+02   0.0000000e+00   6.1385968e-04
   4.3900000e+02   0.0000000e+00   6.1103812e-04
   4.4000000e+02   1.0000000e+00   6.0822953e-04
   4.4100000e+02   0.0000000e+00   6.0543385e-04
   4.4200000e+02   0.0000000e+00   6.0265102e-04
   4.4300000e+02   0.0000000e+00   5.9988098e-04
   4.4400000e+02   0.0000000e+00   5.9712367e-04
   4.4500000e+02   0.0000000e+00   5.9437904e-04
   4.4600000e+02   0.0000000e+00   5.9164702e-04
   4.4700000e+02   1.0000000e+00   5.8892756e-04
   4.4800000e+02   0.0000000e+00   5.8622060e-04
   4.4900000e+02   0.0000000e+00   5.8352609e-04
   4.5000000e+02   0.0000000e+00   5.8084395e-04
   4.5100000e+02   1.0000000e+00   5.7817415e-04
   4.5200000e+02   0.0000000e+00   5.7551662e-04
   4.5300000e+02   0.0000000e+00   5.7287130e-04
   4.5400000e+02   1.0000000e+00   5.7023814e-04
   4.5500000e+02   1.0000000e+00   5.6761708e-04
   4.5600000e+02   0.0000000e+00   5.6500808e-04
   4.5700000e+02   0.0000000e+00   5.6241106e-04
   4.5800000e+02   0.0000000e+00   5.5982598e-04
   4.5900000e+02   0.0000000e+00   5.5725278e-04
   4.6000000e+02   0.0000000e+00   5.5469141e-04
   4.6100000e+02   0.0000000e+00   5.5214182e-04
   4.6200000e+02   0.0000000e+00   5.4960394e-04
   4.6300000e+02   1.0000000e+00   5.4707773e-04
   4.6400000e+02   1.0000000e+00   5.4456313e-04
   4.6500000e+02   0.0000000e+00   5.4206008e-04
   4.6600000e+02   3.0000000e+00   5.3956855e-04
   4.6700000e+02   0.0000000e+00   5.3708846e-04
   4.6800000e+02   1.0000000e+00   5.3461978e-04
   4.6900000e+02   0.0000000e+00   5.3216244e-04
   4.7000000e+02   0.0000000e+00   5.2971639e-04
   4.7100000e+02   0.0000000e+00   5.2728159e-04
   4.7200000e+02   0.0000000e+00   5.2485798e-04
   4.7300000e+02   1.0000000e+00   5.2244552e-04
   4.7400000e+02   0.0000000e+00   5.2004413e-04
   4.7500000e+02   0.0000000e+00   5.1765379e-04
   4.7600000e+02   0.0000000e+00   5.1527444e-04
   4.7700000e+02   0.0000000e+00   5.1290602e-04
   4.7800000e+02   0.0000000e+00   5.1054848e-04
   4.7900000e+02   0.0000000e+00   5.0820179e-04
   4.8000000e+02   1.0000000e+00   5.0586588e-04
   4.8100000e+02   2.0000000e+00   5.0354070e-04
   4.8200000e+02   0.0000000e+00   5.0122622e-04
   4.8300000e+02   0.0000000e+00   4.9892237e-04
   4.8400000e+02   1.0000000e+00   4.9662911e-04
   4.8500000e+02   0.0000000e+00   4.9434639e-04
   4.8600000e+02   0.0000000e+00   4.9207417e-04
   4.8700000e+02   0.0000000e+00   4.8981239e-04
   4.8800000e+02   0.0000000e+00   4.8756100e-04
   4.8900000e+02   0.0000000e+00   4.8531997e-04
   4.9000000e+02   0.0000000e+00   4.8308923e-04
   4.9100000e+02   0.0000000e+00   4.8086875e-04
   4.9200000e+02   0.0000000e+00   4.7865847e-04
   4.9300000e+02   0.0000000e+00   4.7645836e-04
   4.9400000e+02   0.0000000e+00   4.7426835e-04
   4.9500000e+02   0.0000000e+00   4.7208841e-04
   4.9600000e+02   0.0000000e+00   4.6991850e-04
   4.9700000e+02   1.0000000e+00   4.6775855e-04
   4.9800000e+02   0.0000000e+00   4.6560853e-04
   4.9900000e+02   0.0000000e+00   4.6346840e-04
   5.0000000e+02   0.0000000e+00   4.6133810e-04
   5.0100000e+02   0.0000000e+00   4.5921760e-04
   5.0200000e+02   0.0000000e+00   4.5710684e-04
   5.0300000e+02   0.0000000e+00   4.5500578e-04
   5.0400000e+02   0.0000000e+00   4.5291439e-04
   5.0500000e+02   0.0000000e+00   4.5083260e-04
   5.0600000e+02   1.0000000e+00   4.4876038e-04
   5.0700000e+02   1.0000000e+00   4.4669769e-04
   5.0800000e+02   0.0000000e+00   4.4464448e-04
   5.0900000e+02   0.0000000e+00   4.4260070e-04
   5.1000000e+02   1.0000000e+00   4.4056632e-04
   5.1100000e+02   0.0000000e+00   4.3854129e-04
   5.1200000e+02   1.0000000e+00   4.3652557e-04
   5.1300000e+02   0.0000000e+00   4.3451912e-04
   5.1400000e+02   0.0000000e+00   4.3252188e-04
   5.1500000e+02   0.0000000e+00   4.3053383e-04
   5.1600000e+02   0.0000000e+00   4.2855491e-04
   5.1700000e+02   0.0000000e+00   4.2658509e-04
   5.1800000e+02   0.0000000e+00   4.2462433e-04
   5.1900000e+02   0.0000000e+00   4.2267258e-04
   5.2000000e+02   0.0000000e+00   4.2072979e-04
   5.2100000e+02   0.0000000e+00   4.1879594e-04
   5.2200000e+02   0.0000000e+00   4.1687098e-04
   5.2300000e+02   0.0000000e+00   4.1495486e-04
   5.2400000e+02   0.0000000e+00   4.1304756e-04
   5.2500000e+02   1.0000000e+00   4.1114901e-04
   5.2600000e+02   0.0000000e+00   4.0925920e-04
   5.2700000e+02   0.0000000e+00   4.0737807e-04
   5.2800000e+02   0.0000000e+00   4.0550559e-04
   5.2900000e+02   1.0000000e+00   4.0364171e-04
   5.3000000e+02   1.0000000e+00   4.0178641e-04
   5.3100000e+02   0.0000000e+00   3.9993963e-04
   5.3200000e+02   0.0000000e+00   3.9810133e-04
   5.3300000e+02   1.0000000e+00   3.9627149e-04
   5.3400000e+02   0.0000000e+00   3.9445006e-04
   5.3500000e+02   0.0000000e+00   3.9263700e-04
   5.3600000e+02   0.0000000e+00   3.9083228e-04
   5.3700000e+02   1.0000000e+00   3.8903585e-04
   5.3800000e+02   1.0000000e+00   3.8724767e-04
   5.3900000e+02   1.0000000e+00   3.8546772e-04
   5.4000000e+02   2.0000000e+00   3.8369595e-04
   5.4100000e+02   2.0000000e+00   3.8193232e-04
   5.4200000e+02   0.0000000e+00   3.8017679e-04
   5.4300000e+02   1.0000000e+00   3.7842934e-04
   5.4400000e+02   0.0000000e+00   3.7668992e-04
   5.4500000e+02   0.0000000e+00   3.7495849e-04
   5.4600000e+02   0.0000000e+00   3.7323503e-04
   5.4700000e+02   0.0000000e+00   3.7151948e-04
   5.4800000e+02   1.0000000e+00   3.6981182e-04
   5.4900000e+02   0.0000000e+00   3.6811201e-04
   5.5000000e+02   0.0000000e+00   3.6642001e-04
   5.5100000e+02   0.0000000e+00   3.6473579e-04
   5.5200000e+02   0.0000000e+00   3.6305931e-04
   5.5300000e+02   0.0000000e+00   3.6139053e-04
   5.5400000e+02   1.0000000e+00   3.5972943e-04
   5.5500000e+02   1.0000000e+00   3.5807596e-04
   5.5600000e+02   0.0000000e+00   3.5643009e-04
   5.5700000e+02   0.0000000e+00   3.5479179e-04
   5.5800000e+02   0.0000000e+00   3.5316102e-04
   5.5900000e+02   0.0000000e+00   3.5153774e-04
   5.6000000e+02   0.0000000e+00   3.4992192e-04
   5.6100000e+02   0.0000000e+00   3.4831353e-04
   5.6200000e+02   1.0000000e+00   3.4671254e-04
   5.6300000e+02   0.0000000e+00   3.4511890e-04
   5.6400000e+02   1.0000000e+00   3.4353259e-04
   5.6500000e+02   0.0000000e+00   3.4195357e-04
   5.6600000e+02   0.0000000e+00   3.4038180e-04
   5.6700000e+02   0.0000000e+00   3.3881726e-04
   5.6800000e+02   0.0000000e+00   3.3725992e-04
   5.6900000e+02   0.0000000e+00   3.3570973e-04
   5.7000000e+02   0.0000000e+00   3.3416666e-04
   5.7100000e+02   0.0000000e+00   3.3263069e-04
   5.7200000e+02   0.0000000e+00   3.3110178e-04
   5.7300000e+02   0.0000000e+00   3.2957990e-04
   5.7400000e+02   0.0000000e+00   3.2806501e-04
   5.7500000e+02   0.0000000e+00   3.2655708e-04
   5.7600000e+02   1.0000000e+00   3.2505609e-04
   5.7700000e+02   2.0000000e+00   3.2356199e-04
   5.7800000e+02   1.0000000e+00   3.2207477e-04
   5.7900000e+02   0.0000000e+00   3.2059437e-04
   5.8000000e+02   1.0000000e+00   3.1912079e-04
   5.8100000e+02   0.0000000e+00   3.1765397e-04
   5.8200000e+02   0.0000000e+00   3.1619390e-04
   5.8300000e+02   0.0000000e+00   3.1474054e-04
   5.8400000e+02   1.0000000e+00   3.1329386e-04
   5.8500000e+02   0.0000000e+00   3.1185383e-04
   5.8600000e+02   0.0000000e+00   3.1042042e-04
   5.8700000e+02   0.0000000e+00   3.0899359e-04
   5.8800000e+02   0.0000000e+00   3.0757333e-04
   5.8900000e+02   0.0000000e+00   3.0615959e-04
   5.9000000e+02   1.0000000e+00   3.0475235e-04
   5.9100000e+02   0.0000000e+00   3.0335158e-04
   5.9200000e+02   0.0000000e+00   3.0195725e-04
   5.9300000e+02   0.0000000e+00   3.0056932e-04
   5.9400000e+02   0.0000000e+00   2.9918778e-04
   5.9500000e+02   0.0000000e+00   2.9781259e-04
   5.9600000e+02   0.0000000e+00   2.9644371e-04
   5.9700000e+02   1.0000000e+00   2.9508113e-04
   5.9800000e+02   1.0000000e+00   2.9372482e-04
   5.9900000e+02   0.0000000e+00   2.9237473e-04
   6.0000000e+02   0.0000000e+00   2.9103085e-04
   6.0100000e+02   0.0000000e+00   2.8969315e-04
   6.0200000e+02   0.0000000e+00   2.8836160e-04
   6.0300000e+02   0.0000000e+00   2.8703617e-04
   6.0400000e+02   0.0000000e+00   2.8571683e-04
   6.0500000e+02   0.0000000e+00   2.8440355e-04
   6.0600000e+02   0.0000000e+00   2.8309632e-04
   6.0700000e+02   0.0000000e+00   2.8179509e-04
   6.0800000e+02   0.0000000e+00   2.8049984e-04
   6.0900000e+02   1.0000000e+00   2.7921054e-04
   6.1000000e+02   0.0000000e+00   2.7792717e-04
   6.1100000e+02   0.0000000e+00   2.7664970e-04
   6.1200000e+02   0.0000000e+00   2.7537810e-04
   6.1300000e+02   0.0000000e+00   2.7411235e-04
   6.1400000e+02   0.0000000e+00   2.7285241e-04
   6.1500000e+02   0.0000000e+00   2.7159826e-04
   6.1600000e+02   1.0000000e+00   2.7034988e-04
   6.1700000e+02   0.0000000e+00   2.6910724e-04
   6.1800000e+02   0.0000000e+00   2.6787031e-04
   6.1900000e+02   0.0000000e+00   2.6663907e-04
   6.2000000e+02   0.0000000e+00   2.6541348e-04
   6.2100000e+02   0.0000000e+00   2.6419353e-04
   6.2200000e+02   0.0000000e+00   2.6297918e-04
   6.2300000e+02   0.0000000e+00   2.6177042e-04
   6.2400000e+02   0.0000000e+00   2.6056721e-04
   6.2500000e+02   0.0000000e+00   2.5936953e-04
   6.2600000e+02   0.0000000e+00   2.5817736e-04
   6.2700000e+02   0.0000000e+00   2.5699067e-04
   6.2800000e+02   1.0000000e+00   2.5580943e-04
   6.2900000e+02   1.0000000e+00   2.5463362e-04
   6.3000000e+02   1.0000000e+00   2.5346322e-04
   6.3100000e+02   0.0000000e+00   2.5229820e-04
   6.3200000e+02   0.0000000e+00   2.5113853e-04
   6.3300000e+02   0.0000000e+00   2.4998419e-04
   6.3400000e+02   0.0000000e+00   2.4883515e-04
   6.3500000e+02   0.0000000e+00   2.4769140e-04
   6.3600000e+02   0.0000000e+00   2.4655291e-04
   6.3700000e+02   0.0000000e+00   2.4541965e-04
   6.3800000e+02   0.0000000e+00   2.4429159e-04
   6.3900000e+02   0.0000000e+00   2.4316873e-04
   6.4000000e+02   0.0000000e+00   2.4205102e-04
   6.4100000e+02   0.0000000e+00   2.4093845e-04
   6.4200000e+02   0.0000000e+00   2.3983100e-04
   6.4300000e+02   0.0000000e+00   2.3872863e-04
   6.4400000e+02   0.0000000e+00   2.3763133e-04
   6.4500000e+02   1.0000000e+00   2.3653908e-04
   6.4600000e+02   0.0000000e+00   2.3545185e-04
   6.4700000e+02   0.0000000e+00   2.3436961e-04
   6.4800000e+02   1.0000000e+00   2.3329235e-04
   6.4900000e+02   0.0000000e+00   2.3222004e-04
   6.5000000e+02   0.0000000e+00   2.3115266e-04
   6.5100000e+02   0.0000000e+00   2.3009018e-04
   6.5200000e+02   0.0000000e+00   2.2903259e-04
   6.5300000e+02   0.0000000e+00   2.2797986e-04
   6.5400000e+02   0.0000000e+00   2.2693197e-04
   6.5500000e+02   0.0000000e+00   2.2588889e-04
   6.5600000e+02   0.0000000e+00   2.2485061e-04
   6.5700000e+02   0.0000000e+00   2.2381710e-04
   6.5800000e+02   1.0000000e+00   2.2278834e-04
   6.5900000e+02   0.0000000e+00   2.2176431e-04
   6.6000000e+02   0.0000000e+00   2.2074499e-04
   6.6100000e+02   1.0000000e+00   2.1973035e-04
   6.6200000e+02   0.0000000e+00   2.1872038e-04
   6.6300000e+02   0.0000000e+00   2.1771505e-04
   6.6400000e+02   0.0000000e+00   2.1671434e-04
   6.6500000e+02   1.0000000e+00   2.1571823e-04
   6.6600000e+02   0.0000000e+00   2.1472670e-04
   6.6700000e+02   0.0000000e+00   2.1373972e-04
   6.6800000e+02   0.0000000e+00   2.1275728e-04
   6.6900000e+02   1.0000000e+00   2.1177936e-04
   6.7000000e+02   0.0000000e+00   2.1080593e-04
   6.7100000e+02   0.0000000e+00   2.0983698e-04
   6.7200000e+02   0.0000000e+00   2.0887248e-04
   6.7300000e+02   0.0000000e+00   2.0791241e-04
   6.7400000e+02   0.0000000e+00   2.0695676e-04
   6.7500000e+02   0.0000000e+00   2.0600550e-04
   6.7600000e+02   1.0000000e+00   2.0505861e-04
   6.7700000e+02   0.0000000e+00   2.0411608e-04
   6.7800000e+02   0.0000000e+00   2.0317787e-04
   6.7900000e+02   0.0000000e+00   2.0224398e-04
   6.8000000e+02   0.0000000e+00   2.0131438e-04
   6.8100000e+02   0.0000000e+00   2.0038906e-04
   6.8200000e+02   0.0000000e+00   1.9946798e-04
   6.8300000e+02   0.0000000e+00   1.9855114e-04
   6.8400000e+02   0.0000000e+00   1.9763852e-04
   6.8500000e+02   0.0000000e+00   1.9673009e-04
   6.8600000e+02   0.0000000e+00   1.9582583e-04
   6.8700000e+02   0.0000000e+00   1.9492574e-04
   6.8800000e+02   0.0000000e+00   1.9402977e-04
   6.8900000e+02   0.0000000e+00   1.9313793e-04
   6.9000000e+02   0.0000000e+00   1.9225019e-04
   6.9100000e+02   0.0000000e+00   1.9136652e-04
   6.9200000e+02   1.0000000e+00   1.9048692e-04
   6.9300000e+02   0.0000000e+00   1.8961136e-04
   6.9400000e+02   0.0000000e+00   1.8873983e-04
   6.9500000e+02   0.0000000e+00   1.8787230e-04
   6.9600000e+02   0.0000000e+00   1.8700876e-04
   6.9700000e+02   1.0000000e+00   1.8614919e-04
   6.9800000e+02   0.0000000e+00   1.8529357e-04
   6.9900000e+02   0.0000000e+00   1.8444188e-04
   7.0000000e+02   0.0000000e+00   1.8359411e-04
   7.0100000e+02   0.0000000e+00   1.8275023e-04
   7.0200000e+02   0.0000000e+00   1.8191024e-04
   7.0300000e+02   1.0000000e+00   1.8107410e-04
   7.0400000e+02   0.0000000e+00   1.8024181e-04
   7.0500000e+02   0.0000000e+00   1.7941334e-04
   7.0600000e+02   0.0000000e+00   1.7858868e-04
   7.0700000e+02   0.0000000e+00   1.7776781e-04
   7.0800000e+02   0.0000000e+00   1.7695071e-04
   7.0900000e+02   0.0000000e+00   1.7613737e-04
   7.1000000e+02   0.0000000e+00   1.7532777e-04
   7.1100000e+02   0.0000000e+00   1.7452189e-04
   7.1200000e+02   0.0000000e+00   1.7371971e-04
   7.1300000e+02   0.0000000e+00   1.7292123e-04
   7.1400000e+02   0.0000000e+00   1.7212641e-04
   7.1500000e+02   0.0000000e+00   1.7133524e-04
   7.1600000e+02   0.0000000e+00   1.7054771e-04
   7.1700000e+02   0.0000000e+00   1.6976380e-04
   7.1800000e+02   1.0000000e+00   1.6898350e-04
   7.1900000e+02   0.0000000e+00   1.6820678e-04
   7.2000000e+02   0.0000000e+00   1.6743363e-04
   7.2100000e+02   0.0000000e+00   1.6666403e-04
   7.2200000e+02   0.0000000e+00   1.6589797e-04
   7.2300000e+02   0.0000000e+00   1.6513544e-04
   7.2400000e+02   0.0000000e+00   1.6437640e-04
   7.2500000e+02   0.0000000e+00   1.6362086e-04
   7.2600000e+02   0.0000000e+00   1.6286879e-04
   7.2700000e+02   0.0000000e+00   1.6212017e-04
   7.2800000e+02   0.0000000e+00   1.6137500e-04
   7.2900000e+02   0.0000000e+00   1.6063325e-04
   7.3000000e+02   0.0000000e+00   1.5989492e-04
   7.3100000e+02   0.0000000e+00   1.5915997e-04
   7.3200000e+02   0.0000000e+00   1.5842840e-04
   7.3300000e+02   0.0000000e+00   1.5770020e-04
   7.3400000e+02   0.0000000e+00   1.5697534e-04
   7.3500000e+02   0.0000000e+00   1.5625382e-04
   7.3600000e+02   0.0000000e+00   1.5553561e-04
   7.3700000e+02   0.0000000e+00   1.5482070e-04
   7.3800000e+02   0.0000000e+00   1.5410908e-04
   7.3900000e+02   0.0000000e+00   1.5340073e-04
   7.4000000e+02   0.0000000e+00   1.5269564e-04
   7.4100000e+02   0.0000000e+00   1.5199378e-04
   7.4200000e+02   0.0000000e+00   1.5129515e-04
   7.4300000e+02   0.0000000e+00   1.5059974e-04
   7.4400000e+02   1.0000000e+00   1.4990752e-04
   7.4500000e+02   0.0000000e+00   1.4921848e-04
   7.4600000e+02   0.0000000e+00   1.4853261e-04
   7.4700000e+02   0.0000000e+00   1.4784989e-04
   7.4800000e+02   0.0000000e+00   1.4717031e-04
   7.4900000e+02   0.0000000e+00   1.4649385e-04
   7.5000000e+02   0.0000000e+00   1.4582050e-04
   7.5100000e+02   0.0000000e+00   1.4515025e-04
   7.5200000e+02   0.0000000e+00   1.4448308e-04
   7.5300000e+02   0.0000000e+00   1.4381897e-04
   7.5400000e+02   0.0000000e+00   1.4315792e-04
   7.5500000e+02   1.0000000e+00   1.4249991e-04
   7.5600000e+02   0.0000000e+00   1.4184492e-04
   7.5700000e+02   0.0000000e+00   1.4119294e-04
   7.5800000e+02   0.0000000e+00   1.4054396e-04
   7.5900000e+02   0.0000000e+00   1.3989796e-04
   7.6000000e+02   0.0000000e+00   1.3925493e-04
   7.6100000e+02   0.0000000e+00   1.3861485e-04
   7.6200000e+02   0.0000000e+00   1.3797772e-04
   7.6300000e+02   0.0000000e+00   1.3734352e-04
   7.6400000e+02   0.0000000e+00   1.3671223e-04
   7.6500000e+02   0.0000000e+00   1.3608384e-04
   7.6600000e+02   0.0000000e+00   1.3545834e-04
   7.6700000e+02   0.0000000e+00   1.3483572e-04
   7.6800000e+02   0.0000000e+00   1.3421595e-04
   7.6900000e+02   0.0000000e+00   1.3359904e-04
   7.7000000e+02   0.0000000e+00   1.3298496e-04
   7.7100000e+02   0.0000000e+00   1.3237371e-04
   7.7200000e+02   0.0000000e+00   1.3176526e-04
   7.7300000e+02   0.0000000e+00   1.3115961e-04
   7.7400000e+02   0.0000000e+00   1.3055675e-04
   7.7500000e+02   0.0000000e+00   1.2995665e-04
   7.7600000e+02   0.0000000e+00   1.2935932e-04
   7.7700000e+02   0.0000000e+00   1.2876473e-04
   7.7800000e+02   0.0000000e+00   1.2817287e-04
   7.7900000e+02   0.0000000e+00   1.2758373e-04
   7.8000000e+02   0.0000000e+00   1.2699731e-04
   7.8100000e+02   0.0000000e+00   1.2641357e-04
   7.8200000e+02   0.0000000e+00   1.2583252e-04
   7.8300000e+02   0.0000000e+00   1.2525414e-04
   7.8400000e+02   0.0000000e+00   1.2467842e-04
   7.8500000e+02   0.0000000e+00   1.2410535e-04
   7.8600000e+02   0.0000000e+00   1.2353491e-04
   7.8700000e+02   0.0000000e+00   1.2296709e-04
   7.8800000e+02   0.0000000e+00   1.2240188e-04
   7.8900000e+02   0.0000000e+00   1.2183927e-04
   7.9000000e+02   0.0000000e+00   1.2127924e-04
   7.9100000e+02   0.0000000e+00   1.2072179e-04
   7.9200000e+02   0.0000000e+00   1.2016690e-04
   7.9300000e+02   0.0000000e+00   1.1961457e-04
   7.9400000e+02   1.0000000e+00   1.1906477e-04
   7.9500000e+02   0.0000000e+00   1.1851750e-04
   7.9600000e+02   0.0000000e+00   1.1797274e-04
   7.9700000e+02   0.0000000e+00   1.1743049e-04
   7.9800000e+02   0.0000000e+00   1.1689073e-04
   7.9900000e+02   0.0000000e+00   1.1635345e-04
   8.0000000e+02   0.0000000e+00   1.1581864e-04
   8.0100000e+02   0.0000000e+00   1.1528629e-04
   8.0200000e+02   0.0000000e+00   1.1475638e-04
   8.0300000e+02   0.0000000e+00   1.1422891e-04
   8.0400000e+02   0.0000000e+00   1.1370387e-04
   8.0500000e+02   0.0000000e+00   1.1318124e-04
   8.0600000e+02   0.0000000e+00   1.1266101e-04
   8.0700000e+02   0.0000000e+00   1.1214317e-04
   8.0800000e+02   0.0000000e+00   1.1162771e-04
   8.0900000e+02   0.0000000e+00   1.1111462e-04
   8.1000000e+02   0.0000000e+00   1.1060390e-04
   8.1100000e+02   0.0000000e+00   1.1009551e-04
   8.1200000e+02   0.0000000e+00   1.0958947e-04
   8.1300000e+02   0.0000000e+00   1.0908575e-04
   8.1400000e+02   0.0000000e+00   1.0858434e-04
   8.1500000e+02   0.0000000e+00   1.0808524e-04
   8.1600000e+02   0.0000000e+00   1.0758844e-04
   8.1700000e+02   0.0000000e+00   1.0709392e-04
   8.1800000e+02   0.0000000e+00   1.0660167e-04
   8.1900000e+02   0.0000000e+00   1.0611168e-04
   8.2000000e+02   0.0000000e+00   1.0562395e-04
   8.2100000e+02   0.0000000e+00   1.0513845e-04
   8.2200000e+02   0.0000000e+00   1.0465519e-04
   8.2300000e+02   0.0000000e+00   1.0417415e-04
   8.2400000e+02   0.0000000e+00   1.0369533e-04
   8.2500000e+02   0.0000000e+00   1.0321870e-04
   8.2600000e+02   0.0000000e+00   1.0274426e-04
   8.2700000e+02   0.0000000e+00   1.0227201e-04
   8.2800000e+02   0.0000000e+00   1.0180192e-04
   8.2900000e+02   1.0000000e+00   1.0133400e-04
   8.3000000e+02   0.0000000e+00   1.0086822e-04
   8.3100000e+02   0.0000000e+00   1.0040459e-04
   8.3200000e+02   1.0000000e+00   9.9943086e-05
   8.3300000e+02   0.0000000e+00   9.9483706e-05
   8.3400000e+02   0.0000000e+00   9.9026437e-05
   8.3500000e+02   0.0000000e+00   9.8571269e-05
   8.3600000e+02   0.0000000e+00   9.8118194e-05
   8.3700000e+02   0.0000000e+00   9.7667201e-05
   8.3800000e+02   0.0000000e+00   9.7218281e-05
   8.3900000e+02   0.0000000e+00   9.6771425e-05
   8.4000000e+02   0.0000000e+00   9.6326623e-05
   8.4100000e+02   0.0000000e+00   9.5883865e-05
   8.4200000e+02   0.0000000e+00   9.5443142e-05
   8.4300000e+02   0.0000000e+00   9.5004445e-05
   8.4400000e+02   0.0000000e+00   9.4567764e-05
   8.4500000e+02   0.0000000e+00   9.4133091e-05
   8.4600000e+02   0.0000000e+00   9.3700415e-05
   8.4700000e+02   0.0000000e+00   9.3269729e-05
   8.4800000e+02   0.0000000e+00   9.2841022e-05
   8.4900000e+02   0.0000000e+00   9.2414285e-05
   8.5000000e+02   0.0000000e+00   9.1989510e-05
   8.5100000e+02   0.0000000e+00   9.1566687e-05
   8.5200000e+02   0.0000000e+00   9.1145808e-05
   8.5300000e+02   0.0000000e+00   9.0726863e-05
   8.5400000e+02   0.0000000e+00   9.0309844e-05
   8.5500000e+02   0.0000000e+00   8.9894742e-05
   8.5600000e+02   0.0000000e+00   8.9481548e-05
   8.5700000e+02   0.0000000e+00   8.9070253e-05
   8.5800000e+02   0.0000000e+00   8.8660848e-05
   8.5900000e+02   0.0000000e+00   8.8253325e-05
   8.6000000e+02   0.0000000e+00   8.7847676e-05
   8.6100000e+02   0.0000000e+00   8.7443891e-05
   8.6200000e+02   0.0000000e+00   8.7041962e-05
   8.6300000e+02   0.0000000e+00   8.6641880e-05
   8.6400000e+02   0.0000000e+00   8.6243637e-05
   8.6500000e+02   0.0000000e+00   8.5847225e-05
   8.6600000e+02   0.0000000e+00   8.5452635e-05
   8.6700000e+02   0.0000000e+00   8.5059858e-05
   8.6800000e+02   0.0000000e+00   8.4668887e-05
   8.6900000e+02   0.0000000e+00   8.4279713e-05
   8.7000000e+02   0.0000000e+00   8.3892328e-05
   8.7100000e+02   0.0000000e+00   8.3506723e-05
   8.7200000e+02   0.0000000e+00   8.3122891e-05
   8.7300000e+02   0.0000000e+00   8.2740823e-05
   8.7400000e+02   0.0000000e+00   8.2360511e-05
   8.7500000e+02   0.0000000e+00   8.1981948e-05
   8.7600000e+02   0.0000000e+00   8.1605124e-05
   8.7700000e+02   0.0000000e+00   8.1230032e-05
   8.7800000e+02   0.0000000e+00   8.0856665e-05
   8.7900000e+02   0.0000000e+00   8.0485013e-05
   8.8000000e+02   0.0000000e+00   8.0115070e-05
   8.8100000e+02   0.0000000e+00   7.9746827e-05
   8.8200000e+02   0.0000000e+00   7.9380277e-05
   8.8300000e+02   0.0000000e+00   7.9015412e-05
   8.8400000e+02   0.0000000e+00   7.8652224e-05
   8.8500000e+02   0.0000000e+00   7.8290705e-05
   8.8600000e+02   0.0000000e+00   7.7930848e-05
   8.8700000e+02   0.0000000e+00   7.7572644e-05
   8.8800000e+02   0.0000000e+00   7.7216088e-05
   8.8900000e+02   0.0000000e+00   7.6861170e-05
   8.9000000e+02   0.0000000e+00   7.6507883e-05
   8.9100000e+02   0.0000000e+00   7.6156221e-05
   8.9200000e+02   0.0000000e+00   7.5806175e-05
   8.9300000e+02   0.0000000e+00   7.5457737e-05
   8.9400000e+02   0.0000000e+00   7.5110902e-05
   8.9500000e+02   0.0000000e+00   7.4765660e-05
   8.9600000e+02   0.0000000e+00   7.4422006e-05
   8.9700000e+02   0.0000000e+00   7.4079931e-05
   8.9800000e+02   0.0000000e+00   7.3739428e-05
   8.9900000e+02   0.0000000e+00   7.3400490e-05
   9.0000000e+02   0.0000000e+00   7.3063111e-05
   9.0100000e+02   0.0000000e+00   7.2727282e-05
   9.0200000e+02   0.0000000e+00   7.2392996e-05
   9.0300000e+02   0.0000000e+00   7.2060248e-05
   9.0400000e+02   0.0000000e+00   7.1729028e-05
   9.0500000e+02   0.0000000e+00   7.1399331e-05
   9.0600000e+02   0.0000000e+00   7.1071150e-05
   9.0700000e+02   0.0000000e+00   7.0744477e-05
   9.0800000e+02   0.0000000e+00   7.0419305e-05
   9.0900000e+02   0.0000000e+00   7.0095628e-05
   9.1000000e+02   0.0000000e+00   6.9773439e-05
   9.1100000e+02   0.0000000e+00   6.9452731e-05
   9.1200000e+02   0.0000000e+00   6.9133497e-05
   9.1300000e+02   0.0000000e+00   6.8815730e-05
   9.1400000e+02   0.0000000e+00   6.8499424e-05
   9.1500000e+02   0.0000000e+00   6.8184571e-05
   9.1600000e+02   0.0000000e+00   6.7871166e-05
   9.1700000e+02   0.0000000e+00   6.7559202e-05
   9.1800000e+02   0.0000000e+00   6.7248671e-05
   9.1900000e+02   1.0000000e+00   6.6939568e-05
   9.2000000e+02   0.0000000e+00   6.6631885e-05
   9.2100000e+02   0.0000000e+00   6.6325617e-05
   9.2200000e+02   0.0000000e+00   6.6020756e-05
   9.2300000e+02   0.0000000e+00   6.5717297e-05
   9.2400000e+02   0.0000000e+00   6.5415232e-05
   9.2500000e+02   0.0000000e+00   6.5114556e-05
   9.2600000e+02   0.0000000e+00   6.4815262e-05
   9.2700000e+02   0.0000000e+00   6.4517344e-05
   9.2800000e+02   0.0000000e+00   6.4220795e-05
   9.2900000e+02   0.0000000e+00   6.3925609e-05
   9.3000000e+02   0.0000000e+00   6.3631780e-05
   9.3100000e+02   0.0000000e+00   6.3339301e-05
   9.3200000e+02   0.0000000e+00   6.3048167e-05
   9.3300000e+02   0.0000000e+00   6.2758371e-05
   9.3400000e+02   0.0000000e+00   6.2469907e-05
   9.3500000e+02   0.0000000e+00   6.2182769e-05
   9.3600000e+02   0.0000000e+00   6.1896951e-05
   9.3700000e+02   0.0000000e+00   6.1612446e-05
   9.3800000e+02   0.0000000e+00   6.1329249e-05
   9.3900000e+02   0.0000000e+00   6.1047354e-05
   9.4000000e+02   0.0000000e+00   6.0766754e-05
   9.4100000e+02   0.0000000e+00   6.0487445e-05
   9.4200000e+02   0.0000000e+00   6.0209419e-05
   9.4300000e+02   0.0000000e+00   5.9932671e-05
   9.4400000e+02   0.0000000e+00   5.9657195e-05
   9.4500000e+02   0.0000000e+00   5.9382985e-05
   9.4600000e+02   0.0000000e+00   5.9110036e-05
   9.4700000e+02   0.0000000e+00   5.8838341e-05
   9.4800000e+02   0.0000000e+00   5.8567895e-05
   9.4900000e+02   0.0000000e+00   5.8298693e-05
   9.5000000e+02   0.0000000e+00   5.8030727e-05
   9.5100000e+02   0.0000000e+00   5.7763993e-05
   9.5200000e+02   0.0000000e+00   5.7498486e-05
   9.5300000e+02   0.0000000e+00   5.7234198e-05
   9.5400000e+02   0.0000000e+00   5.6971126e-05
   9.5500000e+02   0.0000000e+00   5.6709262e-05
   9.5600000e+02   0.0000000e+00   5.6448603e-05
   9.5700000e+02   0.0000000e+00   5.6189141e-05
   9.5800000e+02   0.0000000e+00   5.5930872e-05
   9.5900000e+02   0.0000000e+00   5.5673790e-05
   9.6000000e+02   0.0000000e+00   5.5417890e-05
   9.6100000e+02   0.0000000e+00   5.5163166e-05
   9.6200000e+02   0.0000000e+00   5.4909612e-05
   9.6300000e+02   0.0000000e+00   5.4657225e-05
   9.6400000e+02   0.0000000e+00   5.4405997e-05
   9.6500000e+02   0.0000000e+00   5.4155924e-05
   9.6600000e+02   0.0000000e+00   5.3907000e-05
   9.6700000e+02   0.0000000e+00   5.3659221e-05
   9.6800000e+02   0.0000000e+00   5.3412580e-05
   9.6900000e+02   0.0000000e+00   5.3167074e-05
   9.7000000e+02   0.0000000e+00   5.2922695e-05
   9.7100000e+02   0.0000000e+00   5.2679440e-05
   9.7200000e+02   0.0000000e+00   5.2437303e-05
   9.7300000e+02   0.0000000e+00   5.2196279e-05
   9.7400000e+02   0.0000000e+00   5.1956363e-05
   9.7500000e+02   0.0000000e+00   5.1717550e-05
   9.7600000e+02   0.0000000e+00   5.1479834e-05
   9.7700000e+02   0.0000000e+00   5.1243211e-05
   9.7800000e+02   0.0000000e+00   5.1007675e-05
   9.7900000e+02   0.0000000e+00   5.0773222e-05
   9.8000000e+02   0.0000000e+00   5.0539847e-05
   9.8100000e+02   0.0000000e+00   5.0307545e-05
   9.8200000e+02   0.0000000e+00   5.0076310e-05
   9.8300000e+02   0.0000000e+00   4.9846138e-05
   9.8400000e+02   0.0000000e+00   4.9617024e-05
   9.8500000e+02   0.0000000e+00   4.9388963e-05
   9.8600000e+02   0.0000000e+00   4.9161951e-05
   9.8700000e+02   0.0000000e+00   4.8935982e-05
   9.8800000e+02   0.0000000e+00   4.8711051e-05
   9.8900000e+02   0.0000000e+00   4.8487155e-05
   9.9000000e+02   0.0000000e+00   4.8264287e-05
   9.9100000e+02   0.0000000e+00   4.8042444e-05
   9.9200000e+02   0.0000000e+00   4.7821621e-05
   9.9300000e+02   0.0000000e+00   4.7601812e-05
   9.9400000e+02   0.0000000e+00   4.7383014e-05
   9.9500000e+02   0.0000000e+00   4.7165222e-05
   9.9600000e+02   0.0000000e+00   4.6948430e-05
   9.9700000e+02   0.0000000e+00   4.6732636e-05
   9.9800000e+02   0.0000000e+00   4.6517833e-05
   9.9900000e+02   0.0000000e+00   4.6304017e-05
   1.0000000e+03   0.0000000e+00   4.6091184e-05
   1.0010000e+03   0.0000000e+00   4.5879330e-05
   1.0020000e+03   0.0000000e+00   4.5668449e-05
   1.0030000e+03   0.0000000e+00   4.5458537e-05
   1.0040000e+03   0.0000000e+00   4.5249591e-05
   1.0050000e+03   0.0000000e+00   4.5041604e-05
   1.0060000e+03   0.0000000e+00   4.4834574e-05
   1.0070000e+03   0.0000000e+00   4.4628495e-05
   1.0080000e+03   0.0000000e+00   4.4423364e-05
   1.0090000e+03   0.0000000e+00   4.4219175e-05
   1.0100000e+03   0.0000000e+00   4.4015925e-05
   1.0110000e+03   0.0000000e+00   4.3813610e-05
   1.0120000e+03   0.0000000e+00   4.3612224e-05
   1.0130000e+03   0.0000000e+00   4.3411764e-05
   1.0140000e+03   0.0000000e+00   4.3212225e-05
   1.0150000e+03   0.0000000e+00   4.3013603e-05
   1.0160000e+03   0.0000000e+00   4.2815894e-05
   1.0170000e+03   0.0000000e+00   4.2619094e-05
   1.0180000e+03   0.0000000e+00   4.2423199e-05
   1.0190000e+03   0.0000000e+00   4.2228204e-05
   1.0200000e+03   0.0000000e+00   4.2034105e-05
   1.0210000e+03   0.0000000e+00   4.1840899e-05
   1.0220000e+03   0.0000000e+00   4.1648580e-05
   1.0230000e+03   0.0000000e+00   4.1457146e-05
   1.0240000e+03   0.0000000e+00   4.1266591e-05
   1.0250000e+03   1.0000000e+00   4.1076913e-05
   1.0260000e+03   0.0000000e+00   4.0888106e-05
   1.0270000e+03   0.0000000e+00   4.0700167e-05
   1.0280000e+03   0.0000000e+00   4.0513091e-05
   1.0290000e+03   0.0000000e+00   4.0326876e-05
   1.0300000e+03   0.0000000e+00   4.0141517e-05
   1.0310000e+03   0.0000000e+00   3.9957009e-05
   1.0320000e+03   0.0000000e+00   3.9773350e-05
   1.0330000e+03   0.0000000e+00   3.9590535e-05
   1.0340000e+03   0.0000000e+00   3.9408560e-05
   1.0350000e+03   0.0000000e+00   3.9227422e-05
   1.0360000e+03   0.0000000e+00   3.9047116e-05
   1.0370000e+03   0.0000000e+00   3.8867639e-05
   1.0380000e+03   0.0000000e+00   3.8688987e-05
   1.0390000e+03   0.0000000e+00   3.8511156e-05
   1.0400000e+03   0.0000000e+00   3.8334142e-05
   1.0410000e+03   0.0000000e+00   3.8157942e-05
   1.0420000e+03   0.0000000e+00   3.7982552e-05
   1.0430000e+03   0.0000000e+00   3.7807968e-05
   1.0440000e+03   0.0000000e+00   3.7634187e-05
   1.0450000e+03   0.0000000e+00   3.7461204e-05
   1.0460000e+03   0.0000000e+00   3.7289017e-05
   1.0470000e+03   0.0000000e+00   3.7117621e-05
   1.0480000e+03   0.0000000e+00   3.6947012e-05
   1.0490000e+03   0.0000000e+00   3.6777188e-05
   1.0500000e+03   0.0000000e+00   3.6608145e-05
   1.0510000e+03   0.0000000e+00   3.6439878e-05
   1.0520000e+03   0.0000000e+00   3.6272385e-05
   1.0530000e+03   0.0000000e+00   3.6105662e-05
   1.0540000e+03   0.0000000e+00   3.5939705e-05
   1.0550000e+03   0.0000000e+00   3.5774511e-05
   1.0560000e+03   0.0000000e+00   3.5610076e-05
   1.0570000e+03   0.0000000e+00   3.5446397e-05
   1.0580000e+03   0.0000000e+00   3.5283471e-05
   1.0590000e+03   0.0000000e+00   3.5121293e-05
   1.0600000e+03   0.0000000e+00   3.4959861e-05
   1.0610000e+03   0.0000000e+00   3.4799170e-05
   1.0620000e+03   0.0000000e+00   3.4639219e-05
   1.0630000e+03   0.0000000e+00   3.4480002e-05
   1.0640000e+03   0.0000000e+00   3.4321517e-05
   1.0650000e+03   0.0000000e+00   3.4163761e-05
   1.0660000e+03   0.0000000e+00   3.4006730e-05
   1.0670000e+03   0.0000000e+00   3.3850421e-05
   1.0680000e+03   0.0000000e+00   3.3694830e-05
   1.0690000e+03   0.0000000e+00   3.3539954e-05
   1.0700000e+03   0.0000000e+00   3.3385790e-05
   1.0710000e+03   0.0000000e+00   3.3232335e-05
   1.0720000e+03   0.0000000e+00   3.3079585e-05
   1.0730000e+03   0.0000000e+00   3.2927538e-05
   1.0740000e+03   0.0000000e+00   3.2776189e-05
   1.0750000e+03   0.0000000e+00   3.2625535e-05
   1.0760000e+03   0.0000000e+00   3.2475575e-05
   1.0770000e+03   0.0000000e+00   3.2326303e-05
   1.0780000e+03   0.0000000e+00   3.2177718e-05
   1.0790000e+03   0.0000000e+00   3.2029815e-05
   1.0800000e+03   0.0000000e+00   3.1882593e-05
   1.0810000e+03   0.0000000e+00   3.1736047e-05
   1.0820000e+03   0.0000000e+00   3.1590175e-05
   1.0830000e+03   0.0000000e+00   3.1444973e-05
   1.0840000e+03   0.0000000e+00   3.1300438e-05
   1.0850000e+03   0.0000000e+00   3.1156568e-05
   1.0860000e+03   0.0000000e+00   3.1013360e-05
   1.0870000e+03   0.0000000e+00   3.0870809e-05
   1.0880000e+03   0.0000000e+00   3.0728914e-05
   1.0890000e+03   0.0000000e+00   3.0587671e-05
   1.0900000e+03   0.0000000e+00   3.0447077e-05
   1.0910000e+03   0.0000000e+00   3.0307129e-05
   1.0920000e+03   0.0000000e+00   3.0167825e-05
   1.0930000e+03   0.0000000e+00   3.0029161e-05
   1.0940000e+03   0.0000000e+00   2.9891134e-05
   1.0950000e+03   0.0000000e+00   2.9753742e-05
   1.0960000e+03   0.0000000e+00   2.9616981e-05
   1.0970000e+03   0.0000000e+00   2.9480849e-05
   1.0980000e+03   0.0000000e+00   2.9345342e-05
   1.0990000e+03   0.0000000e+00   2.9210459e-05
   1.1000000e+03   0.0000000e+00   2.9076195e-05
   1.1010000e+03   0.0000000e+00   2.8942549e-05
   1.1020000e+03   0.0000000e+00   2.8809516e-05
   1.1030000e+03   0.0000000e+00   2.8677096e-05
   1.1040000e+03   0.0000000e+00   2.8545284e-05
   1.1050000e+03   0.0000000e+00   2.8414077e-05
   1.1060000e+03   0.0000000e+00   2.8283474e-05
   1.1070000e+03   0.0000000e+00   2.8153472e-05
   1.1080000e+03   0.0000000e+00   2.8024066e-05
   1.1090000e+03   0.0000000e+00   2.7895256e-05
   1.1100000e+03   0.0000000e+00   2.7767037e-05
   1.1110000e+03   0.0000000e+00   2.7639408e-05
   1.1120000e+03   0.0000000e+00   2.7512366e-05
   1.1130000e+03   0.0000000e+00   2.7385907e-05
   1.1140000e+03   0.0000000e+00   2.7260030e-05
   1.1150000e+03   0.0000000e+00   2.7134732e-05
   1.1160000e+03   0.0000000e+00   2.7010009e-05
   1.1170000e+03   0.0000000e+00   2.6885859e-05
   1.1180000e+03   0.0000000e+00   2.6762281e-05
   1.1190000e+03   0.0000000e+00   2.6639270e-05
   1.1200000e+03   0.0000000e+00   2.6516825e-05
   1.1210000e+03   1.0000000e+00   2.6394942e-05
   1.1220000e+03   0.0000000e+00   2.6273620e-05
   1.1230000e+03   0.0000000e+00   2.6152855e-05
   1.1240000e+03   0.0000000e+00   2.6032645e-05
   1.1250000e+03   0.0000000e+00   2.5912988e-05
   1.1260000e+03   0.0000000e+00   2.5793881e-05
   1.1270000e+03   0.0000000e+00   2.5675322e-05
   1.1280000e+03   0.0000000e+00   2.5557307e-05
   1.1290000e+03   0.0000000e+00   2.5439835e-05
   1.1300000e+03   0.0000000e+00   2.5322903e-05
   1.1310000e+03   0.0000000e+00   2.5206508e-05
   1.1320000e+03   0.0000000e+00   2.5090648e-05
   1.1330000e+03   0.0000000e+00   2.4975321e-05
   1.1340000e+03   0.0000000e+00   2.4860524e-05
   1.1350000e+03   0.0000000e+00   2.4746254e-05
   1.1360000e+03   0.0000000e+00   2.4632510e-05
   1.1370000e+03   0.0000000e+00   2.4519289e-05
   1.1380000e+03   0.0000000e+00   2.4406588e-05
   1.1390000e+03   0.0000000e+00   2.4294405e-05
   1.1400000e+03   0.0000000e+00   2.4182737e-05
   1.1410000e+03   0.0000000e+00   2.4071583e-05
   1.1420000e+03   0.0000000e+00   2.3960940e-05
   1.1430000e+03   0.0000000e+00   2.3850805e-05
   1.1440000e+03   0.0000000e+00   2.3741177e-05
   1.1450000e+03   0.0000000e+00   2.3632053e-05
   1.1460000e+03   0.0000000e+00   2.3523430e-05
   1.1470000e+03   0.0000000e+00   2.3415306e-05
   1.1480000e+03   0.0000000e+00   2.3307679e-05
   1.1490000e+03   0.0000000e+00   2.3200547e-05
   1.1500000e+03   0.0000000e+00   2.3093908e-05
   1.1510000e+03   0.0000000e+00   2.2987758e-05
   1.1520000e+03   0.0000000e+00   2.2882097e-05
   1.1530000e+03   0.0000000e+00   2.2776921e-05
   1.1540000e+03   0.0000000e+00   2.2672229e-05
   1.1550000e+03   0.0000000e+00   2.2568018e-05
   1.1560000e+03   0.0000000e+00   2.2464286e-05
   1.1570000e+03   0.0000000e+00   2.2361030e-05
   1.1580000e+03   0.0000000e+00   2.2258249e-05
   1.1590000e+03   0.0000000e+00   2.2155941e-05
   1.1600000e+03   0.0000000e+00   2.2054103e-05
   1.1610000e+03   0.0000000e+00   2.1952733e-05
   1.1620000e+03   0.0000000e+00   2.1851829e-05
   1.1630000e+03   0.0000000e+00   2.1751389e-05
   1.1640000e+03   0.0000000e+00   2.1651410e-05
   1.1650000e+03   0.0000000e+00   2.1551891e-05
   1.1660000e+03   0.0000000e+00   2.1452830e-05
   1.1670000e+03   0.0000000e+00   2.1354223e-05
   1.1680000e+03   0.0000000e+00   2.1256070e-05
   1.1690000e+03   0.0000000e+00   2.1158368e-05
   1.1700000e+03   0.0000000e+00   2.1061116e-05
   1.1710000e+03   0.0000000e+00   2.0964310e-05
   1.1720000e+03   0.0000000e+00   2.0867949e-05
   1.1730000e+03   0.0000000e+00   2.0772031e-05
   1.1740000e+03   0.0000000e+00   2.0676554e-05
   1.1750000e+03   0.0000000e+00   2.0581516e-05
   1.1760000e+03   0.0000000e+00   2.0486914e-05
   1.1770000e+03   0.0000000e+00   2.0392748e-05
   1.1780000e+03   0.0000000e+00   2.0299014e-05
   1.1790000e+03   0.0000000e+00   2.0205711e-05
   1.1800000e+03   0.0000000e+00   2.0112837e-05
   1.1810000e+03   0.0000000e+00   2.0020390e-05
   1.1820000e+03   0.0000000e+00   1.9928368e-05
   1.1830000e+03   0.0000000e+00   1.9836769e-05
   1.1840000e+03   0.0000000e+00   1.9745591e-05
   1.1850000e+03   0.0000000e+00   1.9654832e-05
   1.1860000e+03   0.0000000e+00   1.9564490e-05
   1.1870000e+03   0.0000000e+00   1.9474563e-05
   1.1880000e+03   0.0000000e+00   1.9385050e-05
   1.1890000e+03   0.0000000e+00   1.9295948e-05
   1.1900000e+03   0.0000000e+00   1.9207255e-05
   1.1910000e+03   0.0000000e+00   1.9118971e-05
   1.1920000e+03   0.0000000e+00   1.9031092e-05
   1.1930000e+03   0.0000000e+00   1.8943617e-05
   1.1940000e+03   0.0000000e+00   1.8856544e-05
   1.1950000e+03   0.0000000e+00   1.8769871e-05
   1.1960000e+03   0.0000000e+00   1.8683597e-05
   1.1970000e+03   0.0000000e+00   1.8597719e-05
   1.1980000e+03   0.0000000e+00   1.8512236e-05
   1.1990000e+03   0.0000000e+00   1.8427146e-05
   1.2000000e+03   0.0000000e+00   1.8342447e-05
   1.2010000e+03   0.0000000e+00   1.8258138e-05
   1.2020000e+03   0.0000000e+00   1.8174216e-05
   1.2030000e+03   0.0000000e+00   1.8090679e-05
   1.2040000e+03   0.0000000e+00   1.8007527e-05
   1.2050000e+03   0.0000000e+00   1.7924757e-05
   1.2060000e+03   0.0000000e+00   1.7842367e-05
   1.2070000e+03   0.0000000e+00   1.7760356e-05
   1.2080000e+03   0.0000000e+00   1.7678722e-05
   1.2090000e+03   0.0000000e+00   1.7597463e-05
   1.2100000e+03   0.0000000e+00   1.7516577e-05
   1.2110000e+03   0.0000000e+00   1.7436064e-05
   1.2120000e+03   0.0000000e+00   1.7355920e-05
   1.2130000e+03   0.0000000e+00   1.7276145e-05
   1.2140000e+03   0.0000000e+00   1.7196737e-05
   1.2150000e+03   0.0000000e+00   1.7117693e-05
   1.2160000e+03   0.0000000e+00   1.7039013e-05
   1.2170000e+03   0.0000000e+00   1.6960695e-05
   1.2180000e+03   0.0000000e+00   1.6882736e-05
   1.2190000e+03   0.0000000e+00   1.6805136e-05
   1.2200000e+03   0.0000000e+00   1.6727892e-05
   1.2210000e+03   0.0000000e+00   1.6651004e-05
   1.2220000e+03   0.0000000e+00   1.6574469e-05
   1.2230000e+03   0.0000000e+00   1.6498286e-05
   1.2240000e+03   0.0000000e+00   1.6422452e-05
   1.2250000e+03   0.0000000e+00   1.6346968e-05
   1.2260000e+03   0.0000000e+00   1.6271830e-05
   1.2270000e+03   0.0000000e+00   1.6197038e-05
   1.2280000e+03   0.0000000e+00   1.6122590e-05
   1.2290000e+03   0.0000000e+00   1.6048483e-05
   1.2300000e+03   0.0000000e+00   1.5974718e-05
   1.2310000e+03   0.0000000e+00   1.5901291e-05
   1.2320000e+03   0.0000000e+00   1.5828202e-05
   1.2330000e+03   0.0000000e+00   1.5755449e-05
   1.2340000e+03   0.0000000e+00   1.5683030e-05
   1.2350000e+03   0.0000000e+00   1.5610945e-05
   1.2360000e+03   0.0000000e+00   1.5539190e-05
   1.2370000e+03   0.0000000e+00   1.5467765e-05
   1.2380000e+03   0.0000000e+00   1.5396669e-05
   1.2390000e+03   0.0000000e+00   1.5325899e-05
   1.2400000e+03   0.0000000e+00   1.5255455e-05
   1.2410000e+03   0.0000000e+00   1.5185334e-05
   1.2420000e+03   0.0000000e+00   1.5115536e-05
   1.2430000e+03   0.0000000e+00   1.5046059e-05
   1.2440000e+03   0.0000000e+00   1.4976901e-05
   1.2450000e+03   0.0000000e+00   1.4908061e-05
   1.2460000e+03   0.0000000e+00   1.4839537e-05
   1.2470000e+03   0.0000000e+00   1.4771328e-05
   1.2480000e+03   0.0000000e+00   1.4703433e-05
   1.2490000e+03   0.0000000e+00   1.4635850e-05
   1.2500000e+03   0.0000000e+00   1.4568577e-05
   1.2510000e+03   0.0000000e+00   1.4501614e-05
   1.2520000e+03   0.0000000e+00   1.4434958e-05
   1.2530000e+03   0.0000000e+00   1.4368609e-05
   1.2540000e+03   0.0000000e+00   1.4302565e-05
   1.2550000e+03   0.0000000e+00   1.4236824e-05
   1.2560000e+03   0.0000000e+00   1.4171386e-05
   1.2570000e+03   0.0000000e+00   1.4106248e-05
   1.2580000e+03   0.0000000e+00   1.4041410e-05
   1.2590000e+03   0.0000000e+00   1.3976869e-05
   1.2600000e+03   0.0000000e+00   1.3912626e-05
   1.2610000e+03   0.0000000e+00   1.3848678e-05
   1.2620000e+03   0.0000000e+00   1.3785023e-05
   1.2630000e+03   0.0000000e+00   1.3721661e-05
   1.2640000e+03   0.0000000e+00   1.3658591e-05
   1.2650000e+03   0.0000000e+00   1.3595810e-05
   1.2660000e+03   0.0000000e+00   1.3533318e-05
   1.2670000e+03   0.0000000e+00   1.3471113e-05
   1.2680000e+03   0.0000000e+00   1.3409194e-05
   1.2690000e+03   0.0000000e+00   1.3347560e-05
   1.2700000e+03   0.0000000e+00   1.3286209e-05
   1.2710000e+03   0.0000000e+00   1.3225140e-05
   1.2720000e+03   0.0000000e+00   1.3164352e-05
   1.2730000e+03   0.0000000e+00   1.3103843e-05
   1.2740000e+03   0.0000000e+00   1.3043612e-05
   1.2750000e+03   0.0000000e+00   1.2983658e-05
   1.2760000e+03   0.0000000e+00   1.2923979e-05
   1.2770000e+03   0.0000000e+00   1.2864575e-05
   1.2780000e+03   0.0000000e+00   1.2805444e-05
   1.2790000e+03   0.0000000e+00   1.2746585e-05
   1.2800000e+03   0.0000000e+00   1.2687996e-05
   1.2810000e+03   0.0000000e+00   1.2629677e-05
   1.2820000e+03   0.0000000e+00   1.2571626e-05
   1.2830000e+03   0.0000000e+00   1.2513841e-05
   1.2840000e+03   0.0000000e+00   1.2456322e-05
   1.2850000e+03   0.0000000e+00   1.2399068e-05
   1.2860000e+03   0.0000000e+00   1.2342076e-05
   1.2870000e+03   0.0000000e+00   1.2285347e-05
   1.2880000e+03   0.0000000e+00   1.2228878e-05
   1.2890000e+03   0.0000000e+00   1.2172669e-05
   1.2900000e+03   0.0000000e+00   1.2116719e-05
   1.2910000e+03   0.0000000e+00   1.2061025e-05
   1.2920000e+03   0.0000000e+00   1.2005587e-05
   1.2930000e+03   0.0000000e+00   1.1950405e-05
   1.2940000e+03   0.0000000e+00   1.1895476e-05
   1.2950000e+03   0.0000000e+00   1.1840799e-05
   1.2960000e+03   0.0000000e+00   1.1786374e-05
   1.2970000e+03   0.0000000e+00   1.1732198e-05
   1.2980000e+03   0.0000000e+00   1.1678272e-05
   1.2990000e+03   0.0000000e+00   1.1624594e-05
   1.3000000e+03   0.0000000e+00   1.1571162e-05
   1.3010000e+03   0.0000000e+00   1.1517976e-05
   1.3020000e+03   0.0000000e+00   1.1465035e-05
   1.3030000e+03   0.0000000e+00   1.1412337e-05
   1.3040000e+03   0.0000000e+00   1.1359881e-05
   1.3050000e+03   0.0000000e+00   1.1307666e-05
   1.3060000e+03   0.0000000e+00   1.1255691e-05
   1.3070000e+03   0.0000000e+00   1.1203955e-05
   1.3080000e+03   0.0000000e+00   1.1152457e-05
   1.3090000e+03   0.0000000e+00   1.1101196e-05
   1.3100000e+03   0.0000000e+00   1.1050170e-05
   1.3110000e+03   0.0000000e+00   1.0999379e-05
   1.3120000e+03   0.0000000e+00   1.0948821e-05
   1.3130000e+03   0.0000000e+00   1.0898496e-05
   1.3140000e+03   0.0000000e+00   1.0848401e-05
   1.3150000e+03   0.0000000e+00   1.0798538e-05
   1.3160000e+03   0.0000000e+00   1.0748903e-05
   1.3170000e+03   0.0000000e+00   1.0699496e-05
   1.3180000e+03   0.0000000e+00   1.0650317e-05
   1.3190000e+03   0.0000000e+00   1.0601364e-05
   1.3200000e+03   0.0000000e+00   1.0552635e-05
   1.3210000e+03   0.0000000e+00   1.0504131e-05
   1.3220000e+03   0.0000000e+00   1.0455850e-05
   1.3230000e+03   0.0000000e+00   1.0407790e-05
   1.3240000e+03   0.0000000e+00   1.0359951e-05
   1.3250000e+03   0.0000000e+00   1.0312333e-05
   1.3260000e+03   0.0000000e+00   1.0264933e-05
   1.3270000e+03   0.0000000e+00   1.0217751e-05
   1.3280000e+03   0.0000000e+00   1.0170786e-05
   1.3290000e+03   0.0000000e+00   1.0124037e-05
   1.3300000e+03   0.0000000e+00   1.0077502e-05
   1.3310000e+03   0.0000000e+00   1.0031182e-05
   1.3320000e+03   0.0000000e+00   9.9850742e-06
   1.3330000e+03   0.0000000e+00   9.9391786e-06
   1.3340000e+03   0.0000000e+00   9.8934939e-06
   1.3350000e+03   0.0000000e+00   9.8480192e-06
   1.3360000e+03   0.0000000e+00   9.8027536e-06
   1.3370000e+03   0.0000000e+00   9.7576960e-06
   1.3380000e+03   0.0000000e+00   9.7128455e-06
   1.3390000e+03   0.0000000e+00   9.6682011e-06
   1.3400000e+03   0.0000000e+00   9.6237620e-06
   1.3410000e+03   0.0000000e+00   9.5795271e-06
   1.3420000e+03   0.0000000e+00   9.5354955e-06
   1.3430000e+03   0.0000000e+00   9.4916664e-06
   1.3440000e+03   0.0000000e+00   9.4480387e-06
   1.3450000e+03   0.0000000e+00   9.4046115e-06
   1.3460000e+03   0.0000000e+00   9.3613839e-06
   1.3470000e+03   0.0000000e+00   9.3183550e-06
   1.3480000e+03   0.0000000e+00   9.2755239e-06
   1.3490000e+03   0.0000000e+00   9.2328897e-06
   1.3500000e+03   0.0000000e+00   9.1904514e-06
   1.3510000e+03   0.0000000e+00   9.1482082e-06
   1.3520000e+03   0.0000000e+00   9.1061592e-06
   1.3530000e+03   0.0000000e+00   9.0643034e-06
   1.3540000e+03   0.0000000e+00   9.0226401e-06
   1.3550000e+03   0.0000000e+00   8.9811682e-06
   1.3560000e+03   0.0000000e+00   8.9398869e-06
   1.3570000e+03   0.0000000e+00   8.8987954e-06
   1.3580000e+03   0.0000000e+00   8.8578928e-06
   1.3590000e+03   0.0000000e+00   8.8171782e-06
   1.3600000e+03   0.0000000e+00   8.7766507e-06
   1.3610000e+03   0.0000000e+00   8.7363095e-06
   1.3620000e+03   0.0000000e+00   8.6961537e-06
   1.3630000e+03   0.0000000e+00   8.6561825e-06
   1.3640000e+03   0.0000000e+00   8.6163951e-06
   1.3650000e+03   0.0000000e+00   8.5767905e-06
   1.3660000e+03   0.0000000e+00   8.5373679e-06
   1.3670000e+03   0.0000000e+00   8.4981266e-06
   1.3680000e+03   0.0000000e+00   8.4590656e-06
   1.3690000e+03   0.0000000e+00   8.4201841e-06
   1.3700000e+03   0.0000000e+00   8.3814814e-06
   1.3710000e+03   0.0000000e+00   8.3429566e-06
   1.3720000e+03   0.0000000e+00   8.3046088e-06
   1.3730000e+03   0.0000000e+00   8.2664373e-06
   1.3740000e+03   0.0000000e+00   8.2284413e-06
   1.3750000e+03   0.0000000e+00   8.1906199e-06
   1.3760000e+03   0.0000000e+00   8.1529723e-06
   1.3770000e+03   0.0000000e+00   8.1154978e-06
   1.3780000e+03   0.0000000e+00   8.0781956e-06
   1.3790000e+03   0.0000000e+00   8.0410648e-06
   1.3800000e+03   0.0000000e+00   8.0041046e-06
   1.3810000e+03   0.0000000e+00   7.9673144e-06
   1.3820000e+03   0.0000000e+00   7.9306932e-06
   1.3830000e+03   0.0000000e+00   7.8942404e-06
   1.3840000e+03   0.0000000e+00   7.8579551e-06
   1.3850000e+03   0.0000000e+00   7.8218367e-06
   1.3860000e+03   0.0000000e+00   7.7858842e-06
   1.3870000e+03   0.0000000e+00   7.7500970e-06
   1.3880000e+03   0.0000000e+00   7.7144742e-06
   1.3890000e+03   0.0000000e+00   7.6790153e-06
   1.3900000e+03   0.0000000e+00   7.6437193e-06
   1.3910000e+03   0.0000000e+00   7.6085855e-06
   1.3920000e+03   0.0000000e+00   7.5736132e-06
   1.3930000e+03   0.0000000e+00   7.5388017e-06
   1.3940000e+03   0.0000000e+00   7.5041502e-06
   1.3950000e+03   0.0000000e+00   7.4696579e-06
   1.3960000e+03   0.0000000e+00   7.4353242e-06
   1.3970000e+03   0.0000000e+00   7.4011483e-06
   1.3980000e+03   0.0000000e+00   7.3671295e-06
   1.3990000e+03   0.0000000e+00   7.3332671e-06
   1.4000000e+03   0.0000000e+00   7.2995603e-06
   1.4010000e+03   0.0000000e+00   7.2660084e-06
   1.4020000e+03   0.0000000e+00   7.2326107e-06
   1.4030000e+03   0.0000000e+00   7.1993666e-06
   1.4040000e+03   0.0000000e+00   7.1662753e-06
   1.4050000e+03   0.0000000e+00   7.1333360e-06
   1.4060000e+03   0.0000000e+00   7.1005482e-06
   1.4070000e+03   0.0000000e+00   7.0679111e-06
   1.4080000e+03   0.0000000e+00   7.0354240e-06
   1.4090000e+03   0.0000000e+00   7.0030862e-06
   1.4100000e+03   0.0000000e+00   6.9708971e-06
   1.4110000e+03   0.0000000e+00   6.9388559e-06
   1.4120000e+03   0.0000000e+00   6.9069619e-06
   1.4130000e+03   0.0000000e+00   6.8752146e-06
   1.4140000e+03   0.0000000e+00   6.8436132e-06
   1.4150000e+03   0.0000000e+00   6.8121571e-06
   1.4160000e+03   0.0000000e+00   6.7808455e-06
   1.4170000e+03   0.0000000e+00   6.7496779e-06
   1.4180000e+03   0.0000000e+00   6.7186535e-06
   1.4190000e+03   0.0000000e+00   6.6877718e-06
   1.4200000e+03   0.0000000e+00   6.6570319e-06
   1.4210000e+03   0.0000000e+00   6.6264334e-06
   1.4220000e+03   0.0000000e+00   6.5959755e-06
   1.4230000e+03   0.0000000e+00   6.5656576e-06
   1.4240000e+03   0.0000000e+00   6.5354791e-06
   1.4250000e+03   0.0000000e+00   6.5054392e-06
   1.4260000e+03   0.0000000e+00   6.4755375e-06
   1.4270000e+03   0.0000000e+00   6.4457732e-06
   1.4280000e+03   0.0000000e+00   6.4161457e-06
   1.4290000e+03   0.0000000e+00   6.3866544e-06
   1.4300000e+03   0.0000000e+00   6.3572986e-06
   1.4310000e+03   0.0000000e+00   6.3280778e-06
   1.4320000e+03   0.0000000e+00   6.2989912e-06
   1.4330000e+03   0.0000000e+00   6.2700384e-06
   1.4340000e+03   0.0000000e+00   6.2412187e-06
   1.4350000e+03   0.0000000e+00   6.2125314e-06
   1.4360000e+03   0.0000000e+00   6.1839760e-06
   1.4370000e+03   0.0000000e+00   6.1555518e-06
   1.4380000e+03   0.0000000e+00   6.1272583e-06
   1.4390000e+03   0.0000000e+00   6.0990948e-06
   1.4400000e+03   0.0000000e+00   6.0710608e-06
   1.4410000e+03   0.0000000e+00   6.0431556e-06
   1.4420000e+03   0.0000000e+00   6.0153787e-06
   1.4430000e+03   0.0000000e+00   5.9877295e-06
   1.4440000e+03   0.0000000e+00   5.9602074e-06
   1.4450000e+03   0.0000000e+00   5.9328117e-06
   1.4460000e+03   0.0000000e+00   5.9055420e-06
   1.4470000e+03   0.0000000e+00   5.8783976e-06
   1.4480000e+03   0.0000000e+00   5.8513780e-06
   1.4490000e+03   0.0000000e+00   5.8244826e-06
   1.4500000e+03   0.0000000e+00   5.7977109e-06
   1.4510000e+03   0.0000000e+00   5.7710621e-06
   1.4520000e+03   0.0000000e+00   5.7445359e-06
   1.4530000e+03   0.0000000e+00   5.7181316e-06
   1.4540000e+03   0.0000000e+00   5.6918486e-06
   1.4550000e+03   0.0000000e+00   5.6656865e-06
   1.4560000e+03   0.0000000e+00   5.6396446e-06
   1.4570000e+03   0.0000000e+00   5.6137224e-06
   1.4580000e+03   0.0000000e+00   5.5879193e-06
   1.4590000e+03   0.0000000e+00   5.5622349e-06
   1.4600000e+03   0.0000000e+00   5.5366685e-06
   1.4610000e+03   0.0000000e+00   5.5112196e-06
   1.4620000e+03   0.0000000e+00   5.4858878e-06
   1.4630000e+03   0.0000000e+00   5.4606723e-06
   1.4640000e+03   0.0000000e+00   5.4355727e-06
   1.4650000e+03   0.0000000e+00   5.4105885e-06
   1.4660000e+03   0.0000000e+00   5.3857192e-06
   1.4670000e+03   0.0000000e+00   5.3609641e-06
   1.4680000e+03   0.0000000e+00   5.3363229e-06
   1.4690000e+03   0.0000000e+00   5.3117949e-06
   1.4700000e+03   0.0000000e+00   5.2873796e-06
   1.4710000e+03   0.0000000e+00   5.2630766e-06
   1.4720000e+03   0.0000000e+00   5.2388853e-06
   1.4730000e+03   0.0000000e+00   5.2148051e-06
   1.4740000e+03   0.0000000e+00   5.1908357e-06
   1.4750000e+03   0.0000000e+00   5.1669764e-06
   1.4760000e+03   0.0000000e+00   5.1432268e-06
   1.4770000e+03   0.0000000e+00   5.1195864e-06
   1.4780000e+03   0.0000000e+00   5.0960546e-06
   1.4790000e+03   0.0000000e+00   5.0726310e-06
   1.4800000e+03   0.0000000e+00   5.0493150e-06
   1.4810000e+03   0.0000000e+00   5.0261062e-06
   1.4820000e+03   0.0000000e+00   5.0030041e-06
   1.4830000e+03   0.0000000e+00   4.9800082e-06
   1.4840000e+03   0.0000000e+00   4.9571180e-06
   1.4850000e+03   0.0000000e+00   4.9343329e-06
   1.4860000e+03   0.0000000e+00   4.9116527e-06
   1.4870000e+03   0.0000000e+00   4.8890766e-06
   1.4880000e+03   0.0000000e+00   4.8666044e-06
   1.4890000e+03   0.0000000e+00   4.8442354e-06
   1.4900000e+03   0.0000000e+00   4.8219692e-06
   1.4910000e+03   0.0000000e+00   4.7998054e-06
   1.4920000e+03   0.0000000e+00   4.7777435e-06
   1.4930000e+03   0.0000000e+00   4.7557830e-06
   1.4940000e+03   0.0000000e+00   4.7339234e-06
   1.4950000e+03   0.0000000e+00   4.7121643e-06
   1.4960000e+03   0.0000000e+00   4.6905052e-06
   1.4970000e+03   0.0000000e+00   4.6689456e-06
   1.4980000e+03   0.0000000e+00   4.6474852e-06
   1.4990000e+03   0.0000000e+00   4.6261234e-06
   1.5000000e+03   0.0000000e+00   4.6048597e-06
   1.5010000e+03   0.0000000e+00   4.5836939e-06
   1.5020000e+03   0.0000000e+00   4.5626253e-06
   1.5030000e+03   0.0000000e+00   4.5416535e-06
   1.5040000e+03   0.0000000e+00   4.5207781e-06
   1.5050000e+03   0.0000000e+00   4.4999987e-06
   1.5060000e+03   0.0000000e+00   4.4793148e-06
   1.5070000e+03   0.0000000e+00   4.4587260e-06
   1.5080000e+03   0.0000000e+00   4.4382318e-06
   1.5090000e+03   0.0000000e+00   4.4178318e-06
   1.5100000e+03   0.0000000e+00   4.3975256e-06
   1.5110000e+03   0.0000000e+00   4.3773127e-06
   1.5120000e+03   0.0000000e+00   4.3571927e-06
   1.5130000e+03   0.0000000e+00   4.3371652e-06
   1.5140000e+03   0.0000000e+00   4.3172298e-06
   1.5150000e+03   0.0000000e+00   4.2973860e-06
   1.5160000e+03   0.0000000e+00   4.2776334e-06
   1.5170000e+03   0.0000000e+00   4.2579716e-06
   1.5180000e+03   0.0000000e+00   4.2384001e-06
   1.5190000e+03   0.0000000e+00   4.2189186e-06
   1.5200000e+03   0.0000000e+00   4.1995267e-06
   1.5210000e+03   0.0000000e+00   4.1802239e-06
   1.5220000e+03   0.0000000e+00   4.1610098e-06
   1.5230000e+03   0.0000000e+00   4.1418841e-06
   1.5240000e+03   0.0000000e+00   4.1228462e-06
   1.5250000e+03   0.0000000e+00   4.1038959e-06
   1.5260000e+03   0.0000000e+00   4.0850326e-06
   1.5270000e+03   0.0000000e+00   4.0662561e-06
   1.5280000e+03   0.0000000e+00   4.0475659e-06
   1.5290000e+03   0.0000000e+00   4.0289615e-06
   1.5300000e+03   0.0000000e+00   4.0104427e-06
   1.5310000e+03   0.0000000e+00   3.9920090e-06
   1.5320000e+03   0.0000000e+00   3.9736601e-06
   1.5330000e+03   0.0000000e+00   3.9553955e-06
   1.5340000e+03   0.0000000e+00   3.9372148e-06
   1.5350000e+03   0.0000000e+00   3.9191177e-06
   1.5360000e+03   0.0000000e+00   3.9011038e-06
   1.5370000e+03   0.0000000e+00   3.8831726e-06
   1.5380000e+03   0.0000000e+00   3.8653239e-06
   1.5390000e+03   0.0000000e+00   3.8475573e-06
   1.5400000e+03   0.0000000e+00   3.8298723e-06
   1.5410000e+03   0.0000000e+00   3.8122686e-06
   1.5420000e+03   0.0000000e+00   3.7947458e-06
   1.5430000e+03   0.0000000e+00   3.7773035e-06
   1.5440000e+03   0.0000000e+00   3.7599414e-06
   1.5450000e+03   0.0000000e+00   3.7426591e-06
   1.5460000e+03   0.0000000e+00   3.7254563e-06
   1.5470000e+03   0.0000000e+00   3.7083325e-06
   1.5480000e+03   0.0000000e+00   3.6912874e-06
   1.5490000e+03   0.0000000e+00   3.6743207e-06
   1.5500000e+03   0.0000000e+00   3.6574320e-06
   1.5510000e+03   0.0000000e+00   3.6406209e-06
   1.5520000e+03   0.0000000e+00   3.6238871e-06
   1.5530000e+03   0.0000000e+00   3.6072301e-06
   1.5540000e+03   1.0000000e+00   3.5906498e-06
