   1.0000000e+00   3.6000000e+01   9.6860250e-02
   2.0000000e+00   4.2000000e+01   8.7478342e-02
   3.0000000e+00   3.2000000e+01   7.9005168e-02
   4.0000000e+00   4.6000000e+01   7.1352708e-02
   5.0000000e+00   4.3000000e+01   6.4441467e-02
   6.0000000e+00   1.9000000e+01   5.8199650e-02
   7.0000000e+00   2.6000000e+01   5.2562417e-02
   8.0000000e+00   1.8000000e+01   4.7471208e-02
   9.0000000e+00   2.1000000e+01   4.2873135e-02
   1.0000000e+01   1.9000000e+01   3.8720433e-02
   1.1000000e+01   1.4000000e+01   3.4969962e-02
   1.2000000e+01   1.3000000e+01   3.1582763e-02
   1.3000000e+01   2.1000000e+01   2.8523648e-02
   1.4000000e+01   6.0000000e+00   2.5760841e-02
   1.5000000e+01   1.2000000e+01   2.3265639e-02
   1.6000000e+01   7.0000000e+00   2.1012124e-02
   1.7000000e+01   1.1000000e+01   1.8976884e-02
   1.8000000e+01   6.0000000e+00   1.7138778e-02
   1.9000000e+01   8.0000000e+00   1.5478712e-02
   2.0000000e+01   5.0000000e+00   1.3979440e-02
   2.1000000e+01   6.0000000e+00   1.2625388e-02
   2.2000000e+01   9.0000000e+00   1.1402490e-02
   2.3000000e+01   3.0000000e+00   1.0298042e-02
   2.4000000e+01   8.0000000e+00   9.3005708e-03
   2.5000000e+01   4.0000000e+00   8.3997152e-03
   2.6000000e+01   3.0000000e+00   7.5861167e-03
   2.7000000e+01   3.0000000e+00   6.8513235e-03
   2.8000000e+01   5.0000000e+00   6.1877026e-03
   2.9000000e+01   2.0000000e+00   5.5883602e-03
   3.0000000e+01   2.0000000e+00   5.0470702e-03
   3.1000000e+01   4.0000000e+00   4.5582097e-03
   3.2000000e+01   2.0000000e+00   4.1167004e-03
   3.3000000e+01   2.0000000e+00   3.7179558e-03
   3.4000000e+01   1.0000000e+00   3.3578336e-03
   3.5000000e+01   0.0000000e+00   3.0325930e-03
   3.6000000e+01   2.0000000e+00   2.7388553e-03
   3.7000000e+01   1.0000000e+00   2.4735691e-03
   3.8000000e+01   0.0000000e+00   2.2339786e-03
   3.9000000e+01   1.0000000e+00   2.0175948e-03
   4.0000000e+01   1.0000000e+00   1.8221701e-03
   4.1000000e+01   1.0000000e+00   1.6456743e-03
   4.2000000e+01   0.0000000e+00   1.4862738e-03
   4.3000000e+01   3.0000000e+00   1.3423130e-03
   4.4000000e+01   0.0000000e+00   1.2122962e-03
   4.5000000e+01   1.0000000e+00   1.0948729e-03
   4.6000000e+01   0.0000000e+00   9.8882323e-04
   4.7000000e+01   0.0000000e+00   8.9304556e-04
   4.8000000e+01   0.0000000e+00   8.0654495e-04
   4.9000000e+01   1.0000000e+00   7.2842280e-04
   5.0000000e+01   0.0000000e+00   6.5786759e-04
   5.1000000e+01   0.0000000e+00   5.9414637e-04
   5.2000000e+01   0.0000000e+00   5.3659720e-04
   5.3000000e+01   0.0000000e+00   4.8462226e-04
   5.4000000e+01   0.0000000e+00   4.3768163e-04
   5.5000000e+01   0.0000000e+00   3.9528768e-04
   5.6000000e+01   0.0000000e+00   3.5700001e-04
   5.7000000e+01   1.0000000e+00   3.2242090e-04
   5.8000000e+01   1.0000000e+00   2.9119113e-04
