   1.0000000e+00   7.0000000e+00   0.0000000e+00
   2.0000000e+00   1.0000000e+00   6.2371383e-03
   3.0000000e+00   8.0000000e+00   8.4922559e-03
   4.0000000e+00   4.0000000e+00   9.2687207e-03
   5.0000000e+00   3.0000000e+00   9.4964942e-03
   6.0000000e+00   7.0000000e+00   9.5210384e-03
   7.0000000e+00   6.0000000e+00   9.4706817e-03
   8.0000000e+00   4.0000000e+00   9.3930905e-03
   9.0000000e+00   3.0000000e+00   9.3059665e-03
   1.0000000e+01   3.0000000e+00   9.2158797e-03
   1.1000000e+01   5.0000000e+00   9.1252650e-03
   1.2000000e+01   3.0000000e+00   9.0350214e-03
   1.3000000e+01   4.0000000e+00   8.9454772e-03
   1.4000000e+01   6.0000000e+00   8.8567486e-03
   1.5000000e+01   4.0000000e+00   8.7688735e-03
   1.6000000e+01   3.0000000e+00   8.6818603e-03
   1.7000000e+01   3.0000000e+00   8.5957069e-03
   1.8000000e+01   5.0000000e+00   8.5104071e-03
   1.9000000e+01   2.0000000e+00   8.4259532e-03
   2.0000000e+01   3.0000000e+00   8.3423372e-03
   2.1000000e+01   3.0000000e+00   8.2595510e-03
   2.2000000e+01   8.0000000e+00   8.1775862e-03
   2.3000000e+01   3.0000000e+00   8.0964349e-03
   2.4000000e+01   2.0000000e+00   8.0160888e-03
   2.5000000e+01   7.0000000e+00   7.9365401e-03
   2.6000000e+01   5.0000000e+00   7.8577807e-03
   2.7000000e+01   3.0000000e+00   7.7798030e-03
   2.8000000e+01   7.0000000e+00   7.7025991e-03
   2.9000000e+01   1.0000000e+00   7.6261613e-03
   3.0000000e+01   6.0000000e+00   7.5504821e-03
   3.1000000e+01   3.0000000e+00   7.4755538e-03
   3.2000000e+01   3.0000000e+00   7.4013692e-03
   3.3000000e+01   4.0000000e+00   7.3279207e-03
   3.4000000e+01   3.0000000e+00   7.2552011e-03
   3.5000000e+01   3.0000000e+00   7.1832031e-03
   3.6000000e+01   2.0000000e+00   7.1119196e-03
   3.7000000e+01   2.0000000e+00   7.0413435e-03
   3.8000000e+01   4.0000000e+00   6.9714678e-03
   3.9000000e+01   6.0000000e+00   6.9022855e-03
   4.0000000e+01   3.0000000e+00   6.8337898e-03
   4.1000000e+01   4.0000000e+00   6.7659737e-03
   4.2000000e+01   2.0000000e+00   6.6988307e-03
   4.3000000e+01   3.0000000e+00   6.6323539e-03
   4.4000000e+01   0.0000000e+00   6.5665369e-03
   4.5000000e+01   2.0000000e+00   6.5013730e-03
   4.6000000e+01   6.0000000e+00   6.4368557e-03
   4.7000000e+01   3.0000000e+00   6.3729787e-03
   4.8000000e+01   0.0000000e+00   6.3097356e-03
   4.9000000e+01   3.0000000e+00   6.2471201e-03
   5.0000000e+01   5.0000000e+00   6.1851260e-03
   5.1000000e+01   0.0000000e+00   6.1237470e-03
   5.2000000e+01   1.0000000e+00   6.0629772e-03
   5.3000000e+01   3.0000000e+00   6.0028104e-03
   5.4000000e+01   6.0000000e+00   5.9432407e-03
   5.5000000e+01   1.0000000e+00   5.8842622e-03
   5.6000000e+01   5.0000000e+00   5.8258689e-03
   5.7000000e+01   0.0000000e+00   5.7680551e-03
   5.8000000e+01   4.0000000e+00   5.7108151e-03
   5.9000000e+01   2.0000000e+00   5.6541430e-03
   6.0000000e+01   3.0000000e+00   5.5980334e-03
   6.1000000e+01   2.0000000e+00   5.5424805e-03
   6.2000000e+01   4.0000000e+00   5.4874790e-03
   6.3000000e+01   0.0000000e+00   5.4330232e-03
   6.4000000e+01   2.0000000e+00   5.3791079e-03
   6.5000000e+01   3.0000000e+00   5.3257276e-03
   6.6000000e+01   1.0000000e+00   5.2728770e-03
   6.7000000e+01   2.0000000e+00   5.2205509e-03
   6.8000000e+01   1.0000000e+00   5.1687441e-03
   6.9000000e+01   2.0000000e+00   5.1174514e-03
   7.0000000e+01   4.0000000e+00   5.0666676e-03
   7.1000000e+01   0.0000000e+00   5.0163879e-03
   7.2000000e+01   3.0000000e+00   4.9666071e-03
   7.3000000e+01   2.0000000e+00   4.9173203e-03
   7.4000000e+01   0.0000000e+00   4.8685226e-03
   7.5000000e+01   0.0000000e+00   4.8202092e-03
   7.6000000e+01   0.0000000e+00   4.7723752e-03
   7.7000000e+01   5.0000000e+00   4.7250159e-03
   7.8000000e+01   2.0000000e+00   4.6781265e-03
   7.9000000e+01   0.0000000e+00   4.6317025e-03
   8.0000000e+01   2.0000000e+00   4.5857392e-03
   8.1000000e+01   0.0000000e+00   4.5402320e-03
   8.2000000e+01   2.0000000e+00   4.4951764e-03
   8.3000000e+01   1.0000000e+00   4.4505679e-03
   8.4000000e+01   2.0000000e+00   4.4064021e-03
   8.5000000e+01   0.0000000e+00   4.3626746e-03
   8.6000000e+01   2.0000000e+00   4.3193810e-03
   8.7000000e+01   3.0000000e+00   4.2765170e-03
   8.8000000e+01   7.0000000e+00   4.2340784e-03
   8.9000000e+01   1.0000000e+00   4.1920610e-03
   9.0000000e+01   1.0000000e+00   4.1504605e-03
   9.1000000e+01   1.0000000e+00   4.1092728e-03
   9.2000000e+01   2.0000000e+00   4.0684939e-03
   9.3000000e+01   2.0000000e+00   4.0281197e-03
   9.4000000e+01   1.0000000e+00   3.9881461e-03
   9.5000000e+01   3.0000000e+00   3.9485692e-03
   9.6000000e+01   3.0000000e+00   3.9093850e-03
   9.7000000e+01   2.0000000e+00   3.8705897e-03
   9.8000000e+01   3.0000000e+00   3.8321794e-03
   9.9000000e+01   2.0000000e+00   3.7941503e-03
   1.0000000e+02   3.0000000e+00   3.7564985e-03
   1.0100000e+02   3.0000000e+00   3.7192204e-03
   1.0200000e+02   3.0000000e+00   3.6823122e-03
   1.0300000e+02   1.0000000e+00   3.6457703e-03
   1.0400000e+02   5.0000000e+00   3.6095910e-03
   1.0500000e+02   2.0000000e+00   3.5737707e-03
   1.0600000e+02   2.0000000e+00   3.5383059e-03
   1.0700000e+02   0.0000000e+00   3.5031931e-03
   1.0800000e+02   2.0000000e+00   3.4684287e-03
   1.0900000e+02   0.0000000e+00   3.4340092e-03
   1.1000000e+02   2.0000000e+00   3.3999314e-03
   1.1100000e+02   3.0000000e+00   3.3661917e-03
   1.1200000e+02   0.0000000e+00   3.3327869e-03
   1.1300000e+02   4.0000000e+00   3.2997135e-03
   1.1400000e+02   1.0000000e+00   3.2669683e-03
   1.1500000e+02   3.0000000e+00   3.2345481e-03
   1.1600000e+02   3.0000000e+00   3.2024497e-03
   1.1700000e+02   0.0000000e+00   3.1706697e-03
   1.1800000e+02   4.0000000e+00   3.1392052e-03
   1.1900000e+02   2.0000000e+00   3.1080528e-03
   1.2000000e+02   2.0000000e+00   3.0772097e-03
   1.2100000e+02   3.0000000e+00   3.0466726e-03
   1.2200000e+02   1.0000000e+00   3.0164385e-03
   1.2300000e+02   0.0000000e+00   2.9865045e-03
   1.2400000e+02   0.0000000e+00   2.9568675e-03
   1.2500000e+02   1.0000000e+00   2.9275246e-03
   1.2600000e+02   1.0000000e+00   2.8984729e-03
   1.2700000e+02   0.0000000e+00   2.8697095e-03
   1.2800000e+02   0.0000000e+00   2.8412316e-03
   1.2900000e+02   3.0000000e+00   2.8130362e-03
   1.3000000e+02   2.0000000e+00   2.7851207e-03
   1.3100000e+02   2.0000000e+00   2.7574822e-03
   1.3200000e+02   4.0000000e+00   2.7301179e-03
   1.3300000e+02   3.0000000e+00   2.7030252e-03
   1.3400000e+02   0.0000000e+00   2.6762014e-03
   1.3500000e+02   0.0000000e+00   2.6496438e-03
   1.3600000e+02   1.0000000e+00   2.6233497e-03
   1.3700000e+02   3.0000000e+00   2.5973165e-03
   1.3800000e+02   2.0000000e+00   2.5715417e-03
   1.3900000e+02   1.0000000e+00   2.5460226e-03
   1.4000000e+02   1.0000000e+00   2.5207568e-03
   1.4100000e+02   0.0000000e+00   2.4957418e-03
   1.4200000e+02   0.0000000e+00   2.4709749e-03
   1.4300000e+02   1.0000000e+00   2.4464539e-03
   1.4400000e+02   0.0000000e+00   2.4221762e-03
   1.4500000e+02   1.0000000e+00   2.3981394e-03
   1.4600000e+02   1.0000000e+00   2.3743411e-03
   1.4700000e+02   1.0000000e+00   2.3507790e-03
   1.4800000e+02   1.0000000e+00   2.3274508e-03
   1.4900000e+02   0.0000000e+00   2.3043540e-03
   1.5000000e+02   0.0000000e+00   2.2814864e-03
   1.5100000e+02   0.0000000e+00   2.2588458e-03
   1.5200000e+02   4.0000000e+00   2.2364298e-03
   1.5300000e+02   2.0000000e+00   2.2142363e-03
   1.5400000e+02   2.0000000e+00   2.1922630e-03
   1.5500000e+02   1.0000000e+00   2.1705078e-03
   1.5600000e+02   2.0000000e+00   2.1489685e-03
   1.5700000e+02   3.0000000e+00   2.1276429e-03
   1.5800000e+02   1.0000000e+00   2.1065290e-03
   1.5900000e+02   2.0000000e+00   2.0856245e-03
   1.6000000e+02   0.0000000e+00   2.0649276e-03
   1.6100000e+02   0.0000000e+00   2.0444360e-03
   1.6200000e+02   0.0000000e+00   2.0241478e-03
   1.6300000e+02   0.0000000e+00   2.0040608e-03
   1.6400000e+02   1.0000000e+00   1.9841733e-03
   1.6500000e+02   3.0000000e+00   1.9644831e-03
   1.6600000e+02   0.0000000e+00   1.9449883e-03
   1.6700000e+02   1.0000000e+00   1.9256869e-03
   1.6800000e+02   0.0000000e+00   1.9065771e-03
   1.6900000e+02   1.0000000e+00   1.8876569e-03
   1.7000000e+02   0.0000000e+00   1.8689245e-03
   1.7100000e+02   3.0000000e+00   1.8503780e-03
   1.7200000e+02   1.0000000e+00   1.8320155e-03
   1.7300000e+02   0.0000000e+00   1.8138353e-03
   1.7400000e+02   0.0000000e+00   1.7958354e-03
   1.7500000e+02   3.0000000e+00   1.7780142e-03
   1.7600000e+02   1.0000000e+00   1.7603698e-03
   1.7700000e+02   0.0000000e+00   1.7429006e-03
   1.7800000e+02   1.0000000e+00   1.7256047e-03
   1.7900000e+02   1.0000000e+00   1.7084804e-03
   1.8000000e+02   2.0000000e+00   1.6915261e-03
   1.8100000e+02   1.0000000e+00   1.6747400e-03
   1.8200000e+02   0.0000000e+00   1.6581205e-03
   1.8300000e+02   0.0000000e+00   1.6416659e-03
   1.8400000e+02   0.0000000e+00   1.6253746e-03
   1.8500000e+02   1.0000000e+00   1.6092450e-03
   1.8600000e+02   1.0000000e+00   1.5932754e-03
   1.8700000e+02   0.0000000e+00   1.5774643e-03
   1.8800000e+02   1.0000000e+00   1.5618101e-03
   1.8900000e+02   0.0000000e+00   1.5463113e-03
   1.9000000e+02   2.0000000e+00   1.5309663e-03
   1.9100000e+02   3.0000000e+00   1.5157735e-03
   1.9200000e+02   3.0000000e+00   1.5007315e-03
   1.9300000e+02   0.0000000e+00   1.4858388e-03
   1.9400000e+02   3.0000000e+00   1.4710939e-03
   1.9500000e+02   0.0000000e+00   1.4564953e-03
   1.9600000e+02   0.0000000e+00   1.4420416e-03
   1.9700000e+02   0.0000000e+00   1.4277313e-03
   1.9800000e+02   0.0000000e+00   1.4135630e-03
   1.9900000e+02   1.0000000e+00   1.3995353e-03
   2.0000000e+02   1.0000000e+00   1.3856469e-03
   2.0100000e+02   2.0000000e+00   1.3718962e-03
   2.0200000e+02   1.0000000e+00   1.3582820e-03
   2.0300000e+02   0.0000000e+00   1.3448029e-03
   2.0400000e+02   2.0000000e+00   1.3314576e-03
   2.0500000e+02   1.0000000e+00   1.3182447e-03
   2.0600000e+02   0.0000000e+00   1.3051629e-03
   2.0700000e+02   0.0000000e+00   1.2922109e-03
   2.0800000e+02   1.0000000e+00   1.2793875e-03
   2.0900000e+02   2.0000000e+00   1.2666913e-03
   2.1000000e+02   1.0000000e+00   1.2541212e-03
   2.1100000e+02   1.0000000e+00   1.2416757e-03
   2.1200000e+02   2.0000000e+00   1.2293538e-03
   2.1300000e+02   1.0000000e+00   1.2171541e-03
   2.1400000e+02   0.0000000e+00   1.2050755e-03
   2.1500000e+02   0.0000000e+00   1.1931168e-03
   2.1600000e+02   1.0000000e+00   1.1812767e-03
   2.1700000e+02   0.0000000e+00   1.1695542e-03
   2.1800000e+02   1.0000000e+00   1.1579480e-03
   2.1900000e+02   2.0000000e+00   1.1464569e-03
   2.2000000e+02   0.0000000e+00   1.1350799e-03
   2.2100000e+02   0.0000000e+00   1.1238158e-03
   2.2200000e+02   1.0000000e+00   1.1126634e-03
   2.2300000e+02   0.0000000e+00   1.1016218e-03
   2.2400000e+02   1.0000000e+00   1.0906897e-03
   2.2500000e+02   1.0000000e+00   1.0798661e-03
   2.2600000e+02   0.0000000e+00   1.0691499e-03
   2.2700000e+02   0.0000000e+00   1.0585400e-03
   2.2800000e+02   0.0000000e+00   1.0480355e-03
   2.2900000e+02   0.0000000e+00   1.0376351e-03
   2.3000000e+02   0.0000000e+00   1.0273380e-03
   2.3100000e+02   0.0000000e+00   1.0171431e-03
   2.3200000e+02   0.0000000e+00   1.0070493e-03
   2.3300000e+02   0.0000000e+00   9.9705575e-04
   2.3400000e+02   1.0000000e+00   9.8716133e-04
   2.3500000e+02   3.0000000e+00   9.7736510e-04
   2.3600000e+02   1.0000000e+00   9.6766609e-04
   2.3700000e+02   1.0000000e+00   9.5806333e-04
   2.3800000e+02   0.0000000e+00   9.4855586e-04
   2.3900000e+02   1.0000000e+00   9.3914273e-04
   2.4000000e+02   0.0000000e+00   9.2982302e-04
   2.4100000e+02   0.0000000e+00   9.2059580e-04
   2.4200000e+02   0.0000000e+00   9.1146014e-04
   2.4300000e+02   0.0000000e+00   9.0241515e-04
   2.4400000e+02   1.0000000e+00   8.9345991e-04
   2.4500000e+02   0.0000000e+00   8.8459354e-04
   2.4600000e+02   0.0000000e+00   8.7581516e-04
   2.4700000e+02   0.0000000e+00   8.6712389e-04
   2.4800000e+02   1.0000000e+00   8.5851887e-04
   2.4900000e+02   0.0000000e+00   8.4999924e-04
   2.5000000e+02   0.0000000e+00   8.4156416e-04
   2.5100000e+02   0.0000000e+00   8.3321278e-04
   2.5200000e+02   1.0000000e+00   8.2494428e-04
   2.5300000e+02   0.0000000e+00   8.1675784e-04
   2.5400000e+02   0.0000000e+00   8.0865263e-04
   2.5500000e+02   1.0000000e+00   8.0062786e-04
   2.5600000e+02   0.0000000e+00   7.9268272e-04
   2.5700000e+02   0.0000000e+00   7.8481643e-04
   2.5800000e+02   0.0000000e+00   7.7702819e-04
   2.5900000e+02   0.0000000e+00   7.6931725e-04
   2.6000000e+02   1.0000000e+00   7.6168283e-04
   2.6100000e+02   0.0000000e+00   7.5412417e-04
   2.6200000e+02   0.0000000e+00   7.4664051e-04
   2.6300000e+02   0.0000000e+00   7.3923113e-04
   2.6400000e+02   0.0000000e+00   7.3189527e-04
   2.6500000e+02   0.0000000e+00   7.2463220e-04
   2.6600000e+02   0.0000000e+00   7.1744122e-04
   2.6700000e+02   1.0000000e+00   7.1032160e-04
   2.6800000e+02   1.0000000e+00   7.0327262e-04
   2.6900000e+02   1.0000000e+00   6.9629360e-04
   2.7000000e+02   2.0000000e+00   6.8938384e-04
   2.7100000e+02   2.0000000e+00   6.8254265e-04
   2.7200000e+02   0.0000000e+00   6.7576934e-04
   2.7300000e+02   0.0000000e+00   6.6906325e-04
   2.7400000e+02   0.0000000e+00   6.6242372e-04
   2.7500000e+02   0.0000000e+00   6.5585006e-04
   2.7600000e+02   0.0000000e+00   6.4934165e-04
   2.7700000e+02   0.0000000e+00   6.4289782e-04
   2.7800000e+02   0.0000000e+00   6.3651794e-04
   2.7900000e+02   1.0000000e+00   6.3020136e-04
   2.8000000e+02   1.0000000e+00   6.2394748e-04
   2.8100000e+02   0.0000000e+00   6.1775565e-04
   2.8200000e+02   0.0000000e+00   6.1162527e-04
   2.8300000e+02   0.0000000e+00   6.0555572e-04
   2.8400000e+02   0.0000000e+00   5.9954641e-04
   2.8500000e+02   0.0000000e+00   5.9359673e-04
   2.8600000e+02   0.0000000e+00   5.8770609e-04
   2.8700000e+02   0.0000000e+00   5.8187391e-04
   2.8800000e+02   1.0000000e+00   5.7609961e-04
   2.8900000e+02   0.0000000e+00   5.7038261e-04
   2.9000000e+02   0.0000000e+00   5.6472234e-04
   2.9100000e+02   0.0000000e+00   5.5911824e-04
   2.9200000e+02   0.0000000e+00   5.5356975e-04
   2.9300000e+02   0.0000000e+00   5.4807633e-04
   2.9400000e+02   0.0000000e+00   5.4263742e-04
   2.9500000e+02   0.0000000e+00   5.3725249e-04
   2.9600000e+02   0.0000000e+00   5.3192099e-04
   2.9700000e+02   0.0000000e+00   5.2664240e-04
   2.9800000e+02   1.0000000e+00   5.2141619e-04
   2.9900000e+02   0.0000000e+00   5.1624185e-04
   3.0000000e+02   0.0000000e+00   5.1111885e-04
   3.0100000e+02   0.0000000e+00   5.0604670e-04
   3.0200000e+02   0.0000000e+00   5.0102487e-04
   3.0300000e+02   0.0000000e+00   4.9605289e-04
   3.0400000e+02   0.0000000e+00   4.9113024e-04
   3.0500000e+02   0.0000000e+00   4.8625644e-04
   3.0600000e+02   0.0000000e+00   4.8143101e-04
   3.0700000e+02   0.0000000e+00   4.7665347e-04
   3.0800000e+02   0.0000000e+00   4.7192333e-04
   3.0900000e+02   1.0000000e+00   4.6724014e-04
   3.1000000e+02   0.0000000e+00   4.6260342e-04
   3.1100000e+02   0.0000000e+00   4.5801271e-04
   3.1200000e+02   0.0000000e+00   4.5346756e-04
   3.1300000e+02   1.0000000e+00   4.4896751e-04
   3.1400000e+02   0.0000000e+00   4.4451212e-04
   3.1500000e+02   0.0000000e+00   4.4010095e-04
   3.1600000e+02   0.0000000e+00   4.3573355e-04
   3.1700000e+02   1.0000000e+00   4.3140948e-04
   3.1800000e+02   0.0000000e+00   4.2712833e-04
   3.1900000e+02   1.0000000e+00   4.2288967e-04
   3.2000000e+02   1.0000000e+00   4.1869307e-04
   3.2100000e+02   0.0000000e+00   4.1453811e-04
   3.2200000e+02   0.0000000e+00   4.1042438e-04
   3.2300000e+02   0.0000000e+00   4.0635148e-04
   3.2400000e+02   0.0000000e+00   4.0231900e-04
   3.2500000e+02   0.0000000e+00   3.9832653e-04
   3.2600000e+02   0.0000000e+00   3.9437369e-04
   3.2700000e+02   0.0000000e+00   3.9046007e-04
   3.2800000e+02   1.0000000e+00   3.8658528e-04
   3.2900000e+02   0.0000000e+00   3.8274895e-04
   3.3000000e+02   0.0000000e+00   3.7895069e-04
   3.3100000e+02   0.0000000e+00   3.7519012e-04
   3.3200000e+02   1.0000000e+00   3.7146687e-04
   3.3300000e+02   0.0000000e+00   3.6778057e-04
   3.3400000e+02   0.0000000e+00   3.6413085e-04
   3.3500000e+02   0.0000000e+00   3.6051735e-04
   3.3600000e+02   0.0000000e+00   3.5693971e-04
   3.3700000e+02   0.0000000e+00   3.5339757e-04
   3.3800000e+02   0.0000000e+00   3.4989058e-04
   3.3900000e+02   0.0000000e+00   3.4641839e-04
   3.4000000e+02   0.0000000e+00   3.4298066e-04
   3.4100000e+02   1.0000000e+00   3.3957705e-04
   3.4200000e+02   0.0000000e+00   3.3620721e-04
   3.4300000e+02   0.0000000e+00   3.3287081e-04
   3.4400000e+02   0.0000000e+00   3.2956753e-04
   3.4500000e+02   0.0000000e+00   3.2629702e-04
   3.4600000e+02   0.0000000e+00   3.2305897e-04
   3.4700000e+02   0.0000000e+00   3.1985305e-04
   3.4800000e+02   0.0000000e+00   3.1667894e-04
   3.4900000e+02   0.0000000e+00   3.1353634e-04
   3.5000000e+02   0.0000000e+00   3.1042492e-04
   3.5100000e+02   0.0000000e+00   3.0734437e-04
   3.5200000e+02   0.0000000e+00   3.0429440e-04
   3.5300000e+02   0.0000000e+00   3.0127469e-04
   3.5400000e+02   0.0000000e+00   2.9828495e-04
   3.5500000e+02   1.0000000e+00   2.9532488e-04
   3.5600000e+02   0.0000000e+00   2.9239419e-04
   3.5700000e+02   0.0000000e+00   2.8949257e-04
   3.5800000e+02   0.0000000e+00   2.8661975e-04
   3.5900000e+02   0.0000000e+00   2.8377544e-04
   3.6000000e+02   0.0000000e+00   2.8095936e-04
   3.6100000e+02   0.0000000e+00   2.7817122e-04
   3.6200000e+02   0.0000000e+00   2.7541075e-04
   3.6300000e+02   0.0000000e+00   2.7267768e-04
   3.6400000e+02   0.0000000e+00   2.6997172e-04
   3.6500000e+02   0.0000000e+00   2.6729262e-04
   3.6600000e+02   0.0000000e+00   2.6464011e-04
   3.6700000e+02   1.0000000e+00   2.6201392e-04
   3.6800000e+02   0.0000000e+00   2.5941379e-04
   3.6900000e+02   0.0000000e+00   2.5683946e-04
   3.7000000e+02   0.0000000e+00   2.5429068e-04
   3.7100000e+02   0.0000000e+00   2.5176719e-04
   3.7200000e+02   0.0000000e+00   2.4926874e-04
   3.7300000e+02   1.0000000e+00   2.4679509e-04
   3.7400000e+02   0.0000000e+00   2.4434599e-04
   3.7500000e+02   0.0000000e+00   2.4192119e-04
   3.7600000e+02   0.0000000e+00   2.3952045e-04
   3.7700000e+02   0.0000000e+00   2.3714354e-04
   3.7800000e+02   1.0000000e+00   2.3479021e-04
   3.7900000e+02   0.0000000e+00   2.3246024e-04
   3.8000000e+02   0.0000000e+00   2.3015339e-04
   3.8100000e+02   0.0000000e+00   2.2786943e-04
   3.8200000e+02   0.0000000e+00   2.2560814e-04
   3.8300000e+02   0.0000000e+00   2.2336928e-04
   3.8400000e+02   0.0000000e+00   2.2115265e-04
   3.8500000e+02   0.0000000e+00   2.1895801e-04
   3.8600000e+02   0.0000000e+00   2.1678515e-04
   3.8700000e+02   0.0000000e+00   2.1463386e-04
   3.8800000e+02   0.0000000e+00   2.1250391e-04
   3.8900000e+02   0.0000000e+00   2.1039510e-04
   3.9000000e+02   0.0000000e+00   2.0830721e-04
   3.9100000e+02   0.0000000e+00   2.0624005e-04
   3.9200000e+02   0.0000000e+00   2.0419340e-04
   3.9300000e+02   0.0000000e+00   2.0216706e-04
   3.9400000e+02   0.0000000e+00   2.0016082e-04
   3.9500000e+02   0.0000000e+00   1.9817450e-04
   3.9600000e+02   2.0000000e+00   1.9620789e-04
   3.9700000e+02   1.0000000e+00   1.9426079e-04
   3.9800000e+02   0.0000000e+00   1.9233302e-04
   3.9900000e+02   0.0000000e+00   1.9042438e-04
   4.0000000e+02   0.0000000e+00   1.8853468e-04
   4.0100000e+02   0.0000000e+00   1.8666373e-04
   4.0200000e+02   1.0000000e+00   1.8481135e-04
   4.0300000e+02   0.0000000e+00   1.8297735e-04
   4.0400000e+02   1.0000000e+00   1.8116154e-04
   4.0500000e+02   0.0000000e+00   1.7936376e-04
   4.0600000e+02   0.0000000e+00   1.7758382e-04
   4.0700000e+02   0.0000000e+00   1.7582155e-04
   4.0800000e+02   0.0000000e+00   1.7407676e-04
   4.0900000e+02   0.0000000e+00   1.7234928e-04
   4.1000000e+02   0.0000000e+00   1.7063895e-04
   4.1100000e+02   0.0000000e+00   1.6894559e-04
   4.1200000e+02   0.0000000e+00   1.6726904e-04
   4.1300000e+02   0.0000000e+00   1.6560912e-04
   4.1400000e+02   0.0000000e+00   1.6396568e-04
   4.1500000e+02   0.0000000e+00   1.6233854e-04
   4.1600000e+02   0.0000000e+00   1.6072755e-04
   4.1700000e+02   0.0000000e+00   1.5913255e-04
   4.1800000e+02   0.0000000e+00   1.5755338e-04
   4.1900000e+02   0.0000000e+00   1.5598988e-04
   4.2000000e+02   0.0000000e+00   1.5444189e-04
   4.2100000e+02   0.0000000e+00   1.5290927e-04
   4.2200000e+02   0.0000000e+00   1.5139185e-04
   4.2300000e+02   0.0000000e+00   1.4988949e-04
   4.2400000e+02   0.0000000e+00   1.4840204e-04
   4.2500000e+02   0.0000000e+00   1.4692936e-04
   4.2600000e+02   0.0000000e+00   1.4547128e-04
   4.2700000e+02   0.0000000e+00   1.4402768e-04
   4.2800000e+02   0.0000000e+00   1.4259840e-04
   4.2900000e+02   0.0000000e+00   1.4118331e-04
   4.3000000e+02   0.0000000e+00   1.3978226e-04
   4.3100000e+02   0.0000000e+00   1.3839511e-04
   4.3200000e+02   0.0000000e+00   1.3702173e-04
   4.3300000e+02   0.0000000e+00   1.3566197e-04
   4.3400000e+02   1.0000000e+00   1.3431571e-04
   4.3500000e+02   0.0000000e+00   1.3298281e-04
   4.3600000e+02   0.0000000e+00   1.3166314e-04
   4.3700000e+02   0.0000000e+00   1.3035656e-04
   4.3800000e+02   0.0000000e+00   1.2906295e-04
   4.3900000e+02   1.0000000e+00   1.2778218e-04
   4.4000000e+02   0.0000000e+00   1.2651411e-04
   4.4100000e+02   0.0000000e+00   1.2525863e-04
   4.4200000e+02   0.0000000e+00   1.2401561e-04
   4.4300000e+02   0.0000000e+00   1.2278493e-04
   4.4400000e+02   0.0000000e+00   1.2156645e-04
   4.4500000e+02   0.0000000e+00   1.2036007e-04
   4.4600000e+02   0.0000000e+00   1.1916566e-04
   4.4700000e+02   0.0000000e+00   1.1798311e-04
   4.4800000e+02   0.0000000e+00   1.1681229e-04
   4.4900000e+02   0.0000000e+00   1.1565308e-04
   4.5000000e+02   0.0000000e+00   1.1450539e-04
   4.5100000e+02   0.0000000e+00   1.1336908e-04
   4.5200000e+02   0.0000000e+00   1.1224404e-04
   4.5300000e+02   0.0000000e+00   1.1113017e-04
   4.5400000e+02   0.0000000e+00   1.1002736e-04
   4.5500000e+02   0.0000000e+00   1.0893549e-04
   4.5600000e+02   0.0000000e+00   1.0785445e-04
   4.5700000e+02   0.0000000e+00   1.0678414e-04
   4.5800000e+02   0.0000000e+00   1.0572446e-04
   4.5900000e+02   0.0000000e+00   1.0467529e-04
   4.6000000e+02   0.0000000e+00   1.0363653e-04
   4.6100000e+02   0.0000000e+00   1.0260807e-04
   4.6200000e+02   0.0000000e+00   1.0158983e-04
   4.6300000e+02   0.0000000e+00   1.0058169e-04
   4.6400000e+02   0.0000000e+00   9.9583554e-05
   4.6500000e+02   0.0000000e+00   9.8595323e-05
   4.6600000e+02   0.0000000e+00   9.7616899e-05
   4.6700000e+02   0.0000000e+00   9.6648184e-05
   4.6800000e+02   0.0000000e+00   9.5689083e-05
   4.6900000e+02   0.0000000e+00   9.4739500e-05
   4.7000000e+02   0.0000000e+00   9.3799340e-05
   4.7100000e+02   0.0000000e+00   9.2868509e-05
   4.7200000e+02   0.0000000e+00   9.1946916e-05
   4.7300000e+02   0.0000000e+00   9.1034468e-05
   4.7400000e+02   0.0000000e+00   9.0131076e-05
   4.7500000e+02   0.0000000e+00   8.9236648e-05
   4.7600000e+02   0.0000000e+00   8.8351096e-05
   4.7700000e+02   0.0000000e+00   8.7474332e-05
   4.7800000e+02   0.0000000e+00   8.6606269e-05
   4.7900000e+02   0.0000000e+00   8.5746820e-05
   4.8000000e+02   1.0000000e+00   8.4895900e-05
   4.8100000e+02   0.0000000e+00   8.4053424e-05
   4.8200000e+02   0.0000000e+00   8.3219308e-05
   4.8300000e+02   0.0000000e+00   8.2393470e-05
   4.8400000e+02   0.0000000e+00   8.1575828e-05
   4.8500000e+02   0.0000000e+00   8.0766299e-05
   4.8600000e+02   0.0000000e+00   7.9964804e-05
   4.8700000e+02   0.0000000e+00   7.9171262e-05
   4.8800000e+02   0.0000000e+00   7.8385595e-05
   4.8900000e+02   0.0000000e+00   7.7607725e-05
   4.9000000e+02   0.0000000e+00   7.6837575e-05
   4.9100000e+02   0.0000000e+00   7.6075067e-05
   4.9200000e+02   0.0000000e+00   7.5320126e-05
   4.9300000e+02   0.0000000e+00   7.4572676e-05
   4.9400000e+02   1.0000000e+00   7.3832644e-05
   4.9500000e+02   0.0000000e+00   7.3099956e-05
   4.9600000e+02   0.0000000e+00   7.2374539e-05
   4.9700000e+02   0.0000000e+00   7.1656320e-05
   4.9800000e+02   0.0000000e+00   7.0945229e-05
   4.9900000e+02   0.0000000e+00   7.0241195e-05
   5.0000000e+02   0.0000000e+00   6.9544147e-05
   5.0100000e+02   0.0000000e+00   6.8854016e-05
   5.0200000e+02   0.0000000e+00   6.8170734e-05
   5.0300000e+02   0.0000000e+00   6.7494232e-05
   5.0400000e+02   0.0000000e+00   6.6824444e-05
   5.0500000e+02   0.0000000e+00   6.6161303e-05
   5.0600000e+02   0.0000000e+00   6.5504742e-05
   5.0700000e+02   0.0000000e+00   6.4854697e-05
   5.0800000e+02   0.0000000e+00   6.4211103e-05
   5.0900000e+02   0.0000000e+00   6.3573895e-05
   5.1000000e+02   0.0000000e+00   6.2943011e-05
   5.1100000e+02   0.0000000e+00   6.2318388e-05
   5.1200000e+02   0.0000000e+00   6.1699963e-05
   5.1300000e+02   0.0000000e+00   6.1087675e-05
   5.1400000e+02   0.0000000e+00   6.0481463e-05
   5.1500000e+02   0.0000000e+00   5.9881267e-05
   5.1600000e+02   0.0000000e+00   5.9287028e-05
   5.1700000e+02   0.0000000e+00   5.8698685e-05
   5.1800000e+02   0.0000000e+00   5.8116181e-05
   5.1900000e+02   0.0000000e+00   5.7539457e-05
   5.2000000e+02   0.0000000e+00   5.6968456e-05
   5.2100000e+02   0.0000000e+00   5.6403122e-05
   5.2200000e+02   0.0000000e+00   5.5843398e-05
   5.2300000e+02   0.0000000e+00   5.5289229e-05
   5.2400000e+02   0.0000000e+00   5.4740559e-05
   5.2500000e+02   0.0000000e+00   5.4197333e-05
   5.2600000e+02   0.0000000e+00   5.3659499e-05
   5.2700000e+02   0.0000000e+00   5.3127001e-05
   5.2800000e+02   0.0000000e+00   5.2599789e-05
   5.2900000e+02   0.0000000e+00   5.2077807e-05
   5.3000000e+02   0.0000000e+00   5.1561006e-05
   5.3100000e+02   0.0000000e+00   5.1049334e-05
   5.3200000e+02   0.0000000e+00   5.0542739e-05
   5.3300000e+02   0.0000000e+00   5.0041171e-05
   5.3400000e+02   0.0000000e+00   4.9544581e-05
   5.3500000e+02   0.0000000e+00   4.9052919e-05
   5.3600000e+02   0.0000000e+00   4.8566135e-05
   5.3700000e+02   0.0000000e+00   4.8084183e-05
   5.3800000e+02   0.0000000e+00   4.7607013e-05
   5.3900000e+02   0.0000000e+00   4.7134578e-05
   5.4000000e+02   0.0000000e+00   4.6666832e-05
   5.4100000e+02   0.0000000e+00   4.6203727e-05
   5.4200000e+02   0.0000000e+00   4.5745218e-05
   5.4300000e+02   1.0000000e+00   4.5291260e-05
