   1.0000000e+00   3.0000000e+00   9.6672795e-03
   2.0000000e+00   4.0000000e+00   9.5738232e-03
   3.0000000e+00   6.0000000e+00   9.4812704e-03
   4.0000000e+00   2.0000000e+00   9.3896123e-03
   5.0000000e+00   2.0000000e+00   9.2988403e-03
   6.0000000e+00   5.0000000e+00   9.2089458e-03
   7.0000000e+00   7.0000000e+00   9.1199204e-03
   8.0000000e+00   5.0000000e+00   9.0317555e-03
   9.0000000e+00   2.0000000e+00   8.9444430e-03
   1.0000000e+01   7.0000000e+00   8.8579746e-03
   1.1000000e+01   4.0000000e+00   8.7723421e-03
   1.2000000e+01   4.0000000e+00   8.6875374e-03
   1.3000000e+01   4.0000000e+00   8.6035526e-03
   1.4000000e+01   2.0000000e+00   8.5203796e-03
   1.5000000e+01   5.0000000e+00   8.4380107e-03
   1.6000000e+01   4.0000000e+00   8.3564381e-03
   1.7000000e+01   6.0000000e+00   8.2756541e-03
   1.8000000e+01   4.0000000e+00   8.1956510e-03
   1.9000000e+01   7.0000000e+00   8.1164214e-03
   2.0000000e+01   6.0000000e+00   8.0379577e-03
   2.1000000e+01   6.0000000e+00   7.9602525e-03
   2.2000000e+01   7.0000000e+00   7.8832985e-03
   2.3000000e+01   3.0000000e+00   7.8070884e-03
   2.4000000e+01   3.0000000e+00   7.7316151e-03
   2.5000000e+01   2.0000000e+00   7.6568715e-03
   2.6000000e+01   2.0000000e+00   7.5828503e-03
   2.7000000e+01   5.0000000e+00   7.5095448e-03
   2.8000000e+01   4.0000000e+00   7.4369479e-03
   2.9000000e+01   5.0000000e+00   7.3650529e-03
   3.0000000e+01   6.0000000e+00   7.2938529e-03
   3.1000000e+01   2.0000000e+00   7.2233411e-03
   3.2000000e+01   3.0000000e+00   7.1535111e-03
   3.3000000e+01   3.0000000e+00   7.0843561e-03
   3.4000000e+01   6.0000000e+00   7.0158696e-03
   3.5000000e+01   1.0000000e+00   6.9480453e-03
   3.6000000e+01   3.0000000e+00   6.8808766e-03
   3.7000000e+01   6.0000000e+00   6.8143572e-03
   3.8000000e+01   6.0000000e+00   6.7484809e-03
   3.9000000e+01   3.0000000e+00   6.6832415e-03
   4.0000000e+01   7.0000000e+00   6.6186327e-03
   4.1000000e+01   2.0000000e+00   6.5546485e-03
   4.2000000e+01   4.0000000e+00   6.4912829e-03
   4.3000000e+01   2.0000000e+00   6.4285299e-03
   4.4000000e+01   3.0000000e+00   6.3663835e-03
   4.5000000e+01   3.0000000e+00   6.3048379e-03
   4.6000000e+01   1.0000000e+00   6.2438872e-03
   4.7000000e+01   6.0000000e+00   6.1835258e-03
   4.8000000e+01   7.0000000e+00   6.1237480e-03
   4.9000000e+01   1.0000000e+00   6.0645480e-03
   5.0000000e+01   1.0000000e+00   6.0059203e-03
   5.1000000e+01   2.0000000e+00   5.9478594e-03
   5.2000000e+01   2.0000000e+00   5.8903598e-03
   5.3000000e+01   1.0000000e+00   5.8334160e-03
   5.4000000e+01   3.0000000e+00   5.7770227e-03
   5.5000000e+01   0.0000000e+00   5.7211747e-03
   5.6000000e+01   0.0000000e+00   5.6658665e-03
   5.7000000e+01   1.0000000e+00   5.6110929e-03
   5.8000000e+01   3.0000000e+00   5.5568489e-03
   5.9000000e+01   0.0000000e+00   5.5031293e-03
   6.0000000e+01   2.0000000e+00   5.4499290e-03
   6.1000000e+01   5.0000000e+00   5.3972430e-03
   6.2000000e+01   5.0000000e+00   5.3450664e-03
   6.3000000e+01   2.0000000e+00   5.2933941e-03
   6.4000000e+01   0.0000000e+00   5.2422214e-03
   6.5000000e+01   7.0000000e+00   5.1915434e-03
   6.6000000e+01   0.0000000e+00   5.1413553e-03
   6.7000000e+01   3.0000000e+00   5.0916524e-03
   6.8000000e+01   2.0000000e+00   5.0424300e-03
   6.9000000e+01   3.0000000e+00   4.9936834e-03
   7.0000000e+01   1.0000000e+00   4.9454080e-03
   7.1000000e+01   2.0000000e+00   4.8975994e-03
   7.2000000e+01   3.0000000e+00   4.8502529e-03
   7.3000000e+01   2.0000000e+00   4.8033642e-03
   7.4000000e+01   3.0000000e+00   4.7569287e-03
   7.5000000e+01   1.0000000e+00   4.7109422e-03
   7.6000000e+01   3.0000000e+00   4.6654002e-03
   7.7000000e+01   3.0000000e+00   4.6202984e-03
   7.8000000e+01   6.0000000e+00   4.5756327e-03
   7.9000000e+01   1.0000000e+00   4.5313988e-03
   8.0000000e+01   1.0000000e+00   4.4875925e-03
   8.1000000e+01   3.0000000e+00   4.4442097e-03
   8.2000000e+01   0.0000000e+00   4.4012463e-03
   8.3000000e+01   2.0000000e+00   4.3586982e-03
   8.4000000e+01   1.0000000e+00   4.3165614e-03
   8.5000000e+01   1.0000000e+00   4.2748320e-03
   8.6000000e+01   2.0000000e+00   4.2335060e-03
   8.7000000e+01   5.0000000e+00   4.1925796e-03
   8.8000000e+01   1.0000000e+00   4.1520487e-03
   8.9000000e+01   6.0000000e+00   4.1119097e-03
   9.0000000e+01   0.0000000e+00   4.0721587e-03
   9.1000000e+01   5.0000000e+00   4.0327920e-03
   9.2000000e+01   0.0000000e+00   3.9938059e-03
   9.3000000e+01   3.0000000e+00   3.9551967e-03
   9.4000000e+01   0.0000000e+00   3.9169607e-03
   9.5000000e+01   3.0000000e+00   3.8790943e-03
   9.6000000e+01   2.0000000e+00   3.8415940e-03
   9.7000000e+01   1.0000000e+00   3.8044563e-03
   9.8000000e+01   1.0000000e+00   3.7676775e-03
   9.9000000e+01   0.0000000e+00   3.7312543e-03
   1.0000000e+02   3.0000000e+00   3.6951832e-03
   1.0100000e+02   1.0000000e+00   3.6594609e-03
   1.0200000e+02   3.0000000e+00   3.6240838e-03
   1.0300000e+02   4.0000000e+00   3.5890488e-03
   1.0400000e+02   0.0000000e+00   3.5543525e-03
   1.0500000e+02   2.0000000e+00   3.5199916e-03
   1.0600000e+02   5.0000000e+00   3.4859628e-03
   1.0700000e+02   1.0000000e+00   3.4522630e-03
   1.0800000e+02   5.0000000e+00   3.4188890e-03
   1.0900000e+02   1.0000000e+00   3.3858377e-03
   1.1000000e+02   3.0000000e+00   3.3531059e-03
   1.1100000e+02   0.0000000e+00   3.3206904e-03
   1.1200000e+02   1.0000000e+00   3.2885884e-03
   1.1300000e+02   1.0000000e+00   3.2567967e-03
   1.1400000e+02   1.0000000e+00   3.2253123e-03
   1.1500000e+02   1.0000000e+00   3.1941323e-03
   1.1600000e+02   1.0000000e+00   3.1632538e-03
   1.1700000e+02   2.0000000e+00   3.1326737e-03
   1.1800000e+02   0.0000000e+00   3.1023893e-03
   1.1900000e+02   1.0000000e+00   3.0723976e-03
   1.2000000e+02   0.0000000e+00   3.0426959e-03
   1.2100000e+02   1.0000000e+00   3.0132813e-03
   1.2200000e+02   2.0000000e+00   2.9841511e-03
   1.2300000e+02   1.0000000e+00   2.9553024e-03
   1.2400000e+02   1.0000000e+00   2.9267327e-03
   1.2500000e+02   0.0000000e+00   2.8984392e-03
   1.2600000e+02   0.0000000e+00   2.8704191e-03
   1.2700000e+02   0.0000000e+00   2.8426700e-03
   1.2800000e+02   2.0000000e+00   2.8151891e-03
   1.2900000e+02   1.0000000e+00   2.7879739e-03
   1.3000000e+02   0.0000000e+00   2.7610218e-03
   1.3100000e+02   0.0000000e+00   2.7343302e-03
   1.3200000e+02   4.0000000e+00   2.7078967e-03
   1.3300000e+02   1.0000000e+00   2.6817187e-03
   1.3400000e+02   3.0000000e+00   2.6557937e-03
   1.3500000e+02   0.0000000e+00   2.6301194e-03
   1.3600000e+02   1.0000000e+00   2.6046933e-03
   1.3700000e+02   1.0000000e+00   2.5795130e-03
   1.3800000e+02   2.0000000e+00   2.5545762e-03
   1.3900000e+02   0.0000000e+00   2.5298804e-03
   1.4000000e+02   3.0000000e+00   2.5054233e-03
   1.4100000e+02   2.0000000e+00   2.4812027e-03
   1.4200000e+02   1.0000000e+00   2.4572162e-03
   1.4300000e+02   0.0000000e+00   2.4334616e-03
   1.4400000e+02   1.0000000e+00   2.4099367e-03
   1.4500000e+02   2.0000000e+00   2.3866391e-03
   1.4600000e+02   3.0000000e+00   2.3635668e-03
   1.4700000e+02   0.0000000e+00   2.3407176e-03
   1.4800000e+02   1.0000000e+00   2.3180892e-03
   1.4900000e+02   2.0000000e+00   2.2956796e-03
   1.5000000e+02   1.0000000e+00   2.2734866e-03
   1.5100000e+02   0.0000000e+00   2.2515082e-03
   1.5200000e+02   2.0000000e+00   2.2297422e-03
   1.5300000e+02   0.0000000e+00   2.2081867e-03
   1.5400000e+02   3.0000000e+00   2.1868395e-03
   1.5500000e+02   0.0000000e+00   2.1656987e-03
   1.5600000e+02   0.0000000e+00   2.1447623e-03
   1.5700000e+02   1.0000000e+00   2.1240283e-03
   1.5800000e+02   2.0000000e+00   2.1034947e-03
   1.5900000e+02   0.0000000e+00   2.0831596e-03
   1.6000000e+02   0.0000000e+00   2.0630211e-03
   1.6100000e+02   1.0000000e+00   2.0430773e-03
   1.6200000e+02   1.0000000e+00   2.0233263e-03
   1.6300000e+02   0.0000000e+00   2.0037663e-03
   1.6400000e+02   2.0000000e+00   1.9843953e-03
   1.6500000e+02   0.0000000e+00   1.9652116e-03
   1.6600000e+02   0.0000000e+00   1.9462134e-03
   1.6700000e+02   0.0000000e+00   1.9273988e-03
   1.6800000e+02   1.0000000e+00   1.9087661e-03
   1.6900000e+02   1.0000000e+00   1.8903135e-03
   1.7000000e+02   1.0000000e+00   1.8720393e-03
   1.7100000e+02   2.0000000e+00   1.8539418e-03
   1.7200000e+02   1.0000000e+00   1.8360192e-03
   1.7300000e+02   0.0000000e+00   1.8182699e-03
   1.7400000e+02   0.0000000e+00   1.8006922e-03
   1.7500000e+02   1.0000000e+00   1.7832844e-03
   1.7600000e+02   1.0000000e+00   1.7660449e-03
   1.7700000e+02   1.0000000e+00   1.7489720e-03
   1.7800000e+02   1.0000000e+00   1.7320642e-03
   1.7900000e+02   1.0000000e+00   1.7153199e-03
   1.8000000e+02   1.0000000e+00   1.6987374e-03
   1.8100000e+02   1.0000000e+00   1.6823152e-03
   1.8200000e+02   0.0000000e+00   1.6660518e-03
   1.8300000e+02   1.0000000e+00   1.6499456e-03
   1.8400000e+02   0.0000000e+00   1.6339951e-03
   1.8500000e+02   1.0000000e+00   1.6181988e-03
   1.8600000e+02   1.0000000e+00   1.6025553e-03
   1.8700000e+02   1.0000000e+00   1.5870629e-03
   1.8800000e+02   3.0000000e+00   1.5717203e-03
   1.8900000e+02   0.0000000e+00   1.5565261e-03
   1.9000000e+02   2.0000000e+00   1.5414787e-03
   1.9100000e+02   1.0000000e+00   1.5265768e-03
   1.9200000e+02   0.0000000e+00   1.5118190e-03
   1.9300000e+02   1.0000000e+00   1.4972038e-03
   1.9400000e+02   1.0000000e+00   1.4827299e-03
   1.9500000e+02   0.0000000e+00   1.4683959e-03
   1.9600000e+02   1.0000000e+00   1.4542005e-03
   1.9700000e+02   0.0000000e+00   1.4401424e-03
   1.9800000e+02   0.0000000e+00   1.4262201e-03
   1.9900000e+02   3.0000000e+00   1.4124324e-03
   2.0000000e+02   0.0000000e+00   1.3987781e-03
   2.0100000e+02   1.0000000e+00   1.3852557e-03
   2.0200000e+02   1.0000000e+00   1.3718640e-03
   2.0300000e+02   0.0000000e+00   1.3586018e-03
   2.0400000e+02   1.0000000e+00   1.3454679e-03
   2.0500000e+02   0.0000000e+00   1.3324608e-03
   2.0600000e+02   1.0000000e+00   1.3195796e-03
   2.0700000e+02   1.0000000e+00   1.3068228e-03
   2.0800000e+02   0.0000000e+00   1.2941894e-03
   2.0900000e+02   0.0000000e+00   1.2816781e-03
   2.1000000e+02   0.0000000e+00   1.2692878e-03
   2.1100000e+02   0.0000000e+00   1.2570172e-03
   2.1200000e+02   5.0000000e+00   1.2448653e-03
   2.1300000e+02   0.0000000e+00   1.2328308e-03
   2.1400000e+02   0.0000000e+00   1.2209127e-03
   2.1500000e+02   0.0000000e+00   1.2091098e-03
   2.1600000e+02   1.0000000e+00   1.1974210e-03
   2.1700000e+02   0.0000000e+00   1.1858452e-03
   2.1800000e+02   1.0000000e+00   1.1743813e-03
   2.1900000e+02   1.0000000e+00   1.1630282e-03
   2.2000000e+02   1.0000000e+00   1.1517849e-03
   2.2100000e+02   1.0000000e+00   1.1406503e-03
   2.2200000e+02   0.0000000e+00   1.1296233e-03
   2.2300000e+02   0.0000000e+00   1.1187029e-03
   2.2400000e+02   1.0000000e+00   1.1078881e-03
   2.2500000e+02   0.0000000e+00   1.0971778e-03
   2.2600000e+02   0.0000000e+00   1.0865711e-03
   2.2700000e+02   0.0000000e+00   1.0760669e-03
   2.2800000e+02   0.0000000e+00   1.0656643e-03
   2.2900000e+02   1.0000000e+00   1.0553622e-03
   2.3000000e+02   0.0000000e+00   1.0451597e-03
   2.3100000e+02   2.0000000e+00   1.0350559e-03
   2.3200000e+02   0.0000000e+00   1.0250497e-03
   2.3300000e+02   0.0000000e+00   1.0151403e-03
   2.3400000e+02   0.0000000e+00   1.0053266e-03
   2.3500000e+02   1.0000000e+00   9.9560783e-04
   2.3600000e+02   0.0000000e+00   9.8598301e-04
   2.3700000e+02   0.0000000e+00   9.7645124e-04
   2.3800000e+02   1.0000000e+00   9.6701161e-04
   2.3900000e+02   1.0000000e+00   9.5766324e-04
   2.4000000e+02   0.0000000e+00   9.4840524e-04
   2.4100000e+02   0.0000000e+00   9.3923674e-04
   2.4200000e+02   0.0000000e+00   9.3015688e-04
   2.4300000e+02   0.0000000e+00   9.2116479e-04
   2.4400000e+02   0.0000000e+00   9.1225964e-04
   2.4500000e+02   0.0000000e+00   9.0344057e-04
   2.4600000e+02   0.0000000e+00   8.9470675e-04
   2.4700000e+02   2.0000000e+00   8.8605737e-04
   2.4800000e+02   1.0000000e+00   8.7749161e-04
   2.4900000e+02   0.0000000e+00   8.6900865e-04
   2.5000000e+02   0.0000000e+00   8.6060770e-04
   2.5100000e+02   1.0000000e+00   8.5228797e-04
   2.5200000e+02   0.0000000e+00   8.4404866e-04
   2.5300000e+02   0.0000000e+00   8.3588901e-04
   2.5400000e+02   0.0000000e+00   8.2780824e-04
   2.5500000e+02   0.0000000e+00   8.1980558e-04
   2.5600000e+02   1.0000000e+00   8.1188029e-04
   2.5700000e+02   1.0000000e+00   8.0403162e-04
   2.5800000e+02   1.0000000e+00   7.9625882e-04
   2.5900000e+02   1.0000000e+00   7.8856116e-04
   2.6000000e+02   1.0000000e+00   7.8093792e-04
   2.6100000e+02   0.0000000e+00   7.7338838e-04
   2.6200000e+02   0.0000000e+00   7.6591182e-04
   2.6300000e+02   1.0000000e+00   7.5850753e-04
   2.6400000e+02   0.0000000e+00   7.5117483e-04
   2.6500000e+02   1.0000000e+00   7.4391301e-04
   2.6600000e+02   0.0000000e+00   7.3672140e-04
   2.6700000e+02   0.0000000e+00   7.2959930e-04
   2.6800000e+02   0.0000000e+00   7.2254606e-04
   2.6900000e+02   0.0000000e+00   7.1556101e-04
   2.7000000e+02   0.0000000e+00   7.0864348e-04
   2.7100000e+02   0.0000000e+00   7.0179283e-04
   2.7200000e+02   0.0000000e+00   6.9500840e-04
   2.7300000e+02   1.0000000e+00   6.8828956e-04
   2.7400000e+02   1.0000000e+00   6.8163567e-04
   2.7500000e+02   0.0000000e+00   6.7504611e-04
   2.7600000e+02   0.0000000e+00   6.6852025e-04
   2.7700000e+02   0.0000000e+00   6.6205748e-04
   2.7800000e+02   0.0000000e+00   6.5565718e-04
   2.7900000e+02   0.0000000e+00   6.4931876e-04
   2.8000000e+02   0.0000000e+00   6.4304161e-04
   2.8100000e+02   0.0000000e+00   6.3682515e-04
   2.8200000e+02   1.0000000e+00   6.3066878e-04
   2.8300000e+02   0.0000000e+00   6.2457193e-04
   2.8400000e+02   0.0000000e+00   6.1853402e-04
   2.8500000e+02   1.0000000e+00   6.1255448e-04
   2.8600000e+02   0.0000000e+00   6.0663275e-04
   2.8700000e+02   0.0000000e+00   6.0076826e-04
   2.8800000e+02   0.0000000e+00   5.9496046e-04
   2.8900000e+02   0.0000000e+00   5.8920881e-04
   2.9000000e+02   1.0000000e+00   5.8351277e-04
   2.9100000e+02   0.0000000e+00   5.7787179e-04
   2.9200000e+02   1.0000000e+00   5.7228534e-04
   2.9300000e+02   1.0000000e+00   5.6675290e-04
   2.9400000e+02   0.0000000e+00   5.6127394e-04
   2.9500000e+02   0.0000000e+00   5.5584794e-04
   2.9600000e+02   0.0000000e+00   5.5047441e-04
   2.9700000e+02   0.0000000e+00   5.4515282e-04
   2.9800000e+02   0.0000000e+00   5.3988267e-04
   2.9900000e+02   1.0000000e+00   5.3466348e-04
   3.0000000e+02   0.0000000e+00   5.2949473e-04
   3.0100000e+02   0.0000000e+00   5.2437596e-04
   3.0200000e+02   1.0000000e+00   5.1930667e-04
   3.0300000e+02   0.0000000e+00   5.1428639e-04
   3.0400000e+02   0.0000000e+00   5.0931464e-04
   3.0500000e+02   0.0000000e+00   5.0439095e-04
   3.0600000e+02   0.0000000e+00   4.9951486e-04
   3.0700000e+02   1.0000000e+00   4.9468591e-04
   3.0800000e+02   1.0000000e+00   4.8990365e-04
   3.0900000e+02   0.0000000e+00   4.8516761e-04
   3.1000000e+02   0.0000000e+00   4.8047736e-04
   3.1100000e+02   0.0000000e+00   4.7583245e-04
   3.1200000e+02   0.0000000e+00   4.7123245e-04
   3.1300000e+02   0.0000000e+00   4.6667691e-04
   3.1400000e+02   1.0000000e+00   4.6216541e-04
   3.1500000e+02   0.0000000e+00   4.5769753e-04
   3.1600000e+02   0.0000000e+00   4.5327284e-04
   3.1700000e+02   0.0000000e+00   4.4889093e-04
   3.1800000e+02   1.0000000e+00   4.4455137e-04
   3.1900000e+02   1.0000000e+00   4.4025377e-04
   3.2000000e+02   3.0000000e+00   4.3599771e-04
   3.2100000e+02   1.0000000e+00   4.3178280e-04
   3.2200000e+02   0.0000000e+00   4.2760864e-04
   3.2300000e+02   0.0000000e+00   4.2347483e-04
   3.2400000e+02   0.0000000e+00   4.1938098e-04
   3.2500000e+02   0.0000000e+00   4.1532670e-04
   3.2600000e+02   0.0000000e+00   4.1131162e-04
   3.2700000e+02   0.0000000e+00   4.0733536e-04
   3.2800000e+02   0.0000000e+00   4.0339753e-04
   3.2900000e+02   0.0000000e+00   3.9949778e-04
   3.3000000e+02   0.0000000e+00   3.9563572e-04
   3.3100000e+02   0.0000000e+00   3.9181100e-04
   3.3200000e+02   0.0000000e+00   3.8802325e-04
   3.3300000e+02   0.0000000e+00   3.8427212e-04
   3.3400000e+02   0.0000000e+00   3.8055726e-04
   3.3500000e+02   1.0000000e+00   3.7687830e-04
   3.3600000e+02   0.0000000e+00   3.7323492e-04
   3.3700000e+02   0.0000000e+00   3.6962675e-04
   3.3800000e+02   0.0000000e+00   3.6605346e-04
   3.3900000e+02   0.0000000e+00   3.6251472e-04
   3.4000000e+02   0.0000000e+00   3.5901019e-04
   3.4100000e+02   0.0000000e+00   3.5553954e-04
   3.4200000e+02   0.0000000e+00   3.5210244e-04
   3.4300000e+02   0.0000000e+00   3.4869857e-04
   3.4400000e+02   1.0000000e+00   3.4532760e-04
   3.4500000e+02   0.0000000e+00   3.4198922e-04
   3.4600000e+02   0.0000000e+00   3.3868312e-04
   3.4700000e+02   0.0000000e+00   3.3540897e-04
   3.4800000e+02   0.0000000e+00   3.3216648e-04
   3.4900000e+02   0.0000000e+00   3.2895533e-04
   3.5000000e+02   0.0000000e+00   3.2577523e-04
   3.5100000e+02   0.0000000e+00   3.2262587e-04
   3.5200000e+02   1.0000000e+00   3.1950696e-04
   3.5300000e+02   0.0000000e+00   3.1641819e-04
   3.5400000e+02   1.0000000e+00   3.1335929e-04
   3.5500000e+02   0.0000000e+00   3.1032996e-04
   3.5600000e+02   0.0000000e+00   3.0732991e-04
   3.5700000e+02   0.0000000e+00   3.0435887e-04
   3.5800000e+02   1.0000000e+00   3.0141655e-04
   3.5900000e+02   0.0000000e+00   2.9850267e-04
   3.6000000e+02   0.0000000e+00   2.9561696e-04
   3.6100000e+02   0.0000000e+00   2.9275915e-04
   3.6200000e+02   0.0000000e+00   2.8992896e-04
   3.6300000e+02   0.0000000e+00   2.8712614e-04
   3.6400000e+02   0.0000000e+00   2.8435041e-04
   3.6500000e+02   0.0000000e+00   2.8160152e-04
   3.6600000e+02   1.0000000e+00   2.7887919e-04
   3.6700000e+02   0.0000000e+00   2.7618319e-04
   3.6800000e+02   1.0000000e+00   2.7351325e-04
   3.6900000e+02   0.0000000e+00   2.7086912e-04
   3.7000000e+02   0.0000000e+00   2.6825055e-04
   3.7100000e+02   0.0000000e+00   2.6565730e-04
   3.7200000e+02   0.0000000e+00   2.6308912e-04
   3.7300000e+02   0.0000000e+00   2.6054576e-04
   3.7400000e+02   0.0000000e+00   2.5802699e-04
   3.7500000e+02   0.0000000e+00   2.5553257e-04
   3.7600000e+02   1.0000000e+00   2.5306227e-04
   3.7700000e+02   0.0000000e+00   2.5061585e-04
   3.7800000e+02   0.0000000e+00   2.4819307e-04
   3.7900000e+02   0.0000000e+00   2.4579372e-04
   3.8000000e+02   0.0000000e+00   2.4341756e-04
   3.8100000e+02   0.0000000e+00   2.4106438e-04
   3.8200000e+02   0.0000000e+00   2.3873394e-04
   3.8300000e+02   0.0000000e+00   2.3642603e-04
   3.8400000e+02   0.0000000e+00   2.3414044e-04
   3.8500000e+02   0.0000000e+00   2.3187694e-04
   3.8600000e+02   0.0000000e+00   2.2963532e-04
   3.8700000e+02   0.0000000e+00   2.2741537e-04
   3.8800000e+02   0.0000000e+00   2.2521688e-04
   3.8900000e+02   0.0000000e+00   2.2303965e-04
   3.9000000e+02   0.0000000e+00   2.2088346e-04
   3.9100000e+02   0.0000000e+00   2.1874812e-04
   3.9200000e+02   0.0000000e+00   2.1663342e-04
   3.9300000e+02   0.0000000e+00   2.1453916e-04
   3.9400000e+02   0.0000000e+00   2.1246515e-04
   3.9500000e+02   0.0000000e+00   2.1041119e-04
   3.9600000e+02   0.0000000e+00   2.0837709e-04
   3.9700000e+02   1.0000000e+00   2.0636265e-04
   3.9800000e+02   0.0000000e+00   2.0436768e-04
   3.9900000e+02   0.0000000e+00   2.0239200e-04
   4.0000000e+02   1.0000000e+00   2.0043542e-04
   4.0100000e+02   1.0000000e+00   1.9849776e-04
   4.0200000e+02   0.0000000e+00   1.9657883e-04
   4.0300000e+02   0.0000000e+00   1.9467844e-04
   4.0400000e+02   0.0000000e+00   1.9279643e-04
   4.0500000e+02   0.0000000e+00   1.9093261e-04
   4.0600000e+02   0.0000000e+00   1.8908682e-04
   4.0700000e+02   0.0000000e+00   1.8725886e-04
   4.0800000e+02   0.0000000e+00   1.8544858e-04
   4.0900000e+02   0.0000000e+00   1.8365579e-04
   4.1000000e+02   1.0000000e+00   1.8188034e-04
   4.1100000e+02   0.0000000e+00   1.8012205e-04
   4.1200000e+02   0.0000000e+00   1.7838076e-04
   4.1300000e+02   0.0000000e+00   1.7665631e-04
   4.1400000e+02   0.0000000e+00   1.7494852e-04
   4.1500000e+02   0.0000000e+00   1.7325724e-04
   4.1600000e+02   0.0000000e+00   1.7158232e-04
   4.1700000e+02   0.0000000e+00   1.6992358e-04
   4.1800000e+02   0.0000000e+00   1.6828089e-04
   4.1900000e+02   0.0000000e+00   1.6665407e-04
   4.2000000e+02   0.0000000e+00   1.6504298e-04
   4.2100000e+02   0.0000000e+00   1.6344746e-04
   4.2200000e+02   0.0000000e+00   1.6186737e-04
   4.2300000e+02   0.0000000e+00   1.6030255e-04
   4.2400000e+02   0.0000000e+00   1.5875286e-04
   4.2500000e+02   0.0000000e+00   1.5721815e-04
   4.2600000e+02   0.0000000e+00   1.5569828e-04
   4.2700000e+02   1.0000000e+00   1.5419310e-04
   4.2800000e+02   0.0000000e+00   1.5270247e-04
   4.2900000e+02   0.0000000e+00   1.5122626e-04
   4.3000000e+02   0.0000000e+00   1.4976431e-04
   4.3100000e+02   0.0000000e+00   1.4831650e-04
   4.3200000e+02   0.0000000e+00   1.4688268e-04
   4.3300000e+02   0.0000000e+00   1.4546272e-04
   4.3400000e+02   0.0000000e+00   1.4405649e-04
   4.3500000e+02   0.0000000e+00   1.4266386e-04
   4.3600000e+02   0.0000000e+00   1.4128469e-04
   4.3700000e+02   0.0000000e+00   1.3991885e-04
   4.3800000e+02   0.0000000e+00   1.3856622e-04
   4.3900000e+02   0.0000000e+00   1.3722666e-04
   4.4000000e+02   0.0000000e+00   1.3590005e-04
   4.4100000e+02   0.0000000e+00   1.3458626e-04
   4.4200000e+02   0.0000000e+00   1.3328518e-04
   4.4300000e+02   0.0000000e+00   1.3199668e-04
   4.4400000e+02   0.0000000e+00   1.3072063e-04
   4.4500000e+02   0.0000000e+00   1.2945691e-04
   4.4600000e+02   0.0000000e+00   1.2820542e-04
   4.4700000e+02   0.0000000e+00   1.2696602e-04
   4.4800000e+02   0.0000000e+00   1.2573861e-04
   4.4900000e+02   0.0000000e+00   1.2452305e-04
   4.5000000e+02   0.0000000e+00   1.2331926e-04
   4.5100000e+02   0.0000000e+00   1.2212709e-04
   4.5200000e+02   0.0000000e+00   1.2094646e-04
   4.5300000e+02   0.0000000e+00   1.1977723e-04
   4.5400000e+02   0.0000000e+00   1.1861931e-04
   4.5500000e+02   0.0000000e+00   1.1747259e-04
   4.5600000e+02   0.0000000e+00   1.1633695e-04
   4.5700000e+02   0.0000000e+00   1.1521229e-04
   4.5800000e+02   0.0000000e+00   1.1409850e-04
   4.5900000e+02   0.0000000e+00   1.1299547e-04
   4.6000000e+02   0.0000000e+00   1.1190312e-04
   4.6100000e+02   0.0000000e+00   1.1082132e-04
   4.6200000e+02   0.0000000e+00   1.0974998e-04
   4.6300000e+02   0.0000000e+00   1.0868899e-04
   4.6400000e+02   0.0000000e+00   1.0763827e-04
   4.6500000e+02   0.0000000e+00   1.0659770e-04
   4.6600000e+02   0.0000000e+00   1.0556719e-04
   4.6700000e+02   0.0000000e+00   1.0454664e-04
   4.6800000e+02   0.0000000e+00   1.0353596e-04
   4.6900000e+02   0.0000000e+00   1.0253505e-04
   4.7000000e+02   0.0000000e+00   1.0154381e-04
   4.7100000e+02   0.0000000e+00   1.0056216e-04
   4.7200000e+02   0.0000000e+00   9.9589997e-05
   4.7300000e+02   0.0000000e+00   9.8627232e-05
   4.7400000e+02   0.0000000e+00   9.7673775e-05
   4.7500000e+02   0.0000000e+00   9.6729536e-05
   4.7600000e+02   0.0000000e+00   9.5794424e-05
   4.7700000e+02   0.0000000e+00   9.4868353e-05
   4.7800000e+02   0.0000000e+00   9.3951234e-05
   4.7900000e+02   1.0000000e+00   9.3042981e-05
   4.8000000e+02   0.0000000e+00   9.2143508e-05
   4.8100000e+02   0.0000000e+00   9.1252731e-05
   4.8200000e+02   0.0000000e+00   9.0370566e-05
   4.8300000e+02   0.0000000e+00   8.9496928e-05
   4.8400000e+02   0.0000000e+00   8.8631736e-05
   4.8500000e+02   0.0000000e+00   8.7774909e-05
   4.8600000e+02   0.0000000e+00   8.6926364e-05
   4.8700000e+02   0.0000000e+00   8.6086023e-05
   4.8800000e+02   0.0000000e+00   8.5253805e-05
   4.8900000e+02   0.0000000e+00   8.4429633e-05
   4.9000000e+02   0.0000000e+00   8.3613428e-05
   4.9100000e+02   0.0000000e+00   8.2805113e-05
   4.9200000e+02   0.0000000e+00   8.2004613e-05
   4.9300000e+02   0.0000000e+00   8.1211852e-05
   4.9400000e+02   0.0000000e+00   8.0426754e-05
   4.9500000e+02   0.0000000e+00   7.9649246e-05
   4.9600000e+02   0.0000000e+00   7.8879255e-05
   4.9700000e+02   0.0000000e+00   7.8116707e-05
   4.9800000e+02   0.0000000e+00   7.7361531e-05
   4.9900000e+02   0.0000000e+00   7.6613655e-05
   5.0000000e+02   0.0000000e+00   7.5873010e-05
   5.0100000e+02   0.0000000e+00   7.5139524e-05
   5.0200000e+02   0.0000000e+00   7.4413129e-05
   5.0300000e+02   0.0000000e+00   7.3693757e-05
   5.0400000e+02   0.0000000e+00   7.2981339e-05
   5.0500000e+02   0.0000000e+00   7.2275808e-05
   5.0600000e+02   0.0000000e+00   7.1577097e-05
   5.0700000e+02   0.0000000e+00   7.0885141e-05
   5.0800000e+02   0.0000000e+00   7.0199875e-05
   5.0900000e+02   0.0000000e+00   6.9521233e-05
   5.1000000e+02   0.0000000e+00   6.8849152e-05
   5.1100000e+02   0.0000000e+00   6.8183568e-05
   5.1200000e+02   0.0000000e+00   6.7524418e-05
   5.1300000e+02   0.0000000e+00   6.6871641e-05
   5.1400000e+02   0.0000000e+00   6.6225174e-05
   5.1500000e+02   0.0000000e+00   6.5584957e-05
   5.1600000e+02   0.0000000e+00   6.4950929e-05
   5.1700000e+02   1.0000000e+00   6.4323030e-05
   5.1800000e+02   0.0000000e+00   6.3701201e-05
   5.1900000e+02   0.0000000e+00   6.3085384e-05
   5.2000000e+02   0.0000000e+00   6.2475520e-05
   5.2100000e+02   0.0000000e+00   6.1871551e-05
   5.2200000e+02   0.0000000e+00   6.1273422e-05
   5.2300000e+02   0.0000000e+00   6.0681075e-05
   5.2400000e+02   0.0000000e+00   6.0094454e-05
   5.2500000e+02   0.0000000e+00   5.9513504e-05
   5.2600000e+02   0.0000000e+00   5.8938170e-05
   5.2700000e+02   0.0000000e+00   5.8368398e-05
   5.2800000e+02   0.0000000e+00   5.7804135e-05
   5.2900000e+02   0.0000000e+00   5.7245326e-05
   5.3000000e+02   0.0000000e+00   5.6691919e-05
   5.3100000e+02   0.0000000e+00   5.6143863e-05
   5.3200000e+02   0.0000000e+00   5.5601104e-05
   5.3300000e+02   0.0000000e+00   5.5063593e-05
   5.3400000e+02   0.0000000e+00   5.4531278e-05
   5.3500000e+02   0.0000000e+00   5.4004109e-05
   5.3600000e+02   0.0000000e+00   5.3482036e-05
   5.3700000e+02   0.0000000e+00   5.2965010e-05
   5.3800000e+02   0.0000000e+00   5.2452983e-05
   5.3900000e+02   0.0000000e+00   5.1945905e-05
   5.4000000e+02   0.0000000e+00   5.1443729e-05
   5.4100000e+02   0.0000000e+00   5.0946408e-05
   5.4200000e+02   0.0000000e+00   5.0453895e-05
   5.4300000e+02   0.0000000e+00   4.9966143e-05
   5.4400000e+02   0.0000000e+00   4.9483107e-05
   5.4500000e+02   0.0000000e+00   4.9004740e-05
   5.4600000e+02   0.0000000e+00   4.8530997e-05
   5.4700000e+02   0.0000000e+00   4.8061834e-05
   5.4800000e+02   0.0000000e+00   4.7597207e-05
   5.4900000e+02   0.0000000e+00   4.7137072e-05
   5.5000000e+02   0.0000000e+00   4.6681384e-05
   5.5100000e+02   0.0000000e+00   4.6230102e-05
   5.5200000e+02   0.0000000e+00   4.5783183e-05
   5.5300000e+02   0.0000000e+00   4.5340584e-05
   5.5400000e+02   0.0000000e+00   4.4902264e-05
   5.5500000e+02   0.0000000e+00   4.4468181e-05
   5.5600000e+02   0.0000000e+00   4.4038295e-05
   5.5700000e+02   1.0000000e+00   4.3612565e-05
   5.5800000e+02   0.0000000e+00   4.3190950e-05
   5.5900000e+02   0.0000000e+00   4.2773411e-05
   5.6000000e+02   0.0000000e+00   4.2359908e-05
   5.6100000e+02   0.0000000e+00   4.1950403e-05
   5.6200000e+02   0.0000000e+00   4.1544857e-05
   5.6300000e+02   0.0000000e+00   4.1143231e-05
   5.6400000e+02   0.0000000e+00   4.0745488e-05
   5.6500000e+02   0.0000000e+00   4.0351590e-05
   5.6600000e+02   0.0000000e+00   3.9961500e-05
   5.6700000e+02   0.0000000e+00   3.9575181e-05
   5.6800000e+02   0.0000000e+00   3.9192597e-05
   5.6900000e+02   0.0000000e+00   3.8813711e-05
   5.7000000e+02   0.0000000e+00   3.8438488e-05
   5.7100000e+02   0.0000000e+00   3.8066892e-05
   5.7200000e+02   0.0000000e+00   3.7698889e-05
   5.7300000e+02   0.0000000e+00   3.7334443e-05
   5.7400000e+02   0.0000000e+00   3.6973521e-05
   5.7500000e+02   0.0000000e+00   3.6616087e-05
   5.7600000e+02   0.0000000e+00   3.6262109e-05
   5.7700000e+02   1.0000000e+00   3.5911553e-05
   5.7800000e+02   0.0000000e+00   3.5564386e-05
   5.7900000e+02   0.0000000e+00   3.5220576e-05
   5.8000000e+02   0.0000000e+00   3.4880088e-05
   5.8100000e+02   0.0000000e+00   3.4542893e-05
   5.8200000e+02   0.0000000e+00   3.4208957e-05
   5.8300000e+02   0.0000000e+00   3.3878250e-05
   5.8400000e+02   0.0000000e+00   3.3550739e-05
   5.8500000e+02   0.0000000e+00   3.3226395e-05
   5.8600000e+02   0.0000000e+00   3.2905186e-05
   5.8700000e+02   1.0000000e+00   3.2587082e-05
   5.8800000e+02   0.0000000e+00   3.2272054e-05
   5.8900000e+02   0.0000000e+00   3.1960071e-05
   5.9000000e+02   0.0000000e+00   3.1651104e-05
   5.9100000e+02   0.0000000e+00   3.1345124e-05
   5.9200000e+02   0.0000000e+00   3.1042102e-05
   5.9300000e+02   0.0000000e+00   3.0742009e-05
   5.9400000e+02   0.0000000e+00   3.0444817e-05
   5.9500000e+02   0.0000000e+00   3.0150499e-05
   5.9600000e+02   0.0000000e+00   2.9859026e-05
   5.9700000e+02   0.0000000e+00   2.9570370e-05
   5.9800000e+02   0.0000000e+00   2.9284505e-05
   5.9900000e+02   0.0000000e+00   2.9001403e-05
   6.0000000e+02   0.0000000e+00   2.8721039e-05
   6.0100000e+02   0.0000000e+00   2.8443384e-05
   6.0200000e+02   0.0000000e+00   2.8168414e-05
   6.0300000e+02   0.0000000e+00   2.7896102e-05
   6.0400000e+02   0.0000000e+00   2.7626423e-05
   6.0500000e+02   0.0000000e+00   2.7359351e-05
   6.0600000e+02   0.0000000e+00   2.7094860e-05
   6.0700000e+02   0.0000000e+00   2.6832927e-05
   6.0800000e+02   0.0000000e+00   2.6573525e-05
   6.0900000e+02   0.0000000e+00   2.6316631e-05
   6.1000000e+02   0.0000000e+00   2.6062221e-05
   6.1100000e+02   0.0000000e+00   2.5810270e-05
   6.1200000e+02   0.0000000e+00   2.5560755e-05
   6.1300000e+02   0.0000000e+00   2.5313652e-05
   6.1400000e+02   0.0000000e+00   2.5068938e-05
   6.1500000e+02   0.0000000e+00   2.4826590e-05
   6.1600000e+02   0.0000000e+00   2.4586584e-05
   6.1700000e+02   0.0000000e+00   2.4348899e-05
   6.1800000e+02   0.0000000e+00   2.4113511e-05
   6.1900000e+02   0.0000000e+00   2.3880399e-05
   6.2000000e+02   0.0000000e+00   2.3649541e-05
   6.2100000e+02   0.0000000e+00   2.3420914e-05
   6.2200000e+02   0.0000000e+00   2.3194497e-05
   6.2300000e+02   0.0000000e+00   2.2970270e-05
   6.2400000e+02   0.0000000e+00   2.2748210e-05
   6.2500000e+02   0.0000000e+00   2.2528296e-05
   6.2600000e+02   0.0000000e+00   2.2310509e-05
   6.2700000e+02   1.0000000e+00   2.2094827e-05
   6.2800000e+02   0.0000000e+00   2.1881230e-05
   6.2900000e+02   0.0000000e+00   2.1669698e-05
   6.3000000e+02   0.0000000e+00   2.1460211e-05
   6.3100000e+02   0.0000000e+00   2.1252749e-05
   6.3200000e+02   0.0000000e+00   2.1047293e-05
   6.3300000e+02   0.0000000e+00   2.0843823e-05
   6.3400000e+02   0.0000000e+00   2.0642320e-05
   6.3500000e+02   0.0000000e+00   2.0442765e-05
   6.3600000e+02   0.0000000e+00   2.0245139e-05
   6.3700000e+02   0.0000000e+00   2.0049424e-05
   6.3800000e+02   0.0000000e+00   1.9855600e-05
   6.3900000e+02   0.0000000e+00   1.9663651e-05
   6.4000000e+02   0.0000000e+00   1.9473557e-05
   6.4100000e+02   0.0000000e+00   1.9285300e-05
   6.4200000e+02   0.0000000e+00   1.9098864e-05
   6.4300000e+02   0.0000000e+00   1.8914230e-05
   6.4400000e+02   0.0000000e+00   1.8731381e-05
   6.4500000e+02   0.0000000e+00   1.8550299e-05
   6.4600000e+02   0.0000000e+00   1.8370968e-05
   6.4700000e+02   0.0000000e+00   1.8193371e-05
   6.4800000e+02   0.0000000e+00   1.8017491e-05
   6.4900000e+02   0.0000000e+00   1.7843310e-05
   6.5000000e+02   0.0000000e+00   1.7670814e-05
   6.5100000e+02   0.0000000e+00   1.7499985e-05
   6.5200000e+02   0.0000000e+00   1.7330808e-05
   6.5300000e+02   0.0000000e+00   1.7163266e-05
   6.5400000e+02   0.0000000e+00   1.6997344e-05
   6.5500000e+02   0.0000000e+00   1.6833026e-05
   6.5600000e+02   0.0000000e+00   1.6670297e-05
   6.5700000e+02   0.0000000e+00   1.6509140e-05
   6.5800000e+02   0.0000000e+00   1.6349542e-05
   6.5900000e+02   0.0000000e+00   1.6191486e-05
   6.6000000e+02   0.0000000e+00   1.6034959e-05
   6.6100000e+02   0.0000000e+00   1.5879944e-05
   6.6200000e+02   0.0000000e+00   1.5726428e-05
   6.6300000e+02   0.0000000e+00   1.5574397e-05
   6.6400000e+02   0.0000000e+00   1.5423835e-05
   6.6500000e+02   0.0000000e+00   1.5274728e-05
   6.6600000e+02   0.0000000e+00   1.5127063e-05
   6.6700000e+02   0.0000000e+00   1.4980825e-05
   6.6800000e+02   0.0000000e+00   1.4836002e-05
   6.6900000e+02   0.0000000e+00   1.4692578e-05
   6.7000000e+02   0.0000000e+00   1.4550541e-05
   6.7100000e+02   0.0000000e+00   1.4409876e-05
   6.7200000e+02   0.0000000e+00   1.4270572e-05
   6.7300000e+02   0.0000000e+00   1.4132614e-05
   6.7400000e+02   0.0000000e+00   1.3995991e-05
   6.7500000e+02   0.0000000e+00   1.3860687e-05
   6.7600000e+02   0.0000000e+00   1.3726692e-05
   6.7700000e+02   0.0000000e+00   1.3593992e-05
   6.7800000e+02   0.0000000e+00   1.3462576e-05
   6.7900000e+02   0.0000000e+00   1.3332429e-05
   6.8000000e+02   0.0000000e+00   1.3203541e-05
   6.8100000e+02   0.0000000e+00   1.3075898e-05
   6.8200000e+02   0.0000000e+00   1.2949490e-05
   6.8300000e+02   0.0000000e+00   1.2824304e-05
   6.8400000e+02   0.0000000e+00   1.2700328e-05
   6.8500000e+02   0.0000000e+00   1.2577550e-05
   6.8600000e+02   0.0000000e+00   1.2455959e-05
   6.8700000e+02   0.0000000e+00   1.2335544e-05
   6.8800000e+02   0.0000000e+00   1.2216293e-05
   6.8900000e+02   0.0000000e+00   1.2098195e-05
   6.9000000e+02   0.0000000e+00   1.1981238e-05
   6.9100000e+02   0.0000000e+00   1.1865412e-05
   6.9200000e+02   0.0000000e+00   1.1750706e-05
   6.9300000e+02   0.0000000e+00   1.1637108e-05
   6.9400000e+02   0.0000000e+00   1.1524609e-05
   6.9500000e+02   0.0000000e+00   1.1413198e-05
   6.9600000e+02   0.0000000e+00   1.1302863e-05
   6.9700000e+02   0.0000000e+00   1.1193595e-05
   6.9800000e+02   0.0000000e+00   1.1085383e-05
   6.9900000e+02   0.0000000e+00   1.0978218e-05
   7.0000000e+02   0.0000000e+00   1.0872088e-05
   7.0100000e+02   0.0000000e+00   1.0766985e-05
   7.0200000e+02   0.0000000e+00   1.0662897e-05
   7.0300000e+02   0.0000000e+00   1.0559816e-05
   7.0400000e+02   0.0000000e+00   1.0457732e-05
   7.0500000e+02   0.0000000e+00   1.0356634e-05
   7.0600000e+02   0.0000000e+00   1.0256513e-05
   7.0700000e+02   0.0000000e+00   1.0157361e-05
   7.0800000e+02   0.0000000e+00   1.0059167e-05
   7.0900000e+02   0.0000000e+00   9.9619219e-06
   7.1000000e+02   0.0000000e+00   9.8656172e-06
   7.1100000e+02   0.0000000e+00   9.7702435e-06
   7.1200000e+02   0.0000000e+00   9.6757918e-06
   7.1300000e+02   0.0000000e+00   9.5822533e-06
   7.1400000e+02   1.0000000e+00   9.4896189e-06
