   1.0000000e+00   3.3000000e+01   4.4544868e-02
   2.0000000e+00   2.3000000e+01   4.2560622e-02
   3.0000000e+00   1.7000000e+01   4.0664765e-02
   4.0000000e+00   2.1000000e+01   3.8853359e-02
   5.0000000e+00   1.5000000e+01   3.7122641e-02
   6.0000000e+00   2.2000000e+01   3.5469018e-02
   7.0000000e+00   2.3000000e+01   3.3889055e-02
   8.0000000e+00   1.4000000e+01   3.2379472e-02
   9.0000000e+00   1.5000000e+01   3.0937132e-02
   1.0000000e+01   1.4000000e+01   2.9559042e-02
   1.1000000e+01   1.0000000e+01   2.8242338e-02
   1.2000000e+01   2.3000000e+01   2.6984287e-02
   1.3000000e+01   1.2000000e+01   2.5782275e-02
   1.4000000e+01   9.0000000e+00   2.4633807e-02
   1.5000000e+01   8.0000000e+00   2.3536498e-02
   1.6000000e+01   1.0000000e+01   2.2488068e-02
   1.7000000e+01   7.0000000e+00   2.1486340e-02
   1.8000000e+01   6.0000000e+00   2.0529233e-02
   1.9000000e+01   1.1000000e+01   1.9614761e-02
   2.0000000e+01   7.0000000e+00   1.8741024e-02
   2.1000000e+01   4.0000000e+00   1.7906208e-02
   2.2000000e+01   5.0000000e+00   1.7108578e-02
   2.3000000e+01   8.0000000e+00   1.6346479e-02
   2.4000000e+01   5.0000000e+00   1.5618327e-02
   2.5000000e+01   1.0000000e+01   1.4922611e-02
   2.6000000e+01   7.0000000e+00   1.4257885e-02
   2.7000000e+01   5.0000000e+00   1.3622770e-02
   2.8000000e+01   1.0000000e+01   1.3015945e-02
   2.9000000e+01   6.0000000e+00   1.2436152e-02
   3.0000000e+01   3.0000000e+00   1.1882185e-02
   3.1000000e+01   8.0000000e+00   1.1352894e-02
   3.2000000e+01   3.0000000e+00   1.0847181e-02
   3.3000000e+01   5.0000000e+00   1.0363995e-02
   3.4000000e+01   7.0000000e+00   9.9023323e-03
   3.5000000e+01   5.0000000e+00   9.4612342e-03
   3.6000000e+01   2.0000000e+00   9.0397848e-03
   3.7000000e+01   2.0000000e+00   8.6371088e-03
   3.8000000e+01   6.0000000e+00   8.2523699e-03
   3.9000000e+01   1.0000000e+00   7.8847692e-03
   4.0000000e+01   2.0000000e+00   7.5335432e-03
   4.1000000e+01   3.0000000e+00   7.1979625e-03
   4.2000000e+01   4.0000000e+00   6.8773302e-03
   4.3000000e+01   0.0000000e+00   6.5709804e-03
   4.4000000e+01   1.0000000e+00   6.2782770e-03
   4.5000000e+01   5.0000000e+00   5.9986120e-03
   4.6000000e+01   6.0000000e+00   5.7314046e-03
   4.7000000e+01   3.0000000e+00   5.4760999e-03
   4.8000000e+01   4.0000000e+00   5.2321678e-03
   4.9000000e+01   0.0000000e+00   4.9991016e-03
   5.0000000e+01   8.0000000e+00   4.7764172e-03
   5.1000000e+01   1.0000000e+00   4.5636524e-03
   5.2000000e+01   0.0000000e+00   4.3603651e-03
   5.3000000e+01   2.0000000e+00   4.1661332e-03
   5.4000000e+01   2.0000000e+00   3.9805533e-03
   5.5000000e+01   1.0000000e+00   3.8032401e-03
   5.6000000e+01   1.0000000e+00   3.6338253e-03
   5.7000000e+01   2.0000000e+00   3.4719570e-03
   5.8000000e+01   1.0000000e+00   3.3172992e-03
   5.9000000e+01   0.0000000e+00   3.1695305e-03
   6.0000000e+01   1.0000000e+00   3.0283442e-03
   6.1000000e+01   7.0000000e+00   2.8934470e-03
   6.2000000e+01   0.0000000e+00   2.7645588e-03
   6.3000000e+01   1.0000000e+00   2.6414119e-03
   6.4000000e+01   0.0000000e+00   2.5237505e-03
   6.5000000e+01   1.0000000e+00   2.4113304e-03
   6.6000000e+01   1.0000000e+00   2.3039180e-03
   6.7000000e+01   0.0000000e+00   2.2012903e-03
   6.8000000e+01   0.0000000e+00   2.1032341e-03
   6.9000000e+01   0.0000000e+00   2.0095458e-03
   7.0000000e+01   1.0000000e+00   1.9200309e-03
   7.1000000e+01   1.0000000e+00   1.8345033e-03
   7.2000000e+01   0.0000000e+00   1.7527856e-03
   7.3000000e+01   0.0000000e+00   1.6747080e-03
   7.4000000e+01   0.0000000e+00   1.6001084e-03
   7.5000000e+01   0.0000000e+00   1.5288318e-03
   7.6000000e+01   0.0000000e+00   1.4607302e-03
   7.7000000e+01   0.0000000e+00   1.3956621e-03
   7.8000000e+01   1.0000000e+00   1.3334925e-03
   7.9000000e+01   1.0000000e+00   1.2740923e-03
   8.0000000e+01   1.0000000e+00   1.2173380e-03
   8.1000000e+01   0.0000000e+00   1.1631119e-03
   8.2000000e+01   2.0000000e+00   1.1113012e-03
   8.3000000e+01   0.0000000e+00   1.0617984e-03
   8.4000000e+01   1.0000000e+00   1.0145008e-03
   8.5000000e+01   1.0000000e+00   9.6930996e-04
   8.6000000e+01   1.0000000e+00   9.2613217e-04
   8.7000000e+01   0.0000000e+00   8.8487774e-04
   8.8000000e+01   0.0000000e+00   8.4546098e-04
   8.9000000e+01   0.0000000e+00   8.0780003e-04
   9.0000000e+01   2.0000000e+00   7.7181668e-04
   9.1000000e+01   0.0000000e+00   7.3743621e-04
   9.2000000e+01   0.0000000e+00   7.0458721e-04
   9.3000000e+01   0.0000000e+00   6.7320147e-04
   9.4000000e+01   0.0000000e+00   6.4321380e-04
   9.5000000e+01   0.0000000e+00   6.1456193e-04
   9.6000000e+01   0.0000000e+00   5.8718635e-04
   9.7000000e+01   0.0000000e+00   5.6103021e-04
   9.8000000e+01   0.0000000e+00   5.3603919e-04
   9.9000000e+01   0.0000000e+00   5.1216140e-04
   1.0000000e+02   0.0000000e+00   4.8934724e-04
   1.0100000e+02   0.0000000e+00   4.6754933e-04
   1.0200000e+02   0.0000000e+00   4.4672240e-04
   1.0300000e+02   0.0000000e+00   4.2682321e-04
   1.0400000e+02   0.0000000e+00   4.0781043e-04
   1.0500000e+02   0.0000000e+00   3.8964457e-04
   1.0600000e+02   1.0000000e+00   3.7228790e-04
   1.0700000e+02   0.0000000e+00   3.5570439e-04
   1.0800000e+02   0.0000000e+00   3.3985958e-04
   1.0900000e+02   0.0000000e+00   3.2472058e-04
   1.1000000e+02   0.0000000e+00   3.1025595e-04
   1.1100000e+02   1.0000000e+00   2.9643564e-04
   1.1200000e+02   0.0000000e+00   2.8323095e-04
   1.1300000e+02   0.0000000e+00   2.7061447e-04
   1.1400000e+02   0.0000000e+00   2.5855998e-04
   1.1500000e+02   1.0000000e+00   2.4704246e-04
   1.1600000e+02   3.0000000e+00   2.3603799e-04
   1.1700000e+02   0.0000000e+00   2.2552371e-04
   1.1800000e+02   0.0000000e+00   2.1547778e-04
   1.1900000e+02   0.0000000e+00   2.0587935e-04
   1.2000000e+02   0.0000000e+00   1.9670848e-04
   1.2100000e+02   0.0000000e+00   1.8794613e-04
   1.2200000e+02   0.0000000e+00   1.7957410e-04
   1.2300000e+02   0.0000000e+00   1.7157499e-04
   1.2400000e+02   0.0000000e+00   1.6393221e-04
   1.2500000e+02   0.0000000e+00   1.5662987e-04
   1.2600000e+02   0.0000000e+00   1.4965281e-04
   1.2700000e+02   0.0000000e+00   1.4298655e-04
   1.2800000e+02   0.0000000e+00   1.3661723e-04
   1.2900000e+02   0.0000000e+00   1.3053163e-04
   1.3000000e+02   0.0000000e+00   1.2471712e-04
   1.3100000e+02   0.0000000e+00   1.1916161e-04
   1.3200000e+02   0.0000000e+00   1.1385357e-04
   1.3300000e+02   0.0000000e+00   1.0878198e-04
   1.3400000e+02   1.0000000e+00   1.0393630e-04
   1.3500000e+02   0.0000000e+00   9.9306473e-05
   1.3600000e+02   0.0000000e+00   9.4882879e-05
   1.3700000e+02   1.0000000e+00   9.0656334e-05
   1.3800000e+02   0.0000000e+00   8.6618059e-05
   1.3900000e+02   1.0000000e+00   8.2759669e-05
   1.4000000e+02   0.0000000e+00   7.9073151e-05
   1.4100000e+02   0.0000000e+00   7.5550848e-05
   1.4200000e+02   0.0000000e+00   7.2185445e-05
   1.4300000e+02   0.0000000e+00   6.8969954e-05
   1.4400000e+02   1.0000000e+00   6.5897697e-05
   1.4500000e+02   0.0000000e+00   6.2962292e-05
   1.4600000e+02   0.0000000e+00   6.0157646e-05
   1.4700000e+02   0.0000000e+00   5.7477931e-05
   1.4800000e+02   0.0000000e+00   5.4917584e-05
   1.4900000e+02   0.0000000e+00   5.2471288e-05
   1.5000000e+02   0.0000000e+00   5.0133961e-05
   1.5100000e+02   0.0000000e+00   4.7900751e-05
   1.5200000e+02   0.0000000e+00   4.5767018e-05
   1.5300000e+02   0.0000000e+00   4.3728332e-05
   1.5400000e+02   1.0000000e+00   4.1780459e-05
   1.5500000e+02   0.0000000e+00   3.9919354e-05
   1.5600000e+02   0.0000000e+00   3.8141152e-05
   1.5700000e+02   0.0000000e+00   3.6442159e-05
   1.5800000e+02   0.0000000e+00   3.4818848e-05
   1.5900000e+02   0.0000000e+00   3.3267847e-05
   1.6000000e+02   0.0000000e+00   3.1785935e-05
   1.6100000e+02   0.0000000e+00   3.0370035e-05
   1.6200000e+02   0.0000000e+00   2.9017206e-05
   1.6300000e+02   1.0000000e+00   2.7724638e-05
