   1.0000000e+00   5.0000000e+00   0.0000000e+00
   2.0000000e+00   3.0000000e+00   6.1494768e-03
   3.0000000e+00   5.0000000e+00   8.4579441e-03
   4.0000000e+00   3.0000000e+00   9.2867092e-03
   5.0000000e+00   3.0000000e+00   9.5458095e-03
   6.0000000e+00   8.0000000e+00   9.5859653e-03
   7.0000000e+00   5.0000000e+00   9.5423378e-03
   8.0000000e+00   3.0000000e+00   9.4670117e-03
   9.0000000e+00   5.0000000e+00   9.3800545e-03
   1.0000000e+01   5.0000000e+00   9.2891942e-03
   1.1000000e+01   6.0000000e+00   9.1974035e-03
   1.2000000e+01   3.0000000e+00   9.1058223e-03
   1.3000000e+01   2.0000000e+00   9.0148842e-03
   1.4000000e+01   6.0000000e+00   8.9247507e-03
   1.5000000e+01   4.0000000e+00   8.8354784e-03
   1.6000000e+01   2.0000000e+00   8.7470837e-03
   1.7000000e+01   4.0000000e+00   8.6595674e-03
   1.8000000e+01   9.0000000e+00   8.5729245e-03
   1.9000000e+01   4.0000000e+00   8.4871476e-03
   2.0000000e+01   5.0000000e+00   8.4022286e-03
   2.1000000e+01   3.0000000e+00   8.3181591e-03
   2.2000000e+01   4.0000000e+00   8.2349307e-03
   2.3000000e+01   4.0000000e+00   8.1525351e-03
   2.4000000e+01   6.0000000e+00   8.0709639e-03
   2.5000000e+01   3.0000000e+00   7.9902089e-03
   2.6000000e+01   4.0000000e+00   7.9102618e-03
   2.7000000e+01   2.0000000e+00   7.8311147e-03
   2.8000000e+01   4.0000000e+00   7.7527595e-03
   2.9000000e+01   2.0000000e+00   7.6751883e-03
   3.0000000e+01   1.0000000e+00   7.5983932e-03
   3.1000000e+01   7.0000000e+00   7.5223666e-03
   3.2000000e+01   3.0000000e+00   7.4471006e-03
   3.3000000e+01   5.0000000e+00   7.3725877e-03
   3.4000000e+01   5.0000000e+00   7.2988203e-03
   3.5000000e+01   1.0000000e+00   7.2257910e-03
   3.6000000e+01   2.0000000e+00   7.1534925e-03
   3.7000000e+01   5.0000000e+00   7.0819173e-03
   3.8000000e+01   6.0000000e+00   7.0110583e-03
   3.9000000e+01   0.0000000e+00   6.9409083e-03
   4.0000000e+01   2.0000000e+00   6.8714601e-03
   4.1000000e+01   4.0000000e+00   6.8027069e-03
   4.2000000e+01   1.0000000e+00   6.7346415e-03
   4.3000000e+01   6.0000000e+00   6.6672572e-03
   4.4000000e+01   5.0000000e+00   6.6005472e-03
   4.5000000e+01   6.0000000e+00   6.5345045e-03
   4.6000000e+01   4.0000000e+00   6.4691227e-03
   4.7000000e+01   1.0000000e+00   6.4043951e-03
   4.8000000e+01   6.0000000e+00   6.3403151e-03
   4.9000000e+01   2.0000000e+00   6.2768763e-03
   5.0000000e+01   4.0000000e+00   6.2140722e-03
   5.1000000e+01   0.0000000e+00   6.1518966e-03
   5.2000000e+01   1.0000000e+00   6.0903430e-03
   5.3000000e+01   1.0000000e+00   6.0294053e-03
   5.4000000e+01   2.0000000e+00   5.9690773e-03
   5.5000000e+01   3.0000000e+00   5.9093530e-03
   5.6000000e+01   1.0000000e+00   5.8502262e-03
   5.7000000e+01   8.0000000e+00   5.7916910e-03
   5.8000000e+01   2.0000000e+00   5.7337415e-03
   5.9000000e+01   2.0000000e+00   5.6763718e-03
   6.0000000e+01   1.0000000e+00   5.6195762e-03
   6.1000000e+01   6.0000000e+00   5.5633488e-03
   6.2000000e+01   3.0000000e+00   5.5076840e-03
   6.3000000e+01   2.0000000e+00   5.4525762e-03
   6.4000000e+01   5.0000000e+00   5.3980198e-03
   6.5000000e+01   1.0000000e+00   5.3440092e-03
   6.6000000e+01   2.0000000e+00   5.2905390e-03
   6.7000000e+01   4.0000000e+00   5.2376039e-03
   6.8000000e+01   0.0000000e+00   5.1851984e-03
   6.9000000e+01   3.0000000e+00   5.1333172e-03
   7.0000000e+01   3.0000000e+00   5.0819552e-03
   7.1000000e+01   4.0000000e+00   5.0311070e-03
   7.2000000e+01   2.0000000e+00   4.9807677e-03
   7.3000000e+01   3.0000000e+00   4.9309320e-03
   7.4000000e+01   2.0000000e+00   4.8815949e-03
   7.5000000e+01   3.0000000e+00   4.8327515e-03
   7.6000000e+01   1.0000000e+00   4.7843968e-03
   7.7000000e+01   1.0000000e+00   4.7365259e-03
   7.8000000e+01   1.0000000e+00   4.6891340e-03
   7.9000000e+01   3.0000000e+00   4.6422163e-03
   8.0000000e+01   2.0000000e+00   4.5957680e-03
   8.1000000e+01   0.0000000e+00   4.5497845e-03
   8.2000000e+01   1.0000000e+00   4.5042610e-03
   8.3000000e+01   2.0000000e+00   4.4591931e-03
   8.4000000e+01   4.0000000e+00   4.4145760e-03
   8.5000000e+01   1.0000000e+00   4.3704054e-03
   8.6000000e+01   0.0000000e+00   4.3266768e-03
   8.7000000e+01   2.0000000e+00   4.2833857e-03
   8.8000000e+01   2.0000000e+00   4.2405277e-03
   8.9000000e+01   2.0000000e+00   4.1980986e-03
   9.0000000e+01   4.0000000e+00   4.1560940e-03
   9.1000000e+01   1.0000000e+00   4.1145097e-03
   9.2000000e+01   1.0000000e+00   4.0733414e-03
   9.3000000e+01   3.0000000e+00   4.0325851e-03
   9.4000000e+01   3.0000000e+00   3.9922366e-03
   9.5000000e+01   2.0000000e+00   3.9522917e-03
   9.6000000e+01   1.0000000e+00   3.9127466e-03
   9.7000000e+01   1.0000000e+00   3.8735971e-03
   9.8000000e+01   2.0000000e+00   3.8348393e-03
   9.9000000e+01   2.0000000e+00   3.7964694e-03
   1.0000000e+02   3.0000000e+00   3.7584833e-03
   1.0100000e+02   3.0000000e+00   3.7208773e-03
   1.0200000e+02   2.0000000e+00   3.6836476e-03
   1.0300000e+02   0.0000000e+00   3.6467904e-03
   1.0400000e+02   0.0000000e+00   3.6103020e-03
   1.0500000e+02   0.0000000e+00   3.5741787e-03
   1.0600000e+02   2.0000000e+00   3.5384168e-03
   1.0700000e+02   2.0000000e+00   3.5030127e-03
   1.0800000e+02   1.0000000e+00   3.4679629e-03
   1.0900000e+02   2.0000000e+00   3.4332637e-03
   1.1000000e+02   3.0000000e+00   3.3989118e-03
   1.1100000e+02   3.0000000e+00   3.3649035e-03
   1.1200000e+02   2.0000000e+00   3.3312356e-03
   1.1300000e+02   1.0000000e+00   3.2979045e-03
   1.1400000e+02   3.0000000e+00   3.2649069e-03
   1.1500000e+02   1.0000000e+00   3.2322395e-03
   1.1600000e+02   4.0000000e+00   3.1998989e-03
   1.1700000e+02   5.0000000e+00   3.1678819e-03
   1.1800000e+02   1.0000000e+00   3.1361852e-03
   1.1900000e+02   1.0000000e+00   3.1048057e-03
   1.2000000e+02   3.0000000e+00   3.0737402e-03
   1.2100000e+02   0.0000000e+00   3.0429855e-03
   1.2200000e+02   1.0000000e+00   3.0125385e-03
   1.2300000e+02   0.0000000e+00   2.9823962e-03
   1.2400000e+02   4.0000000e+00   2.9525555e-03
   1.2500000e+02   0.0000000e+00   2.9230133e-03
   1.2600000e+02   1.0000000e+00   2.8937667e-03
   1.2700000e+02   1.0000000e+00   2.8648128e-03
   1.2800000e+02   2.0000000e+00   2.8361485e-03
   1.2900000e+02   0.0000000e+00   2.8077711e-03
   1.3000000e+02   2.0000000e+00   2.7796776e-03
   1.3100000e+02   3.0000000e+00   2.7518652e-03
   1.3200000e+02   1.0000000e+00   2.7243310e-03
   1.3300000e+02   1.0000000e+00   2.6970724e-03
   1.3400000e+02   3.0000000e+00   2.6700865e-03
   1.3500000e+02   0.0000000e+00   2.6433706e-03
   1.3600000e+02   0.0000000e+00   2.6169220e-03
   1.3700000e+02   1.0000000e+00   2.5907381e-03
   1.3800000e+02   3.0000000e+00   2.5648161e-03
   1.3900000e+02   2.0000000e+00   2.5391536e-03
   1.4000000e+02   1.0000000e+00   2.5137477e-03
   1.4100000e+02   0.0000000e+00   2.4885961e-03
   1.4200000e+02   1.0000000e+00   2.4636962e-03
   1.4300000e+02   1.0000000e+00   2.4390453e-03
   1.4400000e+02   0.0000000e+00   2.4146412e-03
   1.4500000e+02   0.0000000e+00   2.3904812e-03
   1.4600000e+02   1.0000000e+00   2.3665629e-03
   1.4700000e+02   0.0000000e+00   2.3428840e-03
   1.4800000e+02   1.0000000e+00   2.3194419e-03
   1.4900000e+02   3.0000000e+00   2.2962345e-03
   1.5000000e+02   3.0000000e+00   2.2732592e-03
   1.5100000e+02   0.0000000e+00   2.2505138e-03
   1.5200000e+02   1.0000000e+00   2.2279960e-03
   1.5300000e+02   1.0000000e+00   2.2057035e-03
   1.5400000e+02   1.0000000e+00   2.1836341e-03
   1.5500000e+02   0.0000000e+00   2.1617855e-03
   1.5600000e+02   1.0000000e+00   2.1401554e-03
   1.5700000e+02   0.0000000e+00   2.1187418e-03
   1.5800000e+02   1.0000000e+00   2.0975425e-03
   1.5900000e+02   1.0000000e+00   2.0765553e-03
   1.6000000e+02   1.0000000e+00   2.0557780e-03
   1.6100000e+02   1.0000000e+00   2.0352087e-03
   1.6200000e+02   3.0000000e+00   2.0148452e-03
   1.6300000e+02   1.0000000e+00   1.9946854e-03
   1.6400000e+02   1.0000000e+00   1.9747273e-03
   1.6500000e+02   1.0000000e+00   1.9549689e-03
   1.6600000e+02   2.0000000e+00   1.9354082e-03
   1.6700000e+02   1.0000000e+00   1.9160433e-03
   1.6800000e+02   0.0000000e+00   1.8968720e-03
   1.6900000e+02   2.0000000e+00   1.8778927e-03
   1.7000000e+02   1.0000000e+00   1.8591032e-03
   1.7100000e+02   0.0000000e+00   1.8405017e-03
   1.7200000e+02   4.0000000e+00   1.8220863e-03
   1.7300000e+02   1.0000000e+00   1.8038552e-03
   1.7400000e+02   1.0000000e+00   1.7858065e-03
   1.7500000e+02   1.0000000e+00   1.7679384e-03
   1.7600000e+02   1.0000000e+00   1.7502490e-03
   1.7700000e+02   1.0000000e+00   1.7327367e-03
   1.7800000e+02   2.0000000e+00   1.7153996e-03
   1.7900000e+02   1.0000000e+00   1.6982359e-03
   1.8000000e+02   1.0000000e+00   1.6812440e-03
   1.8100000e+02   0.0000000e+00   1.6644221e-03
   1.8200000e+02   0.0000000e+00   1.6477685e-03
   1.8300000e+02   1.0000000e+00   1.6312816e-03
   1.8400000e+02   1.0000000e+00   1.6149596e-03
   1.8500000e+02   0.0000000e+00   1.5988009e-03
   1.8600000e+02   0.0000000e+00   1.5828039e-03
   1.8700000e+02   0.0000000e+00   1.5669670e-03
   1.8800000e+02   0.0000000e+00   1.5512885e-03
   1.8900000e+02   1.0000000e+00   1.5357669e-03
   1.9000000e+02   1.0000000e+00   1.5204006e-03
   1.9100000e+02   1.0000000e+00   1.5051880e-03
   1.9200000e+02   0.0000000e+00   1.4901277e-03
   1.9300000e+02   0.0000000e+00   1.4752180e-03
   1.9400000e+02   2.0000000e+00   1.4604575e-03
   1.9500000e+02   0.0000000e+00   1.4458447e-03
   1.9600000e+02   0.0000000e+00   1.4313781e-03
   1.9700000e+02   1.0000000e+00   1.4170563e-03
   1.9800000e+02   2.0000000e+00   1.4028778e-03
   1.9900000e+02   1.0000000e+00   1.3888411e-03
   2.0000000e+02   0.0000000e+00   1.3749449e-03
   2.0100000e+02   2.0000000e+00   1.3611877e-03
   2.0200000e+02   0.0000000e+00   1.3475682e-03
   2.0300000e+02   0.0000000e+00   1.3340849e-03
   2.0400000e+02   1.0000000e+00   1.3207365e-03
   2.0500000e+02   0.0000000e+00   1.3075217e-03
   2.0600000e+02   0.0000000e+00   1.2944392e-03
   2.0700000e+02   1.0000000e+00   1.2814875e-03
   2.0800000e+02   1.0000000e+00   1.2686654e-03
   2.0900000e+02   0.0000000e+00   1.2559716e-03
   2.1000000e+02   0.0000000e+00   1.2434048e-03
   2.1100000e+02   1.0000000e+00   1.2309638e-03
   2.1200000e+02   1.0000000e+00   1.2186472e-03
   2.1300000e+02   2.0000000e+00   1.2064539e-03
   2.1400000e+02   0.0000000e+00   1.1943826e-03
   2.1500000e+02   1.0000000e+00   1.1824320e-03
   2.1600000e+02   1.0000000e+00   1.1706011e-03
   2.1700000e+02   0.0000000e+00   1.1588885e-03
   2.1800000e+02   1.0000000e+00   1.1472931e-03
   2.1900000e+02   1.0000000e+00   1.1358137e-03
   2.2000000e+02   0.0000000e+00   1.1244491e-03
   2.2100000e+02   1.0000000e+00   1.1131983e-03
   2.2200000e+02   2.0000000e+00   1.1020601e-03
   2.2300000e+02   0.0000000e+00   1.0910333e-03
   2.2400000e+02   0.0000000e+00   1.0801168e-03
   2.2500000e+02   1.0000000e+00   1.0693096e-03
   2.2600000e+02   1.0000000e+00   1.0586105e-03
   2.2700000e+02   0.0000000e+00   1.0480184e-03
   2.2800000e+02   1.0000000e+00   1.0375323e-03
   2.2900000e+02   0.0000000e+00   1.0271512e-03
   2.3000000e+02   1.0000000e+00   1.0168739e-03
   2.3100000e+02   0.0000000e+00   1.0066994e-03
   2.3200000e+02   0.0000000e+00   9.9662675e-04
   2.3300000e+02   0.0000000e+00   9.8665488e-04
   2.3400000e+02   0.0000000e+00   9.7678278e-04
   2.3500000e+02   1.0000000e+00   9.6700945e-04
   2.3600000e+02   1.0000000e+00   9.5733392e-04
   2.3700000e+02   1.0000000e+00   9.4775519e-04
   2.3800000e+02   0.0000000e+00   9.3827231e-04
   2.3900000e+02   0.0000000e+00   9.2888431e-04
   2.4000000e+02   1.0000000e+00   9.1959024e-04
   2.4100000e+02   1.0000000e+00   9.1038916e-04
   2.4200000e+02   0.0000000e+00   9.0128015e-04
   2.4300000e+02   1.0000000e+00   8.9226228e-04
   2.4400000e+02   1.0000000e+00   8.8333463e-04
   2.4500000e+02   0.0000000e+00   8.7449632e-04
   2.4600000e+02   0.0000000e+00   8.6574644e-04
   2.4700000e+02   0.0000000e+00   8.5708410e-04
   2.4800000e+02   0.0000000e+00   8.4850844e-04
   2.4900000e+02   1.0000000e+00   8.4001858e-04
   2.5000000e+02   0.0000000e+00   8.3161367e-04
   2.5100000e+02   2.0000000e+00   8.2329285e-04
   2.5200000e+02   0.0000000e+00   8.1505529e-04
   2.5300000e+02   0.0000000e+00   8.0690015e-04
   2.5400000e+02   0.0000000e+00   7.9882661e-04
   2.5500000e+02   0.0000000e+00   7.9083385e-04
   2.5600000e+02   0.0000000e+00   7.8292106e-04
   2.5700000e+02   0.0000000e+00   7.7508745e-04
   2.5800000e+02   1.0000000e+00   7.6733221e-04
   2.5900000e+02   1.0000000e+00   7.5965458e-04
   2.6000000e+02   1.0000000e+00   7.5205376e-04
   2.6100000e+02   0.0000000e+00   7.4452899e-04
   2.6200000e+02   0.0000000e+00   7.3707951e-04
   2.6300000e+02   0.0000000e+00   7.2970457e-04
   2.6400000e+02   1.0000000e+00   7.2240342e-04
   2.6500000e+02   0.0000000e+00   7.1517532e-04
   2.6600000e+02   1.0000000e+00   7.0801954e-04
   2.6700000e+02   0.0000000e+00   7.0093536e-04
   2.6800000e+02   0.0000000e+00   6.9392207e-04
   2.6900000e+02   0.0000000e+00   6.8697894e-04
   2.7000000e+02   0.0000000e+00   6.8010529e-04
   2.7100000e+02   0.0000000e+00   6.7330041e-04
   2.7200000e+02   1.0000000e+00   6.6656362e-04
   2.7300000e+02   2.0000000e+00   6.5989423e-04
   2.7400000e+02   0.0000000e+00   6.5329157e-04
   2.7500000e+02   0.0000000e+00   6.4675498e-04
   2.7600000e+02   0.0000000e+00   6.4028379e-04
   2.7700000e+02   0.0000000e+00   6.3387735e-04
   2.7800000e+02   0.0000000e+00   6.2753501e-04
   2.7900000e+02   0.0000000e+00   6.2125613e-04
   2.8000000e+02   0.0000000e+00   6.1504008e-04
   2.8100000e+02   1.0000000e+00   6.0888622e-04
   2.8200000e+02   0.0000000e+00   6.0279393e-04
   2.8300000e+02   0.0000000e+00   5.9676260e-04
   2.8400000e+02   0.0000000e+00   5.9079162e-04
   2.8500000e+02   0.0000000e+00   5.8488038e-04
   2.8600000e+02   0.0000000e+00   5.7902828e-04
   2.8700000e+02   0.0000000e+00   5.7323474e-04
   2.8800000e+02   1.0000000e+00   5.6749917e-04
   2.8900000e+02   0.0000000e+00   5.6182098e-04
   2.9000000e+02   0.0000000e+00   5.5619961e-04
   2.9100000e+02   0.0000000e+00   5.5063449e-04
   2.9200000e+02   1.0000000e+00   5.4512505e-04
   2.9300000e+02   1.0000000e+00   5.3967073e-04
   2.9400000e+02   0.0000000e+00   5.3427098e-04
   2.9500000e+02   0.0000000e+00   5.2892527e-04
   2.9600000e+02   0.0000000e+00   5.2363304e-04
   2.9700000e+02   0.0000000e+00   5.1839376e-04
   2.9800000e+02   0.0000000e+00   5.1320691e-04
   2.9900000e+02   0.0000000e+00   5.0807195e-04
   3.0000000e+02   0.0000000e+00   5.0298838e-04
   3.0100000e+02   0.0000000e+00   4.9795566e-04
   3.0200000e+02   1.0000000e+00   4.9297330e-04
   3.0300000e+02   0.0000000e+00   4.8804080e-04
   3.0400000e+02   0.0000000e+00   4.8315764e-04
   3.0500000e+02   0.0000000e+00   4.7832335e-04
   3.0600000e+02   0.0000000e+00   4.7353743e-04
   3.0700000e+02   1.0000000e+00   4.6879939e-04
   3.0800000e+02   0.0000000e+00   4.6410876e-04
   3.0900000e+02   0.0000000e+00   4.5946506e-04
   3.1000000e+02   1.0000000e+00   4.5486782e-04
   3.1100000e+02   0.0000000e+00   4.5031658e-04
   3.1200000e+02   0.0000000e+00   4.4581088e-04
   3.1300000e+02   0.0000000e+00   4.4135027e-04
   3.1400000e+02   0.0000000e+00   4.3693428e-04
   3.1500000e+02   0.0000000e+00   4.3256248e-04
   3.1600000e+02   0.0000000e+00   4.2823442e-04
   3.1700000e+02   1.0000000e+00   4.2394967e-04
   3.1800000e+02   0.0000000e+00   4.1970779e-04
   3.1900000e+02   0.0000000e+00   4.1550835e-04
   3.2000000e+02   0.0000000e+00   4.1135093e-04
   3.2100000e+02   0.0000000e+00   4.0723510e-04
   3.2200000e+02   1.0000000e+00   4.0316046e-04
   3.2300000e+02   0.0000000e+00   3.9912659e-04
   3.2400000e+02   1.0000000e+00   3.9513308e-04
   3.2500000e+02   0.0000000e+00   3.9117952e-04
   3.2600000e+02   0.0000000e+00   3.8726553e-04
   3.2700000e+02   0.0000000e+00   3.8339069e-04
   3.2800000e+02   0.0000000e+00   3.7955463e-04
   3.2900000e+02   2.0000000e+00   3.7575695e-04
   3.3000000e+02   1.0000000e+00   3.7199726e-04
   3.3100000e+02   0.0000000e+00   3.6827520e-04
   3.3200000e+02   0.0000000e+00   3.6459038e-04
   3.3300000e+02   1.0000000e+00   3.6094242e-04
   3.3400000e+02   0.0000000e+00   3.5733097e-04
   3.3500000e+02   0.0000000e+00   3.5375565e-04
   3.3600000e+02   0.0000000e+00   3.5021610e-04
   3.3700000e+02   0.0000000e+00   3.4671197e-04
   3.3800000e+02   0.0000000e+00   3.4324290e-04
   3.3900000e+02   0.0000000e+00   3.3980854e-04
   3.4000000e+02   0.0000000e+00   3.3640854e-04
   3.4100000e+02   0.0000000e+00   3.3304256e-04
   3.4200000e+02   1.0000000e+00   3.2971026e-04
   3.4300000e+02   0.0000000e+00   3.2641131e-04
   3.4400000e+02   0.0000000e+00   3.2314536e-04
   3.4500000e+02   0.0000000e+00   3.1991208e-04
   3.4600000e+02   0.0000000e+00   3.1671116e-04
   3.4700000e+02   0.0000000e+00   3.1354227e-04
   3.4800000e+02   0.0000000e+00   3.1040508e-04
   3.4900000e+02   0.0000000e+00   3.0729929e-04
   3.5000000e+02   0.0000000e+00   3.0422457e-04
   3.5100000e+02   0.0000000e+00   3.0118061e-04
   3.5200000e+02   0.0000000e+00   2.9816711e-04
   3.5300000e+02   0.0000000e+00   2.9518376e-04
   3.5400000e+02   0.0000000e+00   2.9223026e-04
   3.5500000e+02   1.0000000e+00   2.8930631e-04
   3.5600000e+02   0.0000000e+00   2.8641162e-04
   3.5700000e+02   0.0000000e+00   2.8354590e-04
   3.5800000e+02   0.0000000e+00   2.8070884e-04
   3.5900000e+02   0.0000000e+00   2.7790017e-04
   3.6000000e+02   0.0000000e+00   2.7511961e-04
   3.6100000e+02   0.0000000e+00   2.7236686e-04
   3.6200000e+02   1.0000000e+00   2.6964166e-04
   3.6300000e+02   0.0000000e+00   2.6694373e-04
   3.6400000e+02   0.0000000e+00   2.6427279e-04
   3.6500000e+02   0.0000000e+00   2.6162858e-04
   3.6600000e+02   0.0000000e+00   2.5901082e-04
   3.6700000e+02   0.0000000e+00   2.5641925e-04
   3.6800000e+02   0.0000000e+00   2.5385362e-04
   3.6900000e+02   0.0000000e+00   2.5131365e-04
   3.7000000e+02   1.0000000e+00   2.4879910e-04
   3.7100000e+02   0.0000000e+00   2.4630971e-04
   3.7200000e+02   0.0000000e+00   2.4384523e-04
   3.7300000e+02   0.0000000e+00   2.4140541e-04
   3.7400000e+02   0.0000000e+00   2.3898999e-04
   3.7500000e+02   0.0000000e+00   2.3659875e-04
   3.7600000e+02   0.0000000e+00   2.3423143e-04
   3.7700000e+02   0.0000000e+00   2.3188780e-04
   3.7800000e+02   0.0000000e+00   2.2956762e-04
   3.7900000e+02   0.0000000e+00   2.2727065e-04
   3.8000000e+02   0.0000000e+00   2.2499666e-04
   3.8100000e+02   0.0000000e+00   2.2274543e-04
   3.8200000e+02   0.0000000e+00   2.2051672e-04
   3.8300000e+02   0.0000000e+00   2.1831032e-04
   3.8400000e+02   0.0000000e+00   2.1612598e-04
   3.8500000e+02   0.0000000e+00   2.1396351e-04
   3.8600000e+02   0.0000000e+00   2.1182267e-04
   3.8700000e+02   0.0000000e+00   2.0970325e-04
   3.8800000e+02   0.0000000e+00   2.0760504e-04
   3.8900000e+02   0.0000000e+00   2.0552782e-04
   3.9000000e+02   0.0000000e+00   2.0347139e-04
   3.9100000e+02   0.0000000e+00   2.0143553e-04
   3.9200000e+02   0.0000000e+00   1.9942004e-04
   3.9300000e+02   0.0000000e+00   1.9742472e-04
   3.9400000e+02   0.0000000e+00   1.9544936e-04
   3.9500000e+02   0.0000000e+00   1.9349377e-04
   3.9600000e+02   0.0000000e+00   1.9155774e-04
   3.9700000e+02   0.0000000e+00   1.8964108e-04
   3.9800000e+02   0.0000000e+00   1.8774361e-04
   3.9900000e+02   0.0000000e+00   1.8586511e-04
   4.0000000e+02   0.0000000e+00   1.8400542e-04
   4.0100000e+02   0.0000000e+00   1.8216433e-04
   4.0200000e+02   0.0000000e+00   1.8034166e-04
   4.0300000e+02   0.0000000e+00   1.7853723e-04
   4.0400000e+02   1.0000000e+00   1.7675085e-04
   4.0500000e+02   1.0000000e+00   1.7498235e-04
   4.0600000e+02   0.0000000e+00   1.7323154e-04
   4.0700000e+02   1.0000000e+00   1.7149825e-04
   4.0800000e+02   0.0000000e+00   1.6978230e-04
   4.0900000e+02   1.0000000e+00   1.6808353e-04
   4.1000000e+02   0.0000000e+00   1.6640174e-04
   4.1100000e+02   0.0000000e+00   1.6473679e-04
   4.1200000e+02   0.0000000e+00   1.6308850e-04
   4.1300000e+02   0.0000000e+00   1.6145669e-04
   4.1400000e+02   0.0000000e+00   1.5984122e-04
   4.1500000e+02   0.0000000e+00   1.5824191e-04
   4.1600000e+02   0.0000000e+00   1.5665860e-04
   4.1700000e+02   0.0000000e+00   1.5509113e-04
   4.1800000e+02   0.0000000e+00   1.5353935e-04
   4.1900000e+02   0.0000000e+00   1.5200309e-04
   4.2000000e+02   0.0000000e+00   1.5048220e-04
   4.2100000e+02   0.0000000e+00   1.4897653e-04
   4.2200000e+02   0.0000000e+00   1.4748593e-04
   4.2300000e+02   0.0000000e+00   1.4601024e-04
   4.2400000e+02   0.0000000e+00   1.4454932e-04
   4.2500000e+02   0.0000000e+00   1.4310301e-04
   4.2600000e+02   0.0000000e+00   1.4167118e-04
   4.2700000e+02   0.0000000e+00   1.4025367e-04
   4.2800000e+02   0.0000000e+00   1.3885034e-04
   4.2900000e+02   0.0000000e+00   1.3746106e-04
   4.3000000e+02   0.0000000e+00   1.3608567e-04
   4.3100000e+02   0.0000000e+00   1.3472405e-04
   4.3200000e+02   0.0000000e+00   1.3337605e-04
   4.3300000e+02   0.0000000e+00   1.3204154e-04
   4.3400000e+02   0.0000000e+00   1.3072038e-04
   4.3500000e+02   1.0000000e+00   1.2941244e-04
   4.3600000e+02   0.0000000e+00   1.2811759e-04
   4.3700000e+02   0.0000000e+00   1.2683570e-04
   4.3800000e+02   0.0000000e+00   1.2556662e-04
   4.3900000e+02   0.0000000e+00   1.2431025e-04
   4.4000000e+02   0.0000000e+00   1.2306645e-04
   4.4100000e+02   0.0000000e+00   1.2183509e-04
   4.4200000e+02   0.0000000e+00   1.2061606e-04
   4.4300000e+02   0.0000000e+00   1.1940922e-04
   4.4400000e+02   0.0000000e+00   1.1821445e-04
   4.4500000e+02   0.0000000e+00   1.1703164e-04
   4.4600000e+02   0.0000000e+00   1.1586067e-04
   4.4700000e+02   0.0000000e+00   1.1470141e-04
   4.4800000e+02   0.0000000e+00   1.1355375e-04
   4.4900000e+02   0.0000000e+00   1.1241758e-04
   4.5000000e+02   0.0000000e+00   1.1129277e-04
   4.5100000e+02   0.0000000e+00   1.1017921e-04
   4.5200000e+02   0.0000000e+00   1.0907680e-04
   4.5300000e+02   0.0000000e+00   1.0798542e-04
   4.5400000e+02   0.0000000e+00   1.0690496e-04
   4.5500000e+02   0.0000000e+00   1.0583531e-04
   4.5600000e+02   0.0000000e+00   1.0477636e-04
   4.5700000e+02   0.0000000e+00   1.0372801e-04
   4.5800000e+02   0.0000000e+00   1.0269014e-04
   4.5900000e+02   0.0000000e+00   1.0166266e-04
   4.6000000e+02   0.0000000e+00   1.0064546e-04
   4.6100000e+02   0.0000000e+00   9.9638443e-05
   4.6200000e+02   0.0000000e+00   9.8641498e-05
   4.6300000e+02   0.0000000e+00   9.7654528e-05
   4.6400000e+02   0.0000000e+00   9.6677433e-05
   4.6500000e+02   0.0000000e+00   9.5710115e-05
   4.6600000e+02   0.0000000e+00   9.4752475e-05
   4.6700000e+02   0.0000000e+00   9.3804418e-05
   4.6800000e+02   0.0000000e+00   9.2865846e-05
   4.6900000e+02   0.0000000e+00   9.1936665e-05
   4.7000000e+02   0.0000000e+00   9.1016781e-05
   4.7100000e+02   0.0000000e+00   9.0106101e-05
   4.7200000e+02   0.0000000e+00   8.9204533e-05
   4.7300000e+02   0.0000000e+00   8.8311986e-05
   4.7400000e+02   0.0000000e+00   8.7428369e-05
   4.7500000e+02   0.0000000e+00   8.6553594e-05
   4.7600000e+02   0.0000000e+00   8.5687571e-05
   4.7700000e+02   0.0000000e+00   8.4830213e-05
   4.7800000e+02   0.0000000e+00   8.3981434e-05
   4.7900000e+02   0.0000000e+00   8.3141147e-05
   4.8000000e+02   0.0000000e+00   8.2309268e-05
   4.8100000e+02   0.0000000e+00   8.1485712e-05
   4.8200000e+02   0.0000000e+00   8.0670396e-05
   4.8300000e+02   0.0000000e+00   7.9863239e-05
   4.8400000e+02   0.0000000e+00   7.9064157e-05
   4.8500000e+02   0.0000000e+00   7.8273070e-05
   4.8600000e+02   0.0000000e+00   7.7489899e-05
   4.8700000e+02   0.0000000e+00   7.6714564e-05
   4.8800000e+02   0.0000000e+00   7.5946987e-05
   4.8900000e+02   0.0000000e+00   7.5187090e-05
   4.9000000e+02   0.0000000e+00   7.4434796e-05
   4.9100000e+02   0.0000000e+00   7.3690029e-05
   4.9200000e+02   0.0000000e+00   7.2952715e-05
   4.9300000e+02   0.0000000e+00   7.2222777e-05
   4.9400000e+02   0.0000000e+00   7.1500143e-05
   4.9500000e+02   0.0000000e+00   7.0784739e-05
   4.9600000e+02   0.0000000e+00   7.0076494e-05
   4.9700000e+02   0.0000000e+00   6.9375334e-05
   4.9800000e+02   1.0000000e+00   6.8681191e-05
   4.9900000e+02   0.0000000e+00   6.7993992e-05
   5.0000000e+02   0.0000000e+00   6.7313670e-05
   5.0100000e+02   0.0000000e+00   6.6640155e-05
   5.0200000e+02   0.0000000e+00   6.5973378e-05
   5.0300000e+02   0.0000000e+00   6.5313273e-05
   5.0400000e+02   0.0000000e+00   6.4659773e-05
   5.0500000e+02   0.0000000e+00   6.4012812e-05
   5.0600000e+02   0.0000000e+00   6.3372323e-05
   5.0700000e+02   0.0000000e+00   6.2738244e-05
   5.0800000e+02   0.0000000e+00   6.2110508e-05
   5.0900000e+02   0.0000000e+00   6.1489054e-05
   5.1000000e+02   0.0000000e+00   6.0873817e-05
   5.1100000e+02   0.0000000e+00   6.0264737e-05
   5.1200000e+02   0.0000000e+00   5.9661750e-05
   5.1300000e+02   0.0000000e+00   5.9064797e-05
   5.1400000e+02   0.0000000e+00   5.8473817e-05
   5.1500000e+02   0.0000000e+00   5.7888750e-05
   5.1600000e+02   0.0000000e+00   5.7309536e-05
   5.1700000e+02   0.0000000e+00   5.6736119e-05
   5.1800000e+02   0.0000000e+00   5.6168438e-05
   5.1900000e+02   0.0000000e+00   5.5606438e-05
   5.2000000e+02   0.0000000e+00   5.5050061e-05
   5.2100000e+02   0.0000000e+00   5.4499250e-05
   5.2200000e+02   0.0000000e+00   5.3953951e-05
   5.2300000e+02   0.0000000e+00   5.3414108e-05
   5.2400000e+02   0.0000000e+00   5.2879667e-05
   5.2500000e+02   0.0000000e+00   5.2350572e-05
   5.2600000e+02   0.0000000e+00   5.1826772e-05
   5.2700000e+02   0.0000000e+00   5.1308213e-05
   5.2800000e+02   0.0000000e+00   5.0794842e-05
   5.2900000e+02   0.0000000e+00   5.0286608e-05
   5.3000000e+02   0.0000000e+00   4.9783459e-05
   5.3100000e+02   0.0000000e+00   4.9285344e-05
   5.3200000e+02   0.0000000e+00   4.8792214e-05
   5.3300000e+02   1.0000000e+00   4.8304017e-05
   5.3400000e+02   0.0000000e+00   4.7820705e-05
   5.3500000e+02   0.0000000e+00   4.7342229e-05
   5.3600000e+02   0.0000000e+00   4.6868540e-05
   5.3700000e+02   0.0000000e+00   4.6399591e-05
   5.3800000e+02   0.0000000e+00   4.5935334e-05
   5.3900000e+02   0.0000000e+00   4.5475722e-05
   5.4000000e+02   0.0000000e+00   4.5020709e-05
   5.4100000e+02   0.0000000e+00   4.4570249e-05
   5.4200000e+02   0.0000000e+00   4.4124296e-05
   5.4300000e+02   0.0000000e+00   4.3682805e-05
   5.4400000e+02   0.0000000e+00   4.3245731e-05
   5.4500000e+02   0.0000000e+00   4.2813030e-05
   5.4600000e+02   0.0000000e+00   4.2384659e-05
   5.4700000e+02   0.0000000e+00   4.1960574e-05
   5.4800000e+02   0.0000000e+00   4.1540732e-05
   5.4900000e+02   1.0000000e+00   4.1125091e-05
   5.5000000e+02   0.0000000e+00   4.0713609e-05
   5.5100000e+02   0.0000000e+00   4.0306244e-05
   5.5200000e+02   0.0000000e+00   3.9902955e-05
   5.5300000e+02   0.0000000e+00   3.9503700e-05
   5.5400000e+02   0.0000000e+00   3.9108441e-05
   5.5500000e+02   0.0000000e+00   3.8717137e-05
   5.5600000e+02   0.0000000e+00   3.8329748e-05
   5.5700000e+02   0.0000000e+00   3.7946234e-05
   5.5800000e+02   0.0000000e+00   3.7566559e-05
   5.5900000e+02   0.0000000e+00   3.7190682e-05
   5.6000000e+02   0.0000000e+00   3.6818566e-05
   5.6100000e+02   0.0000000e+00   3.6450173e-05
   5.6200000e+02   0.0000000e+00   3.6085466e-05
   5.6300000e+02   0.0000000e+00   3.5724408e-05
   5.6400000e+02   0.0000000e+00   3.5366963e-05
   5.6500000e+02   0.0000000e+00   3.5013095e-05
   5.6600000e+02   0.0000000e+00   3.4662767e-05
   5.6700000e+02   0.0000000e+00   3.4315944e-05
   5.6800000e+02   0.0000000e+00   3.3972592e-05
   5.6900000e+02   0.0000000e+00   3.3632675e-05
   5.7000000e+02   0.0000000e+00   3.3296159e-05
   5.7100000e+02   0.0000000e+00   3.2963010e-05
   5.7200000e+02   0.0000000e+00   3.2633194e-05
   5.7300000e+02   0.0000000e+00   3.2306679e-05
   5.7400000e+02   0.0000000e+00   3.1983430e-05
   5.7500000e+02   0.0000000e+00   3.1663416e-05
   5.7600000e+02   0.0000000e+00   3.1346604e-05
   5.7700000e+02   0.0000000e+00   3.1032961e-05
   5.7800000e+02   0.0000000e+00   3.0722457e-05
   5.7900000e+02   0.0000000e+00   3.0415060e-05
   5.8000000e+02   0.0000000e+00   3.0110738e-05
   5.8100000e+02   0.0000000e+00   2.9809461e-05
   5.8200000e+02   0.0000000e+00   2.9511199e-05
   5.8300000e+02   0.0000000e+00   2.9215921e-05
   5.8400000e+02   1.0000000e+00   2.8923597e-05
   5.8500000e+02   0.0000000e+00   2.8634198e-05
   5.8600000e+02   0.0000000e+00   2.8347695e-05
   5.8700000e+02   0.0000000e+00   2.8064059e-05
   5.8800000e+02   0.0000000e+00   2.7783260e-05
   5.8900000e+02   0.0000000e+00   2.7505272e-05
   5.9000000e+02   0.0000000e+00   2.7230064e-05
   5.9100000e+02   0.0000000e+00   2.6957610e-05
   5.9200000e+02   0.0000000e+00   2.6687883e-05
   5.9300000e+02   0.0000000e+00   2.6420854e-05
   5.9400000e+02   0.0000000e+00   2.6156496e-05
   5.9500000e+02   0.0000000e+00   2.5894784e-05
   5.9600000e+02   0.0000000e+00   2.5635691e-05
   5.9700000e+02   0.0000000e+00   2.5379190e-05
   5.9800000e+02   0.0000000e+00   2.5125255e-05
   5.9900000e+02   0.0000000e+00   2.4873861e-05
   6.0000000e+02   0.0000000e+00   2.4624982e-05
   6.0100000e+02   0.0000000e+00   2.4378594e-05
   6.0200000e+02   0.0000000e+00   2.4134671e-05
   6.0300000e+02   0.0000000e+00   2.3893189e-05
   6.0400000e+02   0.0000000e+00   2.3654122e-05
   6.0500000e+02   0.0000000e+00   2.3417448e-05
   6.0600000e+02   0.0000000e+00   2.3183142e-05
   6.0700000e+02   0.0000000e+00   2.2951180e-05
   6.0800000e+02   0.0000000e+00   2.2721539e-05
   6.0900000e+02   0.0000000e+00   2.2494196e-05
   6.1000000e+02   0.0000000e+00   2.2269127e-05
   6.1100000e+02   0.0000000e+00   2.2046311e-05
   6.1200000e+02   0.0000000e+00   2.1825724e-05
   6.1300000e+02   0.0000000e+00   2.1607343e-05
   6.1400000e+02   0.0000000e+00   2.1391148e-05
   6.1500000e+02   0.0000000e+00   2.1177117e-05
   6.1600000e+02   0.0000000e+00   2.0965226e-05
   6.1700000e+02   0.0000000e+00   2.0755456e-05
   6.1800000e+02   0.0000000e+00   2.0547785e-05
   6.1900000e+02   0.0000000e+00   2.0342191e-05
   6.2000000e+02   0.0000000e+00   2.0138655e-05
   6.2100000e+02   0.0000000e+00   1.9937155e-05
   6.2200000e+02   0.0000000e+00   1.9737671e-05
   6.2300000e+02   0.0000000e+00   1.9540184e-05
   6.2400000e+02   0.0000000e+00   1.9344672e-05
   6.2500000e+02   0.0000000e+00   1.9151116e-05
   6.2600000e+02   0.0000000e+00   1.8959497e-05
   6.2700000e+02   0.0000000e+00   1.8769796e-05
   6.2800000e+02   0.0000000e+00   1.8581992e-05
   6.2900000e+02   0.0000000e+00   1.8396068e-05
   6.3000000e+02   0.0000000e+00   1.8212004e-05
   6.3100000e+02   0.0000000e+00   1.8029781e-05
   6.3200000e+02   0.0000000e+00   1.7849382e-05
   6.3300000e+02   0.0000000e+00   1.7670788e-05
   6.3400000e+02   0.0000000e+00   1.7493980e-05
   6.3500000e+02   0.0000000e+00   1.7318942e-05
   6.3600000e+02   0.0000000e+00   1.7145655e-05
   6.3700000e+02   0.0000000e+00   1.6974102e-05
   6.3800000e+02   0.0000000e+00   1.6804266e-05
   6.3900000e+02   0.0000000e+00   1.6636129e-05
   6.4000000e+02   0.0000000e+00   1.6469674e-05
   6.4100000e+02   0.0000000e+00   1.6304884e-05
   6.4200000e+02   0.0000000e+00   1.6141744e-05
   6.4300000e+02   0.0000000e+00   1.5980235e-05
   6.4400000e+02   0.0000000e+00   1.5820343e-05
   6.4500000e+02   0.0000000e+00   1.5662051e-05
   6.4600000e+02   0.0000000e+00   1.5505342e-05
   6.4700000e+02   0.0000000e+00   1.5350201e-05
   6.4800000e+02   0.0000000e+00   1.5196613e-05
   6.4900000e+02   0.0000000e+00   1.5044561e-05
   6.5000000e+02   0.0000000e+00   1.4894031e-05
   6.5100000e+02   0.0000000e+00   1.4745007e-05
   6.5200000e+02   0.0000000e+00   1.4597474e-05
   6.5300000e+02   0.0000000e+00   1.4451417e-05
   6.5400000e+02   0.0000000e+00   1.4306822e-05
   6.5500000e+02   0.0000000e+00   1.4163673e-05
   6.5600000e+02   0.0000000e+00   1.4021957e-05
   6.5700000e+02   0.0000000e+00   1.3881658e-05
   6.5800000e+02   0.0000000e+00   1.3742764e-05
   6.5900000e+02   0.0000000e+00   1.3605259e-05
   6.6000000e+02   0.0000000e+00   1.3469129e-05
   6.6100000e+02   0.0000000e+00   1.3334362e-05
   6.6200000e+02   0.0000000e+00   1.3200944e-05
   6.6300000e+02   0.0000000e+00   1.3068860e-05
   6.6400000e+02   0.0000000e+00   1.2938098e-05
   6.6500000e+02   0.0000000e+00   1.2808644e-05
   6.6600000e+02   0.0000000e+00   1.2680486e-05
   6.6700000e+02   0.0000000e+00   1.2553609e-05
   6.6800000e+02   0.0000000e+00   1.2428003e-05
   6.6900000e+02   0.0000000e+00   1.2303653e-05
   6.7000000e+02   0.0000000e+00   1.2180547e-05
   6.7100000e+02   0.0000000e+00   1.2058673e-05
   6.7200000e+02   0.0000000e+00   1.1938018e-05
   6.7300000e+02   0.0000000e+00   1.1818571e-05
   6.7400000e+02   0.0000000e+00   1.1700319e-05
   6.7500000e+02   0.0000000e+00   1.1583250e-05
   6.7600000e+02   0.0000000e+00   1.1467352e-05
   6.7700000e+02   0.0000000e+00   1.1352614e-05
   6.7800000e+02   0.0000000e+00   1.1239024e-05
   6.7900000e+02   0.0000000e+00   1.1126571e-05
   6.8000000e+02   0.0000000e+00   1.1015242e-05
   6.8100000e+02   0.0000000e+00   1.0905028e-05
   6.8200000e+02   0.0000000e+00   1.0795916e-05
   6.8300000e+02   0.0000000e+00   1.0687896e-05
   6.8400000e+02   0.0000000e+00   1.0580957e-05
   6.8500000e+02   0.0000000e+00   1.0475088e-05
   6.8600000e+02   0.0000000e+00   1.0370278e-05
   6.8700000e+02   0.0000000e+00   1.0266517e-05
   6.8800000e+02   0.0000000e+00   1.0163794e-05
   6.8900000e+02   0.0000000e+00   1.0062099e-05
   6.9000000e+02   0.0000000e+00   9.9614217e-06
   6.9100000e+02   0.0000000e+00   9.8617514e-06
   6.9200000e+02   0.0000000e+00   9.7630784e-06
   6.9300000e+02   0.0000000e+00   9.6653927e-06
   6.9400000e+02   0.0000000e+00   9.5686844e-06
   6.9500000e+02   0.0000000e+00   9.4729437e-06
   6.9600000e+02   0.0000000e+00   9.3781610e-06
   6.9700000e+02   0.0000000e+00   9.2843266e-06
   6.9800000e+02   0.0000000e+00   9.1914311e-06
   6.9900000e+02   0.0000000e+00   9.0994651e-06
   7.0000000e+02   0.0000000e+00   9.0084193e-06
   7.0100000e+02   0.0000000e+00   8.9182844e-06
   7.0200000e+02   0.0000000e+00   8.8290514e-06
   7.0300000e+02   0.0000000e+00   8.7407112e-06
   7.0400000e+02   0.0000000e+00   8.6532549e-06
   7.0500000e+02   0.0000000e+00   8.5666737e-06
   7.0600000e+02   0.0000000e+00   8.4809587e-06
   7.0700000e+02   0.0000000e+00   8.3961014e-06
   7.0800000e+02   0.0000000e+00   8.3120932e-06
   7.0900000e+02   0.0000000e+00   8.2289255e-06
   7.1000000e+02   0.0000000e+00   8.1465899e-06
   7.1100000e+02   0.0000000e+00   8.0650782e-06
   7.1200000e+02   0.0000000e+00   7.9843821e-06
   7.1300000e+02   0.0000000e+00   7.9044933e-06
   7.1400000e+02   0.0000000e+00   7.8254039e-06
   7.1500000e+02   0.0000000e+00   7.7471058e-06
   7.1600000e+02   0.0000000e+00   7.6695912e-06
   7.1700000e+02   0.0000000e+00   7.5928521e-06
   7.1800000e+02   0.0000000e+00   7.5168809e-06
   7.1900000e+02   0.0000000e+00   7.4416698e-06
   7.2000000e+02   0.0000000e+00   7.3672112e-06
   7.2100000e+02   0.0000000e+00   7.2934977e-06
   7.2200000e+02   0.0000000e+00   7.2205217e-06
   7.2300000e+02   0.0000000e+00   7.1482758e-06
   7.2400000e+02   0.0000000e+00   7.0767529e-06
   7.2500000e+02   0.0000000e+00   7.0059455e-06
   7.2600000e+02   0.0000000e+00   6.9358466e-06
   7.2700000e+02   0.0000000e+00   6.8664492e-06
   7.2800000e+02   0.0000000e+00   6.7977460e-06
   7.2900000e+02   0.0000000e+00   6.7297303e-06
   7.3000000e+02   0.0000000e+00   6.6623952e-06
   7.3100000e+02   0.0000000e+00   6.5957337e-06
   7.3200000e+02   0.0000000e+00   6.5297393e-06
   7.3300000e+02   0.0000000e+00   6.4644052e-06
   7.3400000e+02   0.0000000e+00   6.3997247e-06
   7.3500000e+02   0.0000000e+00   6.3356915e-06
   7.3600000e+02   0.0000000e+00   6.2722989e-06
   7.3700000e+02   0.0000000e+00   6.2095407e-06
   7.3800000e+02   0.0000000e+00   6.1474103e-06
   7.3900000e+02   0.0000000e+00   6.0859016e-06
   7.4000000e+02   0.0000000e+00   6.0250084e-06
   7.4100000e+02   0.0000000e+00   5.9647244e-06
   7.4200000e+02   0.0000000e+00   5.9050436e-06
   7.4300000e+02   0.0000000e+00   5.8459599e-06
   7.4400000e+02   0.0000000e+00   5.7874674e-06
   7.4500000e+02   0.0000000e+00   5.7295602e-06
   7.4600000e+02   0.0000000e+00   5.6722324e-06
   7.4700000e+02   0.0000000e+00   5.6154781e-06
   7.4800000e+02   0.0000000e+00   5.5592918e-06
   7.4900000e+02   0.0000000e+00   5.5036676e-06
   7.5000000e+02   0.0000000e+00   5.4485999e-06
   7.5100000e+02   0.0000000e+00   5.3940833e-06
   7.5200000e+02   0.0000000e+00   5.3401121e-06
   7.5300000e+02   0.0000000e+00   5.2866809e-06
   7.5400000e+02   0.0000000e+00   5.2337844e-06
   7.5500000e+02   0.0000000e+00   5.1814171e-06
   7.5600000e+02   0.0000000e+00   5.1295738e-06
   7.5700000e+02   0.0000000e+00   5.0782492e-06
   7.5800000e+02   0.0000000e+00   5.0274381e-06
   7.5900000e+02   0.0000000e+00   4.9771355e-06
   7.6000000e+02   0.0000000e+00   4.9273361e-06
   7.6100000e+02   0.0000000e+00   4.8780350e-06
   7.6200000e+02   0.0000000e+00   4.8292272e-06
   7.6300000e+02   0.0000000e+00   4.7809078e-06
   7.6400000e+02   0.0000000e+00   4.7330718e-06
   7.6500000e+02   0.0000000e+00   4.6857145e-06
   7.6600000e+02   0.0000000e+00   4.6388310e-06
   7.6700000e+02   0.0000000e+00   4.5924165e-06
   7.6800000e+02   0.0000000e+00   4.5464665e-06
   7.6900000e+02   0.0000000e+00   4.5009763e-06
   7.7000000e+02   0.0000000e+00   4.4559412e-06
   7.7100000e+02   0.0000000e+00   4.4113567e-06
   7.7200000e+02   0.0000000e+00   4.3672184e-06
   7.7300000e+02   0.0000000e+00   4.3235216e-06
   7.7400000e+02   0.0000000e+00   4.2802621e-06
   7.7500000e+02   0.0000000e+00   4.2374354e-06
   7.7600000e+02   0.0000000e+00   4.1950372e-06
   7.7700000e+02   0.0000000e+00   4.1530632e-06
   7.7800000e+02   0.0000000e+00   4.1115092e-06
   7.7900000e+02   0.0000000e+00   4.0703710e-06
   7.8000000e+02   0.0000000e+00   4.0296444e-06
   7.8100000e+02   0.0000000e+00   3.9893252e-06
   7.8200000e+02   0.0000000e+00   3.9494096e-06
   7.8300000e+02   0.0000000e+00   3.9098932e-06
   7.8400000e+02   0.0000000e+00   3.8707723e-06
   7.8500000e+02   0.0000000e+00   3.8320428e-06
   7.8600000e+02   0.0000000e+00   3.7937008e-06
   7.8700000e+02   0.0000000e+00   3.7557425e-06
   7.8800000e+02   0.0000000e+00   3.7181639e-06
   7.8900000e+02   0.0000000e+00   3.6809614e-06
   7.9000000e+02   0.0000000e+00   3.6441310e-06
   7.9100000e+02   0.0000000e+00   3.6076692e-06
   7.9200000e+02   0.0000000e+00   3.5715722e-06
   7.9300000e+02   0.0000000e+00   3.5358364e-06
   7.9400000e+02   0.0000000e+00   3.5004582e-06
   7.9500000e+02   0.0000000e+00   3.4654339e-06
   7.9600000e+02   0.0000000e+00   3.4307601e-06
   7.9700000e+02   0.0000000e+00   3.3964332e-06
   7.9800000e+02   0.0000000e+00   3.3624497e-06
   7.9900000e+02   0.0000000e+00   3.3288063e-06
   8.0000000e+02   0.0000000e+00   3.2954995e-06
   8.0100000e+02   0.0000000e+00   3.2625260e-06
   8.0200000e+02   0.0000000e+00   3.2298824e-06
   8.0300000e+02   0.0000000e+00   3.1975654e-06
   8.0400000e+02   0.0000000e+00   3.1655717e-06
   8.0500000e+02   0.0000000e+00   3.1338982e-06
   8.0600000e+02   0.0000000e+00   3.1025416e-06
   8.0700000e+02   0.0000000e+00   3.0714987e-06
   8.0800000e+02   0.0000000e+00   3.0407664e-06
   8.0900000e+02   0.0000000e+00   3.0103417e-06
   8.1000000e+02   0.0000000e+00   2.9802213e-06
   8.1100000e+02   0.0000000e+00   2.9504023e-06
   8.1200000e+02   0.0000000e+00   2.9208817e-06
   8.1300000e+02   0.0000000e+00   2.8916565e-06
   8.1400000e+02   0.0000000e+00   2.8627236e-06
   8.1500000e+02   1.0000000e+00   2.8340803e-06
