   1.0000000e+00   2.0000000e+00   9.6750283e-03
   2.0000000e+00   4.0000000e+00   9.5814221e-03
   3.0000000e+00   9.0000000e+00   9.4887216e-03
   4.0000000e+00   4.0000000e+00   9.3969179e-03
   5.0000000e+00   7.0000000e+00   9.3060025e-03
   6.0000000e+00   7.0000000e+00   9.2159666e-03
   7.0000000e+00   4.0000000e+00   9.1268019e-03
   8.0000000e+00   4.0000000e+00   9.0384998e-03
   9.0000000e+00   1.0000000e+00   8.9510521e-03
   1.0000000e+01   5.0000000e+00   8.8644504e-03
   1.1000000e+01   1.0000000e+00   8.7786866e-03
   1.2000000e+01   5.0000000e+00   8.6937526e-03
   1.3000000e+01   2.0000000e+00   8.6096403e-03
   1.4000000e+01   2.0000000e+00   8.5263418e-03
   1.5000000e+01   3.0000000e+00   8.4438492e-03
   1.6000000e+01   5.0000000e+00   8.3621547e-03
   1.7000000e+01   2.0000000e+00   8.2812506e-03
   1.8000000e+01   1.0000000e+01   8.2011293e-03
   1.9000000e+01   2.0000000e+00   8.1217831e-03
   2.0000000e+01   6.0000000e+00   8.0432046e-03
   2.1000000e+01   1.0000000e+00   7.9653864e-03
   2.2000000e+01   7.0000000e+00   7.8883211e-03
   2.3000000e+01   1.0000000e+00   7.8120013e-03
   2.4000000e+01   6.0000000e+00   7.7364200e-03
   2.5000000e+01   7.0000000e+00   7.6615699e-03
   2.6000000e+01   6.0000000e+00   7.5874440e-03
   2.7000000e+01   2.0000000e+00   7.5140353e-03
   2.8000000e+01   3.0000000e+00   7.4413368e-03
   2.9000000e+01   4.0000000e+00   7.3693416e-03
   3.0000000e+01   3.0000000e+00   7.2980430e-03
   3.1000000e+01   5.0000000e+00   7.2274343e-03
   3.2000000e+01   2.0000000e+00   7.1575086e-03
   3.3000000e+01   3.0000000e+00   7.0882595e-03
   3.4000000e+01   2.0000000e+00   7.0196804e-03
   3.5000000e+01   2.0000000e+00   6.9517648e-03
   3.6000000e+01   5.0000000e+00   6.8845063e-03
   3.7000000e+01   2.0000000e+00   6.8178985e-03
   3.8000000e+01   1.0000000e+00   6.7519351e-03
   3.9000000e+01   6.0000000e+00   6.6866100e-03
   4.0000000e+01   2.0000000e+00   6.6219168e-03
   4.1000000e+01   2.0000000e+00   6.5578496e-03
   4.2000000e+01   1.0000000e+00   6.4944022e-03
   4.3000000e+01   2.0000000e+00   6.4315687e-03
   4.4000000e+01   3.0000000e+00   6.3693431e-03
   4.5000000e+01   4.0000000e+00   6.3077195e-03
   4.6000000e+01   6.0000000e+00   6.2466921e-03
   4.7000000e+01   4.0000000e+00   6.1862552e-03
   4.8000000e+01   2.0000000e+00   6.1264030e-03
   4.9000000e+01   4.0000000e+00   6.0671299e-03
   5.0000000e+01   4.0000000e+00   6.0084303e-03
   5.1000000e+01   3.0000000e+00   5.9502985e-03
   5.2000000e+01   3.0000000e+00   5.8927292e-03
   5.3000000e+01   3.0000000e+00   5.8357169e-03
   5.4000000e+01   4.0000000e+00   5.7792562e-03
   5.5000000e+01   2.0000000e+00   5.7233417e-03
   5.6000000e+01   1.0000000e+00   5.6679682e-03
   5.7000000e+01   1.0000000e+00   5.6131305e-03
   5.8000000e+01   7.0000000e+00   5.5588233e-03
   5.9000000e+01   1.0000000e+00   5.5050415e-03
   6.0000000e+01   1.0000000e+00   5.4517801e-03
   6.1000000e+01   3.0000000e+00   5.3990339e-03
   6.2000000e+01   4.0000000e+00   5.3467981e-03
   6.3000000e+01   3.0000000e+00   5.2950677e-03
   6.4000000e+01   3.0000000e+00   5.2438378e-03
   6.5000000e+01   2.0000000e+00   5.1931035e-03
   6.6000000e+01   3.0000000e+00   5.1428601e-03
   6.7000000e+01   1.0000000e+00   5.0931027e-03
   6.8000000e+01   2.0000000e+00   5.0438268e-03
   6.9000000e+01   4.0000000e+00   4.9950277e-03
   7.0000000e+01   4.0000000e+00   4.9467006e-03
   7.1000000e+01   4.0000000e+00   4.8988412e-03
   7.2000000e+01   2.0000000e+00   4.8514447e-03
   7.3000000e+01   4.0000000e+00   4.8045069e-03
   7.4000000e+01   4.0000000e+00   4.7580231e-03
   7.5000000e+01   1.0000000e+00   4.7119891e-03
   7.6000000e+01   1.0000000e+00   4.6664005e-03
   7.7000000e+01   0.0000000e+00   4.6212529e-03
   7.8000000e+01   4.0000000e+00   4.5765422e-03
   7.9000000e+01   5.0000000e+00   4.5322640e-03
   8.0000000e+01   0.0000000e+00   4.4884142e-03
   8.1000000e+01   1.0000000e+00   4.4449887e-03
   8.2000000e+01   2.0000000e+00   4.4019833e-03
   8.3000000e+01   3.0000000e+00   4.3593940e-03
   8.4000000e+01   1.0000000e+00   4.3172167e-03
   8.5000000e+01   3.0000000e+00   4.2754475e-03
   8.6000000e+01   0.0000000e+00   4.2340825e-03
   8.7000000e+01   2.0000000e+00   4.1931176e-03
   8.8000000e+01   2.0000000e+00   4.1525491e-03
   8.9000000e+01   1.0000000e+00   4.1123730e-03
   9.0000000e+01   7.0000000e+00   4.0725857e-03
   9.1000000e+01   1.0000000e+00   4.0331833e-03
   9.2000000e+01   2.0000000e+00   3.9941622e-03
   9.3000000e+01   3.0000000e+00   3.9555185e-03
   9.4000000e+01   3.0000000e+00   3.9172488e-03
   9.5000000e+01   3.0000000e+00   3.8793493e-03
   9.6000000e+01   3.0000000e+00   3.8418165e-03
   9.7000000e+01   1.0000000e+00   3.8046468e-03
   9.8000000e+01   3.0000000e+00   3.7678367e-03
   9.9000000e+01   1.0000000e+00   3.7313828e-03
   1.0000000e+02   1.0000000e+00   3.6952816e-03
   1.0100000e+02   1.0000000e+00   3.6595296e-03
   1.0200000e+02   3.0000000e+00   3.6241236e-03
   1.0300000e+02   6.0000000e+00   3.5890601e-03
   1.0400000e+02   4.0000000e+00   3.5543358e-03
   1.0500000e+02   1.0000000e+00   3.5199475e-03
   1.0600000e+02   2.0000000e+00   3.4858919e-03
   1.0700000e+02   2.0000000e+00   3.4521658e-03
   1.0800000e+02   2.0000000e+00   3.4187660e-03
   1.0900000e+02   4.0000000e+00   3.3856893e-03
   1.1000000e+02   3.0000000e+00   3.3529327e-03
   1.1100000e+02   0.0000000e+00   3.3204930e-03
   1.1200000e+02   0.0000000e+00   3.2883671e-03
   1.1300000e+02   1.0000000e+00   3.2565521e-03
   1.1400000e+02   0.0000000e+00   3.2250448e-03
   1.1500000e+02   2.0000000e+00   3.1938424e-03
   1.1600000e+02   0.0000000e+00   3.1629419e-03
   1.1700000e+02   0.0000000e+00   3.1323404e-03
   1.1800000e+02   3.0000000e+00   3.1020349e-03
   1.1900000e+02   1.0000000e+00   3.0720226e-03
   1.2000000e+02   2.0000000e+00   3.0423007e-03
   1.2100000e+02   0.0000000e+00   3.0128664e-03
   1.2200000e+02   0.0000000e+00   2.9837168e-03
   1.2300000e+02   2.0000000e+00   2.9548493e-03
   1.2400000e+02   2.0000000e+00   2.9262610e-03
   1.2500000e+02   1.0000000e+00   2.8979493e-03
   1.2600000e+02   0.0000000e+00   2.8699116e-03
   1.2700000e+02   1.0000000e+00   2.8421451e-03
   1.2800000e+02   1.0000000e+00   2.8146473e-03
   1.2900000e+02   0.0000000e+00   2.7874155e-03
   1.3000000e+02   4.0000000e+00   2.7604472e-03
   1.3100000e+02   0.0000000e+00   2.7337398e-03
   1.3200000e+02   2.0000000e+00   2.7072908e-03
   1.3300000e+02   0.0000000e+00   2.6810977e-03
   1.3400000e+02   0.0000000e+00   2.6551580e-03
   1.3500000e+02   1.0000000e+00   2.6294692e-03
   1.3600000e+02   0.0000000e+00   2.6040290e-03
   1.3700000e+02   0.0000000e+00   2.5788350e-03
   1.3800000e+02   1.0000000e+00   2.5538847e-03
   1.3900000e+02   0.0000000e+00   2.5291758e-03
   1.4000000e+02   2.0000000e+00   2.5047059e-03
   1.4100000e+02   2.0000000e+00   2.4804728e-03
   1.4200000e+02   1.0000000e+00   2.4564742e-03
   1.4300000e+02   0.0000000e+00   2.4327077e-03
   1.4400000e+02   1.0000000e+00   2.4091712e-03
   1.4500000e+02   3.0000000e+00   2.3858624e-03
   1.4600000e+02   2.0000000e+00   2.3627791e-03
   1.4700000e+02   0.0000000e+00   2.3399192e-03
   1.4800000e+02   0.0000000e+00   2.3172804e-03
   1.4900000e+02   1.0000000e+00   2.2948606e-03
   1.5000000e+02   0.0000000e+00   2.2726578e-03
   1.5100000e+02   0.0000000e+00   2.2506698e-03
   1.5200000e+02   1.0000000e+00   2.2288945e-03
   1.5300000e+02   0.0000000e+00   2.2073299e-03
   1.5400000e+02   2.0000000e+00   2.1859739e-03
   1.5500000e+02   1.0000000e+00   2.1648245e-03
   1.5600000e+02   2.0000000e+00   2.1438798e-03
   1.5700000e+02   1.0000000e+00   2.1231377e-03
   1.5800000e+02   1.0000000e+00   2.1025963e-03
   1.5900000e+02   1.0000000e+00   2.0822536e-03
   1.6000000e+02   0.0000000e+00   2.0621077e-03
   1.6100000e+02   2.0000000e+00   2.0421568e-03
   1.6200000e+02   0.0000000e+00   2.0223988e-03
   1.6300000e+02   0.0000000e+00   2.0028321e-03
   1.6400000e+02   2.0000000e+00   1.9834546e-03
   1.6500000e+02   3.0000000e+00   1.9642646e-03
   1.6600000e+02   0.0000000e+00   1.9452603e-03
   1.6700000e+02   1.0000000e+00   1.9264399e-03
   1.6800000e+02   2.0000000e+00   1.9078015e-03
   1.6900000e+02   0.0000000e+00   1.8893435e-03
   1.7000000e+02   0.0000000e+00   1.8710640e-03
   1.7100000e+02   1.0000000e+00   1.8529614e-03
   1.7200000e+02   0.0000000e+00   1.8350340e-03
   1.7300000e+02   1.0000000e+00   1.8172800e-03
   1.7400000e+02   2.0000000e+00   1.7996977e-03
   1.7500000e+02   0.0000000e+00   1.7822856e-03
   1.7600000e+02   1.0000000e+00   1.7650419e-03
   1.7700000e+02   0.0000000e+00   1.7479651e-03
   1.7800000e+02   2.0000000e+00   1.7310535e-03
   1.7900000e+02   1.0000000e+00   1.7143055e-03
   1.8000000e+02   0.0000000e+00   1.6977196e-03
   1.8100000e+02   0.0000000e+00   1.6812941e-03
   1.8200000e+02   2.0000000e+00   1.6650275e-03
   1.8300000e+02   0.0000000e+00   1.6489183e-03
   1.8400000e+02   0.0000000e+00   1.6329650e-03
   1.8500000e+02   2.0000000e+00   1.6171660e-03
   1.8600000e+02   2.0000000e+00   1.6015199e-03
   1.8700000e+02   1.0000000e+00   1.5860251e-03
   1.8800000e+02   2.0000000e+00   1.5706803e-03
   1.8900000e+02   0.0000000e+00   1.5554839e-03
   1.9000000e+02   1.0000000e+00   1.5404346e-03
   1.9100000e+02   1.0000000e+00   1.5255308e-03
   1.9200000e+02   0.0000000e+00   1.5107713e-03
   1.9300000e+02   0.0000000e+00   1.4961545e-03
   1.9400000e+02   3.0000000e+00   1.4816792e-03
   1.9500000e+02   0.0000000e+00   1.4673439e-03
   1.9600000e+02   0.0000000e+00   1.4531473e-03
   1.9700000e+02   2.0000000e+00   1.4390880e-03
   1.9800000e+02   1.0000000e+00   1.4251648e-03
   1.9900000e+02   3.0000000e+00   1.4113763e-03
   2.0000000e+02   0.0000000e+00   1.3977212e-03
   2.0100000e+02   0.0000000e+00   1.3841982e-03
   2.0200000e+02   0.0000000e+00   1.3708061e-03
   2.0300000e+02   2.0000000e+00   1.3575435e-03
   2.0400000e+02   2.0000000e+00   1.3444092e-03
   2.0500000e+02   0.0000000e+00   1.3314020e-03
   2.0600000e+02   1.0000000e+00   1.3185207e-03
   2.0700000e+02   1.0000000e+00   1.3057639e-03
   2.0800000e+02   0.0000000e+00   1.2931306e-03
   2.0900000e+02   1.0000000e+00   1.2806196e-03
   2.1000000e+02   1.0000000e+00   1.2682295e-03
   2.1100000e+02   0.0000000e+00   1.2559594e-03
   2.1200000e+02   1.0000000e+00   1.2438079e-03
   2.1300000e+02   0.0000000e+00   1.2317740e-03
   2.1400000e+02   0.0000000e+00   1.2198566e-03
   2.1500000e+02   0.0000000e+00   1.2080545e-03
   2.1600000e+02   0.0000000e+00   1.1963665e-03
   2.1700000e+02   0.0000000e+00   1.1847916e-03
   2.1800000e+02   0.0000000e+00   1.1733287e-03
   2.1900000e+02   1.0000000e+00   1.1619767e-03
   2.2000000e+02   0.0000000e+00   1.1507346e-03
   2.2100000e+02   1.0000000e+00   1.1396012e-03
   2.2200000e+02   0.0000000e+00   1.1285755e-03
   2.2300000e+02   1.0000000e+00   1.1176565e-03
   2.2400000e+02   0.0000000e+00   1.1068432e-03
   2.2500000e+02   0.0000000e+00   1.0961344e-03
   2.2600000e+02   1.0000000e+00   1.0855293e-03
   2.2700000e+02   3.0000000e+00   1.0750268e-03
   2.2800000e+02   0.0000000e+00   1.0646258e-03
   2.2900000e+02   0.0000000e+00   1.0543256e-03
   2.3000000e+02   0.0000000e+00   1.0441249e-03
   2.3100000e+02   0.0000000e+00   1.0340230e-03
   2.3200000e+02   3.0000000e+00   1.0240188e-03
   2.3300000e+02   2.0000000e+00   1.0141114e-03
   2.3400000e+02   1.0000000e+00   1.0042998e-03
   2.3500000e+02   2.0000000e+00   9.9458319e-04
   2.3600000e+02   0.0000000e+00   9.8496057e-04
   2.3700000e+02   0.0000000e+00   9.7543105e-04
   2.3800000e+02   0.0000000e+00   9.6599372e-04
   2.3900000e+02   0.0000000e+00   9.5664771e-04
   2.4000000e+02   0.0000000e+00   9.4739211e-04
   2.4100000e+02   1.0000000e+00   9.3822607e-04
   2.4200000e+02   0.0000000e+00   9.2914870e-04
   2.4300000e+02   1.0000000e+00   9.2015916e-04
   2.4400000e+02   1.0000000e+00   9.1125660e-04
   2.4500000e+02   0.0000000e+00   9.0244017e-04
   2.4600000e+02   0.0000000e+00   8.9370903e-04
   2.4700000e+02   0.0000000e+00   8.8506237e-04
   2.4800000e+02   2.0000000e+00   8.7649937e-04
   2.4900000e+02   0.0000000e+00   8.6801921e-04
   2.5000000e+02   0.0000000e+00   8.5962110e-04
   2.5100000e+02   1.0000000e+00   8.5130424e-04
   2.5200000e+02   0.0000000e+00   8.4306785e-04
   2.5300000e+02   0.0000000e+00   8.3491114e-04
   2.5400000e+02   0.0000000e+00   8.2683336e-04
   2.5500000e+02   0.0000000e+00   8.1883372e-04
   2.5600000e+02   1.0000000e+00   8.1091148e-04
   2.5700000e+02   0.0000000e+00   8.0306589e-04
   2.5800000e+02   0.0000000e+00   7.9529620e-04
   2.5900000e+02   0.0000000e+00   7.8760169e-04
   2.6000000e+02   1.0000000e+00   7.7998162e-04
   2.6100000e+02   0.0000000e+00   7.7243528e-04
   2.6200000e+02   0.0000000e+00   7.6496194e-04
   2.6300000e+02   0.0000000e+00   7.5756092e-04
   2.6400000e+02   0.0000000e+00   7.5023149e-04
   2.6500000e+02   1.0000000e+00   7.4297298e-04
   2.6600000e+02   0.0000000e+00   7.3578470e-04
   2.6700000e+02   1.0000000e+00   7.2866596e-04
   2.6800000e+02   0.0000000e+00   7.2161610e-04
   2.6900000e+02   0.0000000e+00   7.1463444e-04
   2.7000000e+02   0.0000000e+00   7.0772033e-04
   2.7100000e+02   1.0000000e+00   7.0087312e-04
   2.7200000e+02   1.0000000e+00   6.9409215e-04
   2.7300000e+02   2.0000000e+00   6.8737679e-04
   2.7400000e+02   1.0000000e+00   6.8072640e-04
   2.7500000e+02   0.0000000e+00   6.7414035e-04
   2.7600000e+02   0.0000000e+00   6.6761802e-04
   2.7700000e+02   0.0000000e+00   6.6115880e-04
   2.7800000e+02   0.0000000e+00   6.5476207e-04
   2.7900000e+02   0.0000000e+00   6.4842723e-04
   2.8000000e+02   0.0000000e+00   6.4215368e-04
   2.8100000e+02   1.0000000e+00   6.3594082e-04
   2.8200000e+02   0.0000000e+00   6.2978808e-04
   2.8300000e+02   0.0000000e+00   6.2369486e-04
   2.8400000e+02   0.0000000e+00   6.1766059e-04
   2.8500000e+02   0.0000000e+00   6.1168471e-04
   2.8600000e+02   0.0000000e+00   6.0576664e-04
   2.8700000e+02   0.0000000e+00   5.9990583e-04
   2.8800000e+02   0.0000000e+00   5.9410173e-04
   2.8900000e+02   1.0000000e+00   5.8835378e-04
   2.9000000e+02   0.0000000e+00   5.8266144e-04
   2.9100000e+02   0.0000000e+00   5.7702417e-04
   2.9200000e+02   0.0000000e+00   5.7144145e-04
   2.9300000e+02   3.0000000e+00   5.6591273e-04
   2.9400000e+02   0.0000000e+00   5.6043751e-04
   2.9500000e+02   0.0000000e+00   5.5501526e-04
   2.9600000e+02   1.0000000e+00   5.4964548e-04
   2.9700000e+02   0.0000000e+00   5.4432764e-04
   2.9800000e+02   0.0000000e+00   5.3906126e-04
   2.9900000e+02   1.0000000e+00   5.3384582e-04
   3.0000000e+02   1.0000000e+00   5.2868085e-04
   3.0100000e+02   2.0000000e+00   5.2356585e-04
   3.0200000e+02   0.0000000e+00   5.1850033e-04
   3.0300000e+02   0.0000000e+00   5.1348383e-04
   3.0400000e+02   0.0000000e+00   5.0851586e-04
   3.0500000e+02   0.0000000e+00   5.0359595e-04
   3.0600000e+02   1.0000000e+00   4.9872365e-04
   3.0700000e+02   0.0000000e+00   4.9389848e-04
   3.0800000e+02   1.0000000e+00   4.8912000e-04
   3.0900000e+02   0.0000000e+00   4.8438775e-04
   3.1000000e+02   0.0000000e+00   4.7970128e-04
   3.1100000e+02   0.0000000e+00   4.7506016e-04
   3.1200000e+02   0.0000000e+00   4.7046394e-04
   3.1300000e+02   1.0000000e+00   4.6591219e-04
   3.1400000e+02   0.0000000e+00   4.6140447e-04
   3.1500000e+02   0.0000000e+00   4.5694037e-04
   3.1600000e+02   1.0000000e+00   4.5251946e-04
   3.1700000e+02   2.0000000e+00   4.4814132e-04
   3.1800000e+02   0.0000000e+00   4.4380554e-04
   3.1900000e+02   1.0000000e+00   4.3951171e-04
   3.2000000e+02   0.0000000e+00   4.3525942e-04
   3.2100000e+02   0.0000000e+00   4.3104828e-04
   3.2200000e+02   0.0000000e+00   4.2687787e-04
   3.2300000e+02   0.0000000e+00   4.2274782e-04
   3.2400000e+02   0.0000000e+00   4.1865772e-04
   3.2500000e+02   0.0000000e+00   4.1460719e-04
   3.2600000e+02   0.0000000e+00   4.1059586e-04
   3.2700000e+02   0.0000000e+00   4.0662333e-04
   3.2800000e+02   0.0000000e+00   4.0268924e-04
   3.2900000e+02   0.0000000e+00   3.9879321e-04
   3.3000000e+02   0.0000000e+00   3.9493487e-04
   3.3100000e+02   2.0000000e+00   3.9111387e-04
   3.3200000e+02   1.0000000e+00   3.8732983e-04
   3.3300000e+02   0.0000000e+00   3.8358240e-04
   3.3400000e+02   0.0000000e+00   3.7987123e-04
   3.3500000e+02   0.0000000e+00   3.7619597e-04
   3.3600000e+02   0.0000000e+00   3.7255626e-04
   3.3700000e+02   1.0000000e+00   3.6895177e-04
   3.3800000e+02   0.0000000e+00   3.6538215e-04
   3.3900000e+02   0.0000000e+00   3.6184707e-04
   3.4000000e+02   0.0000000e+00   3.5834619e-04
   3.4100000e+02   0.0000000e+00   3.5487918e-04
   3.4200000e+02   0.0000000e+00   3.5144571e-04
   3.4300000e+02   1.0000000e+00   3.4804546e-04
   3.4400000e+02   1.0000000e+00   3.4467811e-04
   3.4500000e+02   0.0000000e+00   3.4134334e-04
   3.4600000e+02   1.0000000e+00   3.3804084e-04
   3.4700000e+02   0.0000000e+00   3.3477028e-04
   3.4800000e+02   1.0000000e+00   3.3153137e-04
   3.4900000e+02   0.0000000e+00   3.2832380e-04
   3.5000000e+02   0.0000000e+00   3.2514725e-04
   3.5100000e+02   0.0000000e+00   3.2200144e-04
   3.5200000e+02   0.0000000e+00   3.1888607e-04
   3.5300000e+02   0.0000000e+00   3.1580084e-04
   3.5400000e+02   0.0000000e+00   3.1274546e-04
   3.5500000e+02   0.0000000e+00   3.0971964e-04
   3.5600000e+02   1.0000000e+00   3.0672309e-04
   3.5700000e+02   0.0000000e+00   3.0375554e-04
   3.5800000e+02   0.0000000e+00   3.0081669e-04
   3.5900000e+02   0.0000000e+00   2.9790628e-04
   3.6000000e+02   0.0000000e+00   2.9502403e-04
   3.6100000e+02   0.0000000e+00   2.9216966e-04
   3.6200000e+02   0.0000000e+00   2.8934291e-04
   3.6300000e+02   0.0000000e+00   2.8654351e-04
   3.6400000e+02   1.0000000e+00   2.8377120e-04
   3.6500000e+02   0.0000000e+00   2.8102570e-04
   3.6600000e+02   0.0000000e+00   2.7830677e-04
   3.6700000e+02   0.0000000e+00   2.7561415e-04
   3.6800000e+02   0.0000000e+00   2.7294757e-04
   3.6900000e+02   0.0000000e+00   2.7030680e-04
   3.7000000e+02   0.0000000e+00   2.6769157e-04
   3.7100000e+02   0.0000000e+00   2.6510165e-04
   3.7200000e+02   0.0000000e+00   2.6253678e-04
   3.7300000e+02   0.0000000e+00   2.5999673e-04
   3.7400000e+02   0.0000000e+00   2.5748125e-04
   3.7500000e+02   0.0000000e+00   2.5499012e-04
   3.7600000e+02   0.0000000e+00   2.5252308e-04
   3.7700000e+02   0.0000000e+00   2.5007991e-04
   3.7800000e+02   0.0000000e+00   2.4766038e-04
   3.7900000e+02   1.0000000e+00   2.4526426e-04
   3.8000000e+02   0.0000000e+00   2.4289132e-04
   3.8100000e+02   0.0000000e+00   2.4054134e-04
   3.8200000e+02   0.0000000e+00   2.3821410e-04
   3.8300000e+02   0.0000000e+00   2.3590937e-04
   3.8400000e+02   0.0000000e+00   2.3362694e-04
   3.8500000e+02   0.0000000e+00   2.3136659e-04
   3.8600000e+02   0.0000000e+00   2.2912811e-04
   3.8700000e+02   0.0000000e+00   2.2691129e-04
   3.8800000e+02   0.0000000e+00   2.2471592e-04
   3.8900000e+02   0.0000000e+00   2.2254179e-04
   3.9000000e+02   0.0000000e+00   2.2038869e-04
   3.9100000e+02   0.0000000e+00   2.1825642e-04
   3.9200000e+02   0.0000000e+00   2.1614478e-04
   3.9300000e+02   0.0000000e+00   2.1405358e-04
   3.9400000e+02   0.0000000e+00   2.1198260e-04
   3.9500000e+02   0.0000000e+00   2.0993166e-04
   3.9600000e+02   0.0000000e+00   2.0790057e-04
   3.9700000e+02   0.0000000e+00   2.0588913e-04
   3.9800000e+02   0.0000000e+00   2.0389714e-04
   3.9900000e+02   0.0000000e+00   2.0192443e-04
   4.0000000e+02   0.0000000e+00   1.9997081e-04
   4.0100000e+02   0.0000000e+00   1.9803608e-04
   4.0200000e+02   0.0000000e+00   1.9612008e-04
   4.0300000e+02   0.0000000e+00   1.9422261e-04
   4.0400000e+02   0.0000000e+00   1.9234350e-04
   4.0500000e+02   0.0000000e+00   1.9048257e-04
   4.0600000e+02   0.0000000e+00   1.8863965e-04
   4.0700000e+02   0.0000000e+00   1.8681456e-04
   4.0800000e+02   0.0000000e+00   1.8500712e-04
   4.0900000e+02   0.0000000e+00   1.8321717e-04
   4.1000000e+02   0.0000000e+00   1.8144454e-04
   4.1100000e+02   0.0000000e+00   1.7968906e-04
   4.1200000e+02   0.0000000e+00   1.7795056e-04
   4.1300000e+02   0.0000000e+00   1.7622888e-04
   4.1400000e+02   0.0000000e+00   1.7452387e-04
   4.1500000e+02   1.0000000e+00   1.7283534e-04
   4.1600000e+02   0.0000000e+00   1.7116316e-04
   4.1700000e+02   0.0000000e+00   1.6950715e-04
   4.1800000e+02   0.0000000e+00   1.6786716e-04
   4.1900000e+02   0.0000000e+00   1.6624304e-04
   4.2000000e+02   0.0000000e+00   1.6463463e-04
   4.2100000e+02   0.0000000e+00   1.6304179e-04
   4.2200000e+02   0.0000000e+00   1.6146436e-04
   4.2300000e+02   0.0000000e+00   1.5990218e-04
   4.2400000e+02   0.0000000e+00   1.5835513e-04
   4.2500000e+02   0.0000000e+00   1.5682304e-04
   4.2600000e+02   0.0000000e+00   1.5530577e-04
   4.2700000e+02   1.0000000e+00   1.5380318e-04
   4.2800000e+02   0.0000000e+00   1.5231513e-04
   4.2900000e+02   0.0000000e+00   1.5084148e-04
   4.3000000e+02   0.0000000e+00   1.4938208e-04
   4.3100000e+02   0.0000000e+00   1.4793681e-04
   4.3200000e+02   0.0000000e+00   1.4650551e-04
   4.3300000e+02   0.0000000e+00   1.4508807e-04
   4.3400000e+02   1.0000000e+00   1.4368434e-04
   4.3500000e+02   0.0000000e+00   1.4229419e-04
   4.3600000e+02   0.0000000e+00   1.4091749e-04
   4.3700000e+02   0.0000000e+00   1.3955411e-04
   4.3800000e+02   0.0000000e+00   1.3820392e-04
   4.3900000e+02   0.0000000e+00   1.3686679e-04
   4.4000000e+02   0.0000000e+00   1.3554260e-04
   4.4100000e+02   0.0000000e+00   1.3423122e-04
   4.4200000e+02   1.0000000e+00   1.3293253e-04
   4.4300000e+02   0.0000000e+00   1.3164640e-04
   4.4400000e+02   0.0000000e+00   1.3037272e-04
   4.4500000e+02   0.0000000e+00   1.2911136e-04
   4.4600000e+02   0.0000000e+00   1.2786221e-04
   4.4700000e+02   0.0000000e+00   1.2662513e-04
   4.4800000e+02   0.0000000e+00   1.2540003e-04
   4.4900000e+02   0.0000000e+00   1.2418678e-04
   4.5000000e+02   0.0000000e+00   1.2298527e-04
   4.5100000e+02   0.0000000e+00   1.2179539e-04
   4.5200000e+02   0.0000000e+00   1.2061701e-04
   4.5300000e+02   0.0000000e+00   1.1945004e-04
   4.5400000e+02   0.0000000e+00   1.1829436e-04
   4.5500000e+02   1.0000000e+00   1.1714986e-04
   4.5600000e+02   0.0000000e+00   1.1601643e-04
   4.5700000e+02   0.0000000e+00   1.1489397e-04
   4.5800000e+02   0.0000000e+00   1.1378236e-04
   4.5900000e+02   0.0000000e+00   1.1268152e-04
   4.6000000e+02   0.0000000e+00   1.1159132e-04
   4.6100000e+02   0.0000000e+00   1.1051167e-04
   4.6200000e+02   0.0000000e+00   1.0944247e-04
   4.6300000e+02   0.0000000e+00   1.0838361e-04
   4.6400000e+02   0.0000000e+00   1.0733499e-04
   4.6500000e+02   0.0000000e+00   1.0629652e-04
   4.6600000e+02   0.0000000e+00   1.0526810e-04
   4.6700000e+02   0.0000000e+00   1.0424963e-04
   4.6800000e+02   0.0000000e+00   1.0324101e-04
   4.6900000e+02   0.0000000e+00   1.0224215e-04
   4.7000000e+02   0.0000000e+00   1.0125296e-04
   4.7100000e+02   0.0000000e+00   1.0027333e-04
   4.7200000e+02   0.0000000e+00   9.9303185e-05
   4.7300000e+02   0.0000000e+00   9.8342423e-05
   4.7400000e+02   0.0000000e+00   9.7390958e-05
   4.7500000e+02   0.0000000e+00   9.6448697e-05
   4.7600000e+02   0.0000000e+00   9.5515554e-05
   4.7700000e+02   0.0000000e+00   9.4591438e-05
   4.7800000e+02   0.0000000e+00   9.3676263e-05
   4.7900000e+02   0.0000000e+00   9.2769943e-05
   4.8000000e+02   2.0000000e+00   9.1872391e-05
   4.8100000e+02   0.0000000e+00   9.0983523e-05
   4.8200000e+02   0.0000000e+00   9.0103255e-05
   4.8300000e+02   0.0000000e+00   8.9231503e-05
   4.8400000e+02   0.0000000e+00   8.8368186e-05
   4.8500000e+02   0.0000000e+00   8.7513221e-05
   4.8600000e+02   0.0000000e+00   8.6666528e-05
   4.8700000e+02   0.0000000e+00   8.5828027e-05
   4.8800000e+02   0.0000000e+00   8.4997638e-05
   4.8900000e+02   0.0000000e+00   8.4175284e-05
   4.9000000e+02   0.0000000e+00   8.3360886e-05
   4.9100000e+02   0.0000000e+00   8.2554367e-05
   4.9200000e+02   0.0000000e+00   8.1755651e-05
   4.9300000e+02   0.0000000e+00   8.0964663e-05
   4.9400000e+02   0.0000000e+00   8.0181327e-05
   4.9500000e+02   0.0000000e+00   7.9405571e-05
   4.9600000e+02   0.0000000e+00   7.8637319e-05
   4.9700000e+02   0.0000000e+00   7.7876501e-05
   4.9800000e+02   0.0000000e+00   7.7123044e-05
   4.9900000e+02   0.0000000e+00   7.6376876e-05
   5.0000000e+02   0.0000000e+00   7.5637928e-05
   5.0100000e+02   0.0000000e+00   7.4906129e-05
   5.0200000e+02   0.0000000e+00   7.4181410e-05
   5.0300000e+02   0.0000000e+00   7.3463703e-05
   5.0400000e+02   0.0000000e+00   7.2752939e-05
   5.0500000e+02   0.0000000e+00   7.2049052e-05
   5.0600000e+02   0.0000000e+00   7.1351976e-05
   5.0700000e+02   0.0000000e+00   7.0661643e-05
   5.0800000e+02   0.0000000e+00   6.9977990e-05
   5.0900000e+02   0.0000000e+00   6.9300951e-05
   5.1000000e+02   0.0000000e+00   6.8630462e-05
   5.1100000e+02   0.0000000e+00   6.7966461e-05
   5.1200000e+02   0.0000000e+00   6.7308883e-05
   5.1300000e+02   0.0000000e+00   6.6657668e-05
   5.1400000e+02   0.0000000e+00   6.6012753e-05
   5.1500000e+02   0.0000000e+00   6.5374078e-05
   5.1600000e+02   0.0000000e+00   6.4741582e-05
   5.1700000e+02   0.0000000e+00   6.4115205e-05
   5.1800000e+02   0.0000000e+00   6.3494889e-05
   5.1900000e+02   0.0000000e+00   6.2880574e-05
   5.2000000e+02   0.0000000e+00   6.2272202e-05
   5.2100000e+02   0.0000000e+00   6.1669717e-05
   5.2200000e+02   0.0000000e+00   6.1073061e-05
   5.2300000e+02   0.0000000e+00   6.0482177e-05
   5.2400000e+02   0.0000000e+00   5.9897011e-05
   5.2500000e+02   0.0000000e+00   5.9317505e-05
   5.2600000e+02   0.0000000e+00   5.8743607e-05
   5.2700000e+02   0.0000000e+00   5.8175261e-05
   5.2800000e+02   0.0000000e+00   5.7612413e-05
   5.2900000e+02   0.0000000e+00   5.7055012e-05
   5.3000000e+02   0.0000000e+00   5.6503003e-05
   5.3100000e+02   0.0000000e+00   5.5956335e-05
   5.3200000e+02   0.0000000e+00   5.5414956e-05
   5.3300000e+02   0.0000000e+00   5.4878814e-05
   5.3400000e+02   0.0000000e+00   5.4347860e-05
   5.3500000e+02   0.0000000e+00   5.3822043e-05
   5.3600000e+02   0.0000000e+00   5.3301313e-05
   5.3700000e+02   0.0000000e+00   5.2785622e-05
   5.3800000e+02   0.0000000e+00   5.2274919e-05
   5.3900000e+02   0.0000000e+00   5.1769158e-05
   5.4000000e+02   0.0000000e+00   5.1268290e-05
   5.4100000e+02   0.0000000e+00   5.0772268e-05
   5.4200000e+02   0.0000000e+00   5.0281045e-05
   5.4300000e+02   0.0000000e+00   4.9794574e-05
   5.4400000e+02   0.0000000e+00   4.9312810e-05
   5.4500000e+02   0.0000000e+00   4.8835707e-05
   5.4600000e+02   0.0000000e+00   4.8363220e-05
   5.4700000e+02   0.0000000e+00   4.7895305e-05
   5.4800000e+02   0.0000000e+00   4.7431916e-05
   5.4900000e+02   0.0000000e+00   4.6973011e-05
   5.5000000e+02   0.0000000e+00   4.6518546e-05
   5.5100000e+02   0.0000000e+00   4.6068478e-05
   5.5200000e+02   0.0000000e+00   4.5622764e-05
   5.5300000e+02   0.0000000e+00   4.5181363e-05
   5.5400000e+02   0.0000000e+00   4.4744232e-05
   5.5500000e+02   0.0000000e+00   4.4311330e-05
   5.5600000e+02   0.0000000e+00   4.3882616e-05
   5.5700000e+02   0.0000000e+00   4.3458051e-05
   5.5800000e+02   0.0000000e+00   4.3037593e-05
   5.5900000e+02   0.0000000e+00   4.2621203e-05
   5.6000000e+02   0.0000000e+00   4.2208842e-05
   5.6100000e+02   0.0000000e+00   4.1800470e-05
   5.6200000e+02   0.0000000e+00   4.1396049e-05
   5.6300000e+02   1.0000000e+00   4.0995541e-05
