   1.0000000e+00   1.4000000e+01   3.9657996e-02
   2.0000000e+00   1.6000000e+01   3.7253098e-02
   3.0000000e+00   1.5000000e+01   3.5021487e-02
   4.0000000e+00   2.2000000e+01   3.2950084e-02
   5.0000000e+00   1.5000000e+01   3.1026808e-02
   6.0000000e+00   1.9000000e+01   2.9240501e-02
   7.0000000e+00   2.0000000e+01   2.7580855e-02
   8.0000000e+00   9.0000000e+00   2.6038346e-02
   9.0000000e+00   1.0000000e+01   2.4604178e-02
   1.0000000e+01   1.3000000e+01   2.3270227e-02
   1.1000000e+01   1.6000000e+01   2.2028984e-02
   1.2000000e+01   5.0000000e+00   2.0873515e-02
   1.3000000e+01   5.0000000e+00   1.9797412e-02
   1.4000000e+01   7.0000000e+00   1.8794756e-02
   1.5000000e+01   3.0000000e+00   1.7860078e-02
   1.6000000e+01   1.4000000e+01   1.6988326e-02
   1.7000000e+01   7.0000000e+00   1.6174829e-02
   1.8000000e+01   9.0000000e+00   1.5415275e-02
   1.9000000e+01   7.0000000e+00   1.4705677e-02
   2.0000000e+01   9.0000000e+00   1.4042351e-02
   2.1000000e+01   8.0000000e+00   1.3421893e-02
   2.2000000e+01   6.0000000e+00   1.2841157e-02
   2.3000000e+01   2.0000000e+00   1.2297236e-02
   2.4000000e+01   3.0000000e+00   1.1787442e-02
   2.5000000e+01   6.0000000e+00   1.1309292e-02
   2.6000000e+01   4.0000000e+00   1.0860490e-02
   2.7000000e+01   5.0000000e+00   1.0438914e-02
   2.8000000e+01   6.0000000e+00   1.0042601e-02
   2.9000000e+01   2.0000000e+00   9.6697377e-03
   3.0000000e+01   3.0000000e+00   9.3186473e-03
   3.1000000e+01   4.0000000e+00   8.9877787e-03
   3.2000000e+01   3.0000000e+00   8.6756980e-03
   3.3000000e+01   4.0000000e+00   8.3810788e-03
   3.4000000e+01   6.0000000e+00   8.1026946e-03
   3.5000000e+01   7.0000000e+00   7.8394108e-03
   3.6000000e+01   2.0000000e+00   7.5901776e-03
   3.7000000e+01   4.0000000e+00   7.3540239e-03
   3.8000000e+01   1.0000000e+00   7.1300512e-03
   3.9000000e+01   6.0000000e+00   6.9174280e-03
   4.0000000e+01   3.0000000e+00   6.7153846e-03
   4.1000000e+01   3.0000000e+00   6.5232086e-03
   4.2000000e+01   4.0000000e+00   6.3402404e-03
   4.3000000e+01   5.0000000e+00   6.1658693e-03
   4.4000000e+01   3.0000000e+00   5.9995298e-03
   4.5000000e+01   4.0000000e+00   5.8406980e-03
   4.6000000e+01   5.0000000e+00   5.6888885e-03
   4.7000000e+01   4.0000000e+00   5.5436517e-03
   4.8000000e+01   3.0000000e+00   5.4045708e-03
   4.9000000e+01   3.0000000e+00   5.2712593e-03
   5.0000000e+01   2.0000000e+00   5.1433591e-03
   5.1000000e+01   2.0000000e+00   5.0205380e-03
   5.2000000e+01   6.0000000e+00   4.9024876e-03
   5.3000000e+01   3.0000000e+00   4.7889220e-03
   5.4000000e+01   1.0000000e+00   4.6795757e-03
   5.5000000e+01   0.0000000e+00   4.5742022e-03
   5.6000000e+01   1.0000000e+00   4.4725727e-03
   5.7000000e+01   2.0000000e+00   4.3744744e-03
   5.8000000e+01   1.0000000e+00   4.2797097e-03
   5.9000000e+01   2.0000000e+00   4.1880948e-03
   6.0000000e+01   1.0000000e+00   4.0994587e-03
   6.1000000e+01   0.0000000e+00   4.0136424e-03
   6.2000000e+01   4.0000000e+00   3.9304979e-03
   6.3000000e+01   1.0000000e+00   3.8498872e-03
   6.4000000e+01   0.0000000e+00   3.7716818e-03
   6.5000000e+01   2.0000000e+00   3.6957622e-03
   6.6000000e+01   1.0000000e+00   3.6220164e-03
   6.7000000e+01   0.0000000e+00   3.5503404e-03
   6.8000000e+01   1.0000000e+00   3.4806368e-03
   6.9000000e+01   2.0000000e+00   3.4128147e-03
   7.0000000e+01   2.0000000e+00   3.3467892e-03
   7.1000000e+01   4.0000000e+00   3.2824807e-03
   7.2000000e+01   0.0000000e+00   3.2198148e-03
   7.3000000e+01   1.0000000e+00   3.1587220e-03
   7.4000000e+01   0.0000000e+00   3.0991369e-03
   7.5000000e+01   1.0000000e+00   3.0409982e-03
   7.6000000e+01   3.0000000e+00   2.9842485e-03
   7.7000000e+01   0.0000000e+00   2.9288338e-03
   7.8000000e+01   0.0000000e+00   2.8747034e-03
   7.9000000e+01   3.0000000e+00   2.8218094e-03
   8.0000000e+01   2.0000000e+00   2.7701070e-03
   8.1000000e+01   2.0000000e+00   2.7195538e-03
   8.2000000e+01   0.0000000e+00   2.6701098e-03
   8.3000000e+01   2.0000000e+00   2.6217373e-03
   8.4000000e+01   1.0000000e+00   2.5744007e-03
   8.5000000e+01   0.0000000e+00   2.5280662e-03
   8.6000000e+01   2.0000000e+00   2.4827020e-03
   8.7000000e+01   2.0000000e+00   2.4382778e-03
   8.8000000e+01   2.0000000e+00   2.3947650e-03
   8.9000000e+01   3.0000000e+00   2.3521364e-03
   9.0000000e+01   4.0000000e+00   2.3103660e-03
   9.1000000e+01   2.0000000e+00   2.2694294e-03
   9.2000000e+01   0.0000000e+00   2.2293030e-03
   9.3000000e+01   1.0000000e+00   2.1899646e-03
   9.4000000e+01   3.0000000e+00   2.1513929e-03
   9.5000000e+01   0.0000000e+00   2.1135676e-03
   9.6000000e+01   0.0000000e+00   2.0764693e-03
   9.7000000e+01   2.0000000e+00   2.0400793e-03
   9.8000000e+01   1.0000000e+00   2.0043800e-03
   9.9000000e+01   1.0000000e+00   1.9693541e-03
   1.0000000e+02   1.0000000e+00   1.9349855e-03
   1.0100000e+02   2.0000000e+00   1.9012583e-03
   1.0200000e+02   0.0000000e+00   1.8681575e-03
   1.0300000e+02   0.0000000e+00   1.8356685e-03
   1.0400000e+02   0.0000000e+00   1.8037774e-03
   1.0500000e+02   0.0000000e+00   1.7724707e-03
   1.0600000e+02   1.0000000e+00   1.7417354e-03
   1.0700000e+02   1.0000000e+00   1.7115590e-03
   1.0800000e+02   1.0000000e+00   1.6819293e-03
   1.0900000e+02   0.0000000e+00   1.6528346e-03
   1.1000000e+02   1.0000000e+00   1.6242636e-03
   1.1100000e+02   2.0000000e+00   1.5962054e-03
   1.1200000e+02   1.0000000e+00   1.5686493e-03
   1.1300000e+02   0.0000000e+00   1.5415849e-03
   1.1400000e+02   1.0000000e+00   1.5150024e-03
   1.1500000e+02   0.0000000e+00   1.4888919e-03
   1.1600000e+02   0.0000000e+00   1.4632442e-03
   1.1700000e+02   1.0000000e+00   1.4380499e-03
   1.1800000e+02   0.0000000e+00   1.4133003e-03
   1.1900000e+02   1.0000000e+00   1.3889866e-03
   1.2000000e+02   0.0000000e+00   1.3651004e-03
   1.2100000e+02   1.0000000e+00   1.3416334e-03
   1.2200000e+02   0.0000000e+00   1.3185778e-03
   1.2300000e+02   0.0000000e+00   1.2959256e-03
   1.2400000e+02   1.0000000e+00   1.2736693e-03
   1.2500000e+02   0.0000000e+00   1.2518014e-03
   1.2600000e+02   0.0000000e+00   1.2303146e-03
   1.2700000e+02   1.0000000e+00   1.2092020e-03
   1.2800000e+02   1.0000000e+00   1.1884565e-03
   1.2900000e+02   1.0000000e+00   1.1680715e-03
   1.3000000e+02   2.0000000e+00   1.1480403e-03
   1.3100000e+02   0.0000000e+00   1.1283564e-03
   1.3200000e+02   0.0000000e+00   1.1090136e-03
   1.3300000e+02   0.0000000e+00   1.0900057e-03
   1.3400000e+02   0.0000000e+00   1.0713265e-03
   1.3500000e+02   1.0000000e+00   1.0529703e-03
   1.3600000e+02   2.0000000e+00   1.0349311e-03
   1.3700000e+02   0.0000000e+00   1.0172034e-03
   1.3800000e+02   0.0000000e+00   9.9978158e-04
   1.3900000e+02   1.0000000e+00   9.8266015e-04
   1.4000000e+02   0.0000000e+00   9.6583380e-04
   1.4100000e+02   0.0000000e+00   9.4929731e-04
   1.4200000e+02   0.0000000e+00   9.3304555e-04
   1.4300000e+02   1.0000000e+00   9.1707350e-04
   1.4400000e+02   1.0000000e+00   9.0137622e-04
   1.4500000e+02   0.0000000e+00   8.8594890e-04
   1.4600000e+02   0.0000000e+00   8.7078678e-04
   1.4700000e+02   1.0000000e+00   8.5588522e-04
   1.4800000e+02   0.0000000e+00   8.4123966e-04
   1.4900000e+02   0.0000000e+00   8.2684562e-04
   1.5000000e+02   1.0000000e+00   8.1269873e-04
   1.5100000e+02   0.0000000e+00   7.9879466e-04
   1.5200000e+02   0.0000000e+00   7.8512919e-04
   1.5300000e+02   1.0000000e+00   7.7169817e-04
   1.5400000e+02   0.0000000e+00   7.5849753e-04
   1.5500000e+02   1.0000000e+00   7.4552327e-04
   1.5600000e+02   0.0000000e+00   7.3277146e-04
   1.5700000e+02   0.0000000e+00   7.2023825e-04
   1.5800000e+02   0.0000000e+00   7.0791986e-04
   1.5900000e+02   1.0000000e+00   6.9581256e-04
   1.6000000e+02   0.0000000e+00   6.8391271e-04
   1.6100000e+02   0.0000000e+00   6.7221673e-04
   1.6200000e+02   0.0000000e+00   6.6072109e-04
   1.6300000e+02   0.0000000e+00   6.4942234e-04
   1.6400000e+02   1.0000000e+00   6.3831708e-04
   1.6500000e+02   0.0000000e+00   6.2740199e-04
   1.6600000e+02   0.0000000e+00   6.1667377e-04
   1.6700000e+02   0.0000000e+00   6.0612922e-04
   1.6800000e+02   3.0000000e+00   5.9576518e-04
   1.6900000e+02   0.0000000e+00   5.8557853e-04
   1.7000000e+02   0.0000000e+00   5.7556624e-04
   1.7100000e+02   0.0000000e+00   5.6572529e-04
   1.7200000e+02   1.0000000e+00   5.5605275e-04
   1.7300000e+02   0.0000000e+00   5.4654572e-04
   1.7400000e+02   0.0000000e+00   5.3720136e-04
   1.7500000e+02   1.0000000e+00   5.2801688e-04
   1.7600000e+02   0.0000000e+00   5.1898954e-04
   1.7700000e+02   0.0000000e+00   5.1011662e-04
   1.7800000e+02   0.0000000e+00   5.0139550e-04
   1.7900000e+02   0.0000000e+00   4.9282356e-04
   1.8000000e+02   0.0000000e+00   4.8439825e-04
   1.8100000e+02   0.0000000e+00   4.7611704e-04
   1.8200000e+02   0.0000000e+00   4.6797748e-04
   1.8300000e+02   0.0000000e+00   4.5997713e-04
   1.8400000e+02   0.0000000e+00   4.5211360e-04
   1.8500000e+02   0.0000000e+00   4.4438456e-04
   1.8600000e+02   0.0000000e+00   4.3678770e-04
   1.8700000e+02   0.0000000e+00   4.2932076e-04
   1.8800000e+02   1.0000000e+00   4.2198150e-04
   1.8900000e+02   0.0000000e+00   4.1476774e-04
   1.9000000e+02   0.0000000e+00   4.0767734e-04
   1.9100000e+02   0.0000000e+00   4.0070818e-04
   1.9200000e+02   1.0000000e+00   3.9385819e-04
   1.9300000e+02   0.0000000e+00   3.8712533e-04
   1.9400000e+02   0.0000000e+00   3.8050758e-04
   1.9500000e+02   0.0000000e+00   3.7400299e-04
   1.9600000e+02   0.0000000e+00   3.6760961e-04
   1.9700000e+02   0.0000000e+00   3.6132554e-04
   1.9800000e+02   0.0000000e+00   3.5514891e-04
   1.9900000e+02   0.0000000e+00   3.4907789e-04
   2.0000000e+02   0.0000000e+00   3.4311066e-04
   2.0100000e+02   0.0000000e+00   3.3724545e-04
   2.0200000e+02   0.0000000e+00   3.3148052e-04
   2.0300000e+02   0.0000000e+00   3.2581415e-04
   2.0400000e+02   1.0000000e+00   3.2024464e-04
   2.0500000e+02   0.0000000e+00   3.1477036e-04
   2.0600000e+02   1.0000000e+00   3.0938966e-04
   2.0700000e+02   0.0000000e+00   3.0410095e-04
   2.0800000e+02   1.0000000e+00   2.9890265e-04
   2.0900000e+02   0.0000000e+00   2.9379323e-04
   2.1000000e+02   0.0000000e+00   2.8877114e-04
   2.1100000e+02   0.0000000e+00   2.8383492e-04
   2.1200000e+02   0.0000000e+00   2.7898307e-04
   2.1300000e+02   0.0000000e+00   2.7421417e-04
   2.1400000e+02   0.0000000e+00   2.6952680e-04
   2.1500000e+02   0.0000000e+00   2.6491955e-04
   2.1600000e+02   0.0000000e+00   2.6039106e-04
   2.1700000e+02   0.0000000e+00   2.5593999e-04
   2.1800000e+02   0.0000000e+00   2.5156501e-04
   2.1900000e+02   0.0000000e+00   2.4726481e-04
   2.2000000e+02   0.0000000e+00   2.4303813e-04
   2.2100000e+02   0.0000000e+00   2.3888370e-04
   2.2200000e+02   0.0000000e+00   2.3480028e-04
   2.2300000e+02   0.0000000e+00   2.3078667e-04
   2.2400000e+02   0.0000000e+00   2.2684167e-04
   2.2500000e+02   0.0000000e+00   2.2296411e-04
   2.2600000e+02   0.0000000e+00   2.1915282e-04
   2.2700000e+02   0.0000000e+00   2.1540669e-04
   2.2800000e+02   0.0000000e+00   2.1172460e-04
   2.2900000e+02   0.0000000e+00   2.0810545e-04
   2.3000000e+02   1.0000000e+00   2.0454817e-04
   2.3100000e+02   0.0000000e+00   2.0105169e-04
   2.3200000e+02   0.0000000e+00   1.9761498e-04
   2.3300000e+02   0.0000000e+00   1.9423702e-04
   2.3400000e+02   0.0000000e+00   1.9091680e-04
   2.3500000e+02   0.0000000e+00   1.8765334e-04
   2.3600000e+02   0.0000000e+00   1.8444566e-04
   2.3700000e+02   0.0000000e+00   1.8129282e-04
   2.3800000e+02   0.0000000e+00   1.7819387e-04
   2.3900000e+02   0.0000000e+00   1.7514789e-04
   2.4000000e+02   0.0000000e+00   1.7215398e-04
   2.4100000e+02   0.0000000e+00   1.6921125e-04
   2.4200000e+02   0.0000000e+00   1.6631882e-04
   2.4300000e+02   1.0000000e+00   1.6347583e-04
   2.4400000e+02   0.0000000e+00   1.6068144e-04
   2.4500000e+02   0.0000000e+00   1.5793481e-04
   2.4600000e+02   1.0000000e+00   1.5523514e-04
   2.4700000e+02   0.0000000e+00   1.5258161e-04
   2.4800000e+02   0.0000000e+00   1.4997345e-04
   2.4900000e+02   0.0000000e+00   1.4740986e-04
   2.5000000e+02   0.0000000e+00   1.4489010e-04
   2.5100000e+02   0.0000000e+00   1.4241341e-04
   2.5200000e+02   1.0000000e+00   1.3997905e-04
   2.5300000e+02   0.0000000e+00   1.3758631e-04
   2.5400000e+02   0.0000000e+00   1.3523446e-04
   2.5500000e+02   0.0000000e+00   1.3292282e-04
   2.5600000e+02   0.0000000e+00   1.3065070e-04
   2.5700000e+02   0.0000000e+00   1.2841741e-04
   2.5800000e+02   0.0000000e+00   1.2622230e-04
   2.5900000e+02   0.0000000e+00   1.2406471e-04
   2.6000000e+02   0.0000000e+00   1.2194400e-04
   2.6100000e+02   0.0000000e+00   1.1985954e-04
   2.6200000e+02   0.0000000e+00   1.1781071e-04
   2.6300000e+02   0.0000000e+00   1.1579691e-04
   2.6400000e+02   0.0000000e+00   1.1381752e-04
   2.6500000e+02   0.0000000e+00   1.1187198e-04
   2.6600000e+02   0.0000000e+00   1.0995968e-04
   2.6700000e+02   0.0000000e+00   1.0808008e-04
   2.6800000e+02   0.0000000e+00   1.0623261e-04
   2.6900000e+02   0.0000000e+00   1.0441671e-04
   2.7000000e+02   0.0000000e+00   1.0263186e-04
   2.7100000e+02   0.0000000e+00   1.0087751e-04
   2.7200000e+02   0.0000000e+00   9.9153159e-05
   2.7300000e+02   0.0000000e+00   9.7458278e-05
   2.7400000e+02   0.0000000e+00   9.5792368e-05
   2.7500000e+02   0.0000000e+00   9.4154936e-05
   2.7600000e+02   0.0000000e+00   9.2545492e-05
   2.7700000e+02   0.0000000e+00   9.0963560e-05
   2.7800000e+02   0.0000000e+00   8.9408669e-05
   2.7900000e+02   0.0000000e+00   8.7880356e-05
   2.8000000e+02   0.0000000e+00   8.6378168e-05
   2.8100000e+02   0.0000000e+00   8.4901658e-05
   2.8200000e+02   0.0000000e+00   8.3450386e-05
   2.8300000e+02   0.0000000e+00   8.2023922e-05
   2.8400000e+02   0.0000000e+00   8.0621841e-05
   2.8500000e+02   0.0000000e+00   7.9243727e-05
   2.8600000e+02   0.0000000e+00   7.7889169e-05
   2.8700000e+02   1.0000000e+00   7.6557766e-05
   2.8800000e+02   0.0000000e+00   7.5249121e-05
   2.8900000e+02   0.0000000e+00   7.3962846e-05
   2.9000000e+02   0.0000000e+00   7.2698558e-05
   2.9100000e+02   0.0000000e+00   7.1455881e-05
   2.9200000e+02   0.0000000e+00   7.0234446e-05
   2.9300000e+02   1.0000000e+00   6.9033889e-05
   2.9400000e+02   0.0000000e+00   6.7853854e-05
   2.9500000e+02   0.0000000e+00   6.6693990e-05
   2.9600000e+02   0.0000000e+00   6.5553953e-05
   2.9700000e+02   0.0000000e+00   6.4433402e-05
   2.9800000e+02   0.0000000e+00   6.3332006e-05
   2.9900000e+02   0.0000000e+00   6.2249437e-05
   3.0000000e+02   0.0000000e+00   6.1185373e-05
   3.0100000e+02   0.0000000e+00   6.0139497e-05
   3.0200000e+02   0.0000000e+00   5.9111499e-05
   3.0300000e+02   0.0000000e+00   5.8101073e-05
   3.0400000e+02   0.0000000e+00   5.7107919e-05
   3.0500000e+02   0.0000000e+00   5.6131742e-05
   3.0600000e+02   0.0000000e+00   5.5172251e-05
   3.0700000e+02   0.0000000e+00   5.4229161e-05
   3.0800000e+02   0.0000000e+00   5.3302191e-05
   3.0900000e+02   0.0000000e+00   5.2391067e-05
   3.1000000e+02   0.0000000e+00   5.1495518e-05
   3.1100000e+02   0.0000000e+00   5.0615276e-05
   3.1200000e+02   0.0000000e+00   4.9750081e-05
   3.1300000e+02   0.0000000e+00   4.8899675e-05
   3.1400000e+02   0.0000000e+00   4.8063806e-05
   3.1500000e+02   0.0000000e+00   4.7242224e-05
   3.1600000e+02   0.0000000e+00   4.6434687e-05
   3.1700000e+02   1.0000000e+00   4.5640953e-05
   3.1800000e+02   0.0000000e+00   4.4860786e-05
   3.1900000e+02   0.0000000e+00   4.4093956e-05
   3.2000000e+02   0.0000000e+00   4.3340233e-05
   3.2100000e+02   0.0000000e+00   4.2599395e-05
   3.2200000e+02   0.0000000e+00   4.1871220e-05
   3.2300000e+02   0.0000000e+00   4.1155492e-05
   3.2400000e+02   0.0000000e+00   4.0451998e-05
   3.2500000e+02   0.0000000e+00   3.9760529e-05
   3.2600000e+02   0.0000000e+00   3.9080880e-05
   3.2700000e+02   0.0000000e+00   3.8412849e-05
   3.2800000e+02   0.0000000e+00   3.7756237e-05
   3.2900000e+02   0.0000000e+00   3.7110849e-05
   3.3000000e+02   0.0000000e+00   3.6476492e-05
   3.3100000e+02   0.0000000e+00   3.5852979e-05
   3.3200000e+02   0.0000000e+00   3.5240124e-05
   3.3300000e+02   0.0000000e+00   3.4637745e-05
   3.3400000e+02   0.0000000e+00   3.4045663e-05
   3.3500000e+02   0.0000000e+00   3.3463702e-05
   3.3600000e+02   0.0000000e+00   3.2891688e-05
   3.3700000e+02   0.0000000e+00   3.2329452e-05
   3.3800000e+02   0.0000000e+00   3.1776827e-05
   3.3900000e+02   0.0000000e+00   3.1233648e-05
   3.4000000e+02   0.0000000e+00   3.0699754e-05
   3.4100000e+02   0.0000000e+00   3.0174986e-05
   3.4200000e+02   0.0000000e+00   2.9659188e-05
   3.4300000e+02   0.0000000e+00   2.9152207e-05
   3.4400000e+02   0.0000000e+00   2.8653892e-05
   3.4500000e+02   0.0000000e+00   2.8164095e-05
   3.4600000e+02   0.0000000e+00   2.7682670e-05
   3.4700000e+02   0.0000000e+00   2.7209475e-05
   3.4800000e+02   0.0000000e+00   2.6744368e-05
   3.4900000e+02   0.0000000e+00   2.6287212e-05
   3.5000000e+02   0.0000000e+00   2.5837870e-05
   3.5100000e+02   0.0000000e+00   2.5396209e-05
   3.5200000e+02   0.0000000e+00   2.4962097e-05
   3.5300000e+02   0.0000000e+00   2.4535406e-05
   3.5400000e+02   1.0000000e+00   2.4116009e-05
