   1.0000000e+00   5.0000000e+00   9.7483836e-03
   2.0000000e+00   4.0000000e+00   9.6533526e-03
   3.0000000e+00   1.2000000e+01   9.5592480e-03
   4.0000000e+00   6.0000000e+00   9.4660608e-03
   5.0000000e+00   2.0000000e+00   9.3737820e-03
   6.0000000e+00   6.0000000e+00   9.2824028e-03
   7.0000000e+00   8.0000000e+00   9.1919144e-03
   8.0000000e+00   1.0000000e+00   9.1023081e-03
   9.0000000e+00   2.0000000e+00   9.0135753e-03
   1.0000000e+01   2.0000000e+00   8.9257075e-03
   1.1000000e+01   2.0000000e+00   8.8386963e-03
   1.2000000e+01   5.0000000e+00   8.7525333e-03
   1.3000000e+01   7.0000000e+00   8.6672102e-03
   1.4000000e+01   1.0000000e+00   8.5827189e-03
   1.5000000e+01   4.0000000e+00   8.4990513e-03
   1.6000000e+01   5.0000000e+00   8.4161993e-03
   1.7000000e+01   6.0000000e+00   8.3341549e-03
   1.8000000e+01   0.0000000e+00   8.2529104e-03
   1.9000000e+01   1.0000000e+00   8.1724579e-03
   2.0000000e+01   5.0000000e+00   8.0927896e-03
   2.1000000e+01   1.0000000e+00   8.0138980e-03
   2.2000000e+01   2.0000000e+00   7.9357754e-03
   2.3000000e+01   3.0000000e+00   7.8584145e-03
   2.4000000e+01   8.0000000e+00   7.7818076e-03
   2.5000000e+01   6.0000000e+00   7.7059476e-03
   2.6000000e+01   5.0000000e+00   7.6308270e-03
   2.7000000e+01   6.0000000e+00   7.5564388e-03
   2.8000000e+01   1.0000000e+00   7.4827758e-03
   2.9000000e+01   3.0000000e+00   7.4098308e-03
   3.0000000e+01   2.0000000e+00   7.3375969e-03
   3.1000000e+01   3.0000000e+00   7.2660672e-03
   3.2000000e+01   4.0000000e+00   7.1952348e-03
   3.3000000e+01   3.0000000e+00   7.1250929e-03
   3.4000000e+01   3.0000000e+00   7.0556347e-03
   3.5000000e+01   5.0000000e+00   6.9868537e-03
   3.6000000e+01   5.0000000e+00   6.9187432e-03
   3.7000000e+01   1.0000000e+00   6.8512966e-03
   3.8000000e+01   3.0000000e+00   6.7845075e-03
   3.9000000e+01   0.0000000e+00   6.7183696e-03
   4.0000000e+01   4.0000000e+00   6.6528763e-03
   4.1000000e+01   1.0000000e+00   6.5880215e-03
   4.2000000e+01   3.0000000e+00   6.5237990e-03
   4.3000000e+01   7.0000000e+00   6.4602025e-03
   4.4000000e+01   4.0000000e+00   6.3972259e-03
   4.5000000e+01   4.0000000e+00   6.3348633e-03
   4.6000000e+01   2.0000000e+00   6.2731087e-03
   4.7000000e+01   1.0000000e+00   6.2119560e-03
   4.8000000e+01   5.0000000e+00   6.1513995e-03
   4.9000000e+01   5.0000000e+00   6.0914333e-03
   5.0000000e+01   2.0000000e+00   6.0320516e-03
   5.1000000e+01   4.0000000e+00   5.9732489e-03
   5.2000000e+01   2.0000000e+00   5.9150193e-03
   5.3000000e+01   2.0000000e+00   5.8573575e-03
   5.4000000e+01   2.0000000e+00   5.8002577e-03
   5.5000000e+01   3.0000000e+00   5.7437146e-03
   5.6000000e+01   1.0000000e+00   5.6877226e-03
   5.7000000e+01   3.0000000e+00   5.6322765e-03
   5.8000000e+01   4.0000000e+00   5.5773709e-03
   5.9000000e+01   3.0000000e+00   5.5230006e-03
   6.0000000e+01   4.0000000e+00   5.4691603e-03
   6.1000000e+01   4.0000000e+00   5.4158448e-03
   6.2000000e+01   2.0000000e+00   5.3630491e-03
   6.3000000e+01   1.0000000e+00   5.3107680e-03
   6.4000000e+01   4.0000000e+00   5.2589966e-03
   6.5000000e+01   1.0000000e+00   5.2077299e-03
   6.6000000e+01   3.0000000e+00   5.1569629e-03
   6.7000000e+01   3.0000000e+00   5.1066909e-03
   6.8000000e+01   1.0000000e+00   5.0569089e-03
   6.9000000e+01   3.0000000e+00   5.0076122e-03
   7.0000000e+01   1.0000000e+00   4.9587961e-03
   7.1000000e+01   3.0000000e+00   4.9104558e-03
   7.2000000e+01   0.0000000e+00   4.8625868e-03
   7.3000000e+01   2.0000000e+00   4.8151845e-03
   7.4000000e+01   2.0000000e+00   4.7682442e-03
   7.5000000e+01   5.0000000e+00   4.7217615e-03
   7.6000000e+01   4.0000000e+00   4.6757320e-03
   7.7000000e+01   2.0000000e+00   4.6301512e-03
   7.8000000e+01   4.0000000e+00   4.5850147e-03
   7.9000000e+01   3.0000000e+00   4.5403182e-03
   8.0000000e+01   3.0000000e+00   4.4960574e-03
   8.1000000e+01   2.0000000e+00   4.4522281e-03
   8.2000000e+01   0.0000000e+00   4.4088261e-03
   8.3000000e+01   6.0000000e+00   4.3658472e-03
   8.4000000e+01   1.0000000e+00   4.3232872e-03
   8.5000000e+01   4.0000000e+00   4.2811422e-03
   8.6000000e+01   4.0000000e+00   4.2394079e-03
   8.7000000e+01   3.0000000e+00   4.1980806e-03
   8.8000000e+01   2.0000000e+00   4.1571561e-03
   8.9000000e+01   2.0000000e+00   4.1166305e-03
   9.0000000e+01   3.0000000e+00   4.0765000e-03
   9.1000000e+01   2.0000000e+00   4.0367607e-03
   9.2000000e+01   1.0000000e+00   3.9974088e-03
   9.3000000e+01   3.0000000e+00   3.9584406e-03
   9.4000000e+01   3.0000000e+00   3.9198522e-03
   9.5000000e+01   1.0000000e+00   3.8816399e-03
   9.6000000e+01   1.0000000e+00   3.8438002e-03
   9.7000000e+01   2.0000000e+00   3.8063294e-03
   9.8000000e+01   2.0000000e+00   3.7692238e-03
   9.9000000e+01   1.0000000e+00   3.7324800e-03
   1.0000000e+02   2.0000000e+00   3.6960943e-03
   1.0100000e+02   1.0000000e+00   3.6600634e-03
   1.0200000e+02   3.0000000e+00   3.6243837e-03
   1.0300000e+02   6.0000000e+00   3.5890518e-03
   1.0400000e+02   0.0000000e+00   3.5540644e-03
   1.0500000e+02   0.0000000e+00   3.5194180e-03
   1.0600000e+02   1.0000000e+00   3.4851093e-03
   1.0700000e+02   2.0000000e+00   3.4511352e-03
   1.0800000e+02   1.0000000e+00   3.4174922e-03
   1.0900000e+02   0.0000000e+00   3.3841771e-03
   1.1000000e+02   5.0000000e+00   3.3511869e-03
   1.1100000e+02   2.0000000e+00   3.3185182e-03
   1.1200000e+02   1.0000000e+00   3.2861680e-03
   1.1300000e+02   0.0000000e+00   3.2541332e-03
   1.1400000e+02   0.0000000e+00   3.2224107e-03
   1.1500000e+02   0.0000000e+00   3.1909974e-03
   1.1600000e+02   0.0000000e+00   3.1598903e-03
   1.1700000e+02   2.0000000e+00   3.1290865e-03
   1.1800000e+02   1.0000000e+00   3.0985830e-03
   1.1900000e+02   1.0000000e+00   3.0683768e-03
   1.2000000e+02   0.0000000e+00   3.0384651e-03
   1.2100000e+02   1.0000000e+00   3.0088449e-03
   1.2200000e+02   1.0000000e+00   2.9795136e-03
   1.2300000e+02   1.0000000e+00   2.9504681e-03
   1.2400000e+02   3.0000000e+00   2.9217058e-03
   1.2500000e+02   2.0000000e+00   2.8932239e-03
   1.2600000e+02   0.0000000e+00   2.8650197e-03
   1.2700000e+02   0.0000000e+00   2.8370904e-03
   1.2800000e+02   2.0000000e+00   2.8094333e-03
   1.2900000e+02   4.0000000e+00   2.7820459e-03
   1.3000000e+02   3.0000000e+00   2.7549254e-03
   1.3100000e+02   1.0000000e+00   2.7280694e-03
   1.3200000e+02   2.0000000e+00   2.7014751e-03
   1.3300000e+02   2.0000000e+00   2.6751401e-03
   1.3400000e+02   1.0000000e+00   2.6490618e-03
   1.3500000e+02   2.0000000e+00   2.6232377e-03
   1.3600000e+02   1.0000000e+00   2.5976654e-03
   1.3700000e+02   0.0000000e+00   2.5723423e-03
   1.3800000e+02   2.0000000e+00   2.5472662e-03
   1.3900000e+02   1.0000000e+00   2.5224344e-03
   1.4000000e+02   3.0000000e+00   2.4978448e-03
   1.4100000e+02   2.0000000e+00   2.4734948e-03
   1.4200000e+02   1.0000000e+00   2.4493823e-03
   1.4300000e+02   3.0000000e+00   2.4255047e-03
   1.4400000e+02   2.0000000e+00   2.4018600e-03
   1.4500000e+02   0.0000000e+00   2.3784457e-03
   1.4600000e+02   1.0000000e+00   2.3552597e-03
   1.4700000e+02   0.0000000e+00   2.3322998e-03
   1.4800000e+02   0.0000000e+00   2.3095636e-03
   1.4900000e+02   1.0000000e+00   2.2870491e-03
   1.5000000e+02   2.0000000e+00   2.2647541e-03
   1.5100000e+02   2.0000000e+00   2.2426764e-03
   1.5200000e+02   0.0000000e+00   2.2208139e-03
   1.5300000e+02   2.0000000e+00   2.1991646e-03
   1.5400000e+02   1.0000000e+00   2.1777263e-03
   1.5500000e+02   1.0000000e+00   2.1564969e-03
   1.5600000e+02   2.0000000e+00   2.1354746e-03
   1.5700000e+02   2.0000000e+00   2.1146572e-03
   1.5800000e+02   0.0000000e+00   2.0940427e-03
   1.5900000e+02   0.0000000e+00   2.0736291e-03
   1.6000000e+02   2.0000000e+00   2.0534146e-03
   1.6100000e+02   1.0000000e+00   2.0333971e-03
   1.6200000e+02   0.0000000e+00   2.0135748e-03
   1.6300000e+02   1.0000000e+00   1.9939457e-03
   1.6400000e+02   1.0000000e+00   1.9745080e-03
   1.6500000e+02   0.0000000e+00   1.9552597e-03
   1.6600000e+02   2.0000000e+00   1.9361991e-03
   1.6700000e+02   1.0000000e+00   1.9173243e-03
   1.6800000e+02   0.0000000e+00   1.8986334e-03
   1.6900000e+02   0.0000000e+00   1.8801248e-03
   1.7000000e+02   0.0000000e+00   1.8617967e-03
   1.7100000e+02   0.0000000e+00   1.8436472e-03
   1.7200000e+02   0.0000000e+00   1.8256746e-03
   1.7300000e+02   2.0000000e+00   1.8078772e-03
   1.7400000e+02   2.0000000e+00   1.7902533e-03
   1.7500000e+02   3.0000000e+00   1.7728012e-03
   1.7600000e+02   0.0000000e+00   1.7555193e-03
   1.7700000e+02   0.0000000e+00   1.7384058e-03
   1.7800000e+02   0.0000000e+00   1.7214592e-03
   1.7900000e+02   0.0000000e+00   1.7046777e-03
   1.8000000e+02   1.0000000e+00   1.6880599e-03
   1.8100000e+02   0.0000000e+00   1.6716040e-03
   1.8200000e+02   1.0000000e+00   1.6553086e-03
   1.8300000e+02   1.0000000e+00   1.6391720e-03
   1.8400000e+02   3.0000000e+00   1.6231927e-03
   1.8500000e+02   1.0000000e+00   1.6073692e-03
   1.8600000e+02   0.0000000e+00   1.5917000e-03
   1.8700000e+02   1.0000000e+00   1.5761835e-03
   1.8800000e+02   0.0000000e+00   1.5608182e-03
   1.8900000e+02   0.0000000e+00   1.5456028e-03
   1.9000000e+02   0.0000000e+00   1.5305356e-03
   1.9100000e+02   0.0000000e+00   1.5156154e-03
   1.9200000e+02   1.0000000e+00   1.5008406e-03
   1.9300000e+02   0.0000000e+00   1.4862098e-03
   1.9400000e+02   1.0000000e+00   1.4717217e-03
   1.9500000e+02   1.0000000e+00   1.4573748e-03
   1.9600000e+02   1.0000000e+00   1.4431677e-03
   1.9700000e+02   2.0000000e+00   1.4290992e-03
   1.9800000e+02   0.0000000e+00   1.4151678e-03
   1.9900000e+02   2.0000000e+00   1.4013722e-03
   2.0000000e+02   1.0000000e+00   1.3877110e-03
   2.0100000e+02   0.0000000e+00   1.3741831e-03
   2.0200000e+02   1.0000000e+00   1.3607870e-03
   2.0300000e+02   0.0000000e+00   1.3475216e-03
   2.0400000e+02   1.0000000e+00   1.3343854e-03
   2.0500000e+02   0.0000000e+00   1.3213773e-03
   2.0600000e+02   0.0000000e+00   1.3084960e-03
   2.0700000e+02   0.0000000e+00   1.2957403e-03
   2.0800000e+02   0.0000000e+00   1.2831089e-03
   2.0900000e+02   2.0000000e+00   1.2706007e-03
   2.1000000e+02   0.0000000e+00   1.2582144e-03
   2.1100000e+02   0.0000000e+00   1.2459488e-03
   2.1200000e+02   0.0000000e+00   1.2338028e-03
   2.1300000e+02   0.0000000e+00   1.2217753e-03
   2.1400000e+02   2.0000000e+00   1.2098649e-03
   2.1500000e+02   1.0000000e+00   1.1980707e-03
   2.1600000e+02   1.0000000e+00   1.1863914e-03
   2.1700000e+02   1.0000000e+00   1.1748260e-03
   2.1800000e+02   0.0000000e+00   1.1633734e-03
   2.1900000e+02   0.0000000e+00   1.1520324e-03
   2.2000000e+02   1.0000000e+00   1.1408019e-03
   2.2100000e+02   0.0000000e+00   1.1296810e-03
   2.2200000e+02   0.0000000e+00   1.1186684e-03
   2.2300000e+02   0.0000000e+00   1.1077632e-03
   2.2400000e+02   0.0000000e+00   1.0969643e-03
   2.2500000e+02   0.0000000e+00   1.0862707e-03
   2.2600000e+02   1.0000000e+00   1.0756813e-03
   2.2700000e+02   1.0000000e+00   1.0651951e-03
   2.2800000e+02   1.0000000e+00   1.0548112e-03
   2.2900000e+02   1.0000000e+00   1.0445285e-03
   2.3000000e+02   1.0000000e+00   1.0343460e-03
   2.3100000e+02   0.0000000e+00   1.0242628e-03
   2.3200000e+02   1.0000000e+00   1.0142779e-03
   2.3300000e+02   0.0000000e+00   1.0043903e-03
   2.3400000e+02   0.0000000e+00   9.9459915e-04
   2.3500000e+02   1.0000000e+00   9.8490342e-04
   2.3600000e+02   1.0000000e+00   9.7530220e-04
   2.3700000e+02   0.0000000e+00   9.6579458e-04
   2.3800000e+02   0.0000000e+00   9.5637965e-04
   2.3900000e+02   1.0000000e+00   9.4705649e-04
   2.4000000e+02   0.0000000e+00   9.3782422e-04
   2.4100000e+02   0.0000000e+00   9.2868195e-04
   2.4200000e+02   1.0000000e+00   9.1962880e-04
   2.4300000e+02   1.0000000e+00   9.1066391e-04
   2.4400000e+02   1.0000000e+00   9.0178641e-04
   2.4500000e+02   1.0000000e+00   8.9299545e-04
   2.4600000e+02   0.0000000e+00   8.8429019e-04
   2.4700000e+02   1.0000000e+00   8.7566979e-04
   2.4800000e+02   0.0000000e+00   8.6713342e-04
   2.4900000e+02   0.0000000e+00   8.5868027e-04
   2.5000000e+02   0.0000000e+00   8.5030953e-04
   2.5100000e+02   0.0000000e+00   8.4202038e-04
   2.5200000e+02   0.0000000e+00   8.3381205e-04
   2.5300000e+02   0.0000000e+00   8.2568373e-04
   2.5400000e+02   0.0000000e+00   8.1763464e-04
   2.5500000e+02   0.0000000e+00   8.0966403e-04
   2.5600000e+02   0.0000000e+00   8.0177111e-04
   2.5700000e+02   0.0000000e+00   7.9395514e-04
   2.5800000e+02   0.0000000e+00   7.8621536e-04
   2.5900000e+02   0.0000000e+00   7.7855103e-04
   2.6000000e+02   0.0000000e+00   7.7096142e-04
   2.6100000e+02   1.0000000e+00   7.6344579e-04
   2.6200000e+02   1.0000000e+00   7.5600343e-04
   2.6300000e+02   0.0000000e+00   7.4863362e-04
   2.6400000e+02   0.0000000e+00   7.4133565e-04
   2.6500000e+02   0.0000000e+00   7.3410882e-04
   2.6600000e+02   0.0000000e+00   7.2695245e-04
   2.6700000e+02   1.0000000e+00   7.1986584e-04
   2.6800000e+02   0.0000000e+00   7.1284831e-04
   2.6900000e+02   0.0000000e+00   7.0589919e-04
   2.7000000e+02   0.0000000e+00   6.9901782e-04
   2.7100000e+02   0.0000000e+00   6.9220352e-04
   2.7200000e+02   1.0000000e+00   6.8545566e-04
   2.7300000e+02   0.0000000e+00   6.7877357e-04
   2.7400000e+02   0.0000000e+00   6.7215663e-04
   2.7500000e+02   0.0000000e+00   6.6560419e-04
   2.7600000e+02   0.0000000e+00   6.5911562e-04
   2.7700000e+02   1.0000000e+00   6.5269031e-04
   2.7800000e+02   0.0000000e+00   6.4632763e-04
   2.7900000e+02   0.0000000e+00   6.4002698e-04
   2.8000000e+02   1.0000000e+00   6.3378776e-04
   2.8100000e+02   1.0000000e+00   6.2760935e-04
   2.8200000e+02   0.0000000e+00   6.2149117e-04
   2.8300000e+02   0.0000000e+00   6.1543264e-04
   2.8400000e+02   0.0000000e+00   6.0943316e-04
   2.8500000e+02   0.0000000e+00   6.0349218e-04
   2.8600000e+02   1.0000000e+00   5.9760910e-04
   2.8700000e+02   0.0000000e+00   5.9178338e-04
   2.8800000e+02   0.0000000e+00   5.8601445e-04
   2.8900000e+02   1.0000000e+00   5.8030176e-04
   2.9000000e+02   0.0000000e+00   5.7464475e-04
   2.9100000e+02   0.0000000e+00   5.6904289e-04
   2.9200000e+02   0.0000000e+00   5.6349565e-04
   2.9300000e+02   0.0000000e+00   5.5800247e-04
   2.9400000e+02   0.0000000e+00   5.5256285e-04
   2.9500000e+02   0.0000000e+00   5.4717626e-04
   2.9600000e+02   0.0000000e+00   5.4184217e-04
   2.9700000e+02   1.0000000e+00   5.3656009e-04
   2.9800000e+02   3.0000000e+00   5.3132949e-04
   2.9900000e+02   0.0000000e+00   5.2614989e-04
   3.0000000e+02   1.0000000e+00   5.2102078e-04
   3.0100000e+02   0.0000000e+00   5.1594167e-04
   3.0200000e+02   0.0000000e+00   5.1091207e-04
   3.0300000e+02   0.0000000e+00   5.0593150e-04
   3.0400000e+02   1.0000000e+00   5.0099949e-04
   3.0500000e+02   3.0000000e+00   4.9611555e-04
   3.0600000e+02   0.0000000e+00   4.9127923e-04
   3.0700000e+02   0.0000000e+00   4.8649005e-04
   3.0800000e+02   0.0000000e+00   4.8174756e-04
   3.0900000e+02   0.0000000e+00   4.7705130e-04
   3.1000000e+02   0.0000000e+00   4.7240082e-04
   3.1100000e+02   0.0000000e+00   4.6779568e-04
   3.1200000e+02   0.0000000e+00   4.6323542e-04
   3.1300000e+02   0.0000000e+00   4.5871963e-04
   3.1400000e+02   0.0000000e+00   4.5424785e-04
   3.1500000e+02   1.0000000e+00   4.4981967e-04
   3.1600000e+02   0.0000000e+00   4.4543466e-04
   3.1700000e+02   1.0000000e+00   4.4109239e-04
   3.1800000e+02   0.0000000e+00   4.3679245e-04
   3.1900000e+02   1.0000000e+00   4.3253443e-04
   3.2000000e+02   0.0000000e+00   4.2831792e-04
   3.2100000e+02   0.0000000e+00   4.2414251e-04
   3.2200000e+02   0.0000000e+00   4.2000781e-04
   3.2300000e+02   1.0000000e+00   4.1591341e-04
   3.2400000e+02   0.0000000e+00   4.1185893e-04
   3.2500000e+02   2.0000000e+00   4.0784397e-04
   3.2600000e+02   0.0000000e+00   4.0386815e-04
   3.2700000e+02   0.0000000e+00   3.9993109e-04
   3.2800000e+02   0.0000000e+00   3.9603241e-04
   3.2900000e+02   0.0000000e+00   3.9217173e-04
   3.3000000e+02   0.0000000e+00   3.8834869e-04
   3.3100000e+02   0.0000000e+00   3.8456292e-04
   3.3200000e+02   0.0000000e+00   3.8081405e-04
   3.3300000e+02   1.0000000e+00   3.7710173e-04
   3.3400000e+02   0.0000000e+00   3.7342560e-04
   3.3500000e+02   0.0000000e+00   3.6978530e-04
   3.3600000e+02   2.0000000e+00   3.6618049e-04
   3.3700000e+02   0.0000000e+00   3.6261082e-04
   3.3800000e+02   0.0000000e+00   3.5907595e-04
   3.3900000e+02   0.0000000e+00   3.5557554e-04
   3.4000000e+02   0.0000000e+00   3.5210926e-04
   3.4100000e+02   0.0000000e+00   3.4867676e-04
   3.4200000e+02   0.0000000e+00   3.4527773e-04
   3.4300000e+02   0.0000000e+00   3.4191183e-04
   3.4400000e+02   0.0000000e+00   3.3857874e-04
   3.4500000e+02   0.0000000e+00   3.3527814e-04
   3.4600000e+02   0.0000000e+00   3.3200972e-04
   3.4700000e+02   1.0000000e+00   3.2877317e-04
   3.4800000e+02   0.0000000e+00   3.2556816e-04
   3.4900000e+02   0.0000000e+00   3.2239440e-04
   3.5000000e+02   0.0000000e+00   3.1925157e-04
   3.5100000e+02   0.0000000e+00   3.1613938e-04
   3.5200000e+02   0.0000000e+00   3.1305754e-04
   3.5300000e+02   0.0000000e+00   3.1000573e-04
   3.5400000e+02   0.0000000e+00   3.0698368e-04
   3.5500000e+02   0.0000000e+00   3.0399108e-04
   3.5600000e+02   1.0000000e+00   3.0102766e-04
   3.5700000e+02   0.0000000e+00   2.9809313e-04
   3.5800000e+02   0.0000000e+00   2.9518720e-04
   3.5900000e+02   0.0000000e+00   2.9230960e-04
   3.6000000e+02   0.0000000e+00   2.8946006e-04
   3.6100000e+02   0.0000000e+00   2.8663829e-04
   3.6200000e+02   0.0000000e+00   2.8384403e-04
   3.6300000e+02   0.0000000e+00   2.8107701e-04
   3.6400000e+02   0.0000000e+00   2.7833696e-04
   3.6500000e+02   0.0000000e+00   2.7562363e-04
   3.6600000e+02   1.0000000e+00   2.7293674e-04
   3.6700000e+02   0.0000000e+00   2.7027605e-04
   3.6800000e+02   1.0000000e+00   2.6764129e-04
   3.6900000e+02   0.0000000e+00   2.6503222e-04
   3.7000000e+02   0.0000000e+00   2.6244859e-04
   3.7100000e+02   0.0000000e+00   2.5989014e-04
   3.7200000e+02   0.0000000e+00   2.5735663e-04
   3.7300000e+02   1.0000000e+00   2.5484782e-04
   3.7400000e+02   0.0000000e+00   2.5236347e-04
   3.7500000e+02   0.0000000e+00   2.4990333e-04
   3.7600000e+02   0.0000000e+00   2.4746718e-04
   3.7700000e+02   0.0000000e+00   2.4505477e-04
   3.7800000e+02   0.0000000e+00   2.4266588e-04
   3.7900000e+02   0.0000000e+00   2.4030028e-04
   3.8000000e+02   0.0000000e+00   2.3795774e-04
   3.8100000e+02   0.0000000e+00   2.3563804e-04
   3.8200000e+02   0.0000000e+00   2.3334095e-04
   3.8300000e+02   0.0000000e+00   2.3106625e-04
   3.8400000e+02   0.0000000e+00   2.2881373e-04
   3.8500000e+02   0.0000000e+00   2.2658317e-04
   3.8600000e+02   0.0000000e+00   2.2437435e-04
   3.8700000e+02   0.0000000e+00   2.2218706e-04
   3.8800000e+02   0.0000000e+00   2.2002110e-04
   3.8900000e+02   0.0000000e+00   2.1787625e-04
   3.9000000e+02   0.0000000e+00   2.1575230e-04
   3.9100000e+02   0.0000000e+00   2.1364907e-04
   3.9200000e+02   0.0000000e+00   2.1156633e-04
   3.9300000e+02   0.0000000e+00   2.0950390e-04
   3.9400000e+02   0.0000000e+00   2.0746158e-04
   3.9500000e+02   0.0000000e+00   2.0543917e-04
   3.9600000e+02   0.0000000e+00   2.0343647e-04
   3.9700000e+02   0.0000000e+00   2.0145329e-04
   3.9800000e+02   0.0000000e+00   1.9948944e-04
   3.9900000e+02   0.0000000e+00   1.9754475e-04
   4.0000000e+02   0.0000000e+00   1.9561900e-04
   4.0100000e+02   0.0000000e+00   1.9371203e-04
   4.0200000e+02   0.0000000e+00   1.9182365e-04
   4.0300000e+02   0.0000000e+00   1.8995368e-04
   4.0400000e+02   0.0000000e+00   1.8810194e-04
   4.0500000e+02   0.0000000e+00   1.8626825e-04
   4.0600000e+02   0.0000000e+00   1.8445244e-04
   4.0700000e+02   0.0000000e+00   1.8265433e-04
   4.0800000e+02   0.0000000e+00   1.8087374e-04
   4.0900000e+02   0.0000000e+00   1.7911051e-04
   4.1000000e+02   0.0000000e+00   1.7736448e-04
   4.1100000e+02   0.0000000e+00   1.7563546e-04
   4.1200000e+02   0.0000000e+00   1.7392330e-04
   4.1300000e+02   1.0000000e+00   1.7222783e-04
   4.1400000e+02   0.0000000e+00   1.7054888e-04
   4.1500000e+02   0.0000000e+00   1.6888631e-04
   4.1600000e+02   0.0000000e+00   1.6723994e-04
   4.1700000e+02   0.0000000e+00   1.6560962e-04
   4.1800000e+02   0.0000000e+00   1.6399519e-04
   4.1900000e+02   0.0000000e+00   1.6239651e-04
   4.2000000e+02   0.0000000e+00   1.6081340e-04
   4.2100000e+02   0.0000000e+00   1.5924573e-04
   4.2200000e+02   0.0000000e+00   1.5769334e-04
   4.2300000e+02   0.0000000e+00   1.5615609e-04
   4.2400000e+02   0.0000000e+00   1.5463382e-04
   4.2500000e+02   0.0000000e+00   1.5312639e-04
   4.2600000e+02   0.0000000e+00   1.5163365e-04
   4.2700000e+02   0.0000000e+00   1.5015547e-04
   4.2800000e+02   0.0000000e+00   1.4869170e-04
   4.2900000e+02   0.0000000e+00   1.4724219e-04
   4.3000000e+02   0.0000000e+00   1.4580682e-04
   4.3100000e+02   0.0000000e+00   1.4438544e-04
   4.3200000e+02   0.0000000e+00   1.4297792e-04
   4.3300000e+02   0.0000000e+00   1.4158411e-04
   4.3400000e+02   0.0000000e+00   1.4020390e-04
   4.3500000e+02   0.0000000e+00   1.3883713e-04
   4.3600000e+02   0.0000000e+00   1.3748370e-04
   4.3700000e+02   0.0000000e+00   1.3614345e-04
   4.3800000e+02   0.0000000e+00   1.3481627e-04
   4.3900000e+02   0.0000000e+00   1.3350203e-04
   4.4000000e+02   1.0000000e+00   1.3220060e-04
   4.4100000e+02   0.0000000e+00   1.3091186e-04
   4.4200000e+02   0.0000000e+00   1.2963568e-04
   4.4300000e+02   0.0000000e+00   1.2837194e-04
   4.4400000e+02   0.0000000e+00   1.2712053e-04
   4.4500000e+02   0.0000000e+00   1.2588131e-04
   4.4600000e+02   0.0000000e+00   1.2465417e-04
   4.4700000e+02   0.0000000e+00   1.2343899e-04
   4.4800000e+02   0.0000000e+00   1.2223566e-04
   4.4900000e+02   0.0000000e+00   1.2104406e-04
   4.5000000e+02   0.0000000e+00   1.1986408e-04
   4.5100000e+02   0.0000000e+00   1.1869559e-04
   4.5200000e+02   0.0000000e+00   1.1753850e-04
   4.5300000e+02   0.0000000e+00   1.1639269e-04
   4.5400000e+02   0.0000000e+00   1.1525805e-04
   4.5500000e+02   0.0000000e+00   1.1413447e-04
   4.5600000e+02   0.0000000e+00   1.1302185e-04
   4.5700000e+02   0.0000000e+00   1.1192007e-04
   4.5800000e+02   0.0000000e+00   1.1082903e-04
   4.5900000e+02   0.0000000e+00   1.0974862e-04
   4.6000000e+02   0.0000000e+00   1.0867875e-04
   4.6100000e+02   0.0000000e+00   1.0761931e-04
   4.6200000e+02   0.0000000e+00   1.0657019e-04
   4.6300000e+02   0.0000000e+00   1.0553131e-04
   4.6400000e+02   0.0000000e+00   1.0450255e-04
   4.6500000e+02   0.0000000e+00   1.0348382e-04
   4.6600000e+02   0.0000000e+00   1.0247502e-04
   4.6700000e+02   0.0000000e+00   1.0147605e-04
   4.6800000e+02   0.0000000e+00   1.0048682e-04
   4.6900000e+02   0.0000000e+00   9.9507240e-05
   4.7000000e+02   0.0000000e+00   9.8537205e-05
   4.7100000e+02   0.0000000e+00   9.7576627e-05
   4.7200000e+02   0.0000000e+00   9.6625412e-05
   4.7300000e+02   0.0000000e+00   9.5683471e-05
   4.7400000e+02   1.0000000e+00   9.4750712e-05
   4.7500000e+02   0.0000000e+00   9.3827045e-05
   4.7600000e+02   0.0000000e+00   9.2912383e-05
   4.7700000e+02   0.0000000e+00   9.2006638e-05
   4.7800000e+02   0.0000000e+00   9.1109722e-05
   4.7900000e+02   1.0000000e+00   9.0221549e-05
   4.8000000e+02   0.0000000e+00   8.9342035e-05
   4.8100000e+02   0.0000000e+00   8.8471094e-05
   4.8200000e+02   0.0000000e+00   8.7608644e-05
   4.8300000e+02   0.0000000e+00   8.6754602e-05
   4.8400000e+02   0.0000000e+00   8.5908884e-05
   4.8500000e+02   0.0000000e+00   8.5071412e-05
   4.8600000e+02   0.0000000e+00   8.4242103e-05
   4.8700000e+02   0.0000000e+00   8.3420879e-05
   4.8800000e+02   0.0000000e+00   8.2607660e-05
   4.8900000e+02   0.0000000e+00   8.1802369e-05
   4.9000000e+02   0.0000000e+00   8.1004928e-05
   4.9100000e+02   0.0000000e+00   8.0215261e-05
   4.9200000e+02   0.0000000e+00   7.9433292e-05
   4.9300000e+02   0.0000000e+00   7.8658945e-05
   4.9400000e+02   0.0000000e+00   7.7892148e-05
   4.9500000e+02   0.0000000e+00   7.7132825e-05
   4.9600000e+02   0.0000000e+00   7.6380905e-05
   4.9700000e+02   0.0000000e+00   7.5636315e-05
   4.9800000e+02   0.0000000e+00   7.4898983e-05
   4.9900000e+02   1.0000000e+00   7.4168839e-05
   5.0000000e+02   0.0000000e+00   7.3445812e-05
   5.0100000e+02   0.0000000e+00   7.2729834e-05
   5.0200000e+02   0.0000000e+00   7.2020836e-05
   5.0300000e+02   0.0000000e+00   7.1318749e-05
   5.0400000e+02   0.0000000e+00   7.0623507e-05
   5.0500000e+02   0.0000000e+00   6.9935042e-05
   5.0600000e+02   0.0000000e+00   6.9253288e-05
   5.0700000e+02   0.0000000e+00   6.8578181e-05
   5.0800000e+02   0.0000000e+00   6.7909654e-05
   5.0900000e+02   0.0000000e+00   6.7247645e-05
   5.1000000e+02   0.0000000e+00   6.6592089e-05
   5.1100000e+02   0.0000000e+00   6.5942924e-05
   5.1200000e+02   0.0000000e+00   6.5300087e-05
   5.1300000e+02   0.0000000e+00   6.4663517e-05
   5.1400000e+02   0.0000000e+00   6.4033152e-05
   5.1500000e+02   0.0000000e+00   6.3408932e-05
   5.1600000e+02   0.0000000e+00   6.2790797e-05
   5.1700000e+02   0.0000000e+00   6.2178689e-05
   5.1800000e+02   0.0000000e+00   6.1572547e-05
   5.1900000e+02   1.0000000e+00   6.0972314e-05
   5.2000000e+02   0.0000000e+00   6.0377933e-05
   5.2100000e+02   0.0000000e+00   5.9789345e-05
   5.2200000e+02   0.0000000e+00   5.9206496e-05
   5.2300000e+02   0.0000000e+00   5.8629328e-05
   5.2400000e+02   0.0000000e+00   5.8057787e-05
   5.2500000e+02   0.0000000e+00   5.7491818e-05
   5.2600000e+02   1.0000000e+00   5.6931365e-05
   5.2700000e+02   0.0000000e+00   5.6376376e-05
   5.2800000e+02   0.0000000e+00   5.5826798e-05
   5.2900000e+02   0.0000000e+00   5.5282577e-05
   5.3000000e+02   0.0000000e+00   5.4743661e-05
   5.3100000e+02   0.0000000e+00   5.4209999e-05
   5.3200000e+02   0.0000000e+00   5.3681539e-05
   5.3300000e+02   0.0000000e+00   5.3158231e-05
   5.3400000e+02   0.0000000e+00   5.2640024e-05
   5.3500000e+02   0.0000000e+00   5.2126869e-05
   5.3600000e+02   0.0000000e+00   5.1618716e-05
   5.3700000e+02   0.0000000e+00   5.1115517e-05
   5.3800000e+02   0.0000000e+00   5.0617223e-05
   5.3900000e+02   0.0000000e+00   5.0123787e-05
   5.4000000e+02   0.0000000e+00   4.9635161e-05
   5.4100000e+02   0.0000000e+00   4.9151299e-05
   5.4200000e+02   0.0000000e+00   4.8672153e-05
   5.4300000e+02   0.0000000e+00   4.8197678e-05
   5.4400000e+02   0.0000000e+00   4.7727829e-05
   5.4500000e+02   0.0000000e+00   4.7262560e-05
   5.4600000e+02   0.0000000e+00   4.6801826e-05
   5.4700000e+02   0.0000000e+00   4.6345584e-05
   5.4800000e+02   0.0000000e+00   4.5893789e-05
   5.4900000e+02   0.0000000e+00   4.5446399e-05
   5.5000000e+02   0.0000000e+00   4.5003370e-05
   5.5100000e+02   0.0000000e+00   4.4564660e-05
   5.5200000e+02   0.0000000e+00   4.4130227e-05
   5.5300000e+02   0.0000000e+00   4.3700028e-05
   5.5400000e+02   0.0000000e+00   4.3274024e-05
   5.5500000e+02   0.0000000e+00   4.2852172e-05
   5.5600000e+02   0.0000000e+00   4.2434432e-05
   5.5700000e+02   0.0000000e+00   4.2020765e-05
   5.5800000e+02   0.0000000e+00   4.1611131e-05
   5.5900000e+02   0.0000000e+00   4.1205490e-05
   5.6000000e+02   1.0000000e+00   4.0803803e-05
   5.6100000e+02   0.0000000e+00   4.0406031e-05
   5.6200000e+02   0.0000000e+00   4.0012138e-05
   5.6300000e+02   0.0000000e+00   3.9622084e-05
   5.6400000e+02   0.0000000e+00   3.9235833e-05
   5.6500000e+02   0.0000000e+00   3.8853347e-05
   5.6600000e+02   0.0000000e+00   3.8474590e-05
   5.6700000e+02   0.0000000e+00   3.8099525e-05
   5.6800000e+02   0.0000000e+00   3.7728116e-05
   5.6900000e+02   0.0000000e+00   3.7360328e-05
   5.7000000e+02   0.0000000e+00   3.6996125e-05
   5.7100000e+02   0.0000000e+00   3.6635473e-05
   5.7200000e+02   0.0000000e+00   3.6278336e-05
   5.7300000e+02   0.0000000e+00   3.5924681e-05
   5.7400000e+02   0.0000000e+00   3.5574473e-05
   5.7500000e+02   0.0000000e+00   3.5227680e-05
   5.7600000e+02   0.0000000e+00   3.4884267e-05
   5.7700000e+02   0.0000000e+00   3.4544201e-05
   5.7800000e+02   0.0000000e+00   3.4207451e-05
   5.7900000e+02   0.0000000e+00   3.3873984e-05
   5.8000000e+02   0.0000000e+00   3.3543767e-05
   5.8100000e+02   0.0000000e+00   3.3216770e-05
   5.8200000e+02   0.0000000e+00   3.2892960e-05
   5.8300000e+02   0.0000000e+00   3.2572307e-05
   5.8400000e+02   0.0000000e+00   3.2254780e-05
   5.8500000e+02   0.0000000e+00   3.1940348e-05
   5.8600000e+02   0.0000000e+00   3.1628981e-05
   5.8700000e+02   0.0000000e+00   3.1320649e-05
   5.8800000e+02   0.0000000e+00   3.1015324e-05
   5.8900000e+02   0.0000000e+00   3.0712974e-05
   5.9000000e+02   0.0000000e+00   3.0413573e-05
   5.9100000e+02   0.0000000e+00   3.0117089e-05
   5.9200000e+02   0.0000000e+00   2.9823496e-05
   5.9300000e+02   0.0000000e+00   2.9532766e-05
   5.9400000e+02   0.0000000e+00   2.9244869e-05
   5.9500000e+02   0.0000000e+00   2.8959779e-05
   5.9600000e+02   0.0000000e+00   2.8677468e-05
   5.9700000e+02   0.0000000e+00   2.8397909e-05
   5.9800000e+02   0.0000000e+00   2.8121075e-05
   5.9900000e+02   0.0000000e+00   2.7846940e-05
   6.0000000e+02   0.0000000e+00   2.7575477e-05
   6.0100000e+02   0.0000000e+00   2.7306661e-05
   6.0200000e+02   0.0000000e+00   2.7040465e-05
   6.0300000e+02   0.0000000e+00   2.6776864e-05
   6.0400000e+02   0.0000000e+00   2.6515833e-05
   6.0500000e+02   0.0000000e+00   2.6257347e-05
   6.0600000e+02   0.0000000e+00   2.6001380e-05
   6.0700000e+02   0.0000000e+00   2.5747908e-05
   6.0800000e+02   0.0000000e+00   2.5496908e-05
   6.0900000e+02   0.0000000e+00   2.5248354e-05
   6.1000000e+02   0.0000000e+00   2.5002224e-05
   6.1100000e+02   0.0000000e+00   2.4758492e-05
   6.1200000e+02   0.0000000e+00   2.4517137e-05
   6.1300000e+02   0.0000000e+00   2.4278135e-05
   6.1400000e+02   0.0000000e+00   2.4041462e-05
   6.1500000e+02   0.0000000e+00   2.3807097e-05
   6.1600000e+02   0.0000000e+00   2.3575016e-05
   6.1700000e+02   0.0000000e+00   2.3345198e-05
   6.1800000e+02   0.0000000e+00   2.3117620e-05
   6.1900000e+02   0.0000000e+00   2.2892260e-05
   6.2000000e+02   0.0000000e+00   2.2669098e-05
   6.2100000e+02   0.0000000e+00   2.2448111e-05
   6.2200000e+02   0.0000000e+00   2.2229278e-05
   6.2300000e+02   0.0000000e+00   2.2012578e-05
   6.2400000e+02   0.0000000e+00   2.1797991e-05
   6.2500000e+02   0.0000000e+00   2.1585496e-05
   6.2600000e+02   0.0000000e+00   2.1375072e-05
   6.2700000e+02   0.0000000e+00   2.1166700e-05
   6.2800000e+02   0.0000000e+00   2.0960359e-05
   6.2900000e+02   0.0000000e+00   2.0756029e-05
   6.3000000e+02   0.0000000e+00   2.0553692e-05
   6.3100000e+02   0.0000000e+00   2.0353326e-05
   6.3200000e+02   0.0000000e+00   2.0154914e-05
   6.3300000e+02   0.0000000e+00   1.9958436e-05
   6.3400000e+02   0.0000000e+00   1.9763874e-05
   6.3500000e+02   0.0000000e+00   1.9571208e-05
   6.3600000e+02   0.0000000e+00   1.9380421e-05
   6.3700000e+02   0.0000000e+00   1.9191493e-05
   6.3800000e+02   0.0000000e+00   1.9004407e-05
   6.3900000e+02   0.0000000e+00   1.8819144e-05
   6.4000000e+02   0.0000000e+00   1.8635688e-05
   6.4100000e+02   0.0000000e+00   1.8454020e-05
   6.4200000e+02   0.0000000e+00   1.8274124e-05
   6.4300000e+02   0.0000000e+00   1.8095980e-05
   6.4400000e+02   0.0000000e+00   1.7919574e-05
   6.4500000e+02   0.0000000e+00   1.7744887e-05
   6.4600000e+02   0.0000000e+00   1.7571903e-05
   6.4700000e+02   0.0000000e+00   1.7400605e-05
   6.4800000e+02   0.0000000e+00   1.7230978e-05
   6.4900000e+02   0.0000000e+00   1.7063003e-05
   6.5000000e+02   0.0000000e+00   1.6896667e-05
   6.5100000e+02   0.0000000e+00   1.6731951e-05
   6.5200000e+02   0.0000000e+00   1.6568842e-05
   6.5300000e+02   0.0000000e+00   1.6407323e-05
   6.5400000e+02   0.0000000e+00   1.6247378e-05
   6.5500000e+02   0.0000000e+00   1.6088992e-05
   6.5600000e+02   0.0000000e+00   1.5932150e-05
   6.5700000e+02   0.0000000e+00   1.5776838e-05
   6.5800000e+02   0.0000000e+00   1.5623039e-05
   6.5900000e+02   0.0000000e+00   1.5470740e-05
   6.6000000e+02   0.0000000e+00   1.5319925e-05
   6.6100000e+02   0.0000000e+00   1.5170580e-05
   6.6200000e+02   0.0000000e+00   1.5022692e-05
   6.6300000e+02   0.0000000e+00   1.4876245e-05
   6.6400000e+02   0.0000000e+00   1.4731225e-05
   6.6500000e+02   0.0000000e+00   1.4587620e-05
   6.6600000e+02   0.0000000e+00   1.4445414e-05
   6.6700000e+02   0.0000000e+00   1.4304595e-05
   6.6800000e+02   0.0000000e+00   1.4165148e-05
   6.6900000e+02   0.0000000e+00   1.4027061e-05
   6.7000000e+02   0.0000000e+00   1.3890319e-05
   6.7100000e+02   0.0000000e+00   1.3754911e-05
   6.7200000e+02   0.0000000e+00   1.3620823e-05
   6.7300000e+02   0.0000000e+00   1.3488042e-05
   6.7400000e+02   0.0000000e+00   1.3356556e-05
   6.7500000e+02   0.0000000e+00   1.3226351e-05
   6.7600000e+02   0.0000000e+00   1.3097415e-05
   6.7700000e+02   0.0000000e+00   1.2969737e-05
   6.7800000e+02   0.0000000e+00   1.2843303e-05
   6.7900000e+02   0.0000000e+00   1.2718101e-05
   6.8000000e+02   0.0000000e+00   1.2594120e-05
   6.8100000e+02   0.0000000e+00   1.2471348e-05
   6.8200000e+02   0.0000000e+00   1.2349772e-05
   6.8300000e+02   0.0000000e+00   1.2229382e-05
   6.8400000e+02   0.0000000e+00   1.2110165e-05
   6.8500000e+02   0.0000000e+00   1.1992111e-05
   6.8600000e+02   0.0000000e+00   1.1875207e-05
   6.8700000e+02   0.0000000e+00   1.1759443e-05
   6.8800000e+02   0.0000000e+00   1.1644808e-05
   6.8900000e+02   0.0000000e+00   1.1531289e-05
   6.9000000e+02   0.0000000e+00   1.1418878e-05
   6.9100000e+02   0.0000000e+00   1.1307562e-05
   6.9200000e+02   0.0000000e+00   1.1197332e-05
   6.9300000e+02   0.0000000e+00   1.1088176e-05
   6.9400000e+02   0.0000000e+00   1.0980084e-05
   6.9500000e+02   0.0000000e+00   1.0873046e-05
   6.9600000e+02   0.0000000e+00   1.0767052e-05
   6.9700000e+02   0.0000000e+00   1.0662090e-05
   6.9800000e+02   0.0000000e+00   1.0558152e-05
   6.9900000e+02   0.0000000e+00   1.0455227e-05
   7.0000000e+02   0.0000000e+00   1.0353306e-05
   7.0100000e+02   0.0000000e+00   1.0252378e-05
   7.0200000e+02   0.0000000e+00   1.0152434e-05
   7.0300000e+02   0.0000000e+00   1.0053464e-05
   7.0400000e+02   0.0000000e+00   9.9554587e-06
   7.0500000e+02   0.0000000e+00   9.8584091e-06
   7.0600000e+02   0.0000000e+00   9.7623055e-06
   7.0700000e+02   0.0000000e+00   9.6671388e-06
   7.0800000e+02   0.0000000e+00   9.5728998e-06
   7.0900000e+02   0.0000000e+00   9.4795795e-06
   7.1000000e+02   0.0000000e+00   9.3871690e-06
   7.1100000e+02   0.0000000e+00   9.2956592e-06
   7.1200000e+02   0.0000000e+00   9.2050416e-06
   7.1300000e+02   0.0000000e+00   9.1153073e-06
   7.1400000e+02   0.0000000e+00   9.0264478e-06
   7.1500000e+02   0.0000000e+00   8.9384545e-06
   7.1600000e+02   0.0000000e+00   8.8513190e-06
   7.1700000e+02   0.0000000e+00   8.7650330e-06
   7.1800000e+02   0.0000000e+00   8.6795881e-06
   7.1900000e+02   0.0000000e+00   8.5949761e-06
   7.2000000e+02   0.0000000e+00   8.5111890e-06
   7.2100000e+02   0.0000000e+00   8.4282187e-06
   7.2200000e+02   0.0000000e+00   8.3460571e-06
   7.2300000e+02   0.0000000e+00   8.2646966e-06
   7.2400000e+02   0.0000000e+00   8.1841291e-06
   7.2500000e+02   0.0000000e+00   8.1043471e-06
   7.2600000e+02   0.0000000e+00   8.0253428e-06
   7.2700000e+02   0.0000000e+00   7.9471087e-06
   7.2800000e+02   0.0000000e+00   7.8696372e-06
   7.2900000e+02   0.0000000e+00   7.7929210e-06
   7.3000000e+02   0.0000000e+00   7.7169526e-06
   7.3100000e+02   0.0000000e+00   7.6417248e-06
   7.3200000e+02   0.0000000e+00   7.5672303e-06
   7.3300000e+02   0.0000000e+00   7.4934621e-06
   7.3400000e+02   0.0000000e+00   7.4204129e-06
   7.3500000e+02   0.0000000e+00   7.3480759e-06
   7.3600000e+02   0.0000000e+00   7.2764440e-06
   7.3700000e+02   0.0000000e+00   7.2055105e-06
   7.3800000e+02   0.0000000e+00   7.1352684e-06
   7.3900000e+02   0.0000000e+00   7.0657111e-06
   7.4000000e+02   0.0000000e+00   6.9968318e-06
   7.4100000e+02   0.0000000e+00   6.9286240e-06
   7.4200000e+02   0.0000000e+00   6.8610811e-06
   7.4300000e+02   0.0000000e+00   6.7941967e-06
   7.4400000e+02   0.0000000e+00   6.7279642e-06
   7.4500000e+02   0.0000000e+00   6.6623775e-06
   7.4600000e+02   0.0000000e+00   6.5974300e-06
   7.4700000e+02   0.0000000e+00   6.5331158e-06
   7.4800000e+02   0.0000000e+00   6.4694284e-06
   7.4900000e+02   0.0000000e+00   6.4063620e-06
   7.5000000e+02   0.0000000e+00   6.3439103e-06
   7.5100000e+02   0.0000000e+00   6.2820674e-06
   7.5200000e+02   0.0000000e+00   6.2208274e-06
   7.5300000e+02   0.0000000e+00   6.1601844e-06
   7.5400000e+02   0.0000000e+00   6.1001326e-06
   7.5500000e+02   0.0000000e+00   6.0406661e-06
   7.5600000e+02   0.0000000e+00   5.9817794e-06
   7.5700000e+02   0.0000000e+00   5.9234667e-06
   7.5800000e+02   0.0000000e+00   5.8657225e-06
   7.5900000e+02   0.0000000e+00   5.8085412e-06
   7.6000000e+02   0.0000000e+00   5.7519173e-06
   7.6100000e+02   0.0000000e+00   5.6958454e-06
   7.6200000e+02   0.0000000e+00   5.6403201e-06
   7.6300000e+02   0.0000000e+00   5.5853361e-06
   7.6400000e+02   0.0000000e+00   5.5308881e-06
   7.6500000e+02   0.0000000e+00   5.4769709e-06
   7.6600000e+02   0.0000000e+00   5.4235793e-06
   7.6700000e+02   0.0000000e+00   5.3707082e-06
   7.6800000e+02   0.0000000e+00   5.3183524e-06
   7.6900000e+02   0.0000000e+00   5.2665071e-06
   7.7000000e+02   0.0000000e+00   5.2151672e-06
   7.7100000e+02   0.0000000e+00   5.1643277e-06
   7.7200000e+02   0.0000000e+00   5.1139839e-06
   7.7300000e+02   0.0000000e+00   5.0641308e-06
   7.7400000e+02   0.0000000e+00   5.0147637e-06
   7.7500000e+02   0.0000000e+00   4.9658779e-06
   7.7600000e+02   0.0000000e+00   4.9174686e-06
   7.7700000e+02   0.0000000e+00   4.8695312e-06
   7.7800000e+02   0.0000000e+00   4.8220611e-06
   7.7900000e+02   0.0000000e+00   4.7750538e-06
   7.8000000e+02   0.0000000e+00   4.7285048e-06
   7.8100000e+02   0.0000000e+00   4.6824095e-06
   7.8200000e+02   0.0000000e+00   4.6367636e-06
   7.8300000e+02   0.0000000e+00   4.5915626e-06
   7.8400000e+02   0.0000000e+00   4.5468023e-06
   7.8500000e+02   0.0000000e+00   4.5024783e-06
   7.8600000e+02   0.0000000e+00   4.4585865e-06
   7.8700000e+02   0.0000000e+00   4.4151224e-06
   7.8800000e+02   0.0000000e+00   4.3720821e-06
   7.8900000e+02   0.0000000e+00   4.3294614e-06
   7.9000000e+02   0.0000000e+00   4.2872562e-06
   7.9100000e+02   0.0000000e+00   4.2454623e-06
   7.9200000e+02   0.0000000e+00   4.2040759e-06
   7.9300000e+02   0.0000000e+00   4.1630930e-06
   7.9400000e+02   0.0000000e+00   4.1225096e-06
   7.9500000e+02   0.0000000e+00   4.0823218e-06
   7.9600000e+02   0.0000000e+00   4.0425257e-06
   7.9700000e+02   0.0000000e+00   4.0031176e-06
   7.9800000e+02   0.0000000e+00   3.9640937e-06
   7.9900000e+02   0.0000000e+00   3.9254502e-06
   8.0000000e+02   0.0000000e+00   3.8871834e-06
   8.0100000e+02   0.0000000e+00   3.8492897e-06
   8.0200000e+02   0.0000000e+00   3.8117653e-06
   8.0300000e+02   0.0000000e+00   3.7746068e-06
   8.0400000e+02   0.0000000e+00   3.7378104e-06
   8.0500000e+02   0.0000000e+00   3.7013728e-06
   8.0600000e+02   0.0000000e+00   3.6652904e-06
   8.0700000e+02   0.0000000e+00   3.6295598e-06
   8.0800000e+02   0.0000000e+00   3.5941774e-06
   8.0900000e+02   0.0000000e+00   3.5591400e-06
   8.1000000e+02   0.0000000e+00   3.5244441e-06
   8.1100000e+02   0.0000000e+00   3.4900865e-06
   8.1200000e+02   0.0000000e+00   3.4560638e-06
   8.1300000e+02   0.0000000e+00   3.4223728e-06
   8.1400000e+02   0.0000000e+00   3.3890102e-06
   8.1500000e+02   0.0000000e+00   3.3559728e-06
   8.1600000e+02   0.0000000e+00   3.3232575e-06
   8.1700000e+02   0.0000000e+00   3.2908611e-06
   8.1800000e+02   0.0000000e+00   3.2587805e-06
   8.1900000e+02   0.0000000e+00   3.2270127e-06
   8.2000000e+02   0.0000000e+00   3.1955545e-06
   8.2100000e+02   0.0000000e+00   3.1644030e-06
   8.2200000e+02   0.0000000e+00   3.1335552e-06
   8.2300000e+02   0.0000000e+00   3.1030081e-06
   8.2400000e+02   0.0000000e+00   3.0727588e-06
   8.2500000e+02   0.0000000e+00   3.0428044e-06
   8.2600000e+02   0.0000000e+00   3.0131419e-06
   8.2700000e+02   0.0000000e+00   2.9837687e-06
   8.2800000e+02   0.0000000e+00   2.9546818e-06
   8.2900000e+02   0.0000000e+00   2.9258784e-06
   8.3000000e+02   0.0000000e+00   2.8973558e-06
   8.3100000e+02   0.0000000e+00   2.8691113e-06
   8.3200000e+02   0.0000000e+00   2.8411421e-06
   8.3300000e+02   0.0000000e+00   2.8134455e-06
   8.3400000e+02   0.0000000e+00   2.7860190e-06
   8.3500000e+02   0.0000000e+00   2.7588598e-06
   8.3600000e+02   0.0000000e+00   2.7319654e-06
   8.3700000e+02   0.0000000e+00   2.7053331e-06
   8.3800000e+02   0.0000000e+00   2.6789605e-06
   8.3900000e+02   0.0000000e+00   2.6528450e-06
   8.4000000e+02   0.0000000e+00   2.6269840e-06
   8.4100000e+02   0.0000000e+00   2.6013752e-06
   8.4200000e+02   0.0000000e+00   2.5760160e-06
   8.4300000e+02   0.0000000e+00   2.5509040e-06
   8.4400000e+02   0.0000000e+00   2.5260368e-06
   8.4500000e+02   0.0000000e+00   2.5014120e-06
   8.4600000e+02   0.0000000e+00   2.4770273e-06
   8.4700000e+02   0.0000000e+00   2.4528803e-06
   8.4800000e+02   0.0000000e+00   2.4289687e-06
   8.4900000e+02   0.0000000e+00   2.4052901e-06
   8.5000000e+02   0.0000000e+00   2.3818425e-06
   8.5100000e+02   0.0000000e+00   2.3586233e-06
   8.5200000e+02   0.0000000e+00   2.3356306e-06
   8.5300000e+02   0.0000000e+00   2.3128619e-06
   8.5400000e+02   0.0000000e+00   2.2903153e-06
   8.5500000e+02   0.0000000e+00   2.2679884e-06
   8.5600000e+02   0.0000000e+00   2.2458792e-06
   8.5700000e+02   0.0000000e+00   2.2239855e-06
   8.5800000e+02   0.0000000e+00   2.2023052e-06
   8.5900000e+02   0.0000000e+00   2.1808363e-06
   8.6000000e+02   0.0000000e+00   2.1595767e-06
   8.6100000e+02   0.0000000e+00   2.1385243e-06
   8.6200000e+02   0.0000000e+00   2.1176772e-06
   8.6300000e+02   0.0000000e+00   2.0970332e-06
   8.6400000e+02   0.0000000e+00   2.0765905e-06
   8.6500000e+02   0.0000000e+00   2.0563471e-06
   8.6600000e+02   0.0000000e+00   2.0363011e-06
   8.6700000e+02   0.0000000e+00   2.0164504e-06
   8.6800000e+02   0.0000000e+00   1.9967933e-06
   8.6900000e+02   0.0000000e+00   1.9773278e-06
   8.7000000e+02   0.0000000e+00   1.9580520e-06
   8.7100000e+02   0.0000000e+00   1.9389642e-06
   8.7200000e+02   0.0000000e+00   1.9200624e-06
   8.7300000e+02   0.0000000e+00   1.9013449e-06
   8.7400000e+02   0.0000000e+00   1.8828099e-06
   8.7500000e+02   0.0000000e+00   1.8644555e-06
   8.7600000e+02   0.0000000e+00   1.8462801e-06
   8.7700000e+02   0.0000000e+00   1.8282819e-06
   8.7800000e+02   0.0000000e+00   1.8104591e-06
   8.7900000e+02   0.0000000e+00   1.7928100e-06
   8.8000000e+02   0.0000000e+00   1.7753330e-06
   8.8100000e+02   0.0000000e+00   1.7580264e-06
   8.8200000e+02   0.0000000e+00   1.7408885e-06
   8.8300000e+02   0.0000000e+00   1.7239176e-06
   8.8400000e+02   0.0000000e+00   1.7071122e-06
   8.8500000e+02   0.0000000e+00   1.6904706e-06
   8.8600000e+02   0.0000000e+00   1.6739913e-06
   8.8700000e+02   0.0000000e+00   1.6576726e-06
   8.8800000e+02   0.0000000e+00   1.6415129e-06
   8.8900000e+02   0.0000000e+00   1.6255108e-06
   8.9000000e+02   0.0000000e+00   1.6096647e-06
   8.9100000e+02   0.0000000e+00   1.5939731e-06
   8.9200000e+02   0.0000000e+00   1.5784344e-06
   8.9300000e+02   0.0000000e+00   1.5630473e-06
   8.9400000e+02   0.0000000e+00   1.5478101e-06
   8.9500000e+02   0.0000000e+00   1.5327214e-06
   8.9600000e+02   0.0000000e+00   1.5177799e-06
   8.9700000e+02   0.0000000e+00   1.5029840e-06
   8.9800000e+02   0.0000000e+00   1.4883323e-06
   8.9900000e+02   0.0000000e+00   1.4738235e-06
   9.0000000e+02   0.0000000e+00   1.4594561e-06
   9.0100000e+02   0.0000000e+00   1.4452287e-06
   9.0200000e+02   0.0000000e+00   1.4311401e-06
   9.0300000e+02   0.0000000e+00   1.4171888e-06
   9.0400000e+02   0.0000000e+00   1.4033735e-06
   9.0500000e+02   0.0000000e+00   1.3896929e-06
   9.0600000e+02   0.0000000e+00   1.3761456e-06
   9.0700000e+02   0.0000000e+00   1.3627304e-06
   9.0800000e+02   0.0000000e+00   1.3494460e-06
   9.0900000e+02   0.0000000e+00   1.3362911e-06
   9.1000000e+02   0.0000000e+00   1.3232644e-06
   9.1100000e+02   0.0000000e+00   1.3103647e-06
   9.1200000e+02   0.0000000e+00   1.2975908e-06
   9.1300000e+02   0.0000000e+00   1.2849414e-06
   9.1400000e+02   0.0000000e+00   1.2724153e-06
   9.1500000e+02   0.0000000e+00   1.2600113e-06
   9.1600000e+02   0.0000000e+00   1.2477282e-06
   9.1700000e+02   0.0000000e+00   1.2355649e-06
   9.1800000e+02   0.0000000e+00   1.2235201e-06
   9.1900000e+02   0.0000000e+00   1.2115928e-06
   9.2000000e+02   0.0000000e+00   1.1997817e-06
   9.2100000e+02   0.0000000e+00   1.1880858e-06
   9.2200000e+02   0.0000000e+00   1.1765038e-06
   9.2300000e+02   0.0000000e+00   1.1650348e-06
   9.2400000e+02   0.0000000e+00   1.1536776e-06
   9.2500000e+02   0.0000000e+00   1.1424311e-06
   9.2600000e+02   0.0000000e+00   1.1312943e-06
   9.2700000e+02   0.0000000e+00   1.1202660e-06
   9.2800000e+02   0.0000000e+00   1.1093452e-06
   9.2900000e+02   0.0000000e+00   1.0985309e-06
   9.3000000e+02   0.0000000e+00   1.0878220e-06
   9.3100000e+02   0.0000000e+00   1.0772175e-06
   9.3200000e+02   0.0000000e+00   1.0667163e-06
   9.3300000e+02   0.0000000e+00   1.0563176e-06
   9.3400000e+02   0.0000000e+00   1.0460202e-06
   9.3500000e+02   0.0000000e+00   1.0358232e-06
   9.3600000e+02   0.0000000e+00   1.0257256e-06
   9.3700000e+02   0.0000000e+00   1.0157264e-06
   9.3800000e+02   0.0000000e+00   1.0058247e-06
   9.3900000e+02   0.0000000e+00   9.9601956e-07
   9.4000000e+02   0.0000000e+00   9.8630998e-07
   9.4100000e+02   0.0000000e+00   9.7669506e-07
   9.4200000e+02   0.0000000e+00   9.6717386e-07
   9.4300000e+02   0.0000000e+00   9.5774548e-07
   9.4400000e+02   0.0000000e+00   9.4840901e-07
   9.4500000e+02   0.0000000e+00   9.3916355e-07
   9.4600000e+02   0.0000000e+00   9.3000822e-07
   9.4700000e+02   0.0000000e+00   9.2094215e-07
   9.4800000e+02   0.0000000e+00   9.1196445e-07
   9.4900000e+02   0.0000000e+00   9.0307427e-07
   9.5000000e+02   0.0000000e+00   8.9427076e-07
   9.5100000e+02   0.0000000e+00   8.8555306e-07
   9.5200000e+02   0.0000000e+00   8.7692035e-07
   9.5300000e+02   0.0000000e+00   8.6837179e-07
   9.5400000e+02   0.0000000e+00   8.5990657e-07
   9.5500000e+02   0.0000000e+00   8.5152387e-07
   9.5600000e+02   0.0000000e+00   8.4322289e-07
   9.5700000e+02   0.0000000e+00   8.3500283e-07
   9.5800000e+02   0.0000000e+00   8.2686290e-07
   9.5900000e+02   0.0000000e+00   8.1880233e-07
   9.6000000e+02   0.0000000e+00   8.1082033e-07
   9.6100000e+02   0.0000000e+00   8.0291614e-07
   9.6200000e+02   0.0000000e+00   7.9508901e-07
   9.6300000e+02   0.0000000e+00   7.8733817e-07
   9.6400000e+02   0.0000000e+00   7.7966290e-07
   9.6500000e+02   0.0000000e+00   7.7206245e-07
   9.6600000e+02   0.0000000e+00   7.6453609e-07
   9.6700000e+02   0.0000000e+00   7.5708309e-07
   9.6800000e+02   0.0000000e+00   7.4970276e-07
   9.6900000e+02   0.0000000e+00   7.4239437e-07
   9.7000000e+02   0.0000000e+00   7.3515722e-07
   9.7100000e+02   0.0000000e+00   7.2799063e-07
   9.7200000e+02   0.0000000e+00   7.2089390e-07
   9.7300000e+02   0.0000000e+00   7.1386635e-07
   9.7400000e+02   0.0000000e+00   7.0690730e-07
   9.7500000e+02   0.0000000e+00   7.0001610e-07
   9.7600000e+02   0.0000000e+00   6.9319207e-07
   9.7700000e+02   0.0000000e+00   6.8643457e-07
   9.7800000e+02   0.0000000e+00   6.7974294e-07
   9.7900000e+02   0.0000000e+00   6.7311655e-07
   9.8000000e+02   0.0000000e+00   6.6655475e-07
   9.8100000e+02   0.0000000e+00   6.6005692e-07
   9.8200000e+02   0.0000000e+00   6.5362243e-07
   9.8300000e+02   0.0000000e+00   6.4725067e-07
   9.8400000e+02   0.0000000e+00   6.4094102e-07
   9.8500000e+02   0.0000000e+00   6.3469288e-07
   9.8600000e+02   0.0000000e+00   6.2850565e-07
   9.8700000e+02   0.0000000e+00   6.2237874e-07
   9.8800000e+02   0.0000000e+00   6.1631155e-07
   9.8900000e+02   0.0000000e+00   6.1030351e-07
   9.9000000e+02   0.0000000e+00   6.0435404e-07
   9.9100000e+02   0.0000000e+00   5.9846256e-07
   9.9200000e+02   0.0000000e+00   5.9262852e-07
   9.9300000e+02   0.0000000e+00   5.8685135e-07
   9.9400000e+02   0.0000000e+00   5.8113050e-07
   9.9500000e+02   0.0000000e+00   5.7546541e-07
   9.9600000e+02   0.0000000e+00   5.6985556e-07
   9.9700000e+02   0.0000000e+00   5.6430039e-07
   9.9800000e+02   0.0000000e+00   5.5879937e-07
   9.9900000e+02   0.0000000e+00   5.5335198e-07
   1.0000000e+03   0.0000000e+00   5.4795769e-07
   1.0010000e+03   0.0000000e+00   5.4261599e-07
   1.0020000e+03   0.0000000e+00   5.3732636e-07
   1.0030000e+03   0.0000000e+00   5.3208830e-07
   1.0040000e+03   0.0000000e+00   5.2690130e-07
   1.0050000e+03   0.0000000e+00   5.2176486e-07
   1.0060000e+03   0.0000000e+00   5.1667850e-07
   1.0070000e+03   0.0000000e+00   5.1164172e-07
   1.0080000e+03   0.0000000e+00   5.0665404e-07
   1.0090000e+03   0.0000000e+00   5.0171498e-07
   1.0100000e+03   0.0000000e+00   4.9682407e-07
   1.0110000e+03   0.0000000e+00   4.9198084e-07
   1.0120000e+03   0.0000000e+00   4.8718482e-07
   1.0130000e+03   0.0000000e+00   4.8243556e-07
   1.0140000e+03   0.0000000e+00   4.7773259e-07
   1.0150000e+03   0.0000000e+00   4.7307547e-07
   1.0160000e+03   0.0000000e+00   4.6846375e-07
   1.0170000e+03   0.0000000e+00   4.6389698e-07
   1.0180000e+03   0.0000000e+00   4.5937474e-07
   1.0190000e+03   0.0000000e+00   4.5489658e-07
   1.0200000e+03   0.0000000e+00   4.5046207e-07
   1.0210000e+03   0.0000000e+00   4.4607079e-07
   1.0220000e+03   0.0000000e+00   4.4172232e-07
   1.0230000e+03   0.0000000e+00   4.3741624e-07
   1.0240000e+03   0.0000000e+00   4.3315214e-07
   1.0250000e+03   0.0000000e+00   4.2892961e-07
   1.0260000e+03   0.0000000e+00   4.2474824e-07
   1.0270000e+03   0.0000000e+00   4.2060763e-07
   1.0280000e+03   0.0000000e+00   4.1650739e-07
   1.0290000e+03   0.0000000e+00   4.1244711e-07
   1.0300000e+03   0.0000000e+00   4.0842642e-07
   1.0310000e+03   0.0000000e+00   4.0444492e-07
   1.0320000e+03   0.0000000e+00   4.0050224e-07
   1.0330000e+03   0.0000000e+00   3.9659799e-07
   1.0340000e+03   0.0000000e+00   3.9273180e-07
   1.0350000e+03   0.0000000e+00   3.8890330e-07
   1.0360000e+03   0.0000000e+00   3.8511212e-07
   1.0370000e+03   0.0000000e+00   3.8135790e-07
   1.0380000e+03   0.0000000e+00   3.7764028e-07
   1.0390000e+03   0.0000000e+00   3.7395889e-07
   1.0400000e+03   0.0000000e+00   3.7031340e-07
   1.0410000e+03   0.0000000e+00   3.6670344e-07
   1.0420000e+03   0.0000000e+00   3.6312868e-07
   1.0430000e+03   0.0000000e+00   3.5958876e-07
   1.0440000e+03   0.0000000e+00   3.5608335e-07
   1.0450000e+03   0.0000000e+00   3.5261211e-07
   1.0460000e+03   0.0000000e+00   3.4917471e-07
   1.0470000e+03   0.0000000e+00   3.4577083e-07
   1.0480000e+03   0.0000000e+00   3.4240012e-07
   1.0490000e+03   0.0000000e+00   3.3906227e-07
   1.0500000e+03   0.0000000e+00   3.3575696e-07
   1.0510000e+03   0.0000000e+00   3.3248387e-07
   1.0520000e+03   0.0000000e+00   3.2924269e-07
   1.0530000e+03   0.0000000e+00   3.2603311e-07
   1.0540000e+03   0.0000000e+00   3.2285481e-07
   1.0550000e+03   0.0000000e+00   3.1970750e-07
   1.0560000e+03   0.0000000e+00   3.1659087e-07
   1.0570000e+03   0.0000000e+00   3.1350462e-07
   1.0580000e+03   0.0000000e+00   3.1044846e-07
   1.0590000e+03   0.0000000e+00   3.0742209e-07
   1.0600000e+03   0.0000000e+00   3.0442522e-07
   1.0610000e+03   0.0000000e+00   3.0145756e-07
   1.0620000e+03   0.0000000e+00   2.9851884e-07
   1.0630000e+03   0.0000000e+00   2.9560876e-07
   1.0640000e+03   0.0000000e+00   2.9272706e-07
   1.0650000e+03   0.0000000e+00   2.8987344e-07
   1.0660000e+03   0.0000000e+00   2.8704764e-07
   1.0670000e+03   0.0000000e+00   2.8424939e-07
   1.0680000e+03   0.0000000e+00   2.8147842e-07
   1.0690000e+03   0.0000000e+00   2.7873446e-07
   1.0700000e+03   0.0000000e+00   2.7601725e-07
   1.0710000e+03   0.0000000e+00   2.7332653e-07
   1.0720000e+03   0.0000000e+00   2.7066204e-07
   1.0730000e+03   0.0000000e+00   2.6802352e-07
   1.0740000e+03   0.0000000e+00   2.6541072e-07
   1.0750000e+03   0.0000000e+00   2.6282340e-07
   1.0760000e+03   0.0000000e+00   2.6026129e-07
   1.0770000e+03   0.0000000e+00   2.5772417e-07
   1.0780000e+03   0.0000000e+00   2.5521177e-07
   1.0790000e+03   0.0000000e+00   2.5272387e-07
   1.0800000e+03   0.0000000e+00   2.5026022e-07
   1.0810000e+03   0.0000000e+00   2.4782059e-07
   1.0820000e+03   0.0000000e+00   2.4540474e-07
   1.0830000e+03   0.0000000e+00   2.4301244e-07
   1.0840000e+03   0.0000000e+00   2.4064346e-07
   1.0850000e+03   0.0000000e+00   2.3829758e-07
   1.0860000e+03   0.0000000e+00   2.3597456e-07
   1.0870000e+03   0.0000000e+00   2.3367419e-07
   1.0880000e+03   0.0000000e+00   2.3139624e-07
   1.0890000e+03   0.0000000e+00   2.2914050e-07
   1.0900000e+03   0.0000000e+00   2.2690676e-07
   1.0910000e+03   0.0000000e+00   2.2469478e-07
   1.0920000e+03   0.0000000e+00   2.2250437e-07
   1.0930000e+03   0.0000000e+00   2.2033531e-07
   1.0940000e+03   0.0000000e+00   2.1818740e-07
   1.0950000e+03   0.0000000e+00   2.1606042e-07
   1.0960000e+03   0.0000000e+00   2.1395418e-07
   1.0970000e+03   0.0000000e+00   2.1186848e-07
   1.0980000e+03   0.0000000e+00   2.0980310e-07
   1.0990000e+03   0.0000000e+00   2.0775786e-07
   1.1000000e+03   0.0000000e+00   2.0573256e-07
   1.1010000e+03   1.0000000e+00   2.0372700e-07
