   1.0000000e+00   2.7000000e+01   4.7938449e-02
   2.0000000e+00   3.4000000e+01   4.5640354e-02
   3.0000000e+00   1.8000000e+01   4.3452427e-02
   4.0000000e+00   1.7000000e+01   4.1369385e-02
   5.0000000e+00   2.0000000e+01   3.9386201e-02
   6.0000000e+00   2.0000000e+01   3.7498087e-02
   7.0000000e+00   1.2000000e+01   3.5700487e-02
   8.0000000e+00   2.0000000e+01   3.3989061e-02
   9.0000000e+00   1.5000000e+01   3.2359678e-02
   1.0000000e+01   1.1000000e+01   3.0808405e-02
   1.1000000e+01   2.0000000e+01   2.9331498e-02
   1.2000000e+01   8.0000000e+00   2.7925392e-02
   1.3000000e+01   1.9000000e+01   2.6586692e-02
   1.4000000e+01   7.0000000e+00   2.5312167e-02
   1.5000000e+01   1.0000000e+01   2.4098741e-02
   1.6000000e+01   1.0000000e+01   2.2943485e-02
   1.7000000e+01   9.0000000e+00   2.1843609e-02
   1.8000000e+01   8.0000000e+00   2.0796461e-02
   1.9000000e+01   1.1000000e+01   1.9799511e-02
   2.0000000e+01   4.0000000e+00   1.8850353e-02
   2.1000000e+01   8.0000000e+00   1.7946696e-02
   2.2000000e+01   1.0000000e+01   1.7086359e-02
   2.3000000e+01   1.0000000e+01   1.6267266e-02
   2.4000000e+01   1.0000000e+01   1.5487438e-02
   2.5000000e+01   4.0000000e+00   1.4744994e-02
   2.6000000e+01   3.0000000e+00   1.4038142e-02
   2.7000000e+01   2.0000000e+00   1.3365176e-02
   2.8000000e+01   6.0000000e+00   1.2724470e-02
   2.9000000e+01   5.0000000e+00   1.2114478e-02
   3.0000000e+01   6.0000000e+00   1.1533729e-02
   3.1000000e+01   1.0000000e+00   1.0980820e-02
   3.2000000e+01   2.0000000e+00   1.0454417e-02
   3.3000000e+01   1.0000000e+00   9.9532480e-03
   3.4000000e+01   4.0000000e+00   9.4761047e-03
   3.5000000e+01   7.0000000e+00   9.0218350e-03
   3.6000000e+01   7.0000000e+00   8.5893422e-03
   3.7000000e+01   8.0000000e+00   8.1775824e-03
   3.8000000e+01   4.0000000e+00   7.7855618e-03
   3.9000000e+01   4.0000000e+00   7.4123341e-03
   4.0000000e+01   4.0000000e+00   7.0569983e-03
   4.1000000e+01   3.0000000e+00   6.7186967e-03
   4.2000000e+01   4.0000000e+00   6.3966128e-03
   4.3000000e+01   1.0000000e+00   6.0899691e-03
   4.4000000e+01   6.0000000e+00   5.7980254e-03
   4.5000000e+01   2.0000000e+00   5.5200771e-03
   4.6000000e+01   4.0000000e+00   5.2554531e-03
   4.7000000e+01   2.0000000e+00   5.0035149e-03
   4.8000000e+01   1.0000000e+00   4.7636541e-03
   4.9000000e+01   3.0000000e+00   4.5352919e-03
   5.0000000e+01   5.0000000e+00   4.3178771e-03
   5.1000000e+01   3.0000000e+00   4.1108847e-03
   5.2000000e+01   1.0000000e+00   3.9138153e-03
   5.3000000e+01   1.0000000e+00   3.7261931e-03
   5.4000000e+01   2.0000000e+00   3.5475651e-03
   5.5000000e+01   1.0000000e+00   3.3775004e-03
   5.6000000e+01   2.0000000e+00   3.2155882e-03
   5.7000000e+01   2.0000000e+00   3.0614379e-03
   5.8000000e+01   4.0000000e+00   2.9146773e-03
   5.9000000e+01   4.0000000e+00   2.7749522e-03
   6.0000000e+01   3.0000000e+00   2.6419253e-03
   6.1000000e+01   2.0000000e+00   2.5152755e-03
   6.2000000e+01   3.0000000e+00   2.3946971e-03
   6.3000000e+01   0.0000000e+00   2.2798990e-03
   6.4000000e+01   4.0000000e+00   2.1706042e-03
   6.5000000e+01   1.0000000e+00   2.0665488e-03
   6.6000000e+01   1.0000000e+00   1.9674817e-03
   6.7000000e+01   3.0000000e+00   1.8731637e-03
   6.8000000e+01   1.0000000e+00   1.7833671e-03
   6.9000000e+01   0.0000000e+00   1.6978752e-03
   7.0000000e+01   0.0000000e+00   1.6164817e-03
   7.1000000e+01   0.0000000e+00   1.5389901e-03
   7.2000000e+01   3.0000000e+00   1.4652133e-03
   7.3000000e+01   1.0000000e+00   1.3949732e-03
   7.4000000e+01   2.0000000e+00   1.3281004e-03
   7.5000000e+01   0.0000000e+00   1.2644333e-03
   7.6000000e+01   0.0000000e+00   1.2038183e-03
   7.7000000e+01   0.0000000e+00   1.1461092e-03
   7.8000000e+01   0.0000000e+00   1.0911665e-03
   7.9000000e+01   0.0000000e+00   1.0388576e-03
   8.0000000e+01   0.0000000e+00   9.8905641e-04
   8.1000000e+01   0.0000000e+00   9.4164258e-04
   8.2000000e+01   0.0000000e+00   8.9650170e-04
   8.3000000e+01   0.0000000e+00   8.5352480e-04
   8.4000000e+01   1.0000000e+00   8.1260814e-04
   8.5000000e+01   0.0000000e+00   7.7365297e-04
   8.6000000e+01   1.0000000e+00   7.3656524e-04
   8.7000000e+01   0.0000000e+00   7.0125545e-04
   8.8000000e+01   0.0000000e+00   6.6763835e-04
   8.9000000e+01   0.0000000e+00   6.3563280e-04
   9.0000000e+01   0.0000000e+00   6.0516155e-04
   9.1000000e+01   1.0000000e+00   5.7615104e-04
   9.2000000e+01   0.0000000e+00   5.4853126e-04
   9.3000000e+01   0.0000000e+00   5.2223552e-04
   9.4000000e+01   0.0000000e+00   4.9720036e-04
   9.5000000e+01   0.0000000e+00   4.7336534e-04
   9.6000000e+01   0.0000000e+00   4.5067294e-04
   9.7000000e+01   0.0000000e+00   4.2906838e-04
   9.8000000e+01   0.0000000e+00   4.0849951e-04
   9.9000000e+01   0.0000000e+00   3.8891668e-04
   1.0000000e+02   0.0000000e+00   3.7027261e-04
   1.0100000e+02   0.0000000e+00   3.5252232e-04
   1.0200000e+02   0.0000000e+00   3.3562294e-04
   1.0300000e+02   0.0000000e+00   3.1953370e-04
   1.0400000e+02   0.0000000e+00   3.0421575e-04
   1.0500000e+02   0.0000000e+00   2.8963212e-04
   1.0600000e+02   1.0000000e+00   2.7574760e-04
   1.0700000e+02   0.0000000e+00   2.6252869e-04
   1.0800000e+02   0.0000000e+00   2.4994347e-04
   1.0900000e+02   0.0000000e+00   2.3796157e-04
   1.1000000e+02   0.0000000e+00   2.2655406e-04
   1.1100000e+02   0.0000000e+00   2.1569341e-04
   1.1200000e+02   1.0000000e+00   2.0535340e-04
