   1.0000000e+00   2.8000000e+01   5.6987074e-02
   2.0000000e+00   2.7000000e+01   5.3073600e-02
   3.0000000e+00   2.4000000e+01   4.9459464e-02
   4.0000000e+00   2.3000000e+01   4.6120603e-02
   5.0000000e+00   1.9000000e+01   4.3034931e-02
   6.0000000e+00   2.2000000e+01   4.0182169e-02
   7.0000000e+00   1.8000000e+01   3.7543703e-02
   8.0000000e+00   1.7000000e+01   3.5102439e-02
   9.0000000e+00   1.3000000e+01   3.2842685e-02
   1.0000000e+01   1.2000000e+01   3.0750028e-02
   1.1000000e+01   1.0000000e+01   2.8811233e-02
   1.2000000e+01   1.1000000e+01   2.7014144e-02
   1.3000000e+01   1.7000000e+01   2.5347596e-02
   1.4000000e+01   9.0000000e+00   2.3801333e-02
   1.5000000e+01   1.7000000e+01   2.2365931e-02
   1.6000000e+01   1.8000000e+01   2.1032732e-02
   1.7000000e+01   1.1000000e+01   1.9793781e-02
   1.8000000e+01   6.0000000e+00   1.8641766e-02
   1.9000000e+01   1.0000000e+00   1.7569967e-02
   2.0000000e+01   1.3000000e+01   1.6572207e-02
   2.1000000e+01   6.0000000e+00   1.5642804e-02
   2.2000000e+01   5.0000000e+00   1.4776538e-02
   2.3000000e+01   4.0000000e+00   1.3968604e-02
   2.4000000e+01   1.0000000e+01   1.3214586e-02
   2.5000000e+01   7.0000000e+00   1.2510419e-02
   2.6000000e+01   8.0000000e+00   1.1852363e-02
   2.7000000e+01   2.0000000e+00   1.1236978e-02
   2.8000000e+01   4.0000000e+00   1.0661095e-02
   2.9000000e+01   2.0000000e+00   1.0121798e-02
   3.0000000e+01   3.0000000e+00   9.6164012e-03
   3.1000000e+01   4.0000000e+00   9.1424315e-03
   3.2000000e+01   4.0000000e+00   8.6976100e-03
   3.3000000e+01   5.0000000e+00   8.2798368e-03
   3.4000000e+01   4.0000000e+00   7.8871762e-03
   3.5000000e+01   4.0000000e+00   7.5178439e-03
   3.6000000e+01   3.0000000e+00   7.1701941e-03
   3.7000000e+01   4.0000000e+00   6.8427086e-03
   3.8000000e+01   3.0000000e+00   6.5339864e-03
   3.9000000e+01   4.0000000e+00   6.2427345e-03
   4.0000000e+01   1.0000000e+00   5.9677586e-03
   4.1000000e+01   2.0000000e+00   5.7079559e-03
   4.2000000e+01   3.0000000e+00   5.4623072e-03
   4.3000000e+01   2.0000000e+00   5.2298703e-03
   4.4000000e+01   4.0000000e+00   5.0097742e-03
   4.5000000e+01   4.0000000e+00   4.8012130e-03
   4.6000000e+01   2.0000000e+00   4.6034408e-03
   4.7000000e+01   1.0000000e+00   4.4157670e-03
   4.8000000e+01   5.0000000e+00   4.2375520e-03
   4.9000000e+01   3.0000000e+00   4.0682030e-03
   5.0000000e+01   3.0000000e+00   3.9071703e-03
   5.1000000e+01   4.0000000e+00   3.7539443e-03
   5.2000000e+01   2.0000000e+00   3.6080516e-03
   5.3000000e+01   1.0000000e+00   3.4690530e-03
   5.4000000e+01   1.0000000e+00   3.3365402e-03
   5.5000000e+01   4.0000000e+00   3.2101338e-03
   5.6000000e+01   0.0000000e+00   3.0894807e-03
   5.7000000e+01   4.0000000e+00   2.9742525e-03
   5.8000000e+01   1.0000000e+00   2.8641433e-03
   5.9000000e+01   1.0000000e+00   2.7588680e-03
   6.0000000e+01   0.0000000e+00   2.6581609e-03
   6.1000000e+01   1.0000000e+00   2.5617739e-03
   6.2000000e+01   0.0000000e+00   2.4694756e-03
   6.3000000e+01   1.0000000e+00   2.3810497e-03
   6.4000000e+01   2.0000000e+00   2.2962939e-03
   6.5000000e+01   1.0000000e+00   2.2150192e-03
   6.6000000e+01   2.0000000e+00   2.1370484e-03
   6.7000000e+01   0.0000000e+00   2.0622156e-03
   6.8000000e+01   2.0000000e+00   1.9903653e-03
   6.9000000e+01   0.0000000e+00   1.9213515e-03
   7.0000000e+01   0.0000000e+00   1.8550372e-03
   7.1000000e+01   2.0000000e+00   1.7912938e-03
   7.2000000e+01   1.0000000e+00   1.7300000e-03
   7.3000000e+01   2.0000000e+00   1.6710421e-03
   7.4000000e+01   0.0000000e+00   1.6143128e-03
   7.5000000e+01   0.0000000e+00   1.5597110e-03
   7.6000000e+01   1.0000000e+00   1.5071414e-03
   7.7000000e+01   0.0000000e+00   1.4565139e-03
   7.8000000e+01   0.0000000e+00   1.4077437e-03
   7.9000000e+01   0.0000000e+00   1.3607503e-03
   8.0000000e+01   0.0000000e+00   1.3154578e-03
   8.1000000e+01   0.0000000e+00   1.2717943e-03
   8.2000000e+01   1.0000000e+00   1.2296917e-03
   8.3000000e+01   0.0000000e+00   1.1890852e-03
   8.4000000e+01   2.0000000e+00   1.1499138e-03
   8.5000000e+01   0.0000000e+00   1.1121191e-03
   8.6000000e+01   0.0000000e+00   1.0756461e-03
   8.7000000e+01   0.0000000e+00   1.0404420e-03
   8.8000000e+01   0.0000000e+00   1.0064569e-03
   8.9000000e+01   1.0000000e+00   9.7364341e-04
   9.0000000e+01   0.0000000e+00   9.4195607e-04
   9.1000000e+01   1.0000000e+00   9.1135173e-04
   9.2000000e+01   1.0000000e+00   8.8178923e-04
   9.3000000e+01   0.0000000e+00   8.5322926e-04
   9.4000000e+01   0.0000000e+00   8.2563433e-04
   9.5000000e+01   0.0000000e+00   7.9896858e-04
   9.6000000e+01   0.0000000e+00   7.7319775e-04
   9.7000000e+01   0.0000000e+00   7.4828909e-04
   9.8000000e+01   1.0000000e+00   7.2421123e-04
   9.9000000e+01   1.0000000e+00   7.0093416e-04
   1.0000000e+02   0.0000000e+00   6.7842914e-04
   1.0100000e+02   0.0000000e+00   6.5666860e-04
   1.0200000e+02   1.0000000e+00   6.3562614e-04
   1.0300000e+02   0.0000000e+00   6.1527641e-04
   1.0400000e+02   0.0000000e+00   5.9559511e-04
   1.0500000e+02   0.0000000e+00   5.7655890e-04
   1.0600000e+02   0.0000000e+00   5.5814535e-04
   1.0700000e+02   0.0000000e+00   5.4033295e-04
   1.0800000e+02   0.0000000e+00   5.2310099e-04
   1.0900000e+02   0.0000000e+00   5.0642957e-04
   1.1000000e+02   0.0000000e+00   4.9029956e-04
   1.1100000e+02   1.0000000e+00   4.7469254e-04
   1.1200000e+02   0.0000000e+00   4.5959081e-04
   1.1300000e+02   0.0000000e+00   4.4497730e-04
   1.1400000e+02   0.0000000e+00   4.3083559e-04
   1.1500000e+02   0.0000000e+00   4.1714986e-04
   1.1600000e+02   0.0000000e+00   4.0390487e-04
   1.1700000e+02   1.0000000e+00   3.9108593e-04
   1.1800000e+02   0.0000000e+00   3.7867888e-04
   1.1900000e+02   0.0000000e+00   3.6667007e-04
   1.2000000e+02   1.0000000e+00   3.5504633e-04
   1.2100000e+02   0.0000000e+00   3.4379498e-04
   1.2200000e+02   0.0000000e+00   3.3290374e-04
   1.2300000e+02   0.0000000e+00   3.2236082e-04
   1.2400000e+02   0.0000000e+00   3.1215478e-04
   1.2500000e+02   0.0000000e+00   3.0227463e-04
   1.2600000e+02   0.0000000e+00   2.9270973e-04
   1.2700000e+02   1.0000000e+00   2.8344981e-04
   1.2800000e+02   0.0000000e+00   2.7448495e-04
   1.2900000e+02   0.0000000e+00   2.6580558e-04
   1.3000000e+02   0.0000000e+00   2.5740244e-04
   1.3100000e+02   0.0000000e+00   2.4926659e-04
   1.3200000e+02   0.0000000e+00   2.4138940e-04
   1.3300000e+02   0.0000000e+00   2.3376252e-04
   1.3400000e+02   0.0000000e+00   2.2637788e-04
   1.3500000e+02   0.0000000e+00   2.1922768e-04
   1.3600000e+02   0.0000000e+00   2.1230439e-04
   1.3700000e+02   0.0000000e+00   2.0560071e-04
   1.3800000e+02   0.0000000e+00   1.9910960e-04
   1.3900000e+02   0.0000000e+00   1.9282424e-04
   1.4000000e+02   0.0000000e+00   1.8673804e-04
   1.4100000e+02   0.0000000e+00   1.8084463e-04
   1.4200000e+02   0.0000000e+00   1.7513785e-04
   1.4300000e+02   1.0000000e+00   1.6961173e-04
   1.4400000e+02   0.0000000e+00   1.6426051e-04
   1.4500000e+02   0.0000000e+00   1.5907861e-04
   1.4600000e+02   0.0000000e+00   1.5406063e-04
   1.4700000e+02   0.0000000e+00   1.4920134e-04
   1.4800000e+02   0.0000000e+00   1.4449569e-04
   1.4900000e+02   0.0000000e+00   1.3993881e-04
   1.5000000e+02   0.0000000e+00   1.3552594e-04
   1.5100000e+02   0.0000000e+00   1.3125252e-04
   1.5200000e+02   0.0000000e+00   1.2711412e-04
   1.5300000e+02   1.0000000e+00   1.2310644e-04
   1.5400000e+02   0.0000000e+00   1.1922535e-04
   1.5500000e+02   0.0000000e+00   1.1546681e-04
   1.5600000e+02   0.0000000e+00   1.1182695e-04
   1.5700000e+02   0.0000000e+00   1.0830199e-04
   1.5800000e+02   2.0000000e+00   1.0488831e-04
   1.5900000e+02   0.0000000e+00   1.0158238e-04
   1.6000000e+02   0.0000000e+00   9.8380768e-05
   1.6100000e+02   0.0000000e+00   9.5280190e-05
   1.6200000e+02   0.0000000e+00   9.2277440e-05
   1.6300000e+02   0.0000000e+00   8.9369425e-05
   1.6400000e+02   0.0000000e+00   8.6553145e-05
   1.6500000e+02   0.0000000e+00   8.3825701e-05
   1.6600000e+02   0.0000000e+00   8.1184282e-05
   1.6700000e+02   0.0000000e+00   7.8626168e-05
   1.6800000e+02   0.0000000e+00   7.6148727e-05
   1.6900000e+02   0.0000000e+00   7.3749409e-05
   1.7000000e+02   0.0000000e+00   7.1425744e-05
   1.7100000e+02   0.0000000e+00   6.9175344e-05
   1.7200000e+02   0.0000000e+00   6.6995894e-05
   1.7300000e+02   0.0000000e+00   6.4885152e-05
   1.7400000e+02   0.0000000e+00   6.2840951e-05
   1.7500000e+02   0.0000000e+00   6.0861187e-05
   1.7600000e+02   0.0000000e+00   5.8943828e-05
   1.7700000e+02   0.0000000e+00   5.7086903e-05
   1.7800000e+02   0.0000000e+00   5.5288506e-05
   1.7900000e+02   0.0000000e+00   5.3546788e-05
   1.8000000e+02   0.0000000e+00   5.1859962e-05
   1.8100000e+02   0.0000000e+00   5.0226296e-05
   1.8200000e+02   0.0000000e+00   4.8644112e-05
   1.8300000e+02   0.0000000e+00   4.7111787e-05
   1.8400000e+02   0.0000000e+00   4.5627747e-05
   1.8500000e+02   0.0000000e+00   4.4190471e-05
   1.8600000e+02   0.0000000e+00   4.2798483e-05
   1.8700000e+02   0.0000000e+00   4.1450355e-05
   1.8800000e+02   0.0000000e+00   4.0144704e-05
   1.8900000e+02   0.0000000e+00   3.8880190e-05
   1.9000000e+02   0.0000000e+00   3.7655517e-05
   1.9100000e+02   0.0000000e+00   3.6469429e-05
   1.9200000e+02   0.0000000e+00   3.5320708e-05
   1.9300000e+02   0.0000000e+00   3.4208178e-05
   1.9400000e+02   0.0000000e+00   3.3130697e-05
   1.9500000e+02   0.0000000e+00   3.2087161e-05
   1.9600000e+02   0.0000000e+00   3.1076500e-05
   1.9700000e+02   0.0000000e+00   3.0097677e-05
   1.9800000e+02   0.0000000e+00   2.9149689e-05
   1.9900000e+02   0.0000000e+00   2.8231564e-05
   2.0000000e+02   0.0000000e+00   2.7342362e-05
   2.0100000e+02   0.0000000e+00   2.6481170e-05
   2.0200000e+02   0.0000000e+00   2.5647107e-05
   2.0300000e+02   0.0000000e+00   2.4839317e-05
   2.0400000e+02   1.0000000e+00   2.4056972e-05
