   1.0000000e+00   3.4000000e+01   7.6984892e-02
   2.0000000e+00   3.9000000e+01   7.1058219e-02
   3.0000000e+00   3.4000000e+01   6.5587809e-02
   4.0000000e+00   2.9000000e+01   6.0538539e-02
   5.0000000e+00   3.2000000e+01   5.5877986e-02
   6.0000000e+00   2.0000000e+01   5.1576225e-02
   7.0000000e+00   2.3000000e+01   4.7605635e-02
   8.0000000e+00   2.7000000e+01   4.3940720e-02
   9.0000000e+00   1.3000000e+01   4.0557949e-02
   1.0000000e+01   1.8000000e+01   3.7435599e-02
   1.1000000e+01   2.5000000e+01   3.4553624e-02
   1.2000000e+01   1.4000000e+01   3.1893517e-02
   1.3000000e+01   1.8000000e+01   2.9438198e-02
   1.4000000e+01   6.0000000e+00   2.7171901e-02
   1.5000000e+01   7.0000000e+00   2.5080076e-02
   1.6000000e+01   1.1000000e+01   2.3149289e-02
   1.7000000e+01   7.0000000e+00   2.1367143e-02
   1.8000000e+01   9.0000000e+00   1.9722196e-02
   1.9000000e+01   3.0000000e+00   1.8203885e-02
   2.0000000e+01   4.0000000e+00   1.6802461e-02
   2.1000000e+01   9.0000000e+00   1.5508925e-02
   2.2000000e+01   6.0000000e+00   1.4314972e-02
   2.3000000e+01   1.2000000e+01   1.3212936e-02
   2.4000000e+01   4.0000000e+00   1.2195739e-02
   2.5000000e+01   2.0000000e+00   1.1256851e-02
   2.6000000e+01   5.0000000e+00   1.0390244e-02
   2.7000000e+01   5.0000000e+00   9.5903521e-03
   2.8000000e+01   4.0000000e+00   8.8520399e-03
   2.9000000e+01   4.0000000e+00   8.1705666e-03
   3.0000000e+01   3.0000000e+00   7.5415564e-03
   3.1000000e+01   4.0000000e+00   6.9609705e-03
   3.2000000e+01   1.1000000e+01   6.4250809e-03
   3.3000000e+01   1.0000000e+00   5.9304468e-03
   3.4000000e+01   1.0000000e+00   5.4738919e-03
   3.5000000e+01   3.0000000e+00   5.0524850e-03
   3.6000000e+01   3.0000000e+00   4.6635200e-03
   3.7000000e+01   2.0000000e+00   4.3044994e-03
   3.8000000e+01   3.0000000e+00   3.9731180e-03
   3.9000000e+01   1.0000000e+00   3.6672479e-03
   4.0000000e+01   2.0000000e+00   3.3849252e-03
   4.1000000e+01   3.0000000e+00   3.1243371e-03
   4.2000000e+01   2.0000000e+00   2.8838104e-03
   4.3000000e+01   1.0000000e+00   2.6618005e-03
   4.4000000e+01   2.0000000e+00   2.4568821e-03
   4.5000000e+01   0.0000000e+00   2.2677393e-03
   4.6000000e+01   1.0000000e+00   2.0931576e-03
   4.7000000e+01   2.0000000e+00   1.9320161e-03
   4.8000000e+01   1.0000000e+00   1.7832801e-03
   4.9000000e+01   0.0000000e+00   1.6459944e-03
   5.0000000e+01   0.0000000e+00   1.5192777e-03
   5.1000000e+01   0.0000000e+00   1.4023163e-03
   5.2000000e+01   0.0000000e+00   1.2943591e-03
   5.3000000e+01   1.0000000e+00   1.1947130e-03
   5.4000000e+01   1.0000000e+00   1.1027382e-03
   5.5000000e+01   1.0000000e+00   1.0178440e-03
   5.6000000e+01   0.0000000e+00   9.3948539e-04
   5.7000000e+01   0.0000000e+00   8.6715921e-04
   5.8000000e+01   0.0000000e+00   8.0040105e-04
   5.9000000e+01   1.0000000e+00   7.3878226e-04
   6.0000000e+01   0.0000000e+00   6.8190719e-04
   6.1000000e+01   0.0000000e+00   6.2941064e-04
   6.2000000e+01   0.0000000e+00   5.8095553e-04
   6.3000000e+01   1.0000000e+00   5.3623073e-04
   6.4000000e+01   1.0000000e+00   4.9494906e-04
   6.5000000e+01   0.0000000e+00   4.5684546e-04
   6.6000000e+01   1.0000000e+00   4.2167526e-04
   6.7000000e+01   0.0000000e+00   3.8921264e-04
   6.8000000e+01   0.0000000e+00   3.5924915e-04
   6.9000000e+01   0.0000000e+00   3.3159239e-04
   7.0000000e+01   0.0000000e+00   3.0606478e-04
   7.1000000e+01   0.0000000e+00   2.8250242e-04
   7.2000000e+01   0.0000000e+00   2.6075400e-04
   7.3000000e+01   0.0000000e+00   2.4067988e-04
   7.4000000e+01   1.0000000e+00   2.2215117e-04
   7.5000000e+01   1.0000000e+00   2.0504888e-04
