   1.0000000e+00   4.0000000e+00   9.6638997e-03
   2.0000000e+00   2.0000000e+00   9.5705088e-03
   3.0000000e+00   9.0000000e+00   9.4780203e-03
   4.0000000e+00   5.0000000e+00   9.3864257e-03
   5.0000000e+00   6.0000000e+00   9.2957162e-03
   6.0000000e+00   3.0000000e+00   9.2058834e-03
   7.0000000e+00   2.0000000e+00   9.1169186e-03
   8.0000000e+00   2.0000000e+00   9.0288136e-03
   9.0000000e+00   2.0000000e+00   8.9415601e-03
   1.0000000e+01   8.0000000e+00   8.8551497e-03
   1.1000000e+01   5.0000000e+00   8.7695745e-03
   1.2000000e+01   3.0000000e+00   8.6848262e-03
   1.3000000e+01   0.0000000e+00   8.6008969e-03
   1.4000000e+01   3.0000000e+00   8.5177787e-03
   1.5000000e+01   0.0000000e+00   8.4354637e-03
   1.6000000e+01   5.0000000e+00   8.3539443e-03
   1.7000000e+01   4.0000000e+00   8.2732126e-03
   1.8000000e+01   6.0000000e+00   8.1932611e-03
   1.9000000e+01   6.0000000e+00   8.1140822e-03
   2.0000000e+01   1.0000000e+00   8.0356685e-03
   2.1000000e+01   5.0000000e+00   7.9580126e-03
   2.2000000e+01   4.0000000e+00   7.8811072e-03
   2.3000000e+01   7.0000000e+00   7.8049450e-03
   2.4000000e+01   5.0000000e+00   7.7295188e-03
   2.5000000e+01   5.0000000e+00   7.6548215e-03
   2.6000000e+01   1.0000000e+00   7.5808461e-03
   2.7000000e+01   3.0000000e+00   7.5075855e-03
   2.8000000e+01   2.0000000e+00   7.4350330e-03
   2.9000000e+01   2.0000000e+00   7.3631816e-03
   3.0000000e+01   4.0000000e+00   7.2920245e-03
   3.1000000e+01   4.0000000e+00   7.2215551e-03
   3.2000000e+01   6.0000000e+00   7.1517667e-03
   3.3000000e+01   4.0000000e+00   7.0826528e-03
   3.4000000e+01   1.0000000e+00   7.0142067e-03
   3.5000000e+01   2.0000000e+00   6.9464221e-03
   3.6000000e+01   3.0000000e+00   6.8792926e-03
   3.7000000e+01   3.0000000e+00   6.8128118e-03
   3.8000000e+01   1.0000000e+00   6.7469735e-03
   3.9000000e+01   1.0000000e+00   6.6817714e-03
   4.0000000e+01   5.0000000e+00   6.6171994e-03
   4.1000000e+01   6.0000000e+00   6.5532515e-03
   4.2000000e+01   3.0000000e+00   6.4899215e-03
   4.3000000e+01   2.0000000e+00   6.4272036e-03
   4.4000000e+01   2.0000000e+00   6.3650917e-03
   4.5000000e+01   3.0000000e+00   6.3035801e-03
   4.6000000e+01   1.0000000e+00   6.2426629e-03
   4.7000000e+01   4.0000000e+00   6.1823345e-03
   4.8000000e+01   3.0000000e+00   6.1225890e-03
   4.9000000e+01   2.0000000e+00   6.0634209e-03
   5.0000000e+01   2.0000000e+00   6.0048246e-03
   5.1000000e+01   5.0000000e+00   5.9467946e-03
   5.2000000e+01   3.0000000e+00   5.8893254e-03
   5.3000000e+01   5.0000000e+00   5.8324115e-03
   5.4000000e+01   0.0000000e+00   5.7760477e-03
   5.5000000e+01   4.0000000e+00   5.7202285e-03
   5.6000000e+01   3.0000000e+00   5.6649488e-03
   5.7000000e+01   4.0000000e+00   5.6102033e-03
   5.8000000e+01   1.0000000e+00   5.5559869e-03
   5.9000000e+01   3.0000000e+00   5.5022944e-03
   6.0000000e+01   3.0000000e+00   5.4491208e-03
   6.1000000e+01   3.0000000e+00   5.3964610e-03
   6.2000000e+01   1.0000000e+00   5.3443102e-03
   6.3000000e+01   0.0000000e+00   5.2926633e-03
   6.4000000e+01   1.0000000e+00   5.2415155e-03
   6.5000000e+01   3.0000000e+00   5.1908620e-03
   6.6000000e+01   0.0000000e+00   5.1406981e-03
   6.7000000e+01   2.0000000e+00   5.0910189e-03
   6.8000000e+01   4.0000000e+00   5.0418198e-03
   6.9000000e+01   4.0000000e+00   4.9930961e-03
   7.0000000e+01   5.0000000e+00   4.9448434e-03
   7.1000000e+01   3.0000000e+00   4.8970569e-03
   7.2000000e+01   2.0000000e+00   4.8497322e-03
   7.3000000e+01   3.0000000e+00   4.8028649e-03
   7.4000000e+01   4.0000000e+00   4.7564505e-03
   7.5000000e+01   3.0000000e+00   4.7104846e-03
   7.6000000e+01   2.0000000e+00   4.6649630e-03
   7.7000000e+01   3.0000000e+00   4.6198812e-03
   7.8000000e+01   2.0000000e+00   4.5752352e-03
   7.9000000e+01   0.0000000e+00   4.5310206e-03
   8.0000000e+01   2.0000000e+00   4.4872332e-03
   8.1000000e+01   2.0000000e+00   4.4438691e-03
   8.2000000e+01   4.0000000e+00   4.4009240e-03
   8.3000000e+01   4.0000000e+00   4.3583939e-03
   8.4000000e+01   0.0000000e+00   4.3162748e-03
   8.5000000e+01   0.0000000e+00   4.2745627e-03
   8.6000000e+01   3.0000000e+00   4.2332538e-03
   8.7000000e+01   1.0000000e+00   4.1923440e-03
   8.8000000e+01   4.0000000e+00   4.1518297e-03
   8.9000000e+01   3.0000000e+00   4.1117068e-03
   9.0000000e+01   1.0000000e+00   4.0719717e-03
   9.1000000e+01   1.0000000e+00   4.0326205e-03
   9.2000000e+01   0.0000000e+00   3.9936497e-03
   9.3000000e+01   0.0000000e+00   3.9550555e-03
   9.4000000e+01   1.0000000e+00   3.9168342e-03
   9.5000000e+01   3.0000000e+00   3.8789823e-03
   9.6000000e+01   7.0000000e+00   3.8414962e-03
   9.7000000e+01   3.0000000e+00   3.8043724e-03
   9.8000000e+01   0.0000000e+00   3.7676073e-03
   9.9000000e+01   0.0000000e+00   3.7311975e-03
   1.0000000e+02   1.0000000e+00   3.6951396e-03
   1.0100000e+02   4.0000000e+00   3.6594302e-03
   1.0200000e+02   3.0000000e+00   3.6240658e-03
   1.0300000e+02   2.0000000e+00   3.5890432e-03
   1.0400000e+02   3.0000000e+00   3.5543590e-03
   1.0500000e+02   2.0000000e+00   3.5200101e-03
   1.0600000e+02   2.0000000e+00   3.4859930e-03
   1.0700000e+02   3.0000000e+00   3.4523047e-03
   1.0800000e+02   0.0000000e+00   3.4189420e-03
   1.0900000e+02   2.0000000e+00   3.3859017e-03
   1.1000000e+02   4.0000000e+00   3.3531807e-03
   1.1100000e+02   0.0000000e+00   3.3207759e-03
   1.1200000e+02   2.0000000e+00   3.2886842e-03
   1.1300000e+02   2.0000000e+00   3.2569027e-03
   1.1400000e+02   4.0000000e+00   3.2254284e-03
   1.1500000e+02   1.0000000e+00   3.1942581e-03
   1.1600000e+02   3.0000000e+00   3.1633891e-03
   1.1700000e+02   1.0000000e+00   3.1328185e-03
   1.1800000e+02   2.0000000e+00   3.1025432e-03
   1.1900000e+02   1.0000000e+00   3.0725606e-03
   1.2000000e+02   2.0000000e+00   3.0428676e-03
   1.2100000e+02   0.0000000e+00   3.0134617e-03
   1.2200000e+02   1.0000000e+00   2.9843399e-03
   1.2300000e+02   2.0000000e+00   2.9554995e-03
   1.2400000e+02   1.0000000e+00   2.9269379e-03
   1.2500000e+02   5.0000000e+00   2.8986522e-03
   1.2600000e+02   2.0000000e+00   2.8706400e-03
   1.2700000e+02   1.0000000e+00   2.8428984e-03
   1.2800000e+02   0.0000000e+00   2.8154249e-03
   1.2900000e+02   1.0000000e+00   2.7882169e-03
   1.3000000e+02   1.0000000e+00   2.7612719e-03
   1.3100000e+02   1.0000000e+00   2.7345872e-03
   1.3200000e+02   4.0000000e+00   2.7081604e-03
   1.3300000e+02   0.0000000e+00   2.6819890e-03
   1.3400000e+02   1.0000000e+00   2.6560706e-03
   1.3500000e+02   1.0000000e+00   2.6304026e-03
   1.3600000e+02   1.0000000e+00   2.6049826e-03
   1.3700000e+02   0.0000000e+00   2.5798083e-03
   1.3800000e+02   1.0000000e+00   2.5548773e-03
   1.3900000e+02   0.0000000e+00   2.5301872e-03
   1.4000000e+02   2.0000000e+00   2.5057358e-03
   1.4100000e+02   2.0000000e+00   2.4815206e-03
   1.4200000e+02   1.0000000e+00   2.4575394e-03
   1.4300000e+02   1.0000000e+00   2.4337900e-03
   1.4400000e+02   3.0000000e+00   2.4102701e-03
   1.4500000e+02   1.0000000e+00   2.3869775e-03
   1.4600000e+02   0.0000000e+00   2.3639100e-03
   1.4700000e+02   1.0000000e+00   2.3410654e-03
   1.4800000e+02   0.0000000e+00   2.3184416e-03
   1.4900000e+02   2.0000000e+00   2.2960364e-03
   1.5000000e+02   2.0000000e+00   2.2738477e-03
   1.5100000e+02   0.0000000e+00   2.2518735e-03
   1.5200000e+02   2.0000000e+00   2.2301116e-03
   1.5300000e+02   2.0000000e+00   2.2085600e-03
   1.5400000e+02   0.0000000e+00   2.1872167e-03
   1.5500000e+02   0.0000000e+00   2.1660797e-03
   1.5600000e+02   0.0000000e+00   2.1451469e-03
   1.5700000e+02   4.0000000e+00   2.1244164e-03
   1.5800000e+02   0.0000000e+00   2.1038863e-03
   1.5900000e+02   1.0000000e+00   2.0835545e-03
   1.6000000e+02   1.0000000e+00   2.0634193e-03
   1.6100000e+02   2.0000000e+00   2.0434786e-03
   1.6200000e+02   1.0000000e+00   2.0237306e-03
   1.6300000e+02   1.0000000e+00   2.0041735e-03
   1.6400000e+02   0.0000000e+00   1.9848054e-03
   1.6500000e+02   2.0000000e+00   1.9656244e-03
   1.6600000e+02   2.0000000e+00   1.9466288e-03
   1.6700000e+02   0.0000000e+00   1.9278168e-03
   1.6800000e+02   3.0000000e+00   1.9091865e-03
   1.6900000e+02   0.0000000e+00   1.8907364e-03
   1.7000000e+02   1.0000000e+00   1.8724645e-03
   1.7100000e+02   0.0000000e+00   1.8543692e-03
   1.7200000e+02   0.0000000e+00   1.8364487e-03
   1.7300000e+02   1.0000000e+00   1.8187015e-03
   1.7400000e+02   0.0000000e+00   1.8011257e-03
   1.7500000e+02   0.0000000e+00   1.7837198e-03
   1.7600000e+02   1.0000000e+00   1.7664821e-03
   1.7700000e+02   1.0000000e+00   1.7494110e-03
   1.7800000e+02   1.0000000e+00   1.7325049e-03
   1.7900000e+02   1.0000000e+00   1.7157621e-03
   1.8000000e+02   0.0000000e+00   1.6991812e-03
   1.8100000e+02   1.0000000e+00   1.6827605e-03
   1.8200000e+02   1.0000000e+00   1.6664984e-03
   1.8300000e+02   1.0000000e+00   1.6503936e-03
   1.8400000e+02   1.0000000e+00   1.6344443e-03
   1.8500000e+02   1.0000000e+00   1.6186492e-03
   1.8600000e+02   1.0000000e+00   1.6030068e-03
   1.8700000e+02   1.0000000e+00   1.5875155e-03
   1.8800000e+02   1.0000000e+00   1.5721739e-03
   1.8900000e+02   0.0000000e+00   1.5569805e-03
   1.9000000e+02   0.0000000e+00   1.5419340e-03
   1.9100000e+02   0.0000000e+00   1.5270329e-03
   1.9200000e+02   0.0000000e+00   1.5122758e-03
   1.9300000e+02   0.0000000e+00   1.4976614e-03
   1.9400000e+02   1.0000000e+00   1.4831881e-03
   1.9500000e+02   0.0000000e+00   1.4688547e-03
   1.9600000e+02   1.0000000e+00   1.4546599e-03
   1.9700000e+02   2.0000000e+00   1.4406022e-03
   1.9800000e+02   2.0000000e+00   1.4266803e-03
   1.9900000e+02   0.0000000e+00   1.4128931e-03
   2.0000000e+02   0.0000000e+00   1.3992390e-03
   2.0100000e+02   1.0000000e+00   1.3857169e-03
   2.0200000e+02   0.0000000e+00   1.3723255e-03
   2.0300000e+02   0.0000000e+00   1.3590634e-03
   2.0400000e+02   0.0000000e+00   1.3459296e-03
   2.0500000e+02   0.0000000e+00   1.3329227e-03
   2.0600000e+02   1.0000000e+00   1.3200414e-03
   2.0700000e+02   1.0000000e+00   1.3072847e-03
   2.0800000e+02   0.0000000e+00   1.2946512e-03
   2.0900000e+02   0.0000000e+00   1.2821398e-03
   2.1000000e+02   1.0000000e+00   1.2697494e-03
   2.1100000e+02   1.0000000e+00   1.2574786e-03
   2.1200000e+02   2.0000000e+00   1.2453265e-03
   2.1300000e+02   0.0000000e+00   1.2332918e-03
   2.1400000e+02   2.0000000e+00   1.2213734e-03
   2.1500000e+02   0.0000000e+00   1.2095701e-03
   2.1600000e+02   1.0000000e+00   1.1978810e-03
   2.1700000e+02   0.0000000e+00   1.1863048e-03
   2.1800000e+02   0.0000000e+00   1.1748404e-03
   2.1900000e+02   0.0000000e+00   1.1634869e-03
   2.2000000e+02   0.0000000e+00   1.1522431e-03
   2.2100000e+02   2.0000000e+00   1.1411079e-03
   2.2200000e+02   2.0000000e+00   1.1300804e-03
   2.2300000e+02   0.0000000e+00   1.1191594e-03
   2.2400000e+02   1.0000000e+00   1.1083439e-03
   2.2500000e+02   2.0000000e+00   1.0976330e-03
   2.2600000e+02   1.0000000e+00   1.0870256e-03
   2.2700000e+02   1.0000000e+00   1.0765207e-03
   2.2800000e+02   0.0000000e+00   1.0661173e-03
   2.2900000e+02   0.0000000e+00   1.0558145e-03
   2.3000000e+02   0.0000000e+00   1.0456112e-03
   2.3100000e+02   1.0000000e+00   1.0355065e-03
   2.3200000e+02   0.0000000e+00   1.0254995e-03
   2.3300000e+02   0.0000000e+00   1.0155891e-03
   2.3400000e+02   1.0000000e+00   1.0057746e-03
   2.3500000e+02   0.0000000e+00   9.9605488e-04
   2.3600000e+02   0.0000000e+00   9.8642910e-04
   2.3700000e+02   0.0000000e+00   9.7689635e-04
   2.3800000e+02   1.0000000e+00   9.6745572e-04
   2.3900000e+02   0.0000000e+00   9.5810633e-04
   2.4000000e+02   0.0000000e+00   9.4884728e-04
   2.4100000e+02   0.0000000e+00   9.3967772e-04
   2.4200000e+02   0.0000000e+00   9.3059677e-04
   2.4300000e+02   0.0000000e+00   9.2160357e-04
   2.4400000e+02   0.0000000e+00   9.1269729e-04
   2.4500000e+02   1.0000000e+00   9.0387707e-04
   2.4600000e+02   3.0000000e+00   8.9514210e-04
   2.4700000e+02   0.0000000e+00   8.8649153e-04
   2.4800000e+02   1.0000000e+00   8.7792457e-04
   2.4900000e+02   1.0000000e+00   8.6944039e-04
   2.5000000e+02   0.0000000e+00   8.6103821e-04
   2.5100000e+02   1.0000000e+00   8.5271722e-04
   2.5200000e+02   0.0000000e+00   8.4447665e-04
   2.5300000e+02   0.0000000e+00   8.3631571e-04
   2.5400000e+02   0.0000000e+00   8.2823364e-04
   2.5500000e+02   0.0000000e+00   8.2022967e-04
   2.5600000e+02   0.0000000e+00   8.1230305e-04
   2.5700000e+02   1.0000000e+00   8.0445304e-04
   2.5800000e+02   0.0000000e+00   7.9667889e-04
   2.5900000e+02   0.0000000e+00   7.8897986e-04
   2.6000000e+02   0.0000000e+00   7.8135524e-04
   2.6100000e+02   0.0000000e+00   7.7380430e-04
   2.6200000e+02   0.0000000e+00   7.6632633e-04
   2.6300000e+02   1.0000000e+00   7.5892063e-04
   2.6400000e+02   0.0000000e+00   7.5158650e-04
   2.6500000e+02   0.0000000e+00   7.4432324e-04
   2.6600000e+02   0.0000000e+00   7.3713018e-04
   2.6700000e+02   0.0000000e+00   7.3000662e-04
   2.6800000e+02   1.0000000e+00   7.2295191e-04
   2.6900000e+02   0.0000000e+00   7.1596538e-04
   2.7000000e+02   0.0000000e+00   7.0904636e-04
   2.7100000e+02   0.0000000e+00   7.0219421e-04
   2.7200000e+02   0.0000000e+00   6.9540827e-04
   2.7300000e+02   0.0000000e+00   6.8868792e-04
   2.7400000e+02   0.0000000e+00   6.8203251e-04
   2.7500000e+02   1.0000000e+00   6.7544141e-04
   2.7600000e+02   0.0000000e+00   6.6891402e-04
   2.7700000e+02   0.0000000e+00   6.6244970e-04
   2.7800000e+02   0.0000000e+00   6.5604785e-04
   2.7900000e+02   0.0000000e+00   6.4970787e-04
   2.8000000e+02   0.0000000e+00   6.4342916e-04
   2.8100000e+02   0.0000000e+00   6.3721112e-04
   2.8200000e+02   1.0000000e+00   6.3105318e-04
   2.8300000e+02   0.0000000e+00   6.2495474e-04
   2.8400000e+02   0.0000000e+00   6.1891524e-04
   2.8500000e+02   0.0000000e+00   6.1293411e-04
   2.8600000e+02   0.0000000e+00   6.0701078e-04
   2.8700000e+02   0.0000000e+00   6.0114468e-04
   2.8800000e+02   1.0000000e+00   5.9533528e-04
   2.8900000e+02   0.0000000e+00   5.8958202e-04
   2.9000000e+02   0.0000000e+00   5.8388436e-04
   2.9100000e+02   0.0000000e+00   5.7824176e-04
   2.9200000e+02   0.0000000e+00   5.7265369e-04
   2.9300000e+02   0.0000000e+00   5.6711962e-04
   2.9400000e+02   0.0000000e+00   5.6163903e-04
   2.9500000e+02   0.0000000e+00   5.5621141e-04
   2.9600000e+02   0.0000000e+00   5.5083624e-04
   2.9700000e+02   0.0000000e+00   5.4551301e-04
   2.9800000e+02   1.0000000e+00   5.4024123e-04
   2.9900000e+02   0.0000000e+00   5.3502039e-04
   3.0000000e+02   1.0000000e+00   5.2985001e-04
   3.0100000e+02   2.0000000e+00   5.2472959e-04
   3.0200000e+02   1.0000000e+00   5.1965866e-04
   3.0300000e+02   0.0000000e+00   5.1463673e-04
   3.0400000e+02   0.0000000e+00   5.0966333e-04
   3.0500000e+02   0.0000000e+00   5.0473800e-04
   3.0600000e+02   0.0000000e+00   4.9986026e-04
   3.0700000e+02   0.0000000e+00   4.9502966e-04
   3.0800000e+02   0.0000000e+00   4.9024574e-04
   3.0900000e+02   1.0000000e+00   4.8550806e-04
   3.1000000e+02   1.0000000e+00   4.8081616e-04
   3.1100000e+02   0.0000000e+00   4.7616960e-04
   3.1200000e+02   0.0000000e+00   4.7156794e-04
   3.1300000e+02   0.0000000e+00   4.6701076e-04
   3.1400000e+02   0.0000000e+00   4.6249761e-04
   3.1500000e+02   1.0000000e+00   4.5802808e-04
   3.1600000e+02   0.0000000e+00   4.5360174e-04
   3.1700000e+02   0.0000000e+00   4.4921818e-04
   3.1800000e+02   0.0000000e+00   4.4487698e-04
   3.1900000e+02   0.0000000e+00   4.4057774e-04
   3.2000000e+02   0.0000000e+00   4.3632004e-04
   3.2100000e+02   0.0000000e+00   4.3210348e-04
   3.2200000e+02   0.0000000e+00   4.2792768e-04
   3.2300000e+02   0.0000000e+00   4.2379223e-04
   3.2400000e+02   1.0000000e+00   4.1969674e-04
   3.2500000e+02   0.0000000e+00   4.1564084e-04
   3.2600000e+02   0.0000000e+00   4.1162412e-04
   3.2700000e+02   1.0000000e+00   4.0764623e-04
   3.2800000e+02   1.0000000e+00   4.0370678e-04
   3.2900000e+02   0.0000000e+00   3.9980540e-04
   3.3000000e+02   0.0000000e+00   3.9594172e-04
   3.3100000e+02   0.0000000e+00   3.9211538e-04
   3.3200000e+02   0.0000000e+00   3.8832601e-04
   3.3300000e+02   0.0000000e+00   3.8457327e-04
   3.3400000e+02   0.0000000e+00   3.8085679e-04
   3.3500000e+02   1.0000000e+00   3.7717623e-04
   3.3600000e+02   0.0000000e+00   3.7353124e-04
   3.3700000e+02   0.0000000e+00   3.6992147e-04
   3.3800000e+02   0.0000000e+00   3.6634658e-04
   3.3900000e+02   0.0000000e+00   3.6280625e-04
   3.4000000e+02   0.0000000e+00   3.5930012e-04
   3.4100000e+02   0.0000000e+00   3.5582788e-04
   3.4200000e+02   0.0000000e+00   3.5238920e-04
   3.4300000e+02   0.0000000e+00   3.4898374e-04
   3.4400000e+02   0.0000000e+00   3.4561120e-04
   3.4500000e+02   0.0000000e+00   3.4227125e-04
   3.4600000e+02   0.0000000e+00   3.3896357e-04
   3.4700000e+02   0.0000000e+00   3.3568786e-04
   3.4800000e+02   0.0000000e+00   3.3244381e-04
   3.4900000e+02   0.0000000e+00   3.2923111e-04
   3.5000000e+02   0.0000000e+00   3.2604945e-04
   3.5100000e+02   0.0000000e+00   3.2289854e-04
   3.5200000e+02   0.0000000e+00   3.1977808e-04
   3.5300000e+02   0.0000000e+00   3.1668778e-04
   3.5400000e+02   0.0000000e+00   3.1362734e-04
   3.5500000e+02   1.0000000e+00   3.1059648e-04
   3.5600000e+02   0.0000000e+00   3.0759490e-04
   3.5700000e+02   0.0000000e+00   3.0462234e-04
   3.5800000e+02   1.0000000e+00   3.0167850e-04
   3.5900000e+02   0.0000000e+00   2.9876311e-04
   3.6000000e+02   0.0000000e+00   2.9587589e-04
   3.6100000e+02   0.0000000e+00   2.9301657e-04
   3.6200000e+02   0.0000000e+00   2.9018489e-04
   3.6300000e+02   0.0000000e+00   2.8738057e-04
   3.6400000e+02   0.0000000e+00   2.8460336e-04
   3.6500000e+02   0.0000000e+00   2.8185298e-04
   3.6600000e+02   0.0000000e+00   2.7912918e-04
   3.6700000e+02   0.0000000e+00   2.7643170e-04
   3.6800000e+02   0.0000000e+00   2.7376029e-04
   3.6900000e+02   0.0000000e+00   2.7111470e-04
   3.7000000e+02   0.0000000e+00   2.6849468e-04
   3.7100000e+02   0.0000000e+00   2.6589997e-04
   3.7200000e+02   0.0000000e+00   2.6333034e-04
   3.7300000e+02   0.0000000e+00   2.6078554e-04
   3.7400000e+02   0.0000000e+00   2.5826534e-04
   3.7500000e+02   0.0000000e+00   2.5576949e-04
   3.7600000e+02   0.0000000e+00   2.5329776e-04
   3.7700000e+02   0.0000000e+00   2.5084991e-04
   3.7800000e+02   0.0000000e+00   2.4842572e-04
   3.7900000e+02   1.0000000e+00   2.4602496e-04
   3.8000000e+02   0.0000000e+00   2.4364740e-04
   3.8100000e+02   0.0000000e+00   2.4129282e-04
   3.8200000e+02   0.0000000e+00   2.3896099e-04
   3.8300000e+02   0.0000000e+00   2.3665169e-04
   3.8400000e+02   0.0000000e+00   2.3436472e-04
   3.8500000e+02   0.0000000e+00   2.3209984e-04
   3.8600000e+02   0.0000000e+00   2.2985685e-04
   3.8700000e+02   0.0000000e+00   2.2763553e-04
   3.8800000e+02   1.0000000e+00   2.2543569e-04
   3.8900000e+02   0.0000000e+00   2.2325710e-04
   3.9000000e+02   0.0000000e+00   2.2109957e-04
   3.9100000e+02   0.0000000e+00   2.1896288e-04
   3.9200000e+02   0.0000000e+00   2.1684685e-04
   3.9300000e+02   1.0000000e+00   2.1475126e-04
   3.9400000e+02   0.0000000e+00   2.1267593e-04
   3.9500000e+02   0.0000000e+00   2.1062065e-04
   3.9600000e+02   0.0000000e+00   2.0858523e-04
   3.9700000e+02   1.0000000e+00   2.0656948e-04
   3.9800000e+02   0.0000000e+00   2.0457322e-04
   3.9900000e+02   0.0000000e+00   2.0259624e-04
   4.0000000e+02   1.0000000e+00   2.0063837e-04
   4.0100000e+02   0.0000000e+00   1.9869942e-04
   4.0200000e+02   0.0000000e+00   1.9677921e-04
   4.0300000e+02   0.0000000e+00   1.9487756e-04
   4.0400000e+02   0.0000000e+00   1.9299428e-04
   4.0500000e+02   0.0000000e+00   1.9112920e-04
   4.0600000e+02   0.0000000e+00   1.8928215e-04
   4.0700000e+02   0.0000000e+00   1.8745294e-04
   4.0800000e+02   0.0000000e+00   1.8564142e-04
   4.0900000e+02   0.0000000e+00   1.8384740e-04
   4.1000000e+02   0.0000000e+00   1.8207072e-04
   4.1100000e+02   1.0000000e+00   1.8031120e-04
   4.1200000e+02   0.0000000e+00   1.7856869e-04
   4.1300000e+02   0.0000000e+00   1.7684302e-04
   4.1400000e+02   1.0000000e+00   1.7513403e-04
   4.1500000e+02   0.0000000e+00   1.7344155e-04
   4.1600000e+02   0.0000000e+00   1.7176543e-04
   4.1700000e+02   1.0000000e+00   1.7010551e-04
   4.1800000e+02   0.0000000e+00   1.6846162e-04
   4.1900000e+02   0.0000000e+00   1.6683363e-04
   4.2000000e+02   1.0000000e+00   1.6522136e-04
   4.2100000e+02   0.0000000e+00   1.6362468e-04
   4.2200000e+02   0.0000000e+00   1.6204343e-04
   4.2300000e+02   0.0000000e+00   1.6047746e-04
   4.2400000e+02   0.0000000e+00   1.5892662e-04
   4.2500000e+02   0.0000000e+00   1.5739077e-04
   4.2600000e+02   0.0000000e+00   1.5586976e-04
   4.2700000e+02   0.0000000e+00   1.5436345e-04
   4.2800000e+02   0.0000000e+00   1.5287170e-04
   4.2900000e+02   0.0000000e+00   1.5139436e-04
   4.3000000e+02   0.0000000e+00   1.4993130e-04
   4.3100000e+02   0.0000000e+00   1.4848238e-04
   4.3200000e+02   0.0000000e+00   1.4704746e-04
   4.3300000e+02   0.0000000e+00   1.4562641e-04
   4.3400000e+02   0.0000000e+00   1.4421909e-04
   4.3500000e+02   0.0000000e+00   1.4282537e-04
   4.3600000e+02   0.0000000e+00   1.4144512e-04
   4.3700000e+02   0.0000000e+00   1.4007821e-04
   4.3800000e+02   0.0000000e+00   1.3872451e-04
   4.3900000e+02   0.0000000e+00   1.3738389e-04
   4.4000000e+02   0.0000000e+00   1.3605622e-04
   4.4100000e+02   0.0000000e+00   1.3474139e-04
   4.4200000e+02   0.0000000e+00   1.3343926e-04
   4.4300000e+02   0.0000000e+00   1.3214972e-04
   4.4400000e+02   0.0000000e+00   1.3087264e-04
   4.4500000e+02   0.0000000e+00   1.2960790e-04
   4.4600000e+02   0.0000000e+00   1.2835538e-04
   4.4700000e+02   0.0000000e+00   1.2711497e-04
   4.4800000e+02   0.0000000e+00   1.2588654e-04
   4.4900000e+02   0.0000000e+00   1.2466999e-04
   4.5000000e+02   0.0000000e+00   1.2346519e-04
   4.5100000e+02   0.0000000e+00   1.2227203e-04
   4.5200000e+02   0.0000000e+00   1.2109041e-04
   4.5300000e+02   0.0000000e+00   1.1992020e-04
   4.5400000e+02   1.0000000e+00   1.1876130e-04
   4.5500000e+02   0.0000000e+00   1.1761361e-04
   4.5600000e+02   0.0000000e+00   1.1647700e-04
   4.5700000e+02   0.0000000e+00   1.1535138e-04
   4.5800000e+02   0.0000000e+00   1.1423663e-04
   4.5900000e+02   0.0000000e+00   1.1313266e-04
   4.6000000e+02   0.0000000e+00   1.1203936e-04
   4.6100000e+02   0.0000000e+00   1.1095662e-04
   4.6200000e+02   0.0000000e+00   1.0988435e-04
   4.6300000e+02   0.0000000e+00   1.0882244e-04
   4.6400000e+02   0.0000000e+00   1.0777079e-04
   4.6500000e+02   0.0000000e+00   1.0672930e-04
   4.6600000e+02   0.0000000e+00   1.0569788e-04
   4.6700000e+02   2.0000000e+00   1.0467643e-04
   4.6800000e+02   0.0000000e+00   1.0366485e-04
   4.6900000e+02   0.0000000e+00   1.0266304e-04
   4.7000000e+02   0.0000000e+00   1.0167091e-04
   4.7100000e+02   0.0000000e+00   1.0068838e-04
   4.7200000e+02   0.0000000e+00   9.9715334e-05
   4.7300000e+02   0.0000000e+00   9.8751695e-05
   4.7400000e+02   0.0000000e+00   9.7797369e-05
   4.7500000e+02   0.0000000e+00   9.6852265e-05
   4.7600000e+02   0.0000000e+00   9.5916294e-05
   4.7700000e+02   0.0000000e+00   9.4989369e-05
   4.7800000e+02   0.0000000e+00   9.4071401e-05
   4.7900000e+02   0.0000000e+00   9.3162304e-05
   4.8000000e+02   0.0000000e+00   9.2261993e-05
   4.8100000e+02   0.0000000e+00   9.1370382e-05
   4.8200000e+02   0.0000000e+00   9.0487388e-05
   4.8300000e+02   0.0000000e+00   8.9612927e-05
   4.8400000e+02   0.0000000e+00   8.8746917e-05
   4.8500000e+02   0.0000000e+00   8.7889276e-05
   4.8600000e+02   0.0000000e+00   8.7039922e-05
   4.8700000e+02   0.0000000e+00   8.6198777e-05
   4.8800000e+02   0.0000000e+00   8.5365761e-05
   4.8900000e+02   0.0000000e+00   8.4540795e-05
   4.9000000e+02   0.0000000e+00   8.3723801e-05
   4.9100000e+02   0.0000000e+00   8.2914703e-05
   4.9200000e+02   0.0000000e+00   8.2113423e-05
   4.9300000e+02   0.0000000e+00   8.1319887e-05
   4.9400000e+02   0.0000000e+00   8.0534020e-05
   4.9500000e+02   0.0000000e+00   7.9755747e-05
   4.9600000e+02   0.0000000e+00   7.8984996e-05
   4.9700000e+02   0.0000000e+00   7.8221693e-05
   4.9800000e+02   1.0000000e+00   7.7465766e-05
   4.9900000e+02   0.0000000e+00   7.6717145e-05
   5.0000000e+02   0.0000000e+00   7.5975758e-05
   5.0100000e+02   0.0000000e+00   7.5241536e-05
   5.0200000e+02   0.0000000e+00   7.4514409e-05
   5.0300000e+02   0.0000000e+00   7.3794309e-05
   5.0400000e+02   0.0000000e+00   7.3081169e-05
   5.0500000e+02   0.0000000e+00   7.2374920e-05
   5.0600000e+02   0.0000000e+00   7.1675496e-05
   5.0700000e+02   0.0000000e+00   7.0982831e-05
   5.0800000e+02   0.0000000e+00   7.0296860e-05
   5.0900000e+02   0.0000000e+00   6.9617518e-05
   5.1000000e+02   0.0000000e+00   6.8944741e-05
   5.1100000e+02   0.0000000e+00   6.8278466e-05
   5.1200000e+02   0.0000000e+00   6.7618630e-05
   5.1300000e+02   0.0000000e+00   6.6965170e-05
   5.1400000e+02   0.0000000e+00   6.6318026e-05
   5.1500000e+02   0.0000000e+00   6.5677135e-05
   5.1600000e+02   0.0000000e+00   6.5042438e-05
   5.1700000e+02   0.0000000e+00   6.4413874e-05
   5.1800000e+02   0.0000000e+00   6.3791385e-05
   5.1900000e+02   0.0000000e+00   6.3174911e-05
   5.2000000e+02   0.0000000e+00   6.2564395e-05
   5.2100000e+02   0.0000000e+00   6.1959779e-05
   5.2200000e+02   1.0000000e+00   6.1361006e-05
   5.2300000e+02   0.0000000e+00   6.0768020e-05
   5.2400000e+02   0.0000000e+00   6.0180763e-05
   5.2500000e+02   0.0000000e+00   5.9599183e-05
   5.2600000e+02   0.0000000e+00   5.9023222e-05
   5.2700000e+02   0.0000000e+00   5.8452828e-05
   5.2800000e+02   0.0000000e+00   5.7887945e-05
   5.2900000e+02   0.0000000e+00   5.7328522e-05
   5.3000000e+02   0.0000000e+00   5.6774505e-05
   5.3100000e+02   0.0000000e+00   5.6225842e-05
   5.3200000e+02   0.0000000e+00   5.5682481e-05
   5.3300000e+02   0.0000000e+00   5.5144371e-05
   5.3400000e+02   0.0000000e+00   5.4611461e-05
   5.3500000e+02   0.0000000e+00   5.4083702e-05
   5.3600000e+02   0.0000000e+00   5.3561042e-05
   5.3700000e+02   0.0000000e+00   5.3043434e-05
   5.3800000e+02   0.0000000e+00   5.2530827e-05
   5.3900000e+02   0.0000000e+00   5.2023175e-05
   5.4000000e+02   0.0000000e+00   5.1520428e-05
   5.4100000e+02   0.0000000e+00   5.1022540e-05
   5.4200000e+02   0.0000000e+00   5.0529463e-05
   5.4300000e+02   0.0000000e+00   5.0041151e-05
   5.4400000e+02   0.0000000e+00   4.9557559e-05
   5.4500000e+02   0.0000000e+00   4.9078639e-05
   5.4600000e+02   0.0000000e+00   4.8604348e-05
   5.4700000e+02   0.0000000e+00   4.8134641e-05
   5.4800000e+02   1.0000000e+00   4.7669472e-05
   5.4900000e+02   0.0000000e+00   4.7208799e-05
   5.5000000e+02   0.0000000e+00   4.6752578e-05
   5.5100000e+02   0.0000000e+00   4.6300766e-05
   5.5200000e+02   0.0000000e+00   4.5853320e-05
   5.5300000e+02   0.0000000e+00   4.5410198e-05
   5.5400000e+02   0.0000000e+00   4.4971359e-05
   5.5500000e+02   0.0000000e+00   4.4536760e-05
   5.5600000e+02   0.0000000e+00   4.4106361e-05
   5.5700000e+02   0.0000000e+00   4.3680122e-05
   5.5800000e+02   0.0000000e+00   4.3258001e-05
   5.5900000e+02   0.0000000e+00   4.2839960e-05
   5.6000000e+02   0.0000000e+00   4.2425959e-05
   5.6100000e+02   0.0000000e+00   4.2015959e-05
   5.6200000e+02   0.0000000e+00   4.1609921e-05
   5.6300000e+02   0.0000000e+00   4.1207807e-05
   5.6400000e+02   0.0000000e+00   4.0809579e-05
   5.6500000e+02   0.0000000e+00   4.0415199e-05
   5.6600000e+02   0.0000000e+00   4.0024631e-05
   5.6700000e+02   0.0000000e+00   3.9637837e-05
   5.6800000e+02   0.0000000e+00   3.9254781e-05
   5.6900000e+02   0.0000000e+00   3.8875426e-05
   5.7000000e+02   0.0000000e+00   3.8499738e-05
   5.7100000e+02   0.0000000e+00   3.8127680e-05
   5.7200000e+02   0.0000000e+00   3.7759218e-05
   5.7300000e+02   0.0000000e+00   3.7394317e-05
   5.7400000e+02   0.0000000e+00   3.7032942e-05
   5.7500000e+02   0.0000000e+00   3.6675059e-05
   5.7600000e+02   0.0000000e+00   3.6320635e-05
   5.7700000e+02   0.0000000e+00   3.5969636e-05
   5.7800000e+02   0.0000000e+00   3.5622029e-05
   5.7900000e+02   0.0000000e+00   3.5277782e-05
   5.8000000e+02   0.0000000e+00   3.4936861e-05
   5.8100000e+02   0.0000000e+00   3.4599234e-05
   5.8200000e+02   0.0000000e+00   3.4264871e-05
   5.8300000e+02   0.0000000e+00   3.3933739e-05
   5.8400000e+02   0.0000000e+00   3.3605806e-05
   5.8500000e+02   0.0000000e+00   3.3281043e-05
   5.8600000e+02   0.0000000e+00   3.2959419e-05
   5.8700000e+02   0.0000000e+00   3.2640902e-05
   5.8800000e+02   0.0000000e+00   3.2325464e-05
   5.8900000e+02   0.0000000e+00   3.2013074e-05
   5.9000000e+02   0.0000000e+00   3.1703703e-05
   5.9100000e+02   0.0000000e+00   3.1397321e-05
   5.9200000e+02   0.0000000e+00   3.1093901e-05
   5.9300000e+02   0.0000000e+00   3.0793412e-05
   5.9400000e+02   0.0000000e+00   3.0495828e-05
   5.9500000e+02   0.0000000e+00   3.0201119e-05
   5.9600000e+02   0.0000000e+00   2.9909259e-05
   5.9700000e+02   0.0000000e+00   2.9620218e-05
   5.9800000e+02   1.0000000e+00   2.9333972e-05
