   1.0000000e+00   1.4000000e+01   1.4062302e-02
   2.0000000e+00   8.0000000e+00   1.3784726e-02
   3.0000000e+00   8.0000000e+00   1.3513067e-02
   4.0000000e+00   6.0000000e+00   1.3247198e-02
   5.0000000e+00   7.0000000e+00   1.2986994e-02
   6.0000000e+00   9.0000000e+00   1.2732331e-02
   7.0000000e+00   1.2000000e+01   1.2483091e-02
   8.0000000e+00   5.0000000e+00   1.2239157e-02
   9.0000000e+00   7.0000000e+00   1.2000412e-02
   1.0000000e+01   1.1000000e+01   1.1766747e-02
   1.1000000e+01   7.0000000e+00   1.1538050e-02
   1.2000000e+01   8.0000000e+00   1.1314214e-02
   1.3000000e+01   3.0000000e+00   1.1095135e-02
   1.4000000e+01   8.0000000e+00   1.0880710e-02
   1.5000000e+01   6.0000000e+00   1.0670838e-02
   1.6000000e+01   1.0000000e+01   1.0465421e-02
   1.7000000e+01   9.0000000e+00   1.0264362e-02
   1.8000000e+01   4.0000000e+00   1.0067568e-02
   1.9000000e+01   3.0000000e+00   9.8749473e-03
   2.0000000e+01   8.0000000e+00   9.6864085e-03
   2.1000000e+01   7.0000000e+00   9.5018642e-03
   2.2000000e+01   7.0000000e+00   9.3212279e-03
   2.3000000e+01   8.0000000e+00   9.1444154e-03
   2.4000000e+01   8.0000000e+00   8.9713442e-03
   2.5000000e+01   3.0000000e+00   8.8019335e-03
   2.6000000e+01   4.0000000e+00   8.6361042e-03
   2.7000000e+01   7.0000000e+00   8.4737793e-03
   2.8000000e+01   7.0000000e+00   8.3148829e-03
   2.9000000e+01   1.0000000e+01   8.1593412e-03
   3.0000000e+01   6.0000000e+00   8.0070819e-03
   3.1000000e+01   7.0000000e+00   7.8580339e-03
   3.2000000e+01   4.0000000e+00   7.7121282e-03
   3.3000000e+01   8.0000000e+00   7.5692970e-03
   3.4000000e+01   7.0000000e+00   7.4294739e-03
   3.5000000e+01   3.0000000e+00   7.2925941e-03
   3.6000000e+01   8.0000000e+00   7.1585941e-03
   3.7000000e+01   3.0000000e+00   7.0274118e-03
   3.8000000e+01   5.0000000e+00   6.8989865e-03
   3.9000000e+01   4.0000000e+00   6.7732588e-03
   4.0000000e+01   3.0000000e+00   6.6501704e-03
   4.1000000e+01   4.0000000e+00   6.5296646e-03
   4.2000000e+01   3.0000000e+00   6.4116857e-03
   4.3000000e+01   0.0000000e+00   6.2961791e-03
   4.4000000e+01   6.0000000e+00   6.1830918e-03
   4.5000000e+01   5.0000000e+00   6.0723715e-03
   4.6000000e+01   4.0000000e+00   5.9639672e-03
   4.7000000e+01   4.0000000e+00   5.8578291e-03
   4.8000000e+01   5.0000000e+00   5.7539083e-03
   4.9000000e+01   5.0000000e+00   5.6521572e-03
   5.0000000e+01   3.0000000e+00   5.5525289e-03
   5.1000000e+01   4.0000000e+00   5.4549779e-03
   5.2000000e+01   2.0000000e+00   5.3594593e-03
   5.3000000e+01   4.0000000e+00   5.2659295e-03
   5.4000000e+01   4.0000000e+00   5.1743455e-03
   5.5000000e+01   5.0000000e+00   5.0846657e-03
   5.6000000e+01   4.0000000e+00   4.9968489e-03
   5.7000000e+01   1.0000000e+00   4.9108551e-03
   5.8000000e+01   2.0000000e+00   4.8266451e-03
   5.9000000e+01   2.0000000e+00   4.7441806e-03
   6.0000000e+01   3.0000000e+00   4.6634239e-03
   6.1000000e+01   3.0000000e+00   4.5843384e-03
   6.2000000e+01   5.0000000e+00   4.5068882e-03
   6.3000000e+01   1.0000000e+00   4.4310380e-03
   6.4000000e+01   1.0000000e+00   4.3567535e-03
   6.5000000e+01   1.0000000e+00   4.2840011e-03
   6.6000000e+01   2.0000000e+00   4.2127479e-03
   6.7000000e+01   2.0000000e+00   4.1429615e-03
   6.8000000e+01   0.0000000e+00   4.0746106e-03
   6.9000000e+01   4.0000000e+00   4.0076643e-03
   7.0000000e+01   2.0000000e+00   3.9420924e-03
   7.1000000e+01   2.0000000e+00   3.8778654e-03
   7.2000000e+01   3.0000000e+00   3.8149545e-03
   7.3000000e+01   3.0000000e+00   3.7533314e-03
   7.4000000e+01   3.0000000e+00   3.6929685e-03
   7.5000000e+01   6.0000000e+00   3.6338388e-03
   7.6000000e+01   1.0000000e+00   3.5759157e-03
   7.7000000e+01   4.0000000e+00   3.5191734e-03
   7.8000000e+01   4.0000000e+00   3.4635866e-03
   7.9000000e+01   4.0000000e+00   3.4091306e-03
   8.0000000e+01   2.0000000e+00   3.3557810e-03
   8.1000000e+01   5.0000000e+00   3.3035142e-03
   8.2000000e+01   1.0000000e+00   3.2523070e-03
   8.3000000e+01   4.0000000e+00   3.2021366e-03
   8.4000000e+01   3.0000000e+00   3.1529809e-03
   8.5000000e+01   1.0000000e+00   3.1048182e-03
   8.6000000e+01   2.0000000e+00   3.0576272e-03
   8.7000000e+01   2.0000000e+00   3.0113870e-03
   8.8000000e+01   2.0000000e+00   2.9660774e-03
   8.9000000e+01   1.0000000e+00   2.9216784e-03
   9.0000000e+01   3.0000000e+00   2.8781706e-03
   9.1000000e+01   5.0000000e+00   2.8355348e-03
   9.2000000e+01   4.0000000e+00   2.7937526e-03
   9.3000000e+01   1.0000000e+00   2.7528055e-03
   9.4000000e+01   0.0000000e+00   2.7126759e-03
   9.5000000e+01   0.0000000e+00   2.6733461e-03
   9.6000000e+01   1.0000000e+00   2.6347992e-03
   9.7000000e+01   3.0000000e+00   2.5970184e-03
   9.8000000e+01   2.0000000e+00   2.5599873e-03
   9.9000000e+01   2.0000000e+00   2.5236900e-03
   1.0000000e+02   2.0000000e+00   2.4881109e-03
   1.0100000e+02   3.0000000e+00   2.4532345e-03
   1.0200000e+02   1.0000000e+00   2.4190459e-03
   1.0300000e+02   1.0000000e+00   2.3855305e-03
   1.0400000e+02   1.0000000e+00   2.3526738e-03
   1.0500000e+02   0.0000000e+00   2.3204620e-03
   1.0600000e+02   2.0000000e+00   2.2888812e-03
   1.0700000e+02   1.0000000e+00   2.2579180e-03
   1.0800000e+02   1.0000000e+00   2.2275592e-03
   1.0900000e+02   4.0000000e+00   2.1977921e-03
   1.1000000e+02   1.0000000e+00   2.1686040e-03
   1.1100000e+02   1.0000000e+00   2.1399826e-03
   1.1200000e+02   1.0000000e+00   2.1119158e-03
   1.1300000e+02   0.0000000e+00   2.0843920e-03
   1.1400000e+02   3.0000000e+00   2.0573995e-03
   1.1500000e+02   2.0000000e+00   2.0309270e-03
   1.1600000e+02   1.0000000e+00   2.0049636e-03
   1.1700000e+02   0.0000000e+00   1.9794985e-03
   1.1800000e+02   2.0000000e+00   1.9545210e-03
   1.1900000e+02   1.0000000e+00   1.9300208e-03
   1.2000000e+02   1.0000000e+00   1.9059879e-03
   1.2100000e+02   0.0000000e+00   1.8824123e-03
   1.2200000e+02   1.0000000e+00   1.8592843e-03
   1.2300000e+02   2.0000000e+00   1.8365945e-03
   1.2400000e+02   2.0000000e+00   1.8143336e-03
   1.2500000e+02   1.0000000e+00   1.7924925e-03
   1.2600000e+02   1.0000000e+00   1.7710623e-03
   1.2700000e+02   1.0000000e+00   1.7500345e-03
   1.2800000e+02   0.0000000e+00   1.7294004e-03
   1.2900000e+02   1.0000000e+00   1.7091518e-03
   1.3000000e+02   2.0000000e+00   1.6892805e-03
   1.3100000e+02   1.0000000e+00   1.6697786e-03
   1.3200000e+02   2.0000000e+00   1.6506383e-03
   1.3300000e+02   3.0000000e+00   1.6318519e-03
   1.3400000e+02   0.0000000e+00   1.6134121e-03
   1.3500000e+02   2.0000000e+00   1.5953115e-03
   1.3600000e+02   2.0000000e+00   1.5775430e-03
   1.3700000e+02   0.0000000e+00   1.5600996e-03
   1.3800000e+02   0.0000000e+00   1.5429745e-03
   1.3900000e+02   1.0000000e+00   1.5261611e-03
   1.4000000e+02   1.0000000e+00   1.5096526e-03
   1.4100000e+02   1.0000000e+00   1.4934428e-03
   1.4200000e+02   3.0000000e+00   1.4775255e-03
   1.4300000e+02   2.0000000e+00   1.4618944e-03
   1.4400000e+02   2.0000000e+00   1.4465436e-03
   1.4500000e+02   3.0000000e+00   1.4314672e-03
   1.4600000e+02   2.0000000e+00   1.4166595e-03
   1.4700000e+02   1.0000000e+00   1.4021148e-03
   1.4800000e+02   0.0000000e+00   1.3878277e-03
   1.4900000e+02   0.0000000e+00   1.3737928e-03
   1.5000000e+02   2.0000000e+00   1.3600049e-03
   1.5100000e+02   0.0000000e+00   1.3464587e-03
   1.5200000e+02   2.0000000e+00   1.3331493e-03
   1.5300000e+02   1.0000000e+00   1.3200718e-03
   1.5400000e+02   0.0000000e+00   1.3072212e-03
   1.5500000e+02   0.0000000e+00   1.2945929e-03
   1.5600000e+02   0.0000000e+00   1.2821823e-03
   1.5700000e+02   0.0000000e+00   1.2699848e-03
   1.5800000e+02   2.0000000e+00   1.2579961e-03
   1.5900000e+02   1.0000000e+00   1.2462118e-03
   1.6000000e+02   1.0000000e+00   1.2346277e-03
   1.6100000e+02   0.0000000e+00   1.2232396e-03
   1.6200000e+02   1.0000000e+00   1.2120434e-03
   1.6300000e+02   0.0000000e+00   1.2010354e-03
   1.6400000e+02   0.0000000e+00   1.1902114e-03
   1.6500000e+02   0.0000000e+00   1.1795678e-03
   1.6600000e+02   0.0000000e+00   1.1691009e-03
   1.6700000e+02   0.0000000e+00   1.1588069e-03
   1.6800000e+02   0.0000000e+00   1.1486824e-03
   1.6900000e+02   1.0000000e+00   1.1387238e-03
   1.7000000e+02   0.0000000e+00   1.1289278e-03
   1.7100000e+02   1.0000000e+00   1.1192910e-03
   1.7200000e+02   0.0000000e+00   1.1098102e-03
   1.7300000e+02   0.0000000e+00   1.1004821e-03
   1.7400000e+02   0.0000000e+00   1.0913037e-03
   1.7500000e+02   1.0000000e+00   1.0822719e-03
   1.7600000e+02   0.0000000e+00   1.0733837e-03
   1.7700000e+02   2.0000000e+00   1.0646362e-03
   1.7800000e+02   1.0000000e+00   1.0560265e-03
   1.7900000e+02   0.0000000e+00   1.0475518e-03
   1.8000000e+02   0.0000000e+00   1.0392094e-03
   1.8100000e+02   2.0000000e+00   1.0309966e-03
   1.8200000e+02   1.0000000e+00   1.0229107e-03
   1.8300000e+02   0.0000000e+00   1.0149492e-03
   1.8400000e+02   1.0000000e+00   1.0071096e-03
   1.8500000e+02   0.0000000e+00   9.9938945e-04
   1.8600000e+02   2.0000000e+00   9.9178629e-04
   1.8700000e+02   0.0000000e+00   9.8429779e-04
   1.8800000e+02   2.0000000e+00   9.7692164e-04
   1.8900000e+02   1.0000000e+00   9.6965559e-04
   1.9000000e+02   1.0000000e+00   9.6249742e-04
   1.9100000e+02   0.0000000e+00   9.5544497e-04
   1.9200000e+02   1.0000000e+00   9.4849614e-04
   1.9300000e+02   1.0000000e+00   9.4164885e-04
   1.9400000e+02   0.0000000e+00   9.3490107e-04
   1.9500000e+02   0.0000000e+00   9.2825083e-04
   1.9600000e+02   0.0000000e+00   9.2169618e-04
   1.9700000e+02   0.0000000e+00   9.1523523e-04
   1.9800000e+02   1.0000000e+00   9.0886612e-04
   1.9900000e+02   0.0000000e+00   9.0258703e-04
   2.0000000e+02   0.0000000e+00   8.9639617e-04
   2.0100000e+02   3.0000000e+00   8.9029182e-04
   2.0200000e+02   0.0000000e+00   8.8427226e-04
   2.0300000e+02   1.0000000e+00   8.7833583e-04
   2.0400000e+02   0.0000000e+00   8.7248089e-04
   2.0500000e+02   1.0000000e+00   8.6670584e-04
   2.0600000e+02   1.0000000e+00   8.6100913e-04
   2.0700000e+02   0.0000000e+00   8.5538923e-04
   2.0800000e+02   0.0000000e+00   8.4984462e-04
   2.0900000e+02   1.0000000e+00   8.4437386e-04
   2.1000000e+02   0.0000000e+00   8.3897550e-04
   2.1100000e+02   1.0000000e+00   8.3364814e-04
   2.1200000e+02   0.0000000e+00   8.2839040e-04
   2.1300000e+02   3.0000000e+00   8.2320094e-04
   2.1400000e+02   2.0000000e+00   8.1807845e-04
   2.1500000e+02   0.0000000e+00   8.1302163e-04
   2.1600000e+02   0.0000000e+00   8.0802922e-04
   2.1700000e+02   0.0000000e+00   8.0309999e-04
   2.1800000e+02   2.0000000e+00   7.9823274e-04
   2.1900000e+02   1.0000000e+00   7.9342626e-04
   2.2000000e+02   1.0000000e+00   7.8867942e-04
   2.2100000e+02   0.0000000e+00   7.8399107e-04
   2.2200000e+02   0.0000000e+00   7.7936011e-04
   2.2300000e+02   0.0000000e+00   7.7478545e-04
   2.2400000e+02   0.0000000e+00   7.7026602e-04
   2.2500000e+02   0.0000000e+00   7.6580080e-04
   2.2600000e+02   1.0000000e+00   7.6138875e-04
   2.2700000e+02   1.0000000e+00   7.5702888e-04
   2.2800000e+02   1.0000000e+00   7.5272022e-04
   2.2900000e+02   0.0000000e+00   7.4846181e-04
   2.3000000e+02   0.0000000e+00   7.4425272e-04
   2.3100000e+02   1.0000000e+00   7.4009202e-04
   2.3200000e+02   1.0000000e+00   7.3597883e-04
   2.3300000e+02   0.0000000e+00   7.3191227e-04
   2.3400000e+02   1.0000000e+00   7.2789148e-04
   2.3500000e+02   0.0000000e+00   7.2391561e-04
   2.3600000e+02   0.0000000e+00   7.1998384e-04
   2.3700000e+02   0.0000000e+00   7.1609538e-04
   2.3800000e+02   1.0000000e+00   7.1224942e-04
   2.3900000e+02   0.0000000e+00   7.0844521e-04
   2.4000000e+02   1.0000000e+00   7.0468197e-04
   2.4100000e+02   1.0000000e+00   7.0095897e-04
   2.4200000e+02   1.0000000e+00   6.9727549e-04
   2.4300000e+02   0.0000000e+00   6.9363082e-04
   2.4400000e+02   1.0000000e+00   6.9002426e-04
   2.4500000e+02   0.0000000e+00   6.8645513e-04
   2.4600000e+02   1.0000000e+00   6.8292277e-04
   2.4700000e+02   1.0000000e+00   6.7942653e-04
   2.4800000e+02   1.0000000e+00   6.7596575e-04
   2.4900000e+02   0.0000000e+00   6.7253983e-04
   2.5000000e+02   0.0000000e+00   6.6914815e-04
   2.5100000e+02   0.0000000e+00   6.6579011e-04
   2.5200000e+02   0.0000000e+00   6.6246512e-04
   2.5300000e+02   1.0000000e+00   6.5917260e-04
   2.5400000e+02   0.0000000e+00   6.5591201e-04
   2.5500000e+02   0.0000000e+00   6.5268277e-04
   2.5600000e+02   0.0000000e+00   6.4948436e-04
   2.5700000e+02   0.0000000e+00   6.4631625e-04
   2.5800000e+02   0.0000000e+00   6.4317792e-04
   2.5900000e+02   0.0000000e+00   6.4006886e-04
   2.6000000e+02   1.0000000e+00   6.3698857e-04
   2.6100000e+02   0.0000000e+00   6.3393658e-04
   2.6200000e+02   0.0000000e+00   6.3091240e-04
   2.6300000e+02   0.0000000e+00   6.2791557e-04
   2.6400000e+02   0.0000000e+00   6.2494562e-04
   2.6500000e+02   0.0000000e+00   6.2200213e-04
   2.6600000e+02   0.0000000e+00   6.1908464e-04
   2.6700000e+02   0.0000000e+00   6.1619273e-04
   2.6800000e+02   0.0000000e+00   6.1332597e-04
   2.6900000e+02   0.0000000e+00   6.1048397e-04
   2.7000000e+02   0.0000000e+00   6.0766630e-04
   2.7100000e+02   0.0000000e+00   6.0487259e-04
   2.7200000e+02   0.0000000e+00   6.0210243e-04
   2.7300000e+02   0.0000000e+00   5.9935546e-04
   2.7400000e+02   0.0000000e+00   5.9663130e-04
   2.7500000e+02   0.0000000e+00   5.9392959e-04
   2.7600000e+02   1.0000000e+00   5.9124998e-04
   2.7700000e+02   0.0000000e+00   5.8859210e-04
   2.7800000e+02   1.0000000e+00   5.8595563e-04
   2.7900000e+02   0.0000000e+00   5.8334023e-04
   2.8000000e+02   0.0000000e+00   5.8074557e-04
   2.8100000e+02   1.0000000e+00   5.7817132e-04
   2.8200000e+02   1.0000000e+00   5.7561718e-04
   2.8300000e+02   2.0000000e+00   5.7308284e-04
   2.8400000e+02   1.0000000e+00   5.7056798e-04
   2.8500000e+02   0.0000000e+00   5.6807233e-04
   2.8600000e+02   0.0000000e+00   5.6559558e-04
   2.8700000e+02   1.0000000e+00   5.6313745e-04
   2.8800000e+02   1.0000000e+00   5.6069767e-04
   2.8900000e+02   0.0000000e+00   5.5827595e-04
   2.9000000e+02   1.0000000e+00   5.5587204e-04
   2.9100000e+02   0.0000000e+00   5.5348567e-04
   2.9200000e+02   1.0000000e+00   5.5111659e-04
   2.9300000e+02   0.0000000e+00   5.4876454e-04
   2.9400000e+02   1.0000000e+00   5.4642927e-04
   2.9500000e+02   0.0000000e+00   5.4411055e-04
   2.9600000e+02   1.0000000e+00   5.4180813e-04
   2.9700000e+02   0.0000000e+00   5.3952179e-04
   2.9800000e+02   1.0000000e+00   5.3725129e-04
   2.9900000e+02   0.0000000e+00   5.3499642e-04
   3.0000000e+02   0.0000000e+00   5.3275695e-04
   3.0100000e+02   0.0000000e+00   5.3053267e-04
   3.0200000e+02   0.0000000e+00   5.2832337e-04
   3.0300000e+02   0.0000000e+00   5.2612885e-04
   3.0400000e+02   0.0000000e+00   5.2394889e-04
   3.0500000e+02   1.0000000e+00   5.2178331e-04
   3.0600000e+02   0.0000000e+00   5.1963191e-04
   3.0700000e+02   0.0000000e+00   5.1749449e-04
   3.0800000e+02   2.0000000e+00   5.1537088e-04
   3.0900000e+02   1.0000000e+00   5.1326088e-04
   3.1000000e+02   1.0000000e+00   5.1116432e-04
   3.1100000e+02   0.0000000e+00   5.0908103e-04
   3.1200000e+02   0.0000000e+00   5.0701083e-04
   3.1300000e+02   0.0000000e+00   5.0495354e-04
   3.1400000e+02   0.0000000e+00   5.0290901e-04
   3.1500000e+02   1.0000000e+00   5.0087707e-04
   3.1600000e+02   0.0000000e+00   4.9885757e-04
   3.1700000e+02   1.0000000e+00   4.9685033e-04
   3.1800000e+02   0.0000000e+00   4.9485522e-04
   3.1900000e+02   0.0000000e+00   4.9287208e-04
   3.2000000e+02   0.0000000e+00   4.9090076e-04
   3.2100000e+02   0.0000000e+00   4.8894112e-04
   3.2200000e+02   0.0000000e+00   4.8699301e-04
   3.2300000e+02   0.0000000e+00   4.8505630e-04
   3.2400000e+02   0.0000000e+00   4.8313085e-04
   3.2500000e+02   1.0000000e+00   4.8121652e-04
   3.2600000e+02   1.0000000e+00   4.7931318e-04
   3.2700000e+02   1.0000000e+00   4.7742070e-04
   3.2800000e+02   0.0000000e+00   4.7553896e-04
   3.2900000e+02   0.0000000e+00   4.7366783e-04
   3.3000000e+02   0.0000000e+00   4.7180719e-04
   3.3100000e+02   0.0000000e+00   4.6995691e-04
   3.3200000e+02   0.0000000e+00   4.6811688e-04
   3.3300000e+02   0.0000000e+00   4.6628699e-04
   3.3400000e+02   0.0000000e+00   4.6446712e-04
   3.3500000e+02   1.0000000e+00   4.6265716e-04
   3.3600000e+02   0.0000000e+00   4.6085699e-04
   3.3700000e+02   0.0000000e+00   4.5906652e-04
   3.3800000e+02   0.0000000e+00   4.5728564e-04
   3.3900000e+02   0.0000000e+00   4.5551424e-04
   3.4000000e+02   0.0000000e+00   4.5375222e-04
   3.4100000e+02   0.0000000e+00   4.5199948e-04
   3.4200000e+02   0.0000000e+00   4.5025592e-04
   3.4300000e+02   1.0000000e+00   4.4852145e-04
   3.4400000e+02   0.0000000e+00   4.4679597e-04
   3.4500000e+02   0.0000000e+00   4.4507940e-04
   3.4600000e+02   1.0000000e+00   4.4337163e-04
   3.4700000e+02   0.0000000e+00   4.4167258e-04
   3.4800000e+02   0.0000000e+00   4.3998215e-04
   3.4900000e+02   1.0000000e+00   4.3830028e-04
   3.5000000e+02   0.0000000e+00   4.3662686e-04
   3.5100000e+02   0.0000000e+00   4.3496181e-04
   3.5200000e+02   0.0000000e+00   4.3330506e-04
   3.5300000e+02   0.0000000e+00   4.3165652e-04
   3.5400000e+02   0.0000000e+00   4.3001612e-04
   3.5500000e+02   0.0000000e+00   4.2838377e-04
   3.5600000e+02   0.0000000e+00   4.2675940e-04
   3.5700000e+02   1.0000000e+00   4.2514293e-04
   3.5800000e+02   1.0000000e+00   4.2353429e-04
   3.5900000e+02   0.0000000e+00   4.2193341e-04
   3.6000000e+02   0.0000000e+00   4.2034021e-04
   3.6100000e+02   0.0000000e+00   4.1875463e-04
   3.6200000e+02   0.0000000e+00   4.1717659e-04
   3.6300000e+02   0.0000000e+00   4.1560603e-04
   3.6400000e+02   0.0000000e+00   4.1404289e-04
   3.6500000e+02   0.0000000e+00   4.1248708e-04
   3.6600000e+02   0.0000000e+00   4.1093856e-04
   3.6700000e+02   1.0000000e+00   4.0939726e-04
   3.6800000e+02   0.0000000e+00   4.0786311e-04
   3.6900000e+02   1.0000000e+00   4.0633605e-04
   3.7000000e+02   1.0000000e+00   4.0481603e-04
   3.7100000e+02   0.0000000e+00   4.0330298e-04
   3.7200000e+02   1.0000000e+00   4.0179685e-04
   3.7300000e+02   0.0000000e+00   4.0029757e-04
   3.7400000e+02   0.0000000e+00   3.9880509e-04
   3.7500000e+02   1.0000000e+00   3.9731935e-04
   3.7600000e+02   0.0000000e+00   3.9584031e-04
   3.7700000e+02   1.0000000e+00   3.9436790e-04
   3.7800000e+02   0.0000000e+00   3.9290207e-04
   3.7900000e+02   0.0000000e+00   3.9144278e-04
   3.8000000e+02   0.0000000e+00   3.8998996e-04
   3.8100000e+02   0.0000000e+00   3.8854357e-04
   3.8200000e+02   1.0000000e+00   3.8710356e-04
   3.8300000e+02   0.0000000e+00   3.8566987e-04
   3.8400000e+02   0.0000000e+00   3.8424247e-04
   3.8500000e+02   0.0000000e+00   3.8282130e-04
   3.8600000e+02   1.0000000e+00   3.8140631e-04
   3.8700000e+02   0.0000000e+00   3.7999746e-04
   3.8800000e+02   1.0000000e+00   3.7859471e-04
   3.8900000e+02   0.0000000e+00   3.7719800e-04
   3.9000000e+02   0.0000000e+00   3.7580730e-04
   3.9100000e+02   0.0000000e+00   3.7442255e-04
   3.9200000e+02   0.0000000e+00   3.7304373e-04
   3.9300000e+02   0.0000000e+00   3.7167078e-04
   3.9400000e+02   0.0000000e+00   3.7030366e-04
   3.9500000e+02   0.0000000e+00   3.6894234e-04
   3.9600000e+02   0.0000000e+00   3.6758677e-04
   3.9700000e+02   0.0000000e+00   3.6623691e-04
   3.9800000e+02   0.0000000e+00   3.6489272e-04
   3.9900000e+02   0.0000000e+00   3.6355416e-04
   4.0000000e+02   0.0000000e+00   3.6222120e-04
   4.0100000e+02   0.0000000e+00   3.6089380e-04
   4.0200000e+02   0.0000000e+00   3.5957191e-04
   4.0300000e+02   0.0000000e+00   3.5825551e-04
   4.0400000e+02   0.0000000e+00   3.5694456e-04
   4.0500000e+02   0.0000000e+00   3.5563902e-04
   4.0600000e+02   0.0000000e+00   3.5433885e-04
   4.0700000e+02   0.0000000e+00   3.5304403e-04
   4.0800000e+02   0.0000000e+00   3.5175451e-04
   4.0900000e+02   0.0000000e+00   3.5047026e-04
   4.1000000e+02   0.0000000e+00   3.4919125e-04
   4.1100000e+02   0.0000000e+00   3.4791745e-04
   4.1200000e+02   0.0000000e+00   3.4664882e-04
   4.1300000e+02   0.0000000e+00   3.4538534e-04
   4.1400000e+02   0.0000000e+00   3.4412696e-04
   4.1500000e+02   0.0000000e+00   3.4287367e-04
   4.1600000e+02   0.0000000e+00   3.4162542e-04
   4.1700000e+02   0.0000000e+00   3.4038218e-04
   4.1800000e+02   0.0000000e+00   3.3914393e-04
   4.1900000e+02   0.0000000e+00   3.3791065e-04
   4.2000000e+02   0.0000000e+00   3.3668228e-04
   4.2100000e+02   0.0000000e+00   3.3545882e-04
   4.2200000e+02   0.0000000e+00   3.3424022e-04
   4.2300000e+02   0.0000000e+00   3.3302647e-04
   4.2400000e+02   1.0000000e+00   3.3181753e-04
   4.2500000e+02   0.0000000e+00   3.3061338e-04
   4.2600000e+02   0.0000000e+00   3.2941398e-04
   4.2700000e+02   0.0000000e+00   3.2821931e-04
   4.2800000e+02   1.0000000e+00   3.2702935e-04
   4.2900000e+02   0.0000000e+00   3.2584407e-04
   4.3000000e+02   0.0000000e+00   3.2466344e-04
   4.3100000e+02   1.0000000e+00   3.2348743e-04
   4.3200000e+02   0.0000000e+00   3.2231602e-04
   4.3300000e+02   0.0000000e+00   3.2114919e-04
   4.3400000e+02   0.0000000e+00   3.1998691e-04
   4.3500000e+02   0.0000000e+00   3.1882916e-04
   4.3600000e+02   1.0000000e+00   3.1767590e-04
   4.3700000e+02   0.0000000e+00   3.1652713e-04
   4.3800000e+02   0.0000000e+00   3.1538280e-04
   4.3900000e+02   0.0000000e+00   3.1424291e-04
   4.4000000e+02   0.0000000e+00   3.1310742e-04
   4.4100000e+02   0.0000000e+00   3.1197631e-04
   4.4200000e+02   0.0000000e+00   3.1084956e-04
   4.4300000e+02   0.0000000e+00   3.0972715e-04
   4.4400000e+02   2.0000000e+00   3.0860906e-04
   4.4500000e+02   0.0000000e+00   3.0749526e-04
   4.4600000e+02   0.0000000e+00   3.0638572e-04
   4.4700000e+02   1.0000000e+00   3.0528044e-04
   4.4800000e+02   0.0000000e+00   3.0417939e-04
   4.4900000e+02   0.0000000e+00   3.0308254e-04
   4.5000000e+02   0.0000000e+00   3.0198987e-04
   4.5100000e+02   0.0000000e+00   3.0090137e-04
   4.5200000e+02   1.0000000e+00   2.9981701e-04
   4.5300000e+02   1.0000000e+00   2.9873678e-04
   4.5400000e+02   0.0000000e+00   2.9766065e-04
   4.5500000e+02   0.0000000e+00   2.9658860e-04
   4.5600000e+02   0.0000000e+00   2.9552061e-04
   4.5700000e+02   0.0000000e+00   2.9445667e-04
   4.5800000e+02   0.0000000e+00   2.9339675e-04
   4.5900000e+02   0.0000000e+00   2.9234083e-04
   4.6000000e+02   0.0000000e+00   2.9128890e-04
   4.6100000e+02   2.0000000e+00   2.9024094e-04
   4.6200000e+02   0.0000000e+00   2.8919692e-04
   4.6300000e+02   0.0000000e+00   2.8815683e-04
   4.6400000e+02   0.0000000e+00   2.8712065e-04
   4.6500000e+02   0.0000000e+00   2.8608836e-04
   4.6600000e+02   1.0000000e+00   2.8505994e-04
   4.6700000e+02   0.0000000e+00   2.8403538e-04
   4.6800000e+02   0.0000000e+00   2.8301466e-04
   4.6900000e+02   0.0000000e+00   2.8199776e-04
   4.7000000e+02   1.0000000e+00   2.8098466e-04
   4.7100000e+02   0.0000000e+00   2.7997534e-04
   4.7200000e+02   0.0000000e+00   2.7896979e-04
   4.7300000e+02   1.0000000e+00   2.7796800e-04
   4.7400000e+02   0.0000000e+00   2.7696993e-04
   4.7500000e+02   0.0000000e+00   2.7597558e-04
   4.7600000e+02   0.0000000e+00   2.7498494e-04
   4.7700000e+02   1.0000000e+00   2.7399797e-04
   4.7800000e+02   0.0000000e+00   2.7301467e-04
   4.7900000e+02   0.0000000e+00   2.7203503e-04
   4.8000000e+02   0.0000000e+00   2.7105902e-04
   4.8100000e+02   0.0000000e+00   2.7008662e-04
   4.8200000e+02   0.0000000e+00   2.6911783e-04
   4.8300000e+02   0.0000000e+00   2.6815263e-04
   4.8400000e+02   1.0000000e+00   2.6719099e-04
   4.8500000e+02   0.0000000e+00   2.6623291e-04
   4.8600000e+02   0.0000000e+00   2.6527837e-04
   4.8700000e+02   0.0000000e+00   2.6432736e-04
   4.8800000e+02   0.0000000e+00   2.6337986e-04
   4.8900000e+02   0.0000000e+00   2.6243585e-04
   4.9000000e+02   0.0000000e+00   2.6149532e-04
   4.9100000e+02   0.0000000e+00   2.6055825e-04
   4.9200000e+02   0.0000000e+00   2.5962463e-04
   4.9300000e+02   0.0000000e+00   2.5869445e-04
   4.9400000e+02   0.0000000e+00   2.5776769e-04
   4.9500000e+02   1.0000000e+00   2.5684434e-04
   4.9600000e+02   0.0000000e+00   2.5592437e-04
   4.9700000e+02   0.0000000e+00   2.5500779e-04
   4.9800000e+02   0.0000000e+00   2.5409456e-04
   4.9900000e+02   0.0000000e+00   2.5318469e-04
   5.0000000e+02   2.0000000e+00   2.5227815e-04
   5.0100000e+02   0.0000000e+00   2.5137493e-04
   5.0200000e+02   1.0000000e+00   2.5047502e-04
   5.0300000e+02   0.0000000e+00   2.4957840e-04
   5.0400000e+02   0.0000000e+00   2.4868507e-04
   5.0500000e+02   1.0000000e+00   2.4779500e-04
   5.0600000e+02   0.0000000e+00   2.4690818e-04
   5.0700000e+02   0.0000000e+00   2.4602460e-04
   5.0800000e+02   0.0000000e+00   2.4514425e-04
   5.0900000e+02   0.0000000e+00   2.4426711e-04
   5.1000000e+02   0.0000000e+00   2.4339318e-04
   5.1100000e+02   0.0000000e+00   2.4252243e-04
   5.1200000e+02   0.0000000e+00   2.4165485e-04
   5.1300000e+02   0.0000000e+00   2.4079044e-04
   5.1400000e+02   0.0000000e+00   2.3992917e-04
   5.1500000e+02   0.0000000e+00   2.3907104e-04
   5.1600000e+02   0.0000000e+00   2.3821604e-04
   5.1700000e+02   1.0000000e+00   2.3736414e-04
   5.1800000e+02   1.0000000e+00   2.3651535e-04
   5.1900000e+02   0.0000000e+00   2.3566964e-04
   5.2000000e+02   0.0000000e+00   2.3482700e-04
   5.2100000e+02   0.0000000e+00   2.3398742e-04
   5.2200000e+02   0.0000000e+00   2.3315090e-04
   5.2300000e+02   0.0000000e+00   2.3231741e-04
   5.2400000e+02   0.0000000e+00   2.3148695e-04
   5.2500000e+02   0.0000000e+00   2.3065950e-04
   5.2600000e+02   1.0000000e+00   2.2983505e-04
   5.2700000e+02   1.0000000e+00   2.2901359e-04
   5.2800000e+02   0.0000000e+00   2.2819510e-04
   5.2900000e+02   0.0000000e+00   2.2737959e-04
   5.3000000e+02   0.0000000e+00   2.2656703e-04
   5.3100000e+02   0.0000000e+00   2.2575741e-04
   5.3200000e+02   0.0000000e+00   2.2495072e-04
   5.3300000e+02   0.0000000e+00   2.2414695e-04
   5.3400000e+02   0.0000000e+00   2.2334609e-04
   5.3500000e+02   0.0000000e+00   2.2254813e-04
   5.3600000e+02   0.0000000e+00   2.2175305e-04
   5.3700000e+02   0.0000000e+00   2.2096085e-04
   5.3800000e+02   0.0000000e+00   2.2017152e-04
   5.3900000e+02   0.0000000e+00   2.1938503e-04
   5.4000000e+02   0.0000000e+00   2.1860139e-04
   5.4100000e+02   1.0000000e+00   2.1782057e-04
   5.4200000e+02   0.0000000e+00   2.1704258e-04
   5.4300000e+02   0.0000000e+00   2.1626739e-04
   5.4400000e+02   1.0000000e+00   2.1549501e-04
   5.4500000e+02   1.0000000e+00   2.1472541e-04
   5.4600000e+02   0.0000000e+00   2.1395858e-04
   5.4700000e+02   1.0000000e+00   2.1319453e-04
   5.4800000e+02   0.0000000e+00   2.1243323e-04
   5.4900000e+02   0.0000000e+00   2.1167467e-04
   5.5000000e+02   2.0000000e+00   2.1091885e-04
   5.5100000e+02   0.0000000e+00   2.1016575e-04
   5.5200000e+02   0.0000000e+00   2.0941536e-04
   5.5300000e+02   0.0000000e+00   2.0866768e-04
   5.5400000e+02   0.0000000e+00   2.0792269e-04
   5.5500000e+02   0.0000000e+00   2.0718039e-04
   5.5600000e+02   0.0000000e+00   2.0644076e-04
   5.5700000e+02   2.0000000e+00   2.0570379e-04
   5.5800000e+02   1.0000000e+00   2.0496947e-04
   5.5900000e+02   0.0000000e+00   2.0423779e-04
   5.6000000e+02   0.0000000e+00   2.0350875e-04
   5.6100000e+02   0.0000000e+00   2.0278233e-04
   5.6200000e+02   0.0000000e+00   2.0205852e-04
   5.6300000e+02   1.0000000e+00   2.0133732e-04
   5.6400000e+02   0.0000000e+00   2.0061871e-04
   5.6500000e+02   0.0000000e+00   1.9990268e-04
   5.6600000e+02   0.0000000e+00   1.9918923e-04
   5.6700000e+02   0.0000000e+00   1.9847834e-04
   5.6800000e+02   0.0000000e+00   1.9777000e-04
   5.6900000e+02   0.0000000e+00   1.9706421e-04
   5.7000000e+02   0.0000000e+00   1.9636095e-04
   5.7100000e+02   0.0000000e+00   1.9566023e-04
   5.7200000e+02   0.0000000e+00   1.9496201e-04
   5.7300000e+02   0.0000000e+00   1.9426631e-04
   5.7400000e+02   0.0000000e+00   1.9357310e-04
   5.7500000e+02   1.0000000e+00   1.9288238e-04
   5.7600000e+02   1.0000000e+00   1.9219414e-04
   5.7700000e+02   1.0000000e+00   1.9150837e-04
   5.7800000e+02   0.0000000e+00   1.9082506e-04
   5.7900000e+02   0.0000000e+00   1.9014420e-04
   5.8000000e+02   0.0000000e+00   1.8946579e-04
   5.8100000e+02   1.0000000e+00   1.8878981e-04
   5.8200000e+02   1.0000000e+00   1.8811625e-04
   5.8300000e+02   0.0000000e+00   1.8744511e-04
   5.8400000e+02   0.0000000e+00   1.8677637e-04
   5.8500000e+02   0.0000000e+00   1.8611004e-04
   5.8600000e+02   0.0000000e+00   1.8544609e-04
   5.8700000e+02   0.0000000e+00   1.8478452e-04
   5.8800000e+02   0.0000000e+00   1.8412533e-04
   5.8900000e+02   0.0000000e+00   1.8346849e-04
   5.9000000e+02   0.0000000e+00   1.8281401e-04
   5.9100000e+02   0.0000000e+00   1.8216188e-04
   5.9200000e+02   0.0000000e+00   1.8151208e-04
   5.9300000e+02   1.0000000e+00   1.8086461e-04
   5.9400000e+02   0.0000000e+00   1.8021946e-04
   5.9500000e+02   0.0000000e+00   1.7957662e-04
   5.9600000e+02   0.0000000e+00   1.7893608e-04
   5.9700000e+02   0.0000000e+00   1.7829784e-04
   5.9800000e+02   0.0000000e+00   1.7766188e-04
   5.9900000e+02   0.0000000e+00   1.7702820e-04
   6.0000000e+02   1.0000000e+00   1.7639679e-04
   6.0100000e+02   0.0000000e+00   1.7576763e-04
   6.0200000e+02   1.0000000e+00   1.7514073e-04
   6.0300000e+02   0.0000000e+00   1.7451608e-04
   6.0400000e+02   0.0000000e+00   1.7389366e-04
   6.0500000e+02   0.0000000e+00   1.7327347e-04
   6.0600000e+02   0.0000000e+00   1.7265550e-04
   6.0700000e+02   0.0000000e+00   1.7203973e-04
   6.0800000e+02   1.0000000e+00   1.7142618e-04
   6.0900000e+02   0.0000000e+00   1.7081481e-04
   6.1000000e+02   0.0000000e+00   1.7020564e-04
   6.1100000e+02   0.0000000e+00   1.6959864e-04
   6.1200000e+02   0.0000000e+00   1.6899382e-04
   6.1300000e+02   0.0000000e+00   1.6839116e-04
   6.1400000e+02   1.0000000e+00   1.6779065e-04
   6.1500000e+02   0.0000000e+00   1.6719229e-04
   6.1600000e+02   0.0000000e+00   1.6659607e-04
   6.1700000e+02   0.0000000e+00   1.6600199e-04
   6.1800000e+02   0.0000000e+00   1.6541003e-04
   6.1900000e+02   0.0000000e+00   1.6482018e-04
   6.2000000e+02   0.0000000e+00   1.6423245e-04
   6.2100000e+02   0.0000000e+00   1.6364681e-04
   6.2200000e+02   0.0000000e+00   1.6306327e-04
   6.2300000e+02   0.0000000e+00   1.6248181e-04
   6.2400000e+02   0.0000000e+00   1.6190244e-04
   6.2500000e+02   0.0000000e+00   1.6132513e-04
   6.2600000e+02   0.0000000e+00   1.6074989e-04
   6.2700000e+02   1.0000000e+00   1.6017670e-04
   6.2800000e+02   0.0000000e+00   1.5960556e-04
   6.2900000e+02   1.0000000e+00   1.5903647e-04
   6.3000000e+02   0.0000000e+00   1.5846940e-04
   6.3100000e+02   0.0000000e+00   1.5790437e-04
   6.3200000e+02   0.0000000e+00   1.5734135e-04
   6.3300000e+02   0.0000000e+00   1.5678034e-04
   6.3400000e+02   0.0000000e+00   1.5622134e-04
   6.3500000e+02   0.0000000e+00   1.5566433e-04
   6.3600000e+02   0.0000000e+00   1.5510932e-04
   6.3700000e+02   0.0000000e+00   1.5455629e-04
   6.3800000e+02   0.0000000e+00   1.5400523e-04
   6.3900000e+02   0.0000000e+00   1.5345614e-04
   6.4000000e+02   0.0000000e+00   1.5290902e-04
   6.4100000e+02   0.0000000e+00   1.5236384e-04
   6.4200000e+02   0.0000000e+00   1.5182062e-04
   6.4300000e+02   0.0000000e+00   1.5127933e-04
   6.4400000e+02   0.0000000e+00   1.5073998e-04
   6.4500000e+02   0.0000000e+00   1.5020255e-04
   6.4600000e+02   0.0000000e+00   1.4966705e-04
   6.4700000e+02   0.0000000e+00   1.4913345e-04
   6.4800000e+02   0.0000000e+00   1.4860176e-04
   6.4900000e+02   1.0000000e+00   1.4807197e-04
   6.5000000e+02   0.0000000e+00   1.4754407e-04
   6.5100000e+02   0.0000000e+00   1.4701806e-04
   6.5200000e+02   1.0000000e+00   1.4649392e-04
   6.5300000e+02   1.0000000e+00   1.4597166e-04
   6.5400000e+02   0.0000000e+00   1.4545126e-04
   6.5500000e+02   0.0000000e+00   1.4493271e-04
   6.5600000e+02   0.0000000e+00   1.4441602e-04
   6.5700000e+02   0.0000000e+00   1.4390117e-04
   6.5800000e+02   0.0000000e+00   1.4338817e-04
   6.5900000e+02   1.0000000e+00   1.4287699e-04
   6.6000000e+02   0.0000000e+00   1.4236763e-04
   6.6100000e+02   0.0000000e+00   1.4186010e-04
   6.6200000e+02   0.0000000e+00   1.4135438e-04
   6.6300000e+02   0.0000000e+00   1.4085046e-04
   6.6400000e+02   0.0000000e+00   1.4034834e-04
   6.6500000e+02   0.0000000e+00   1.3984801e-04
   6.6600000e+02   0.0000000e+00   1.3934947e-04
   6.6700000e+02   1.0000000e+00   1.3885271e-04
   6.6800000e+02   1.0000000e+00   1.3835772e-04
   6.6900000e+02   0.0000000e+00   1.3786449e-04
   6.7000000e+02   0.0000000e+00   1.3737303e-04
   6.7100000e+02   0.0000000e+00   1.3688332e-04
   6.7200000e+02   0.0000000e+00   1.3639536e-04
   6.7300000e+02   0.0000000e+00   1.3590914e-04
   6.7400000e+02   0.0000000e+00   1.3542465e-04
   6.7500000e+02   0.0000000e+00   1.3494189e-04
   6.7600000e+02   0.0000000e+00   1.3446086e-04
   6.7700000e+02   0.0000000e+00   1.3398154e-04
   6.7800000e+02   0.0000000e+00   1.3350393e-04
   6.7900000e+02   0.0000000e+00   1.3302803e-04
   6.8000000e+02   0.0000000e+00   1.3255382e-04
   6.8100000e+02   0.0000000e+00   1.3208131e-04
   6.8200000e+02   0.0000000e+00   1.3161048e-04
   6.8300000e+02   0.0000000e+00   1.3114133e-04
   6.8400000e+02   0.0000000e+00   1.3067386e-04
   6.8500000e+02   0.0000000e+00   1.3020805e-04
   6.8600000e+02   0.0000000e+00   1.2974390e-04
   6.8700000e+02   0.0000000e+00   1.2928141e-04
   6.8800000e+02   0.0000000e+00   1.2882057e-04
   6.8900000e+02   0.0000000e+00   1.2836138e-04
   6.9000000e+02   0.0000000e+00   1.2790382e-04
   6.9100000e+02   0.0000000e+00   1.2744789e-04
   6.9200000e+02   0.0000000e+00   1.2699360e-04
   6.9300000e+02   0.0000000e+00   1.2654092e-04
   6.9400000e+02   0.0000000e+00   1.2608985e-04
   6.9500000e+02   1.0000000e+00   1.2564040e-04
   6.9600000e+02   0.0000000e+00   1.2519255e-04
   6.9700000e+02   0.0000000e+00   1.2474629e-04
   6.9800000e+02   1.0000000e+00   1.2430163e-04
   6.9900000e+02   0.0000000e+00   1.2385855e-04
   7.0000000e+02   0.0000000e+00   1.2341706e-04
   7.0100000e+02   0.0000000e+00   1.2297713e-04
   7.0200000e+02   0.0000000e+00   1.2253878e-04
   7.0300000e+02   0.0000000e+00   1.2210199e-04
   7.0400000e+02   0.0000000e+00   1.2166676e-04
   7.0500000e+02   0.0000000e+00   1.2123308e-04
   7.0600000e+02   1.0000000e+00   1.2080095e-04
   7.0700000e+02   0.0000000e+00   1.2037036e-04
   7.0800000e+02   0.0000000e+00   1.1994130e-04
   7.0900000e+02   0.0000000e+00   1.1951378e-04
   7.1000000e+02   1.0000000e+00   1.1908777e-04
   7.1100000e+02   0.0000000e+00   1.1866329e-04
   7.1200000e+02   0.0000000e+00   1.1824032e-04
   7.1300000e+02   0.0000000e+00   1.1781886e-04
   7.1400000e+02   0.0000000e+00   1.1739891e-04
   7.1500000e+02   0.0000000e+00   1.1698045e-04
   7.1600000e+02   0.0000000e+00   1.1656348e-04
   7.1700000e+02   0.0000000e+00   1.1614800e-04
   7.1800000e+02   0.0000000e+00   1.1573400e-04
   7.1900000e+02   0.0000000e+00   1.1532148e-04
   7.2000000e+02   0.0000000e+00   1.1491043e-04
   7.2100000e+02   0.0000000e+00   1.1450085e-04
   7.2200000e+02   0.0000000e+00   1.1409272e-04
   7.2300000e+02   0.0000000e+00   1.1368605e-04
   7.2400000e+02   0.0000000e+00   1.1328083e-04
   7.2500000e+02   0.0000000e+00   1.1287706e-04
   7.2600000e+02   0.0000000e+00   1.1247472e-04
   7.2700000e+02   0.0000000e+00   1.1207382e-04
   7.2800000e+02   0.0000000e+00   1.1167435e-04
   7.2900000e+02   0.0000000e+00   1.1127631e-04
   7.3000000e+02   0.0000000e+00   1.1087968e-04
   7.3100000e+02   0.0000000e+00   1.1048447e-04
   7.3200000e+02   0.0000000e+00   1.1009066e-04
   7.3300000e+02   1.0000000e+00   1.0969826e-04
   7.3400000e+02   0.0000000e+00   1.0930726e-04
   7.3500000e+02   0.0000000e+00   1.0891766e-04
   7.3600000e+02   0.0000000e+00   1.0852944e-04
   7.3700000e+02   0.0000000e+00   1.0814261e-04
   7.3800000e+02   0.0000000e+00   1.0775715e-04
   7.3900000e+02   0.0000000e+00   1.0737307e-04
   7.4000000e+02   0.0000000e+00   1.0699036e-04
   7.4100000e+02   1.0000000e+00   1.0660902e-04
   7.4200000e+02   1.0000000e+00   1.0622903e-04
   7.4300000e+02   0.0000000e+00   1.0585040e-04
   7.4400000e+02   0.0000000e+00   1.0547312e-04
   7.4500000e+02   0.0000000e+00   1.0509718e-04
   7.4600000e+02   1.0000000e+00   1.0472259e-04
   7.4700000e+02   0.0000000e+00   1.0434933e-04
   7.4800000e+02   0.0000000e+00   1.0397740e-04
   7.4900000e+02   0.0000000e+00   1.0360679e-04
   7.5000000e+02   0.0000000e+00   1.0323751e-04
   7.5100000e+02   0.0000000e+00   1.0286954e-04
   7.5200000e+02   0.0000000e+00   1.0250289e-04
   7.5300000e+02   0.0000000e+00   1.0213754e-04
   7.5400000e+02   0.0000000e+00   1.0177350e-04
   7.5500000e+02   0.0000000e+00   1.0141075e-04
   7.5600000e+02   0.0000000e+00   1.0104930e-04
   7.5700000e+02   0.0000000e+00   1.0068913e-04
   7.5800000e+02   0.0000000e+00   1.0033025e-04
   7.5900000e+02   0.0000000e+00   9.9972652e-05
   7.6000000e+02   1.0000000e+00   9.9616325e-05
   7.6100000e+02   0.0000000e+00   9.9261269e-05
   7.6200000e+02   0.0000000e+00   9.8907479e-05
   7.6300000e+02   0.0000000e+00   9.8554949e-05
   7.6400000e+02   1.0000000e+00   9.8203677e-05
   7.6500000e+02   0.0000000e+00   9.7853656e-05
   7.6600000e+02   0.0000000e+00   9.7504884e-05
   7.6700000e+02   0.0000000e+00   9.7157355e-05
   7.6800000e+02   0.0000000e+00   9.6811064e-05
   7.6900000e+02   0.0000000e+00   9.6466008e-05
   7.7000000e+02   0.0000000e+00   9.6122182e-05
   7.7100000e+02   0.0000000e+00   9.5779582e-05
   7.7200000e+02   0.0000000e+00   9.5438204e-05
   7.7300000e+02   0.0000000e+00   9.5098042e-05
   7.7400000e+02   0.0000000e+00   9.4759092e-05
   7.7500000e+02   0.0000000e+00   9.4421351e-05
   7.7600000e+02   0.0000000e+00   9.4084814e-05
   7.7700000e+02   0.0000000e+00   9.3749477e-05
   7.7800000e+02   0.0000000e+00   9.3415335e-05
   7.7900000e+02   0.0000000e+00   9.3082384e-05
   7.8000000e+02   1.0000000e+00   9.2750620e-05
   7.8100000e+02   0.0000000e+00   9.2420039e-05
   7.8200000e+02   0.0000000e+00   9.2090636e-05
   7.8300000e+02   0.0000000e+00   9.1762407e-05
   7.8400000e+02   0.0000000e+00   9.1435348e-05
   7.8500000e+02   0.0000000e+00   9.1109455e-05
   7.8600000e+02   0.0000000e+00   9.0784724e-05
   7.8700000e+02   0.0000000e+00   9.0461150e-05
   7.8800000e+02   0.0000000e+00   9.0138730e-05
   7.8900000e+02   0.0000000e+00   8.9817459e-05
   7.9000000e+02   0.0000000e+00   8.9497334e-05
   7.9100000e+02   0.0000000e+00   8.9178349e-05
   7.9200000e+02   0.0000000e+00   8.8860501e-05
   7.9300000e+02   0.0000000e+00   8.8543787e-05
   7.9400000e+02   0.0000000e+00   8.8228201e-05
   7.9500000e+02   0.0000000e+00   8.7913741e-05
   7.9600000e+02   0.0000000e+00   8.7600401e-05
   7.9700000e+02   0.0000000e+00   8.7288178e-05
   7.9800000e+02   0.0000000e+00   8.6977068e-05
   7.9900000e+02   0.0000000e+00   8.6667067e-05
   8.0000000e+02   0.0000000e+00   8.6358171e-05
   8.0100000e+02   0.0000000e+00   8.6050376e-05
   8.0200000e+02   0.0000000e+00   8.5743678e-05
   8.0300000e+02   0.0000000e+00   8.5438074e-05
   8.0400000e+02   0.0000000e+00   8.5133559e-05
   8.0500000e+02   0.0000000e+00   8.4830129e-05
   8.0600000e+02   0.0000000e+00   8.4527780e-05
   8.0700000e+02   0.0000000e+00   8.4226510e-05
   8.0800000e+02   0.0000000e+00   8.3926313e-05
   8.0900000e+02   0.0000000e+00   8.3627187e-05
   8.1000000e+02   0.0000000e+00   8.3329126e-05
   8.1100000e+02   0.0000000e+00   8.3032128e-05
   8.1200000e+02   0.0000000e+00   8.2736189e-05
   8.1300000e+02   0.0000000e+00   8.2441305e-05
   8.1400000e+02   0.0000000e+00   8.2147471e-05
   8.1500000e+02   0.0000000e+00   8.1854685e-05
   8.1600000e+02   0.0000000e+00   8.1562943e-05
   8.1700000e+02   0.0000000e+00   8.1272240e-05
   8.1800000e+02   0.0000000e+00   8.0982574e-05
   8.1900000e+02   0.0000000e+00   8.0693940e-05
   8.2000000e+02   0.0000000e+00   8.0406335e-05
   8.2100000e+02   0.0000000e+00   8.0119755e-05
   8.2200000e+02   0.0000000e+00   7.9834196e-05
   8.2300000e+02   1.0000000e+00   7.9549656e-05
   8.2400000e+02   0.0000000e+00   7.9266129e-05
   8.2500000e+02   0.0000000e+00   7.8983613e-05
   8.2600000e+02   0.0000000e+00   7.8702105e-05
   8.2700000e+02   0.0000000e+00   7.8421599e-05
   8.2800000e+02   0.0000000e+00   7.8142093e-05
   8.2900000e+02   0.0000000e+00   7.7863584e-05
   8.3000000e+02   0.0000000e+00   7.7586067e-05
   8.3100000e+02   0.0000000e+00   7.7309540e-05
   8.3200000e+02   0.0000000e+00   7.7033998e-05
   8.3300000e+02   0.0000000e+00   7.6759438e-05
   8.3400000e+02   0.0000000e+00   7.6485857e-05
   8.3500000e+02   0.0000000e+00   7.6213251e-05
   8.3600000e+02   0.0000000e+00   7.5941617e-05
   8.3700000e+02   0.0000000e+00   7.5670951e-05
   8.3800000e+02   0.0000000e+00   7.5401249e-05
   8.3900000e+02   0.0000000e+00   7.5132509e-05
   8.4000000e+02   1.0000000e+00   7.4864727e-05
   8.4100000e+02   0.0000000e+00   7.4597899e-05
   8.4200000e+02   0.0000000e+00   7.4332022e-05
   8.4300000e+02   0.0000000e+00   7.4067093e-05
   8.4400000e+02   0.0000000e+00   7.3803108e-05
   8.4500000e+02   0.0000000e+00   7.3540065e-05
   8.4600000e+02   0.0000000e+00   7.3277958e-05
   8.4700000e+02   0.0000000e+00   7.3016786e-05
   8.4800000e+02   0.0000000e+00   7.2756545e-05
   8.4900000e+02   0.0000000e+00   7.2497231e-05
   8.5000000e+02   0.0000000e+00   7.2238842e-05
   8.5100000e+02   0.0000000e+00   7.1981374e-05
   8.5200000e+02   0.0000000e+00   7.1724823e-05
   8.5300000e+02   0.0000000e+00   7.1469186e-05
   8.5400000e+02   0.0000000e+00   7.1214461e-05
   8.5500000e+02   0.0000000e+00   7.0960644e-05
   8.5600000e+02   0.0000000e+00   7.0707731e-05
   8.5700000e+02   0.0000000e+00   7.0455720e-05
   8.5800000e+02   0.0000000e+00   7.0204607e-05
   8.5900000e+02   0.0000000e+00   6.9954390e-05
   8.6000000e+02   0.0000000e+00   6.9705064e-05
   8.6100000e+02   0.0000000e+00   6.9456626e-05
   8.6200000e+02   0.0000000e+00   6.9209074e-05
   8.6300000e+02   0.0000000e+00   6.8962405e-05
   8.6400000e+02   0.0000000e+00   6.8716614e-05
   8.6500000e+02   0.0000000e+00   6.8471700e-05
   8.6600000e+02   0.0000000e+00   6.8227659e-05
   8.6700000e+02   0.0000000e+00   6.7984487e-05
   8.6800000e+02   0.0000000e+00   6.7742182e-05
   8.6900000e+02   0.0000000e+00   6.7500741e-05
   8.7000000e+02   0.0000000e+00   6.7260160e-05
   8.7100000e+02   0.0000000e+00   6.7020437e-05
   8.7200000e+02   0.0000000e+00   6.6781568e-05
   8.7300000e+02   0.0000000e+00   6.6543551e-05
   8.7400000e+02   0.0000000e+00   6.6306382e-05
   8.7500000e+02   0.0000000e+00   6.6070058e-05
   8.7600000e+02   0.0000000e+00   6.5834576e-05
   8.7700000e+02   0.0000000e+00   6.5599934e-05
   8.7800000e+02   0.0000000e+00   6.5366129e-05
   8.7900000e+02   0.0000000e+00   6.5133156e-05
   8.8000000e+02   0.0000000e+00   6.4901014e-05
   8.8100000e+02   0.0000000e+00   6.4669699e-05
   8.8200000e+02   0.0000000e+00   6.4439209e-05
   8.8300000e+02   0.0000000e+00   6.4209540e-05
   8.8400000e+02   1.0000000e+00   6.3980690e-05
   8.8500000e+02   0.0000000e+00   6.3752655e-05
   8.8600000e+02   0.0000000e+00   6.3525434e-05
   8.8700000e+02   0.0000000e+00   6.3299022e-05
   8.8800000e+02   0.0000000e+00   6.3073417e-05
   8.8900000e+02   0.0000000e+00   6.2848616e-05
   8.9000000e+02   0.0000000e+00   6.2624616e-05
   8.9100000e+02   0.0000000e+00   6.2401415e-05
   8.9200000e+02   0.0000000e+00   6.2179009e-05
   8.9300000e+02   0.0000000e+00   6.1957396e-05
   8.9400000e+02   1.0000000e+00   6.1736573e-05
   8.9500000e+02   0.0000000e+00   6.1516537e-05
   8.9600000e+02   0.0000000e+00   6.1297285e-05
   8.9700000e+02   0.0000000e+00   6.1078815e-05
   8.9800000e+02   0.0000000e+00   6.0861123e-05
   8.9900000e+02   0.0000000e+00   6.0644207e-05
   9.0000000e+02   0.0000000e+00   6.0428065e-05
   9.0100000e+02   0.0000000e+00   6.0212692e-05
   9.0200000e+02   0.0000000e+00   5.9998088e-05
   9.0300000e+02   0.0000000e+00   5.9784248e-05
   9.0400000e+02   0.0000000e+00   5.9571170e-05
   9.0500000e+02   0.0000000e+00   5.9358852e-05
   9.0600000e+02   0.0000000e+00   5.9147290e-05
   9.0700000e+02   0.0000000e+00   5.8936483e-05
   9.0800000e+02   0.0000000e+00   5.8726427e-05
   9.0900000e+02   0.0000000e+00   5.8517119e-05
   9.1000000e+02   0.0000000e+00   5.8308558e-05
   9.1100000e+02   0.0000000e+00   5.8100740e-05
   9.1200000e+02   0.0000000e+00   5.7893663e-05
   9.1300000e+02   0.0000000e+00   5.7687323e-05
   9.1400000e+02   0.0000000e+00   5.7481719e-05
   9.1500000e+02   0.0000000e+00   5.7276848e-05
   9.1600000e+02   0.0000000e+00   5.7072707e-05
   9.1700000e+02   0.0000000e+00   5.6869294e-05
   9.1800000e+02   0.0000000e+00   5.6666606e-05
   9.1900000e+02   0.0000000e+00   5.6464640e-05
   9.2000000e+02   0.0000000e+00   5.6263394e-05
   9.2100000e+02   0.0000000e+00   5.6062865e-05
   9.2200000e+02   0.0000000e+00   5.5863051e-05
   9.2300000e+02   0.0000000e+00   5.5663949e-05
   9.2400000e+02   0.0000000e+00   5.5465556e-05
   9.2500000e+02   0.0000000e+00   5.5267871e-05
   9.2600000e+02   0.0000000e+00   5.5070891e-05
   9.2700000e+02   1.0000000e+00   5.4874612e-05
   9.2800000e+02   0.0000000e+00   5.4679033e-05
   9.2900000e+02   0.0000000e+00   5.4484151e-05
   9.3000000e+02   0.0000000e+00   5.4289964e-05
   9.3100000e+02   0.0000000e+00   5.4096469e-05
   9.3200000e+02   0.0000000e+00   5.3903663e-05
   9.3300000e+02   0.0000000e+00   5.3711545e-05
   9.3400000e+02   0.0000000e+00   5.3520111e-05
   9.3500000e+02   1.0000000e+00   5.3329360e-05
   9.3600000e+02   0.0000000e+00   5.3139288e-05
   9.3700000e+02   0.0000000e+00   5.2949894e-05
   9.3800000e+02   0.0000000e+00   5.2761175e-05
   9.3900000e+02   0.0000000e+00   5.2573129e-05
   9.4000000e+02   0.0000000e+00   5.2385752e-05
   9.4100000e+02   0.0000000e+00   5.2199044e-05
   9.4200000e+02   0.0000000e+00   5.2013001e-05
   9.4300000e+02   0.0000000e+00   5.1827621e-05
   9.4400000e+02   0.0000000e+00   5.1642902e-05
   9.4500000e+02   0.0000000e+00   5.1458841e-05
   9.4600000e+02   0.0000000e+00   5.1275437e-05
   9.4700000e+02   0.0000000e+00   5.1092686e-05
   9.4800000e+02   0.0000000e+00   5.0910586e-05
   9.4900000e+02   0.0000000e+00   5.0729135e-05
   9.5000000e+02   0.0000000e+00   5.0548331e-05
   9.5100000e+02   0.0000000e+00   5.0368172e-05
   9.5200000e+02   0.0000000e+00   5.0188654e-05
   9.5300000e+02   0.0000000e+00   5.0009777e-05
   9.5400000e+02   0.0000000e+00   4.9831537e-05
   9.5500000e+02   1.0000000e+00   4.9653932e-05
   9.5600000e+02   0.0000000e+00   4.9476960e-05
   9.5700000e+02   0.0000000e+00   4.9300619e-05
   9.5800000e+02   0.0000000e+00   4.9124906e-05
   9.5900000e+02   0.0000000e+00   4.8949820e-05
   9.6000000e+02   0.0000000e+00   4.8775358e-05
   9.6100000e+02   0.0000000e+00   4.8601517e-05
   9.6200000e+02   0.0000000e+00   4.8428297e-05
   9.6300000e+02   0.0000000e+00   4.8255693e-05
   9.6400000e+02   0.0000000e+00   4.8083705e-05
   9.6500000e+02   0.0000000e+00   4.7912329e-05
   9.6600000e+02   0.0000000e+00   4.7741565e-05
   9.6700000e+02   0.0000000e+00   4.7571409e-05
   9.6800000e+02   0.0000000e+00   4.7401860e-05
   9.6900000e+02   0.0000000e+00   4.7232914e-05
   9.7000000e+02   0.0000000e+00   4.7064571e-05
   9.7100000e+02   0.0000000e+00   4.6896828e-05
   9.7200000e+02   0.0000000e+00   4.6729683e-05
   9.7300000e+02   0.0000000e+00   4.6563134e-05
   9.7400000e+02   0.0000000e+00   4.6397178e-05
   9.7500000e+02   0.0000000e+00   4.6231814e-05
   9.7600000e+02   0.0000000e+00   4.6067039e-05
   9.7700000e+02   0.0000000e+00   4.5902851e-05
   9.7800000e+02   0.0000000e+00   4.5739249e-05
   9.7900000e+02   0.0000000e+00   4.5576229e-05
   9.8000000e+02   0.0000000e+00   4.5413791e-05
   9.8100000e+02   0.0000000e+00   4.5251931e-05
   9.8200000e+02   0.0000000e+00   4.5090649e-05
   9.8300000e+02   0.0000000e+00   4.4929941e-05
   9.8400000e+02   0.0000000e+00   4.4769806e-05
   9.8500000e+02   0.0000000e+00   4.4610242e-05
   9.8600000e+02   0.0000000e+00   4.4451246e-05
   9.8700000e+02   0.0000000e+00   4.4292818e-05
   9.8800000e+02   0.0000000e+00   4.4134954e-05
   9.8900000e+02   0.0000000e+00   4.3977652e-05
   9.9000000e+02   0.0000000e+00   4.3820911e-05
   9.9100000e+02   0.0000000e+00   4.3664729e-05
   9.9200000e+02   0.0000000e+00   4.3509103e-05
   9.9300000e+02   0.0000000e+00   4.3354032e-05
   9.9400000e+02   0.0000000e+00   4.3199514e-05
   9.9500000e+02   0.0000000e+00   4.3045547e-05
   9.9600000e+02   0.0000000e+00   4.2892128e-05
   9.9700000e+02   0.0000000e+00   4.2739256e-05
   9.9800000e+02   0.0000000e+00   4.2586929e-05
   9.9900000e+02   0.0000000e+00   4.2435145e-05
   1.0000000e+03   0.0000000e+00   4.2283902e-05
   1.0010000e+03   0.0000000e+00   4.2133197e-05
   1.0020000e+03   0.0000000e+00   4.1983030e-05
   1.0030000e+03   0.0000000e+00   4.1833399e-05
   1.0040000e+03   0.0000000e+00   4.1684300e-05
   1.0050000e+03   0.0000000e+00   4.1535733e-05
   1.0060000e+03   0.0000000e+00   4.1387695e-05
   1.0070000e+03   0.0000000e+00   4.1240185e-05
   1.0080000e+03   0.0000000e+00   4.1093201e-05
   1.0090000e+03   0.0000000e+00   4.0946741e-05
   1.0100000e+03   0.0000000e+00   4.0800802e-05
   1.0110000e+03   0.0000000e+00   4.0655384e-05
   1.0120000e+03   0.0000000e+00   4.0510484e-05
   1.0130000e+03   0.0000000e+00   4.0366101e-05
   1.0140000e+03   0.0000000e+00   4.0222232e-05
   1.0150000e+03   0.0000000e+00   4.0078876e-05
   1.0160000e+03   0.0000000e+00   3.9936031e-05
   1.0170000e+03   0.0000000e+00   3.9793694e-05
   1.0180000e+03   0.0000000e+00   3.9651866e-05
   1.0190000e+03   0.0000000e+00   3.9510542e-05
   1.0200000e+03   0.0000000e+00   3.9369723e-05
   1.0210000e+03   0.0000000e+00   3.9229405e-05
   1.0220000e+03   0.0000000e+00   3.9089588e-05
   1.0230000e+03   0.0000000e+00   3.8950268e-05
   1.0240000e+03   0.0000000e+00   3.8811446e-05
   1.0250000e+03   1.0000000e+00   3.8673118e-05
   1.0260000e+03   0.0000000e+00   3.8535283e-05
   1.0270000e+03   0.0000000e+00   3.8397939e-05
   1.0280000e+03   0.0000000e+00   3.8261085e-05
   1.0290000e+03   0.0000000e+00   3.8124718e-05
   1.0300000e+03   0.0000000e+00   3.7988838e-05
   1.0310000e+03   0.0000000e+00   3.7853442e-05
   1.0320000e+03   0.0000000e+00   3.7718528e-05
   1.0330000e+03   0.0000000e+00   3.7584096e-05
   1.0340000e+03   0.0000000e+00   3.7450142e-05
   1.0350000e+03   0.0000000e+00   3.7316666e-05
   1.0360000e+03   0.0000000e+00   3.7183666e-05
   1.0370000e+03   0.0000000e+00   3.7051139e-05
   1.0380000e+03   0.0000000e+00   3.6919085e-05
   1.0390000e+03   0.0000000e+00   3.6787502e-05
   1.0400000e+03   0.0000000e+00   3.6656388e-05
   1.0410000e+03   0.0000000e+00   3.6525741e-05
   1.0420000e+03   0.0000000e+00   3.6395559e-05
   1.0430000e+03   0.0000000e+00   3.6265842e-05
   1.0440000e+03   0.0000000e+00   3.6136587e-05
   1.0450000e+03   0.0000000e+00   3.6007792e-05
   1.0460000e+03   0.0000000e+00   3.5879457e-05
   1.0470000e+03   0.0000000e+00   3.5751579e-05
   1.0480000e+03   0.0000000e+00   3.5624156e-05
   1.0490000e+03   0.0000000e+00   3.5497188e-05
   1.0500000e+03   0.0000000e+00   3.5370673e-05
   1.0510000e+03   0.0000000e+00   3.5244608e-05
   1.0520000e+03   0.0000000e+00   3.5118993e-05
   1.0530000e+03   0.0000000e+00   3.4993825e-05
   1.0540000e+03   1.0000000e+00   3.4869103e-05
   1.0550000e+03   0.0000000e+00   3.4744826e-05
   1.0560000e+03   0.0000000e+00   3.4620992e-05
   1.0570000e+03   0.0000000e+00   3.4497600e-05
   1.0580000e+03   0.0000000e+00   3.4374647e-05
   1.0590000e+03   0.0000000e+00   3.4252132e-05
   1.0600000e+03   0.0000000e+00   3.4130054e-05
   1.0610000e+03   0.0000000e+00   3.4008411e-05
   1.0620000e+03   0.0000000e+00   3.3887202e-05
   1.0630000e+03   0.0000000e+00   3.3766424e-05
   1.0640000e+03   0.0000000e+00   3.3646077e-05
   1.0650000e+03   0.0000000e+00   3.3526159e-05
   1.0660000e+03   0.0000000e+00   3.3406669e-05
   1.0670000e+03   0.0000000e+00   3.3287604e-05
   1.0680000e+03   0.0000000e+00   3.3168963e-05
   1.0690000e+03   0.0000000e+00   3.3050746e-05
   1.0700000e+03   0.0000000e+00   3.2932950e-05
   1.0710000e+03   0.0000000e+00   3.2815573e-05
   1.0720000e+03   0.0000000e+00   3.2698615e-05
   1.0730000e+03   0.0000000e+00   3.2582074e-05
   1.0740000e+03   0.0000000e+00   3.2465948e-05
   1.0750000e+03   0.0000000e+00   3.2350236e-05
   1.0760000e+03   0.0000000e+00   3.2234937e-05
   1.0770000e+03   0.0000000e+00   3.2120048e-05
   1.0780000e+03   0.0000000e+00   3.2005569e-05
   1.0790000e+03   0.0000000e+00   3.1891498e-05
   1.0800000e+03   0.0000000e+00   3.1777834e-05
   1.0810000e+03   0.0000000e+00   3.1664574e-05
   1.0820000e+03   0.0000000e+00   3.1551718e-05
   1.0830000e+03   0.0000000e+00   3.1439265e-05
   1.0840000e+03   0.0000000e+00   3.1327212e-05
   1.0850000e+03   0.0000000e+00   3.1215559e-05
   1.0860000e+03   0.0000000e+00   3.1104303e-05
   1.0870000e+03   0.0000000e+00   3.0993445e-05
   1.0880000e+03   0.0000000e+00   3.0882981e-05
   1.0890000e+03   0.0000000e+00   3.0772911e-05
   1.0900000e+03   0.0000000e+00   3.0663233e-05
   1.0910000e+03   0.0000000e+00   3.0553946e-05
   1.0920000e+03   0.0000000e+00   3.0445049e-05
   1.0930000e+03   0.0000000e+00   3.0336540e-05
   1.0940000e+03   0.0000000e+00   3.0228417e-05
   1.0950000e+03   0.0000000e+00   3.0120680e-05
   1.0960000e+03   0.0000000e+00   3.0013327e-05
   1.0970000e+03   0.0000000e+00   2.9906356e-05
   1.0980000e+03   0.0000000e+00   2.9799767e-05
   1.0990000e+03   0.0000000e+00   2.9693558e-05
   1.1000000e+03   0.0000000e+00   2.9587727e-05
   1.1010000e+03   0.0000000e+00   2.9482273e-05
   1.1020000e+03   0.0000000e+00   2.9377195e-05
   1.1030000e+03   0.0000000e+00   2.9272492e-05
   1.1040000e+03   0.0000000e+00   2.9168162e-05
   1.1050000e+03   0.0000000e+00   2.9064204e-05
   1.1060000e+03   0.0000000e+00   2.8960616e-05
   1.1070000e+03   0.0000000e+00   2.8857397e-05
   1.1080000e+03   0.0000000e+00   2.8754547e-05
   1.1090000e+03   0.0000000e+00   2.8652063e-05
   1.1100000e+03   0.0000000e+00   2.8549944e-05
   1.1110000e+03   0.0000000e+00   2.8448189e-05
   1.1120000e+03   0.0000000e+00   2.8346797e-05
   1.1130000e+03   0.0000000e+00   2.8245766e-05
   1.1140000e+03   0.0000000e+00   2.8145095e-05
   1.1150000e+03   0.0000000e+00   2.8044783e-05
   1.1160000e+03   0.0000000e+00   2.7944829e-05
   1.1170000e+03   0.0000000e+00   2.7845230e-05
   1.1180000e+03   0.0000000e+00   2.7745987e-05
   1.1190000e+03   0.0000000e+00   2.7647098e-05
   1.1200000e+03   0.0000000e+00   2.7548561e-05
   1.1210000e+03   0.0000000e+00   2.7450375e-05
   1.1220000e+03   0.0000000e+00   2.7352539e-05
   1.1230000e+03   0.0000000e+00   2.7255052e-05
   1.1240000e+03   0.0000000e+00   2.7157912e-05
   1.1250000e+03   0.0000000e+00   2.7061118e-05
   1.1260000e+03   0.0000000e+00   2.6964670e-05
   1.1270000e+03   0.0000000e+00   2.6868565e-05
   1.1280000e+03   0.0000000e+00   2.6772803e-05
   1.1290000e+03   0.0000000e+00   2.6677382e-05
   1.1300000e+03   0.0000000e+00   2.6582301e-05
   1.1310000e+03   0.0000000e+00   2.6487559e-05
   1.1320000e+03   0.0000000e+00   2.6393155e-05
   1.1330000e+03   0.0000000e+00   2.6299087e-05
   1.1340000e+03   0.0000000e+00   2.6205354e-05
   1.1350000e+03   0.0000000e+00   2.6111956e-05
   1.1360000e+03   0.0000000e+00   2.6018890e-05
   1.1370000e+03   0.0000000e+00   2.5926156e-05
   1.1380000e+03   0.0000000e+00   2.5833753e-05
   1.1390000e+03   0.0000000e+00   2.5741679e-05
   1.1400000e+03   0.0000000e+00   2.5649933e-05
   1.1410000e+03   0.0000000e+00   2.5558514e-05
   1.1420000e+03   0.0000000e+00   2.5467421e-05
   1.1430000e+03   0.0000000e+00   2.5376652e-05
   1.1440000e+03   0.0000000e+00   2.5286207e-05
   1.1450000e+03   0.0000000e+00   2.5196085e-05
   1.1460000e+03   0.0000000e+00   2.5106283e-05
   1.1470000e+03   0.0000000e+00   2.5016802e-05
   1.1480000e+03   0.0000000e+00   2.4927639e-05
   1.1490000e+03   0.0000000e+00   2.4838795e-05
   1.1500000e+03   0.0000000e+00   2.4750267e-05
   1.1510000e+03   0.0000000e+00   2.4662054e-05
   1.1520000e+03   0.0000000e+00   2.4574156e-05
   1.1530000e+03   0.0000000e+00   2.4486572e-05
   1.1540000e+03   0.0000000e+00   2.4399299e-05
   1.1550000e+03   0.0000000e+00   2.4312337e-05
   1.1560000e+03   0.0000000e+00   2.4225686e-05
   1.1570000e+03   0.0000000e+00   2.4139343e-05
   1.1580000e+03   0.0000000e+00   2.4053308e-05
   1.1590000e+03   0.0000000e+00   2.3967580e-05
   1.1600000e+03   0.0000000e+00   2.3882157e-05
   1.1610000e+03   0.0000000e+00   2.3797038e-05
   1.1620000e+03   0.0000000e+00   2.3712223e-05
   1.1630000e+03   0.0000000e+00   2.3627711e-05
   1.1640000e+03   0.0000000e+00   2.3543499e-05
   1.1650000e+03   0.0000000e+00   2.3459588e-05
   1.1660000e+03   0.0000000e+00   2.3375975e-05
   1.1670000e+03   0.0000000e+00   2.3292661e-05
   1.1680000e+03   0.0000000e+00   2.3209644e-05
   1.1690000e+03   0.0000000e+00   2.3126922e-05
   1.1700000e+03   0.0000000e+00   2.3044495e-05
   1.1710000e+03   0.0000000e+00   2.2962362e-05
   1.1720000e+03   0.0000000e+00   2.2880522e-05
   1.1730000e+03   0.0000000e+00   2.2798974e-05
   1.1740000e+03   0.0000000e+00   2.2717716e-05
   1.1750000e+03   0.0000000e+00   2.2636748e-05
   1.1760000e+03   0.0000000e+00   2.2556068e-05
   1.1770000e+03   0.0000000e+00   2.2475676e-05
   1.1780000e+03   0.0000000e+00   2.2395570e-05
   1.1790000e+03   0.0000000e+00   2.2315750e-05
   1.1800000e+03   0.0000000e+00   2.2236215e-05
   1.1810000e+03   0.0000000e+00   2.2156963e-05
   1.1820000e+03   0.0000000e+00   2.2077993e-05
   1.1830000e+03   0.0000000e+00   2.1999305e-05
   1.1840000e+03   0.0000000e+00   2.1920897e-05
   1.1850000e+03   0.0000000e+00   2.1842769e-05
   1.1860000e+03   0.0000000e+00   2.1764919e-05
   1.1870000e+03   0.0000000e+00   2.1687347e-05
   1.1880000e+03   0.0000000e+00   2.1610051e-05
   1.1890000e+03   0.0000000e+00   2.1533030e-05
   1.1900000e+03   0.0000000e+00   2.1456284e-05
   1.1910000e+03   0.0000000e+00   2.1379812e-05
   1.1920000e+03   0.0000000e+00   2.1303612e-05
   1.1930000e+03   0.0000000e+00   2.1227684e-05
   1.1940000e+03   0.0000000e+00   2.1152026e-05
   1.1950000e+03   0.0000000e+00   2.1076638e-05
   1.1960000e+03   0.0000000e+00   2.1001519e-05
   1.1970000e+03   0.0000000e+00   2.0926668e-05
   1.1980000e+03   0.0000000e+00   2.0852083e-05
   1.1990000e+03   0.0000000e+00   2.0777764e-05
   1.2000000e+03   0.0000000e+00   2.0703710e-05
   1.2010000e+03   0.0000000e+00   2.0629920e-05
   1.2020000e+03   0.0000000e+00   2.0556393e-05
   1.2030000e+03   0.0000000e+00   2.0483128e-05
   1.2040000e+03   0.0000000e+00   2.0410124e-05
   1.2050000e+03   0.0000000e+00   2.0337380e-05
   1.2060000e+03   0.0000000e+00   2.0264896e-05
   1.2070000e+03   0.0000000e+00   2.0192669e-05
   1.2080000e+03   0.0000000e+00   2.0120701e-05
   1.2090000e+03   0.0000000e+00   2.0048989e-05
   1.2100000e+03   0.0000000e+00   1.9977532e-05
   1.2110000e+03   0.0000000e+00   1.9906330e-05
   1.2120000e+03   0.0000000e+00   1.9835382e-05
   1.2130000e+03   0.0000000e+00   1.9764687e-05
   1.2140000e+03   0.0000000e+00   1.9694243e-05
   1.2150000e+03   0.0000000e+00   1.9624051e-05
   1.2160000e+03   0.0000000e+00   1.9554109e-05
   1.2170000e+03   0.0000000e+00   1.9484416e-05
   1.2180000e+03   0.0000000e+00   1.9414972e-05
   1.2190000e+03   0.0000000e+00   1.9345775e-05
   1.2200000e+03   0.0000000e+00   1.9276824e-05
   1.2210000e+03   0.0000000e+00   1.9208120e-05
   1.2220000e+03   0.0000000e+00   1.9139660e-05
   1.2230000e+03   0.0000000e+00   1.9071444e-05
   1.2240000e+03   0.0000000e+00   1.9003472e-05
   1.2250000e+03   0.0000000e+00   1.8935742e-05
   1.2260000e+03   0.0000000e+00   1.8868253e-05
   1.2270000e+03   0.0000000e+00   1.8801004e-05
   1.2280000e+03   1.0000000e+00   1.8733996e-05
   1.2290000e+03   0.0000000e+00   1.8667226e-05
   1.2300000e+03   0.0000000e+00   1.8600694e-05
   1.2310000e+03   0.0000000e+00   1.8534399e-05
   1.2320000e+03   0.0000000e+00   1.8468341e-05
   1.2330000e+03   0.0000000e+00   1.8402518e-05
   1.2340000e+03   0.0000000e+00   1.8336929e-05
   1.2350000e+03   0.0000000e+00   1.8271575e-05
   1.2360000e+03   0.0000000e+00   1.8206453e-05
   1.2370000e+03   0.0000000e+00   1.8141563e-05
   1.2380000e+03   0.0000000e+00   1.8076905e-05
   1.2390000e+03   0.0000000e+00   1.8012477e-05
   1.2400000e+03   0.0000000e+00   1.7948279e-05
   1.2410000e+03   0.0000000e+00   1.7884309e-05
   1.2420000e+03   0.0000000e+00   1.7820568e-05
   1.2430000e+03   0.0000000e+00   1.7757054e-05
   1.2440000e+03   0.0000000e+00   1.7693766e-05
   1.2450000e+03   0.0000000e+00   1.7630703e-05
   1.2460000e+03   0.0000000e+00   1.7567866e-05
   1.2470000e+03   0.0000000e+00   1.7505252e-05
   1.2480000e+03   0.0000000e+00   1.7442862e-05
   1.2490000e+03   0.0000000e+00   1.7380693e-05
   1.2500000e+03   0.0000000e+00   1.7318747e-05
   1.2510000e+03   0.0000000e+00   1.7257021e-05
   1.2520000e+03   0.0000000e+00   1.7195515e-05
   1.2530000e+03   0.0000000e+00   1.7134229e-05
   1.2540000e+03   0.0000000e+00   1.7073161e-05
   1.2550000e+03   0.0000000e+00   1.7012310e-05
   1.2560000e+03   0.0000000e+00   1.6951677e-05
   1.2570000e+03   0.0000000e+00   1.6891259e-05
   1.2580000e+03   0.0000000e+00   1.6831057e-05
   1.2590000e+03   0.0000000e+00   1.6771069e-05
   1.2600000e+03   0.0000000e+00   1.6711296e-05
   1.2610000e+03   0.0000000e+00   1.6651735e-05
   1.2620000e+03   0.0000000e+00   1.6592386e-05
   1.2630000e+03   0.0000000e+00   1.6533250e-05
   1.2640000e+03   0.0000000e+00   1.6474323e-05
   1.2650000e+03   0.0000000e+00   1.6415607e-05
   1.2660000e+03   0.0000000e+00   1.6357100e-05
   1.2670000e+03   0.0000000e+00   1.6298802e-05
   1.2680000e+03   0.0000000e+00   1.6240711e-05
   1.2690000e+03   0.0000000e+00   1.6182828e-05
   1.2700000e+03   0.0000000e+00   1.6125151e-05
   1.2710000e+03   0.0000000e+00   1.6067679e-05
   1.2720000e+03   0.0000000e+00   1.6010412e-05
   1.2730000e+03   0.0000000e+00   1.5953349e-05
   1.2740000e+03   0.0000000e+00   1.5896490e-05
   1.2750000e+03   0.0000000e+00   1.5839833e-05
   1.2760000e+03   0.0000000e+00   1.5783379e-05
   1.2770000e+03   0.0000000e+00   1.5727125e-05
   1.2780000e+03   0.0000000e+00   1.5671072e-05
   1.2790000e+03   0.0000000e+00   1.5615219e-05
   1.2800000e+03   0.0000000e+00   1.5559565e-05
   1.2810000e+03   0.0000000e+00   1.5504109e-05
   1.2820000e+03   0.0000000e+00   1.5448850e-05
   1.2830000e+03   0.0000000e+00   1.5393789e-05
   1.2840000e+03   0.0000000e+00   1.5338924e-05
   1.2850000e+03   0.0000000e+00   1.5284255e-05
   1.2860000e+03   0.0000000e+00   1.5229780e-05
   1.2870000e+03   0.0000000e+00   1.5175500e-05
   1.2880000e+03   0.0000000e+00   1.5121413e-05
   1.2890000e+03   0.0000000e+00   1.5067518e-05
   1.2900000e+03   0.0000000e+00   1.5013816e-05
   1.2910000e+03   0.0000000e+00   1.4960306e-05
   1.2920000e+03   0.0000000e+00   1.4906985e-05
   1.2930000e+03   0.0000000e+00   1.4853855e-05
   1.2940000e+03   0.0000000e+00   1.4800915e-05
   1.2950000e+03   0.0000000e+00   1.4748163e-05
   1.2960000e+03   0.0000000e+00   1.4695599e-05
   1.2970000e+03   0.0000000e+00   1.4643222e-05
   1.2980000e+03   0.0000000e+00   1.4591032e-05
   1.2990000e+03   0.0000000e+00   1.4539029e-05
   1.3000000e+03   0.0000000e+00   1.4487210e-05
   1.3010000e+03   0.0000000e+00   1.4435576e-05
   1.3020000e+03   0.0000000e+00   1.4384126e-05
   1.3030000e+03   0.0000000e+00   1.4332860e-05
   1.3040000e+03   0.0000000e+00   1.4281776e-05
   1.3050000e+03   0.0000000e+00   1.4230874e-05
   1.3060000e+03   0.0000000e+00   1.4180154e-05
   1.3070000e+03   0.0000000e+00   1.4129615e-05
   1.3080000e+03   0.0000000e+00   1.4079255e-05
   1.3090000e+03   0.0000000e+00   1.4029075e-05
   1.3100000e+03   0.0000000e+00   1.3979074e-05
   1.3110000e+03   0.0000000e+00   1.3929251e-05
   1.3120000e+03   0.0000000e+00   1.3879606e-05
   1.3130000e+03   0.0000000e+00   1.3830138e-05
   1.3140000e+03   0.0000000e+00   1.3780846e-05
   1.3150000e+03   0.0000000e+00   1.3731730e-05
   1.3160000e+03   0.0000000e+00   1.3682788e-05
   1.3170000e+03   0.0000000e+00   1.3634021e-05
   1.3180000e+03   0.0000000e+00   1.3585428e-05
   1.3190000e+03   0.0000000e+00   1.3537009e-05
   1.3200000e+03   0.0000000e+00   1.3488761e-05
   1.3210000e+03   0.0000000e+00   1.3440686e-05
   1.3220000e+03   0.0000000e+00   1.3392782e-05
   1.3230000e+03   0.0000000e+00   1.3345049e-05
   1.3240000e+03   0.0000000e+00   1.3297486e-05
   1.3250000e+03   0.0000000e+00   1.3250092e-05
   1.3260000e+03   0.0000000e+00   1.3202868e-05
   1.3270000e+03   0.0000000e+00   1.3155811e-05
   1.3280000e+03   0.0000000e+00   1.3108923e-05
   1.3290000e+03   0.0000000e+00   1.3062201e-05
   1.3300000e+03   0.0000000e+00   1.3015646e-05
   1.3310000e+03   0.0000000e+00   1.2969257e-05
   1.3320000e+03   0.0000000e+00   1.2923033e-05
   1.3330000e+03   0.0000000e+00   1.2876974e-05
   1.3340000e+03   0.0000000e+00   1.2831079e-05
   1.3350000e+03   0.0000000e+00   1.2785348e-05
   1.3360000e+03   0.0000000e+00   1.2739780e-05
   1.3370000e+03   0.0000000e+00   1.2694374e-05
   1.3380000e+03   0.0000000e+00   1.2649130e-05
   1.3390000e+03   0.0000000e+00   1.2604047e-05
   1.3400000e+03   0.0000000e+00   1.2559125e-05
   1.3410000e+03   0.0000000e+00   1.2514363e-05
   1.3420000e+03   0.0000000e+00   1.2469761e-05
   1.3430000e+03   0.0000000e+00   1.2425317e-05
   1.3440000e+03   0.0000000e+00   1.2381032e-05
   1.3450000e+03   0.0000000e+00   1.2336905e-05
   1.3460000e+03   0.0000000e+00   1.2292935e-05
   1.3470000e+03   0.0000000e+00   1.2249122e-05
   1.3480000e+03   0.0000000e+00   1.2205465e-05
   1.3490000e+03   0.0000000e+00   1.2161963e-05
   1.3500000e+03   0.0000000e+00   1.2118617e-05
   1.3510000e+03   0.0000000e+00   1.2075425e-05
   1.3520000e+03   0.0000000e+00   1.2032387e-05
   1.3530000e+03   0.0000000e+00   1.1989502e-05
   1.3540000e+03   0.0000000e+00   1.1946770e-05
   1.3550000e+03   0.0000000e+00   1.1904191e-05
   1.3560000e+03   0.0000000e+00   1.1861763e-05
   1.3570000e+03   0.0000000e+00   1.1819486e-05
   1.3580000e+03   0.0000000e+00   1.1777361e-05
   1.3590000e+03   0.0000000e+00   1.1735385e-05
   1.3600000e+03   0.0000000e+00   1.1693559e-05
   1.3610000e+03   0.0000000e+00   1.1651882e-05
   1.3620000e+03   0.0000000e+00   1.1610353e-05
   1.3630000e+03   0.0000000e+00   1.1568973e-05
   1.3640000e+03   0.0000000e+00   1.1527740e-05
   1.3650000e+03   0.0000000e+00   1.1486654e-05
   1.3660000e+03   0.0000000e+00   1.1445714e-05
   1.3670000e+03   0.0000000e+00   1.1404921e-05
   1.3680000e+03   0.0000000e+00   1.1364272e-05
   1.3690000e+03   0.0000000e+00   1.1323769e-05
   1.3700000e+03   0.0000000e+00   1.1283410e-05
   1.3710000e+03   0.0000000e+00   1.1243195e-05
   1.3720000e+03   0.0000000e+00   1.1203123e-05
   1.3730000e+03   0.0000000e+00   1.1163194e-05
   1.3740000e+03   0.0000000e+00   1.1123407e-05
   1.3750000e+03   0.0000000e+00   1.1083762e-05
   1.3760000e+03   0.0000000e+00   1.1044258e-05
   1.3770000e+03   0.0000000e+00   1.1004895e-05
   1.3780000e+03   0.0000000e+00   1.0965673e-05
   1.3790000e+03   0.0000000e+00   1.0926590e-05
   1.3800000e+03   0.0000000e+00   1.0887647e-05
   1.3810000e+03   0.0000000e+00   1.0848842e-05
   1.3820000e+03   0.0000000e+00   1.0810176e-05
   1.3830000e+03   0.0000000e+00   1.0771647e-05
   1.3840000e+03   0.0000000e+00   1.0733256e-05
   1.3850000e+03   0.0000000e+00   1.0695001e-05
   1.3860000e+03   0.0000000e+00   1.0656883e-05
   1.3870000e+03   0.0000000e+00   1.0618901e-05
   1.3880000e+03   0.0000000e+00   1.0581054e-05
   1.3890000e+03   0.0000000e+00   1.0543342e-05
   1.3900000e+03   0.0000000e+00   1.0505765e-05
   1.3910000e+03   0.0000000e+00   1.0468321e-05
   1.3920000e+03   0.0000000e+00   1.0431011e-05
   1.3930000e+03   0.0000000e+00   1.0393834e-05
   1.3940000e+03   0.0000000e+00   1.0356789e-05
   1.3950000e+03   0.0000000e+00   1.0319877e-05
   1.3960000e+03   0.0000000e+00   1.0283096e-05
   1.3970000e+03   0.0000000e+00   1.0246446e-05
   1.3980000e+03   0.0000000e+00   1.0209926e-05
   1.3990000e+03   0.0000000e+00   1.0173537e-05
   1.4000000e+03   0.0000000e+00   1.0137278e-05
   1.4010000e+03   0.0000000e+00   1.0101147e-05
   1.4020000e+03   0.0000000e+00   1.0065146e-05
   1.4030000e+03   0.0000000e+00   1.0029273e-05
   1.4040000e+03   1.0000000e+00   9.9935272e-06
   1.4050000e+03   0.0000000e+00   9.9579093e-06
   1.4060000e+03   0.0000000e+00   9.9224183e-06
   1.4070000e+03   0.0000000e+00   9.8870538e-06
   1.4080000e+03   0.0000000e+00   9.8518153e-06
   1.4090000e+03   0.0000000e+00   9.8167024e-06
   1.4100000e+03   0.0000000e+00   9.7817147e-06
   1.4110000e+03   0.0000000e+00   9.7468517e-06
   1.4120000e+03   0.0000000e+00   9.7121130e-06
   1.4130000e+03   0.0000000e+00   9.6774980e-06
   1.4140000e+03   0.0000000e+00   9.6430064e-06
   1.4150000e+03   0.0000000e+00   9.6086378e-06
   1.4160000e+03   0.0000000e+00   9.5743916e-06
   1.4170000e+03   0.0000000e+00   9.5402675e-06
   1.4180000e+03   0.0000000e+00   9.5062651e-06
   1.4190000e+03   0.0000000e+00   9.4723838e-06
   1.4200000e+03   0.0000000e+00   9.4386233e-06
   1.4210000e+03   0.0000000e+00   9.4049830e-06
   1.4220000e+03   0.0000000e+00   9.3714627e-06
   1.4230000e+03   0.0000000e+00   9.3380619e-06
   1.4240000e+03   0.0000000e+00   9.3047801e-06
   1.4250000e+03   0.0000000e+00   9.2716169e-06
   1.4260000e+03   0.0000000e+00   9.2385720e-06
   1.4270000e+03   0.0000000e+00   9.2056448e-06
   1.4280000e+03   0.0000000e+00   9.1728349e-06
   1.4290000e+03   0.0000000e+00   9.1401420e-06
   1.4300000e+03   0.0000000e+00   9.1075656e-06
   1.4310000e+03   0.0000000e+00   9.0751053e-06
   1.4320000e+03   0.0000000e+00   9.0427608e-06
   1.4330000e+03   0.0000000e+00   9.0105314e-06
   1.4340000e+03   0.0000000e+00   8.9784170e-06
   1.4350000e+03   0.0000000e+00   8.9464170e-06
   1.4360000e+03   0.0000000e+00   8.9145311e-06
   1.4370000e+03   0.0000000e+00   8.8827588e-06
   1.4380000e+03   0.0000000e+00   8.8510998e-06
   1.4390000e+03   0.0000000e+00   8.8195536e-06
   1.4400000e+03   0.0000000e+00   8.7881198e-06
   1.4410000e+03   0.0000000e+00   8.7567980e-06
   1.4420000e+03   0.0000000e+00   8.7255879e-06
   1.4430000e+03   0.0000000e+00   8.6944891e-06
   1.4440000e+03   0.0000000e+00   8.6635010e-06
   1.4450000e+03   0.0000000e+00   8.6326234e-06
   1.4460000e+03   0.0000000e+00   8.6018559e-06
   1.4470000e+03   0.0000000e+00   8.5711980e-06
   1.4480000e+03   0.0000000e+00   8.5406494e-06
   1.4490000e+03   0.0000000e+00   8.5102097e-06
   1.4500000e+03   0.0000000e+00   8.4798784e-06
   1.4510000e+03   0.0000000e+00   8.4496553e-06
   1.4520000e+03   0.0000000e+00   8.4195399e-06
   1.4530000e+03   0.0000000e+00   8.3895318e-06
   1.4540000e+03   0.0000000e+00   8.3596306e-06
   1.4550000e+03   0.0000000e+00   8.3298361e-06
   1.4560000e+03   0.0000000e+00   8.3001477e-06
   1.4570000e+03   0.0000000e+00   8.2705651e-06
   1.4580000e+03   0.0000000e+00   8.2410880e-06
   1.4590000e+03   0.0000000e+00   8.2117159e-06
   1.4600000e+03   0.0000000e+00   8.1824486e-06
   1.4610000e+03   0.0000000e+00   8.1532855e-06
   1.4620000e+03   0.0000000e+00   8.1242264e-06
   1.4630000e+03   0.0000000e+00   8.0952708e-06
   1.4640000e+03   0.0000000e+00   8.0664184e-06
   1.4650000e+03   0.0000000e+00   8.0376689e-06
   1.4660000e+03   0.0000000e+00   8.0090218e-06
   1.4670000e+03   0.0000000e+00   7.9804769e-06
   1.4680000e+03   0.0000000e+00   7.9520337e-06
   1.4690000e+03   0.0000000e+00   7.9236918e-06
   1.4700000e+03   0.0000000e+00   7.8954510e-06
   1.4710000e+03   0.0000000e+00   7.8673108e-06
   1.4720000e+03   0.0000000e+00   7.8392709e-06
   1.4730000e+03   0.0000000e+00   7.8113310e-06
   1.4740000e+03   0.0000000e+00   7.7834906e-06
   1.4750000e+03   0.0000000e+00   7.7557494e-06
   1.4760000e+03   0.0000000e+00   7.7281072e-06
   1.4770000e+03   0.0000000e+00   7.7005634e-06
   1.4780000e+03   0.0000000e+00   7.6731178e-06
   1.4790000e+03   0.0000000e+00   7.6457701e-06
   1.4800000e+03   0.0000000e+00   7.6185198e-06
   1.4810000e+03   0.0000000e+00   7.5913666e-06
   1.4820000e+03   0.0000000e+00   7.5643102e-06
   1.4830000e+03   0.0000000e+00   7.5373503e-06
   1.4840000e+03   0.0000000e+00   7.5104864e-06
   1.4850000e+03   0.0000000e+00   7.4837183e-06
   1.4860000e+03   0.0000000e+00   7.4570455e-06
   1.4870000e+03   0.0000000e+00   7.4304679e-06
   1.4880000e+03   0.0000000e+00   7.4039849e-06
   1.4890000e+03   0.0000000e+00   7.3775964e-06
   1.4900000e+03   0.0000000e+00   7.3513019e-06
   1.4910000e+03   0.0000000e+00   7.3251011e-06
   1.4920000e+03   0.0000000e+00   7.2989937e-06
   1.4930000e+03   0.0000000e+00   7.2729794e-06
   1.4940000e+03   0.0000000e+00   7.2470577e-06
   1.4950000e+03   0.0000000e+00   7.2212285e-06
   1.4960000e+03   0.0000000e+00   7.1954913e-06
   1.4970000e+03   0.0000000e+00   7.1698458e-06
   1.4980000e+03   0.0000000e+00   7.1442918e-06
   1.4990000e+03   0.0000000e+00   7.1188288e-06
   1.5000000e+03   0.0000000e+00   7.0934566e-06
   1.5010000e+03   0.0000000e+00   7.0681748e-06
   1.5020000e+03   0.0000000e+00   7.0429831e-06
   1.5030000e+03   0.0000000e+00   7.0178812e-06
   1.5040000e+03   0.0000000e+00   6.9928688e-06
   1.5050000e+03   0.0000000e+00   6.9679455e-06
   1.5060000e+03   0.0000000e+00   6.9431110e-06
   1.5070000e+03   0.0000000e+00   6.9183651e-06
   1.5080000e+03   0.0000000e+00   6.8937073e-06
   1.5090000e+03   0.0000000e+00   6.8691375e-06
   1.5100000e+03   0.0000000e+00   6.8446552e-06
   1.5110000e+03   0.0000000e+00   6.8202601e-06
   1.5120000e+03   0.0000000e+00   6.7959520e-06
   1.5130000e+03   0.0000000e+00   6.7717306e-06
   1.5140000e+03   0.0000000e+00   6.7475955e-06
   1.5150000e+03   0.0000000e+00   6.7235463e-06
   1.5160000e+03   0.0000000e+00   6.6995830e-06
   1.5170000e+03   0.0000000e+00   6.6757050e-06
   1.5180000e+03   0.0000000e+00   6.6519121e-06
   1.5190000e+03   0.0000000e+00   6.6282040e-06
   1.5200000e+03   0.0000000e+00   6.6045804e-06
   1.5210000e+03   0.0000000e+00   6.5810410e-06
   1.5220000e+03   0.0000000e+00   6.5575855e-06
   1.5230000e+03   0.0000000e+00   6.5342136e-06
   1.5240000e+03   0.0000000e+00   6.5109250e-06
   1.5250000e+03   0.0000000e+00   6.4877194e-06
   1.5260000e+03   0.0000000e+00   6.4645966e-06
   1.5270000e+03   0.0000000e+00   6.4415561e-06
   1.5280000e+03   0.0000000e+00   6.4185977e-06
   1.5290000e+03   0.0000000e+00   6.3957212e-06
   1.5300000e+03   0.0000000e+00   6.3729262e-06
   1.5310000e+03   0.0000000e+00   6.3502125e-06
   1.5320000e+03   0.0000000e+00   6.3275797e-06
   1.5330000e+03   0.0000000e+00   6.3050275e-06
   1.5340000e+03   0.0000000e+00   6.2825558e-06
   1.5350000e+03   0.0000000e+00   6.2601641e-06
   1.5360000e+03   0.0000000e+00   6.2378523e-06
   1.5370000e+03   0.0000000e+00   6.2156199e-06
   1.5380000e+03   0.0000000e+00   6.1934668e-06
   1.5390000e+03   1.0000000e+00   6.1713927e-06
