   1.0000000e+00   3.0000000e+01   3.6225925e-02
   2.0000000e+00   3.7000000e+01   3.4486120e-02
   3.0000000e+00   2.7000000e+01   3.2833541e-02
   4.0000000e+00   2.3000000e+01   3.1263794e-02
   5.0000000e+00   2.4000000e+01   2.9772701e-02
   6.0000000e+00   2.1000000e+01   2.8356298e-02
   7.0000000e+00   1.4000000e+01   2.7010821e-02
   8.0000000e+00   2.4000000e+01   2.5732695e-02
   9.0000000e+00   1.9000000e+01   2.4518526e-02
   1.0000000e+01   1.6000000e+01   2.3365090e-02
   1.1000000e+01   1.9000000e+01   2.2269327e-02
   1.2000000e+01   1.8000000e+01   2.1228330e-02
   1.3000000e+01   2.6000000e+01   2.0239340e-02
   1.4000000e+01   1.2000000e+01   1.9299737e-02
   1.5000000e+01   1.3000000e+01   1.8407032e-02
   1.6000000e+01   1.0000000e+01   1.7558862e-02
   1.7000000e+01   9.0000000e+00   1.6752984e-02
   1.8000000e+01   9.0000000e+00   1.5987267e-02
   1.9000000e+01   1.6000000e+01   1.5259689e-02
   2.0000000e+01   8.0000000e+00   1.4568328e-02
   2.1000000e+01   1.3000000e+01   1.3911360e-02
   2.2000000e+01   1.7000000e+01   1.3287054e-02
   2.3000000e+01   1.0000000e+01   1.2693765e-02
   2.4000000e+01   7.0000000e+00   1.2129930e-02
   2.5000000e+01   9.0000000e+00   1.1594067e-02
   2.6000000e+01   1.2000000e+01   1.1084768e-02
   2.7000000e+01   9.0000000e+00   1.0600695e-02
   2.8000000e+01   1.3000000e+01   1.0140579e-02
   2.9000000e+01   9.0000000e+00   9.7032144e-03
   3.0000000e+01   4.0000000e+00   9.2874559e-03
   3.1000000e+01   6.0000000e+00   8.8922165e-03
   3.2000000e+01   9.0000000e+00   8.5164639e-03
   3.3000000e+01   5.0000000e+00   8.1592177e-03
   3.4000000e+01   8.0000000e+00   7.8195473e-03
   3.5000000e+01   7.0000000e+00   7.4965686e-03
   3.6000000e+01   1.0000000e+01   7.1894424e-03
   3.7000000e+01   1.0000000e+01   6.8973717e-03
   3.8000000e+01   9.0000000e+00   6.6195997e-03
   3.9000000e+01   3.0000000e+00   6.3554077e-03
   4.0000000e+01   7.0000000e+00   6.1041133e-03
   4.1000000e+01   5.0000000e+00   5.8650686e-03
   4.2000000e+01   2.0000000e+00   5.6376583e-03
   4.3000000e+01   2.0000000e+00   5.4212979e-03
   4.4000000e+01   5.0000000e+00   5.2154327e-03
   4.5000000e+01   4.0000000e+00   5.0195359e-03
   4.6000000e+01   1.0000000e+00   4.8331071e-03
   4.7000000e+01   8.0000000e+00   4.6556713e-03
   4.8000000e+01   4.0000000e+00   4.4867772e-03
   4.9000000e+01   6.0000000e+00   4.3259966e-03
   5.0000000e+01   2.0000000e+00   4.1729227e-03
   5.1000000e+01   0.0000000e+00   4.0271691e-03
   5.2000000e+01   3.0000000e+00   3.8883691e-03
   5.3000000e+01   6.0000000e+00   3.7561743e-03
   5.4000000e+01   3.0000000e+00   3.6302539e-03
   5.5000000e+01   4.0000000e+00   3.5102939e-03
   5.6000000e+01   1.0000000e+00   3.3959961e-03
   5.7000000e+01   3.0000000e+00   3.2870770e-03
   5.8000000e+01   3.0000000e+00   3.1832679e-03
   5.9000000e+01   0.0000000e+00   3.0843133e-03
   6.0000000e+01   2.0000000e+00   2.9899707e-03
   6.1000000e+01   0.0000000e+00   2.9000097e-03
   6.2000000e+01   2.0000000e+00   2.8142116e-03
   6.3000000e+01   3.0000000e+00   2.7323688e-03
   6.4000000e+01   1.0000000e+00   2.6542839e-03
   6.5000000e+01   2.0000000e+00   2.5797698e-03
   6.6000000e+01   2.0000000e+00   2.5086486e-03
   6.7000000e+01   3.0000000e+00   2.4407513e-03
   6.8000000e+01   1.0000000e+00   2.3759175e-03
   6.9000000e+01   1.0000000e+00   2.3139951e-03
   7.0000000e+01   3.0000000e+00   2.2548392e-03
   7.1000000e+01   1.0000000e+00   2.1983125e-03
   7.2000000e+01   2.0000000e+00   2.1442846e-03
   7.3000000e+01   4.0000000e+00   2.0926316e-03
   7.4000000e+01   2.0000000e+00   2.0432359e-03
   7.5000000e+01   2.0000000e+00   1.9959857e-03
   7.6000000e+01   1.0000000e+00   1.9507750e-03
   7.7000000e+01   1.0000000e+00   1.9075029e-03
   7.8000000e+01   1.0000000e+00   1.8660738e-03
   7.9000000e+01   1.0000000e+00   1.8263968e-03
   8.0000000e+01   2.0000000e+00   1.7883856e-03
   8.1000000e+01   1.0000000e+00   1.7519583e-03
   8.2000000e+01   0.0000000e+00   1.7170369e-03
   8.3000000e+01   4.0000000e+00   1.6835476e-03
   8.4000000e+01   0.0000000e+00   1.6514202e-03
   8.5000000e+01   2.0000000e+00   1.6205879e-03
   8.6000000e+01   1.0000000e+00   1.5909875e-03
   8.7000000e+01   0.0000000e+00   1.5625588e-03
   8.8000000e+01   1.0000000e+00   1.5352446e-03
   8.9000000e+01   1.0000000e+00   1.5089908e-03
   9.0000000e+01   2.0000000e+00   1.4837457e-03
   9.1000000e+01   1.0000000e+00   1.4594605e-03
   9.2000000e+01   1.0000000e+00   1.4360886e-03
   9.3000000e+01   0.0000000e+00   1.4135860e-03
   9.4000000e+01   0.0000000e+00   1.3919106e-03
   9.5000000e+01   1.0000000e+00   1.3710226e-03
   9.6000000e+01   2.0000000e+00   1.3508842e-03
   9.7000000e+01   0.0000000e+00   1.3314594e-03
   9.8000000e+01   1.0000000e+00   1.3127142e-03
   9.9000000e+01   0.0000000e+00   1.2946161e-03
   1.0000000e+02   1.0000000e+00   1.2771342e-03
   1.0100000e+02   1.0000000e+00   1.2602394e-03
   1.0200000e+02   0.0000000e+00   1.2439038e-03
   1.0300000e+02   0.0000000e+00   1.2281010e-03
   1.0400000e+02   1.0000000e+00   1.2128059e-03
   1.0500000e+02   1.0000000e+00   1.1979948e-03
   1.0600000e+02   1.0000000e+00   1.1836449e-03
   1.0700000e+02   2.0000000e+00   1.1697348e-03
   1.0800000e+02   1.0000000e+00   1.1562441e-03
   1.0900000e+02   0.0000000e+00   1.1431532e-03
   1.1000000e+02   2.0000000e+00   1.1304438e-03
   1.1100000e+02   0.0000000e+00   1.1180984e-03
   1.1200000e+02   1.0000000e+00   1.1061003e-03
   1.1300000e+02   1.0000000e+00   1.0944336e-03
   1.1400000e+02   0.0000000e+00   1.0830834e-03
   1.1500000e+02   0.0000000e+00   1.0720354e-03
   1.1600000e+02   0.0000000e+00   1.0612759e-03
   1.1700000e+02   1.0000000e+00   1.0507921e-03
   1.1800000e+02   1.0000000e+00   1.0405718e-03
   1.1900000e+02   0.0000000e+00   1.0306032e-03
   1.2000000e+02   0.0000000e+00   1.0208753e-03
   1.2100000e+02   1.0000000e+00   1.0113776e-03
   1.2200000e+02   4.0000000e+00   1.0021000e-03
   1.2300000e+02   0.0000000e+00   9.9303308e-04
   1.2400000e+02   2.0000000e+00   9.8416778e-04
   1.2500000e+02   2.0000000e+00   9.7549551e-04
   1.2600000e+02   1.0000000e+00   9.6700808e-04
   1.2700000e+02   1.0000000e+00   9.5869773e-04
   1.2800000e+02   0.0000000e+00   9.5055709e-04
   1.2900000e+02   1.0000000e+00   9.4257912e-04
   1.3000000e+02   0.0000000e+00   9.3475714e-04
   1.3100000e+02   2.0000000e+00   9.2708482e-04
   1.3200000e+02   2.0000000e+00   9.1955610e-04
   1.3300000e+02   0.0000000e+00   9.1216525e-04
   1.3400000e+02   0.0000000e+00   9.0490680e-04
   1.3500000e+02   3.0000000e+00   8.9777555e-04
   1.3600000e+02   1.0000000e+00   8.9076657e-04
   1.3700000e+02   0.0000000e+00   8.8387514e-04
   1.3800000e+02   0.0000000e+00   8.7709680e-04
   1.3900000e+02   1.0000000e+00   8.7042728e-04
   1.4000000e+02   3.0000000e+00   8.6386253e-04
   1.4100000e+02   1.0000000e+00   8.5739870e-04
   1.4200000e+02   2.0000000e+00   8.5103211e-04
   1.4300000e+02   1.0000000e+00   8.4475927e-04
   1.4400000e+02   1.0000000e+00   8.3857685e-04
   1.4500000e+02   2.0000000e+00   8.3248169e-04
   1.4600000e+02   0.0000000e+00   8.2647076e-04
   1.4700000e+02   0.0000000e+00   8.2054120e-04
   1.4800000e+02   1.0000000e+00   8.1469026e-04
   1.4900000e+02   0.0000000e+00   8.0891535e-04
   1.5000000e+02   1.0000000e+00   8.0321397e-04
   1.5100000e+02   2.0000000e+00   7.9758376e-04
   1.5200000e+02   2.0000000e+00   7.9202247e-04
   1.5300000e+02   0.0000000e+00   7.8652794e-04
   1.5400000e+02   1.0000000e+00   7.8109812e-04
   1.5500000e+02   1.0000000e+00   7.7573106e-04
   1.5600000e+02   0.0000000e+00   7.7042490e-04
   1.5700000e+02   1.0000000e+00   7.6517785e-04
   1.5800000e+02   1.0000000e+00   7.5998822e-04
   1.5900000e+02   1.0000000e+00   7.5485440e-04
   1.6000000e+02   0.0000000e+00   7.4977483e-04
   1.6100000e+02   0.0000000e+00   7.4474805e-04
   1.6200000e+02   0.0000000e+00   7.3977264e-04
   1.6300000e+02   0.0000000e+00   7.3484725e-04
   1.6400000e+02   0.0000000e+00   7.2997062e-04
   1.6500000e+02   2.0000000e+00   7.2514149e-04
   1.6600000e+02   1.0000000e+00   7.2035872e-04
   1.6700000e+02   1.0000000e+00   7.1562116e-04
   1.6800000e+02   0.0000000e+00   7.1092775e-04
   1.6900000e+02   0.0000000e+00   7.0627747e-04
   1.7000000e+02   1.0000000e+00   7.0166933e-04
   1.7100000e+02   1.0000000e+00   6.9710239e-04
   1.7200000e+02   0.0000000e+00   6.9257576e-04
   1.7300000e+02   2.0000000e+00   6.8808856e-04
   1.7400000e+02   1.0000000e+00   6.8363999e-04
   1.7500000e+02   0.0000000e+00   6.7922924e-04
   1.7600000e+02   0.0000000e+00   6.7485556e-04
   1.7700000e+02   0.0000000e+00   6.7051822e-04
   1.7800000e+02   0.0000000e+00   6.6621652e-04
   1.7900000e+02   0.0000000e+00   6.6194981e-04
   1.8000000e+02   1.0000000e+00   6.5771742e-04
   1.8100000e+02   0.0000000e+00   6.5351876e-04
   1.8200000e+02   1.0000000e+00   6.4935321e-04
   1.8300000e+02   0.0000000e+00   6.4522023e-04
   1.8400000e+02   0.0000000e+00   6.4111925e-04
   1.8500000e+02   0.0000000e+00   6.3704976e-04
   1.8600000e+02   0.0000000e+00   6.3301123e-04
   1.8700000e+02   1.0000000e+00   6.2900320e-04
   1.8800000e+02   0.0000000e+00   6.2502518e-04
   1.8900000e+02   0.0000000e+00   6.2107673e-04
   1.9000000e+02   1.0000000e+00   6.1715741e-04
   1.9100000e+02   0.0000000e+00   6.1326679e-04
   1.9200000e+02   0.0000000e+00   6.0940448e-04
   1.9300000e+02   0.0000000e+00   6.0557007e-04
   1.9400000e+02   1.0000000e+00   6.0176319e-04
   1.9500000e+02   1.0000000e+00   5.9798348e-04
   1.9600000e+02   2.0000000e+00   5.9423058e-04
   1.9700000e+02   0.0000000e+00   5.9050414e-04
   1.9800000e+02   0.0000000e+00   5.8680385e-04
   1.9900000e+02   0.0000000e+00   5.8312937e-04
   2.0000000e+02   1.0000000e+00   5.7948040e-04
   2.0100000e+02   1.0000000e+00   5.7585663e-04
   2.0200000e+02   0.0000000e+00   5.7225777e-04
   2.0300000e+02   0.0000000e+00   5.6868354e-04
   2.0400000e+02   0.0000000e+00   5.6513367e-04
   2.0500000e+02   0.0000000e+00   5.6160789e-04
   2.0600000e+02   1.0000000e+00   5.5810593e-04
   2.0700000e+02   1.0000000e+00   5.5462755e-04
   2.0800000e+02   1.0000000e+00   5.5117250e-04
   2.0900000e+02   0.0000000e+00   5.4774054e-04
   2.1000000e+02   0.0000000e+00   5.4433144e-04
   2.1100000e+02   0.0000000e+00   5.4094498e-04
   2.1200000e+02   0.0000000e+00   5.3758092e-04
   2.1300000e+02   0.0000000e+00   5.3423906e-04
   2.1400000e+02   2.0000000e+00   5.3091918e-04
   2.1500000e+02   0.0000000e+00   5.2762109e-04
   2.1600000e+02   0.0000000e+00   5.2434457e-04
   2.1700000e+02   0.0000000e+00   5.2108944e-04
   2.1800000e+02   1.0000000e+00   5.1785550e-04
   2.1900000e+02   0.0000000e+00   5.1464257e-04
   2.2000000e+02   0.0000000e+00   5.1145046e-04
   2.2100000e+02   0.0000000e+00   5.0827899e-04
   2.2200000e+02   0.0000000e+00   5.0512799e-04
   2.2300000e+02   0.0000000e+00   5.0199728e-04
   2.2400000e+02   0.0000000e+00   4.9888670e-04
   2.2500000e+02   1.0000000e+00   4.9579607e-04
   2.2600000e+02   0.0000000e+00   4.9272525e-04
   2.2700000e+02   0.0000000e+00   4.8967406e-04
   2.2800000e+02   1.0000000e+00   4.8664236e-04
   2.2900000e+02   0.0000000e+00   4.8362998e-04
   2.3000000e+02   2.0000000e+00   4.8063678e-04
   2.3100000e+02   2.0000000e+00   4.7766260e-04
   2.3200000e+02   0.0000000e+00   4.7470731e-04
   2.3300000e+02   0.0000000e+00   4.7177075e-04
   2.3400000e+02   1.0000000e+00   4.6885280e-04
   2.3500000e+02   1.0000000e+00   4.6595329e-04
   2.3600000e+02   1.0000000e+00   4.6307211e-04
   2.3700000e+02   2.0000000e+00   4.6020911e-04
   2.3800000e+02   0.0000000e+00   4.5736416e-04
   2.3900000e+02   0.0000000e+00   4.5453713e-04
   2.4000000e+02   0.0000000e+00   4.5172789e-04
   2.4100000e+02   0.0000000e+00   4.4893631e-04
   2.4200000e+02   0.0000000e+00   4.4616227e-04
   2.4300000e+02   0.0000000e+00   4.4340564e-04
   2.4400000e+02   0.0000000e+00   4.4066630e-04
   2.4500000e+02   1.0000000e+00   4.3794412e-04
   2.4600000e+02   0.0000000e+00   4.3523899e-04
   2.4700000e+02   1.0000000e+00   4.3255080e-04
   2.4800000e+02   0.0000000e+00   4.2987941e-04
   2.4900000e+02   0.0000000e+00   4.2722472e-04
   2.5000000e+02   0.0000000e+00   4.2458661e-04
   2.5100000e+02   0.0000000e+00   4.2196497e-04
   2.5200000e+02   0.0000000e+00   4.1935968e-04
   2.5300000e+02   0.0000000e+00   4.1677065e-04
   2.5400000e+02   0.0000000e+00   4.1419775e-04
   2.5500000e+02   0.0000000e+00   4.1164088e-04
   2.5600000e+02   0.0000000e+00   4.0909993e-04
   2.5700000e+02   0.0000000e+00   4.0657479e-04
   2.5800000e+02   0.0000000e+00   4.0406537e-04
   2.5900000e+02   0.0000000e+00   4.0157155e-04
   2.6000000e+02   0.0000000e+00   3.9909324e-04
   2.6100000e+02   1.0000000e+00   3.9663033e-04
   2.6200000e+02   0.0000000e+00   3.9418271e-04
   2.6300000e+02   0.0000000e+00   3.9175030e-04
   2.6400000e+02   0.0000000e+00   3.8933299e-04
   2.6500000e+02   0.0000000e+00   3.8693068e-04
   2.6600000e+02   1.0000000e+00   3.8454328e-04
   2.6700000e+02   0.0000000e+00   3.8217069e-04
   2.6800000e+02   0.0000000e+00   3.7981280e-04
   2.6900000e+02   0.0000000e+00   3.7746954e-04
   2.7000000e+02   1.0000000e+00   3.7514080e-04
   2.7100000e+02   0.0000000e+00   3.7282649e-04
   2.7200000e+02   0.0000000e+00   3.7052652e-04
   2.7300000e+02   0.0000000e+00   3.6824079e-04
   2.7400000e+02   0.0000000e+00   3.6596922e-04
   2.7500000e+02   0.0000000e+00   3.6371171e-04
   2.7600000e+02   1.0000000e+00   3.6146818e-04
   2.7700000e+02   0.0000000e+00   3.5923853e-04
   2.7800000e+02   2.0000000e+00   3.5702268e-04
   2.7900000e+02   1.0000000e+00   3.5482054e-04
   2.8000000e+02   0.0000000e+00   3.5263202e-04
   2.8100000e+02   0.0000000e+00   3.5045704e-04
   2.8200000e+02   1.0000000e+00   3.4829551e-04
   2.8300000e+02   1.0000000e+00   3.4614734e-04
   2.8400000e+02   0.0000000e+00   3.4401246e-04
   2.8500000e+02   0.0000000e+00   3.4189077e-04
   2.8600000e+02   0.0000000e+00   3.3978220e-04
   2.8700000e+02   1.0000000e+00   3.3768666e-04
   2.8800000e+02   0.0000000e+00   3.3560407e-04
   2.8900000e+02   1.0000000e+00   3.3353435e-04
   2.9000000e+02   0.0000000e+00   3.3147742e-04
   2.9100000e+02   0.0000000e+00   3.2943320e-04
   2.9200000e+02   0.0000000e+00   3.2740160e-04
   2.9300000e+02   0.0000000e+00   3.2538255e-04
   2.9400000e+02   0.0000000e+00   3.2337598e-04
   2.9500000e+02   1.0000000e+00   3.2138179e-04
   2.9600000e+02   0.0000000e+00   3.1939992e-04
   2.9700000e+02   0.0000000e+00   3.1743029e-04
   2.9800000e+02   0.0000000e+00   3.1547282e-04
   2.9900000e+02   0.0000000e+00   3.1352744e-04
   3.0000000e+02   1.0000000e+00   3.1159407e-04
   3.0100000e+02   0.0000000e+00   3.0967263e-04
   3.0200000e+02   2.0000000e+00   3.0776305e-04
   3.0300000e+02   0.0000000e+00   3.0586527e-04
   3.0400000e+02   0.0000000e+00   3.0397919e-04
   3.0500000e+02   0.0000000e+00   3.0210476e-04
   3.0600000e+02   0.0000000e+00   3.0024189e-04
   3.0700000e+02   0.0000000e+00   2.9839052e-04
   3.0800000e+02   0.0000000e+00   2.9655058e-04
   3.0900000e+02   0.0000000e+00   2.9472199e-04
   3.1000000e+02   0.0000000e+00   2.9290469e-04
   3.1100000e+02   0.0000000e+00   2.9109860e-04
   3.1200000e+02   1.0000000e+00   2.8930365e-04
   3.1300000e+02   0.0000000e+00   2.8751978e-04
   3.1400000e+02   0.0000000e+00   2.8574691e-04
   3.1500000e+02   0.0000000e+00   2.8398499e-04
   3.1600000e+02   0.0000000e+00   2.8223393e-04
   3.1700000e+02   1.0000000e+00   2.8049368e-04
   3.1800000e+02   0.0000000e+00   2.7876416e-04
   3.1900000e+02   1.0000000e+00   2.7704531e-04
   3.2000000e+02   0.0000000e+00   2.7533707e-04
   3.2100000e+02   0.0000000e+00   2.7363936e-04
   3.2200000e+02   0.0000000e+00   2.7195212e-04
   3.2300000e+02   0.0000000e+00   2.7027530e-04
   3.2400000e+02   0.0000000e+00   2.6860881e-04
   3.2500000e+02   0.0000000e+00   2.6695261e-04
   3.2600000e+02   0.0000000e+00   2.6530662e-04
   3.2700000e+02   0.0000000e+00   2.6367078e-04
   3.2800000e+02   0.0000000e+00   2.6204503e-04
   3.2900000e+02   0.0000000e+00   2.6042931e-04
   3.3000000e+02   1.0000000e+00   2.5882356e-04
   3.3100000e+02   0.0000000e+00   2.5722771e-04
   3.3200000e+02   0.0000000e+00   2.5564170e-04
   3.3300000e+02   0.0000000e+00   2.5406547e-04
   3.3400000e+02   0.0000000e+00   2.5249897e-04
   3.3500000e+02   0.0000000e+00   2.5094212e-04
   3.3600000e+02   0.0000000e+00   2.4939488e-04
   3.3700000e+02   0.0000000e+00   2.4785718e-04
   3.3800000e+02   0.0000000e+00   2.4632896e-04
   3.3900000e+02   0.0000000e+00   2.4481016e-04
   3.4000000e+02   0.0000000e+00   2.4330073e-04
   3.4100000e+02   0.0000000e+00   2.4180061e-04
   3.4200000e+02   1.0000000e+00   2.4030975e-04
   3.4300000e+02   0.0000000e+00   2.3882807e-04
   3.4400000e+02   1.0000000e+00   2.3735553e-04
   3.4500000e+02   0.0000000e+00   2.3589207e-04
   3.4600000e+02   0.0000000e+00   2.3443764e-04
   3.4700000e+02   0.0000000e+00   2.3299218e-04
   3.4800000e+02   0.0000000e+00   2.3155563e-04
   3.4900000e+02   0.0000000e+00   2.3012793e-04
   3.5000000e+02   2.0000000e+00   2.2870905e-04
   3.5100000e+02   0.0000000e+00   2.2729891e-04
   3.5200000e+02   0.0000000e+00   2.2589746e-04
   3.5300000e+02   0.0000000e+00   2.2450466e-04
   3.5400000e+02   0.0000000e+00   2.2312045e-04
   3.5500000e+02   2.0000000e+00   2.2174477e-04
   3.5600000e+02   1.0000000e+00   2.2037757e-04
   3.5700000e+02   1.0000000e+00   2.1901881e-04
   3.5800000e+02   0.0000000e+00   2.1766842e-04
   3.5900000e+02   0.0000000e+00   2.1632636e-04
   3.6000000e+02   0.0000000e+00   2.1499258e-04
   3.6100000e+02   0.0000000e+00   2.1366701e-04
   3.6200000e+02   0.0000000e+00   2.1234963e-04
   3.6300000e+02   0.0000000e+00   2.1104036e-04
   3.6400000e+02   0.0000000e+00   2.0973917e-04
   3.6500000e+02   0.0000000e+00   2.0844600e-04
   3.6600000e+02   0.0000000e+00   2.0716081e-04
   3.6700000e+02   1.0000000e+00   2.0588354e-04
   3.6800000e+02   0.0000000e+00   2.0461414e-04
   3.6900000e+02   1.0000000e+00   2.0335258e-04
   3.7000000e+02   0.0000000e+00   2.0209879e-04
   3.7100000e+02   0.0000000e+00   2.0085273e-04
   3.7200000e+02   0.0000000e+00   1.9961435e-04
   3.7300000e+02   0.0000000e+00   1.9838361e-04
   3.7400000e+02   2.0000000e+00   1.9716046e-04
   3.7500000e+02   0.0000000e+00   1.9594485e-04
   3.7600000e+02   0.0000000e+00   1.9473674e-04
   3.7700000e+02   0.0000000e+00   1.9353607e-04
   3.7800000e+02   0.0000000e+00   1.9234281e-04
   3.7900000e+02   0.0000000e+00   1.9115691e-04
   3.8000000e+02   0.0000000e+00   1.8997831e-04
   3.8100000e+02   0.0000000e+00   1.8880699e-04
   3.8200000e+02   0.0000000e+00   1.8764288e-04
   3.8300000e+02   0.0000000e+00   1.8648596e-04
   3.8400000e+02   0.0000000e+00   1.8533616e-04
   3.8500000e+02   0.0000000e+00   1.8419346e-04
   3.8600000e+02   0.0000000e+00   1.8305780e-04
   3.8700000e+02   0.0000000e+00   1.8192915e-04
   3.8800000e+02   0.0000000e+00   1.8080745e-04
   3.8900000e+02   0.0000000e+00   1.7969267e-04
   3.9000000e+02   0.0000000e+00   1.7858476e-04
   3.9100000e+02   0.0000000e+00   1.7748369e-04
   3.9200000e+02   0.0000000e+00   1.7638940e-04
   3.9300000e+02   0.0000000e+00   1.7530186e-04
   3.9400000e+02   0.0000000e+00   1.7422102e-04
   3.9500000e+02   0.0000000e+00   1.7314685e-04
   3.9600000e+02   0.0000000e+00   1.7207930e-04
   3.9700000e+02   0.0000000e+00   1.7101834e-04
   3.9800000e+02   0.0000000e+00   1.6996391e-04
   3.9900000e+02   0.0000000e+00   1.6891599e-04
   4.0000000e+02   2.0000000e+00   1.6787453e-04
   4.0100000e+02   0.0000000e+00   1.6683949e-04
   4.0200000e+02   0.0000000e+00   1.6581083e-04
   4.0300000e+02   1.0000000e+00   1.6478851e-04
   4.0400000e+02   0.0000000e+00   1.6377250e-04
   4.0500000e+02   0.0000000e+00   1.6276275e-04
   4.0600000e+02   0.0000000e+00   1.6175922e-04
   4.0700000e+02   0.0000000e+00   1.6076189e-04
   4.0800000e+02   0.0000000e+00   1.5977070e-04
   4.0900000e+02   0.0000000e+00   1.5878563e-04
   4.1000000e+02   0.0000000e+00   1.5780662e-04
   4.1100000e+02   1.0000000e+00   1.5683366e-04
   4.1200000e+02   0.0000000e+00   1.5586669e-04
   4.1300000e+02   0.0000000e+00   1.5490569e-04
   4.1400000e+02   0.0000000e+00   1.5395061e-04
   4.1500000e+02   0.0000000e+00   1.5300141e-04
   4.1600000e+02   0.0000000e+00   1.5205807e-04
   4.1700000e+02   0.0000000e+00   1.5112055e-04
   4.1800000e+02   0.0000000e+00   1.5018881e-04
   4.1900000e+02   0.0000000e+00   1.4926281e-04
   4.2000000e+02   0.0000000e+00   1.4834252e-04
   4.2100000e+02   0.0000000e+00   1.4742791e-04
   4.2200000e+02   0.0000000e+00   1.4651893e-04
   4.2300000e+02   0.0000000e+00   1.4561556e-04
   4.2400000e+02   0.0000000e+00   1.4471776e-04
   4.2500000e+02   0.0000000e+00   1.4382550e-04
   4.2600000e+02   0.0000000e+00   1.4293873e-04
   4.2700000e+02   0.0000000e+00   1.4205744e-04
   4.2800000e+02   0.0000000e+00   1.4118157e-04
   4.2900000e+02   0.0000000e+00   1.4031111e-04
   4.3000000e+02   0.0000000e+00   1.3944602e-04
   4.3100000e+02   0.0000000e+00   1.3858625e-04
   4.3200000e+02   0.0000000e+00   1.3773179e-04
   4.3300000e+02   0.0000000e+00   1.3688260e-04
   4.3400000e+02   1.0000000e+00   1.3603864e-04
   4.3500000e+02   0.0000000e+00   1.3519989e-04
   4.3600000e+02   0.0000000e+00   1.3436631e-04
   4.3700000e+02   0.0000000e+00   1.3353786e-04
   4.3800000e+02   0.0000000e+00   1.3271453e-04
   4.3900000e+02   0.0000000e+00   1.3189627e-04
   4.4000000e+02   0.0000000e+00   1.3108306e-04
   4.4100000e+02   0.0000000e+00   1.3027486e-04
   4.4200000e+02   1.0000000e+00   1.2947164e-04
   4.4300000e+02   0.0000000e+00   1.2867338e-04
   4.4400000e+02   0.0000000e+00   1.2788003e-04
   4.4500000e+02   0.0000000e+00   1.2709158e-04
   4.4600000e+02   1.0000000e+00   1.2630799e-04
   4.4700000e+02   0.0000000e+00   1.2552923e-04
   4.4800000e+02   0.0000000e+00   1.2475528e-04
   4.4900000e+02   0.0000000e+00   1.2398609e-04
   4.5000000e+02   0.0000000e+00   1.2322165e-04
   4.5100000e+02   0.0000000e+00   1.2246192e-04
   4.5200000e+02   0.0000000e+00   1.2170687e-04
   4.5300000e+02   0.0000000e+00   1.2095648e-04
   4.5400000e+02   0.0000000e+00   1.2021072e-04
   4.5500000e+02   0.0000000e+00   1.1946955e-04
   4.5600000e+02   0.0000000e+00   1.1873296e-04
   4.5700000e+02   0.0000000e+00   1.1800090e-04
   4.5800000e+02   0.0000000e+00   1.1727336e-04
   4.5900000e+02   0.0000000e+00   1.1655031e-04
   4.6000000e+02   0.0000000e+00   1.1583171e-04
   4.6100000e+02   0.0000000e+00   1.1511754e-04
   4.6200000e+02   0.0000000e+00   1.1440778e-04
   4.6300000e+02   0.0000000e+00   1.1370239e-04
   4.6400000e+02   0.0000000e+00   1.1300135e-04
   4.6500000e+02   0.0000000e+00   1.1230464e-04
   4.6600000e+02   0.0000000e+00   1.1161222e-04
   4.6700000e+02   0.0000000e+00   1.1092407e-04
   4.6800000e+02   0.0000000e+00   1.1024016e-04
   4.6900000e+02   0.0000000e+00   1.0956047e-04
   4.7000000e+02   1.0000000e+00   1.0888497e-04
   4.7100000e+02   0.0000000e+00   1.0821363e-04
   4.7200000e+02   0.0000000e+00   1.0754643e-04
   4.7300000e+02   1.0000000e+00   1.0688335e-04
   4.7400000e+02   0.0000000e+00   1.0622436e-04
   4.7500000e+02   0.0000000e+00   1.0556942e-04
   4.7600000e+02   0.0000000e+00   1.0491853e-04
   4.7700000e+02   0.0000000e+00   1.0427165e-04
   4.7800000e+02   0.0000000e+00   1.0362876e-04
   4.7900000e+02   0.0000000e+00   1.0298983e-04
   4.8000000e+02   0.0000000e+00   1.0235484e-04
   4.8100000e+02   0.0000000e+00   1.0172376e-04
   4.8200000e+02   0.0000000e+00   1.0109658e-04
   4.8300000e+02   0.0000000e+00   1.0047327e-04
   4.8400000e+02   0.0000000e+00   9.9853792e-05
   4.8500000e+02   0.0000000e+00   9.9238138e-05
   4.8600000e+02   0.0000000e+00   9.8626280e-05
   4.8700000e+02   0.0000000e+00   9.8018195e-05
   4.8800000e+02   0.0000000e+00   9.7413858e-05
   4.8900000e+02   0.0000000e+00   9.6813248e-05
   4.9000000e+02   0.0000000e+00   9.6216341e-05
   4.9100000e+02   0.0000000e+00   9.5623114e-05
   4.9200000e+02   0.0000000e+00   9.5033545e-05
   4.9300000e+02   0.0000000e+00   9.4447610e-05
   4.9400000e+02   0.0000000e+00   9.3865289e-05
   4.9500000e+02   0.0000000e+00   9.3286557e-05
   4.9600000e+02   0.0000000e+00   9.2711394e-05
   4.9700000e+02   1.0000000e+00   9.2139777e-05
   4.9800000e+02   1.0000000e+00   9.1571685e-05
   4.9900000e+02   1.0000000e+00   9.1007095e-05
   5.0000000e+02   0.0000000e+00   9.0445986e-05
   5.0100000e+02   0.0000000e+00   8.9888336e-05
   5.0200000e+02   0.0000000e+00   8.9334125e-05
   5.0300000e+02   0.0000000e+00   8.8783331e-05
   5.0400000e+02   0.0000000e+00   8.8235932e-05
   5.0500000e+02   0.0000000e+00   8.7691909e-05
   5.0600000e+02   0.0000000e+00   8.7151240e-05
   5.0700000e+02   0.0000000e+00   8.6613904e-05
   5.0800000e+02   0.0000000e+00   8.6079882e-05
   5.0900000e+02   0.0000000e+00   8.5549152e-05
   5.1000000e+02   0.0000000e+00   8.5021694e-05
   5.1100000e+02   0.0000000e+00   8.4497488e-05
   5.1200000e+02   0.0000000e+00   8.3976515e-05
   5.1300000e+02   0.0000000e+00   8.3458753e-05
   5.1400000e+02   0.0000000e+00   8.2944184e-05
   5.1500000e+02   0.0000000e+00   8.2432787e-05
   5.1600000e+02   0.0000000e+00   8.1924543e-05
   5.1700000e+02   0.0000000e+00   8.1419433e-05
   5.1800000e+02   0.0000000e+00   8.0917437e-05
   5.1900000e+02   0.0000000e+00   8.0418537e-05
   5.2000000e+02   1.0000000e+00   7.9922712e-05
   5.2100000e+02   0.0000000e+00   7.9429944e-05
   5.2200000e+02   0.0000000e+00   7.8940215e-05
   5.2300000e+02   0.0000000e+00   7.8453505e-05
   5.2400000e+02   1.0000000e+00   7.7969796e-05
   5.2500000e+02   0.0000000e+00   7.7489069e-05
   5.2600000e+02   0.0000000e+00   7.7011306e-05
   5.2700000e+02   0.0000000e+00   7.6536489e-05
   5.2800000e+02   0.0000000e+00   7.6064599e-05
   5.2900000e+02   0.0000000e+00   7.5595619e-05
   5.3000000e+02   0.0000000e+00   7.5129530e-05
   5.3100000e+02   0.0000000e+00   7.4666315e-05
   5.3200000e+02   1.0000000e+00   7.4205956e-05
   5.3300000e+02   1.0000000e+00   7.3748435e-05
   5.3400000e+02   0.0000000e+00   7.3293735e-05
   5.3500000e+02   0.0000000e+00   7.2841839e-05
   5.3600000e+02   0.0000000e+00   7.2392729e-05
   5.3700000e+02   0.0000000e+00   7.1946387e-05
   5.3800000e+02   0.0000000e+00   7.1502798e-05
   5.3900000e+02   0.0000000e+00   7.1061944e-05
   5.4000000e+02   0.0000000e+00   7.0623808e-05
   5.4100000e+02   0.0000000e+00   7.0188373e-05
   5.4200000e+02   0.0000000e+00   6.9755623e-05
   5.4300000e+02   0.0000000e+00   6.9325541e-05
   5.4400000e+02   0.0000000e+00   6.8898111e-05
   5.4500000e+02   0.0000000e+00   6.8473316e-05
   5.4600000e+02   0.0000000e+00   6.8051140e-05
   5.4700000e+02   0.0000000e+00   6.7631567e-05
   5.4800000e+02   0.0000000e+00   6.7214581e-05
   5.4900000e+02   0.0000000e+00   6.6800166e-05
   5.5000000e+02   0.0000000e+00   6.6388306e-05
   5.5100000e+02   2.0000000e+00   6.5978985e-05
   5.5200000e+02   0.0000000e+00   6.5572189e-05
   5.5300000e+02   0.0000000e+00   6.5167900e-05
   5.5400000e+02   0.0000000e+00   6.4766104e-05
   5.5500000e+02   0.0000000e+00   6.4366785e-05
   5.5600000e+02   0.0000000e+00   6.3969928e-05
   5.5700000e+02   1.0000000e+00   6.3575518e-05
   5.5800000e+02   0.0000000e+00   6.3183540e-05
   5.5900000e+02   0.0000000e+00   6.2793979e-05
   5.6000000e+02   0.0000000e+00   6.2406819e-05
   5.6100000e+02   0.0000000e+00   6.2022046e-05
   5.6200000e+02   0.0000000e+00   6.1639646e-05
   5.6300000e+02   0.0000000e+00   6.1259604e-05
   5.6400000e+02   1.0000000e+00   6.0881905e-05
   5.6500000e+02   0.0000000e+00   6.0506534e-05
   5.6600000e+02   0.0000000e+00   6.0133478e-05
   5.6700000e+02   0.0000000e+00   5.9762722e-05
   5.6800000e+02   0.0000000e+00   5.9394251e-05
   5.6900000e+02   0.0000000e+00   5.9028053e-05
   5.7000000e+02   0.0000000e+00   5.8664113e-05
   5.7100000e+02   0.0000000e+00   5.8302416e-05
   5.7200000e+02   0.0000000e+00   5.7942949e-05
   5.7300000e+02   0.0000000e+00   5.7585699e-05
   5.7400000e+02   0.0000000e+00   5.7230651e-05
   5.7500000e+02   0.0000000e+00   5.6877793e-05
   5.7600000e+02   0.0000000e+00   5.6527110e-05
   5.7700000e+02   0.0000000e+00   5.6178589e-05
   5.7800000e+02   0.0000000e+00   5.5832217e-05
   5.7900000e+02   0.0000000e+00   5.5487980e-05
   5.8000000e+02   0.0000000e+00   5.5145866e-05
   5.8100000e+02   0.0000000e+00   5.4805862e-05
   5.8200000e+02   0.0000000e+00   5.4467953e-05
   5.8300000e+02   0.0000000e+00   5.4132128e-05
   5.8400000e+02   0.0000000e+00   5.3798374e-05
   5.8500000e+02   0.0000000e+00   5.3466677e-05
   5.8600000e+02   0.0000000e+00   5.3137025e-05
   5.8700000e+02   0.0000000e+00   5.2809406e-05
   5.8800000e+02   0.0000000e+00   5.2483807e-05
   5.8900000e+02   0.0000000e+00   5.2160215e-05
   5.9000000e+02   0.0000000e+00   5.1838619e-05
   5.9100000e+02   0.0000000e+00   5.1519005e-05
   5.9200000e+02   0.0000000e+00   5.1201362e-05
   5.9300000e+02   0.0000000e+00   5.0885677e-05
   5.9400000e+02   0.0000000e+00   5.0571939e-05
   5.9500000e+02   0.0000000e+00   5.0260135e-05
   5.9600000e+02   0.0000000e+00   4.9950254e-05
   5.9700000e+02   0.0000000e+00   4.9642283e-05
   5.9800000e+02   0.0000000e+00   4.9336211e-05
   5.9900000e+02   0.0000000e+00   4.9032026e-05
   6.0000000e+02   0.0000000e+00   4.8729716e-05
   6.0100000e+02   0.0000000e+00   4.8429270e-05
   6.0200000e+02   0.0000000e+00   4.8130677e-05
   6.0300000e+02   0.0000000e+00   4.7833925e-05
   6.0400000e+02   0.0000000e+00   4.7539002e-05
   6.0500000e+02   0.0000000e+00   4.7245898e-05
   6.0600000e+02   0.0000000e+00   4.6954601e-05
   6.0700000e+02   0.0000000e+00   4.6665100e-05
   6.0800000e+02   0.0000000e+00   4.6377384e-05
   6.0900000e+02   0.0000000e+00   4.6091442e-05
   6.1000000e+02   0.0000000e+00   4.5807263e-05
   6.1100000e+02   0.0000000e+00   4.5524836e-05
   6.1200000e+02   0.0000000e+00   4.5244150e-05
   6.1300000e+02   0.0000000e+00   4.4965195e-05
   6.1400000e+02   0.0000000e+00   4.4687959e-05
   6.1500000e+02   0.0000000e+00   4.4412433e-05
   6.1600000e+02   1.0000000e+00   4.4138606e-05
   6.1700000e+02   0.0000000e+00   4.3866467e-05
   6.1800000e+02   0.0000000e+00   4.3596006e-05
   6.1900000e+02   0.0000000e+00   4.3327213e-05
   6.2000000e+02   0.0000000e+00   4.3060077e-05
   6.2100000e+02   0.0000000e+00   4.2794587e-05
   6.2200000e+02   0.0000000e+00   4.2530735e-05
   6.2300000e+02   0.0000000e+00   4.2268510e-05
   6.2400000e+02   0.0000000e+00   4.2007901e-05
   6.2500000e+02   0.0000000e+00   4.1748899e-05
   6.2600000e+02   0.0000000e+00   4.1491494e-05
   6.2700000e+02   0.0000000e+00   4.1235676e-05
   6.2800000e+02   0.0000000e+00   4.0981435e-05
   6.2900000e+02   0.0000000e+00   4.0728762e-05
   6.3000000e+02   0.0000000e+00   4.0477647e-05
   6.3100000e+02   0.0000000e+00   4.0228080e-05
   6.3200000e+02   0.0000000e+00   3.9980051e-05
   6.3300000e+02   0.0000000e+00   3.9733552e-05
   6.3400000e+02   0.0000000e+00   3.9488573e-05
   6.3500000e+02   0.0000000e+00   3.9245104e-05
   6.3600000e+02   0.0000000e+00   3.9003136e-05
   6.3700000e+02   0.0000000e+00   3.8762661e-05
   6.3800000e+02   0.0000000e+00   3.8523667e-05
   6.3900000e+02   0.0000000e+00   3.8286148e-05
   6.4000000e+02   0.0000000e+00   3.8050092e-05
   6.4100000e+02   0.0000000e+00   3.7815493e-05
   6.4200000e+02   0.0000000e+00   3.7582339e-05
   6.4300000e+02   0.0000000e+00   3.7350623e-05
   6.4400000e+02   0.0000000e+00   3.7120336e-05
   6.4500000e+02   0.0000000e+00   3.6891469e-05
   6.4600000e+02   0.0000000e+00   3.6664012e-05
   6.4700000e+02   0.0000000e+00   3.6437958e-05
   6.4800000e+02   0.0000000e+00   3.6213298e-05
   6.4900000e+02   1.0000000e+00   3.5990023e-05
   6.5000000e+02   0.0000000e+00   3.5768125e-05
   6.5100000e+02   0.0000000e+00   3.5547595e-05
   6.5200000e+02   0.0000000e+00   3.5328424e-05
   6.5300000e+02   0.0000000e+00   3.5110605e-05
   6.5400000e+02   0.0000000e+00   3.4894129e-05
   6.5500000e+02   0.0000000e+00   3.4678987e-05
   6.5600000e+02   0.0000000e+00   3.4465172e-05
   6.5700000e+02   0.0000000e+00   3.4252675e-05
   6.5800000e+02   0.0000000e+00   3.4041488e-05
   6.5900000e+02   0.0000000e+00   3.3831604e-05
   6.6000000e+02   0.0000000e+00   3.3623013e-05
   6.6100000e+02   0.0000000e+00   3.3415709e-05
   6.6200000e+02   0.0000000e+00   3.3209683e-05
   6.6300000e+02   1.0000000e+00   3.3004927e-05
   6.6400000e+02   0.0000000e+00   3.2801433e-05
   6.6500000e+02   0.0000000e+00   3.2599194e-05
   6.6600000e+02   0.0000000e+00   3.2398202e-05
   6.6700000e+02   0.0000000e+00   3.2198449e-05
   6.6800000e+02   0.0000000e+00   3.1999928e-05
   6.6900000e+02   0.0000000e+00   3.1802631e-05
   6.7000000e+02   0.0000000e+00   3.1606550e-05
   6.7100000e+02   0.0000000e+00   3.1411678e-05
   6.7200000e+02   0.0000000e+00   3.1218008e-05
   6.7300000e+02   0.0000000e+00   3.1025531e-05
   6.7400000e+02   0.0000000e+00   3.0834242e-05
   6.7500000e+02   0.0000000e+00   3.0644132e-05
   6.7600000e+02   0.0000000e+00   3.0455194e-05
   6.7700000e+02   0.0000000e+00   3.0267421e-05
   6.7800000e+02   0.0000000e+00   3.0080805e-05
   6.7900000e+02   0.0000000e+00   2.9895340e-05
   6.8000000e+02   0.0000000e+00   2.9711019e-05
   6.8100000e+02   0.0000000e+00   2.9527834e-05
   6.8200000e+02   0.0000000e+00   2.9345779e-05
   6.8300000e+02   0.0000000e+00   2.9164846e-05
   6.8400000e+02   0.0000000e+00   2.8985029e-05
   6.8500000e+02   0.0000000e+00   2.8806320e-05
   6.8600000e+02   0.0000000e+00   2.8628713e-05
   6.8700000e+02   0.0000000e+00   2.8452201e-05
   6.8800000e+02   0.0000000e+00   2.8276778e-05
   6.8900000e+02   0.0000000e+00   2.8102436e-05
   6.9000000e+02   0.0000000e+00   2.7929169e-05
   6.9100000e+02   0.0000000e+00   2.7756970e-05
   6.9200000e+02   0.0000000e+00   2.7585833e-05
   6.9300000e+02   0.0000000e+00   2.7415751e-05
   6.9400000e+02   0.0000000e+00   2.7246718e-05
   6.9500000e+02   0.0000000e+00   2.7078727e-05
   6.9600000e+02   0.0000000e+00   2.6911771e-05
   6.9700000e+02   0.0000000e+00   2.6745845e-05
   6.9800000e+02   0.0000000e+00   2.6580942e-05
   6.9900000e+02   0.0000000e+00   2.6417056e-05
   7.0000000e+02   0.0000000e+00   2.6254181e-05
   7.0100000e+02   0.0000000e+00   2.6092309e-05
   7.0200000e+02   0.0000000e+00   2.5931435e-05
   7.0300000e+02   0.0000000e+00   2.5771554e-05
   7.0400000e+02   0.0000000e+00   2.5612658e-05
   7.0500000e+02   0.0000000e+00   2.5454742e-05
   7.0600000e+02   0.0000000e+00   2.5297799e-05
   7.0700000e+02   0.0000000e+00   2.5141824e-05
   7.0800000e+02   0.0000000e+00   2.4986811e-05
   7.0900000e+02   0.0000000e+00   2.4832754e-05
   7.1000000e+02   0.0000000e+00   2.4679646e-05
   7.1100000e+02   0.0000000e+00   2.4527482e-05
   7.1200000e+02   0.0000000e+00   2.4376257e-05
   7.1300000e+02   0.0000000e+00   2.4225964e-05
   7.1400000e+02   0.0000000e+00   2.4076597e-05
   7.1500000e+02   0.0000000e+00   2.3928152e-05
   7.1600000e+02   0.0000000e+00   2.3780622e-05
   7.1700000e+02   0.0000000e+00   2.3634001e-05
   7.1800000e+02   0.0000000e+00   2.3488284e-05
   7.1900000e+02   0.0000000e+00   2.3343466e-05
   7.2000000e+02   0.0000000e+00   2.3199541e-05
   7.2100000e+02   0.0000000e+00   2.3056503e-05
   7.2200000e+02   0.0000000e+00   2.2914347e-05
   7.2300000e+02   0.0000000e+00   2.2773067e-05
   7.2400000e+02   0.0000000e+00   2.2632658e-05
   7.2500000e+02   0.0000000e+00   2.2493116e-05
   7.2600000e+02   0.0000000e+00   2.2354433e-05
   7.2700000e+02   0.0000000e+00   2.2216606e-05
   7.2800000e+02   0.0000000e+00   2.2079628e-05
   7.2900000e+02   0.0000000e+00   2.1943495e-05
   7.3000000e+02   0.0000000e+00   2.1808201e-05
   7.3100000e+02   0.0000000e+00   2.1673741e-05
   7.3200000e+02   0.0000000e+00   2.1540111e-05
   7.3300000e+02   0.0000000e+00   2.1407304e-05
   7.3400000e+02   0.0000000e+00   2.1275316e-05
   7.3500000e+02   0.0000000e+00   2.1144142e-05
   7.3600000e+02   0.0000000e+00   2.1013777e-05
   7.3700000e+02   0.0000000e+00   2.0884215e-05
   7.3800000e+02   0.0000000e+00   2.0755453e-05
   7.3900000e+02   0.0000000e+00   2.0627484e-05
   7.4000000e+02   0.0000000e+00   2.0500304e-05
   7.4100000e+02   0.0000000e+00   2.0373908e-05
   7.4200000e+02   0.0000000e+00   2.0248292e-05
   7.4300000e+02   0.0000000e+00   2.0123450e-05
   7.4400000e+02   0.0000000e+00   1.9999378e-05
   7.4500000e+02   0.0000000e+00   1.9876071e-05
   7.4600000e+02   0.0000000e+00   1.9753524e-05
   7.4700000e+02   0.0000000e+00   1.9631732e-05
   7.4800000e+02   0.0000000e+00   1.9510692e-05
   7.4900000e+02   0.0000000e+00   1.9390398e-05
   7.5000000e+02   0.0000000e+00   1.9270845e-05
   7.5100000e+02   0.0000000e+00   1.9152030e-05
   7.5200000e+02   0.0000000e+00   1.9033947e-05
   7.5300000e+02   0.0000000e+00   1.8916592e-05
   7.5400000e+02   0.0000000e+00   1.8799961e-05
   7.5500000e+02   0.0000000e+00   1.8684049e-05
   7.5600000e+02   0.0000000e+00   1.8568851e-05
   7.5700000e+02   0.0000000e+00   1.8454364e-05
   7.5800000e+02   0.0000000e+00   1.8340583e-05
   7.5900000e+02   0.0000000e+00   1.8227503e-05
   7.6000000e+02   0.0000000e+00   1.8115120e-05
   7.6100000e+02   0.0000000e+00   1.8003430e-05
   7.6200000e+02   0.0000000e+00   1.7892429e-05
   7.6300000e+02   1.0000000e+00   1.7782113e-05
   7.6400000e+02   0.0000000e+00   1.7672476e-05
   7.6500000e+02   0.0000000e+00   1.7563515e-05
   7.6600000e+02   0.0000000e+00   1.7455227e-05
   7.6700000e+02   0.0000000e+00   1.7347606e-05
   7.6800000e+02   0.0000000e+00   1.7240648e-05
   7.6900000e+02   0.0000000e+00   1.7134350e-05
   7.7000000e+02   0.0000000e+00   1.7028707e-05
   7.7100000e+02   0.0000000e+00   1.6923716e-05
   7.7200000e+02   0.0000000e+00   1.6819372e-05
   7.7300000e+02   0.0000000e+00   1.6715671e-05
   7.7400000e+02   0.0000000e+00   1.6612610e-05
   7.7500000e+02   0.0000000e+00   1.6510184e-05
   7.7600000e+02   0.0000000e+00   1.6408389e-05
   7.7700000e+02   0.0000000e+00   1.6307223e-05
   7.7800000e+02   0.0000000e+00   1.6206680e-05
   7.7900000e+02   0.0000000e+00   1.6106756e-05
   7.8000000e+02   0.0000000e+00   1.6007449e-05
   7.8100000e+02   0.0000000e+00   1.5908755e-05
   7.8200000e+02   0.0000000e+00   1.5810668e-05
   7.8300000e+02   0.0000000e+00   1.5713187e-05
   7.8400000e+02   0.0000000e+00   1.5616306e-05
   7.8500000e+02   0.0000000e+00   1.5520023e-05
   7.8600000e+02   0.0000000e+00   1.5424334e-05
   7.8700000e+02   0.0000000e+00   1.5329234e-05
   7.8800000e+02   0.0000000e+00   1.5234721e-05
   7.8900000e+02   0.0000000e+00   1.5140790e-05
   7.9000000e+02   0.0000000e+00   1.5047439e-05
   7.9100000e+02   1.0000000e+00   1.4954663e-05
