   1.0000000e+00   3.0000000e+01   3.6224687e-02
   2.0000000e+00   3.7000000e+01   3.4485017e-02
   3.0000000e+00   2.7000000e+01   3.2832564e-02
   4.0000000e+00   2.3000000e+01   3.1262931e-02
   5.0000000e+00   2.4000000e+01   2.9771944e-02
   6.0000000e+00   2.1000000e+01   2.8355639e-02
   7.0000000e+00   1.4000000e+01   2.7010251e-02
   8.0000000e+00   2.4000000e+01   2.5732207e-02
   9.0000000e+00   1.9000000e+01   2.4518113e-02
   1.0000000e+01   1.6000000e+01   2.3364746e-02
   1.1000000e+01   1.9000000e+01   2.2269045e-02
   1.2000000e+01   1.8000000e+01   2.1228106e-02
   1.3000000e+01   2.6000000e+01   2.0239168e-02
   1.4000000e+01   1.2000000e+01   1.9299612e-02
   1.5000000e+01   1.3000000e+01   1.8406949e-02
   1.6000000e+01   1.0000000e+01   1.7558818e-02
   1.7000000e+01   9.0000000e+00   1.6752975e-02
   1.8000000e+01   9.0000000e+00   1.5987290e-02
   1.9000000e+01   1.6000000e+01   1.5259740e-02
   2.0000000e+01   8.0000000e+00   1.4568404e-02
   2.1000000e+01   1.3000000e+01   1.3911459e-02
   2.2000000e+01   1.7000000e+01   1.3287173e-02
   2.3000000e+01   1.0000000e+01   1.2693901e-02
   2.4000000e+01   7.0000000e+00   1.2130082e-02
   2.5000000e+01   9.0000000e+00   1.1594232e-02
   2.6000000e+01   1.2000000e+01   1.1084945e-02
   2.7000000e+01   9.0000000e+00   1.0600882e-02
   2.8000000e+01   1.3000000e+01   1.0140775e-02
   2.9000000e+01   9.0000000e+00   9.7034171e-03
   3.0000000e+01   4.0000000e+00   9.2876644e-03
   3.1000000e+01   6.0000000e+00   8.8924297e-03
   3.2000000e+01   9.0000000e+00   8.5166806e-03
   3.3000000e+01   5.0000000e+00   8.1594370e-03
   3.4000000e+01   8.0000000e+00   7.8197683e-03
   3.5000000e+01   7.0000000e+00   7.4967905e-03
   3.6000000e+01   1.0000000e+01   7.1896645e-03
   3.7000000e+01   1.0000000e+01   6.8975934e-03
   3.8000000e+01   9.0000000e+00   6.6198203e-03
   3.9000000e+01   3.0000000e+00   6.3556268e-03
   4.0000000e+01   7.0000000e+00   6.1043304e-03
   4.1000000e+01   5.0000000e+00   5.8652833e-03
   4.2000000e+01   2.0000000e+00   5.6378701e-03
   4.3000000e+01   2.0000000e+00   5.4215066e-03
   4.4000000e+01   5.0000000e+00   5.2156380e-03
   4.5000000e+01   4.0000000e+00   5.0197375e-03
   4.6000000e+01   1.0000000e+00   4.8333048e-03
   4.7000000e+01   8.0000000e+00   4.6558649e-03
   4.8000000e+01   4.0000000e+00   4.4869667e-03
   4.9000000e+01   6.0000000e+00   4.3261817e-03
   5.0000000e+01   2.0000000e+00   4.1731034e-03
   5.1000000e+01   0.0000000e+00   4.0273452e-03
   5.2000000e+01   3.0000000e+00   3.8885406e-03
   5.3000000e+01   6.0000000e+00   3.7563412e-03
   5.4000000e+01   3.0000000e+00   3.6304162e-03
   5.5000000e+01   4.0000000e+00   3.5104515e-03
   5.6000000e+01   1.0000000e+00   3.3961490e-03
   5.7000000e+01   3.0000000e+00   3.2872253e-03
   5.8000000e+01   3.0000000e+00   3.1834116e-03
   5.9000000e+01   0.0000000e+00   3.0844524e-03
   6.0000000e+01   2.0000000e+00   2.9901052e-03
   6.1000000e+01   0.0000000e+00   2.9001397e-03
   6.2000000e+01   2.0000000e+00   2.8143371e-03
   6.3000000e+01   3.0000000e+00   2.7324899e-03
   6.4000000e+01   1.0000000e+00   2.6544008e-03
   6.5000000e+01   2.0000000e+00   2.5798825e-03
   6.6000000e+01   2.0000000e+00   2.5087571e-03
   6.7000000e+01   3.0000000e+00   2.4408557e-03
   6.8000000e+01   1.0000000e+00   2.3760180e-03
   6.9000000e+01   1.0000000e+00   2.3140916e-03
   7.0000000e+01   3.0000000e+00   2.2549318e-03
   7.1000000e+01   1.0000000e+00   2.1984014e-03
   7.2000000e+01   2.0000000e+00   2.1443699e-03
   7.3000000e+01   4.0000000e+00   2.0927134e-03
   7.4000000e+01   2.0000000e+00   2.0433142e-03
   7.5000000e+01   2.0000000e+00   1.9960607e-03
   7.6000000e+01   1.0000000e+00   1.9508466e-03
   7.7000000e+01   1.0000000e+00   1.9075714e-03
   7.8000000e+01   1.0000000e+00   1.8661392e-03
   7.9000000e+01   1.0000000e+00   1.8264592e-03
   8.0000000e+01   2.0000000e+00   1.7884451e-03
   8.1000000e+01   1.0000000e+00   1.7520149e-03
   8.2000000e+01   0.0000000e+00   1.7170908e-03
   8.3000000e+01   4.0000000e+00   1.6835989e-03
   8.4000000e+01   0.0000000e+00   1.6514689e-03
   8.5000000e+01   2.0000000e+00   1.6206342e-03
   8.6000000e+01   1.0000000e+00   1.5910313e-03
   8.7000000e+01   0.0000000e+00   1.5626003e-03
   8.8000000e+01   1.0000000e+00   1.5352839e-03
   8.9000000e+01   1.0000000e+00   1.5090279e-03
   9.0000000e+01   2.0000000e+00   1.4837808e-03
   9.1000000e+01   1.0000000e+00   1.4594935e-03
   9.2000000e+01   1.0000000e+00   1.4361197e-03
   9.3000000e+01   0.0000000e+00   1.4136152e-03
   9.4000000e+01   0.0000000e+00   1.3919380e-03
   9.5000000e+01   1.0000000e+00   1.3710482e-03
   9.6000000e+01   2.0000000e+00   1.3509082e-03
   9.7000000e+01   0.0000000e+00   1.3314818e-03
   9.8000000e+01   1.0000000e+00   1.3127350e-03
   9.9000000e+01   0.0000000e+00   1.2946354e-03
   1.0000000e+02   1.0000000e+00   1.2771521e-03
   1.0100000e+02   1.0000000e+00   1.2602559e-03
   1.0200000e+02   0.0000000e+00   1.2439189e-03
   1.0300000e+02   0.0000000e+00   1.2281149e-03
   1.0400000e+02   1.0000000e+00   1.2128186e-03
   1.0500000e+02   1.0000000e+00   1.1980063e-03
   1.0600000e+02   1.0000000e+00   1.1836553e-03
   1.0700000e+02   2.0000000e+00   1.1697441e-03
   1.0800000e+02   1.0000000e+00   1.1562523e-03
   1.0900000e+02   0.0000000e+00   1.1431605e-03
   1.1000000e+02   2.0000000e+00   1.1304502e-03
   1.1100000e+02   0.0000000e+00   1.1181038e-03
   1.1200000e+02   1.0000000e+00   1.1061048e-03
   1.1300000e+02   1.0000000e+00   1.0944374e-03
   1.1400000e+02   0.0000000e+00   1.0830864e-03
   1.1500000e+02   0.0000000e+00   1.0720376e-03
   1.1600000e+02   0.0000000e+00   1.0612774e-03
   1.1700000e+02   1.0000000e+00   1.0507929e-03
   1.1800000e+02   1.0000000e+00   1.0405719e-03
   1.1900000e+02   0.0000000e+00   1.0306026e-03
   1.2000000e+02   0.0000000e+00   1.0208741e-03
   1.2100000e+02   1.0000000e+00   1.0113758e-03
   1.2200000e+02   4.0000000e+00   1.0020977e-03
   1.2300000e+02   0.0000000e+00   9.9303029e-04
   1.2400000e+02   2.0000000e+00   9.8416450e-04
   1.2500000e+02   2.0000000e+00   9.7549175e-04
   1.2600000e+02   1.0000000e+00   9.6700387e-04
   1.2700000e+02   1.0000000e+00   9.5869310e-04
   1.2800000e+02   0.0000000e+00   9.5055205e-04
   1.2900000e+02   1.0000000e+00   9.4257369e-04
   1.3000000e+02   0.0000000e+00   9.3475135e-04
   1.3100000e+02   2.0000000e+00   9.2707868e-04
   1.3200000e+02   2.0000000e+00   9.1954964e-04
   1.3300000e+02   0.0000000e+00   9.1215847e-04
   1.3400000e+02   0.0000000e+00   9.0489973e-04
   1.3500000e+02   3.0000000e+00   8.9776821e-04
   1.3600000e+02   1.0000000e+00   8.9075896e-04
   1.3700000e+02   0.0000000e+00   8.8386729e-04
   1.3800000e+02   0.0000000e+00   8.7708872e-04
   1.3900000e+02   1.0000000e+00   8.7041898e-04
   1.4000000e+02   3.0000000e+00   8.6385403e-04
   1.4100000e+02   1.0000000e+00   8.5739001e-04
   1.4200000e+02   2.0000000e+00   8.5102324e-04
   1.4300000e+02   1.0000000e+00   8.4475023e-04
   1.4400000e+02   1.0000000e+00   8.3856766e-04
   1.4500000e+02   2.0000000e+00   8.3247234e-04
   1.4600000e+02   0.0000000e+00   8.2646128e-04
   1.4700000e+02   0.0000000e+00   8.2053159e-04
   1.4800000e+02   1.0000000e+00   8.1468054e-04
   1.4900000e+02   0.0000000e+00   8.0890552e-04
   1.5000000e+02   1.0000000e+00   8.0320404e-04
   1.5100000e+02   2.0000000e+00   7.9757374e-04
   1.5200000e+02   2.0000000e+00   7.9201236e-04
   1.5300000e+02   0.0000000e+00   7.8651775e-04
   1.5400000e+02   1.0000000e+00   7.8108786e-04
   1.5500000e+02   1.0000000e+00   7.7572074e-04
   1.5600000e+02   0.0000000e+00   7.7041452e-04
   1.5700000e+02   1.0000000e+00   7.6516743e-04
   1.5800000e+02   1.0000000e+00   7.5997776e-04
   1.5900000e+02   1.0000000e+00   7.5484390e-04
   1.6000000e+02   0.0000000e+00   7.4976430e-04
   1.6100000e+02   0.0000000e+00   7.4473748e-04
   1.6200000e+02   0.0000000e+00   7.3976205e-04
   1.6300000e+02   0.0000000e+00   7.3483665e-04
   1.6400000e+02   0.0000000e+00   7.2996000e-04
   1.6500000e+02   2.0000000e+00   7.2513087e-04
   1.6600000e+02   1.0000000e+00   7.2034809e-04
   1.6700000e+02   1.0000000e+00   7.1561053e-04
   1.6800000e+02   0.0000000e+00   7.1091713e-04
   1.6900000e+02   0.0000000e+00   7.0626685e-04
   1.7000000e+02   1.0000000e+00   7.0165872e-04
   1.7100000e+02   1.0000000e+00   6.9709179e-04
   1.7200000e+02   0.0000000e+00   6.9256517e-04
   1.7300000e+02   2.0000000e+00   6.8807799e-04
   1.7400000e+02   1.0000000e+00   6.8362944e-04
   1.7500000e+02   0.0000000e+00   6.7921871e-04
   1.7600000e+02   0.0000000e+00   6.7484506e-04
   1.7700000e+02   0.0000000e+00   6.7050775e-04
   1.7800000e+02   0.0000000e+00   6.6620608e-04
   1.7900000e+02   0.0000000e+00   6.6193940e-04
   1.8000000e+02   1.0000000e+00   6.5770705e-04
   1.8100000e+02   0.0000000e+00   6.5350842e-04
   1.8200000e+02   1.0000000e+00   6.4934292e-04
   1.8300000e+02   0.0000000e+00   6.4520997e-04
   1.8400000e+02   0.0000000e+00   6.4110903e-04
   1.8500000e+02   0.0000000e+00   6.3703958e-04
   1.8600000e+02   0.0000000e+00   6.3300110e-04
   1.8700000e+02   1.0000000e+00   6.2899311e-04
   1.8800000e+02   0.0000000e+00   6.2501514e-04
   1.8900000e+02   0.0000000e+00   6.2106674e-04
   1.9000000e+02   1.0000000e+00   6.1714746e-04
   1.9100000e+02   0.0000000e+00   6.1325690e-04
   1.9200000e+02   0.0000000e+00   6.0939463e-04
   1.9300000e+02   0.0000000e+00   6.0556027e-04
   1.9400000e+02   1.0000000e+00   6.0175345e-04
   1.9500000e+02   1.0000000e+00   5.9797379e-04
   1.9600000e+02   2.0000000e+00   5.9422094e-04
   1.9700000e+02   0.0000000e+00   5.9049456e-04
   1.9800000e+02   0.0000000e+00   5.8679432e-04
   1.9900000e+02   0.0000000e+00   5.8311990e-04
   2.0000000e+02   1.0000000e+00   5.7947098e-04
   2.0100000e+02   1.0000000e+00   5.7584727e-04
   2.0200000e+02   0.0000000e+00   5.7224847e-04
   2.0300000e+02   0.0000000e+00   5.6867430e-04
   2.0400000e+02   0.0000000e+00   5.6512448e-04
   2.0500000e+02   0.0000000e+00   5.6159876e-04
   2.0600000e+02   1.0000000e+00   5.5809686e-04
   2.0700000e+02   1.0000000e+00   5.5461854e-04
   2.0800000e+02   1.0000000e+00   5.5116354e-04
   2.0900000e+02   0.0000000e+00   5.4773164e-04
   2.1000000e+02   0.0000000e+00   5.4432260e-04
   2.1100000e+02   0.0000000e+00   5.4093619e-04
   2.1200000e+02   0.0000000e+00   5.3757219e-04
   2.1300000e+02   0.0000000e+00   5.3423039e-04
   2.1400000e+02   2.0000000e+00   5.3091058e-04
   2.1500000e+02   0.0000000e+00   5.2761254e-04
   2.1600000e+02   0.0000000e+00   5.2433608e-04
   2.1700000e+02   0.0000000e+00   5.2108101e-04
   2.1800000e+02   1.0000000e+00   5.1784713e-04
   2.1900000e+02   0.0000000e+00   5.1463426e-04
   2.2000000e+02   0.0000000e+00   5.1144220e-04
   2.2100000e+02   0.0000000e+00   5.0827079e-04
   2.2200000e+02   0.0000000e+00   5.0511985e-04
   2.2300000e+02   0.0000000e+00   5.0198920e-04
   2.2400000e+02   0.0000000e+00   4.9887867e-04
   2.2500000e+02   1.0000000e+00   4.9578811e-04
   2.2600000e+02   0.0000000e+00   4.9271734e-04
   2.2700000e+02   0.0000000e+00   4.8966621e-04
   2.2800000e+02   1.0000000e+00   4.8663456e-04
   2.2900000e+02   0.0000000e+00   4.8362224e-04
   2.3000000e+02   2.0000000e+00   4.8062910e-04
   2.3100000e+02   2.0000000e+00   4.7765498e-04
   2.3200000e+02   0.0000000e+00   4.7469974e-04
   2.3300000e+02   0.0000000e+00   4.7176325e-04
   2.3400000e+02   1.0000000e+00   4.6884534e-04
   2.3500000e+02   1.0000000e+00   4.6594590e-04
   2.3600000e+02   1.0000000e+00   4.6306477e-04
   2.3700000e+02   2.0000000e+00   4.6020182e-04
   2.3800000e+02   0.0000000e+00   4.5735693e-04
   2.3900000e+02   0.0000000e+00   4.5452995e-04
   2.4000000e+02   0.0000000e+00   4.5172077e-04
   2.4100000e+02   0.0000000e+00   4.4892925e-04
   2.4200000e+02   0.0000000e+00   4.4615526e-04
   2.4300000e+02   0.0000000e+00   4.4339868e-04
   2.4400000e+02   0.0000000e+00   4.4065939e-04
   2.4500000e+02   1.0000000e+00   4.3793727e-04
   2.4600000e+02   0.0000000e+00   4.3523219e-04
   2.4700000e+02   1.0000000e+00   4.3254405e-04
   2.4800000e+02   0.0000000e+00   4.2987271e-04
   2.4900000e+02   0.0000000e+00   4.2721807e-04
   2.5000000e+02   0.0000000e+00   4.2458002e-04
   2.5100000e+02   0.0000000e+00   4.2195843e-04
   2.5200000e+02   0.0000000e+00   4.1935319e-04
   2.5300000e+02   0.0000000e+00   4.1676421e-04
   2.5400000e+02   0.0000000e+00   4.1419136e-04
   2.5500000e+02   0.0000000e+00   4.1163454e-04
   2.5600000e+02   0.0000000e+00   4.0909364e-04
   2.5700000e+02   0.0000000e+00   4.0656855e-04
   2.5800000e+02   0.0000000e+00   4.0405918e-04
   2.5900000e+02   0.0000000e+00   4.0156541e-04
   2.6000000e+02   0.0000000e+00   3.9908715e-04
   2.6100000e+02   1.0000000e+00   3.9662428e-04
   2.6200000e+02   0.0000000e+00   3.9417672e-04
   2.6300000e+02   0.0000000e+00   3.9174435e-04
   2.6400000e+02   0.0000000e+00   3.8932709e-04
   2.6500000e+02   0.0000000e+00   3.8692483e-04
   2.6600000e+02   1.0000000e+00   3.8453747e-04
   2.6700000e+02   0.0000000e+00   3.8216492e-04
   2.6800000e+02   0.0000000e+00   3.7980709e-04
   2.6900000e+02   0.0000000e+00   3.7746387e-04
   2.7000000e+02   1.0000000e+00   3.7513517e-04
   2.7100000e+02   0.0000000e+00   3.7282091e-04
   2.7200000e+02   0.0000000e+00   3.7052098e-04
   2.7300000e+02   0.0000000e+00   3.6823530e-04
   2.7400000e+02   0.0000000e+00   3.6596377e-04
   2.7500000e+02   0.0000000e+00   3.6370631e-04
   2.7600000e+02   1.0000000e+00   3.6146282e-04
   2.7700000e+02   0.0000000e+00   3.5923321e-04
   2.7800000e+02   2.0000000e+00   3.5701740e-04
   2.7900000e+02   1.0000000e+00   3.5481531e-04
   2.8000000e+02   0.0000000e+00   3.5262683e-04
   2.8100000e+02   0.0000000e+00   3.5045189e-04
   2.8200000e+02   1.0000000e+00   3.4829040e-04
   2.8300000e+02   1.0000000e+00   3.4614228e-04
   2.8400000e+02   0.0000000e+00   3.4400744e-04
   2.8500000e+02   0.0000000e+00   3.4188579e-04
   2.8600000e+02   0.0000000e+00   3.3977726e-04
   2.8700000e+02   1.0000000e+00   3.3768176e-04
   2.8800000e+02   0.0000000e+00   3.3559921e-04
   2.8900000e+02   1.0000000e+00   3.3352953e-04
   2.9000000e+02   0.0000000e+00   3.3147264e-04
   2.9100000e+02   0.0000000e+00   3.2942845e-04
   2.9200000e+02   0.0000000e+00   3.2739690e-04
   2.9300000e+02   0.0000000e+00   3.2537789e-04
   2.9400000e+02   0.0000000e+00   3.2337135e-04
   2.9500000e+02   1.0000000e+00   3.2137720e-04
   2.9600000e+02   0.0000000e+00   3.1939537e-04
   2.9700000e+02   0.0000000e+00   3.1742578e-04
   2.9800000e+02   0.0000000e+00   3.1546835e-04
   2.9900000e+02   0.0000000e+00   3.1352300e-04
   3.0000000e+02   1.0000000e+00   3.1158966e-04
   3.0100000e+02   0.0000000e+00   3.0966826e-04
   3.0200000e+02   2.0000000e+00   3.0775872e-04
   3.0300000e+02   0.0000000e+00   3.0586097e-04
   3.0400000e+02   0.0000000e+00   3.0397493e-04
   3.0500000e+02   0.0000000e+00   3.0210053e-04
   3.0600000e+02   0.0000000e+00   3.0023770e-04
   3.0700000e+02   0.0000000e+00   2.9838637e-04
   3.0800000e+02   0.0000000e+00   2.9654646e-04
   3.0900000e+02   0.0000000e+00   2.9471790e-04
   3.1000000e+02   0.0000000e+00   2.9290063e-04
   3.1100000e+02   0.0000000e+00   2.9109458e-04
   3.1200000e+02   1.0000000e+00   2.8929966e-04
   3.1300000e+02   0.0000000e+00   2.8751582e-04
   3.1400000e+02   0.0000000e+00   2.8574299e-04
   3.1500000e+02   0.0000000e+00   2.8398110e-04
   3.1600000e+02   0.0000000e+00   2.8223007e-04
   3.1700000e+02   1.0000000e+00   2.8048985e-04
   3.1800000e+02   0.0000000e+00   2.7876036e-04
   3.1900000e+02   1.0000000e+00   2.7704155e-04
   3.2000000e+02   0.0000000e+00   2.7533333e-04
   3.2100000e+02   0.0000000e+00   2.7363566e-04
   3.2200000e+02   0.0000000e+00   2.7194845e-04
   3.2300000e+02   0.0000000e+00   2.7027166e-04
   3.2400000e+02   0.0000000e+00   2.6860520e-04
   3.2500000e+02   0.0000000e+00   2.6694903e-04
   3.2600000e+02   0.0000000e+00   2.6530307e-04
   3.2700000e+02   0.0000000e+00   2.6366726e-04
   3.2800000e+02   0.0000000e+00   2.6204154e-04
   3.2900000e+02   0.0000000e+00   2.6042585e-04
   3.3000000e+02   1.0000000e+00   2.5882013e-04
   3.3100000e+02   0.0000000e+00   2.5722431e-04
   3.3200000e+02   0.0000000e+00   2.5563833e-04
   3.3300000e+02   0.0000000e+00   2.5406213e-04
   3.3400000e+02   0.0000000e+00   2.5249565e-04
   3.3500000e+02   0.0000000e+00   2.5093883e-04
   3.3600000e+02   0.0000000e+00   2.4939162e-04
   3.3700000e+02   0.0000000e+00   2.4785394e-04
   3.3800000e+02   0.0000000e+00   2.4632575e-04
   3.3900000e+02   0.0000000e+00   2.4480698e-04
   3.4000000e+02   0.0000000e+00   2.4329758e-04
   3.4100000e+02   0.0000000e+00   2.4179749e-04
   3.4200000e+02   1.0000000e+00   2.4030665e-04
   3.4300000e+02   0.0000000e+00   2.3882500e-04
   3.4400000e+02   1.0000000e+00   2.3735248e-04
   3.4500000e+02   0.0000000e+00   2.3588905e-04
   3.4600000e+02   0.0000000e+00   2.3443465e-04
   3.4700000e+02   0.0000000e+00   2.3298921e-04
   3.4800000e+02   0.0000000e+00   2.3155268e-04
   3.4900000e+02   0.0000000e+00   2.3012501e-04
   3.5000000e+02   2.0000000e+00   2.2870615e-04
   3.5100000e+02   0.0000000e+00   2.2729604e-04
   3.5200000e+02   0.0000000e+00   2.2589462e-04
   3.5300000e+02   0.0000000e+00   2.2450184e-04
   3.5400000e+02   0.0000000e+00   2.2311765e-04
   3.5500000e+02   2.0000000e+00   2.2174199e-04
   3.5600000e+02   1.0000000e+00   2.2037482e-04
   3.5700000e+02   1.0000000e+00   2.1901608e-04
   3.5800000e+02   0.0000000e+00   2.1766572e-04
   3.5900000e+02   0.0000000e+00   2.1632368e-04
   3.6000000e+02   0.0000000e+00   2.1498992e-04
   3.6100000e+02   0.0000000e+00   2.1366438e-04
   3.6200000e+02   0.0000000e+00   2.1234701e-04
   3.6300000e+02   0.0000000e+00   2.1103777e-04
   3.6400000e+02   0.0000000e+00   2.0973660e-04
   3.6500000e+02   0.0000000e+00   2.0844346e-04
   3.6600000e+02   0.0000000e+00   2.0715828e-04
   3.6700000e+02   1.0000000e+00   2.0588103e-04
   3.6800000e+02   0.0000000e+00   2.0461166e-04
   3.6900000e+02   1.0000000e+00   2.0335011e-04
   3.7000000e+02   0.0000000e+00   2.0209635e-04
   3.7100000e+02   0.0000000e+00   2.0085031e-04
   3.7200000e+02   0.0000000e+00   1.9961196e-04
   3.7300000e+02   0.0000000e+00   1.9838124e-04
   3.7400000e+02   2.0000000e+00   1.9715811e-04
   3.7500000e+02   0.0000000e+00   1.9594252e-04
   3.7600000e+02   0.0000000e+00   1.9473442e-04
   3.7700000e+02   0.0000000e+00   1.9353378e-04
   3.7800000e+02   0.0000000e+00   1.9234053e-04
   3.7900000e+02   0.0000000e+00   1.9115465e-04
   3.8000000e+02   0.0000000e+00   1.8997608e-04
   3.8100000e+02   0.0000000e+00   1.8880477e-04
   3.8200000e+02   0.0000000e+00   1.8764069e-04
   3.8300000e+02   0.0000000e+00   1.8648378e-04
   3.8400000e+02   0.0000000e+00   1.8533400e-04
   3.8500000e+02   0.0000000e+00   1.8419132e-04
   3.8600000e+02   0.0000000e+00   1.8305568e-04
   3.8700000e+02   0.0000000e+00   1.8192704e-04
   3.8800000e+02   0.0000000e+00   1.8080536e-04
   3.8900000e+02   0.0000000e+00   1.7969060e-04
   3.9000000e+02   0.0000000e+00   1.7858271e-04
   3.9100000e+02   0.0000000e+00   1.7748165e-04
   3.9200000e+02   0.0000000e+00   1.7638738e-04
   3.9300000e+02   0.0000000e+00   1.7529986e-04
   3.9400000e+02   0.0000000e+00   1.7421904e-04
   3.9500000e+02   0.0000000e+00   1.7314489e-04
   3.9600000e+02   0.0000000e+00   1.7207736e-04
   3.9700000e+02   0.0000000e+00   1.7101641e-04
   3.9800000e+02   0.0000000e+00   1.6996200e-04
   3.9900000e+02   0.0000000e+00   1.6891410e-04
   4.0000000e+02   2.0000000e+00   1.6787265e-04
   4.0100000e+02   0.0000000e+00   1.6683763e-04
   4.0200000e+02   0.0000000e+00   1.6580898e-04
   4.0300000e+02   1.0000000e+00   1.6478668e-04
   4.0400000e+02   0.0000000e+00   1.6377069e-04
   4.0500000e+02   0.0000000e+00   1.6276095e-04
   4.0600000e+02   0.0000000e+00   1.6175745e-04
   4.0700000e+02   0.0000000e+00   1.6076012e-04
   4.0800000e+02   0.0000000e+00   1.5976895e-04
   4.0900000e+02   0.0000000e+00   1.5878389e-04
   4.1000000e+02   0.0000000e+00   1.5780491e-04
   4.1100000e+02   1.0000000e+00   1.5683196e-04
   4.1200000e+02   0.0000000e+00   1.5586500e-04
   4.1300000e+02   0.0000000e+00   1.5490401e-04
   4.1400000e+02   0.0000000e+00   1.5394895e-04
   4.1500000e+02   0.0000000e+00   1.5299977e-04
   4.1600000e+02   0.0000000e+00   1.5205645e-04
   4.1700000e+02   0.0000000e+00   1.5111894e-04
   4.1800000e+02   0.0000000e+00   1.5018721e-04
   4.1900000e+02   0.0000000e+00   1.4926123e-04
   4.2000000e+02   0.0000000e+00   1.4834095e-04
   4.2100000e+02   0.0000000e+00   1.4742635e-04
   4.2200000e+02   0.0000000e+00   1.4651739e-04
   4.2300000e+02   0.0000000e+00   1.4561404e-04
   4.2400000e+02   0.0000000e+00   1.4471625e-04
   4.2500000e+02   0.0000000e+00   1.4382400e-04
   4.2600000e+02   0.0000000e+00   1.4293725e-04
   4.2700000e+02   0.0000000e+00   1.4205596e-04
   4.2800000e+02   0.0000000e+00   1.4118011e-04
   4.2900000e+02   0.0000000e+00   1.4030966e-04
   4.3000000e+02   0.0000000e+00   1.3944458e-04
   4.3100000e+02   0.0000000e+00   1.3858483e-04
   4.3200000e+02   0.0000000e+00   1.3773038e-04
   4.3300000e+02   0.0000000e+00   1.3688120e-04
   4.3400000e+02   1.0000000e+00   1.3603726e-04
   4.3500000e+02   0.0000000e+00   1.3519852e-04
   4.3600000e+02   0.0000000e+00   1.3436495e-04
   4.3700000e+02   0.0000000e+00   1.3353652e-04
   4.3800000e+02   0.0000000e+00   1.3271319e-04
   4.3900000e+02   0.0000000e+00   1.3189495e-04
   4.4000000e+02   0.0000000e+00   1.3108175e-04
   4.4100000e+02   0.0000000e+00   1.3027356e-04
   4.4200000e+02   1.0000000e+00   1.2947035e-04
   4.4300000e+02   0.0000000e+00   1.2867210e-04
   4.4400000e+02   0.0000000e+00   1.2787877e-04
   4.4500000e+02   0.0000000e+00   1.2709033e-04
   4.4600000e+02   1.0000000e+00   1.2630675e-04
   4.4700000e+02   0.0000000e+00   1.2552801e-04
   4.4800000e+02   0.0000000e+00   1.2475406e-04
   4.4900000e+02   0.0000000e+00   1.2398489e-04
   4.5000000e+02   0.0000000e+00   1.2322045e-04
   4.5100000e+02   0.0000000e+00   1.2246073e-04
   4.5200000e+02   0.0000000e+00   1.2170570e-04
   4.5300000e+02   0.0000000e+00   1.2095532e-04
   4.5400000e+02   0.0000000e+00   1.2020957e-04
   4.5500000e+02   0.0000000e+00   1.1946841e-04
   4.5600000e+02   0.0000000e+00   1.1873183e-04
   4.5700000e+02   0.0000000e+00   1.1799978e-04
   4.5800000e+02   0.0000000e+00   1.1727225e-04
   4.5900000e+02   0.0000000e+00   1.1654921e-04
   4.6000000e+02   0.0000000e+00   1.1583062e-04
   4.6100000e+02   0.0000000e+00   1.1511647e-04
   4.6200000e+02   0.0000000e+00   1.1440671e-04
   4.6300000e+02   0.0000000e+00   1.1370133e-04
   4.6400000e+02   0.0000000e+00   1.1300031e-04
   4.6500000e+02   0.0000000e+00   1.1230360e-04
   4.6600000e+02   0.0000000e+00   1.1161119e-04
   4.6700000e+02   0.0000000e+00   1.1092305e-04
   4.6800000e+02   0.0000000e+00   1.1023915e-04
   4.6900000e+02   0.0000000e+00   1.0955947e-04
   4.7000000e+02   1.0000000e+00   1.0888398e-04
   4.7100000e+02   0.0000000e+00   1.0821265e-04
   4.7200000e+02   0.0000000e+00   1.0754546e-04
   4.7300000e+02   1.0000000e+00   1.0688239e-04
   4.7400000e+02   0.0000000e+00   1.0622340e-04
   4.7500000e+02   0.0000000e+00   1.0556848e-04
   4.7600000e+02   0.0000000e+00   1.0491759e-04
   4.7700000e+02   0.0000000e+00   1.0427072e-04
   4.7800000e+02   0.0000000e+00   1.0362784e-04
   4.7900000e+02   0.0000000e+00   1.0298892e-04
   4.8000000e+02   0.0000000e+00   1.0235394e-04
   4.8100000e+02   0.0000000e+00   1.0172287e-04
   4.8200000e+02   0.0000000e+00   1.0109570e-04
   4.8300000e+02   0.0000000e+00   1.0047239e-04
   4.8400000e+02   0.0000000e+00   9.9852926e-05
   4.8500000e+02   0.0000000e+00   9.9237280e-05
   4.8600000e+02   0.0000000e+00   9.8625430e-05
   4.8700000e+02   0.0000000e+00   9.8017353e-05
   4.8800000e+02   0.0000000e+00   9.7413025e-05
   4.8900000e+02   0.0000000e+00   9.6812422e-05
   4.9000000e+02   0.0000000e+00   9.6215523e-05
   4.9100000e+02   0.0000000e+00   9.5622304e-05
   4.9200000e+02   0.0000000e+00   9.5032743e-05
   4.9300000e+02   0.0000000e+00   9.4446816e-05
   4.9400000e+02   0.0000000e+00   9.3864502e-05
   4.9500000e+02   0.0000000e+00   9.3285778e-05
   4.9600000e+02   0.0000000e+00   9.2710623e-05
   4.9700000e+02   1.0000000e+00   9.2139013e-05
   4.9800000e+02   1.0000000e+00   9.1570928e-05
   4.9900000e+02   1.0000000e+00   9.1006345e-05
   5.0000000e+02   0.0000000e+00   9.0445244e-05
   5.0100000e+02   0.0000000e+00   8.9887601e-05
   5.0200000e+02   0.0000000e+00   8.9333397e-05
   5.0300000e+02   0.0000000e+00   8.8782610e-05
   5.0400000e+02   0.0000000e+00   8.8235219e-05
   5.0500000e+02   0.0000000e+00   8.7691203e-05
   5.0600000e+02   0.0000000e+00   8.7150541e-05
   5.0700000e+02   0.0000000e+00   8.6613212e-05
   5.0800000e+02   0.0000000e+00   8.6079196e-05
   5.0900000e+02   0.0000000e+00   8.5548473e-05
   5.1000000e+02   0.0000000e+00   8.5021022e-05
   5.1100000e+02   0.0000000e+00   8.4496823e-05
   5.1200000e+02   0.0000000e+00   8.3975856e-05
   5.1300000e+02   0.0000000e+00   8.3458101e-05
   5.1400000e+02   0.0000000e+00   8.2943538e-05
   5.1500000e+02   0.0000000e+00   8.2432148e-05
   5.1600000e+02   0.0000000e+00   8.1923910e-05
   5.1700000e+02   0.0000000e+00   8.1418807e-05
   5.1800000e+02   0.0000000e+00   8.0916817e-05
   5.1900000e+02   0.0000000e+00   8.0417922e-05
   5.2000000e+02   1.0000000e+00   7.9922104e-05
   5.2100000e+02   0.0000000e+00   7.9429342e-05
   5.2200000e+02   0.0000000e+00   7.8939619e-05
   5.2300000e+02   0.0000000e+00   7.8452915e-05
   5.2400000e+02   1.0000000e+00   7.7969212e-05
   5.2500000e+02   0.0000000e+00   7.7488491e-05
   5.2600000e+02   0.0000000e+00   7.7010734e-05
   5.2700000e+02   0.0000000e+00   7.6535922e-05
   5.2800000e+02   0.0000000e+00   7.6064038e-05
   5.2900000e+02   0.0000000e+00   7.5595064e-05
   5.3000000e+02   0.0000000e+00   7.5128981e-05
   5.3100000e+02   0.0000000e+00   7.4665771e-05
   5.3200000e+02   1.0000000e+00   7.4205418e-05
   5.3300000e+02   1.0000000e+00   7.3747902e-05
   5.3400000e+02   0.0000000e+00   7.3293208e-05
   5.3500000e+02   0.0000000e+00   7.2841317e-05
   5.3600000e+02   0.0000000e+00   7.2392212e-05
   5.3700000e+02   0.0000000e+00   7.1945876e-05
   5.3800000e+02   0.0000000e+00   7.1502292e-05
   5.3900000e+02   0.0000000e+00   7.1061443e-05
   5.4000000e+02   0.0000000e+00   7.0623312e-05
   5.4100000e+02   0.0000000e+00   7.0187883e-05
   5.4200000e+02   0.0000000e+00   6.9755138e-05
   5.4300000e+02   0.0000000e+00   6.9325061e-05
   5.4400000e+02   0.0000000e+00   6.8897636e-05
   5.4500000e+02   0.0000000e+00   6.8472846e-05
   5.4600000e+02   0.0000000e+00   6.8050675e-05
   5.4700000e+02   0.0000000e+00   6.7631107e-05
   5.4800000e+02   0.0000000e+00   6.7214126e-05
   5.4900000e+02   0.0000000e+00   6.6799715e-05
   5.5000000e+02   0.0000000e+00   6.6387860e-05
   5.5100000e+02   2.0000000e+00   6.5978544e-05
   5.5200000e+02   0.0000000e+00   6.5571752e-05
   5.5300000e+02   0.0000000e+00   6.5167468e-05
   5.5400000e+02   0.0000000e+00   6.4765677e-05
   5.5500000e+02   0.0000000e+00   6.4366362e-05
   5.5600000e+02   0.0000000e+00   6.3969510e-05
   5.5700000e+02   1.0000000e+00   6.3575105e-05
   5.5800000e+02   0.0000000e+00   6.3183131e-05
   5.5900000e+02   0.0000000e+00   6.2793574e-05
   5.6000000e+02   0.0000000e+00   6.2406419e-05
   5.6100000e+02   0.0000000e+00   6.2021650e-05
   5.6200000e+02   0.0000000e+00   6.1639254e-05
   5.6300000e+02   0.0000000e+00   6.1259216e-05
   5.6400000e+02   1.0000000e+00   6.0881521e-05
   5.6500000e+02   0.0000000e+00   6.0506155e-05
   5.6600000e+02   0.0000000e+00   6.0133103e-05
   5.6700000e+02   0.0000000e+00   5.9762351e-05
   5.6800000e+02   0.0000000e+00   5.9393884e-05
   5.6900000e+02   0.0000000e+00   5.9027690e-05
   5.7000000e+02   0.0000000e+00   5.8663753e-05
   5.7100000e+02   0.0000000e+00   5.8302061e-05
   5.7200000e+02   0.0000000e+00   5.7942598e-05
   5.7300000e+02   0.0000000e+00   5.7585352e-05
   5.7400000e+02   0.0000000e+00   5.7230308e-05
   5.7500000e+02   0.0000000e+00   5.6877453e-05
   5.7600000e+02   0.0000000e+00   5.6526774e-05
   5.7700000e+02   0.0000000e+00   5.6178257e-05
   5.7800000e+02   0.0000000e+00   5.5831888e-05
   5.7900000e+02   0.0000000e+00   5.5487656e-05
   5.8000000e+02   0.0000000e+00   5.5145545e-05
   5.8100000e+02   0.0000000e+00   5.4805544e-05
   5.8200000e+02   0.0000000e+00   5.4467639e-05
   5.8300000e+02   0.0000000e+00   5.4131818e-05
   5.8400000e+02   0.0000000e+00   5.3798067e-05
   5.8500000e+02   0.0000000e+00   5.3466374e-05
   5.8600000e+02   0.0000000e+00   5.3136725e-05
   5.8700000e+02   0.0000000e+00   5.2809110e-05
   5.8800000e+02   0.0000000e+00   5.2483514e-05
   5.8900000e+02   0.0000000e+00   5.2159926e-05
   5.9000000e+02   0.0000000e+00   5.1838332e-05
   5.9100000e+02   0.0000000e+00   5.1518722e-05
   5.9200000e+02   0.0000000e+00   5.1201082e-05
   5.9300000e+02   0.0000000e+00   5.0885401e-05
   5.9400000e+02   0.0000000e+00   5.0571666e-05
   5.9500000e+02   0.0000000e+00   5.0259865e-05
   5.9600000e+02   0.0000000e+00   4.9949987e-05
   5.9700000e+02   0.0000000e+00   4.9642019e-05
   5.9800000e+02   0.0000000e+00   4.9335950e-05
   5.9900000e+02   0.0000000e+00   4.9031768e-05
   6.0000000e+02   0.0000000e+00   4.8729461e-05
   6.0100000e+02   0.0000000e+00   4.8429019e-05
   6.0200000e+02   0.0000000e+00   4.8130428e-05
   6.0300000e+02   0.0000000e+00   4.7833679e-05
   6.0400000e+02   0.0000000e+00   4.7538760e-05
   6.0500000e+02   0.0000000e+00   4.7245658e-05
   6.0600000e+02   0.0000000e+00   4.6954364e-05
   6.0700000e+02   0.0000000e+00   4.6664866e-05
   6.0800000e+02   0.0000000e+00   4.6377153e-05
   6.0900000e+02   0.0000000e+00   4.6091213e-05
   6.1000000e+02   0.0000000e+00   4.5807037e-05
   6.1100000e+02   0.0000000e+00   4.5524612e-05
   6.1200000e+02   0.0000000e+00   4.5243929e-05
   6.1300000e+02   0.0000000e+00   4.4964977e-05
   6.1400000e+02   0.0000000e+00   4.4687744e-05
   6.1500000e+02   0.0000000e+00   4.4412221e-05
   6.1600000e+02   1.0000000e+00   4.4138396e-05
   6.1700000e+02   0.0000000e+00   4.3866260e-05
   6.1800000e+02   0.0000000e+00   4.3595802e-05
   6.1900000e+02   0.0000000e+00   4.3327011e-05
   6.2000000e+02   0.0000000e+00   4.3059877e-05
   6.2100000e+02   0.0000000e+00   4.2794390e-05
   6.2200000e+02   0.0000000e+00   4.2530541e-05
   6.2300000e+02   0.0000000e+00   4.2268318e-05
   6.2400000e+02   0.0000000e+00   4.2007711e-05
   6.2500000e+02   0.0000000e+00   4.1748712e-05
   6.2600000e+02   0.0000000e+00   4.1491309e-05
   6.2700000e+02   0.0000000e+00   4.1235494e-05
   6.2800000e+02   0.0000000e+00   4.0981255e-05
   6.2900000e+02   0.0000000e+00   4.0728584e-05
   6.3000000e+02   0.0000000e+00   4.0477471e-05
   6.3100000e+02   0.0000000e+00   4.0227907e-05
   6.3200000e+02   0.0000000e+00   3.9979881e-05
   6.3300000e+02   0.0000000e+00   3.9733384e-05
   6.3400000e+02   0.0000000e+00   3.9488407e-05
   6.3500000e+02   0.0000000e+00   3.9244940e-05
   6.3600000e+02   0.0000000e+00   3.9002974e-05
   6.3700000e+02   0.0000000e+00   3.8762501e-05
   6.3800000e+02   0.0000000e+00   3.8523509e-05
   6.3900000e+02   0.0000000e+00   3.8285992e-05
   6.4000000e+02   0.0000000e+00   3.8049939e-05
   6.4100000e+02   0.0000000e+00   3.7815341e-05
   6.4200000e+02   0.0000000e+00   3.7582190e-05
   6.4300000e+02   0.0000000e+00   3.7350476e-05
   6.4400000e+02   0.0000000e+00   3.7120191e-05
   6.4500000e+02   0.0000000e+00   3.6891325e-05
   6.4600000e+02   0.0000000e+00   3.6663871e-05
   6.4700000e+02   0.0000000e+00   3.6437819e-05
   6.4800000e+02   0.0000000e+00   3.6213161e-05
   6.4900000e+02   1.0000000e+00   3.5989888e-05
   6.5000000e+02   0.0000000e+00   3.5767991e-05
   6.5100000e+02   0.0000000e+00   3.5547463e-05
   6.5200000e+02   0.0000000e+00   3.5328294e-05
   6.5300000e+02   0.0000000e+00   3.5110477e-05
   6.5400000e+02   0.0000000e+00   3.4894002e-05
   6.5500000e+02   0.0000000e+00   3.4678862e-05
   6.5600000e+02   0.0000000e+00   3.4465049e-05
   6.5700000e+02   0.0000000e+00   3.4252554e-05
   6.5800000e+02   0.0000000e+00   3.4041369e-05
   6.5900000e+02   0.0000000e+00   3.3831486e-05
   6.6000000e+02   0.0000000e+00   3.3622898e-05
   6.6100000e+02   0.0000000e+00   3.3415595e-05
   6.6200000e+02   0.0000000e+00   3.3209570e-05
   6.6300000e+02   1.0000000e+00   3.3004816e-05
   6.6400000e+02   0.0000000e+00   3.2801324e-05
   6.6500000e+02   0.0000000e+00   3.2599087e-05
   6.6600000e+02   0.0000000e+00   3.2398096e-05
   6.6700000e+02   0.0000000e+00   3.2198345e-05
   6.6800000e+02   0.0000000e+00   3.1999825e-05
   6.6900000e+02   0.0000000e+00   3.1802530e-05
   6.7000000e+02   0.0000000e+00   3.1606450e-05
   6.7100000e+02   0.0000000e+00   3.1411580e-05
   6.7200000e+02   0.0000000e+00   3.1217911e-05
   6.7300000e+02   0.0000000e+00   3.1025437e-05
   6.7400000e+02   0.0000000e+00   3.0834149e-05
   6.7500000e+02   0.0000000e+00   3.0644040e-05
   6.7600000e+02   0.0000000e+00   3.0455103e-05
   6.7700000e+02   0.0000000e+00   3.0267332e-05
   6.7800000e+02   0.0000000e+00   3.0080718e-05
   6.7900000e+02   0.0000000e+00   2.9895254e-05
   6.8000000e+02   0.0000000e+00   2.9710935e-05
   6.8100000e+02   0.0000000e+00   2.9527751e-05
   6.8200000e+02   0.0000000e+00   2.9345697e-05
   6.8300000e+02   0.0000000e+00   2.9164766e-05
   6.8400000e+02   0.0000000e+00   2.8984950e-05
   6.8500000e+02   0.0000000e+00   2.8806242e-05
   6.8600000e+02   0.0000000e+00   2.8628637e-05
   6.8700000e+02   0.0000000e+00   2.8452126e-05
   6.8800000e+02   0.0000000e+00   2.8276704e-05
   6.8900000e+02   0.0000000e+00   2.8102363e-05
   6.9000000e+02   0.0000000e+00   2.7929097e-05
   6.9100000e+02   0.0000000e+00   2.7756900e-05
   6.9200000e+02   0.0000000e+00   2.7585764e-05
   6.9300000e+02   0.0000000e+00   2.7415683e-05
   6.9400000e+02   0.0000000e+00   2.7246651e-05
   6.9500000e+02   0.0000000e+00   2.7078662e-05
   6.9600000e+02   0.0000000e+00   2.6911708e-05
   6.9700000e+02   0.0000000e+00   2.6745783e-05
   6.9800000e+02   0.0000000e+00   2.6580881e-05
   6.9900000e+02   0.0000000e+00   2.6416996e-05
   7.0000000e+02   0.0000000e+00   2.6254121e-05
   7.0100000e+02   0.0000000e+00   2.6092251e-05
   7.0200000e+02   0.0000000e+00   2.5931379e-05
   7.0300000e+02   0.0000000e+00   2.5771498e-05
   7.0400000e+02   0.0000000e+00   2.5612603e-05
   7.0500000e+02   0.0000000e+00   2.5454688e-05
   7.0600000e+02   0.0000000e+00   2.5297747e-05
   7.0700000e+02   0.0000000e+00   2.5141773e-05
   7.0800000e+02   0.0000000e+00   2.4986761e-05
   7.0900000e+02   0.0000000e+00   2.4832704e-05
   7.1000000e+02   0.0000000e+00   2.4679598e-05
   7.1100000e+02   0.0000000e+00   2.4527435e-05
   7.1200000e+02   0.0000000e+00   2.4376211e-05
   7.1300000e+02   0.0000000e+00   2.4225919e-05
   7.1400000e+02   0.0000000e+00   2.4076553e-05
   7.1500000e+02   0.0000000e+00   2.3928109e-05
   7.1600000e+02   0.0000000e+00   2.3780579e-05
   7.1700000e+02   0.0000000e+00   2.3633960e-05
   7.1800000e+02   0.0000000e+00   2.3488244e-05
   7.1900000e+02   0.0000000e+00   2.3343427e-05
   7.2000000e+02   0.0000000e+00   2.3199502e-05
   7.2100000e+02   0.0000000e+00   2.3056465e-05
   7.2200000e+02   0.0000000e+00   2.2914310e-05
   7.2300000e+02   0.0000000e+00   2.2773031e-05
   7.2400000e+02   0.0000000e+00   2.2632624e-05
   7.2500000e+02   0.0000000e+00   2.2493082e-05
   7.2600000e+02   0.0000000e+00   2.2354400e-05
   7.2700000e+02   0.0000000e+00   2.2216573e-05
   7.2800000e+02   0.0000000e+00   2.2079597e-05
   7.2900000e+02   0.0000000e+00   2.1943464e-05
   7.3000000e+02   0.0000000e+00   2.1808171e-05
   7.3100000e+02   0.0000000e+00   2.1673713e-05
   7.3200000e+02   0.0000000e+00   2.1540083e-05
   7.3300000e+02   0.0000000e+00   2.1407277e-05
   7.3400000e+02   0.0000000e+00   2.1275290e-05
   7.3500000e+02   0.0000000e+00   2.1144117e-05
   7.3600000e+02   0.0000000e+00   2.1013752e-05
   7.3700000e+02   0.0000000e+00   2.0884191e-05
   7.3800000e+02   0.0000000e+00   2.0755429e-05
   7.3900000e+02   0.0000000e+00   2.0627461e-05
   7.4000000e+02   0.0000000e+00   2.0500282e-05
   7.4100000e+02   0.0000000e+00   2.0373887e-05
   7.4200000e+02   0.0000000e+00   2.0248272e-05
   7.4300000e+02   0.0000000e+00   2.0123430e-05
   7.4400000e+02   0.0000000e+00   1.9999359e-05
   7.4500000e+02   0.0000000e+00   1.9876052e-05
   7.4600000e+02   0.0000000e+00   1.9753506e-05
   7.4700000e+02   0.0000000e+00   1.9631716e-05
   7.4800000e+02   0.0000000e+00   1.9510676e-05
   7.4900000e+02   0.0000000e+00   1.9390382e-05
   7.5000000e+02   0.0000000e+00   1.9270830e-05
   7.5100000e+02   0.0000000e+00   1.9152016e-05
   7.5200000e+02   0.0000000e+00   1.9033933e-05
   7.5300000e+02   0.0000000e+00   1.8916579e-05
   7.5400000e+02   0.0000000e+00   1.8799949e-05
   7.5500000e+02   0.0000000e+00   1.8684037e-05
   7.5600000e+02   0.0000000e+00   1.8568840e-05
   7.5700000e+02   0.0000000e+00   1.8454354e-05
   7.5800000e+02   0.0000000e+00   1.8340573e-05
   7.5900000e+02   0.0000000e+00   1.8227494e-05
   7.6000000e+02   0.0000000e+00   1.8115112e-05
   7.6100000e+02   0.0000000e+00   1.8003423e-05
   7.6200000e+02   0.0000000e+00   1.7892422e-05
   7.6300000e+02   1.0000000e+00   1.7782106e-05
   7.6400000e+02   0.0000000e+00   1.7672470e-05
   7.6500000e+02   0.0000000e+00   1.7563510e-05
   7.6600000e+02   0.0000000e+00   1.7455222e-05
   7.6700000e+02   0.0000000e+00   1.7347601e-05
   7.6800000e+02   0.0000000e+00   1.7240644e-05
   7.6900000e+02   0.0000000e+00   1.7134347e-05
   7.7000000e+02   0.0000000e+00   1.7028704e-05
   7.7100000e+02   0.0000000e+00   1.6923713e-05
   7.7200000e+02   0.0000000e+00   1.6819370e-05
   7.7300000e+02   0.0000000e+00   1.6715670e-05
   7.7400000e+02   0.0000000e+00   1.6612609e-05
   7.7500000e+02   0.0000000e+00   1.6510183e-05
   7.7600000e+02   0.0000000e+00   1.6408389e-05
   7.7700000e+02   0.0000000e+00   1.6307223e-05
   7.7800000e+02   0.0000000e+00   1.6206681e-05
   7.7900000e+02   0.0000000e+00   1.6106758e-05
   7.8000000e+02   0.0000000e+00   1.6007451e-05
   7.8100000e+02   0.0000000e+00   1.5908757e-05
   7.8200000e+02   0.0000000e+00   1.5810671e-05
   7.8300000e+02   0.0000000e+00   1.5713190e-05
   7.8400000e+02   0.0000000e+00   1.5616310e-05
   7.8500000e+02   0.0000000e+00   1.5520027e-05
   7.8600000e+02   0.0000000e+00   1.5424338e-05
   7.8700000e+02   0.0000000e+00   1.5329239e-05
   7.8800000e+02   0.0000000e+00   1.5234727e-05
   7.8900000e+02   0.0000000e+00   1.5140796e-05
   7.9000000e+02   0.0000000e+00   1.5047446e-05
   7.9100000e+02   1.0000000e+00   1.4954670e-05
