   1.0000000e+00   3.7000000e+01   7.8948100e-02
   2.0000000e+00   3.9000000e+01   7.1064706e-02
   3.0000000e+00   2.6000000e+01   6.4099311e-02
   4.0000000e+00   3.2000000e+01   5.7936823e-02
   5.0000000e+00   1.9000000e+01   5.2477017e-02
   6.0000000e+00   2.2000000e+01   4.7632597e-02
   7.0000000e+00   1.7000000e+01   4.3327506e-02
   8.0000000e+00   2.2000000e+01   3.9495457e-02
   9.0000000e+00   1.4000000e+01   3.6078662e-02
   1.0000000e+01   2.1000000e+01   3.3026723e-02
   1.1000000e+01   1.4000000e+01   3.0295670e-02
   1.2000000e+01   1.3000000e+01   2.7847127e-02
   1.3000000e+01   1.5000000e+01   2.5647582e-02
   1.4000000e+01   1.3000000e+01   2.3667758e-02
   1.5000000e+01   8.0000000e+00   2.1882063e-02
   1.6000000e+01   6.0000000e+00   2.0268117e-02
   1.7000000e+01   1.1000000e+01   1.8806329e-02
   1.8000000e+01   1.6000000e+01   1.7479546e-02
   1.9000000e+01   3.0000000e+00   1.6272733e-02
   2.0000000e+01   9.0000000e+00   1.5172705e-02
   2.1000000e+01   9.0000000e+00   1.4167886e-02
   2.2000000e+01   2.0000000e+00   1.3248107e-02
   2.3000000e+01   7.0000000e+00   1.2404423e-02
   2.4000000e+01   3.0000000e+00   1.1628960e-02
   2.5000000e+01   5.0000000e+00   1.0914777e-02
   2.6000000e+01   3.0000000e+00   1.0255752e-02
   2.7000000e+01   7.0000000e+00   9.6464726e-03
   2.8000000e+01   2.0000000e+00   9.0821533e-03
   2.9000000e+01   2.0000000e+00   8.5585532e-03
   3.0000000e+01   3.0000000e+00   8.0719100e-03
   3.1000000e+01   4.0000000e+00   7.6188806e-03
   3.2000000e+01   3.0000000e+00   7.1964892e-03
   3.3000000e+01   3.0000000e+00   6.8020828e-03
   3.4000000e+01   3.0000000e+00   6.4332918e-03
   3.5000000e+01   5.0000000e+00   6.0879961e-03
   3.6000000e+01   2.0000000e+00   5.7642949e-03
   3.7000000e+01   4.0000000e+00   5.4604807e-03
   3.8000000e+01   5.0000000e+00   5.1750171e-03
   3.9000000e+01   1.0000000e+00   4.9065181e-03
   4.0000000e+01   3.0000000e+00   4.6537313e-03
   4.1000000e+01   2.0000000e+00   4.4155224e-03
   4.2000000e+01   4.0000000e+00   4.1908621e-03
   4.3000000e+01   3.0000000e+00   3.9788140e-03
   4.4000000e+01   1.0000000e+00   3.7785248e-03
   4.5000000e+01   3.0000000e+00   3.5892151e-03
   4.6000000e+01   1.0000000e+00   3.4101715e-03
   4.7000000e+01   2.0000000e+00   3.2407398e-03
   4.8000000e+01   1.0000000e+00   3.0803186e-03
   4.9000000e+01   0.0000000e+00   2.9283541e-03
   5.0000000e+01   1.0000000e+00   2.7843353e-03
   5.1000000e+01   1.0000000e+00   2.6477899e-03
   5.2000000e+01   1.0000000e+00   2.5182804e-03
   5.3000000e+01   0.0000000e+00   2.3954009e-03
   5.4000000e+01   1.0000000e+00   2.2787743e-03
   5.5000000e+01   0.0000000e+00   2.1680493e-03
   5.6000000e+01   2.0000000e+00   2.0628988e-03
   5.7000000e+01   1.0000000e+00   1.9630169e-03
   5.8000000e+01   0.0000000e+00   1.8681179e-03
   5.9000000e+01   1.0000000e+00   1.7779344e-03
   6.0000000e+01   1.0000000e+00   1.6922153e-03
   6.1000000e+01   0.0000000e+00   1.6107254e-03
   6.2000000e+01   0.0000000e+00   1.5332436e-03
   6.3000000e+01   1.0000000e+00   1.4595616e-03
   6.4000000e+01   0.0000000e+00   1.3894839e-03
   6.5000000e+01   0.0000000e+00   1.3228257e-03
   6.6000000e+01   1.0000000e+00   1.2594131e-03
   6.7000000e+01   3.0000000e+00   1.1990819e-03
   6.8000000e+01   0.0000000e+00   1.1416768e-03
   6.9000000e+01   0.0000000e+00   1.0870513e-03
   7.0000000e+01   1.0000000e+00   1.0350666e-03
   7.1000000e+01   1.0000000e+00   9.8559159e-04
   7.2000000e+01   1.0000000e+00   9.3850195e-04
   7.3000000e+01   0.0000000e+00   8.9368000e-04
   7.4000000e+01   1.0000000e+00   8.5101420e-04
   7.5000000e+01   0.0000000e+00   8.1039880e-04
   7.6000000e+01   0.0000000e+00   7.7173350e-04
   7.7000000e+01   1.0000000e+00   7.3492313e-04
   7.8000000e+01   1.0000000e+00   6.9987738e-04
   7.9000000e+01   1.0000000e+00   6.6651048e-04
   8.0000000e+01   1.0000000e+00   6.3474103e-04
   8.1000000e+01   0.0000000e+00   6.0449165e-04
   8.2000000e+01   1.0000000e+00   5.7568887e-04
   8.3000000e+01   0.0000000e+00   5.4826284e-04
   8.4000000e+01   0.0000000e+00   5.2214719e-04
   8.5000000e+01   0.0000000e+00   4.9727880e-04
   8.6000000e+01   1.0000000e+00   4.7359768e-04
   8.7000000e+01   0.0000000e+00   4.5104678e-04
   8.8000000e+01   0.0000000e+00   4.2957181e-04
   8.9000000e+01   0.0000000e+00   4.0912117e-04
   9.0000000e+01   0.0000000e+00   3.8964575e-04
   9.1000000e+01   0.0000000e+00   3.7109883e-04
   9.2000000e+01   0.0000000e+00   3.5343596e-04
   9.3000000e+01   0.0000000e+00   3.3661484e-04
   9.4000000e+01   0.0000000e+00   3.2059521e-04
   9.5000000e+01   0.0000000e+00   3.0533877e-04
   9.6000000e+01   0.0000000e+00   2.9080905e-04
   9.7000000e+01   0.0000000e+00   2.7697134e-04
   9.8000000e+01   0.0000000e+00   2.6379260e-04
   9.9000000e+01   0.0000000e+00   2.5124138e-04
   1.0000000e+02   0.0000000e+00   2.3928775e-04
   1.0100000e+02   0.0000000e+00   2.2790319e-04
   1.0200000e+02   0.0000000e+00   2.1706057e-04
   1.0300000e+02   0.0000000e+00   2.0673406e-04
   1.0400000e+02   0.0000000e+00   1.9689905e-04
   1.0500000e+02   0.0000000e+00   1.8753212e-04
   1.0600000e+02   0.0000000e+00   1.7861097e-04
   1.0700000e+02   0.0000000e+00   1.7011435e-04
   1.0800000e+02   0.0000000e+00   1.6202205e-04
   1.0900000e+02   0.0000000e+00   1.5431482e-04
   1.1000000e+02   0.0000000e+00   1.4697430e-04
   1.1100000e+02   0.0000000e+00   1.3998305e-04
   1.1200000e+02   0.0000000e+00   1.3332443e-04
   1.1300000e+02   0.0000000e+00   1.2698260e-04
   1.1400000e+02   0.0000000e+00   1.2094249e-04
   1.1500000e+02   1.0000000e+00   1.1518973e-04
   1.1600000e+02   0.0000000e+00   1.0971066e-04
   1.1700000e+02   0.0000000e+00   1.0449223e-04
   1.1800000e+02   0.0000000e+00   9.9522053e-05
   1.1900000e+02   0.0000000e+00   9.4788309e-05
   1.2000000e+02   0.0000000e+00   9.0279748e-05
   1.2100000e+02   0.0000000e+00   8.5985655e-05
   1.2200000e+02   0.0000000e+00   8.1895826e-05
   1.2300000e+02   0.0000000e+00   7.8000541e-05
   1.2400000e+02   0.0000000e+00   7.4290544e-05
   1.2500000e+02   0.0000000e+00   7.0757020e-05
   1.2600000e+02   0.0000000e+00   6.7391574e-05
   1.2700000e+02   0.0000000e+00   6.4186208e-05
   1.2800000e+02   0.0000000e+00   6.1133308e-05
   1.2900000e+02   0.0000000e+00   5.8225620e-05
   1.3000000e+02   0.0000000e+00   5.5456237e-05
   1.3100000e+02   0.0000000e+00   5.2818578e-05
   1.3200000e+02   0.0000000e+00   5.0306379e-05
   1.3300000e+02   0.0000000e+00   4.7913671e-05
   1.3400000e+02   0.0000000e+00   4.5634769e-05
   1.3500000e+02   0.0000000e+00   4.3464261e-05
   1.3600000e+02   0.0000000e+00   4.1396991e-05
   1.3700000e+02   0.0000000e+00   3.9428047e-05
   1.3800000e+02   0.0000000e+00   3.7552753e-05
   1.3900000e+02   0.0000000e+00   3.5766655e-05
   1.4000000e+02   0.0000000e+00   3.4065508e-05
   1.4100000e+02   0.0000000e+00   3.2445274e-05
   1.4200000e+02   0.0000000e+00   3.0902102e-05
   1.4300000e+02   0.0000000e+00   2.9432329e-05
   1.4400000e+02   1.0000000e+00   2.8032462e-05
