   1.0000000e+00   2.9000000e+01   6.5846185e-02
   2.0000000e+00   3.0000000e+01   6.0201509e-02
   3.0000000e+00   2.9000000e+01   5.5049223e-02
   4.0000000e+00   2.0000000e+01   5.0346332e-02
   5.0000000e+00   2.6000000e+01   4.6053597e-02
   6.0000000e+00   1.5000000e+01   4.2135206e-02
   7.0000000e+00   1.9000000e+01   3.8558471e-02
   8.0000000e+00   1.6000000e+01   3.5293562e-02
   9.0000000e+00   9.0000000e+00   3.2313251e-02
   1.0000000e+01   1.1000000e+01   2.9592689e-02
   1.1000000e+01   1.6000000e+01   2.7109198e-02
   1.2000000e+01   1.2000000e+01   2.4842077e-02
   1.3000000e+01   1.5000000e+01   2.2772436e-02
   1.4000000e+01   1.1000000e+01   2.0883032e-02
   1.5000000e+01   8.0000000e+00   1.9158129e-02
   1.6000000e+01   1.4000000e+01   1.7583366e-02
   1.7000000e+01   9.0000000e+00   1.6145633e-02
   1.8000000e+01   1.3000000e+01   1.4832967e-02
   1.9000000e+01   3.0000000e+00   1.3634451e-02
   2.0000000e+01   8.0000000e+00   1.2540117e-02
   2.1000000e+01   5.0000000e+00   1.1540872e-02
   2.2000000e+01   3.0000000e+00   1.0628414e-02
   2.3000000e+01   5.0000000e+00   9.7951670e-03
   2.4000000e+01   4.0000000e+00   9.0342164e-03
   2.5000000e+01   3.0000000e+00   8.3392513e-03
   2.6000000e+01   4.0000000e+00   7.7045122e-03
   2.7000000e+01   2.0000000e+00   7.1247422e-03
   2.8000000e+01   2.0000000e+00   6.5951435e-03
   2.9000000e+01   2.0000000e+00   6.1113374e-03
   3.0000000e+01   2.0000000e+00   5.6693272e-03
   3.1000000e+01   6.0000000e+00   5.2654656e-03
   3.2000000e+01   3.0000000e+00   4.8964235e-03
   3.3000000e+01   1.0000000e+00   4.5591626e-03
   3.4000000e+01   1.0000000e+00   4.2509098e-03
   3.5000000e+01   2.0000000e+00   3.9691344e-03
   3.6000000e+01   1.0000000e+00   3.7115263e-03
   3.7000000e+01   1.0000000e+00   3.4759774e-03
   3.8000000e+01   2.0000000e+00   3.2605636e-03
   3.9000000e+01   3.0000000e+00   3.0635287e-03
   4.0000000e+01   1.0000000e+00   2.8832701e-03
   4.1000000e+01   3.0000000e+00   2.7183247e-03
   4.2000000e+01   2.0000000e+00   2.5673577e-03
   4.3000000e+01   0.0000000e+00   2.4291503e-03
   4.4000000e+01   0.0000000e+00   2.3025906e-03
   4.5000000e+01   2.0000000e+00   2.1866634e-03
   4.6000000e+01   1.0000000e+00   2.0804423e-03
   4.7000000e+01   1.0000000e+00   1.9830819e-03
   4.8000000e+01   0.0000000e+00   1.8938104e-03
   4.9000000e+01   1.0000000e+00   1.8119236e-03
   5.0000000e+01   1.0000000e+00   1.7367785e-03
   5.1000000e+01   0.0000000e+00   1.6677885e-03
   5.2000000e+01   0.0000000e+00   1.6044182e-03
   5.3000000e+01   0.0000000e+00   1.5461786e-03
   5.4000000e+01   0.0000000e+00   1.4926239e-03
   5.5000000e+01   0.0000000e+00   1.4433469e-03
   5.6000000e+01   1.0000000e+00   1.3979759e-03
   5.7000000e+01   0.0000000e+00   1.3561720e-03
   5.8000000e+01   1.0000000e+00   1.3176254e-03
   5.9000000e+01   2.0000000e+00   1.2820537e-03
   6.0000000e+01   0.0000000e+00   1.2491990e-03
   6.1000000e+01   0.0000000e+00   1.2188260e-03
   6.2000000e+01   1.0000000e+00   1.1907199e-03
   6.3000000e+01   0.0000000e+00   1.1646846e-03
   6.4000000e+01   1.0000000e+00   1.1405412e-03
   6.5000000e+01   0.0000000e+00   1.1181263e-03
   6.6000000e+01   1.0000000e+00   1.0972908e-03
   6.7000000e+01   0.0000000e+00   1.0778987e-03
   6.8000000e+01   0.0000000e+00   1.0598258e-03
   6.9000000e+01   0.0000000e+00   1.0429588e-03
   7.0000000e+01   0.0000000e+00   1.0271940e-03
   7.1000000e+01   1.0000000e+00   1.0124372e-03
   7.2000000e+01   1.0000000e+00   9.9860204e-04
   7.3000000e+01   0.0000000e+00   9.8560990e-04
   7.4000000e+01   1.0000000e+00   9.7338895e-04
   7.5000000e+01   0.0000000e+00   9.6187362e-04
   7.6000000e+01   0.0000000e+00   9.5100406e-04
   7.7000000e+01   1.0000000e+00   9.4072564e-04
   7.8000000e+01   0.0000000e+00   9.3098850e-04
   7.9000000e+01   0.0000000e+00   9.2174712e-04
   8.0000000e+01   1.0000000e+00   9.1295994e-04
   8.1000000e+01   0.0000000e+00   9.0458903e-04
   8.2000000e+01   1.0000000e+00   8.9659975e-04
   8.3000000e+01   0.0000000e+00   8.8896049e-04
   8.4000000e+01   0.0000000e+00   8.8164239e-04
   8.5000000e+01   2.0000000e+00   8.7461911e-04
   8.6000000e+01   0.0000000e+00   8.6786657e-04
   8.7000000e+01   1.0000000e+00   8.6136281e-04
   8.8000000e+01   1.0000000e+00   8.5508779e-04
   8.9000000e+01   1.0000000e+00   8.4902318e-04
   9.0000000e+01   1.0000000e+00   8.4315226e-04
   9.1000000e+01   0.0000000e+00   8.3745978e-04
   9.2000000e+01   0.0000000e+00   8.3193177e-04
   9.3000000e+01   0.0000000e+00   8.2655551e-04
   9.4000000e+01   0.0000000e+00   8.2131937e-04
   9.5000000e+01   0.0000000e+00   8.1621272e-04
   9.6000000e+01   0.0000000e+00   8.1122586e-04
   9.7000000e+01   0.0000000e+00   8.0634993e-04
   9.8000000e+01   1.0000000e+00   8.0157683e-04
   9.9000000e+01   0.0000000e+00   7.9689917e-04
   1.0000000e+02   0.0000000e+00   7.9231017e-04
   1.0100000e+02   0.0000000e+00   7.8780367e-04
   1.0200000e+02   0.0000000e+00   7.8337401e-04
   1.0300000e+02   0.0000000e+00   7.7901605e-04
   1.0400000e+02   0.0000000e+00   7.7472505e-04
   1.0500000e+02   0.0000000e+00   7.7049672e-04
   1.0600000e+02   1.0000000e+00   7.6632710e-04
   1.0700000e+02   1.0000000e+00   7.6221259e-04
   1.0800000e+02   0.0000000e+00   7.5814988e-04
   1.0900000e+02   1.0000000e+00   7.5413597e-04
   1.1000000e+02   1.0000000e+00   7.5016809e-04
   1.1100000e+02   0.0000000e+00   7.4624370e-04
   1.1200000e+02   1.0000000e+00   7.4236050e-04
   1.1300000e+02   0.0000000e+00   7.3851636e-04
   1.1400000e+02   0.0000000e+00   7.3470934e-04
   1.1500000e+02   0.0000000e+00   7.3093767e-04
   1.1600000e+02   1.0000000e+00   7.2719970e-04
   1.1700000e+02   0.0000000e+00   7.2349395e-04
   1.1800000e+02   1.0000000e+00   7.1981904e-04
   1.1900000e+02   0.0000000e+00   7.1617371e-04
   1.2000000e+02   1.0000000e+00   7.1255681e-04
   1.2100000e+02   2.0000000e+00   7.0896727e-04
   1.2200000e+02   0.0000000e+00   7.0540411e-04
   1.2300000e+02   0.0000000e+00   7.0186644e-04
   1.2400000e+02   0.0000000e+00   6.9835343e-04
   1.2500000e+02   1.0000000e+00   6.9486432e-04
   1.2600000e+02   0.0000000e+00   6.9139841e-04
   1.2700000e+02   1.0000000e+00   6.8795504e-04
   1.2800000e+02   0.0000000e+00   6.8453362e-04
   1.2900000e+02   0.0000000e+00   6.8113360e-04
   1.3000000e+02   0.0000000e+00   6.7775447e-04
   1.3100000e+02   0.0000000e+00   6.7439576e-04
   1.3200000e+02   0.0000000e+00   6.7105702e-04
   1.3300000e+02   0.0000000e+00   6.6773786e-04
   1.3400000e+02   0.0000000e+00   6.6443788e-04
   1.3500000e+02   1.0000000e+00   6.6115675e-04
   1.3600000e+02   0.0000000e+00   6.5789414e-04
   1.3700000e+02   0.0000000e+00   6.5464974e-04
   1.3800000e+02   0.0000000e+00   6.5142326e-04
   1.3900000e+02   0.0000000e+00   6.4821445e-04
   1.4000000e+02   2.0000000e+00   6.4502304e-04
   1.4100000e+02   0.0000000e+00   6.4184882e-04
   1.4200000e+02   0.0000000e+00   6.3869155e-04
   1.4300000e+02   1.0000000e+00   6.3555103e-04
   1.4400000e+02   0.0000000e+00   6.3242707e-04
   1.4500000e+02   0.0000000e+00   6.2931948e-04
   1.4600000e+02   1.0000000e+00   6.2622809e-04
   1.4700000e+02   1.0000000e+00   6.2315273e-04
   1.4800000e+02   0.0000000e+00   6.2009325e-04
   1.4900000e+02   1.0000000e+00   6.1704949e-04
   1.5000000e+02   0.0000000e+00   6.1402132e-04
   1.5100000e+02   0.0000000e+00   6.1100860e-04
   1.5200000e+02   0.0000000e+00   6.0801119e-04
   1.5300000e+02   0.0000000e+00   6.0502898e-04
   1.5400000e+02   1.0000000e+00   6.0206184e-04
   1.5500000e+02   0.0000000e+00   5.9910966e-04
   1.5600000e+02   0.0000000e+00   5.9617233e-04
   1.5700000e+02   1.0000000e+00   5.9324974e-04
   1.5800000e+02   0.0000000e+00   5.9034179e-04
   1.5900000e+02   0.0000000e+00   5.8744837e-04
   1.6000000e+02   1.0000000e+00   5.8456940e-04
   1.6100000e+02   0.0000000e+00   5.8170477e-04
   1.6200000e+02   0.0000000e+00   5.7885439e-04
   1.6300000e+02   1.0000000e+00   5.7601817e-04
   1.6400000e+02   0.0000000e+00   5.7319604e-04
   1.6500000e+02   0.0000000e+00   5.7038789e-04
   1.6600000e+02   0.0000000e+00   5.6759365e-04
   1.6700000e+02   0.0000000e+00   5.6481323e-04
   1.6800000e+02   0.0000000e+00   5.6204656e-04
   1.6900000e+02   0.0000000e+00   5.5929355e-04
   1.7000000e+02   0.0000000e+00   5.5655413e-04
   1.7100000e+02   0.0000000e+00   5.5382822e-04
   1.7200000e+02   0.0000000e+00   5.5111575e-04
   1.7300000e+02   0.0000000e+00   5.4841665e-04
   1.7400000e+02   0.0000000e+00   5.4573083e-04
   1.7500000e+02   0.0000000e+00   5.4305824e-04
   1.7600000e+02   0.0000000e+00   5.4039879e-04
   1.7700000e+02   0.0000000e+00   5.3775242e-04
   1.7800000e+02   0.0000000e+00   5.3511906e-04
   1.7900000e+02   0.0000000e+00   5.3249864e-04
   1.8000000e+02   0.0000000e+00   5.2989110e-04
   1.8100000e+02   1.0000000e+00   5.2729636e-04
   1.8200000e+02   0.0000000e+00   5.2471436e-04
   1.8300000e+02   1.0000000e+00   5.2214504e-04
   1.8400000e+02   0.0000000e+00   5.1958832e-04
   1.8500000e+02   0.0000000e+00   5.1704415e-04
   1.8600000e+02   0.0000000e+00   5.1451247e-04
   1.8700000e+02   2.0000000e+00   5.1199320e-04
   1.8800000e+02   0.0000000e+00   5.0948628e-04
   1.8900000e+02   0.0000000e+00   5.0699166e-04
   1.9000000e+02   0.0000000e+00   5.0450928e-04
   1.9100000e+02   0.0000000e+00   5.0203906e-04
   1.9200000e+02   1.0000000e+00   4.9958095e-04
   1.9300000e+02   0.0000000e+00   4.9713488e-04
   1.9400000e+02   0.0000000e+00   4.9470081e-04
   1.9500000e+02   0.0000000e+00   4.9227866e-04
   1.9600000e+02   0.0000000e+00   4.8986839e-04
   1.9700000e+02   0.0000000e+00   4.8746992e-04
   1.9800000e+02   1.0000000e+00   4.8508320e-04
   1.9900000e+02   0.0000000e+00   4.8270818e-04
   2.0000000e+02   0.0000000e+00   4.8034479e-04
   2.0100000e+02   0.0000000e+00   4.7799298e-04
   2.0200000e+02   1.0000000e+00   4.7565269e-04
   2.0300000e+02   1.0000000e+00   4.7332386e-04
   2.0400000e+02   0.0000000e+00   4.7100644e-04
   2.0500000e+02   0.0000000e+00   4.6870037e-04
   2.0600000e+02   0.0000000e+00   4.6640560e-04
   2.0700000e+02   0.0000000e+00   4.6412206e-04
   2.0800000e+02   0.0000000e+00   4.6184971e-04
   2.0900000e+02   0.0000000e+00   4.5958848e-04
   2.1000000e+02   0.0000000e+00   4.5733833e-04
   2.1100000e+02   0.0000000e+00   4.5509920e-04
   2.1200000e+02   0.0000000e+00   4.5287104e-04
   2.1300000e+02   0.0000000e+00   4.5065378e-04
   2.1400000e+02   1.0000000e+00   4.4844738e-04
   2.1500000e+02   0.0000000e+00   4.4625179e-04
   2.1600000e+02   0.0000000e+00   4.4406695e-04
   2.1700000e+02   0.0000000e+00   4.4189280e-04
   2.1800000e+02   1.0000000e+00   4.3972930e-04
   2.1900000e+02   0.0000000e+00   4.3757640e-04
   2.2000000e+02   0.0000000e+00   4.3543404e-04
   2.2100000e+02   0.0000000e+00   4.3330216e-04
   2.2200000e+02   0.0000000e+00   4.3118073e-04
   2.2300000e+02   0.0000000e+00   4.2906968e-04
   2.2400000e+02   0.0000000e+00   4.2696897e-04
   2.2500000e+02   2.0000000e+00   4.2487854e-04
   2.2600000e+02   2.0000000e+00   4.2279835e-04
   2.2700000e+02   0.0000000e+00   4.2072835e-04
   2.2800000e+02   0.0000000e+00   4.1866848e-04
   2.2900000e+02   0.0000000e+00   4.1661870e-04
   2.3000000e+02   0.0000000e+00   4.1457895e-04
   2.3100000e+02   0.0000000e+00   4.1254919e-04
   2.3200000e+02   0.0000000e+00   4.1052936e-04
   2.3300000e+02   0.0000000e+00   4.0851943e-04
   2.3400000e+02   2.0000000e+00   4.0651934e-04
   2.3500000e+02   0.0000000e+00   4.0452904e-04
   2.3600000e+02   1.0000000e+00   4.0254848e-04
   2.3700000e+02   0.0000000e+00   4.0057762e-04
   2.3800000e+02   0.0000000e+00   3.9861641e-04
   2.3900000e+02   0.0000000e+00   3.9666480e-04
   2.4000000e+02   0.0000000e+00   3.9472275e-04
   2.4100000e+02   0.0000000e+00   3.9279021e-04
   2.4200000e+02   0.0000000e+00   3.9086713e-04
   2.4300000e+02   0.0000000e+00   3.8895346e-04
   2.4400000e+02   0.0000000e+00   3.8704916e-04
   2.4500000e+02   0.0000000e+00   3.8515419e-04
   2.4600000e+02   1.0000000e+00   3.8326849e-04
   2.4700000e+02   1.0000000e+00   3.8139203e-04
   2.4800000e+02   0.0000000e+00   3.7952475e-04
   2.4900000e+02   0.0000000e+00   3.7766662e-04
   2.5000000e+02   0.0000000e+00   3.7581758e-04
   2.5100000e+02   0.0000000e+00   3.7397760e-04
   2.5200000e+02   0.0000000e+00   3.7214662e-04
   2.5300000e+02   0.0000000e+00   3.7032461e-04
   2.5400000e+02   1.0000000e+00   3.6851152e-04
   2.5500000e+02   0.0000000e+00   3.6670731e-04
   2.5600000e+02   0.0000000e+00   3.6491193e-04
   2.5700000e+02   0.0000000e+00   3.6312534e-04
   2.5800000e+02   0.0000000e+00   3.6134749e-04
   2.5900000e+02   0.0000000e+00   3.5957836e-04
   2.6000000e+02   0.0000000e+00   3.5781788e-04
   2.6100000e+02   0.0000000e+00   3.5606602e-04
   2.6200000e+02   0.0000000e+00   3.5432274e-04
   2.6300000e+02   0.0000000e+00   3.5258799e-04
   2.6400000e+02   1.0000000e+00   3.5086174e-04
   2.6500000e+02   0.0000000e+00   3.4914394e-04
   2.6600000e+02   0.0000000e+00   3.4743455e-04
   2.6700000e+02   1.0000000e+00   3.4573353e-04
   2.6800000e+02   0.0000000e+00   3.4404083e-04
   2.6900000e+02   0.0000000e+00   3.4235643e-04
   2.7000000e+02   0.0000000e+00   3.4068027e-04
   2.7100000e+02   0.0000000e+00   3.3901232e-04
   2.7200000e+02   0.0000000e+00   3.3735253e-04
   2.7300000e+02   0.0000000e+00   3.3570087e-04
   2.7400000e+02   1.0000000e+00   3.3405730e-04
   2.7500000e+02   0.0000000e+00   3.3242177e-04
   2.7600000e+02   0.0000000e+00   3.3079425e-04
   2.7700000e+02   0.0000000e+00   3.2917470e-04
   2.7800000e+02   1.0000000e+00   3.2756308e-04
   2.7900000e+02   0.0000000e+00   3.2595934e-04
   2.8000000e+02   0.0000000e+00   3.2436346e-04
   2.8100000e+02   0.0000000e+00   3.2277540e-04
   2.8200000e+02   0.0000000e+00   3.2119511e-04
   2.8300000e+02   0.0000000e+00   3.1962255e-04
   2.8400000e+02   0.0000000e+00   3.1805770e-04
   2.8500000e+02   0.0000000e+00   3.1650050e-04
   2.8600000e+02   0.0000000e+00   3.1495093e-04
   2.8700000e+02   0.0000000e+00   3.1340895e-04
   2.8800000e+02   0.0000000e+00   3.1187451e-04
   2.8900000e+02   0.0000000e+00   3.1034759e-04
   2.9000000e+02   0.0000000e+00   3.0882815e-04
   2.9100000e+02   0.0000000e+00   3.0731614e-04
   2.9200000e+02   0.0000000e+00   3.0581154e-04
   2.9300000e+02   0.0000000e+00   3.0431430e-04
   2.9400000e+02   0.0000000e+00   3.0282439e-04
   2.9500000e+02   0.0000000e+00   3.0134178e-04
   2.9600000e+02   0.0000000e+00   2.9986643e-04
   2.9700000e+02   0.0000000e+00   2.9839830e-04
   2.9800000e+02   0.0000000e+00   2.9693735e-04
   2.9900000e+02   0.0000000e+00   2.9548356e-04
   3.0000000e+02   0.0000000e+00   2.9403689e-04
   3.0100000e+02   0.0000000e+00   2.9259730e-04
   3.0200000e+02   0.0000000e+00   2.9116476e-04
   3.0300000e+02   0.0000000e+00   2.8973923e-04
   3.0400000e+02   0.0000000e+00   2.8832069e-04
   3.0500000e+02   1.0000000e+00   2.8690908e-04
   3.0600000e+02   0.0000000e+00   2.8550439e-04
   3.0700000e+02   0.0000000e+00   2.8410658e-04
   3.0800000e+02   0.0000000e+00   2.8271561e-04
   3.0900000e+02   0.0000000e+00   2.8133145e-04
   3.1000000e+02   0.0000000e+00   2.7995406e-04
   3.1100000e+02   0.0000000e+00   2.7858342e-04
   3.1200000e+02   1.0000000e+00   2.7721949e-04
   3.1300000e+02   0.0000000e+00   2.7586224e-04
   3.1400000e+02   0.0000000e+00   2.7451163e-04
   3.1500000e+02   1.0000000e+00   2.7316764e-04
   3.1600000e+02   0.0000000e+00   2.7183022e-04
   3.1700000e+02   0.0000000e+00   2.7049936e-04
   3.1800000e+02   0.0000000e+00   2.6917501e-04
   3.1900000e+02   0.0000000e+00   2.6785714e-04
   3.2000000e+02   0.0000000e+00   2.6654572e-04
   3.2100000e+02   1.0000000e+00   2.6524073e-04
   3.2200000e+02   0.0000000e+00   2.6394213e-04
   3.2300000e+02   1.0000000e+00   2.6264988e-04
   3.2400000e+02   0.0000000e+00   2.6136396e-04
   3.2500000e+02   0.0000000e+00   2.6008433e-04
   3.2600000e+02   0.0000000e+00   2.5881097e-04
   3.2700000e+02   0.0000000e+00   2.5754385e-04
   3.2800000e+02   0.0000000e+00   2.5628293e-04
   3.2900000e+02   0.0000000e+00   2.5502818e-04
   3.3000000e+02   0.0000000e+00   2.5377958e-04
   3.3100000e+02   0.0000000e+00   2.5253708e-04
   3.3200000e+02   0.0000000e+00   2.5130068e-04
   3.3300000e+02   0.0000000e+00   2.5007032e-04
   3.3400000e+02   0.0000000e+00   2.4884599e-04
   3.3500000e+02   0.0000000e+00   2.4762765e-04
   3.3600000e+02   0.0000000e+00   2.4641528e-04
   3.3700000e+02   0.0000000e+00   2.4520884e-04
   3.3800000e+02   0.0000000e+00   2.4400831e-04
   3.3900000e+02   0.0000000e+00   2.4281366e-04
   3.4000000e+02   0.0000000e+00   2.4162486e-04
   3.4100000e+02   0.0000000e+00   2.4044188e-04
   3.4200000e+02   0.0000000e+00   2.3926469e-04
   3.4300000e+02   1.0000000e+00   2.3809326e-04
   3.4400000e+02   0.0000000e+00   2.3692757e-04
   3.4500000e+02   1.0000000e+00   2.3576758e-04
   3.4600000e+02   0.0000000e+00   2.3461328e-04
   3.4700000e+02   0.0000000e+00   2.3346462e-04
   3.4800000e+02   0.0000000e+00   2.3232159e-04
   3.4900000e+02   0.0000000e+00   2.3118416e-04
   3.5000000e+02   0.0000000e+00   2.3005229e-04
   3.5100000e+02   0.0000000e+00   2.2892597e-04
   3.5200000e+02   0.0000000e+00   2.2780516e-04
   3.5300000e+02   1.0000000e+00   2.2668984e-04
   3.5400000e+02   0.0000000e+00   2.2557997e-04
   3.5500000e+02   0.0000000e+00   2.2447555e-04
   3.5600000e+02   0.0000000e+00   2.2337653e-04
   3.5700000e+02   0.0000000e+00   2.2228289e-04
   3.5800000e+02   0.0000000e+00   2.2119460e-04
   3.5900000e+02   0.0000000e+00   2.2011164e-04
   3.6000000e+02   0.0000000e+00   2.1903399e-04
   3.6100000e+02   0.0000000e+00   2.1796161e-04
   3.6200000e+02   0.0000000e+00   2.1689448e-04
   3.6300000e+02   0.0000000e+00   2.1583258e-04
   3.6400000e+02   0.0000000e+00   2.1477587e-04
   3.6500000e+02   0.0000000e+00   2.1372434e-04
   3.6600000e+02   0.0000000e+00   2.1267796e-04
   3.6700000e+02   0.0000000e+00   2.1163670e-04
   3.6800000e+02   0.0000000e+00   2.1060053e-04
   3.6900000e+02   0.0000000e+00   2.0956945e-04
   3.7000000e+02   0.0000000e+00   2.0854340e-04
   3.7100000e+02   0.0000000e+00   2.0752239e-04
   3.7200000e+02   1.0000000e+00   2.0650637e-04
   3.7300000e+02   0.0000000e+00   2.0549532e-04
   3.7400000e+02   0.0000000e+00   2.0448923e-04
   3.7500000e+02   0.0000000e+00   2.0348806e-04
   3.7600000e+02   0.0000000e+00   2.0249179e-04
   3.7700000e+02   0.0000000e+00   2.0150040e-04
   3.7800000e+02   0.0000000e+00   2.0051387e-04
   3.7900000e+02   0.0000000e+00   1.9953216e-04
   3.8000000e+02   0.0000000e+00   1.9855526e-04
   3.8100000e+02   0.0000000e+00   1.9758315e-04
   3.8200000e+02   1.0000000e+00   1.9661579e-04
   3.8300000e+02   0.0000000e+00   1.9565317e-04
   3.8400000e+02   1.0000000e+00   1.9469526e-04
   3.8500000e+02   0.0000000e+00   1.9374205e-04
   3.8600000e+02   0.0000000e+00   1.9279349e-04
   3.8700000e+02   0.0000000e+00   1.9184959e-04
   3.8800000e+02   0.0000000e+00   1.9091030e-04
   3.8900000e+02   0.0000000e+00   1.8997562e-04
   3.9000000e+02   0.0000000e+00   1.8904550e-04
   3.9100000e+02   0.0000000e+00   1.8811995e-04
   3.9200000e+02   0.0000000e+00   1.8719892e-04
   3.9300000e+02   1.0000000e+00   1.8628241e-04
   3.9400000e+02   0.0000000e+00   1.8537038e-04
   3.9500000e+02   0.0000000e+00   1.8446281e-04
   3.9600000e+02   0.0000000e+00   1.8355969e-04
   3.9700000e+02   0.0000000e+00   1.8266099e-04
   3.9800000e+02   0.0000000e+00   1.8176670e-04
   3.9900000e+02   0.0000000e+00   1.8087678e-04
   4.0000000e+02   0.0000000e+00   1.7999121e-04
   4.0100000e+02   0.0000000e+00   1.7910998e-04
   4.0200000e+02   0.0000000e+00   1.7823307e-04
   4.0300000e+02   0.0000000e+00   1.7736045e-04
   4.0400000e+02   0.0000000e+00   1.7649210e-04
   4.0500000e+02   0.0000000e+00   1.7562801e-04
   4.0600000e+02   1.0000000e+00   1.7476814e-04
   4.0700000e+02   0.0000000e+00   1.7391249e-04
   4.0800000e+02   0.0000000e+00   1.7306102e-04
   4.0900000e+02   0.0000000e+00   1.7221372e-04
   4.1000000e+02   0.0000000e+00   1.7137057e-04
   4.1100000e+02   0.0000000e+00   1.7053155e-04
   4.1200000e+02   0.0000000e+00   1.6969664e-04
   4.1300000e+02   0.0000000e+00   1.6886581e-04
   4.1400000e+02   0.0000000e+00   1.6803905e-04
   4.1500000e+02   0.0000000e+00   1.6721634e-04
   4.1600000e+02   0.0000000e+00   1.6639766e-04
   4.1700000e+02   0.0000000e+00   1.6558299e-04
   4.1800000e+02   0.0000000e+00   1.6477230e-04
   4.1900000e+02   0.0000000e+00   1.6396559e-04
   4.2000000e+02   0.0000000e+00   1.6316282e-04
   4.2100000e+02   0.0000000e+00   1.6236398e-04
   4.2200000e+02   1.0000000e+00   1.6156906e-04
   4.2300000e+02   0.0000000e+00   1.6077802e-04
   4.2400000e+02   0.0000000e+00   1.5999086e-04
   4.2500000e+02   0.0000000e+00   1.5920755e-04
   4.2600000e+02   0.0000000e+00   1.5842808e-04
   4.2700000e+02   0.0000000e+00   1.5765243e-04
   4.2800000e+02   0.0000000e+00   1.5688057e-04
   4.2900000e+02   0.0000000e+00   1.5611249e-04
   4.3000000e+02   0.0000000e+00   1.5534817e-04
   4.3100000e+02   0.0000000e+00   1.5458760e-04
   4.3200000e+02   0.0000000e+00   1.5383074e-04
   4.3300000e+02   0.0000000e+00   1.5307760e-04
   4.3400000e+02   0.0000000e+00   1.5232814e-04
   4.3500000e+02   0.0000000e+00   1.5158234e-04
   4.3600000e+02   1.0000000e+00   1.5084021e-04
   4.3700000e+02   0.0000000e+00   1.5010170e-04
   4.3800000e+02   0.0000000e+00   1.4936681e-04
   4.3900000e+02   0.0000000e+00   1.4863552e-04
   4.4000000e+02   0.0000000e+00   1.4790781e-04
   4.4100000e+02   0.0000000e+00   1.4718366e-04
   4.4200000e+02   1.0000000e+00   1.4646305e-04
   4.4300000e+02   0.0000000e+00   1.4574598e-04
   4.4400000e+02   1.0000000e+00   1.4503241e-04
   4.4500000e+02   1.0000000e+00   1.4432234e-04
   4.4600000e+02   0.0000000e+00   1.4361575e-04
   4.4700000e+02   0.0000000e+00   1.4291261e-04
   4.4800000e+02   0.0000000e+00   1.4221292e-04
   4.4900000e+02   0.0000000e+00   1.4151665e-04
   4.5000000e+02   0.0000000e+00   1.4082379e-04
   4.5100000e+02   0.0000000e+00   1.4013433e-04
   4.5200000e+02   0.0000000e+00   1.3944824e-04
   4.5300000e+02   0.0000000e+00   1.3876551e-04
   4.5400000e+02   0.0000000e+00   1.3808612e-04
   4.5500000e+02   0.0000000e+00   1.3741006e-04
   4.5600000e+02   0.0000000e+00   1.3673730e-04
   4.5700000e+02   1.0000000e+00   1.3606784e-04
   4.5800000e+02   0.0000000e+00   1.3540166e-04
   4.5900000e+02   0.0000000e+00   1.3473874e-04
   4.6000000e+02   0.0000000e+00   1.3407907e-04
   4.6100000e+02   0.0000000e+00   1.3342263e-04
   4.6200000e+02   0.0000000e+00   1.3276940e-04
   4.6300000e+02   1.0000000e+00   1.3211936e-04
   4.6400000e+02   0.0000000e+00   1.3147251e-04
   4.6500000e+02   0.0000000e+00   1.3082883e-04
   4.6600000e+02   0.0000000e+00   1.3018830e-04
   4.6700000e+02   0.0000000e+00   1.2955091e-04
   4.6800000e+02   0.0000000e+00   1.2891663e-04
   4.6900000e+02   0.0000000e+00   1.2828546e-04
   4.7000000e+02   0.0000000e+00   1.2765738e-04
   4.7100000e+02   0.0000000e+00   1.2703238e-04
   4.7200000e+02   0.0000000e+00   1.2641044e-04
   4.7300000e+02   0.0000000e+00   1.2579154e-04
   4.7400000e+02   0.0000000e+00   1.2517567e-04
   4.7500000e+02   0.0000000e+00   1.2456281e-04
   4.7600000e+02   0.0000000e+00   1.2395296e-04
   4.7700000e+02   1.0000000e+00   1.2334609e-04
   4.7800000e+02   0.0000000e+00   1.2274220e-04
   4.7900000e+02   0.0000000e+00   1.2214126e-04
   4.8000000e+02   0.0000000e+00   1.2154326e-04
   4.8100000e+02   0.0000000e+00   1.2094819e-04
   4.8200000e+02   0.0000000e+00   1.2035604e-04
   4.8300000e+02   0.0000000e+00   1.1976678e-04
   4.8400000e+02   1.0000000e+00   1.1918041e-04
   4.8500000e+02   0.0000000e+00   1.1859691e-04
   4.8600000e+02   0.0000000e+00   1.1801626e-04
   4.8700000e+02   0.0000000e+00   1.1743846e-04
   4.8800000e+02   0.0000000e+00   1.1686349e-04
   4.8900000e+02   0.0000000e+00   1.1629133e-04
   4.9000000e+02   0.0000000e+00   1.1572197e-04
   4.9100000e+02   2.0000000e+00   1.1515541e-04
   4.9200000e+02   0.0000000e+00   1.1459161e-04
   4.9300000e+02   0.0000000e+00   1.1403058e-04
   4.9400000e+02   0.0000000e+00   1.1347229e-04
   4.9500000e+02   0.0000000e+00   1.1291673e-04
   4.9600000e+02   0.0000000e+00   1.1236390e-04
   4.9700000e+02   0.0000000e+00   1.1181377e-04
   4.9800000e+02   0.0000000e+00   1.1126634e-04
   4.9900000e+02   0.0000000e+00   1.1072158e-04
   5.0000000e+02   0.0000000e+00   1.1017950e-04
   5.0100000e+02   0.0000000e+00   1.0964006e-04
   5.0200000e+02   0.0000000e+00   1.0910327e-04
   5.0300000e+02   0.0000000e+00   1.0856911e-04
   5.0400000e+02   0.0000000e+00   1.0803756e-04
   5.0500000e+02   0.0000000e+00   1.0750861e-04
   5.0600000e+02   0.0000000e+00   1.0698226e-04
   5.0700000e+02   0.0000000e+00   1.0645848e-04
   5.0800000e+02   0.0000000e+00   1.0593726e-04
   5.0900000e+02   0.0000000e+00   1.0541860e-04
   5.1000000e+02   0.0000000e+00   1.0490247e-04
   5.1100000e+02   1.0000000e+00   1.0438888e-04
   5.1200000e+02   0.0000000e+00   1.0387779e-04
   5.1300000e+02   0.0000000e+00   1.0336921e-04
   5.1400000e+02   0.0000000e+00   1.0286312e-04
   5.1500000e+02   0.0000000e+00   1.0235951e-04
   5.1600000e+02   0.0000000e+00   1.0185836e-04
   5.1700000e+02   0.0000000e+00   1.0135967e-04
   5.1800000e+02   0.0000000e+00   1.0086342e-04
   5.1900000e+02   0.0000000e+00   1.0036960e-04
   5.2000000e+02   0.0000000e+00   9.9878193e-05
   5.2100000e+02   0.0000000e+00   9.9389195e-05
   5.2200000e+02   0.0000000e+00   9.8902590e-05
   5.2300000e+02   0.0000000e+00   9.8418368e-05
   5.2400000e+02   0.0000000e+00   9.7936517e-05
   5.2500000e+02   0.0000000e+00   9.7457025e-05
   5.2600000e+02   0.0000000e+00   9.6979881e-05
   5.2700000e+02   0.0000000e+00   9.6505072e-05
   5.2800000e+02   0.0000000e+00   9.6032588e-05
   5.2900000e+02   0.0000000e+00   9.5562418e-05
   5.3000000e+02   0.0000000e+00   9.5094549e-05
   5.3100000e+02   0.0000000e+00   9.4628971e-05
   5.3200000e+02   0.0000000e+00   9.4165673e-05
   5.3300000e+02   0.0000000e+00   9.3704643e-05
   5.3400000e+02   0.0000000e+00   9.3245870e-05
   5.3500000e+02   0.0000000e+00   9.2789343e-05
   5.3600000e+02   0.0000000e+00   9.2335051e-05
   5.3700000e+02   0.0000000e+00   9.1882983e-05
   5.3800000e+02   0.0000000e+00   9.1433129e-05
   5.3900000e+02   0.0000000e+00   9.0985477e-05
   5.4000000e+02   0.0000000e+00   9.0540017e-05
   5.4100000e+02   0.0000000e+00   9.0096738e-05
   5.4200000e+02   0.0000000e+00   8.9655629e-05
   5.4300000e+02   0.0000000e+00   8.9216680e-05
   5.4400000e+02   0.0000000e+00   8.8779880e-05
   5.4500000e+02   0.0000000e+00   8.8345218e-05
   5.4600000e+02   0.0000000e+00   8.7912684e-05
   5.4700000e+02   0.0000000e+00   8.7482268e-05
   5.4800000e+02   0.0000000e+00   8.7053960e-05
   5.4900000e+02   0.0000000e+00   8.6627748e-05
   5.5000000e+02   0.0000000e+00   8.6203623e-05
   5.5100000e+02   0.0000000e+00   8.5781575e-05
   5.5200000e+02   0.0000000e+00   8.5361593e-05
   5.5300000e+02   0.0000000e+00   8.4943667e-05
   5.5400000e+02   0.0000000e+00   8.4527787e-05
   5.5500000e+02   0.0000000e+00   8.4113943e-05
   5.5600000e+02   0.0000000e+00   8.3702126e-05
   5.5700000e+02   0.0000000e+00   8.3292325e-05
   5.5800000e+02   0.0000000e+00   8.2884530e-05
   5.5900000e+02   0.0000000e+00   8.2478732e-05
   5.6000000e+02   0.0000000e+00   8.2074920e-05
   5.6100000e+02   1.0000000e+00   8.1673086e-05
   5.6200000e+02   0.0000000e+00   8.1273218e-05
   5.6300000e+02   0.0000000e+00   8.0875309e-05
   5.6400000e+02   0.0000000e+00   8.0479348e-05
   5.6500000e+02   0.0000000e+00   8.0085325e-05
   5.6600000e+02   0.0000000e+00   7.9693231e-05
   5.6700000e+02   0.0000000e+00   7.9303058e-05
   5.6800000e+02   0.0000000e+00   7.8914794e-05
   5.6900000e+02   0.0000000e+00   7.8528431e-05
   5.7000000e+02   0.0000000e+00   7.8143960e-05
   5.7100000e+02   0.0000000e+00   7.7761371e-05
   5.7200000e+02   0.0000000e+00   7.7380656e-05
   5.7300000e+02   0.0000000e+00   7.7001804e-05
   5.7400000e+02   0.0000000e+00   7.6624807e-05
   5.7500000e+02   0.0000000e+00   7.6249656e-05
   5.7600000e+02   0.0000000e+00   7.5876342e-05
   5.7700000e+02   0.0000000e+00   7.5504855e-05
   5.7800000e+02   0.0000000e+00   7.5135187e-05
   5.7900000e+02   0.0000000e+00   7.4767330e-05
   5.8000000e+02   0.0000000e+00   7.4401273e-05
   5.8100000e+02   0.0000000e+00   7.4037008e-05
   5.8200000e+02   0.0000000e+00   7.3674527e-05
   5.8300000e+02   0.0000000e+00   7.3313820e-05
   5.8400000e+02   0.0000000e+00   7.2954879e-05
   5.8500000e+02   0.0000000e+00   7.2597696e-05
   5.8600000e+02   0.0000000e+00   7.2242261e-05
   5.8700000e+02   0.0000000e+00   7.1888567e-05
   5.8800000e+02   0.0000000e+00   7.1536604e-05
   5.8900000e+02   0.0000000e+00   7.1186365e-05
   5.9000000e+02   0.0000000e+00   7.0837840e-05
   5.9100000e+02   0.0000000e+00   7.0491022e-05
   5.9200000e+02   0.0000000e+00   7.0145902e-05
   5.9300000e+02   0.0000000e+00   6.9802471e-05
   5.9400000e+02   0.0000000e+00   6.9460722e-05
   5.9500000e+02   0.0000000e+00   6.9120646e-05
   5.9600000e+02   0.0000000e+00   6.8782235e-05
   5.9700000e+02   1.0000000e+00   6.8445480e-05
   5.9800000e+02   0.0000000e+00   6.8110375e-05
   5.9900000e+02   0.0000000e+00   6.7776910e-05
   6.0000000e+02   0.0000000e+00   6.7445078e-05
   6.0100000e+02   1.0000000e+00   6.7114870e-05
   6.0200000e+02   0.0000000e+00   6.6786279e-05
   6.0300000e+02   0.0000000e+00   6.6459297e-05
   6.0400000e+02   0.0000000e+00   6.6133916e-05
   6.0500000e+02   0.0000000e+00   6.5810128e-05
   6.0600000e+02   0.0000000e+00   6.5487925e-05
   6.0700000e+02   0.0000000e+00   6.5167299e-05
   6.0800000e+02   0.0000000e+00   6.4848244e-05
   6.0900000e+02   0.0000000e+00   6.4530750e-05
   6.1000000e+02   0.0000000e+00   6.4214811e-05
   6.1100000e+02   0.0000000e+00   6.3900418e-05
   6.1200000e+02   0.0000000e+00   6.3587565e-05
   6.1300000e+02   0.0000000e+00   6.3276244e-05
   6.1400000e+02   0.0000000e+00   6.2966447e-05
   6.1500000e+02   0.0000000e+00   6.2658166e-05
   6.1600000e+02   0.0000000e+00   6.2351395e-05
   6.1700000e+02   0.0000000e+00   6.2046126e-05
   6.1800000e+02   0.0000000e+00   6.1742352e-05
   6.1900000e+02   0.0000000e+00   6.1440064e-05
   6.2000000e+02   0.0000000e+00   6.1139257e-05
   6.2100000e+02   0.0000000e+00   6.0839922e-05
   6.2200000e+02   0.0000000e+00   6.0542053e-05
   6.2300000e+02   0.0000000e+00   6.0245642e-05
   6.2400000e+02   0.0000000e+00   5.9950683e-05
   6.2500000e+02   0.0000000e+00   5.9657168e-05
   6.2600000e+02   0.0000000e+00   5.9365089e-05
   6.2700000e+02   0.0000000e+00   5.9074441e-05
   6.2800000e+02   0.0000000e+00   5.8785215e-05
   6.2900000e+02   0.0000000e+00   5.8497406e-05
   6.3000000e+02   0.0000000e+00   5.8211006e-05
   6.3100000e+02   0.0000000e+00   5.7926008e-05
   6.3200000e+02   0.0000000e+00   5.7642405e-05
   6.3300000e+02   0.0000000e+00   5.7360191e-05
   6.3400000e+02   0.0000000e+00   5.7079358e-05
   6.3500000e+02   1.0000000e+00   5.6799901e-05
   6.3600000e+02   0.0000000e+00   5.6521811e-05
   6.3700000e+02   0.0000000e+00   5.6245084e-05
   6.3800000e+02   0.0000000e+00   5.5969711e-05
   6.3900000e+02   0.0000000e+00   5.5695686e-05
   6.4000000e+02   0.0000000e+00   5.5423003e-05
   6.4100000e+02   0.0000000e+00   5.5151655e-05
   6.4200000e+02   0.0000000e+00   5.4881635e-05
   6.4300000e+02   0.0000000e+00   5.4612937e-05
   6.4400000e+02   0.0000000e+00   5.4345555e-05
   6.4500000e+02   0.0000000e+00   5.4079482e-05
   6.4600000e+02   0.0000000e+00   5.3814712e-05
   6.4700000e+02   0.0000000e+00   5.3551238e-05
   6.4800000e+02   0.0000000e+00   5.3289054e-05
   6.4900000e+02   1.0000000e+00   5.3028153e-05
   6.5000000e+02   0.0000000e+00   5.2768530e-05
   6.5100000e+02   0.0000000e+00   5.2510178e-05
   6.5200000e+02   0.0000000e+00   5.2253091e-05
   6.5300000e+02   0.0000000e+00   5.1997263e-05
   6.5400000e+02   0.0000000e+00   5.1742687e-05
   6.5500000e+02   0.0000000e+00   5.1489358e-05
   6.5600000e+02   0.0000000e+00   5.1237268e-05
   6.5700000e+02   0.0000000e+00   5.0986413e-05
   6.5800000e+02   0.0000000e+00   5.0736787e-05
   6.5900000e+02   0.0000000e+00   5.0488382e-05
   6.6000000e+02   0.0000000e+00   5.0241193e-05
   6.6100000e+02   0.0000000e+00   4.9995215e-05
   6.6200000e+02   0.0000000e+00   4.9750441e-05
   6.6300000e+02   0.0000000e+00   4.9506866e-05
   6.6400000e+02   0.0000000e+00   4.9264483e-05
   6.6500000e+02   0.0000000e+00   4.9023286e-05
   6.6600000e+02   0.0000000e+00   4.8783271e-05
   6.6700000e+02   0.0000000e+00   4.8544430e-05
   6.6800000e+02   0.0000000e+00   4.8306759e-05
   6.6900000e+02   0.0000000e+00   4.8070252e-05
   6.7000000e+02   0.0000000e+00   4.7834903e-05
   6.7100000e+02   0.0000000e+00   4.7600706e-05
   6.7200000e+02   0.0000000e+00   4.7367655e-05
   6.7300000e+02   0.0000000e+00   4.7135745e-05
   6.7400000e+02   0.0000000e+00   4.6904971e-05
   6.7500000e+02   0.0000000e+00   4.6675327e-05
   6.7600000e+02   0.0000000e+00   4.6446807e-05
   6.7700000e+02   0.0000000e+00   4.6219406e-05
   6.7800000e+02   0.0000000e+00   4.5993118e-05
   6.7900000e+02   0.0000000e+00   4.5767938e-05
   6.8000000e+02   0.0000000e+00   4.5543861e-05
   6.8100000e+02   0.0000000e+00   4.5320880e-05
   6.8200000e+02   0.0000000e+00   4.5098992e-05
   6.8300000e+02   0.0000000e+00   4.4878189e-05
   6.8400000e+02   0.0000000e+00   4.4658468e-05
   6.8500000e+02   0.0000000e+00   4.4439823e-05
   6.8600000e+02   0.0000000e+00   4.4222248e-05
   6.8700000e+02   0.0000000e+00   4.4005738e-05
   6.8800000e+02   0.0000000e+00   4.3790288e-05
   6.8900000e+02   0.0000000e+00   4.3575893e-05
   6.9000000e+02   0.0000000e+00   4.3362548e-05
   6.9100000e+02   0.0000000e+00   4.3150247e-05
   6.9200000e+02   0.0000000e+00   4.2938986e-05
   6.9300000e+02   0.0000000e+00   4.2728759e-05
   6.9400000e+02   0.0000000e+00   4.2519561e-05
   6.9500000e+02   0.0000000e+00   4.2311387e-05
   6.9600000e+02   0.0000000e+00   4.2104233e-05
   6.9700000e+02   0.0000000e+00   4.1898093e-05
   6.9800000e+02   0.0000000e+00   4.1692962e-05
   6.9900000e+02   0.0000000e+00   4.1488835e-05
   7.0000000e+02   0.0000000e+00   4.1285708e-05
   7.0100000e+02   0.0000000e+00   4.1083575e-05
   7.0200000e+02   0.0000000e+00   4.0882432e-05
   7.0300000e+02   0.0000000e+00   4.0682274e-05
   7.0400000e+02   0.0000000e+00   4.0483096e-05
   7.0500000e+02   0.0000000e+00   4.0284893e-05
   7.0600000e+02   0.0000000e+00   4.0087660e-05
   7.0700000e+02   0.0000000e+00   3.9891393e-05
   7.0800000e+02   0.0000000e+00   3.9696087e-05
   7.0900000e+02   0.0000000e+00   3.9501737e-05
   7.1000000e+02   0.0000000e+00   3.9308338e-05
   7.1100000e+02   0.0000000e+00   3.9115887e-05
   7.1200000e+02   0.0000000e+00   3.8924377e-05
   7.1300000e+02   0.0000000e+00   3.8733806e-05
   7.1400000e+02   0.0000000e+00   3.8544167e-05
   7.1500000e+02   0.0000000e+00   3.8355457e-05
   7.1600000e+02   0.0000000e+00   3.8167671e-05
   7.1700000e+02   0.0000000e+00   3.7980804e-05
   7.1800000e+02   0.0000000e+00   3.7794852e-05
   7.1900000e+02   0.0000000e+00   3.7609810e-05
   7.2000000e+02   0.0000000e+00   3.7425674e-05
   7.2100000e+02   0.0000000e+00   3.7242440e-05
   7.2200000e+02   0.0000000e+00   3.7060103e-05
   7.2300000e+02   0.0000000e+00   3.6878659e-05
   7.2400000e+02   0.0000000e+00   3.6698103e-05
   7.2500000e+02   0.0000000e+00   3.6518431e-05
   7.2600000e+02   0.0000000e+00   3.6339639e-05
   7.2700000e+02   0.0000000e+00   3.6161722e-05
   7.2800000e+02   0.0000000e+00   3.5984676e-05
   7.2900000e+02   0.0000000e+00   3.5808497e-05
   7.3000000e+02   0.0000000e+00   3.5633180e-05
   7.3100000e+02   0.0000000e+00   3.5458722e-05
   7.3200000e+02   0.0000000e+00   3.5285118e-05
   7.3300000e+02   0.0000000e+00   3.5112364e-05
   7.3400000e+02   0.0000000e+00   3.4940455e-05
   7.3500000e+02   0.0000000e+00   3.4769389e-05
   7.3600000e+02   0.0000000e+00   3.4599160e-05
   7.3700000e+02   0.0000000e+00   3.4429764e-05
   7.3800000e+02   0.0000000e+00   3.4261198e-05
   7.3900000e+02   0.0000000e+00   3.4093457e-05
   7.4000000e+02   0.0000000e+00   3.3926537e-05
   7.4100000e+02   0.0000000e+00   3.3760434e-05
   7.4200000e+02   0.0000000e+00   3.3595145e-05
   7.4300000e+02   0.0000000e+00   3.3430665e-05
   7.4400000e+02   0.0000000e+00   3.3266990e-05
   7.4500000e+02   0.0000000e+00   3.3104117e-05
   7.4600000e+02   0.0000000e+00   3.2942041e-05
   7.4700000e+02   0.0000000e+00   3.2780758e-05
   7.4800000e+02   0.0000000e+00   3.2620265e-05
   7.4900000e+02   0.0000000e+00   3.2460558e-05
   7.5000000e+02   0.0000000e+00   3.2301633e-05
   7.5100000e+02   0.0000000e+00   3.2143486e-05
   7.5200000e+02   0.0000000e+00   3.1986113e-05
   7.5300000e+02   0.0000000e+00   3.1829511e-05
   7.5400000e+02   0.0000000e+00   3.1673675e-05
   7.5500000e+02   0.0000000e+00   3.1518602e-05
   7.5600000e+02   0.0000000e+00   3.1364289e-05
   7.5700000e+02   0.0000000e+00   3.1210731e-05
   7.5800000e+02   0.0000000e+00   3.1057925e-05
   7.5900000e+02   0.0000000e+00   3.0905867e-05
   7.6000000e+02   0.0000000e+00   3.0754553e-05
   7.6100000e+02   0.0000000e+00   3.0603981e-05
   7.6200000e+02   0.0000000e+00   3.0454145e-05
   7.6300000e+02   0.0000000e+00   3.0305043e-05
   7.6400000e+02   0.0000000e+00   3.0156671e-05
   7.6500000e+02   0.0000000e+00   3.0009026e-05
   7.6600000e+02   0.0000000e+00   2.9862103e-05
   7.6700000e+02   0.0000000e+00   2.9715900e-05
   7.6800000e+02   0.0000000e+00   2.9570413e-05
   7.6900000e+02   0.0000000e+00   2.9425637e-05
   7.7000000e+02   0.0000000e+00   2.9281571e-05
   7.7100000e+02   0.0000000e+00   2.9138210e-05
   7.7200000e+02   0.0000000e+00   2.8995551e-05
   7.7300000e+02   0.0000000e+00   2.8853590e-05
   7.7400000e+02   0.0000000e+00   2.8712324e-05
   7.7500000e+02   0.0000000e+00   2.8571750e-05
   7.7600000e+02   0.0000000e+00   2.8431865e-05
   7.7700000e+02   0.0000000e+00   2.8292664e-05
   7.7800000e+02   0.0000000e+00   2.8154144e-05
   7.7900000e+02   0.0000000e+00   2.8016303e-05
   7.8000000e+02   0.0000000e+00   2.7879137e-05
   7.8100000e+02   0.0000000e+00   2.7742642e-05
   7.8200000e+02   0.0000000e+00   2.7606815e-05
   7.8300000e+02   0.0000000e+00   2.7471654e-05
   7.8400000e+02   0.0000000e+00   2.7337154e-05
   7.8500000e+02   0.0000000e+00   2.7203313e-05
   7.8600000e+02   0.0000000e+00   2.7070127e-05
   7.8700000e+02   0.0000000e+00   2.6937593e-05
   7.8800000e+02   0.0000000e+00   2.6805708e-05
   7.8900000e+02   0.0000000e+00   2.6674468e-05
   7.9000000e+02   0.0000000e+00   2.6543872e-05
   7.9100000e+02   0.0000000e+00   2.6413914e-05
   7.9200000e+02   0.0000000e+00   2.6284593e-05
   7.9300000e+02   0.0000000e+00   2.6155905e-05
   7.9400000e+02   0.0000000e+00   2.6027847e-05
   7.9500000e+02   0.0000000e+00   2.5900416e-05
   7.9600000e+02   0.0000000e+00   2.5773609e-05
   7.9700000e+02   0.0000000e+00   2.5647423e-05
   7.9800000e+02   0.0000000e+00   2.5521854e-05
   7.9900000e+02   0.0000000e+00   2.5396901e-05
   8.0000000e+02   0.0000000e+00   2.5272559e-05
   8.0100000e+02   0.0000000e+00   2.5148826e-05
   8.0200000e+02   0.0000000e+00   2.5025698e-05
   8.0300000e+02   0.0000000e+00   2.4903174e-05
   8.0400000e+02   0.0000000e+00   2.4781249e-05
   8.0500000e+02   0.0000000e+00   2.4659922e-05
   8.0600000e+02   0.0000000e+00   2.4539188e-05
   8.0700000e+02   0.0000000e+00   2.4419045e-05
   8.0800000e+02   0.0000000e+00   2.4299491e-05
   8.0900000e+02   0.0000000e+00   2.4180522e-05
   8.1000000e+02   0.0000000e+00   2.4062135e-05
   8.1100000e+02   0.0000000e+00   2.3944328e-05
   8.1200000e+02   0.0000000e+00   2.3827098e-05
   8.1300000e+02   0.0000000e+00   2.3710442e-05
   8.1400000e+02   0.0000000e+00   2.3594357e-05
   8.1500000e+02   0.0000000e+00   2.3478840e-05
   8.1600000e+02   0.0000000e+00   2.3363889e-05
   8.1700000e+02   0.0000000e+00   2.3249501e-05
   8.1800000e+02   0.0000000e+00   2.3135672e-05
   8.1900000e+02   0.0000000e+00   2.3022401e-05
   8.2000000e+02   0.0000000e+00   2.2909685e-05
   8.2100000e+02   0.0000000e+00   2.2797520e-05
   8.2200000e+02   0.0000000e+00   2.2685905e-05
   8.2300000e+02   0.0000000e+00   2.2574836e-05
   8.2400000e+02   0.0000000e+00   2.2464310e-05
   8.2500000e+02   0.0000000e+00   2.2354326e-05
   8.2600000e+02   0.0000000e+00   2.2244881e-05
   8.2700000e+02   0.0000000e+00   2.2135971e-05
   8.2800000e+02   0.0000000e+00   2.2027594e-05
   8.2900000e+02   0.0000000e+00   2.1919748e-05
   8.3000000e+02   0.0000000e+00   2.1812431e-05
   8.3100000e+02   0.0000000e+00   2.1705638e-05
   8.3200000e+02   0.0000000e+00   2.1599368e-05
   8.3300000e+02   0.0000000e+00   2.1493619e-05
   8.3400000e+02   0.0000000e+00   2.1388387e-05
   8.3500000e+02   0.0000000e+00   2.1283671e-05
   8.3600000e+02   0.0000000e+00   2.1179467e-05
   8.3700000e+02   0.0000000e+00   2.1075774e-05
   8.3800000e+02   0.0000000e+00   2.0972588e-05
   8.3900000e+02   0.0000000e+00   2.0869907e-05
   8.4000000e+02   0.0000000e+00   2.0767729e-05
   8.4100000e+02   0.0000000e+00   2.0666051e-05
   8.4200000e+02   0.0000000e+00   2.0564871e-05
   8.4300000e+02   0.0000000e+00   2.0464187e-05
   8.4400000e+02   0.0000000e+00   2.0363995e-05
   8.4500000e+02   0.0000000e+00   2.0264294e-05
   8.4600000e+02   0.0000000e+00   2.0165081e-05
   8.4700000e+02   0.0000000e+00   2.0066354e-05
   8.4800000e+02   1.0000000e+00   1.9968110e-05
   8.4900000e+02   0.0000000e+00   1.9870347e-05
   8.5000000e+02   0.0000000e+00   1.9773063e-05
   8.5100000e+02   0.0000000e+00   1.9676255e-05
   8.5200000e+02   0.0000000e+00   1.9579921e-05
   8.5300000e+02   0.0000000e+00   1.9484059e-05
   8.5400000e+02   0.0000000e+00   1.9388666e-05
   8.5500000e+02   0.0000000e+00   1.9293740e-05
   8.5600000e+02   0.0000000e+00   1.9199279e-05
   8.5700000e+02   0.0000000e+00   1.9105281e-05
   8.5800000e+02   0.0000000e+00   1.9011742e-05
   8.5900000e+02   0.0000000e+00   1.8918662e-05
   8.6000000e+02   0.0000000e+00   1.8826037e-05
   8.6100000e+02   0.0000000e+00   1.8733866e-05
   8.6200000e+02   0.0000000e+00   1.8642146e-05
   8.6300000e+02   0.0000000e+00   1.8550875e-05
   8.6400000e+02   0.0000000e+00   1.8460050e-05
   8.6500000e+02   0.0000000e+00   1.8369671e-05
   8.6600000e+02   0.0000000e+00   1.8279734e-05
   8.6700000e+02   0.0000000e+00   1.8190237e-05
   8.6800000e+02   0.0000000e+00   1.8101179e-05
   8.6900000e+02   0.0000000e+00   1.8012557e-05
   8.7000000e+02   0.0000000e+00   1.7924368e-05
   8.7100000e+02   0.0000000e+00   1.7836611e-05
   8.7200000e+02   0.0000000e+00   1.7749284e-05
   8.7300000e+02   0.0000000e+00   1.7662385e-05
   8.7400000e+02   0.0000000e+00   1.7575910e-05
   8.7500000e+02   0.0000000e+00   1.7489860e-05
   8.7600000e+02   0.0000000e+00   1.7404230e-05
   8.7700000e+02   0.0000000e+00   1.7319020e-05
   8.7800000e+02   0.0000000e+00   1.7234227e-05
   8.7900000e+02   0.0000000e+00   1.7149849e-05
   8.8000000e+02   0.0000000e+00   1.7065884e-05
   8.8100000e+02   0.0000000e+00   1.6982331e-05
   8.8200000e+02   0.0000000e+00   1.6899186e-05
   8.8300000e+02   0.0000000e+00   1.6816449e-05
   8.8400000e+02   0.0000000e+00   1.6734116e-05
   8.8500000e+02   0.0000000e+00   1.6652187e-05
   8.8600000e+02   0.0000000e+00   1.6570659e-05
   8.8700000e+02   0.0000000e+00   1.6489529e-05
   8.8800000e+02   0.0000000e+00   1.6408798e-05
   8.8900000e+02   0.0000000e+00   1.6328461e-05
   8.9000000e+02   0.0000000e+00   1.6248518e-05
   8.9100000e+02   1.0000000e+00   1.6168966e-05
