   1.0000000e+00   4.0000000e+00   6.7991759e-03
   2.0000000e+00   1.0000000e+00   6.8524787e-03
   3.0000000e+00   1.0000000e+00   6.9009681e-03
   4.0000000e+00   6.0000000e+00   6.9448403e-03
   5.0000000e+00   4.0000000e+00   6.9842843e-03
   6.0000000e+00   4.0000000e+00   7.0194827e-03
   7.0000000e+00   6.0000000e+00   7.0506111e-03
   8.0000000e+00   3.0000000e+00   7.0778389e-03
   9.0000000e+00   5.0000000e+00   7.1013295e-03
   1.0000000e+01   3.0000000e+00   7.1212403e-03
   1.1000000e+01   5.0000000e+00   7.1377230e-03
   1.2000000e+01   3.0000000e+00   7.1509237e-03
   1.3000000e+01   4.0000000e+00   7.1609833e-03
   1.4000000e+01   3.0000000e+00   7.1680377e-03
   1.5000000e+01   4.0000000e+00   7.1722175e-03
   1.6000000e+01   0.0000000e+00   7.1736488e-03
   1.7000000e+01   4.0000000e+00   7.1724530e-03
   1.8000000e+01   3.0000000e+00   7.1687472e-03
   1.9000000e+01   4.0000000e+00   7.1626439e-03
   2.0000000e+01   2.0000000e+00   7.1542517e-03
   2.1000000e+01   4.0000000e+00   7.1436752e-03
   2.2000000e+01   3.0000000e+00   7.1310150e-03
   2.3000000e+01   1.0000000e+00   7.1163682e-03
   2.4000000e+01   5.0000000e+00   7.0998279e-03
   2.5000000e+01   3.0000000e+00   7.0814843e-03
   2.6000000e+01   2.0000000e+00   7.0614238e-03
   2.7000000e+01   1.0000000e+00   7.0397297e-03
   2.8000000e+01   4.0000000e+00   7.0164824e-03
   2.9000000e+01   3.0000000e+00   6.9917589e-03
   3.0000000e+01   1.0000000e+00   6.9656336e-03
   3.1000000e+01   4.0000000e+00   6.9381781e-03
   3.2000000e+01   4.0000000e+00   6.9094611e-03
   3.3000000e+01   2.0000000e+00   6.8795490e-03
   3.4000000e+01   2.0000000e+00   6.8485053e-03
   3.5000000e+01   4.0000000e+00   6.8163914e-03
   3.6000000e+01   5.0000000e+00   6.7832663e-03
   3.7000000e+01   3.0000000e+00   6.7491866e-03
   3.8000000e+01   2.0000000e+00   6.7142069e-03
   3.9000000e+01   3.0000000e+00   6.6783795e-03
   4.0000000e+01   2.0000000e+00   6.6417550e-03
   4.1000000e+01   3.0000000e+00   6.6043817e-03
   4.2000000e+01   1.0000000e+00   6.5663062e-03
   4.3000000e+01   4.0000000e+00   6.5275733e-03
   4.4000000e+01   5.0000000e+00   6.4882261e-03
   4.5000000e+01   4.0000000e+00   6.4483057e-03
   4.6000000e+01   5.0000000e+00   6.4078519e-03
   4.7000000e+01   2.0000000e+00   6.3669028e-03
   4.8000000e+01   2.0000000e+00   6.3254951e-03
   4.9000000e+01   4.0000000e+00   6.2836638e-03
   5.0000000e+01   3.0000000e+00   6.2414427e-03
   5.1000000e+01   8.0000000e+00   6.1988642e-03
   5.2000000e+01   3.0000000e+00   6.1559593e-03
   5.3000000e+01   0.0000000e+00   6.1127580e-03
   5.4000000e+01   3.0000000e+00   6.0692886e-03
   5.5000000e+01   2.0000000e+00   6.0255788e-03
   5.6000000e+01   1.0000000e+00   5.9816547e-03
   5.7000000e+01   6.0000000e+00   5.9375416e-03
   5.8000000e+01   1.0000000e+00   5.8932637e-03
   5.9000000e+01   1.0000000e+00   5.8488440e-03
   6.0000000e+01   7.0000000e+00   5.8043047e-03
   6.1000000e+01   2.0000000e+00   5.7596670e-03
   6.2000000e+01   4.0000000e+00   5.7149513e-03
   6.3000000e+01   1.0000000e+00   5.6701770e-03
   6.4000000e+01   2.0000000e+00   5.6253627e-03
   6.5000000e+01   3.0000000e+00   5.5805262e-03
   6.6000000e+01   4.0000000e+00   5.5356845e-03
   6.7000000e+01   3.0000000e+00   5.4908538e-03
   6.8000000e+01   3.0000000e+00   5.4460497e-03
   6.9000000e+01   4.0000000e+00   5.4012870e-03
   7.0000000e+01   6.0000000e+00   5.3565799e-03
   7.1000000e+01   3.0000000e+00   5.3119419e-03
   7.2000000e+01   4.0000000e+00   5.2673859e-03
   7.3000000e+01   2.0000000e+00   5.2229241e-03
   7.4000000e+01   3.0000000e+00   5.1785683e-03
   7.5000000e+01   0.0000000e+00   5.1343296e-03
   7.6000000e+01   0.0000000e+00   5.0902186e-03
   7.7000000e+01   2.0000000e+00   5.0462455e-03
   7.8000000e+01   1.0000000e+00   5.0024197e-03
   7.9000000e+01   2.0000000e+00   4.9587506e-03
   8.0000000e+01   4.0000000e+00   4.9152466e-03
   8.1000000e+01   2.0000000e+00   4.8719161e-03
   8.2000000e+01   1.0000000e+00   4.8287667e-03
   8.3000000e+01   0.0000000e+00   4.7858060e-03
   8.4000000e+01   4.0000000e+00   4.7430409e-03
   8.5000000e+01   2.0000000e+00   4.7004779e-03
   8.6000000e+01   3.0000000e+00   4.6581234e-03
   8.7000000e+01   1.0000000e+00   4.6159832e-03
   8.8000000e+01   4.0000000e+00   4.5740628e-03
   8.9000000e+01   1.0000000e+00   4.5323676e-03
   9.0000000e+01   1.0000000e+00   4.4909024e-03
   9.1000000e+01   1.0000000e+00   4.4496718e-03
   9.2000000e+01   3.0000000e+00   4.4086801e-03
   9.3000000e+01   2.0000000e+00   4.3679315e-03
   9.4000000e+01   3.0000000e+00   4.3274296e-03
   9.5000000e+01   2.0000000e+00   4.2871780e-03
   9.6000000e+01   2.0000000e+00   4.2471801e-03
   9.7000000e+01   3.0000000e+00   4.2074387e-03
   9.8000000e+01   4.0000000e+00   4.1679568e-03
   9.9000000e+01   2.0000000e+00   4.1287370e-03
   1.0000000e+02   1.0000000e+00   4.0897816e-03
   1.0100000e+02   2.0000000e+00   4.0510928e-03
   1.0200000e+02   3.0000000e+00   4.0126727e-03
   1.0300000e+02   3.0000000e+00   3.9745230e-03
   1.0400000e+02   3.0000000e+00   3.9366453e-03
   1.0500000e+02   4.0000000e+00   3.8990412e-03
   1.0600000e+02   0.0000000e+00   3.8617120e-03
   1.0700000e+02   3.0000000e+00   3.8246587e-03
   1.0800000e+02   1.0000000e+00   3.7878825e-03
   1.0900000e+02   0.0000000e+00   3.7513840e-03
   1.1000000e+02   3.0000000e+00   3.7151642e-03
   1.1100000e+02   3.0000000e+00   3.6792234e-03
   1.1200000e+02   3.0000000e+00   3.6435623e-03
   1.1300000e+02   2.0000000e+00   3.6081812e-03
   1.1400000e+02   0.0000000e+00   3.5730802e-03
   1.1500000e+02   3.0000000e+00   3.5382595e-03
   1.1600000e+02   2.0000000e+00   3.5037191e-03
   1.1700000e+02   2.0000000e+00   3.4694589e-03
   1.1800000e+02   1.0000000e+00   3.4354787e-03
   1.1900000e+02   3.0000000e+00   3.4017782e-03
   1.2000000e+02   2.0000000e+00   3.3683572e-03
   1.2100000e+02   0.0000000e+00   3.3352150e-03
   1.2200000e+02   4.0000000e+00   3.3023512e-03
   1.2300000e+02   1.0000000e+00   3.2697653e-03
   1.2400000e+02   2.0000000e+00   3.2374564e-03
   1.2500000e+02   0.0000000e+00   3.2054239e-03
   1.2600000e+02   1.0000000e+00   3.1736669e-03
   1.2700000e+02   0.0000000e+00   3.1421846e-03
   1.2800000e+02   2.0000000e+00   3.1109761e-03
   1.2900000e+02   1.0000000e+00   3.0800403e-03
   1.3000000e+02   1.0000000e+00   3.0493762e-03
   1.3100000e+02   2.0000000e+00   3.0189827e-03
   1.3200000e+02   1.0000000e+00   2.9888586e-03
   1.3300000e+02   1.0000000e+00   2.9590029e-03
   1.3400000e+02   2.0000000e+00   2.9294141e-03
   1.3500000e+02   0.0000000e+00   2.9000912e-03
   1.3600000e+02   3.0000000e+00   2.8710327e-03
   1.3700000e+02   1.0000000e+00   2.8422373e-03
   1.3800000e+02   0.0000000e+00   2.8137037e-03
   1.3900000e+02   1.0000000e+00   2.7854303e-03
   1.4000000e+02   1.0000000e+00   2.7574159e-03
   1.4100000e+02   3.0000000e+00   2.7296588e-03
   1.4200000e+02   2.0000000e+00   2.7021576e-03
   1.4300000e+02   1.0000000e+00   2.6749108e-03
   1.4400000e+02   1.0000000e+00   2.6479168e-03
   1.4500000e+02   0.0000000e+00   2.6211741e-03
   1.4600000e+02   2.0000000e+00   2.5946811e-03
   1.4700000e+02   0.0000000e+00   2.5684361e-03
   1.4800000e+02   1.0000000e+00   2.5424375e-03
   1.4900000e+02   0.0000000e+00   2.5166838e-03
   1.5000000e+02   1.0000000e+00   2.4911731e-03
   1.5100000e+02   2.0000000e+00   2.4659040e-03
   1.5200000e+02   4.0000000e+00   2.4408746e-03
   1.5300000e+02   2.0000000e+00   2.4160833e-03
   1.5400000e+02   0.0000000e+00   2.3915284e-03
   1.5500000e+02   3.0000000e+00   2.3672082e-03
   1.5600000e+02   0.0000000e+00   2.3431209e-03
   1.5700000e+02   0.0000000e+00   2.3192649e-03
   1.5800000e+02   0.0000000e+00   2.2956383e-03
   1.5900000e+02   0.0000000e+00   2.2722395e-03
   1.6000000e+02   3.0000000e+00   2.2490668e-03
   1.6100000e+02   3.0000000e+00   2.2261183e-03
   1.6200000e+02   1.0000000e+00   2.2033923e-03
   1.6300000e+02   0.0000000e+00   2.1808871e-03
   1.6400000e+02   2.0000000e+00   2.1586009e-03
   1.6500000e+02   0.0000000e+00   2.1365320e-03
   1.6600000e+02   1.0000000e+00   2.1146786e-03
   1.6700000e+02   0.0000000e+00   2.0930390e-03
   1.6800000e+02   0.0000000e+00   2.0716114e-03
   1.6900000e+02   1.0000000e+00   2.0503941e-03
   1.7000000e+02   1.0000000e+00   2.0293853e-03
   1.7100000e+02   2.0000000e+00   2.0085832e-03
   1.7200000e+02   0.0000000e+00   1.9879862e-03
   1.7300000e+02   0.0000000e+00   1.9675925e-03
   1.7400000e+02   2.0000000e+00   1.9474004e-03
   1.7500000e+02   2.0000000e+00   1.9274081e-03
   1.7600000e+02   0.0000000e+00   1.9076140e-03
   1.7700000e+02   0.0000000e+00   1.8880163e-03
   1.7800000e+02   1.0000000e+00   1.8686132e-03
   1.7900000e+02   4.0000000e+00   1.8494032e-03
   1.8000000e+02   0.0000000e+00   1.8303844e-03
   1.8100000e+02   1.0000000e+00   1.8115553e-03
   1.8200000e+02   0.0000000e+00   1.7929141e-03
   1.8300000e+02   0.0000000e+00   1.7744592e-03
   1.8400000e+02   1.0000000e+00   1.7561888e-03
   1.8500000e+02   1.0000000e+00   1.7381013e-03
   1.8600000e+02   0.0000000e+00   1.7201952e-03
   1.8700000e+02   2.0000000e+00   1.7024686e-03
   1.8800000e+02   0.0000000e+00   1.6849201e-03
   1.8900000e+02   1.0000000e+00   1.6675479e-03
   1.9000000e+02   3.0000000e+00   1.6503505e-03
   1.9100000e+02   1.0000000e+00   1.6333262e-03
   1.9200000e+02   2.0000000e+00   1.6164735e-03
   1.9300000e+02   0.0000000e+00   1.5997908e-03
   1.9400000e+02   0.0000000e+00   1.5832764e-03
   1.9500000e+02   3.0000000e+00   1.5669288e-03
   1.9600000e+02   1.0000000e+00   1.5507466e-03
   1.9700000e+02   0.0000000e+00   1.5347280e-03
   1.9800000e+02   0.0000000e+00   1.5188716e-03
   1.9900000e+02   0.0000000e+00   1.5031758e-03
   2.0000000e+02   0.0000000e+00   1.4876391e-03
   2.0100000e+02   1.0000000e+00   1.4722601e-03
   2.0200000e+02   0.0000000e+00   1.4570372e-03
   2.0300000e+02   0.0000000e+00   1.4419690e-03
   2.0400000e+02   0.0000000e+00   1.4270539e-03
   2.0500000e+02   1.0000000e+00   1.4122905e-03
   2.0600000e+02   0.0000000e+00   1.3976773e-03
   2.0700000e+02   0.0000000e+00   1.3832129e-03
   2.0800000e+02   0.0000000e+00   1.3688959e-03
   2.0900000e+02   0.0000000e+00   1.3547249e-03
   2.1000000e+02   0.0000000e+00   1.3406984e-03
   2.1100000e+02   0.0000000e+00   1.3268150e-03
   2.1200000e+02   2.0000000e+00   1.3130734e-03
   2.1300000e+02   0.0000000e+00   1.2994721e-03
   2.1400000e+02   1.0000000e+00   1.2860099e-03
   2.1500000e+02   1.0000000e+00   1.2726853e-03
   2.1600000e+02   0.0000000e+00   1.2594970e-03
   2.1700000e+02   0.0000000e+00   1.2464436e-03
   2.1800000e+02   0.0000000e+00   1.2335240e-03
   2.1900000e+02   0.0000000e+00   1.2207366e-03
   2.2000000e+02   1.0000000e+00   1.2080803e-03
   2.2100000e+02   0.0000000e+00   1.1955537e-03
   2.2200000e+02   1.0000000e+00   1.1831556e-03
   2.2300000e+02   0.0000000e+00   1.1708847e-03
   2.2400000e+02   0.0000000e+00   1.1587398e-03
   2.2500000e+02   1.0000000e+00   1.1467195e-03
   2.2600000e+02   2.0000000e+00   1.1348227e-03
   2.2700000e+02   1.0000000e+00   1.1230481e-03
   2.2800000e+02   0.0000000e+00   1.1113945e-03
   2.2900000e+02   1.0000000e+00   1.0998608e-03
   2.3000000e+02   1.0000000e+00   1.0884456e-03
   2.3100000e+02   0.0000000e+00   1.0771479e-03
   2.3200000e+02   1.0000000e+00   1.0659665e-03
   2.3300000e+02   0.0000000e+00   1.0549001e-03
   2.3400000e+02   1.0000000e+00   1.0439477e-03
   2.3500000e+02   2.0000000e+00   1.0331081e-03
   2.3600000e+02   0.0000000e+00   1.0223802e-03
   2.3700000e+02   0.0000000e+00   1.0117629e-03
   2.3800000e+02   0.0000000e+00   1.0012550e-03
   2.3900000e+02   0.0000000e+00   9.9085543e-04
   2.4000000e+02   1.0000000e+00   9.8056313e-04
   2.4100000e+02   1.0000000e+00   9.7037701e-04
   2.4200000e+02   1.0000000e+00   9.6029599e-04
   2.4300000e+02   1.0000000e+00   9.5031902e-04
   2.4400000e+02   1.0000000e+00   9.4044505e-04
   2.4500000e+02   0.0000000e+00   9.3067303e-04
   2.4600000e+02   0.0000000e+00   9.2100194e-04
   2.4700000e+02   0.0000000e+00   9.1143075e-04
   2.4800000e+02   2.0000000e+00   9.0195845e-04
   2.4900000e+02   0.0000000e+00   8.9258404e-04
   2.5000000e+02   0.0000000e+00   8.8330652e-04
   2.5100000e+02   0.0000000e+00   8.7412492e-04
   2.5200000e+02   1.0000000e+00   8.6503827e-04
   2.5300000e+02   0.0000000e+00   8.5604558e-04
   2.5400000e+02   0.0000000e+00   8.4714592e-04
   2.5500000e+02   0.0000000e+00   8.3833833e-04
   2.5600000e+02   0.0000000e+00   8.2962188e-04
   2.5700000e+02   0.0000000e+00   8.2099563e-04
   2.5800000e+02   3.0000000e+00   8.1245868e-04
   2.5900000e+02   0.0000000e+00   8.0401010e-04
   2.6000000e+02   0.0000000e+00   7.9564900e-04
   2.6100000e+02   0.0000000e+00   7.8737449e-04
   2.6200000e+02   1.0000000e+00   7.7918568e-04
   2.6300000e+02   0.0000000e+00   7.7108169e-04
   2.6400000e+02   0.0000000e+00   7.6306166e-04
   2.6500000e+02   0.0000000e+00   7.5512473e-04
   2.6600000e+02   0.0000000e+00   7.4727005e-04
   2.6700000e+02   0.0000000e+00   7.3949678e-04
   2.6800000e+02   1.0000000e+00   7.3180408e-04
   2.6900000e+02   0.0000000e+00   7.2419113e-04
   2.7000000e+02   0.0000000e+00   7.1665711e-04
   2.7100000e+02   0.0000000e+00   7.0920121e-04
   2.7200000e+02   0.0000000e+00   7.0182264e-04
   2.7300000e+02   0.0000000e+00   6.9452059e-04
   2.7400000e+02   0.0000000e+00   6.8729429e-04
   2.7500000e+02   0.0000000e+00   6.8014294e-04
   2.7600000e+02   0.0000000e+00   6.7306580e-04
   2.7700000e+02   1.0000000e+00   6.6606208e-04
   2.7800000e+02   0.0000000e+00   6.5913104e-04
   2.7900000e+02   0.0000000e+00   6.5227194e-04
   2.8000000e+02   1.0000000e+00   6.4548402e-04
   2.8100000e+02   0.0000000e+00   6.3876656e-04
   2.8200000e+02   0.0000000e+00   6.3211883e-04
   2.8300000e+02   0.0000000e+00   6.2554012e-04
   2.8400000e+02   2.0000000e+00   6.1902971e-04
   2.8500000e+02   0.0000000e+00   6.1258690e-04
   2.8600000e+02   0.0000000e+00   6.0621100e-04
   2.8700000e+02   0.0000000e+00   5.9990131e-04
   2.8800000e+02   0.0000000e+00   5.9365715e-04
   2.8900000e+02   1.0000000e+00   5.8747785e-04
   2.9000000e+02   0.0000000e+00   5.8136274e-04
   2.9100000e+02   0.0000000e+00   5.7531115e-04
   2.9200000e+02   0.0000000e+00   5.6932243e-04
   2.9300000e+02   0.0000000e+00   5.6339593e-04
   2.9400000e+02   0.0000000e+00   5.5753101e-04
   2.9500000e+02   1.0000000e+00   5.5172703e-04
   2.9600000e+02   0.0000000e+00   5.4598337e-04
   2.9700000e+02   0.0000000e+00   5.4029939e-04
   2.9800000e+02   1.0000000e+00   5.3467449e-04
   2.9900000e+02   0.0000000e+00   5.2910805e-04
   3.0000000e+02   0.0000000e+00   5.2359947e-04
   3.0100000e+02   1.0000000e+00   5.1814815e-04
   3.0200000e+02   0.0000000e+00   5.1275349e-04
   3.0300000e+02   0.0000000e+00   5.0741492e-04
   3.0400000e+02   0.0000000e+00   5.0213185e-04
   3.0500000e+02   0.0000000e+00   4.9690371e-04
   3.0600000e+02   1.0000000e+00   4.9172993e-04
   3.0700000e+02   0.0000000e+00   4.8660994e-04
   3.0800000e+02   0.0000000e+00   4.8154320e-04
   3.0900000e+02   0.0000000e+00   4.7652914e-04
   3.1000000e+02   1.0000000e+00   4.7156722e-04
   3.1100000e+02   0.0000000e+00   4.6665691e-04
   3.1200000e+02   0.0000000e+00   4.6179766e-04
   3.1300000e+02   0.0000000e+00   4.5698896e-04
   3.1400000e+02   0.0000000e+00   4.5223027e-04
   3.1500000e+02   0.0000000e+00   4.4752108e-04
   3.1600000e+02   0.0000000e+00   4.4286087e-04
   3.1700000e+02   1.0000000e+00   4.3824914e-04
   3.1800000e+02   1.0000000e+00   4.3368539e-04
   3.1900000e+02   1.0000000e+00   4.2916911e-04
   3.2000000e+02   0.0000000e+00   4.2469982e-04
   3.2100000e+02   0.0000000e+00   4.2027702e-04
   3.2200000e+02   0.0000000e+00   4.1590024e-04
   3.2300000e+02   0.0000000e+00   4.1156900e-04
   3.2400000e+02   0.0000000e+00   4.0728282e-04
   3.2500000e+02   0.0000000e+00   4.0304125e-04
   3.2600000e+02   0.0000000e+00   3.9884380e-04
   3.2700000e+02   1.0000000e+00   3.9469004e-04
   3.2800000e+02   0.0000000e+00   3.9057950e-04
   3.2900000e+02   0.0000000e+00   3.8651173e-04
   3.3000000e+02   1.0000000e+00   3.8248630e-04
   3.3100000e+02   0.0000000e+00   3.7850276e-04
   3.3200000e+02   0.0000000e+00   3.7456068e-04
   3.3300000e+02   1.0000000e+00   3.7065962e-04
   3.3400000e+02   1.0000000e+00   3.6679916e-04
   3.3500000e+02   0.0000000e+00   3.6297889e-04
   3.3600000e+02   0.0000000e+00   3.5919838e-04
   3.3700000e+02   2.0000000e+00   3.5545721e-04
   3.3800000e+02   0.0000000e+00   3.5175499e-04
   3.3900000e+02   0.0000000e+00   3.4809130e-04
   3.4000000e+02   0.0000000e+00   3.4446575e-04
   3.4100000e+02   0.0000000e+00   3.4087794e-04
   3.4200000e+02   0.0000000e+00   3.3732747e-04
   3.4300000e+02   0.0000000e+00   3.3381397e-04
   3.4400000e+02   1.0000000e+00   3.3033704e-04
   3.4500000e+02   1.0000000e+00   3.2689631e-04
   3.4600000e+02   0.0000000e+00   3.2349139e-04
   3.4700000e+02   0.0000000e+00   3.2012193e-04
   3.4800000e+02   0.0000000e+00   3.1678754e-04
   3.4900000e+02   0.0000000e+00   3.1348786e-04
   3.5000000e+02   0.0000000e+00   3.1022254e-04
   3.5100000e+02   0.0000000e+00   3.0699122e-04
   3.5200000e+02   0.0000000e+00   3.0379353e-04
   3.5300000e+02   1.0000000e+00   3.0062915e-04
   3.5400000e+02   0.0000000e+00   2.9749770e-04
   3.5500000e+02   0.0000000e+00   2.9439887e-04
   3.5600000e+02   0.0000000e+00   2.9133229e-04
   3.5700000e+02   0.0000000e+00   2.8829765e-04
   3.5800000e+02   0.0000000e+00   2.8529461e-04
   3.5900000e+02   0.0000000e+00   2.8232283e-04
   3.6000000e+02   0.0000000e+00   2.7938200e-04
   3.6100000e+02   0.0000000e+00   2.7647179e-04
   3.6200000e+02   1.0000000e+00   2.7359188e-04
   3.6300000e+02   0.0000000e+00   2.7074197e-04
   3.6400000e+02   0.0000000e+00   2.6792173e-04
   3.6500000e+02   0.0000000e+00   2.6513085e-04
   3.6600000e+02   0.0000000e+00   2.6236904e-04
   3.6700000e+02   0.0000000e+00   2.5963599e-04
   3.6800000e+02   0.0000000e+00   2.5693141e-04
   3.6900000e+02   0.0000000e+00   2.5425498e-04
   3.7000000e+02   0.0000000e+00   2.5160643e-04
   3.7100000e+02   0.0000000e+00   2.4898546e-04
   3.7200000e+02   0.0000000e+00   2.4639178e-04
   3.7300000e+02   1.0000000e+00   2.4382512e-04
   3.7400000e+02   0.0000000e+00   2.4128519e-04
   3.7500000e+02   0.0000000e+00   2.3877170e-04
   3.7600000e+02   0.0000000e+00   2.3628440e-04
   3.7700000e+02   0.0000000e+00   2.3382300e-04
   3.7800000e+02   0.0000000e+00   2.3138723e-04
   3.7900000e+02   0.0000000e+00   2.2897683e-04
   3.8000000e+02   0.0000000e+00   2.2659153e-04
   3.8100000e+02   0.0000000e+00   2.2423108e-04
   3.8200000e+02   0.0000000e+00   2.2189521e-04
   3.8300000e+02   0.0000000e+00   2.1958367e-04
   3.8400000e+02   0.0000000e+00   2.1729620e-04
   3.8500000e+02   0.0000000e+00   2.1503256e-04
   3.8600000e+02   0.0000000e+00   2.1279250e-04
   3.8700000e+02   0.0000000e+00   2.1057576e-04
   3.8800000e+02   0.0000000e+00   2.0838212e-04
   3.8900000e+02   0.0000000e+00   2.0621132e-04
   3.9000000e+02   0.0000000e+00   2.0406313e-04
   3.9100000e+02   0.0000000e+00   2.0193732e-04
   3.9200000e+02   0.0000000e+00   1.9983365e-04
   3.9300000e+02   0.0000000e+00   1.9775189e-04
   3.9400000e+02   0.0000000e+00   1.9569181e-04
   3.9500000e+02   0.0000000e+00   1.9365319e-04
   3.9600000e+02   0.0000000e+00   1.9163580e-04
   3.9700000e+02   0.0000000e+00   1.8963943e-04
   3.9800000e+02   0.0000000e+00   1.8766385e-04
   3.9900000e+02   0.0000000e+00   1.8570885e-04
   4.0000000e+02   0.0000000e+00   1.8377421e-04
   4.0100000e+02   0.0000000e+00   1.8185973e-04
   4.0200000e+02   0.0000000e+00   1.7996518e-04
   4.0300000e+02   0.0000000e+00   1.7809037e-04
   4.0400000e+02   0.0000000e+00   1.7623509e-04
   4.0500000e+02   0.0000000e+00   1.7439914e-04
   4.0600000e+02   0.0000000e+00   1.7258230e-04
   4.0700000e+02   0.0000000e+00   1.7078440e-04
   4.0800000e+02   1.0000000e+00   1.6900522e-04
   4.0900000e+02   0.0000000e+00   1.6724457e-04
   4.1000000e+02   0.0000000e+00   1.6550227e-04
   4.1100000e+02   0.0000000e+00   1.6377811e-04
   4.1200000e+02   0.0000000e+00   1.6207191e-04
   4.1300000e+02   0.0000000e+00   1.6038349e-04
   4.1400000e+02   0.0000000e+00   1.5871265e-04
   4.1500000e+02   0.0000000e+00   1.5705922e-04
   4.1600000e+02   0.0000000e+00   1.5542301e-04
   4.1700000e+02   0.0000000e+00   1.5380384e-04
   4.1800000e+02   0.0000000e+00   1.5220154e-04
   4.1900000e+02   0.0000000e+00   1.5061594e-04
   4.2000000e+02   0.0000000e+00   1.4904685e-04
   4.2100000e+02   0.0000000e+00   1.4749410e-04
   4.2200000e+02   0.0000000e+00   1.4595753e-04
   4.2300000e+02   1.0000000e+00   1.4443697e-04
   4.2400000e+02   0.0000000e+00   1.4293225e-04
   4.2500000e+02   0.0000000e+00   1.4144320e-04
   4.2600000e+02   0.0000000e+00   1.3996966e-04
   4.2700000e+02   0.0000000e+00   1.3851147e-04
   4.2800000e+02   0.0000000e+00   1.3706847e-04
   4.2900000e+02   0.0000000e+00   1.3564051e-04
   4.3000000e+02   0.0000000e+00   1.3422742e-04
   4.3100000e+02   0.0000000e+00   1.3282905e-04
   4.3200000e+02   0.0000000e+00   1.3144525e-04
   4.3300000e+02   0.0000000e+00   1.3007586e-04
   4.3400000e+02   0.0000000e+00   1.2872074e-04
   4.3500000e+02   0.0000000e+00   1.2737973e-04
   4.3600000e+02   0.0000000e+00   1.2605270e-04
   4.3700000e+02   0.0000000e+00   1.2473949e-04
   4.3800000e+02   0.0000000e+00   1.2343996e-04
   4.3900000e+02   0.0000000e+00   1.2215397e-04
   4.4000000e+02   0.0000000e+00   1.2088137e-04
   4.4100000e+02   0.0000000e+00   1.1962203e-04
   4.4200000e+02   0.0000000e+00   1.1837581e-04
   4.4300000e+02   0.0000000e+00   1.1714257e-04
   4.4400000e+02   0.0000000e+00   1.1592218e-04
   4.4500000e+02   0.0000000e+00   1.1471451e-04
   4.4600000e+02   0.0000000e+00   1.1351941e-04
   4.4700000e+02   0.0000000e+00   1.1233676e-04
   4.4800000e+02   0.0000000e+00   1.1116644e-04
   4.4900000e+02   0.0000000e+00   1.1000830e-04
   4.5000000e+02   0.0000000e+00   1.0886224e-04
   4.5100000e+02   0.0000000e+00   1.0772811e-04
   4.5200000e+02   0.0000000e+00   1.0660579e-04
   4.5300000e+02   0.0000000e+00   1.0549517e-04
   4.5400000e+02   0.0000000e+00   1.0439612e-04
   4.5500000e+02   0.0000000e+00   1.0330851e-04
   4.5600000e+02   0.0000000e+00   1.0223224e-04
   4.5700000e+02   0.0000000e+00   1.0116718e-04
   4.5800000e+02   0.0000000e+00   1.0011322e-04
   4.5900000e+02   0.0000000e+00   9.9070231e-05
   4.6000000e+02   0.0000000e+00   9.8038112e-05
   4.6100000e+02   0.0000000e+00   9.7016745e-05
   4.6200000e+02   0.0000000e+00   9.6006018e-05
   4.6300000e+02   0.0000000e+00   9.5005821e-05
   4.6400000e+02   0.0000000e+00   9.4016043e-05
   4.6500000e+02   0.0000000e+00   9.3036577e-05
   4.6600000e+02   0.0000000e+00   9.2067315e-05
   4.6700000e+02   0.0000000e+00   9.1108150e-05
   4.6800000e+02   0.0000000e+00   9.0158977e-05
   4.6900000e+02   0.0000000e+00   8.9219693e-05
   4.7000000e+02   0.0000000e+00   8.8290195e-05
   4.7100000e+02   0.0000000e+00   8.7370379e-05
   4.7200000e+02   0.0000000e+00   8.6460146e-05
   4.7300000e+02   0.0000000e+00   8.5559396e-05
   4.7400000e+02   0.0000000e+00   8.4668030e-05
   4.7500000e+02   0.0000000e+00   8.3785949e-05
   4.7600000e+02   1.0000000e+00   8.2913059e-05
   4.7700000e+02   0.0000000e+00   8.2049261e-05
   4.7800000e+02   0.0000000e+00   8.1194463e-05
   4.7900000e+02   0.0000000e+00   8.0348570e-05
   4.8000000e+02   0.0000000e+00   7.9511490e-05
   4.8100000e+02   0.0000000e+00   7.8683130e-05
   4.8200000e+02   0.0000000e+00   7.7863400e-05
   4.8300000e+02   0.0000000e+00   7.7052209e-05
   4.8400000e+02   0.0000000e+00   7.6249470e-05
   4.8500000e+02   0.0000000e+00   7.5455093e-05
   4.8600000e+02   0.0000000e+00   7.4668993e-05
   4.8700000e+02   0.0000000e+00   7.3891082e-05
   4.8800000e+02   0.0000000e+00   7.3121275e-05
   4.8900000e+02   0.0000000e+00   7.2359488e-05
   4.9000000e+02   0.0000000e+00   7.1605637e-05
   4.9100000e+02   0.0000000e+00   7.0859640e-05
   4.9200000e+02   0.0000000e+00   7.0121414e-05
   4.9300000e+02   0.0000000e+00   6.9390880e-05
   4.9400000e+02   0.0000000e+00   6.8667956e-05
   4.9500000e+02   0.0000000e+00   6.7952564e-05
   4.9600000e+02   1.0000000e+00   6.7244624e-05
   4.9700000e+02   0.0000000e+00   6.6544060e-05
   4.9800000e+02   0.0000000e+00   6.5850794e-05
   4.9900000e+02   0.0000000e+00   6.5164751e-05
   5.0000000e+02   0.0000000e+00   6.4485855e-05
   5.0100000e+02   0.0000000e+00   6.3814032e-05
   5.0200000e+02   0.0000000e+00   6.3149207e-05
   5.0300000e+02   0.0000000e+00   6.2491309e-05
   5.0400000e+02   0.0000000e+00   6.1840265e-05
   5.0500000e+02   0.0000000e+00   6.1196004e-05
   5.0600000e+02   0.0000000e+00   6.0558454e-05
   5.0700000e+02   0.0000000e+00   5.9927547e-05
   5.0800000e+02   0.0000000e+00   5.9303212e-05
   5.0900000e+02   0.0000000e+00   5.8685382e-05
   5.1000000e+02   0.0000000e+00   5.8073988e-05
   5.1100000e+02   0.0000000e+00   5.7468964e-05
   5.1200000e+02   0.0000000e+00   5.6870243e-05
   5.1300000e+02   0.0000000e+00   5.6277760e-05
   5.1400000e+02   0.0000000e+00   5.5691449e-05
   5.1500000e+02   0.0000000e+00   5.5111246e-05
   5.1600000e+02   0.0000000e+00   5.4537088e-05
   5.1700000e+02   0.0000000e+00   5.3968912e-05
   5.1800000e+02   0.0000000e+00   5.3406655e-05
   5.1900000e+02   0.0000000e+00   5.2850255e-05
   5.2000000e+02   0.0000000e+00   5.2299652e-05
   5.2100000e+02   0.0000000e+00   5.1754786e-05
   5.2200000e+02   0.0000000e+00   5.1215595e-05
   5.2300000e+02   0.0000000e+00   5.0682023e-05
   5.2400000e+02   0.0000000e+00   5.0154009e-05
   5.2500000e+02   0.0000000e+00   4.9631495e-05
   5.2600000e+02   0.0000000e+00   4.9114426e-05
   5.2700000e+02   0.0000000e+00   4.8602743e-05
   5.2800000e+02   0.0000000e+00   4.8096391e-05
   5.2900000e+02   0.0000000e+00   4.7595315e-05
   5.3000000e+02   0.0000000e+00   4.7099458e-05
   5.3100000e+02   0.0000000e+00   4.6608768e-05
   5.3200000e+02   0.0000000e+00   4.6123189e-05
   5.3300000e+02   0.0000000e+00   4.5642670e-05
   5.3400000e+02   0.0000000e+00   4.5167156e-05
   5.3500000e+02   0.0000000e+00   4.4696597e-05
   5.3600000e+02   0.0000000e+00   4.4230940e-05
   5.3700000e+02   0.0000000e+00   4.3770134e-05
   5.3800000e+02   0.0000000e+00   4.3314129e-05
   5.3900000e+02   0.0000000e+00   4.2862874e-05
   5.4000000e+02   0.0000000e+00   4.2416321e-05
   5.4100000e+02   0.0000000e+00   4.1974420e-05
   5.4200000e+02   0.0000000e+00   4.1537123e-05
   5.4300000e+02   0.0000000e+00   4.1104382e-05
   5.4400000e+02   0.0000000e+00   4.0676149e-05
   5.4500000e+02   0.0000000e+00   4.0252377e-05
   5.4600000e+02   0.0000000e+00   3.9833020e-05
   5.4700000e+02   0.0000000e+00   3.9418032e-05
   5.4800000e+02   0.0000000e+00   3.9007368e-05
   5.4900000e+02   0.0000000e+00   3.8600982e-05
   5.5000000e+02   0.0000000e+00   3.8198830e-05
   5.5100000e+02   0.0000000e+00   3.7800867e-05
   5.5200000e+02   0.0000000e+00   3.7407051e-05
   5.5300000e+02   0.0000000e+00   3.7017337e-05
   5.5400000e+02   0.0000000e+00   3.6631684e-05
   5.5500000e+02   0.0000000e+00   3.6250048e-05
   5.5600000e+02   0.0000000e+00   3.5872388e-05
   5.5700000e+02   0.0000000e+00   3.5498663e-05
   5.5800000e+02   0.0000000e+00   3.5128831e-05
   5.5900000e+02   0.0000000e+00   3.4762852e-05
   5.6000000e+02   0.0000000e+00   3.4400686e-05
   5.6100000e+02   0.0000000e+00   3.4042293e-05
   5.6200000e+02   0.0000000e+00   3.3687634e-05
   5.6300000e+02   0.0000000e+00   3.3336670e-05
   5.6400000e+02   0.0000000e+00   3.2989362e-05
   5.6500000e+02   0.0000000e+00   3.2645673e-05
   5.6600000e+02   0.0000000e+00   3.2305564e-05
   5.6700000e+02   0.0000000e+00   3.1968998e-05
   5.6800000e+02   0.0000000e+00   3.1635939e-05
   5.6900000e+02   0.0000000e+00   3.1306350e-05
   5.7000000e+02   0.0000000e+00   3.0980194e-05
   5.7100000e+02   0.0000000e+00   3.0657437e-05
   5.7200000e+02   0.0000000e+00   3.0338042e-05
   5.7300000e+02   0.0000000e+00   3.0021974e-05
   5.7400000e+02   0.0000000e+00   2.9709199e-05
   5.7500000e+02   0.0000000e+00   2.9399683e-05
   5.7600000e+02   0.0000000e+00   2.9093392e-05
   5.7700000e+02   0.0000000e+00   2.8790291e-05
   5.7800000e+02   0.0000000e+00   2.8490348e-05
   5.7900000e+02   0.0000000e+00   2.8193530e-05
   5.8000000e+02   0.0000000e+00   2.7899805e-05
   5.8100000e+02   0.0000000e+00   2.7609139e-05
   5.8200000e+02   0.0000000e+00   2.7321502e-05
   5.8300000e+02   0.0000000e+00   2.7036861e-05
   5.8400000e+02   0.0000000e+00   2.6755186e-05
   5.8500000e+02   0.0000000e+00   2.6476445e-05
   5.8600000e+02   0.0000000e+00   2.6200608e-05
   5.8700000e+02   0.0000000e+00   2.5927645e-05
   5.8800000e+02   0.0000000e+00   2.5657526e-05
   5.8900000e+02   0.0000000e+00   2.5390221e-05
   5.9000000e+02   0.0000000e+00   2.5125700e-05
   5.9100000e+02   0.0000000e+00   2.4863936e-05
   5.9200000e+02   0.0000000e+00   2.4604898e-05
   5.9300000e+02   0.0000000e+00   2.4348560e-05
   5.9400000e+02   0.0000000e+00   2.4094892e-05
   5.9500000e+02   0.0000000e+00   2.3843866e-05
   5.9600000e+02   0.0000000e+00   2.3595456e-05
   5.9700000e+02   0.0000000e+00   2.3349634e-05
   5.9800000e+02   1.0000000e+00   2.3106373e-05
   5.9900000e+02   0.0000000e+00   2.2865646e-05
   6.0000000e+02   0.0000000e+00   2.2627428e-05
   6.0100000e+02   0.0000000e+00   2.2391691e-05
   6.0200000e+02   0.0000000e+00   2.2158410e-05
   6.0300000e+02   0.0000000e+00   2.1927559e-05
   6.0400000e+02   0.0000000e+00   2.1699113e-05
   6.0500000e+02   0.0000000e+00   2.1473048e-05
   6.0600000e+02   0.0000000e+00   2.1249337e-05
   6.0700000e+02   0.0000000e+00   2.1027957e-05
   6.0800000e+02   0.0000000e+00   2.0808884e-05
   6.0900000e+02   0.0000000e+00   2.0592093e-05
   6.1000000e+02   0.0000000e+00   2.0377560e-05
   6.1100000e+02   0.0000000e+00   2.0165263e-05
   6.1200000e+02   0.0000000e+00   1.9955177e-05
   6.1300000e+02   0.0000000e+00   1.9747280e-05
   6.1400000e+02   0.0000000e+00   1.9541549e-05
   6.1500000e+02   0.0000000e+00   1.9337961e-05
   6.1600000e+02   0.0000000e+00   1.9136495e-05
   6.1700000e+02   0.0000000e+00   1.8937127e-05
   6.1800000e+02   0.0000000e+00   1.8739836e-05
   6.1900000e+02   0.0000000e+00   1.8544601e-05
   6.2000000e+02   0.0000000e+00   1.8351399e-05
   6.2100000e+02   0.0000000e+00   1.8160211e-05
   6.2200000e+02   0.0000000e+00   1.7971014e-05
   6.2300000e+02   0.0000000e+00   1.7783788e-05
   6.2400000e+02   0.0000000e+00   1.7598513e-05
   6.2500000e+02   0.0000000e+00   1.7415169e-05
   6.2600000e+02   0.0000000e+00   1.7233734e-05
   6.2700000e+02   0.0000000e+00   1.7054189e-05
   6.2800000e+02   0.0000000e+00   1.6876515e-05
   6.2900000e+02   0.0000000e+00   1.6700693e-05
   6.3000000e+02   0.0000000e+00   1.6526701e-05
   6.3100000e+02   0.0000000e+00   1.6354523e-05
   6.3200000e+02   0.0000000e+00   1.6184138e-05
   6.3300000e+02   0.0000000e+00   1.6015529e-05
   6.3400000e+02   0.0000000e+00   1.5848676e-05
   6.3500000e+02   1.0000000e+00   1.5683561e-05
   6.3600000e+02   0.0000000e+00   1.5520167e-05
   6.3700000e+02   0.0000000e+00   1.5358474e-05
   6.3800000e+02   0.0000000e+00   1.5198467e-05
   6.3900000e+02   0.0000000e+00   1.5040126e-05
   6.4000000e+02   0.0000000e+00   1.4883435e-05
   6.4100000e+02   0.0000000e+00   1.4728376e-05
   6.4200000e+02   0.0000000e+00   1.4574933e-05
   6.4300000e+02   0.0000000e+00   1.4423089e-05
   6.4400000e+02   0.0000000e+00   1.4272826e-05
   6.4500000e+02   0.0000000e+00   1.4124129e-05
   6.4600000e+02   0.0000000e+00   1.3976981e-05
   6.4700000e+02   0.0000000e+00   1.3831366e-05
   6.4800000e+02   0.0000000e+00   1.3687268e-05
   6.4900000e+02   0.0000000e+00   1.3544671e-05
   6.5000000e+02   0.0000000e+00   1.3403560e-05
   6.5100000e+02   0.0000000e+00   1.3263919e-05
   6.5200000e+02   0.0000000e+00   1.3125733e-05
   6.5300000e+02   0.0000000e+00   1.2988986e-05
   6.5400000e+02   0.0000000e+00   1.2853665e-05
   6.5500000e+02   0.0000000e+00   1.2719753e-05
   6.5600000e+02   0.0000000e+00   1.2587236e-05
   6.5700000e+02   0.0000000e+00   1.2456099e-05
   6.5800000e+02   0.0000000e+00   1.2326329e-05
   6.5900000e+02   0.0000000e+00   1.2197911e-05
   6.6000000e+02   0.0000000e+00   1.2070831e-05
   6.6100000e+02   0.0000000e+00   1.1945074e-05
   6.6200000e+02   0.0000000e+00   1.1820628e-05
   6.6300000e+02   0.0000000e+00   1.1697478e-05
   6.6400000e+02   0.0000000e+00   1.1575612e-05
   6.6500000e+02   0.0000000e+00   1.1455015e-05
   6.6600000e+02   0.0000000e+00   1.1335674e-05
   6.6700000e+02   0.0000000e+00   1.1217577e-05
   6.6800000e+02   0.0000000e+00   1.1100710e-05
   6.6900000e+02   0.0000000e+00   1.0985060e-05
   6.7000000e+02   0.0000000e+00   1.0870616e-05
   6.7100000e+02   0.0000000e+00   1.0757364e-05
   6.7200000e+02   0.0000000e+00   1.0645291e-05
   6.7300000e+02   0.0000000e+00   1.0534386e-05
   6.7400000e+02   0.0000000e+00   1.0424637e-05
   6.7500000e+02   0.0000000e+00   1.0316031e-05
   6.7600000e+02   0.0000000e+00   1.0208557e-05
   6.7700000e+02   0.0000000e+00   1.0102202e-05
   6.7800000e+02   0.0000000e+00   9.9969550e-06
   6.7900000e+02   0.0000000e+00   9.8928047e-06
   6.8000000e+02   0.0000000e+00   9.7897395e-06
   6.8100000e+02   0.0000000e+00   9.6877480e-06
   6.8200000e+02   0.0000000e+00   9.5868191e-06
   6.8300000e+02   0.0000000e+00   9.4869417e-06
   6.8400000e+02   0.0000000e+00   9.3881048e-06
   6.8500000e+02   1.0000000e+00   9.2902976e-06
   6.8600000e+02   0.0000000e+00   9.1935095e-06
   6.8700000e+02   0.0000000e+00   9.0977296e-06
   6.8800000e+02   0.0000000e+00   9.0029476e-06
   6.8900000e+02   0.0000000e+00   8.9091531e-06
   6.9000000e+02   0.0000000e+00   8.8163358e-06
   6.9100000e+02   0.0000000e+00   8.7244854e-06
   6.9200000e+02   0.0000000e+00   8.6335920e-06
   6.9300000e+02   0.0000000e+00   8.5436455e-06
   6.9400000e+02   0.0000000e+00   8.4546360e-06
   6.9500000e+02   0.0000000e+00   8.3665539e-06
   6.9600000e+02   0.0000000e+00   8.2793895e-06
   6.9700000e+02   0.0000000e+00   8.1931331e-06
   6.9800000e+02   0.0000000e+00   8.1077754e-06
   6.9900000e+02   0.0000000e+00   8.0233070e-06
   7.0000000e+02   0.0000000e+00   7.9397186e-06
   7.0100000e+02   0.0000000e+00   7.8570010e-06
   7.0200000e+02   0.0000000e+00   7.7751452e-06
   7.0300000e+02   0.0000000e+00   7.6941421e-06
   7.0400000e+02   0.0000000e+00   7.6139830e-06
   7.0500000e+02   0.0000000e+00   7.5346590e-06
   7.0600000e+02   0.0000000e+00   7.4561614e-06
   7.0700000e+02   0.0000000e+00   7.3784816e-06
   7.0800000e+02   0.0000000e+00   7.3016111e-06
   7.0900000e+02   0.0000000e+00   7.2255414e-06
   7.1000000e+02   0.0000000e+00   7.1502643e-06
   7.1100000e+02   0.0000000e+00   7.0757714e-06
   7.1200000e+02   0.0000000e+00   7.0020546e-06
   7.1300000e+02   0.0000000e+00   6.9291058e-06
   7.1400000e+02   0.0000000e+00   6.8569170e-06
   7.1500000e+02   0.0000000e+00   6.7854802e-06
   7.1600000e+02   0.0000000e+00   6.7147877e-06
   7.1700000e+02   0.0000000e+00   6.6448317e-06
   7.1800000e+02   0.0000000e+00   6.5756045e-06
   7.1900000e+02   0.0000000e+00   6.5070985e-06
   7.2000000e+02   0.0000000e+00   6.4393063e-06
   7.2100000e+02   0.0000000e+00   6.3722203e-06
   7.2200000e+02   0.0000000e+00   6.3058332e-06
   7.2300000e+02   0.0000000e+00   6.2401378e-06
   7.2400000e+02   0.0000000e+00   6.1751267e-06
   7.2500000e+02   0.0000000e+00   6.1107930e-06
   7.2600000e+02   0.0000000e+00   6.0471296e-06
   7.2700000e+02   0.0000000e+00   5.9841293e-06
   7.2800000e+02   0.0000000e+00   5.9217855e-06
   7.2900000e+02   0.0000000e+00   5.8600911e-06
   7.3000000e+02   0.0000000e+00   5.7990395e-06
   7.3100000e+02   0.0000000e+00   5.7386239e-06
   7.3200000e+02   0.0000000e+00   5.6788378e-06
   7.3300000e+02   0.0000000e+00   5.6196745e-06
   7.3400000e+02   0.0000000e+00   5.5611276e-06
   7.3500000e+02   0.0000000e+00   5.5031907e-06
   7.3600000e+02   0.0000000e+00   5.4458573e-06
   7.3700000e+02   0.0000000e+00   5.3891213e-06
   7.3800000e+02   0.0000000e+00   5.3329763e-06
   7.3900000e+02   0.0000000e+00   5.2774163e-06
   7.4000000e+02   0.0000000e+00   5.2224351e-06
   7.4100000e+02   0.0000000e+00   5.1680267e-06
   7.4200000e+02   0.0000000e+00   5.1141852e-06
   7.4300000e+02   0.0000000e+00   5.0609046e-06
   7.4400000e+02   0.0000000e+00   5.0081791e-06
   7.4500000e+02   0.0000000e+00   4.9560028e-06
   7.4600000e+02   0.0000000e+00   4.9043702e-06
   7.4700000e+02   0.0000000e+00   4.8532755e-06
   7.4800000e+02   0.0000000e+00   4.8027131e-06
   7.4900000e+02   0.0000000e+00   4.7526774e-06
   7.5000000e+02   0.0000000e+00   4.7031631e-06
   7.5100000e+02   0.0000000e+00   4.6541646e-06
   7.5200000e+02   0.0000000e+00   4.6056766e-06
   7.5300000e+02   0.0000000e+00   4.5576937e-06
   7.5400000e+02   0.0000000e+00   4.5102107e-06
   7.5500000e+02   0.0000000e+00   4.4632224e-06
   7.5600000e+02   0.0000000e+00   4.4167237e-06
   7.5700000e+02   0.0000000e+00   4.3707094e-06
   7.5800000e+02   0.0000000e+00   4.3251744e-06
   7.5900000e+02   0.0000000e+00   4.2801139e-06
   7.6000000e+02   0.0000000e+00   4.2355228e-06
   7.6100000e+02   0.0000000e+00   4.1913963e-06
   7.6200000e+02   0.0000000e+00   4.1477295e-06
   7.6300000e+02   0.0000000e+00   4.1045176e-06
   7.6400000e+02   0.0000000e+00   4.0617559e-06
   7.6500000e+02   0.0000000e+00   4.0194397e-06
   7.6600000e+02   0.0000000e+00   3.9775644e-06
   7.6700000e+02   0.0000000e+00   3.9361253e-06
   7.6800000e+02   0.0000000e+00   3.8951179e-06
   7.6900000e+02   0.0000000e+00   3.8545378e-06
   7.7000000e+02   0.0000000e+00   3.8143805e-06
   7.7100000e+02   0.0000000e+00   3.7746415e-06
   7.7200000e+02   0.0000000e+00   3.7353165e-06
   7.7300000e+02   0.0000000e+00   3.6964012e-06
   7.7400000e+02   0.0000000e+00   3.6578914e-06
   7.7500000e+02   0.0000000e+00   3.6197827e-06
   7.7600000e+02   0.0000000e+00   3.5820711e-06
   7.7700000e+02   1.0000000e+00   3.5447523e-06
